#! FIELDS time sin_phi cos_phi sin_psi cos_psi phi psi cos_phi sin_phi cos_psi sin_psi restraint_phi_cos.bias restraint_phi_cos.force2 restraint_phi_cos.cos_phi_cntr restraint_phi_cos.cos_phi_work restraint_phi_cos.cos_phi_kappa restraint_phi_cos.work restraint_phi_sin.bias restraint_phi_sin.force2 restraint_phi_sin.sin_phi_cntr restraint_phi_sin.sin_phi_work restraint_phi_sin.sin_phi_kappa restraint_phi_sin.work restraint_psi_cos.bias restraint_psi_cos.force2 restraint_psi_cos.cos_psi_cntr restraint_psi_cos.cos_psi_work restraint_psi_cos.cos_psi_kappa restraint_psi_cos.work restraint_psi_sin.bias restraint_psi_sin.force2 restraint_psi_sin.sin_psi_cntr restraint_psi_sin.sin_psi_work restraint_psi_sin.sin_psi_kappa restraint_psi_sin.work
#! SET min_phi -pi
#! SET max_phi pi
#! SET min_psi -pi
#! SET max_psi pi
 0.000000 -0.999983 -0.005782 0.966116 0.258110 -1.576579 1.309731 -0.005782 -0.999983 0.258110 0.966116 0.000000 0.000000 -0.009747 0.000000 0.000000 0.000000 0.000000 0.000000 -0.999953 0.000000 0.000000 0.000000 0.000000 0.000000 0.256142 0.000000 0.000000 0.000000 0.000000 0.000000 0.966639 0.000000 0.000000 0.000000
 0.200000 -1.000000 -0.000266 0.834655 0.550773 -1.571062 0.987506 -0.000266 -1.000000 0.550773 0.834655 0.000899 0.035954 -0.009747 0.429322 20.000000 0.429322 0.000000 0.000001 -0.999953 0.008204 20.000000 0.008204 0.868072 34.722866 0.256142 0.437494 20.000000 0.437494 0.174198 6.967905 0.966639 0.079186 20.000000 0.079186
 0.400000 -0.998238 0.059333 0.982968 0.183778 -1.511428 1.385968 0.059333 -0.998238 0.183778 0.982968 0.095441 7.635246 -0.009747 0.576151 40.000000 0.576151 0.000059 0.004702 -0.999953 0.009175 40.000000 0.009175 0.104733 8.378618 0.256142 0.652620 40.000000 0.652620 0.005333 0.426605 0.966639 0.103852 40.000000 0.103852
 0.600000 -0.997905 0.064690 0.969721 0.244216 -1.506061 1.324085 0.064690 -0.997905 0.244216 0.969721 0.166224 19.946879 -0.009747 0.652738 60.000000 0.652738 0.000126 0.015086 -0.999953 0.009549 60.000000 0.009549 0.004267 0.512080 0.256142 0.812949 60.000000 0.812949 0.000285 0.034192 0.966639 0.126978 60.000000 0.126978
 0.800000 -0.999998 0.001894 0.948099 0.317975 -1.568902 1.247203 0.001894 -0.999998 0.317975 0.948099 0.005420 0.867200 -0.009747 0.745440 80.000000 0.745440 0.000000 0.000013 -0.999953 0.009931 80.000000 0.009931 0.152931 24.469032 0.256142 0.870396 80.000000 0.870396 0.013749 2.199883 0.966639 0.131256 80.000000 0.131256
 1.000000 -0.997905 -0.064690 0.983714 0.179740 -1.635531 1.390074 -0.064690 -0.997905 0.179740 0.983714 0.150938 30.187619 -0.009747 0.830208 100.000000 0.830208 0.000210 0.041905 -0.999953 0.010215 100.000000 0.010215 0.291867 58.373466 0.256142 0.906296 100.000000 0.906296 0.014578 2.915595 0.966639 0.133900 100.000000 0.133900
 1.200000 -0.998628 0.052357 0.985226 0.171262 -1.518415 1.398686 0.052357 -0.998628 0.171262 0.985226 0.231412 55.538994 -0.009747 0.926095 120.000000 0.926095 0.000105 0.025246 -0.999953 0.010633 120.000000 0.010633 0.432282 103.747643 0.256142 0.992025 120.000000 0.992025 0.020727 4.974582 0.966639 0.141240 120.000000 0.141240
 1.400000 -0.999098 0.042471 0.979939 0.199299 -1.528313 1.370154 0.042471 -0.999098 0.199299 0.979939 0.190866 53.442499 -0.009747 0.960898 140.000000 0.960898 0.000051 0.014321 -0.999953 0.010712 140.000000 0.010712 0.226180 63.330420 0.256142 1.092945 140.000000 1.092945 0.012382 3.466844 0.966639 0.149518 140.000000 0.149518
 1.600000 -0.999952 0.009779 0.961528 0.274706 -1.561018 1.292512 0.009779 -0.999952 0.274706 0.961528 0.030498 9.759450 -0.009747 1.007093 160.000000 1.007093 0.000000 0.000000 -0.999953 0.010845 160.000000 0.010845 0.027570 8.822428 0.256142 1.162447 160.000000 1.162447 0.002090 0.668714 0.966639 0.156254 160.000000 0.156254
 1.800000 -0.999816 -0.019191 0.970209 0.242271 -1.589988 1.326090 -0.019191 -0.999816 0.242271 0.970209 0.008027 2.889774 -0.009747 1.051966 180.000000 1.051966 0.000002 0.000605 -0.999953 0.010933 180.000000 0.010933 0.017316 6.233938 0.256142 1.193883 180.000000 1.193883 0.001147 0.412811 0.966639 0.158912 180.000000 0.158912
 2.000000 -0.987451 0.157923 0.943128 0.332430 -1.412209 1.231917 0.157923 -0.987451 0.332430 0.943128 2.811311 1124.524500 -0.009747 1.081900 200.000000 1.081900 0.015628 6.251093 -0.999953 0.011013 200.000000 0.011013 0.581986 232.794469 0.256142 1.219741 200.000000 1.219741 0.055278 22.111200 0.966639 0.161373 200.000000 0.161373
 2.200000 -0.999995 -0.003143 0.923688 0.383145 -1.573939 1.177598 -0.003143 -0.999995 0.383145 0.923688 0.710801 284.320386 -0.087452 1.391419 200.000000 1.391419 0.285224 114.089773 -0.946589 0.252508 200.000000 0.252508 2.136200 854.479940 0.236987 1.273329 200.000000 1.273329 0.023224 9.289565 0.908449 0.454274 200.000000 0.454274
 2.400000 -0.989533 -0.144306 0.934840 0.355068 -1.715608 1.207809 -0.144306 -0.989533 0.355068 0.934840 0.043475 17.390197 -0.165157 1.819086 200.000000 1.819086 0.927528 371.011341 -0.893225 1.041413 200.000000 1.041413 1.883374 753.349480 0.217832 1.383615 200.000000 1.383615 0.715404 286.161763 0.850259 1.428452 200.000000 1.428452
 2.600000 -0.928934 -0.370246 0.894427 0.447214 -1.950070 1.107149 -0.370246 -0.928934 0.447214 0.894427 1.622661 649.064376 -0.242862 1.781112 200.000000 1.781112 0.793397 317.358626 -0.839861 2.202249 200.000000 2.202249 6.177049 2470.819626 0.198677 1.516820 200.000000 1.516820 1.047725 419.090127 0.792069 3.119622 200.000000 3.119622
 2.800000 -0.951459 -0.307777 0.947369 0.320142 -1.883652 1.244917 -0.307777 -0.951459 0.320142 0.947369 0.016360 6.544130 -0.320567 1.282261 200.000000 1.282261 2.721230 1088.491904 -0.786497 3.641082 200.000000 3.641082 1.977417 790.966660 0.179522 1.690863 200.000000 1.690863 4.557832 1823.133000 0.733879 5.507051 200.000000 5.507051
 3.000000 -0.875997 -0.482316 0.972973 0.230918 -2.074093 1.337776 -0.482316 -0.875997 0.230918 0.972973 0.706328 282.531067 -0.398273 0.798803 200.000000 0.798803 2.041013 816.405390 -0.733133 5.335021 200.000000 5.335021 0.497745 199.097925 0.160367 1.925812 200.000000 1.925812 8.837824 3535.129659 0.675689 8.588072 200.000000 8.588072
 3.200000 -0.861060 -0.508503 0.997829 0.065865 -2.104242 1.504883 -0.508503 -0.861060 0.065865 0.997829 0.105790 42.316155 -0.475978 -0.333589 200.000000 -0.333589 3.286628 1314.651103 -0.679769 6.944764 200.000000 6.944764 0.567701 227.080342 0.141211 2.256904 200.000000 2.256904 14.465097 5786.038941 0.617498 12.338549 200.000000 12.338549
 3.400000 -0.804890 -0.593424 0.987742 0.156097 -2.206102 1.414059 -0.593424 -0.804890 0.156097 0.987742 0.157932 63.172602 -0.553683 -1.842532 200.000000 -1.842532 3.185677 1274.270639 -0.626406 8.395181 200.000000 8.395181 0.115876 46.350598 0.122056 2.581178 200.000000 2.581178 18.355521 7342.208256 0.559308 16.820399 200.000000 16.820399
 3.600000 -0.736218 -0.676744 0.970832 0.239762 -2.314127 1.328675 -0.676744 -0.736218 0.239762 0.970832 0.205714 82.285560 -0.631388 -3.347866 200.000000 -3.347866 2.662661 1065.064324 -0.573042 9.705380 200.000000 9.705380 1.873104 749.241617 0.102901 3.024999 200.000000 3.024999 22.063065 8825.226152 0.501118 21.958389 200.000000 21.958389
 3.800000 -0.692284 -0.721625 0.966076 0.258257 -2.376944 1.309579 -0.721625 -0.692284 0.258257 0.966076 0.015704 6.281789 -0.709094 -4.831666 200.000000 -4.831666 2.979280 1191.711809 -0.519678 10.720304 200.000000 10.720304 3.045412 1218.164922 0.083746 3.259628 200.000000 3.259628 27.368399 10947.359422 0.442928 27.939223 200.000000 27.939223
 4.000000 -0.534444 -0.845204 0.992343 0.123515 -2.577743 1.446966 -0.845204 -0.534444 0.123515 0.992343 0.341114 136.445497 -0.786799 -6.072796 200.000000 -6.072796 0.464171 185.668462 -0.466314 11.421390 200.000000 11.421390 0.347202 138.880771 0.064591 3.532217 200.000000 3.532217 36.918354 14767.341623 0.384738 34.614206 200.000000 34.614206
 4.200000 -0.450343 -0.892855 0.999449 -0.033202 -2.674443 1.604004 -0.892855 -0.450343 -0.033202 0.999449 0.080380 32.152079 -0.864504 -6.683427 200.000000 -6.683427 0.139824 55.929751 -0.412950 12.061269 200.000000 12.061269 0.618382 247.352871 0.045436 3.937457 200.000000 3.937457 45.279545 18111.817872 0.326548 41.925724 200.000000 41.925724
 4.400000 -0.410331 -0.911937 0.981717 0.190346 -2.718776 1.379282 -0.911937 -0.410331 0.190346 0.981717 0.031825 12.730166 -0.929776 -6.820565 200.000000 -6.820565 0.178136 71.254262 -0.368125 12.297129 200.000000 12.297129 2.691737 1076.694808 0.026280 4.206680 200.000000 4.206680 50.888159 20355.263634 0.268358 49.989680 200.000000 49.989680
 4.600000 -0.296126 -0.955149 0.983657 -0.180054 -2.840959 1.751838 -0.955149 -0.296126 -0.180054 0.983657 0.064376 25.750527 -0.929776 -6.820565 200.000000 -6.820565 0.518383 207.353329 -0.368125 12.297129 200.000000 12.297129 3.503618 1401.447123 0.007125 3.970419 200.000000 3.970419 59.828520 23931.407912 0.210168 58.742173 200.000000 58.742173
 4.800000 -0.381986 -0.924168 0.999619 -0.027618 -2.749649 1.598418 -0.924168 -0.381986 -0.027618 0.999619 0.003145 1.258128 -0.929776 -6.820565 200.000000 -6.820565 0.019214 7.685429 -0.368125 12.297129 200.000000 12.297129 0.024299 9.719404 -0.012030 3.701730 200.000000 3.701730 71.849521 28739.808533 0.151978 68.205046 200.000000 68.205046
 5.000000 -0.384907 -0.922955 0.811524 -0.584319 -2.746486 2.194837 -0.922955 -0.384907 -0.584319 0.811524 0.004653 1.861081 -0.929776 -6.820565 200.000000 -6.820565 0.028165 11.265859 -0.368125 12.297129 200.000000 12.297129 30.595719 12238.287578 -0.031185 2.717370 200.000000 2.717370 51.514569 20605.827709 0.093787 77.683736 200.000000 77.683736
 5.200000 -0.397128 -0.917763 0.507566 -0.861613 -2.733207 2.609235 -0.917763 -0.397128 -0.861613 0.507566 0.014432 5.772673 -0.929776 -6.820565 200.000000 -6.820565 0.084119 33.647681 -0.368125 12.297129 200.000000 12.297129 65.816301 26326.520560 -0.050340 0.055126 200.000000 0.055126 22.275455 8910.182157 0.035597 84.679827 200.000000 84.679827
 5.400000 -0.282359 -0.959309 0.158532 -0.987354 -2.855341 2.982389 -0.959309 -0.282359 -0.987354 0.158532 0.087216 34.886453 -0.929776 -6.820565 200.000000 -6.820565 0.735576 294.230418 -0.368125 12.297129 200.000000 12.297129 84.246390 33698.556047 -0.069495 -3.373957 200.000000 -3.373957 3.280626 1312.250216 -0.022593 87.600320 200.000000 87.600320
 5.600000 -0.311708 -0.950178 -0.510106 -0.860111 -2.824603 -2.606284 -0.950178 -0.311708 -0.860111 -0.510106 0.041622 16.648803 -0.929776 -6.820565 200.000000 -6.820565 0.318283 127.313313 -0.368125 12.297129 200.000000 12.297129 59.515172 23806.068601 -0.088651 -6.665277 200.000000 -6.665277 18.431856 7372.742520 -0.080783 85.054873 200.000000 85.054873
 5.800000 -0.421053 -0.907036 -0.550768 -0.834659 -2.706986 -2.558309 -0.907036 -0.421053 -0.834659 -0.550768 0.051713 20.685329 -0.929776 -6.820565 200.000000 -6.820565 0.280145 112.057862 -0.368125 12.297129 200.000000 12.297129 52.831488 21132.595306 -0.107806 -9.308499 200.000000 -9.308499 16.957497 6782.998614 -0.138973 79.248208 200.000000 79.248208
 6.000000 -0.356806 -0.934178 -0.813495 -0.581572 -2.776746 -2.191456 -0.934178 -0.356806 -0.581572 -0.813495 0.001938 0.775102 -0.929776 -6.820565 200.000000 -6.820565 0.012811 5.124324 -0.368125 12.297129 200.000000 12.297129 20.667078 8266.831301 -0.126961 -11.496669 200.000000 -11.496669 37.986537 15194.614788 -0.197163 72.884453 200.000000 72.884453
 6.200000 -0.476454 -0.879200 -0.841280 -0.540599 -2.644976 -2.141945 -0.879200 -0.476454 -0.540599 -0.841280 0.255802 102.320621 -0.929776 -6.820565 200.000000 -6.820565 1.173517 469.406649 -0.368125 12.297129 200.000000 12.297129 15.561674 6224.669624 -0.146116 -13.144275 200.000000 -13.144275 34.331072 13732.428653 -0.255353 65.962106 200.000000 65.962106
 6.400000 -0.425851 -0.904793 -0.906258 -0.422725 -2.701690 -2.007247 -0.904793 -0.425851 -0.422725 -0.906258 0.062416 24.966451 -0.929776 -6.820565 200.000000 -6.820565 0.333235 133.294096 -0.368125 12.297129 200.000000 12.297129 6.628263 2651.305169 -0.165271 -14.663129 200.000000 -14.663129 35.131052 14052.420630 -0.313543 59.643925 200.000000 59.643925
 6.600000 -0.402076 -0.915606 -0.896413 -0.443220 -2.727810 -2.029983 -0.915606 -0.402076 -0.443220 -0.896413 0.020079 8.031739 -0.929776 -6.820565 200.000000 -6.820565 0.115270 46.107858 -0.368125 12.297129 200.000000 12.297129 6.697384 2678.953558 -0.184426 -15.924606 200.000000 -15.924606 27.528882 11011.552760 -0.371733 53.614459 200.000000 53.614459
 6.800000 -0.359292 -0.933225 -0.856347 -0.516402 -2.774084 -2.113440 -0.933225 -0.359292 -0.516402 -0.856347 0.001189 0.475750 -0.929776 -6.820565 200.000000 -6.820565 0.007802 3.120609 -0.368125 12.297129 200.000000 12.297129 9.785633 3914.253362 -0.203582 -16.934798 200.000000 -16.934798 18.183661 7273.464412 -0.429923 47.962624 200.000000 47.962624
 7.000000 -0.331645 -0.943404 -0.828783 -0.559570 -2.803546 -2.164664 -0.943404 -0.331645 -0.559570 -0.828783 0.018572 7.428696 -0.929776 -6.820565 200.000000 -6.820565 0.133077 53.230681 -0.368125 12.297129 200.000000 12.297129 11.345691 4538.276439 -0.222737 -17.895466 200.000000 -17.895466 11.605549 4642.219783 -0.488114 43.018615 200.000000 43.018615
 7.200000 -0.345292 -0.938495 -0.860082 -0.510157 -2.789043 -2.106163 -0.938495 -0.345292 -0.510157 -0.860082 0.007602 3.040690 -0.929776 -6.820565 200.000000 -6.820565 0.052132 20.852864 -0.368125 12.297129 200.000000 12.297129 7.196589 2878.635624 -0.241892 -18.603107 200.000000 -18.603107 9.845654 3938.261669 -0.546304 38.521891 200.000000 38.521891
 7.400000 -0.414620 -0.909995 -0.912767 -0.408480 -2.714067 -1.991585 -0.909995 -0.414620 -0.408480 -0.912767 0.039133 15.653015 -0.929776 -6.820565 200.000000 -6.820565 0.216185 86.473926 -0.368125 12.297129 200.000000 12.297129 2.173658 869.463362 -0.261047 -19.260907 200.000000 -19.260907 9.503240 3801.296117 -0.604494 34.702561 200.000000 34.702561
 7.600000 -0.398762 -0.917055 -0.899607 -0.436701 -2.731427 -2.022725 -0.917055 -0.398762 -0.436701 -0.899607 0.016185 6.473819 -0.929776 -6.820565 200.000000 -6.820565 0.093863 37.545088 -0.368125 12.297129 200.000000 12.297129 2.449188 979.675150 -0.280202 -19.825304 200.000000 -19.825304 5.613239 2245.295432 -0.662684 31.516356 200.000000 31.516356
 7.800000 -0.414791 -0.909917 -0.855930 -0.517092 -2.713879 -2.114246 -0.909917 -0.414791 -0.517092 -0.855930 0.039442 15.776755 -0.929776 -6.820565 200.000000 -6.820565 0.217780 87.112012 -0.368125 12.297129 200.000000 12.297129 4.740838 1896.335380 -0.299357 -20.192683 200.000000 -20.192683 1.824005 729.601891 -0.720874 28.855336 200.000000 28.855336
 8.000000 -0.405273 -0.914196 -0.935754 -0.352653 -2.724315 -1.931201 -0.914196 -0.405273 -0.352653 -0.935754 0.024276 9.710466 -0.929776 -6.820565 200.000000 -6.820565 0.138001 55.200515 -0.368125 12.297129 200.000000 12.297129 0.116557 46.622871 -0.318513 -20.573770 200.000000 -20.573770 2.455176 982.070289 -0.779064 26.984832 200.000000 26.984832
 8.200000 -0.355997 -0.934487 -0.920712 -0.390244 -2.777612 -1.971693 -0.934487 -0.355997 -0.390244 -0.920712 0.002219 0.887545 -0.929776 -6.820565 200.000000 -6.820565 0.014707 5.882764 -0.368125 12.297129 200.000000 12.297129 0.276424 110.569746 -0.337668 -20.764067 200.000000 -20.764067 0.696512 278.604808 -0.837254 25.631874 200.000000 25.631874
 8.400000 -0.383490 -0.923545 -0.966799 -0.255539 -2.748021 -1.829201 -0.923545 -0.383490 -0.255539 -0.966799 0.003883 1.553175 -0.929776 -6.820565 200.000000 -6.820565 0.023609 9.443479 -0.368125 12.297129 200.000000 12.297129 1.025852 410.340878 -0.356823 -20.880250 200.000000 -20.880250 0.509147 203.658698 -0.895444 24.981913 200.000000 24.981913
 8.600000 -0.396778 -0.917915 -0.950501 -0.310723 -2.733589 -1.886750 -0.917915 -0.396778 -0.310723 -0.950501 0.014070 5.628152 -0.929776 -6.820565 200.000000 -6.820565 0.082102 32.840700 -0.368125 12.297129 200.000000 12.297129 0.329496 131.798271 -0.368125 -21.006942 200.000000 -21.006942 0.042949 17.179492 -0.929776 25.028423 200.000000 25.028423
 8.800000 -0.328432 -0.944528 -0.939486 -0.342587 -2.806950 -1.920465 -0.944528 -0.328432 -0.342587 -0.939486 0.021760 8.703813 -0.929776 -6.820565 200.000000 -6.820565 0.157549 63.019768 -0.368125 12.297129 200.000000 12.297129 0.065217 26.086952 -0.368125 -21.006942 200.000000 -21.006942 0.009428 3.771110 -0.929776 25.028423 200.000000 25.028423
 9.000000 -0.305048 -0.952337 -0.941209 -0.337825 -2.831604 -1.915401 -0.952337 -0.305048 -0.337825 -0.941209 0.050897 20.358862 -0.929776 -6.820565 200.000000 -6.820565 0.397861 159.144592 -0.368125 12.297129 200.000000 12.297129 0.091808 36.723331 -0.368125 -21.006942 200.000000 -21.006942 0.013070 5.228151 -0.929776 25.028423 200.000000 25.028423
 9.200000 -0.380192 -0.924908 -0.928780 -0.370632 -2.751589 -1.950486 -0.924908 -0.380192 -0.370632 -0.928780 0.002371 0.948206 -0.929776 -6.820565 200.000000 -6.820565 0.014562 5.824679 -0.368125 12.297129 200.000000 12.297129 0.000629 0.251536 -0.368125 -21.006942 200.000000 -21.006942 0.000099 0.039742 -0.929776 25.028423 200.000000 25.028423
 9.400000 -0.323313 -0.946292 -0.921048 -0.389449 -2.812364 -1.970830 -0.946292 -0.323313 -0.389449 -0.921048 0.027276 10.910546 -0.929776 -6.820565 200.000000 -6.820565 0.200807 80.322614 -0.368125 12.297129 200.000000 12.297129 0.045475 18.190095 -0.368125 -21.006942 200.000000 -21.006942 0.007619 3.047577 -0.929776 25.028423 200.000000 25.028423
 9.600000 -0.378873 -0.925449 -0.941488 -0.337048 -2.753015 -1.914576 -0.925449 -0.378873 -0.337048 -0.941488 0.001873 0.749158 -0.929776 -6.820565 200.000000 -6.820565 0.011552 4.620922 -0.368125 12.297129 200.000000 12.297129 0.096577 38.630986 -0.368125 -21.006942 200.000000 -21.006942 0.013715 5.486002 -0.929776 25.028423 200.000000 25.028423
 9.800000 -0.353603 -0.935396 -0.961379 -0.275230 -2.780172 -1.849625 -0.935396 -0.353603 -0.275230 -0.961379 0.003157 1.262949 -0.929776 -6.820565 200.000000 -6.820565 0.021087 8.434840 -0.368125 12.297129 200.000000 12.297129 0.862947 345.178693 -0.368125 -21.006942 200.000000 -21.006942 0.099869 39.947534 -0.929776 25.028423 200.000000 25.028423
 10.000000 -0.359863 -0.933005 -0.950895 -0.309513 -2.773472 -1.885477 -0.933005 -0.359863 -0.309513 -0.950895 0.001043 0.417010 -0.929776 -6.820565 200.000000 -6.820565 0.006826 2.730377 -0.368125 12.297129 200.000000 12.297129 0.343533 137.413110 -0.368125 -21.006942 200.000000 -21.006942 0.044600 17.840086 -0.929776 25.028423 200.000000 25.028423
 10.200000 -0.337286 -0.941402 -0.882870 -0.469617 -2.797560 -2.059654 -0.941402 -0.337286 -0.469617 -0.882870 0.013515 5.406198 -0.929776 -6.820565 200.000000 -6.820565 0.095099 38.039788 -0.368125 12.297129 200.000000 12.297129 1.030081 412.032420 -0.368125 -21.006942 200.000000 -21.006942 0.220022 88.008730 -0.929776 25.028423 200.000000 25.028423
 10.400000 -0.400252 -0.916405 -0.911944 -0.410314 -2.729800 -1.993594 -0.916405 -0.400252 -0.410314 -0.911944 0.017880 7.151900 -0.929776 -6.820565 200.000000 -6.820565 0.103219 41.287789 -0.368125 12.297129 200.000000 12.297129 0.177992 71.196917 -0.368125 -21.006942 200.000000 -21.006942 0.031798 12.719261 -0.929776 25.028423 200.000000 25.028423
 10.600000 -0.338378 -0.941010 -0.931874 -0.362783 -2.796400 -1.942049 -0.941010 -0.338378 -0.362783 -0.931874 0.012620 5.047943 -0.929776 -6.820565 200.000000 -6.820565 0.088486 35.394492 -0.368125 12.297129 200.000000 12.297129 0.002853 1.141173 -0.368125 -21.006942 200.000000 -21.006942 0.000440 0.175906 -0.929776 25.028423 200.000000 25.028423
 10.800000 -0.426635 -0.904424 -0.883973 -0.467537 -2.700824 -2.057299 -0.904424 -0.426635 -0.467537 -0.883973 0.064275 25.710115 -0.929776 -6.820565 200.000000 -6.820565 0.342347 136.938678 -0.368125 12.297129 200.000000 12.297129 0.988285 395.314173 -0.368125 -21.006942 200.000000 -21.006942 0.209792 83.916722 -0.929776 25.028423 200.000000 25.028423
 11.000000 -0.409916 -0.912123 -0.923238 -0.384229 -2.719231 -1.965169 -0.912123 -0.409916 -0.384229 -0.923238 0.031163 12.465377 -0.929776 -6.820565 200.000000 -6.820565 0.174652 69.860719 -0.368125 12.297129 200.000000 12.297129 0.025935 10.374152 -0.368125 -21.006942 200.000000 -21.006942 0.004275 1.710169 -0.929776 25.028423 200.000000 25.028423
 11.200000 -0.361182 -0.932495 -0.924690 -0.380721 -2.772057 -1.961373 -0.932495 -0.361182 -0.380721 -0.924690 0.000739 0.295645 -0.929776 -6.820565 200.000000 -6.820565 0.004819 1.927685 -0.368125 12.297129 200.000000 12.297129 0.015868 6.347147 -0.368125 -21.006942 200.000000 -21.006942 0.002587 1.034965 -0.929776 25.028423 200.000000 25.028423
 11.400000 -0.330779 -0.943708 -0.936083 -0.351779 -2.804464 -1.930267 -0.943708 -0.330779 -0.351779 -0.936083 0.019409 7.763744 -0.929776 -6.820565 200.000000 -6.820565 0.139469 55.787512 -0.368125 12.297129 200.000000 12.297129 0.026719 10.687411 -0.368125 -21.006942 200.000000 -21.006942 0.003977 1.590973 -0.929776 25.028423 200.000000 25.028423
 11.600000 -0.394954 -0.918701 -0.952709 -0.303885 -2.735575 -1.879564 -0.918701 -0.394954 -0.303885 -0.952709 0.012266 4.906570 -0.929776 -6.820565 200.000000 -6.820565 0.071979 28.791773 -0.368125 12.297129 200.000000 12.297129 0.412674 165.069503 -0.368125 -21.006942 200.000000 -21.006942 0.052589 21.035575 -0.929776 25.028423 200.000000 25.028423
 11.800000 -0.358794 -0.933417 -0.896248 -0.443554 -2.774617 -2.030357 -0.933417 -0.358794 -0.443554 -0.896248 0.001325 0.530100 -0.929776 -6.820565 200.000000 -6.820565 0.008706 3.482589 -0.368125 12.297129 200.000000 12.297129 0.568962 227.584775 -0.368125 -21.006942 200.000000 -21.006942 0.112419 44.967472 -0.929776 25.028423 200.000000 25.028423
 12.000000 -0.417566 -0.908647 -0.904022 -0.427486 -2.710828 -2.012506 -0.908647 -0.417566 -0.427486 -0.904022 0.044647 17.858814 -0.929776 -6.820565 200.000000 -6.820565 0.244445 97.777877 -0.368125 12.297129 200.000000 12.297129 0.352376 140.950253 -0.368125 -21.006942 200.000000 -21.006942 0.066329 26.531600 -0.929776 25.028423 200.000000 25.028423
 12.200000 -0.374863 -0.927080 -0.938300 -0.345823 -2.757344 -1.923912 -0.927080 -0.374863 -0.345823 -0.938300 0.000727 0.290785 -0.929776 -6.820565 200.000000 -6.820565 0.004541 1.816209 -0.368125 12.297129 200.000000 12.297129 0.049737 19.894841 -0.368125 -21.006942 200.000000 -21.006942 0.007265 2.905919 -0.929776 25.028423 200.000000 25.028423
 12.400000 -0.325312 -0.945607 -0.844616 -0.535373 -2.810252 -2.135745 -0.945607 -0.325312 -0.535373 -0.844616 0.025060 10.024092 -0.929776 -6.820565 200.000000 -6.820565 0.183296 73.318290 -0.368125 12.297129 200.000000 12.297129 2.797195 1118.878087 -0.368125 -21.006942 200.000000 -21.006942 0.725232 290.092920 -0.929776 25.028423 200.000000 25.028423
 12.600000 -0.432300 -0.901730 -0.894430 -0.447207 -2.694551 -2.034437 -0.901730 -0.432300 -0.447207 -0.894430 0.078662 31.464615 -0.929776 -6.820565 200.000000 -6.820565 0.411849 164.739752 -0.368125 12.297129 200.000000 12.297129 0.625410 250.164039 -0.368125 -21.006942 200.000000 -21.006942 0.124935 49.974184 -0.929776 25.028423 200.000000 25.028423
 12.800000 -0.439556 -0.898215 -0.901632 -0.432504 -2.686489 -2.018064 -0.898215 -0.439556 -0.432504 -0.901632 0.099611 39.844369 -0.929776 -6.820565 200.000000 -6.820565 0.510242 204.096894 -0.368125 12.297129 200.000000 12.297129 0.414465 165.786010 -0.368125 -21.006942 200.000000 -21.006942 0.079210 31.683922 -0.929776 25.028423 200.000000 25.028423
 13.000000 -0.368160 -0.929762 -0.932249 -0.361817 -2.764563 -1.941012 -0.929762 -0.368160 -0.361817 -0.932249 0.000000 0.000008 -0.929776 -6.820565 200.000000 -6.820565 0.000000 0.000052 -0.368125 12.297129 200.000000 12.297129 0.003979 1.591633 -0.368125 -21.006942 200.000000 -21.006942 0.000611 0.244595 -0.929776 25.028423 200.000000 25.028423
 13.200000 -0.440550 -0.897728 -0.943876 -0.330301 -2.685382 -1.907419 -0.897728 -0.440550 -0.330301 -0.943876 0.102709 41.083779 -0.929776 -6.820565 200.000000 -6.820565 0.524542 209.816687 -0.368125 12.297129 200.000000 12.297129 0.143063 57.225112 -0.368125 -21.006942 200.000000 -21.006942 0.019879 7.951496 -0.929776 25.028423 200.000000 25.028423
 13.400000 -0.364856 -0.931064 -0.912955 -0.408060 -2.768115 -1.991124 -0.931064 -0.364856 -0.408060 -0.912955 0.000166 0.066307 -0.929776 -6.820565 200.000000 -6.820565 0.001068 0.427359 -0.368125 12.297129 200.000000 12.297129 0.159482 63.792816 -0.368125 -21.006942 200.000000 -21.006942 0.028295 11.318198 -0.929776 25.028423 200.000000 25.028423
 13.600000 -0.394130 -0.919055 -0.885979 -0.463725 -2.736472 -2.052992 -0.919055 -0.394130 -0.463725 -0.885979 0.011496 4.598273 -0.929776 -6.820565 200.000000 -6.820565 0.067628 27.051363 -0.368125 12.297129 200.000000 12.297129 0.913950 365.579964 -0.368125 -21.006942 200.000000 -21.006942 0.191822 76.728640 -0.929776 25.028423 200.000000 25.028423
 13.800000 -0.402049 -0.915618 -0.960508 -0.278254 -2.727839 -1.852772 -0.915618 -0.402049 -0.278254 -0.960508 0.020046 8.018572 -0.929776 -6.820565 200.000000 -6.820565 0.115090 46.036011 -0.368125 12.297129 200.000000 12.297129 0.807674 323.069497 -0.368125 -21.006942 200.000000 -21.006942 0.094440 37.775962 -0.929776 25.028423 200.000000 25.028423
 14.000000 -0.383242 -0.923648 -0.926899 -0.375310 -2.748289 -1.955527 -0.923648 -0.383242 -0.375310 -0.926899 0.003756 1.502391 -0.929776 -6.820565 200.000000 -6.820565 0.022854 9.141740 -0.368125 12.297129 200.000000 12.297129 0.005163 2.065105 -0.368125 -21.006942 200.000000 -21.006942 0.000828 0.331097 -0.929776 25.028423 200.000000 25.028423
 14.200000 -0.327922 -0.944705 -0.948140 -0.317852 -2.807489 -1.894259 -0.944705 -0.327922 -0.317852 -0.948140 0.022285 8.914121 -0.929776 -6.820565 200.000000 -6.820565 0.161623 64.649320 -0.368125 12.297129 200.000000 12.297129 0.252733 101.093148 -0.368125 -21.006942 200.000000 -21.006942 0.033723 13.489243 -0.929776 25.028423 200.000000 25.028423
 14.400000 -0.452574 -0.891727 -0.959745 -0.280872 -2.671942 -1.855499 -0.891727 -0.452574 -0.280872 -0.959745 0.144779 57.911700 -0.929776 -6.820565 200.000000 -6.820565 0.713179 285.271459 -0.368125 12.297129 200.000000 12.297129 0.761297 304.518613 -0.368125 -21.006942 200.000000 -21.006942 0.089812 35.924870 -0.929776 25.028423 200.000000 25.028423
 14.600000 -0.346597 -0.938014 -0.920746 -0.390163 -2.787652 -1.971605 -0.938014 -0.346597 -0.390163 -0.920746 0.006786 2.714329 -0.929776 -6.820565 200.000000 -6.820565 0.046343 18.537238 -0.368125 12.297129 200.000000 12.297129 0.048569 19.427666 -0.368125 -21.006942 200.000000 -21.006942 0.008155 3.262119 -0.929776 25.028423 200.000000 25.028423
 14.800000 -0.355125 -0.934819 -0.949003 -0.315266 -2.778545 -1.891533 -0.934819 -0.355125 -0.315266 -0.949003 0.002542 1.016957 -0.929776 -6.820565 200.000000 -6.820565 0.016898 6.759197 -0.368125 12.297129 200.000000 12.297129 0.279402 111.760673 -0.368125 -21.006942 200.000000 -21.006942 0.036967 14.786838 -0.929776 25.028423 200.000000 25.028423
 15.000000 -0.370694 -0.928755 -0.916803 -0.399340 -2.761837 -1.981593 -0.928755 -0.370694 -0.399340 -0.916803 0.000104 0.041724 -0.929776 -6.820565 200.000000 -6.820565 0.000660 0.264030 -0.368125 12.297129 200.000000 12.297129 0.097441 38.976379 -0.368125 -21.006942 200.000000 -21.006942 0.016831 6.732592 -0.929776 25.028423 200.000000 25.028423
 15.200000 -0.285136 -0.958487 -0.925668 -0.378336 -2.852444 -1.958794 -0.958487 -0.285136 -0.378336 -0.925668 0.082429 32.971680 -0.929776 -6.820565 200.000000 -6.820565 0.688705 275.481821 -0.368125 12.297129 200.000000 12.297129 0.010427 4.170992 -0.368125 -21.006942 200.000000 -21.006942 0.001688 0.675083 -0.929776 25.028423 200.000000 25.028423
 15.400000 -0.395824 -0.918326 -0.914242 -0.405169 -2.734628 -1.987960 -0.918326 -0.395824 -0.405169 -0.914242 0.013110 5.244112 -0.929776 -6.820565 200.000000 -6.820565 0.076725 30.689958 -0.368125 12.297129 200.000000 12.297129 0.137229 54.891665 -0.368125 -21.006942 200.000000 -21.006942 0.024133 9.653054 -0.929776 25.028423 200.000000 25.028423
 15.600000 -0.414145 -0.910211 -0.910012 -0.414581 -2.714589 -1.998279 -0.910211 -0.414145 -0.414581 -0.910012 0.038282 15.312757 -0.929776 -6.820565 200.000000 -6.820565 0.211792 84.716826 -0.368125 12.297129 200.000000 12.297129 0.215824 86.329619 -0.368125 -21.006942 200.000000 -21.006942 0.039063 15.625043 -0.929776 25.028423 200.000000 25.028423
 15.800000 -0.323789 -0.946129 -0.894516 -0.447035 -2.811861 -2.034244 -0.946129 -0.323789 -0.447035 -0.894516 0.026741 10.696538 -0.929776 -6.820565 200.000000 -6.820565 0.196563 78.625140 -0.368125 12.297129 200.000000 12.297129 0.622686 249.074451 -0.368125 -21.006942 200.000000 -21.006942 0.124327 49.730782 -0.929776 25.028423 200.000000 25.028423
 16.000000 -0.356521 -0.934287 -0.951951 -0.306249 -2.777051 -1.882046 -0.934287 -0.356521 -0.306249 -0.951951 0.002035 0.813917 -0.929776 -6.820565 200.000000 -6.820565 0.013465 5.385807 -0.368125 12.297129 200.000000 12.297129 0.382860 153.144099 -0.368125 -21.006942 200.000000 -21.006942 0.049173 19.669234 -0.929776 25.028423 200.000000 25.028423
 16.200000 -0.415049 -0.909799 -0.923580 -0.383406 -2.713596 -1.964277 -0.909799 -0.415049 -0.383406 -0.923580 0.039909 15.963761 -0.929776 -6.820565 200.000000 -6.820565 0.220189 88.075415 -0.368125 12.297129 200.000000 12.297129 0.023351 9.340351 -0.368125 -21.006942 200.000000 -21.006942 0.003840 1.535812 -0.929776 25.028423 200.000000 25.028423
 16.400000 -0.340427 -0.940271 -0.923927 -0.382568 -2.794222 -1.963370 -0.940271 -0.340427 -0.382568 -0.923927 0.011014 4.405486 -0.929776 -6.820565 200.000000 -6.820565 0.076718 30.687165 -0.368125 12.297129 200.000000 12.297129 0.020861 8.344433 -0.368125 -21.006942 200.000000 -21.006942 0.003421 1.368486 -0.929776 25.028423 200.000000 25.028423
 16.600000 -0.354022 -0.935237 -0.891361 -0.453294 -2.779725 -2.041254 -0.935237 -0.354022 -0.453294 -0.891361 0.002982 1.192764 -0.929776 -6.820565 200.000000 -6.820565 0.019889 7.955511 -0.368125 12.297129 200.000000 12.297129 0.725385 290.153991 -0.368125 -21.006942 200.000000 -21.006942 0.147575 59.029918 -0.929776 25.028423 200.000000 25.028423
 16.800000 -0.336568 -0.941659 -0.905957 -0.423370 -2.798323 -2.007958 -0.941659 -0.336568 -0.423370 -0.905957 0.014120 5.647963 -0.929776 -6.820565 200.000000 -6.820565 0.099582 39.832946 -0.368125 12.297129 200.000000 12.297129 0.305203 122.081284 -0.368125 -21.006942 200.000000 -21.006942 0.056737 22.694751 -0.929776 25.028423 200.000000 25.028423
 17.000000 -0.327473 -0.944860 -0.930376 -0.366606 -2.807965 -1.946155 -0.944860 -0.327473 -0.366606 -0.930376 0.022753 9.101085 -0.929776 -6.820565 200.000000 -6.820565 0.165254 66.101489 -0.368125 12.297129 200.000000 12.297129 0.000231 0.092211 -0.368125 -21.006942 200.000000 -21.006942 0.000036 0.014386 -0.929776 25.028423 200.000000 25.028423
 17.200000 -0.421853 -0.906664 -0.908071 -0.418817 -2.706105 -2.002938 -0.906664 -0.421853 -0.418817 -0.908071 0.053417 21.366706 -0.929776 -6.820565 200.000000 -6.820565 0.288671 115.468203 -0.368125 12.297129 200.000000 12.297129 0.256969 102.787486 -0.368125 -21.006942 200.000000 -21.006942 0.047114 18.845425 -0.929776 25.028423 200.000000 25.028423
 17.400000 -0.386417 -0.922324 -0.938001 -0.346634 -2.744849 -1.924776 -0.922324 -0.386417 -0.346634 -0.938001 0.005554 2.221445 -0.929776 -6.820565 200.000000 -6.820565 0.033461 13.384387 -0.368125 12.297129 200.000000 12.297129 0.046185 18.473980 -0.368125 -21.006942 200.000000 -21.006942 0.006763 2.705384 -0.929776 25.028423 200.000000 25.028423
 17.600000 -0.384635 -0.923069 -0.918569 -0.395262 -2.746780 -1.977149 -0.923069 -0.384635 -0.395262 -0.918569 0.004500 1.799832 -0.929776 -6.820565 200.000000 -6.820565 0.027261 10.904286 -0.368125 12.297129 200.000000 12.297129 0.073643 29.457160 -0.368125 -21.006942 200.000000 -21.006942 0.012562 5.024740 -0.929776 25.028423 200.000000 25.028423
 17.800000 -0.365718 -0.930726 -0.946017 -0.324118 -2.767188 -1.900876 -0.930726 -0.365718 -0.324118 -0.946017 0.000090 0.036028 -0.929776 -6.820565 200.000000 -6.820565 0.000579 0.231575 -0.368125 12.297129 200.000000 12.297129 0.193658 77.463199 -0.368125 -21.006942 200.000000 -21.006942 0.026374 10.549748 -0.929776 25.028423 200.000000 25.028423
 18.000000 -0.457404 -0.889259 -0.911127 -0.412126 -2.666518 -1.995583 -0.889259 -0.457404 -0.412126 -0.911127 0.164168 65.667309 -0.929776 -6.820565 200.000000 -6.820565 0.797089 318.835632 -0.368125 12.297129 200.000000 12.297129 0.193616 77.446438 -0.368125 -21.006942 200.000000 -21.006942 0.034781 13.912595 -0.929776 25.028423 200.000000 25.028423
 18.200000 -0.426605 -0.904438 -0.893364 -0.449334 -2.700857 -2.036816 -0.904438 -0.426605 -0.449334 -0.893364 0.064204 25.681694 -0.929776 -6.820565 200.000000 -6.820565 0.341999 136.799617 -0.368125 12.297129 200.000000 12.297129 0.659496 263.798359 -0.368125 -21.006942 200.000000 -21.006942 0.132588 53.035083 -0.929776 25.028423 200.000000 25.028423
 18.400000 -0.454183 -0.890908 -0.875116 -0.483913 -2.670137 -2.075917 -0.890908 -0.454183 -0.483913 -0.875116 0.151074 60.429558 -0.929776 -6.820565 200.000000 -6.820565 0.740611 296.244329 -0.368125 12.297129 200.000000 12.297129 1.340691 536.276484 -0.368125 -21.006942 200.000000 -21.006942 0.298774 119.509714 -0.929776 25.028423 200.000000 25.028423
 18.600000 -0.400261 -0.916401 -0.942504 -0.334195 -2.729791 -1.911547 -0.916401 -0.400261 -0.334195 -0.942504 0.017890 7.156112 -0.929776 -6.820565 200.000000 -6.820565 0.103277 41.310957 -0.368125 12.297129 200.000000 12.297129 0.115123 46.049284 -0.368125 -21.006942 200.000000 -21.006942 0.016199 6.479630 -0.929776 25.028423 200.000000 25.028423
 18.800000 -0.414678 -0.909968 -0.892941 -0.450174 -2.714004 -2.037757 -0.909968 -0.414678 -0.450174 -0.892941 0.039237 15.694645 -0.929776 -6.820565 200.000000 -6.820565 0.216722 86.688651 -0.368125 12.297129 200.000000 12.297129 0.673215 269.285958 -0.368125 -21.006942 200.000000 -21.006942 0.135687 54.274886 -0.929776 25.028423 200.000000 25.028423
 19.000000 -0.361859 -0.932233 -0.902727 -0.430214 -2.771331 -2.015526 -0.932233 -0.361859 -0.430214 -0.902727 0.000603 0.241348 -0.929776 -6.820565 200.000000 -6.820565 0.003926 1.570295 -0.368125 12.297129 200.000000 12.297129 0.385508 154.203047 -0.368125 -21.006942 200.000000 -21.006942 0.073167 29.266941 -0.929776 25.028423 200.000000 25.028423
 19.200000 -0.368957 -0.929446 -0.904327 -0.426840 -2.763706 -2.011791 -0.929446 -0.368957 -0.426840 -0.904327 0.000011 0.004357 -0.929776 -6.820565 200.000000 -6.820565 0.000069 0.027723 -0.368125 12.297129 200.000000 12.297129 0.344745 137.897852 -0.368125 -21.006942 200.000000 -21.006942 0.064766 25.906255 -0.929776 25.028423 200.000000 25.028423
 19.400000 -0.345239 -0.938515 -0.911360 -0.411610 -2.789099 -1.995016 -0.938515 -0.345239 -0.411610 -0.911360 0.007636 3.054351 -0.929776 -6.820565 200.000000 -6.820565 0.052375 20.950115 -0.368125 12.297129 200.000000 12.297129 0.189095 75.638052 -0.368125 -21.006942 200.000000 -21.006942 0.033916 13.566299 -0.929776 25.028423 200.000000 25.028423
 19.600000 -0.395161 -0.918612 -0.960830 -0.277139 -2.735349 -1.851611 -0.918612 -0.395161 -0.277139 -0.960830 0.012465 4.985967 -0.929776 -6.820565 200.000000 -6.820565 0.073097 29.238942 -0.368125 12.297129 200.000000 12.297129 0.827842 331.136640 -0.368125 -21.006942 200.000000 -21.006942 0.096432 38.572601 -0.929776 25.028423 200.000000 25.028423
 19.800000 -0.290035 -0.957016 -0.936431 -0.350852 -2.847330 -1.929277 -0.957016 -0.290035 -0.350852 -0.936431 0.074200 29.680040 -0.929776 -6.820565 200.000000 -6.820565 0.609805 243.922063 -0.368125 12.297129 200.000000 12.297129 0.029833 11.933244 -0.368125 -21.006942 200.000000 -21.006942 0.004428 1.771204 -0.929776 25.028423 200.000000 25.028423
 20.000000 -0.398695 -0.917083 -0.952257 -0.305297 -2.731499 -1.881047 -0.917083 -0.398695 -0.305297 -0.952257 0.016111 6.444505 -0.929776 -6.820565 200.000000 -6.820565 0.093457 37.382716 -0.368125 12.297129 200.000000 12.297129 0.394725 157.889887 -0.368125 -21.006942 200.000000 -21.006942 0.050538 20.215020 -0.929776 25.028423 200.000000 25.028423
