#! FIELDS time sin_phi cos_phi sin_psi cos_psi phi psi cos_phi sin_phi cos_psi sin_psi restraint_phi_cos.bias restraint_phi_cos.force2 restraint_phi_cos.cos_phi_cntr restraint_phi_cos.cos_phi_work restraint_phi_cos.cos_phi_kappa restraint_phi_cos.work restraint_phi_sin.bias restraint_phi_sin.force2 restraint_phi_sin.sin_phi_cntr restraint_phi_sin.sin_phi_work restraint_phi_sin.sin_phi_kappa restraint_phi_sin.work restraint_psi_cos.bias restraint_psi_cos.force2 restraint_psi_cos.cos_psi_cntr restraint_psi_cos.cos_psi_work restraint_psi_cos.cos_psi_kappa restraint_psi_cos.work restraint_psi_sin.bias restraint_psi_sin.force2 restraint_psi_sin.sin_psi_cntr restraint_psi_sin.sin_psi_work restraint_psi_sin.sin_psi_kappa restraint_psi_sin.work
#! SET min_phi -pi
#! SET max_phi pi
#! SET min_psi -pi
#! SET max_psi pi
 0.000000 -0.999983 -0.005782 0.966116 0.258110 -1.576579 1.309731 -0.005782 -0.999983 0.258110 0.966116 0.000000 0.000000 -0.009747 0.000000 0.000000 0.000000 0.000000 0.000000 -0.999953 0.000000 0.000000 0.000000 0.000000 0.000000 0.256142 0.000000 0.000000 0.000000 0.000000 0.000000 0.966639 0.000000 0.000000 0.000000
 0.200000 -1.000000 -0.000269 0.834657 0.550770 -1.571065 0.987510 -0.000269 -1.000000 0.550770 0.834657 0.000898 0.035929 -0.009747 0.429323 20.000000 0.429323 0.000000 0.000001 -0.999953 0.008204 20.000000 0.008204 0.868052 34.722066 0.256142 0.437497 20.000000 0.437497 0.174192 6.967668 0.966639 0.079186 20.000000 0.079186
 0.400000 -0.998237 0.059350 0.982964 0.183796 -1.511412 1.385949 0.059350 -0.998237 0.183796 0.982964 0.095486 7.638879 -0.009747 0.576153 40.000000 0.576153 0.000059 0.004707 -0.999953 0.009175 40.000000 0.009175 0.104679 8.374306 0.256142 0.652624 40.000000 0.652624 0.005330 0.426423 0.966639 0.103853 40.000000 0.103853
 0.600000 -0.997905 0.064693 0.969722 0.244210 -1.506058 1.324091 0.064693 -0.997905 0.244210 0.969722 0.166238 19.948526 -0.009747 0.652739 60.000000 0.652739 0.000126 0.015089 -0.999953 0.009549 60.000000 0.009549 0.004271 0.512548 0.256142 0.812943 60.000000 0.812943 0.000285 0.034223 0.966639 0.126977 60.000000 0.126977
 0.800000 -0.999998 0.001898 0.948096 0.317986 -1.568898 1.247192 0.001898 -0.999998 0.317986 0.948096 0.005424 0.867880 -0.009747 0.745438 80.000000 0.745438 0.000000 0.000013 -0.999953 0.009931 80.000000 0.009931 0.152983 24.477280 0.256142 0.870383 80.000000 0.870383 0.013754 2.200712 0.966639 0.131254 80.000000 0.131254
 1.000000 -0.997908 -0.064648 0.983715 0.179733 -1.635490 1.390082 -0.064648 -0.997908 0.179733 0.983715 0.150709 30.141892 -0.009747 0.830208 100.000000 0.830208 0.000209 0.041795 -0.999953 0.010215 100.000000 0.010215 0.291922 58.384434 0.256142 0.906275 100.000000 0.906275 0.014580 2.916043 0.966639 0.133898 100.000000 0.133898
 1.200000 -0.998635 0.052235 0.985236 0.171203 -1.518537 1.398745 0.052235 -0.998635 0.171203 0.985236 0.230506 55.321490 -0.009747 0.926070 120.000000 0.926070 0.000104 0.025003 -0.999953 0.010632 120.000000 0.010632 0.432879 103.890905 0.256142 0.991978 120.000000 0.991978 0.020750 4.980034 0.966639 0.141236 120.000000 0.141236
 1.400000 -0.999100 0.042418 0.979955 0.199220 -1.528366 1.370235 0.042418 -0.999100 0.199220 0.979955 0.190478 53.333940 -0.009747 0.960900 140.000000 0.960900 0.000051 0.014246 -0.999953 0.010712 140.000000 0.010712 0.226814 63.508044 0.256142 1.092888 140.000000 1.092888 0.012412 3.475293 0.966639 0.149508 140.000000 0.149508
 1.600000 -0.999952 0.009761 0.961501 0.274802 -1.561035 1.292412 0.009761 -0.999952 0.274802 0.961501 0.030444 9.742134 -0.009747 1.006995 160.000000 1.006995 0.000000 0.000000 -0.999953 0.010844 160.000000 0.010844 0.027855 8.913533 0.256142 1.162350 160.000000 1.162350 0.002112 0.675882 0.966639 0.156237 160.000000 0.156237
 1.800000 -0.999833 -0.018283 0.970330 0.241783 -1.589081 1.326593 -0.018283 -0.999833 0.241783 0.970330 0.006559 2.361305 -0.009747 1.052215 180.000000 1.052215 0.000001 0.000464 -0.999953 0.010933 180.000000 0.010933 0.018556 6.680328 0.256142 1.193797 180.000000 1.193797 0.001226 0.441450 0.966639 0.158889 180.000000 0.158889
 2.000000 -0.986982 0.160833 0.941992 0.335636 -1.409261 1.228516 0.160833 -0.986982 0.335636 0.941992 2.909751 1163.900254 -0.009747 1.082341 200.000000 1.082341 0.016825 6.729803 -0.999953 0.011016 200.000000 0.011016 0.631919 252.767429 0.256142 1.220394 200.000000 1.220394 0.060748 24.299365 0.966639 0.161438 200.000000 0.161438
 2.200000 -0.998087 0.061829 0.957800 0.287436 -1.508927 1.279247 0.061829 -0.998087 0.287436 0.957800 0.772873 309.149178 -0.026084 1.144427 200.000000 1.144427 0.195506 78.202567 -0.953871 0.198801 200.000000 0.198801 1.571347 628.538633 0.162083 1.389841 200.000000 1.389841 0.013937 5.574857 0.945994 0.232408 200.000000 0.232408
 2.400000 -1.000000 0.000948 0.984797 0.173708 -1.569848 1.396203 0.000948 -1.000000 0.173708 0.984797 0.188086 75.234395 -0.042421 1.237771 200.000000 1.237771 0.850283 340.113301 -0.907789 0.823558 200.000000 0.823558 1.116919 446.767627 0.068023 1.651232 200.000000 1.651232 0.353405 141.361956 0.925349 0.452260 200.000000 0.452260
 2.600000 -0.983511 -0.180847 0.981344 0.192261 -1.752643 1.377331 -0.180847 -0.983511 0.192261 0.981344 1.490555 596.221817 -0.058758 1.272506 200.000000 1.272506 1.483632 593.452998 -0.861707 1.853243 200.000000 1.853243 4.765371 1906.148584 -0.026036 1.823864 200.000000 1.823864 0.587358 234.943082 0.904705 0.789702 200.000000 0.789702
 2.800000 -0.985822 -0.167793 0.997335 -0.072962 -1.739387 1.643823 -0.167793 -0.985822 -0.072962 0.997335 0.859284 343.713632 -0.075096 1.280699 200.000000 1.280699 2.896710 1158.683989 -0.815625 3.303098 200.000000 3.303098 0.222162 88.864786 -0.120096 1.748349 200.000000 1.748349 1.283121 513.248558 0.884060 1.200687 200.000000 1.200687
 3.000000 -0.987028 -0.160549 0.991903 -0.126998 -1.732043 1.698138 -0.160549 -0.987028 -0.126998 0.991903 0.477703 191.081185 -0.091433 1.304175 200.000000 1.304175 4.729963 1891.985175 -0.769543 5.173367 200.000000 5.173367 0.759644 303.857750 -0.214156 1.428980 200.000000 1.428980 1.650917 660.366740 0.863415 1.640068 200.000000 1.640068
 3.200000 -0.997928 -0.064337 0.955405 -0.295300 -1.635178 1.870566 -0.064337 -0.997928 -0.295300 0.955405 0.188643 75.457250 -0.107770 1.215273 200.000000 1.215273 7.533213 3013.285231 -0.723461 7.408172 200.000000 7.408172 0.016681 6.672481 -0.308215 0.719771 200.000000 0.719771 1.268654 507.461504 0.842770 2.042216 200.000000 2.042216
 3.400000 -0.983254 -0.182241 0.903719 -0.428125 -1.754062 2.013214 -0.182241 -0.983254 -0.428125 0.903719 0.337954 135.181693 -0.124107 1.146449 200.000000 1.146449 9.355921 3742.368542 -0.677379 10.061402 200.000000 10.061402 0.066825 26.729809 -0.402275 -0.048352 200.000000 -0.048352 0.665759 266.303525 0.822125 2.382649 200.000000 2.382649
 3.600000 -0.993598 -0.112976 0.842335 -0.538955 -1.684014 2.139992 -0.112976 -0.993598 -0.538955 0.842335 0.075450 30.180035 -0.140445 0.954331 200.000000 0.954331 13.126143 5250.457148 -0.631297 13.051985 200.000000 13.051985 0.181649 72.659571 -0.496335 -0.841047 200.000000 -0.841047 0.166906 66.762540 0.801480 2.620566 200.000000 2.620566
 3.800000 -0.948108 -0.317948 0.717302 -0.696763 -1.894361 2.341671 -0.317948 -0.948108 -0.696763 0.717302 2.597463 1038.985199 -0.156782 0.632961 200.000000 0.632961 13.169093 5267.637110 -0.585216 16.356717 200.000000 16.356717 1.131427 452.570989 -0.590394 -1.370162 200.000000 -1.370162 0.403657 161.462794 0.780836 2.729000 200.000000 2.729000
 4.000000 -0.931774 -0.363040 0.756012 -0.654558 -1.942325 2.284394 -0.363040 -0.931774 -0.654558 0.756012 3.606998 1442.799064 -0.173119 0.287347 200.000000 0.287347 15.416601 6166.640532 -0.539134 20.030052 200.000000 20.030052 0.029358 11.743170 -0.637424 -1.352851 200.000000 -1.352851 0.021030 8.411832 0.770513 2.757832 200.000000 2.757832
 4.200000 -0.942716 -0.333595 0.750825 -0.660501 -1.910911 2.292282 -0.333595 -0.942716 -0.660501 0.750825 2.077595 831.037843 -0.189456 -0.245313 200.000000 -0.245313 20.219829 8087.931630 -0.493052 23.911431 200.000000 23.911431 0.053256 21.302278 -0.637424 -1.352851 200.000000 -1.352851 0.038763 15.505072 0.770513 2.757832 200.000000 2.757832
 4.400000 -0.880870 -0.473359 0.756545 -0.653942 -2.063896 2.283580 -0.473359 -0.880870 -0.653942 0.756545 7.159110 2863.643950 -0.205794 -0.876813 200.000000 -0.876813 18.826901 7530.760364 -0.446970 28.037125 200.000000 28.037125 0.027284 10.913713 -0.637424 -1.352851 200.000000 -1.352851 0.019512 7.804770 0.770513 2.757832 200.000000 2.757832
 4.600000 -0.872436 -0.488728 0.737962 -0.674842 -2.081427 2.311547 -0.488728 -0.872436 -0.674842 0.737962 7.107380 2842.952166 -0.222131 -1.689017 200.000000 -1.689017 22.235785 8894.313937 -0.400888 32.288791 200.000000 32.288791 0.140012 56.004761 -0.637424 -1.352851 200.000000 -1.352851 0.105958 42.383065 0.770513 2.757832 200.000000 2.757832
 4.800000 -0.764164 -0.645022 0.778761 -0.627321 -2.271849 2.248905 -0.645022 -0.764164 -0.627321 0.778761 16.528617 6611.446724 -0.238468 -2.680827 200.000000 -2.680827 16.757369 6702.947678 -0.354806 36.542279 200.000000 36.542279 0.010207 4.082881 -0.637424 -1.352851 200.000000 -1.352851 0.006802 2.720922 0.770513 2.757832 200.000000 2.757832
 5.000000 -0.792532 -0.609831 0.813248 -0.581918 -2.226643 2.191881 -0.609831 -0.792532 -0.581918 0.813248 12.604293 5041.717262 -0.254805 -3.767756 200.000000 -3.767756 23.406962 9362.784650 -0.308724 40.962887 200.000000 40.962887 0.308095 123.237830 -0.637424 -1.352851 200.000000 -1.352851 0.182623 73.049234 0.770513 2.757832 200.000000 2.757832
 5.200000 -0.721088 -0.692843 0.787177 -0.616727 -2.336221 2.235374 -0.692843 -0.721088 -0.616727 0.787177 17.783122 7113.248855 -0.271143 -5.174005 200.000000 -5.174005 21.017270 8406.908081 -0.262642 44.902798 200.000000 44.902798 0.042838 17.135078 -0.637424 -1.352851 200.000000 -1.352851 0.027769 11.107675 0.770513 2.757832 200.000000 2.757832
 5.400000 -0.606247 -0.795277 0.772159 -0.635429 -2.490260 2.259361 -0.795277 -0.606247 -0.635429 0.772159 25.785738 10314.295360 -0.287480 -6.644032 200.000000 -6.644032 15.185541 6074.216326 -0.216561 48.954171 200.000000 48.954171 0.000398 0.159163 -0.637424 -1.352851 200.000000 -1.352851 0.000271 0.108356 0.770513 2.757832 200.000000 2.757832
 5.600000 -0.574571 -0.818455 0.767359 -0.641218 -2.529513 2.266881 -0.818455 -0.574571 -0.641218 0.767359 26.485170 10594.068042 -0.303817 -8.373615 200.000000 -8.373615 16.329073 6531.629173 -0.170479 52.343725 200.000000 52.343725 0.001440 0.575823 -0.637424 -1.352851 200.000000 -1.352851 0.000995 0.398058 0.770513 2.757832 200.000000 2.757832
 5.800000 -0.428858 -0.903372 0.764822 -0.644241 -2.698364 2.270827 -0.903372 -0.428858 -0.644241 0.764822 34.014255 13605.702040 -0.320154 -10.276294 200.000000 -10.276294 9.269670 3707.867960 -0.124397 55.054662 200.000000 55.054662 0.004648 1.859042 -0.637424 -1.352851 200.000000 -1.352851 0.003239 1.295484 0.770513 2.757832 200.000000 2.757832
 6.000000 -0.326524 -0.945189 0.711229 -0.702961 -2.808969 2.350348 -0.945189 -0.326524 -0.702961 0.711229 37.051238 14820.495121 -0.336492 -12.237195 200.000000 -12.237195 6.160765 2464.306092 -0.078315 57.445290 200.000000 57.445290 0.429508 171.803204 -0.637424 -1.352851 200.000000 -1.352851 0.351468 140.587017 0.770513 2.757832 200.000000 2.757832
 6.200000 -0.030480 -0.999535 0.800897 -0.598802 -3.111108 2.212801 -0.999535 -0.030480 -0.598802 0.800897 41.822922 16729.168867 -0.352829 -14.256834 200.000000 -14.256834 0.000307 0.122985 -0.032233 59.307969 200.000000 59.307969 0.149165 59.665860 -0.637424 -1.352851 200.000000 -1.352851 0.092317 36.926879 0.770513 2.757832 200.000000 2.757832
 6.400000 -0.055834 -0.998440 0.785236 -0.619197 -3.085730 2.238515 -0.998440 -0.055834 -0.619197 0.785236 39.598559 15839.423713 -0.369166 -16.296615 200.000000 -16.296615 0.485569 194.227589 0.013849 60.679294 200.000000 60.679294 0.033224 13.289533 -0.637424 -1.352851 200.000000 -1.352851 0.021676 8.670394 0.770513 2.757832 200.000000 2.757832
 6.600000 -0.064572 -0.997913 0.738870 -0.673848 -3.076975 2.310201 -0.997913 -0.064572 -0.673848 0.738870 37.504548 15001.819109 -0.385503 -18.320991 200.000000 -18.320991 1.550099 620.039782 0.059931 61.446010 200.000000 61.446010 0.132672 53.068972 -0.637424 -1.352851 200.000000 -1.352851 0.100131 40.052299 0.770513 2.757832 200.000000 2.757832
 6.800000 0.007136 -0.999975 0.730041 -0.683403 3.134457 2.323210 -0.999975 0.007136 -0.683403 0.730041 35.776406 14310.562505 -0.401841 -20.286383 200.000000 -20.286383 0.977660 391.063960 0.106013 61.785448 200.000000 61.785448 0.211406 84.562417 -0.637424 -1.352851 200.000000 -1.352851 0.163797 65.518742 0.770513 2.757832 200.000000 2.757832
 7.000000 0.201810 -0.979425 0.767185 -0.641426 2.938387 2.267152 -0.979425 0.201810 -0.641426 0.767185 31.499791 12599.916334 -0.418178 -22.177475 200.000000 -22.177475 0.247162 98.864780 0.152094 61.743679 200.000000 61.743679 0.001602 0.640717 -0.637424 -1.352851 200.000000 -1.352851 0.001108 0.443163 0.770513 2.757832 200.000000 2.757832
 7.200000 0.341224 -0.939982 0.743037 -0.669251 2.793374 2.303996 -0.939982 0.341224 -0.669251 0.743037 25.549660 10219.864132 -0.434515 -23.958641 200.000000 -23.958641 2.046268 818.507231 0.198176 61.296902 200.000000 61.296902 0.101295 40.517894 -0.637424 -1.352851 200.000000 -1.352851 0.075497 30.198716 0.770513 2.757832 200.000000 2.757832
 7.400000 0.286969 -0.957940 0.722168 -0.691718 2.850532 2.334661 -0.957940 0.286969 -0.691718 0.722168 25.713768 10285.507106 -0.450852 -25.650117 200.000000 -25.650117 0.182419 72.967651 0.244258 60.838925 200.000000 60.838925 0.294781 117.912338 -0.637424 -1.352851 200.000000 -1.352851 0.233726 93.490542 0.770513 2.757832 200.000000 2.757832
 7.600000 0.360088 -0.932918 0.821200 -0.570640 2.773230 2.178081 -0.932918 0.360088 -0.570640 0.821200 21.690301 8676.120237 -0.467190 -27.174919 200.000000 -27.174919 0.486482 194.592608 0.290340 59.847674 200.000000 59.847674 0.446009 178.403410 -0.637424 -1.352851 200.000000 -1.352851 0.256917 102.766915 0.770513 2.757832 200.000000 2.757832
 7.800000 0.281345 -0.959607 0.728598 -0.684942 2.856397 2.325320 -0.959607 0.281345 -0.684942 0.728598 22.665182 9066.072898 -0.483527 -28.578563 200.000000 -28.578563 0.303346 121.338357 0.336422 58.844357 200.000000 58.844357 0.225797 90.318627 -0.637424 -1.352851 200.000000 -1.352851 0.175693 70.277003 0.770513 2.757832 200.000000 2.757832
 8.000000 0.537065 -0.843541 0.740635 -0.671908 2.574638 2.307578 -0.843541 0.537065 -0.671908 0.740635 11.811338 4724.535188 -0.499864 -29.809838 200.000000 -29.809838 2.388931 955.572341 0.382504 57.679719 200.000000 57.679719 0.118912 47.564705 -0.637424 -1.352851 200.000000 -1.352851 0.089271 35.708363 0.770513 2.757832 200.000000 2.757832
 8.200000 0.532555 -0.846395 0.757835 -0.652446 2.579976 2.281604 -0.846395 0.532555 -0.652446 0.757835 10.902790 4361.115844 -0.516202 -30.928665 200.000000 -30.928665 1.080966 432.386414 0.428586 56.612278 200.000000 56.612278 0.022565 9.026076 -0.637424 -1.352851 200.000000 -1.352851 0.016073 6.429034 0.770513 2.757832 200.000000 2.757832
 8.400000 0.582827 -0.812596 0.758922 -0.651181 2.519389 2.279936 -0.812596 0.582827 -0.651181 0.758922 7.843203 3137.281329 -0.532539 -31.893663 200.000000 -31.893663 1.169854 467.941685 0.474668 55.528409 200.000000 55.528409 0.018926 7.570251 -0.637424 -1.352851 200.000000 -1.352851 0.013435 5.373874 0.770513 2.757832 200.000000 2.757832
 8.600000 0.569689 -0.821860 0.705016 -0.709191 2.535465 2.359147 -0.821860 0.569689 -0.709191 0.705016 7.452045 2980.817933 -0.548876 -32.661680 200.000000 -32.661680 0.239507 95.802948 0.520749 54.334257 200.000000 54.334257 0.515053 206.021137 -0.637424 -1.352851 200.000000 -1.352851 0.428986 171.594358 0.770513 2.757832 200.000000 2.757832
 8.800000 0.675547 -0.737317 0.747613 -0.664134 2.399886 2.297131 -0.737317 0.675547 -0.664134 0.747613 2.961960 1184.783936 -0.565213 -33.392026 200.000000 -33.392026 1.181913 472.765349 0.566831 53.621346 200.000000 53.621346 0.071343 28.537256 -0.637424 -1.352851 200.000000 -1.352851 0.052440 20.976031 0.770513 2.757832 200.000000 2.757832
 9.000000 0.754003 -0.656871 0.750924 -0.660389 2.287458 2.292133 -0.656871 0.754003 -0.660389 0.750924 0.567320 226.928096 -0.581551 -33.881083 200.000000 -33.881083 1.990626 796.250515 0.612913 52.729566 200.000000 52.729566 0.052740 21.096036 -0.637424 -1.352851 200.000000 -1.352851 0.038376 15.350320 0.770513 2.757832 200.000000 2.757832
 9.200000 0.680129 -0.733092 0.755351 -0.655320 2.393654 2.285403 -0.733092 0.680129 -0.655320 0.755351 1.828021 731.208595 -0.597888 -34.352205 200.000000 -34.352205 0.044665 17.866187 0.658995 52.342151 200.000000 52.342151 0.032028 12.811357 -0.637424 -1.352851 200.000000 -1.352851 0.022989 9.195783 0.770513 2.757832 200.000000 2.757832
 9.400000 0.770001 -0.638043 0.751571 -0.659652 2.262751 2.291152 -0.638043 0.770001 -0.659652 0.751571 0.056730 22.692037 -0.614225 -34.666957 200.000000 -34.666957 0.421508 168.603073 0.705077 52.088725 200.000000 52.088725 0.049408 19.763125 -0.637424 -1.352851 200.000000 -1.352851 0.035880 14.351880 0.770513 2.757832 200.000000 2.757832
 9.600000 0.652628 -0.757678 0.744080 -0.668091 2.430544 2.302436 -0.757678 0.652628 -0.668091 0.744080 1.615841 646.336299 -0.630562 -34.812416 200.000000 -34.812416 0.970823 388.329292 0.751159 51.954390 200.000000 51.954390 0.094044 37.617477 -0.637424 -1.352851 200.000000 -1.352851 0.069872 27.948664 0.770513 2.757832 200.000000 2.757832
 9.800000 0.708021 -0.706191 0.752498 -0.658595 2.354900 2.289746 -0.706191 0.708021 -0.658595 0.752498 0.472889 189.155796 -0.637424 -34.850959 200.000000 -34.850959 0.390523 156.209081 0.770513 52.003854 200.000000 52.003854 0.044820 17.927911 -0.637424 -1.352851 200.000000 -1.352851 0.032455 12.982133 0.770513 2.757832 200.000000 2.757832
 10.000000 0.756387 -0.654124 0.777086 -0.629394 2.283820 2.251570 -0.654124 0.756387 -0.629394 0.777086 0.027888 11.155390 -0.637424 -34.850959 200.000000 -34.850959 0.019954 7.981493 0.770513 52.003854 200.000000 52.003854 0.006448 2.579049 -0.637424 -1.352851 200.000000 -1.352851 0.004320 1.728109 0.770513 2.757832 200.000000 2.757832
 10.200000 0.678706 -0.734411 0.733072 -0.680151 2.395594 2.318765 -0.734411 0.678706 -0.680151 0.733072 0.940639 376.255484 -0.637424 -34.850959 200.000000 -34.850959 0.842866 337.146293 0.770513 52.003854 200.000000 52.003854 0.182560 73.024093 -0.637424 -1.352851 200.000000 -1.352851 0.140185 56.073904 0.770513 2.757832 200.000000 2.757832
 10.400000 0.759633 -0.650351 0.747557 -0.664198 2.278843 2.297216 -0.650351 0.759633 -0.664198 0.747557 0.016712 6.684754 -0.637424 -34.850959 200.000000 -34.850959 0.011837 4.734777 0.770513 52.003854 200.000000 52.003854 0.071683 28.673384 -0.637424 -1.352851 200.000000 -1.352851 0.052699 21.079721 0.770513 2.757832 200.000000 2.757832
 10.600000 0.742165 -0.670217 0.752187 -0.658950 2.305297 2.290218 -0.670217 0.742165 -0.658950 0.752187 0.107537 43.014676 -0.637424 -34.850959 200.000000 -34.850959 0.080360 32.144022 0.770513 52.003854 200.000000 52.003854 0.046336 18.534335 -0.637424 -1.352851 200.000000 -1.352851 0.033585 13.434102 0.770513 2.757832 200.000000 2.757832
 10.800000 0.777586 -0.628777 0.790349 -0.612657 2.250775 2.230214 -0.628777 0.777586 -0.612657 0.790349 0.007478 2.991142 -0.637424 -34.850959 200.000000 -34.850959 0.005002 2.000987 0.770513 52.003854 200.000000 52.003854 0.061341 24.536319 -0.637424 -1.352851 200.000000 -1.352851 0.039346 15.738253 0.770513 2.757832 200.000000 2.757832
 11.000000 0.812416 -0.583079 0.793515 -0.608551 2.193310 2.225029 -0.583079 0.812416 -0.608551 0.793515 0.295339 118.135714 -0.637424 -34.850959 200.000000 -34.850959 0.175580 70.232164 0.770513 52.003854 200.000000 52.003854 0.083366 33.346352 -0.637424 -1.352851 200.000000 -1.352851 0.052908 21.163025 0.770513 2.757832 200.000000 2.757832
 11.200000 0.681179 -0.732117 0.771955 -0.635677 2.392220 2.259682 -0.732117 0.681179 -0.635677 0.771955 0.896668 358.667005 -0.637424 -34.850959 200.000000 -34.850959 0.798053 319.221275 0.770513 52.003854 200.000000 52.003854 0.000305 0.122062 -0.637424 -1.352851 200.000000 -1.352851 0.000208 0.083152 0.770513 2.757832 200.000000 2.757832
 11.400000 0.736303 -0.676652 0.799292 -0.600943 2.314003 2.215477 -0.676652 0.736303 -0.600943 0.799292 0.153886 61.554376 -0.637424 -34.850959 200.000000 -34.850959 0.117036 46.814422 0.770513 52.003854 200.000000 52.003854 0.133083 53.233176 -0.637424 -1.352851 200.000000 -1.352851 0.082819 33.127612 0.770513 2.757832 200.000000 2.757832
 11.600000 0.690812 -0.723035 0.744715 -0.667382 2.378982 2.301484 -0.723035 0.690812 -0.667382 0.744715 0.732921 293.168242 -0.637424 -34.850959 200.000000 -34.850959 0.635235 254.093836 0.770513 52.003854 200.000000 52.003854 0.089749 35.899777 -0.637424 -1.352851 200.000000 -1.352851 0.066553 26.621188 0.770513 2.757832 200.000000 2.757832
 11.800000 0.738985 -0.673722 0.715237 -0.698882 2.310031 2.344630 -0.673722 0.738985 -0.698882 0.715237 0.131757 52.702987 -0.637424 -34.850959 200.000000 -34.850959 0.099406 39.762406 0.770513 52.003854 200.000000 52.003854 0.377710 151.083989 -0.637424 -1.352851 200.000000 -1.352851 0.305548 122.219017 0.770513 2.757832 200.000000 2.757832
 12.000000 0.856948 -0.515402 0.772788 -0.634664 2.112273 2.258370 -0.515402 0.856948 -0.634664 0.772788 1.488929 595.571780 -0.637424 -34.850959 200.000000 -34.850959 0.747103 298.841119 0.770513 52.003854 200.000000 52.003854 0.000762 0.304616 -0.637424 -1.352851 200.000000 -1.352851 0.000517 0.206960 0.770513 2.757832 200.000000 2.757832
 12.200000 0.746430 -0.665464 0.786638 -0.617415 2.298912 2.236248 -0.665464 0.746430 -0.617415 0.786638 0.078626 31.450337 -0.637424 -34.850959 200.000000 -34.850959 0.058002 23.200705 0.770513 52.003854 200.000000 52.003854 0.040037 16.014958 -0.637424 -1.352851 200.000000 -1.352851 0.026000 10.400161 0.770513 2.757832 200.000000 2.757832
 12.400000 0.727562 -0.686042 0.786155 -0.618029 2.326831 2.237030 -0.686042 0.727562 -0.618029 0.786155 0.236369 94.547447 -0.637424 -34.850959 200.000000 -34.850959 0.184479 73.791758 0.770513 52.003854 200.000000 52.003854 0.037615 15.046043 -0.637424 -1.352851 200.000000 -1.352851 0.024466 9.786588 0.770513 2.757832 200.000000 2.757832
 12.600000 0.722116 -0.691771 0.786742 -0.617282 2.334736 2.236079 -0.691771 0.722116 -0.617282 0.786742 0.295365 118.146005 -0.637424 -34.850959 200.000000 -34.850959 0.234225 93.689857 0.770513 52.003854 200.000000 52.003854 0.040571 16.228299 -0.637424 -1.352851 200.000000 -1.352851 0.026338 10.535063 0.770513 2.757832 200.000000 2.757832
 12.800000 0.706767 -0.707447 0.749609 -0.661880 2.356675 2.294121 -0.707447 0.706767 -0.661880 0.749609 0.490317 196.126673 -0.637424 -34.850959 200.000000 -34.850959 0.406361 162.544396 0.770513 52.003854 200.000000 52.003854 0.059811 23.924596 -0.637424 -1.352851 200.000000 -1.352851 0.043697 17.478699 0.770513 2.757832 200.000000 2.757832
 13.000000 0.792141 -0.610338 0.711591 -0.702594 2.227283 2.349833 -0.610338 0.792141 -0.702594 0.711591 0.073367 29.346705 -0.637424 -34.850959 200.000000 -34.850959 0.046777 18.710985 0.770513 52.003854 200.000000 52.003854 0.424714 169.885428 -0.637424 -1.352851 200.000000 -1.352851 0.347184 138.873689 0.770513 2.757832 200.000000 2.757832
 13.200000 0.747231 -0.664565 0.746566 -0.665311 2.297707 2.298706 -0.664565 0.747231 -0.665311 0.746566 0.073661 29.464377 -0.637424 -34.850959 200.000000 -34.850959 0.054207 21.682755 0.770513 52.003854 200.000000 52.003854 0.077768 31.107070 -0.637424 -1.352851 200.000000 -1.352851 0.057345 22.937937 0.770513 2.757832 200.000000 2.757832
 13.400000 0.773470 -0.633833 0.749266 -0.662269 2.257295 2.294640 -0.633833 0.773470 -0.662269 0.749266 0.001290 0.515906 -0.637424 -34.850959 200.000000 -34.850959 0.000874 0.349746 0.770513 52.003854 200.000000 52.003854 0.061730 24.691909 -0.637424 -1.352851 200.000000 -1.352851 0.045146 18.058250 0.770513 2.757832 200.000000 2.757832
 13.600000 0.689972 -0.723836 0.746167 -0.665758 2.380142 2.299306 -0.723836 0.689972 -0.665758 0.746167 0.746701 298.680352 -0.637424 -34.850959 200.000000 -34.850959 0.648686 259.474233 0.770513 52.003854 200.000000 52.003854 0.080284 32.113554 -0.637424 -1.352851 200.000000 -1.352851 0.059272 23.708851 0.770513 2.757832 200.000000 2.757832
 13.800000 0.708037 -0.706176 0.746236 -0.665682 2.354879 2.299203 -0.706176 0.708037 -0.665682 0.746236 0.472682 189.072654 -0.637424 -34.850959 200.000000 -34.850959 0.390334 156.133724 0.770513 52.003854 200.000000 52.003854 0.079849 31.939795 -0.637424 -1.352851 200.000000 -1.352851 0.058939 23.575661 0.770513 2.757832 200.000000 2.757832
 14.000000 0.756809 -0.653636 0.752741 -0.658317 2.283176 2.289377 -0.653636 0.756809 -0.658317 0.752741 0.026284 10.513657 -0.637424 -34.850959 200.000000 -34.850959 0.018781 7.512520 0.770513 52.003854 200.000000 52.003854 0.043653 17.461195 -0.637424 -1.352851 200.000000 -1.352851 0.031587 12.634731 0.770513 2.757832 200.000000 2.757832
 14.200000 0.656657 -0.754190 0.775139 -0.631791 2.425215 2.254658 -0.754190 0.656657 -0.631791 0.775139 1.363420 545.368134 -0.637424 -34.850959 200.000000 -34.850959 1.296330 518.532120 0.770513 52.003854 200.000000 52.003854 0.003173 1.269134 -0.637424 -1.352851 200.000000 -1.352851 0.002139 0.855765 0.770513 2.757832 200.000000 2.757832
 14.400000 0.767534 -0.641009 0.733463 -0.679730 2.266608 2.318190 -0.641009 0.767534 -0.679730 0.733463 0.001285 0.514039 -0.637424 -34.850959 200.000000 -34.850959 0.000888 0.355151 0.770513 52.003854 200.000000 52.003854 0.178976 71.590519 -0.637424 -1.352851 200.000000 -1.352851 0.137273 54.909374 0.770513 2.757832 200.000000 2.757832
 14.600000 0.742876 -0.669429 0.742938 -0.669360 2.304236 2.304143 -0.669429 0.742876 -0.669360 0.742938 0.102433 40.973090 -0.637424 -34.850959 200.000000 -34.850959 0.076382 30.552799 0.770513 52.003854 200.000000 52.003854 0.101990 40.795873 -0.637424 -1.352851 200.000000 -1.352851 0.076037 30.414916 0.770513 2.757832 200.000000 2.757832
 14.800000 0.726614 -0.687046 0.793056 -0.609148 2.328212 2.225782 -0.687046 0.726614 -0.609148 0.793056 0.246232 98.492933 -0.637424 -34.850959 200.000000 -34.850959 0.192713 77.085321 0.770513 52.003854 200.000000 52.003854 0.079953 31.981012 -0.637424 -1.352851 200.000000 -1.352851 0.050820 20.327900 0.770513 2.757832 200.000000 2.757832
 15.000000 0.759745 -0.650221 0.814145 -0.580662 2.278672 2.190338 -0.650221 0.759745 -0.580662 0.814145 0.016377 6.550907 -0.637424 -34.850959 200.000000 -34.850959 0.011596 4.638362 0.770513 52.003854 200.000000 52.003854 0.322193 128.877003 -0.637424 -1.352851 200.000000 -1.352851 0.190371 76.148303 0.770513 2.757832 200.000000 2.757832
 15.200000 0.712370 -0.701804 0.757666 -0.652643 2.348723 2.281863 -0.701804 0.712370 -0.652643 0.757666 0.414474 165.789584 -0.637424 -34.850959 200.000000 -34.850959 0.338059 135.223406 0.770513 52.003854 200.000000 52.003854 0.023160 9.264165 -0.637424 -1.352851 200.000000 -1.352851 0.016505 6.602097 0.770513 2.757832 200.000000 2.757832
 15.400000 0.784792 -0.619759 0.762932 -0.646478 2.239232 2.273756 -0.619759 0.784792 -0.646478 0.762932 0.031205 12.481882 -0.637424 -34.850959 200.000000 -34.850959 0.020389 8.155411 0.770513 52.003854 200.000000 52.003854 0.008198 3.279133 -0.637424 -1.352851 200.000000 -1.352851 0.005747 2.298720 0.770513 2.757832 200.000000 2.757832
 15.600000 0.727651 -0.685948 0.803014 -0.595961 2.326702 2.209258 -0.685948 0.727651 -0.595961 0.803014 0.235456 94.182546 -0.637424 -34.850959 200.000000 -34.850959 0.183720 73.487844 0.770513 52.003854 200.000000 52.003854 0.171920 68.768008 -0.637424 -1.352851 200.000000 -1.352851 0.105627 42.250835 0.770513 2.757832 200.000000 2.757832
 15.800000 0.691046 -0.722811 0.714648 -0.699484 2.378657 2.345472 -0.722811 0.691046 -0.699484 0.714648 0.729089 291.635739 -0.637424 -34.850959 200.000000 -34.850959 0.631503 252.601289 0.770513 52.003854 200.000000 52.003854 0.385148 154.059145 -0.637424 -1.352851 200.000000 -1.352851 0.312093 124.837047 0.770513 2.757832 200.000000 2.757832
 16.000000 0.769569 -0.638564 0.757390 -0.652963 2.263427 2.282286 -0.638564 0.769569 -0.652963 0.757390 0.000130 0.051958 -0.637424 -34.850959 200.000000 -34.850959 0.000089 0.035667 0.770513 52.003854 200.000000 52.003854 0.024145 9.658130 -0.637424 -1.352851 200.000000 -1.352851 0.017222 6.888761 0.770513 2.757832 200.000000 2.757832
 16.200000 0.731061 -0.682312 0.770901 -0.636955 2.321717 2.261338 -0.682312 0.731061 -0.636955 0.770901 0.201497 80.598804 -0.637424 -34.850959 200.000000 -34.850959 0.155650 62.260059 0.770513 52.003854 200.000000 52.003854 0.000022 0.008798 -0.637424 -1.352851 200.000000 -1.352851 0.000015 0.006014 0.770513 2.757832 200.000000 2.757832
 16.400000 0.760599 -0.649222 0.721651 -0.692257 2.277357 2.335408 -0.649222 0.760599 -0.692257 0.721651 0.013919 5.567444 -0.637424 -34.850959 200.000000 -34.850959 0.009829 3.931512 0.770513 52.003854 200.000000 52.003854 0.300668 120.267029 -0.637424 -1.352851 200.000000 -1.352851 0.238753 95.501105 0.770513 2.757832 200.000000 2.757832
 16.600000 0.755175 -0.655523 0.784551 -0.620064 2.285672 2.239621 -0.655523 0.755175 -0.620064 0.784551 0.032759 13.103598 -0.637424 -34.850959 200.000000 -34.850959 0.023527 9.410675 0.770513 52.003854 200.000000 52.003854 0.030137 12.054609 -0.637424 -1.352851 200.000000 -1.352851 0.019706 7.882503 0.770513 2.757832 200.000000 2.757832
 16.800000 0.736623 -0.676304 0.721346 -0.692574 2.313529 2.335848 -0.676304 0.736623 -0.692574 0.721346 0.151163 60.465263 -0.637424 -34.850959 200.000000 -34.850959 0.114855 45.942188 0.770513 52.003854 200.000000 52.003854 0.304157 121.662840 -0.637424 -1.352851 200.000000 -1.352851 0.241738 96.695053 0.770513 2.757832 200.000000 2.757832
 17.000000 0.700518 -0.713635 0.735558 -0.677462 2.365470 2.315103 -0.713635 0.700518 -0.677462 0.735558 0.580813 232.325369 -0.637424 -34.850959 200.000000 -34.850959 0.489939 195.975490 0.770513 52.003854 200.000000 52.003854 0.160303 64.121151 -0.637424 -1.352851 200.000000 -1.352851 0.122187 48.874959 0.770513 2.757832 200.000000 2.757832
 17.200000 0.654536 -0.756031 0.763863 -0.645379 2.428024 2.272315 -0.756031 0.654536 -0.645379 0.763863 1.406763 562.705328 -0.637424 -34.850959 200.000000 -34.850959 1.345078 538.031060 0.770513 52.003854 200.000000 52.003854 0.006328 2.531059 -0.637424 -1.352851 200.000000 -1.352851 0.004423 1.769124 0.770513 2.757832 200.000000 2.757832
 17.400000 0.741854 -0.670562 0.748361 -0.663292 2.305762 2.296005 -0.670562 0.741854 -0.663292 0.748361 0.109810 43.923839 -0.637424 -34.850959 200.000000 -34.850959 0.082136 32.854259 0.770513 52.003854 200.000000 52.003854 0.066914 26.765667 -0.637424 -1.352851 200.000000 -1.352851 0.049073 19.629051 0.770513 2.757832 200.000000 2.757832
 17.600000 0.734514 -0.678593 0.736085 -0.676889 2.316642 2.314324 -0.678593 0.734514 -0.676889 0.736085 0.169492 67.796986 -0.637424 -34.850959 200.000000 -34.850959 0.129594 51.837603 0.770513 52.003854 200.000000 52.003854 0.155746 62.298596 -0.637424 -1.352851 200.000000 -1.352851 0.118528 47.411157 0.770513 2.757832 200.000000 2.757832
 17.800000 0.763730 -0.645536 0.749738 -0.661735 2.272521 2.293927 -0.645536 0.763730 -0.661735 0.749738 0.006580 2.631883 -0.637424 -34.850959 200.000000 -34.850959 0.004601 1.840365 0.770513 52.003854 200.000000 52.003854 0.059103 23.641362 -0.637424 -1.352851 200.000000 -1.352851 0.043163 17.265004 0.770513 2.757832 200.000000 2.757832
 18.000000 0.767240 -0.641360 0.701595 -0.712576 2.267066 2.363959 -0.641360 0.767240 -0.712576 0.701595 0.001549 0.619787 -0.637424 -34.850959 200.000000 -34.850959 0.001072 0.428611 0.770513 52.003854 200.000000 52.003854 0.564782 225.912609 -0.637424 -1.352851 200.000000 -1.352851 0.474973 189.989009 0.770513 2.757832 200.000000 2.757832
 18.200000 0.717308 -0.696756 0.723541 -0.690282 2.341661 2.332675 -0.696756 0.717308 -0.690282 0.723541 0.352026 140.810327 -0.637424 -34.850959 200.000000 -34.850959 0.283075 113.229976 0.770513 52.003854 200.000000 52.003854 0.279393 111.757117 -0.637424 -1.352851 200.000000 -1.352851 0.220641 88.256387 0.770513 2.757832 200.000000 2.757832
 18.400000 0.713698 -0.700453 0.770652 -0.637256 2.346829 2.261728 -0.700453 0.713698 -0.637256 0.770652 0.397270 158.908007 -0.637424 -34.850959 200.000000 -34.850959 0.322795 129.118013 0.770513 52.003854 200.000000 52.003854 0.000003 0.001133 -0.637424 -1.352851 200.000000 -1.352851 0.000002 0.000775 0.770513 2.757832 200.000000 2.757832
 18.600000 0.665751 -0.746174 0.809933 -0.586523 2.413093 2.197555 -0.746174 0.665751 -0.586523 0.809933 1.182657 473.062745 -0.637424 -34.850959 200.000000 -34.850959 1.097514 439.005472 0.770513 52.003854 200.000000 52.003854 0.259093 103.637388 -0.637424 -1.352851 200.000000 -1.352851 0.155390 62.155876 0.770513 2.757832 200.000000 2.757832
 18.800000 0.710346 -0.703853 0.835650 -0.549263 2.351603 2.152278 -0.703853 0.710346 -0.549263 0.835650 0.441280 176.512116 -0.637424 -34.850959 200.000000 -34.850959 0.362013 144.805152 0.770513 52.003854 200.000000 52.003854 0.777237 310.894672 -0.637424 -1.352851 200.000000 -1.352851 0.424274 169.709628 0.770513 2.757832 200.000000 2.757832
 19.000000 0.790806 -0.612066 0.773414 -0.633902 2.229467 2.257384 -0.612066 0.790806 -0.633902 0.773414 0.064300 25.720198 -0.637424 -34.850959 200.000000 -34.850959 0.041181 16.472388 0.770513 52.003854 200.000000 52.003854 0.001241 0.496307 -0.637424 -1.352851 200.000000 -1.352851 0.000841 0.336519 0.770513 2.757832 200.000000 2.757832
 19.200000 0.774754 -0.632263 0.756298 -0.654228 2.255267 2.283957 -0.632263 0.774754 -0.654228 0.756298 0.002663 1.065277 -0.637424 -34.850959 200.000000 -34.850959 0.001798 0.719199 0.770513 52.003854 200.000000 52.003854 0.028237 11.294733 -0.637424 -1.352851 200.000000 -1.352851 0.020209 8.083444 0.770513 2.757832 200.000000 2.757832
 19.400000 0.794640 -0.607081 0.693929 -0.720043 2.223178 2.374661 -0.607081 0.794640 -0.720043 0.693929 0.092072 36.828733 -0.637424 -34.850959 200.000000 -34.850959 0.058211 23.284449 0.770513 52.003854 200.000000 52.003854 0.682597 273.038943 -0.637424 -1.352851 200.000000 -1.352851 0.586515 234.605906 0.770513 2.757832 200.000000 2.757832
 19.600000 0.758628 -0.651524 0.714974 -0.699151 2.280388 2.345006 -0.651524 0.758628 -0.699151 0.714974 0.019880 7.952071 -0.637424 -34.850959 200.000000 -34.850959 0.014125 5.650091 0.770513 52.003854 200.000000 52.003854 0.381028 152.411268 -0.637424 -1.352851 200.000000 -1.352851 0.308465 123.386156 0.770513 2.757832 200.000000 2.757832
 19.800000 0.680142 -0.733081 0.667275 -0.744811 2.393637 2.411048 -0.733081 0.680142 -0.744811 0.667275 0.915021 366.008208 -0.637424 -34.850959 200.000000 -34.850959 0.816702 326.680827 0.770513 52.003854 200.000000 52.003854 1.153202 461.280911 -0.637424 -1.352851 200.000000 -1.352851 1.065809 426.323643 0.770513 2.757832 200.000000 2.757832
 20.000000 0.664169 -0.747582 0.714265 -0.699875 2.415211 2.346019 -0.747582 0.664169 -0.699875 0.714265 1.213489 485.395769 -0.637424 -34.850959 200.000000 -34.850959 1.130910 452.364134 0.770513 52.003854 200.000000 52.003854 0.390015 156.005927 -0.637424 -1.352851 200.000000 -1.352851 0.316384 126.553725 0.770513 2.757832 200.000000 2.757832
