#! FIELDS time sin_phi cos_phi sin_psi cos_psi phi psi cos_phi sin_phi cos_psi sin_psi restraint_phi_cos.bias restraint_phi_cos.force2 restraint_phi_cos.cos_phi_cntr restraint_phi_cos.cos_phi_work restraint_phi_cos.cos_phi_kappa restraint_phi_cos.work restraint_phi_sin.bias restraint_phi_sin.force2 restraint_phi_sin.sin_phi_cntr restraint_phi_sin.sin_phi_work restraint_phi_sin.sin_phi_kappa restraint_phi_sin.work restraint_psi_cos.bias restraint_psi_cos.force2 restraint_psi_cos.cos_psi_cntr restraint_psi_cos.cos_psi_work restraint_psi_cos.cos_psi_kappa restraint_psi_cos.work restraint_psi_sin.bias restraint_psi_sin.force2 restraint_psi_sin.sin_psi_cntr restraint_psi_sin.sin_psi_work restraint_psi_sin.sin_psi_kappa restraint_psi_sin.work
#! SET min_phi -pi
#! SET max_phi pi
#! SET min_psi -pi
#! SET max_psi pi
 0.000000 -0.999983 -0.005782 0.966116 0.258110 -1.576579 1.309731 -0.005782 -0.999983 0.258110 0.966116 0.000000 0.000000 -0.009747 0.000000 0.000000 0.000000 0.000000 0.000000 -0.999953 0.000000 0.000000 0.000000 0.000000 0.000000 0.256142 0.000000 0.000000 0.000000 0.000000 0.000000 0.966639 0.000000 0.000000 0.000000
 0.200000 -1.000000 -0.000266 0.834655 0.550773 -1.571062 0.987506 -0.000266 -1.000000 0.550773 0.834655 0.000899 0.035954 -0.009747 0.429322 20.000000 0.429322 0.000000 0.000001 -0.999953 0.008204 20.000000 0.008204 0.868072 34.722866 0.256142 0.437494 20.000000 0.437494 0.174198 6.967905 0.966639 0.079186 20.000000 0.079186
 0.400000 -0.998238 0.059333 0.982968 0.183778 -1.511428 1.385968 0.059333 -0.998238 0.183778 0.982968 0.095441 7.635246 -0.009747 0.576151 40.000000 0.576151 0.000059 0.004702 -0.999953 0.009175 40.000000 0.009175 0.104733 8.378618 0.256142 0.652620 40.000000 0.652620 0.005333 0.426605 0.966639 0.103852 40.000000 0.103852
 0.600000 -0.997905 0.064690 0.969721 0.244216 -1.506061 1.324085 0.064690 -0.997905 0.244216 0.969721 0.166224 19.946879 -0.009747 0.652738 60.000000 0.652738 0.000126 0.015086 -0.999953 0.009549 60.000000 0.009549 0.004267 0.512080 0.256142 0.812949 60.000000 0.812949 0.000285 0.034192 0.966639 0.126978 60.000000 0.126978
 0.800000 -0.999998 0.001894 0.948099 0.317975 -1.568902 1.247203 0.001894 -0.999998 0.317975 0.948099 0.005420 0.867200 -0.009747 0.745440 80.000000 0.745440 0.000000 0.000013 -0.999953 0.009931 80.000000 0.009931 0.152931 24.469032 0.256142 0.870396 80.000000 0.870396 0.013749 2.199883 0.966639 0.131256 80.000000 0.131256
 1.000000 -0.997905 -0.064690 0.983714 0.179740 -1.635531 1.390074 -0.064690 -0.997905 0.179740 0.983714 0.150938 30.187619 -0.009747 0.830208 100.000000 0.830208 0.000210 0.041905 -0.999953 0.010215 100.000000 0.010215 0.291867 58.373466 0.256142 0.906296 100.000000 0.906296 0.014578 2.915595 0.966639 0.133900 100.000000 0.133900
 1.200000 -0.998628 0.052357 0.985226 0.171262 -1.518415 1.398686 0.052357 -0.998628 0.171262 0.985226 0.231412 55.538994 -0.009747 0.926095 120.000000 0.926095 0.000105 0.025246 -0.999953 0.010633 120.000000 0.010633 0.432282 103.747643 0.256142 0.992025 120.000000 0.992025 0.020727 4.974582 0.966639 0.141240 120.000000 0.141240
 1.400000 -0.999098 0.042471 0.979939 0.199299 -1.528313 1.370154 0.042471 -0.999098 0.199299 0.979939 0.190866 53.442499 -0.009747 0.960898 140.000000 0.960898 0.000051 0.014321 -0.999953 0.010712 140.000000 0.010712 0.226180 63.330420 0.256142 1.092945 140.000000 1.092945 0.012382 3.466844 0.966639 0.149518 140.000000 0.149518
 1.600000 -0.999952 0.009779 0.961528 0.274706 -1.561018 1.292512 0.009779 -0.999952 0.274706 0.961528 0.030498 9.759450 -0.009747 1.007093 160.000000 1.007093 0.000000 0.000000 -0.999953 0.010845 160.000000 0.010845 0.027570 8.822428 0.256142 1.162447 160.000000 1.162447 0.002090 0.668714 0.966639 0.156254 160.000000 0.156254
 1.800000 -0.999816 -0.019191 0.970209 0.242271 -1.589988 1.326090 -0.019191 -0.999816 0.242271 0.970209 0.008027 2.889774 -0.009747 1.051966 180.000000 1.051966 0.000002 0.000605 -0.999953 0.010933 180.000000 0.010933 0.017316 6.233938 0.256142 1.193883 180.000000 1.193883 0.001147 0.412811 0.966639 0.158912 180.000000 0.158912
 2.000000 -0.987451 0.157923 0.943128 0.332430 -1.412209 1.231917 0.157923 -0.987451 0.332430 0.943128 2.811311 1124.524500 -0.009747 1.081900 200.000000 1.081900 0.015628 6.251093 -0.999953 0.011013 200.000000 0.011013 0.581986 232.794469 0.256142 1.219741 200.000000 1.219741 0.055278 22.111200 0.966639 0.161373 200.000000 0.161373
 2.200000 -0.996950 0.078047 0.956960 0.290221 -1.492669 1.276339 0.078047 -0.996950 0.290221 0.956960 0.867020 346.807912 -0.015067 1.101616 200.000000 1.101616 0.317684 127.073402 -0.940586 0.332742 200.000000 0.332742 1.770635 708.254081 0.157156 1.400676 200.000000 1.400676 0.010122 4.048605 0.967020 0.160830 200.000000 0.160830
 2.400000 -0.999993 -0.003721 0.986560 0.163398 -1.574517 1.406662 -0.003721 -0.999993 0.163398 0.986560 0.027774 11.109622 -0.020387 1.131979 200.000000 1.131979 1.410705 564.282118 -0.881220 1.375615 200.000000 1.375615 1.107326 442.930374 0.058169 1.668379 200.000000 1.668379 0.036706 14.682224 0.967401 0.159107 200.000000 0.159107
 2.600000 -0.990262 -0.139215 0.987825 0.155568 -1.710465 1.414594 -0.139215 -0.990262 0.155568 0.987825 1.288414 515.365702 -0.025707 1.144476 200.000000 1.144476 2.836143 1134.457020 -0.821854 3.109074 200.000000 3.109074 3.856721 1542.688304 -0.040818 1.762598 200.000000 1.762598 0.040171 16.068235 0.967783 0.156862 200.000000 0.156862
 2.800000 -0.996665 -0.081607 0.995796 -0.091598 -1.652494 1.662523 -0.081607 -0.996665 -0.091598 0.995796 0.255834 102.333792 -0.031027 1.151014 200.000000 1.151014 5.483896 2193.558384 -0.762487 5.554483 200.000000 5.554483 0.232383 92.953038 -0.139804 1.753696 200.000000 1.753696 0.076354 30.541500 0.968164 0.154942 200.000000 0.154942
 3.000000 -0.994466 -0.105059 0.992868 -0.119219 -1.676050 1.690299 -0.105059 -0.994466 -0.119219 0.992868 0.472140 188.856027 -0.036347 1.166092 200.000000 1.166092 8.488182 3395.272680 -0.703121 8.711592 200.000000 8.711592 1.429755 571.901878 -0.238791 1.910890 200.000000 1.910890 0.059161 23.664249 0.968545 0.154003 200.000000 0.154003
 3.200000 -0.997122 -0.075813 0.968272 -0.249898 -1.646682 1.823371 -0.075813 -0.997122 -0.249898 0.968272 0.116596 46.638421 -0.041667 1.158278 200.000000 1.158278 12.486837 4994.734988 -0.643755 12.526250 200.000000 12.526250 0.000146 0.058355 -0.248690 2.048972 200.000000 2.048972 0.000010 0.003867 0.968583 0.153883 200.000000 0.153883
 3.400000 -0.999682 -0.025215 0.983458 -0.181137 -1.596014 1.752939 -0.025215 -0.999682 -0.181137 0.983458 0.047400 18.959936 -0.046987 1.165427 200.000000 1.165427 17.246864 6898.745613 -0.584389 17.061259 200.000000 17.061259 0.456336 182.534544 -0.248690 2.048972 200.000000 2.048972 0.022126 8.850235 0.968583 0.153883 200.000000 0.153883
 3.600000 -0.999994 -0.003338 0.985491 -0.169727 -1.574134 1.741349 -0.003338 -0.999994 -0.169727 0.985491 0.239791 95.916446 -0.052307 1.139838 200.000000 1.139838 22.559848 9023.939315 -0.525022 22.266339 200.000000 22.266339 0.623511 249.404409 -0.248690 2.048972 200.000000 2.048972 0.028588 11.435121 0.968583 0.153883 200.000000 0.153883
 3.800000 -0.968236 -0.250037 0.968050 -0.250757 -1.823515 1.824259 -0.250037 -0.968236 -0.250757 0.968050 3.702182 1480.872967 -0.057627 1.116428 200.000000 1.116428 25.258685 10103.473880 -0.465656 28.198449 200.000000 28.198449 0.000427 0.170995 -0.248690 2.048972 200.000000 2.048972 0.000028 0.011373 0.968583 0.153883 200.000000 0.153883
 4.000000 -0.982953 -0.183855 0.939089 -0.343673 -1.755703 1.921621 -0.183855 -0.982953 -0.343673 0.939089 1.461878 584.751019 -0.062947 1.053031 200.000000 1.053031 33.254095 13301.638128 -0.406290 34.754050 200.000000 34.754050 0.902174 360.869632 -0.248690 2.048972 200.000000 2.048972 0.086988 34.795087 0.968583 0.153883 200.000000 0.153883
 4.200000 -0.996020 -0.089134 0.929509 -0.368800 -1.660049 1.948514 -0.089134 -0.996020 -0.368800 0.929509 0.043547 17.418884 -0.068267 0.951919 200.000000 0.951919 42.132570 16853.028188 -0.346924 41.989958 200.000000 41.989958 1.442633 577.053297 -0.248690 2.048972 200.000000 2.048972 0.152679 61.071759 0.968583 0.153883 200.000000 0.153883
 4.400000 -0.969299 -0.245885 0.959229 -0.282630 -1.819229 1.857331 -0.245885 -0.969299 -0.282630 0.959229 2.968662 1187.464797 -0.073587 0.839101 200.000000 0.839101 46.477196 18590.878201 -0.287557 49.889198 200.000000 49.889198 0.115191 46.076558 -0.248690 2.048972 200.000000 2.048972 0.008750 3.499954 0.968583 0.153883 200.000000 0.153883
 4.600000 -0.999482 -0.032173 0.940315 -0.340304 -1.602975 1.918037 -0.032173 -0.999482 -0.340304 0.940315 0.218404 87.361525 -0.078907 0.641282 200.000000 0.641282 59.489031 23795.612505 -0.228191 58.248065 200.000000 58.248065 0.839315 335.725940 -0.248690 2.048972 200.000000 2.048972 0.079906 31.962502 0.968583 0.153883 200.000000 0.153883
 4.800000 -0.751688 -0.659519 0.956745 -0.290928 -2.290975 1.865993 -0.659519 -0.751688 -0.290928 0.956745 33.096172 13238.468904 -0.084227 0.393026 200.000000 0.393026 33.972922 13589.168995 -0.168825 66.946583 200.000000 66.946583 0.178404 71.361798 -0.248690 2.048972 200.000000 2.048972 0.014014 5.605685 0.968583 0.153883 200.000000 0.153883
 5.000000 -0.858270 -0.513198 0.974209 -0.225647 -2.109703 1.798403 -0.513198 -0.858270 -0.225647 0.974209 17.948066 7179.226584 -0.089547 -0.100798 200.000000 -0.100798 56.071901 22428.760361 -0.109458 75.155726 200.000000 75.155726 0.053099 21.239501 -0.248690 2.048972 200.000000 2.048972 0.003165 1.266091 0.968583 0.153883 200.000000 0.153883
 5.200000 -0.424920 -0.905231 0.980947 -0.194274 -2.702719 1.766313 -0.905231 -0.424920 -0.194274 0.980947 65.669062 26267.624703 -0.094867 -0.658589 200.000000 -0.658589 14.049572 5619.828840 -0.050092 83.258154 200.000000 83.258154 0.296111 118.444373 -0.248690 2.048972 200.000000 2.048972 0.015287 6.114918 0.968583 0.153883 200.000000 0.153883
 5.400000 -0.357592 -0.933878 0.982494 -0.186293 -2.775904 1.758184 -0.933878 -0.357592 -0.186293 0.982494 69.504133 27801.653052 -0.100187 -1.551004 200.000000 -1.551004 13.459075 5383.630067 0.009274 87.072981 200.000000 87.072981 0.389340 155.735949 -0.248690 2.048972 200.000000 2.048972 0.019352 7.740763 0.968583 0.153883 200.000000 0.153883
 5.600000 0.285086 -0.958502 0.973877 -0.227077 2.852497 1.799872 -0.958502 0.285086 -0.227077 0.973877 72.760122 29104.048730 -0.105507 -2.464578 200.000000 -2.464578 4.684870 1873.947886 0.068640 89.189468 200.000000 89.189468 0.046710 18.684199 -0.248690 2.048972 200.000000 2.048972 0.002802 1.120880 0.968583 0.153883 200.000000 0.153883
 5.800000 0.293902 -0.955836 0.977637 -0.210301 2.843286 1.782680 -0.955836 0.293902 -0.210301 0.977637 71.404043 28561.617029 -0.110827 -3.390880 200.000000 -3.390880 2.752118 1100.847292 0.128007 88.281419 200.000000 88.281419 0.147367 58.946945 -0.248690 2.048972 200.000000 2.048972 0.008196 3.278585 0.968583 0.153883 200.000000 0.153883
 6.000000 0.642844 -0.765998 0.948086 -0.318013 2.443388 1.894429 -0.765998 0.642844 -0.318013 0.948086 42.230633 16892.253201 -0.116147 -4.223126 200.000000 -4.223126 20.745349 8298.139680 0.187373 85.030793 200.000000 85.030793 0.480571 192.228358 -0.248690 2.048972 200.000000 2.048972 0.042012 16.804826 0.968583 0.153883 200.000000 0.153883
 6.200000 0.944978 -0.327133 0.952836 -0.303485 1.904064 1.879144 -0.327133 0.944978 -0.303485 0.952836 4.229853 1691.941077 -0.121467 -4.448505 200.000000 -4.448505 48.753810 19501.524136 0.246739 76.815090 200.000000 76.815090 0.300248 120.099121 -0.248690 2.048972 200.000000 2.048972 0.024796 9.918554 0.968583 0.153883 200.000000 0.153883
 6.400000 0.985648 -0.168815 0.946919 -0.321472 1.740424 1.898080 -0.168815 0.985648 -0.321472 0.946919 0.176642 70.656800 -0.126787 -4.607317 200.000000 -4.607317 46.177769 18471.107537 0.306105 68.727640 200.000000 68.727640 0.529721 211.888215 -0.248690 2.048972 200.000000 2.048972 0.046933 18.773165 0.968583 0.153883 200.000000 0.153883
 6.600000 0.899205 -0.437527 0.947215 -0.320600 2.023643 1.897159 -0.437527 0.899205 -0.320600 0.947215 9.328176 3731.270397 -0.132107 -4.805345 200.000000 -4.805345 28.487145 11394.857849 0.365472 61.591102 200.000000 61.591102 0.517103 206.841234 -0.248690 2.048972 200.000000 2.048972 0.045661 18.264354 0.968583 0.153883 200.000000 0.153883
 6.800000 0.974697 -0.223528 0.966557 -0.256453 1.796229 1.830147 -0.223528 0.974697 -0.256453 0.966557 0.741350 296.539924 -0.137427 -4.878845 200.000000 -4.878845 30.234546 12093.818305 0.424838 54.707042 200.000000 54.707042 0.006027 2.410633 -0.248690 2.048972 200.000000 2.048972 0.000411 0.164261 0.968583 0.153883 200.000000 0.153883
 7.000000 0.940904 -0.338675 0.941009 -0.338383 1.916304 1.915994 -0.338675 0.940904 -0.338383 0.941009 3.838780 1535.511967 -0.142747 -4.933270 200.000000 -4.933270 20.857428 8342.971153 0.484204 48.476482 200.000000 48.476482 0.804481 321.792420 -0.248690 2.048972 200.000000 2.048972 0.076036 30.414344 0.968583 0.153883 200.000000 0.153883
 7.200000 0.986183 -0.165658 0.962846 -0.270051 1.737222 1.844242 -0.165658 0.986183 -0.270051 0.962846 0.030947 12.378934 -0.148067 -5.001928 200.000000 -5.001928 19.590599 7836.239525 0.543571 42.994501 200.000000 42.994501 0.045629 18.251754 -0.248690 2.048972 200.000000 2.048972 0.003291 1.316582 0.968583 0.153883 200.000000 0.153883
 7.400000 0.999460 0.032859 0.971441 -0.237283 1.537931 1.810364 0.032859 0.999460 -0.237283 0.971441 3.468736 1387.494355 -0.153387 -5.022752 200.000000 -5.022752 15.723066 6289.226375 0.602937 38.132759 200.000000 38.132759 0.013011 5.204593 -0.248690 2.048972 200.000000 2.048972 0.000816 0.326586 0.968583 0.153883 200.000000 0.153883
 7.600000 0.996053 -0.088761 0.964831 -0.262871 1.659674 1.836793 -0.088761 0.996053 -0.262871 0.964831 0.489239 195.695582 -0.158707 -5.045017 200.000000 -5.045017 11.138900 4455.559994 0.662303 34.034334 200.000000 34.034334 0.020110 8.044155 -0.248690 2.048972 200.000000 2.048972 0.001408 0.563152 0.968583 0.153883 200.000000 0.153883
 7.800000 0.993394 -0.114755 0.960353 -0.278786 1.685804 1.853326 -0.114755 0.993394 -0.278786 0.960353 0.242773 97.109025 -0.164027 -5.044532 200.000000 -5.044532 7.383423 2953.369227 0.721669 30.558324 200.000000 30.558324 0.090579 36.231618 -0.248690 2.048972 200.000000 2.048972 0.006773 2.709303 0.968583 0.153883 200.000000 0.153883
 8.000000 0.995401 -0.095800 0.991953 -0.126606 1.666744 1.697743 -0.095800 0.995401 -0.126606 0.991953 0.540905 216.361906 -0.169347 -5.028514 200.000000 -5.028514 4.595234 1838.093776 0.781036 27.755107 200.000000 27.755107 1.490445 596.177831 -0.248690 2.048972 200.000000 2.048972 0.054615 21.846103 0.968583 0.153883 200.000000 0.153883
 8.200000 0.989572 -0.144042 0.966065 -0.258299 1.715342 1.832057 -0.144042 0.989572 -0.258299 0.966065 0.093784 37.513449 -0.174667 -5.009419 200.000000 -5.009419 2.225158 890.063388 0.840402 25.676994 200.000000 25.676994 0.009233 3.693149 -0.248690 2.048972 200.000000 2.048972 0.000634 0.253623 0.968583 0.153883 200.000000 0.153883
 8.400000 0.990181 -0.139794 0.965731 -0.259544 1.711050 1.833346 -0.139794 0.990181 -0.259544 0.965731 0.161541 64.616480 -0.179987 -4.969889 200.000000 -4.969889 0.817441 326.976278 0.899768 24.278083 200.000000 24.278083 0.011782 4.712606 -0.248690 2.048972 200.000000 2.048972 0.000813 0.325338 0.968583 0.153883 200.000000 0.153883
 8.600000 0.991705 -0.128533 0.946090 -0.323905 1.699686 1.900650 -0.128533 0.991705 -0.323905 0.946090 0.322322 128.928881 -0.185307 -4.938709 200.000000 -4.938709 0.106086 42.434321 0.959134 23.596847 200.000000 23.596847 0.565729 226.291486 -0.248690 2.048972 200.000000 2.048972 0.050596 20.238286 0.968583 0.153883 200.000000 0.153883
 8.800000 0.986765 -0.162155 0.952194 -0.305495 1.733671 1.881254 -0.162155 0.986765 -0.305495 0.952194 0.063635 25.454155 -0.187381 -4.905371 200.000000 -4.905371 0.002005 0.802102 0.982287 23.491429 200.000000 23.491429 0.322681 129.072376 -0.248690 2.048972 200.000000 2.048972 0.026861 10.744561 0.968583 0.153883 200.000000 0.153883
 9.000000 0.971043 -0.238905 0.978657 -0.205499 1.812035 1.777770 -0.238905 0.971043 -0.205499 0.978657 0.265473 106.189306 -0.187381 -4.905371 200.000000 -4.905371 0.012644 5.057468 0.982287 23.491429 200.000000 23.491429 0.186549 74.619411 -0.248690 2.048972 200.000000 2.048972 0.010149 4.059615 0.968583 0.153883 200.000000 0.153883
 9.200000 0.994367 -0.105990 0.986010 -0.166687 1.676986 1.738265 -0.105990 0.994367 -0.166687 0.986010 0.662455 264.982176 -0.187381 -4.905371 200.000000 -4.905371 0.014593 5.837008 0.982287 23.491429 200.000000 23.491429 0.672445 268.978135 -0.248690 2.048972 200.000000 2.048972 0.030369 12.147564 0.968583 0.153883 200.000000 0.153883
 9.400000 0.990753 -0.135681 0.948530 -0.316688 1.706897 1.893033 -0.135681 0.990753 -0.316688 0.948530 0.267290 106.915868 -0.187381 -4.905371 200.000000 -4.905371 0.007166 2.866446 0.982287 23.491429 200.000000 23.491429 0.462380 184.952170 -0.248690 2.048972 200.000000 2.048972 0.040214 16.085791 0.968583 0.153883 200.000000 0.153883
 9.600000 0.986946 -0.161053 0.964331 -0.264700 1.732553 1.838689 -0.161053 0.986946 -0.264700 0.964331 0.069320 27.727941 -0.187381 -4.905371 200.000000 -4.905371 0.002170 0.868089 0.982287 23.491429 200.000000 23.491429 0.025631 10.252371 -0.248690 2.048972 200.000000 2.048972 0.001808 0.723258 0.968583 0.153883 200.000000 0.153883
 9.800000 0.988539 -0.150966 0.952541 -0.304410 1.722342 1.880115 -0.150966 0.988539 -0.304410 0.952541 0.132609 53.043451 -0.187381 -4.905371 200.000000 -4.905371 0.003908 1.563364 0.982287 23.491429 200.000000 23.491429 0.310468 124.187202 -0.248690 2.048972 200.000000 2.048972 0.025734 10.293718 0.968583 0.153883 200.000000 0.153883
 10.000000 0.993289 -0.115658 0.962323 -0.271908 1.686713 1.846171 -0.115658 0.993289 -0.271908 0.962323 0.514428 205.771039 -0.187381 -4.905371 200.000000 -4.905371 0.012104 4.841654 0.982287 23.491429 200.000000 23.491429 0.053908 21.563108 -0.248690 2.048972 200.000000 2.048972 0.003919 1.567450 0.968583 0.153883 200.000000 0.153883
 10.200000 0.989529 -0.144337 0.959412 -0.282007 1.715639 1.856681 -0.144337 0.989529 -0.282007 0.959412 0.185282 74.112954 -0.187381 -4.905371 200.000000 -4.905371 0.005244 2.097490 0.982287 23.491429 200.000000 23.491429 0.111000 44.399954 -0.248690 2.048972 200.000000 2.048972 0.008410 3.364052 0.968583 0.153883 200.000000 0.153883
 10.400000 0.982135 -0.188177 0.968634 -0.248491 1.760102 1.821918 -0.188177 0.982135 -0.248491 0.968634 0.000063 0.025344 -0.187381 -4.905371 200.000000 -4.905371 0.000002 0.000926 0.982287 23.491429 200.000000 23.491429 0.000004 0.001588 -0.248690 2.048972 200.000000 2.048972 0.000000 0.000105 0.968583 0.153883 200.000000 0.153883
 10.600000 0.988725 -0.149740 0.989334 -0.145664 1.721101 1.716980 -0.149740 0.988725 -0.145664 0.989334 0.141689 56.675700 -0.187381 -4.905371 200.000000 -4.905371 0.004145 1.658020 0.982287 23.491429 200.000000 23.491429 1.061443 424.577210 -0.248690 2.048972 200.000000 2.048972 0.043061 17.224205 0.968583 0.153883 200.000000 0.153883
 10.800000 0.993572 -0.113206 0.957048 -0.289929 1.684246 1.864949 -0.113206 0.993572 -0.289929 0.957048 0.550193 220.077226 -0.187381 -4.905371 200.000000 -4.905371 0.012733 5.093373 0.982287 23.491429 200.000000 23.491429 0.170067 68.026709 -0.248690 2.048972 200.000000 2.048972 0.013306 5.322264 0.968583 0.153883 200.000000 0.153883
 11.000000 0.992548 -0.121852 0.949988 -0.312287 1.692952 1.888396 -0.121852 0.992548 -0.312287 0.949988 0.429407 171.762604 -0.187381 -4.905371 200.000000 -4.905371 0.010529 4.211530 0.982287 23.491429 200.000000 23.491429 0.404464 161.785540 -0.248690 2.048972 200.000000 2.048972 0.034579 13.831667 0.968583 0.153883 200.000000 0.153883
 11.200000 0.988666 -0.150131 0.975315 -0.220820 1.721498 1.793451 -0.150131 0.988666 -0.220820 0.975315 0.138755 55.501949 -0.187381 -4.905371 200.000000 -4.905371 0.004069 1.627557 0.982287 23.491429 200.000000 23.491429 0.077673 31.069167 -0.248690 2.048972 200.000000 2.048972 0.004531 1.812476 0.968583 0.153883 200.000000 0.153883
 11.400000 0.988251 -0.152839 0.930813 -0.365495 1.724237 1.944961 -0.152839 0.988251 -0.365495 0.930813 0.119318 47.727398 -0.187381 -4.905371 200.000000 -4.905371 0.003557 1.422715 0.982287 23.491429 200.000000 23.491429 1.364348 545.739073 -0.248690 2.048972 200.000000 2.048972 0.142657 57.062703 0.968583 0.153883 200.000000 0.153883
 11.600000 0.990491 -0.137577 0.966420 -0.256967 1.708811 1.830679 -0.137577 0.990491 -0.256967 0.966420 0.248050 99.220070 -0.187381 -4.905371 200.000000 -4.905371 0.006730 2.692138 0.982287 23.491429 200.000000 23.491429 0.006852 2.740687 -0.248690 2.048972 200.000000 2.048972 0.000468 0.187158 0.968583 0.153883 200.000000 0.153883
 11.800000 0.989288 -0.145978 0.970947 -0.239295 1.717298 1.812436 -0.145978 0.989288 -0.239295 0.970947 0.171421 68.568250 -0.187381 -4.905371 200.000000 -4.905371 0.004901 1.960300 0.982287 23.491429 200.000000 23.491429 0.008826 3.530540 -0.248690 2.048972 200.000000 2.048972 0.000559 0.223491 0.968583 0.153883 200.000000 0.153883
 12.000000 0.981545 -0.191232 0.933595 -0.358331 1.763214 1.937275 -0.191232 0.981545 -0.358331 0.933595 0.001483 0.593235 -0.187381 -4.905371 200.000000 -4.905371 0.000055 0.022050 0.982287 23.491429 200.000000 23.491429 1.202108 480.843111 -0.248690 2.048972 200.000000 2.048972 0.122419 48.967481 0.968583 0.153883 200.000000 0.153883
 12.200000 0.992533 -0.121975 0.975085 -0.221833 1.693076 1.794490 -0.121975 0.992533 -0.221833 0.975085 0.427799 171.119669 -0.187381 -4.905371 200.000000 -4.905371 0.010498 4.199161 0.982287 23.491429 200.000000 23.491429 0.072128 28.851319 -0.248690 2.048972 200.000000 2.048972 0.004227 1.690766 0.968583 0.153883 200.000000 0.153883
 12.400000 0.999997 0.002247 0.958241 -0.285961 1.568549 1.860806 0.002247 0.999997 -0.285961 0.958241 3.595896 1438.358376 -0.187381 -4.905371 200.000000 -4.905371 0.031365 12.546082 0.982287 23.491429 200.000000 23.491429 0.138914 55.565715 -0.248690 2.048972 200.000000 2.048972 0.010696 4.278223 0.968583 0.153883 200.000000 0.153883
 12.600000 0.990324 -0.138775 0.975521 -0.219907 1.710020 1.792515 -0.138775 0.990324 -0.219907 0.975521 0.236262 94.504886 -0.187381 -4.905371 200.000000 -4.905371 0.006459 2.583578 0.982287 23.491429 200.000000 23.491429 0.082848 33.139274 -0.248690 2.048972 200.000000 2.048972 0.004813 1.925315 0.968583 0.153883 200.000000 0.153883
 12.800000 0.982973 -0.183751 0.978366 -0.206883 1.755598 1.779184 -0.183751 0.982973 -0.206883 0.978366 0.001318 0.527083 -0.187381 -4.905371 200.000000 -4.905371 0.000047 0.018797 0.982287 23.491429 200.000000 23.491429 0.174782 69.912775 -0.248690 2.048972 200.000000 2.048972 0.009570 3.827922 0.968583 0.153883 200.000000 0.153883
 13.000000 0.979872 -0.199627 0.958181 -0.286161 1.771773 1.861015 -0.199627 0.979872 -0.286161 0.958181 0.014995 5.997940 -0.187381 -4.905371 200.000000 -4.905371 0.000583 0.233332 0.982287 23.491429 200.000000 23.491429 0.140411 56.164266 -0.248690 2.048972 200.000000 2.048972 0.010820 4.327815 0.968583 0.153883 200.000000 0.153883
 13.200000 0.980734 -0.195350 0.944801 -0.327643 1.767411 1.904604 -0.195350 0.980734 -0.327643 0.944801 0.006350 2.540022 -0.187381 -4.905371 200.000000 -4.905371 0.000241 0.096555 0.982287 23.491429 200.000000 23.491429 0.623365 249.345900 -0.248690 2.048972 200.000000 2.048972 0.056557 22.622728 0.968583 0.153883 200.000000 0.153883
 13.400000 0.991827 -0.127593 0.948179 -0.317736 1.698738 1.894137 -0.127593 0.991827 -0.317736 0.948179 0.357462 142.984606 -0.187381 -4.905371 200.000000 -4.905371 0.009100 3.639953 0.982287 23.491429 200.000000 23.491429 0.476733 190.693180 -0.248690 2.048972 200.000000 2.048972 0.041632 16.652688 0.968583 0.153883 200.000000 0.153883
 13.600000 0.994427 -0.105428 0.957483 -0.288489 1.676421 1.863444 -0.105428 0.994427 -0.288489 0.957483 0.671632 268.652749 -0.187381 -4.905371 200.000000 -4.905371 0.014737 5.894864 0.982287 23.491429 200.000000 23.491429 0.158394 63.357792 -0.248690 2.048972 200.000000 2.048972 0.012321 4.928274 0.968583 0.153883 200.000000 0.153883
 13.800000 0.999385 -0.035062 0.973252 -0.229739 1.605865 1.802606 -0.035062 0.999385 -0.229739 0.973252 2.320125 928.050102 -0.187381 -4.905371 200.000000 -4.905371 0.029234 11.693524 0.982287 23.491429 200.000000 23.491429 0.035914 14.365698 -0.248690 2.048972 200.000000 2.048972 0.002180 0.872040 0.968583 0.153883 200.000000 0.153883
 14.000000 0.994246 -0.107124 0.977064 -0.212945 1.678126 1.785384 -0.107124 0.994246 -0.212945 0.977064 0.644131 257.652509 -0.187381 -4.905371 200.000000 -4.905371 0.014300 5.720199 0.982287 23.491429 200.000000 23.491429 0.127769 51.107747 -0.248690 2.048972 200.000000 2.048972 0.007193 2.877106 0.968583 0.153883 200.000000 0.153883
 14.200000 0.979364 -0.202105 0.992574 -0.121642 1.774303 1.692740 -0.202105 0.979364 -0.121642 0.992574 0.021680 8.671829 -0.187381 -4.905371 200.000000 -4.905371 0.000855 0.341863 0.982287 23.491429 200.000000 23.491429 1.614118 645.647025 -0.248690 2.048972 200.000000 2.048972 0.057556 23.022499 0.968583 0.153883 200.000000 0.153883
 14.400000 0.986921 -0.161206 0.959160 -0.282864 1.732709 1.857575 -0.161206 0.986921 -0.282864 0.959160 0.068514 27.405604 -0.187381 -4.905371 200.000000 -4.905371 0.002147 0.858776 0.982287 23.491429 200.000000 23.491429 0.116789 46.715613 -0.248690 2.048972 200.000000 2.048972 0.008880 3.551884 0.968583 0.153883 200.000000 0.153883
 14.600000 0.974709 -0.223477 0.964770 -0.263095 1.796177 1.837025 -0.223477 0.974709 -0.263095 0.964770 0.130292 52.116749 -0.187381 -4.905371 200.000000 -4.905371 0.005743 2.297111 0.982287 23.491429 200.000000 23.491429 0.020751 8.300551 -0.248690 2.048972 200.000000 2.048972 0.001454 0.581648 0.968583 0.153883 200.000000 0.153883
 14.800000 0.989579 -0.143990 0.954748 -0.297414 1.715289 1.872780 -0.143990 0.989579 -0.297414 0.954748 0.188279 75.311452 -0.187381 -4.905371 200.000000 -4.905371 0.005317 2.126848 0.982287 23.491429 200.000000 23.491429 0.237408 94.963342 -0.248690 2.048972 200.000000 2.048972 0.019140 7.655947 0.968583 0.153883 200.000000 0.153883
 15.000000 0.979232 -0.202741 0.977731 -0.209862 1.774952 1.782230 -0.202741 0.979232 -0.209862 0.977731 0.023591 9.436367 -0.187381 -4.905371 200.000000 -4.905371 0.000933 0.373268 0.982287 23.491429 200.000000 23.491429 0.150761 60.304440 -0.248690 2.048972 200.000000 2.048972 0.008368 3.347343 0.968583 0.153883 200.000000 0.153883
 15.200000 0.979212 -0.202839 0.973329 -0.229415 1.775053 1.802273 -0.202839 0.979212 -0.229415 0.973329 0.023894 9.557472 -0.187381 -4.905371 200.000000 -4.905371 0.000946 0.378256 0.982287 23.491429 200.000000 23.491429 0.037151 14.860503 -0.248690 2.048972 200.000000 2.048972 0.002252 0.900785 0.968583 0.153883 200.000000 0.153883
 15.400000 0.998993 -0.044863 0.967824 -0.251628 1.615675 1.825158 -0.044863 0.998993 -0.251628 0.967824 2.031138 812.455047 -0.187381 -4.905371 200.000000 -4.905371 0.027909 11.163461 0.982287 23.491429 200.000000 23.491429 0.000863 0.345226 -0.248690 2.048972 200.000000 2.048972 0.000058 0.023046 0.968583 0.153883 200.000000 0.153883
 15.600000 0.978435 -0.206555 0.965515 -0.260347 1.778849 1.834178 -0.206555 0.978435 -0.260347 0.965515 0.036764 14.705448 -0.187381 -4.905371 200.000000 -4.905371 0.001484 0.593606 0.982287 23.491429 200.000000 23.491429 0.013590 5.435954 -0.248690 2.048972 200.000000 2.048972 0.000941 0.376546 0.968583 0.153883 200.000000 0.153883
 15.800000 0.973738 -0.227673 0.946855 -0.321661 1.800483 1.898279 -0.227673 0.973738 -0.321661 0.946855 0.162339 64.935469 -0.187381 -4.905371 200.000000 -4.905371 0.007309 2.923763 0.982287 23.491429 200.000000 23.491429 0.532474 212.989576 -0.248690 2.048972 200.000000 2.048972 0.047211 18.884516 0.968583 0.153883 200.000000 0.153883
 16.000000 0.999606 -0.028072 0.940801 -0.338960 1.598872 1.916608 -0.028072 0.999606 -0.338960 0.940801 2.537934 1015.173543 -0.187381 -4.905371 200.000000 -4.905371 0.029994 11.997415 0.982287 23.491429 200.000000 23.491429 0.814873 325.949176 -0.248690 2.048972 200.000000 2.048972 0.077186 30.874576 0.968583 0.153883 200.000000 0.153883
 16.200000 0.994761 -0.102226 0.944130 -0.329574 1.673202 1.906649 -0.102226 0.994761 -0.329574 0.944130 0.725138 290.055045 -0.187381 -4.905371 200.000000 -4.905371 0.015560 6.223945 0.982287 23.491429 200.000000 23.491429 0.654227 261.690958 -0.248690 2.048972 200.000000 2.048972 0.059797 23.918924 0.968583 0.153883 200.000000 0.153883
 16.400000 0.990842 -0.135025 0.955590 -0.294698 1.706235 1.869936 -0.135025 0.990842 -0.294698 0.955590 0.274122 109.648657 -0.187381 -4.905371 200.000000 -4.905371 0.007319 2.927510 0.982287 23.491429 200.000000 23.491429 0.211678 84.671043 -0.248690 2.048972 200.000000 2.048972 0.016881 6.752535 0.968583 0.153883 200.000000 0.153883
 16.600000 0.978463 -0.206424 0.968814 -0.247788 1.778715 1.821192 -0.206424 0.978463 -0.247788 0.968814 0.036263 14.505161 -0.187381 -4.905371 200.000000 -4.905371 0.001463 0.585116 0.982287 23.491429 200.000000 23.491429 0.000081 0.032561 -0.248690 2.048972 200.000000 2.048972 0.000005 0.002138 0.968583 0.153883 200.000000 0.153883
 16.800000 0.980949 -0.194265 0.952049 -0.305946 1.766304 1.881728 -0.194265 0.980949 -0.305946 0.952049 0.004738 1.895370 -0.187381 -4.905371 200.000000 -4.905371 0.000179 0.071626 0.982287 23.491429 200.000000 23.491429 0.327822 131.128905 -0.248690 2.048972 200.000000 2.048972 0.027338 10.935167 0.968583 0.153883 200.000000 0.153883
 17.000000 0.990855 -0.134930 0.971806 -0.235781 1.706139 1.808818 -0.134930 0.990855 -0.235781 0.971806 0.275111 110.044435 -0.187381 -4.905371 200.000000 -4.905371 0.007341 2.936318 0.982287 23.491429 200.000000 23.491429 0.016665 6.666029 -0.248690 2.048972 200.000000 2.048972 0.001039 0.415551 0.968583 0.153883 200.000000 0.153883
 17.200000 0.969742 -0.244131 0.958240 -0.285966 1.817420 1.860811 -0.244131 0.969742 -0.285966 0.958240 0.322057 128.822686 -0.187381 -4.905371 200.000000 -4.905371 0.015738 6.295159 0.982287 23.491429 200.000000 23.491429 0.138953 55.581209 -0.248690 2.048972 200.000000 2.048972 0.010699 4.279506 0.968583 0.153883 200.000000 0.153883
 17.400000 0.989906 -0.141727 0.944846 -0.327516 1.713002 1.904470 -0.141727 0.989906 -0.327516 0.944846 0.208436 83.374228 -0.187381 -4.905371 200.000000 -4.905371 0.005804 2.321718 0.982287 23.491429 200.000000 23.491429 0.621361 248.544583 -0.248690 2.048972 200.000000 2.048972 0.056348 22.539054 0.968583 0.153883 200.000000 0.153883
 17.600000 0.993942 -0.109904 0.975446 -0.220239 1.680923 1.792856 -0.109904 0.993942 -0.220239 0.975446 0.600278 240.111138 -0.187381 -4.905371 200.000000 -4.905371 0.013584 5.433550 0.982287 23.491429 200.000000 23.491429 0.080943 32.377113 -0.248690 2.048972 200.000000 2.048972 0.004710 1.883855 0.968583 0.153883 200.000000 0.153883
 17.800000 0.987097 -0.160121 0.937270 -0.348604 1.731610 1.926877 -0.160121 0.987097 -0.348604 0.937270 0.074311 29.724571 -0.187381 -4.905371 200.000000 -4.905371 0.002314 0.925487 0.982287 23.491429 200.000000 23.491429 0.998280 399.311855 -0.248690 2.048972 200.000000 2.048972 0.098050 39.220141 0.968583 0.153883 200.000000 0.153883
 18.000000 0.997409 -0.071937 0.966736 -0.255775 1.642796 1.829446 -0.071937 0.997409 -0.255775 0.966736 1.332735 533.094195 -0.187381 -4.905371 200.000000 -4.905371 0.022867 9.146894 0.982287 23.491429 200.000000 23.491429 0.005021 2.008217 -0.248690 2.048972 200.000000 2.048972 0.000341 0.136448 0.968583 0.153883 200.000000 0.153883
 18.200000 0.985314 -0.170750 0.980020 -0.198897 1.742387 1.771029 -0.170750 0.985314 -0.198897 0.980020 0.027660 11.063828 -0.187381 -4.905371 200.000000 -4.905371 0.000916 0.366535 0.982287 23.491429 200.000000 23.491429 0.247929 99.171475 -0.248690 2.048972 200.000000 2.048972 0.013081 5.232333 0.968583 0.153883 200.000000 0.153883
 18.400000 0.981494 -0.191491 0.970840 -0.239729 1.763477 1.812883 -0.191491 0.981494 -0.239729 0.970840 0.001689 0.675450 -0.187381 -4.905371 200.000000 -4.905371 0.000063 0.025142 0.982287 23.491429 200.000000 23.491429 0.008030 3.211902 -0.248690 2.048972 200.000000 2.048972 0.000509 0.203705 0.968583 0.153883 200.000000 0.153883
 18.600000 0.996761 -0.080420 0.977362 -0.211574 1.651303 1.783981 -0.080420 0.996761 -0.211574 0.977362 1.144068 457.627044 -0.187381 -4.905371 200.000000 -4.905371 0.020949 8.379633 0.982287 23.491429 200.000000 23.491429 0.137761 55.104238 -0.248690 2.048972 200.000000 2.048972 0.007707 3.082742 0.968583 0.153883 200.000000 0.153883
 18.800000 0.985383 -0.170355 0.973186 -0.230018 1.741986 1.802892 -0.170355 0.985383 -0.230018 0.973186 0.028989 11.595615 -0.187381 -4.905371 200.000000 -4.905371 0.000958 0.383280 0.982287 23.491429 200.000000 23.491429 0.034865 13.946020 -0.248690 2.048972 200.000000 2.048972 0.002119 0.847609 0.968583 0.153883 200.000000 0.153883
 19.000000 0.990868 -0.134833 0.968028 -0.250840 1.706041 1.824345 -0.134833 0.990868 -0.250840 0.968028 0.276137 110.454891 -0.187381 -4.905371 200.000000 -4.905371 0.007364 2.945444 0.982287 23.491429 200.000000 23.491429 0.000463 0.185000 -0.248690 2.048972 200.000000 2.048972 0.000031 0.012309 0.968583 0.153883 200.000000 0.153883
 19.200000 0.996204 -0.087050 0.960625 -0.277848 1.657957 1.852349 -0.087050 0.996204 -0.277848 0.960625 1.006636 402.654246 -0.187381 -4.905371 200.000000 -4.905371 0.019367 7.746966 0.982287 23.491429 200.000000 23.491429 0.085018 34.007379 -0.248690 2.048972 200.000000 2.048972 0.006333 2.533226 0.968583 0.153883 200.000000 0.153883
 19.400000 0.994037 -0.109044 0.981407 -0.191937 1.680057 1.763932 -0.109044 0.994037 -0.191937 0.981407 0.613677 245.470985 -0.187381 -4.905371 200.000000 -4.905371 0.013806 5.522219 0.982287 23.491429 200.000000 23.491429 0.322087 128.834968 -0.248690 2.048972 200.000000 2.048972 0.016446 6.578261 0.968583 0.153883 200.000000 0.153883
 19.600000 0.990727 -0.135864 0.960938 -0.276764 1.707082 1.851221 -0.135864 0.990727 -0.276764 0.960938 0.265403 106.161261 -0.187381 -4.905371 200.000000 -4.905371 0.007124 2.849508 0.982287 23.491429 200.000000 23.491429 0.078815 31.525985 -0.248690 2.048972 200.000000 2.048972 0.005845 2.337968 0.968583 0.153883 200.000000 0.153883
 19.800000 0.987633 -0.156786 0.953176 -0.302417 1.728232 1.878023 -0.156786 0.987633 -0.302417 0.953176 0.093606 37.442506 -0.187381 -4.905371 200.000000 -4.905371 0.002857 1.142898 0.982287 23.491429 200.000000 23.491429 0.288657 115.462973 -0.248690 2.048972 200.000000 2.048972 0.023739 9.495463 0.968583 0.153883 200.000000 0.153883
 20.000000 0.993276 -0.115768 0.952544 -0.304401 1.686825 1.880106 -0.115768 0.993276 -0.304401 0.952544 0.512840 205.136185 -0.187381 -4.905371 200.000000 -4.905371 0.012076 4.830307 0.982287 23.491429 200.000000 23.491429 0.310375 124.150011 -0.248690 2.048972 200.000000 2.048972 0.025726 10.290297 0.968583 0.153883 200.000000 0.153883
