#! FIELDS time sin_phi cos_phi sin_psi cos_psi phi psi cos_phi sin_phi cos_psi sin_psi restraint_phi_cos.bias restraint_phi_cos.force2 restraint_phi_cos.cos_phi_cntr restraint_phi_cos.cos_phi_work restraint_phi_cos.cos_phi_kappa restraint_phi_cos.work restraint_phi_sin.bias restraint_phi_sin.force2 restraint_phi_sin.sin_phi_cntr restraint_phi_sin.sin_phi_work restraint_phi_sin.sin_phi_kappa restraint_phi_sin.work restraint_psi_cos.bias restraint_psi_cos.force2 restraint_psi_cos.cos_psi_cntr restraint_psi_cos.cos_psi_work restraint_psi_cos.cos_psi_kappa restraint_psi_cos.work restraint_psi_sin.bias restraint_psi_sin.force2 restraint_psi_sin.sin_psi_cntr restraint_psi_sin.sin_psi_work restraint_psi_sin.sin_psi_kappa restraint_psi_sin.work
#! SET min_phi -pi
#! SET max_phi pi
#! SET min_psi -pi
#! SET max_psi pi
 0.000000 -0.999983 -0.005782 0.966116 0.258110 -1.576579 1.309731 -0.005782 -0.999983 0.258110 0.966116 0.000000 0.000000 -0.009747 0.000000 0.000000 0.000000 0.000000 0.000000 -0.999953 0.000000 0.000000 0.000000 0.000000 0.000000 0.256142 0.000000 0.000000 0.000000 0.000000 0.000000 0.966639 0.000000 0.000000 0.000000
 0.200000 -1.000000 -0.000270 0.834659 0.550766 -1.571067 0.987514 -0.000270 -1.000000 0.550766 0.834659 0.000898 0.035920 -0.009747 0.429322 20.000000 0.429322 0.000000 0.000001 -0.999953 0.008204 20.000000 0.008204 0.868034 34.721347 0.256142 0.437490 20.000000 0.437490 0.174186 6.967456 0.966639 0.079184 20.000000 0.079184
 0.400000 -0.998237 0.059353 0.982965 0.183791 -1.511408 1.385954 0.059353 -0.998237 0.183791 0.982965 0.095495 7.639617 -0.009747 0.576151 40.000000 0.576151 0.000059 0.004708 -0.999953 0.009175 40.000000 0.009175 0.104694 8.375539 0.256142 0.652615 40.000000 0.652615 0.005331 0.426475 0.966639 0.103851 40.000000 0.103851
 0.600000 -0.997905 0.064696 0.969722 0.244212 -1.506055 1.324090 0.064696 -0.997905 0.244212 0.969722 0.166252 19.950207 -0.009747 0.652738 60.000000 0.652738 0.000126 0.015092 -0.999953 0.009549 60.000000 0.009549 0.004270 0.512437 0.256142 0.812942 60.000000 0.812942 0.000285 0.034215 0.966639 0.126976 60.000000 0.126976
 0.800000 -0.999998 0.001896 0.948099 0.317975 -1.568900 1.247204 0.001896 -0.999998 0.317975 0.948099 0.005422 0.867516 -0.009747 0.745440 80.000000 0.745440 0.000000 0.000013 -0.999953 0.009931 80.000000 0.009931 0.152929 24.468694 0.256142 0.870387 80.000000 0.870387 0.013749 2.199849 0.966639 0.131254 80.000000 0.131254
 1.000000 -0.997908 -0.064647 0.983715 0.179733 -1.635488 1.390081 -0.064647 -0.997908 0.179733 0.983715 0.150702 30.140315 -0.009747 0.830209 100.000000 0.830209 0.000209 0.041791 -0.999953 0.010215 100.000000 0.010215 0.291921 58.384155 0.256142 0.906285 100.000000 0.906285 0.014580 2.916032 0.966639 0.133898 100.000000 0.133898
 1.200000 -0.998638 0.052178 0.985243 0.171159 -1.518594 1.398790 0.052178 -0.998638 0.171159 0.985243 0.230080 55.219214 -0.009747 0.926076 120.000000 0.926076 0.000104 0.024890 -0.999953 0.010632 120.000000 0.010632 0.433327 103.998443 0.256142 0.992004 120.000000 0.992004 0.020767 4.984124 0.966639 0.141237 120.000000 0.141237
 1.400000 -0.999101 0.042384 0.979961 0.199189 -1.528400 1.370266 0.042384 -0.999101 0.199189 0.979961 0.190230 53.264498 -0.009747 0.960915 140.000000 0.960915 0.000051 0.014198 -0.999953 0.010712 140.000000 0.010712 0.227056 63.575605 0.256142 1.092924 140.000000 1.092924 0.012423 3.478506 0.966639 0.149509 140.000000 0.149509
 1.600000 -0.999952 0.009813 0.961483 0.274866 -1.560983 1.292346 0.009813 -0.999952 0.274866 0.961483 0.030606 9.793775 -0.009747 1.006981 160.000000 1.006981 0.000000 0.000000 -0.999953 0.010844 160.000000 0.010844 0.028045 8.974410 0.256142 1.162377 160.000000 1.162377 0.002127 0.680674 0.966639 0.156236 160.000000 0.156236
 1.800000 -0.999841 -0.017822 0.970391 0.241538 -1.588620 1.326845 -0.017822 -0.999841 0.241538 0.970391 0.005870 2.113146 -0.009747 1.052342 180.000000 1.052342 0.000001 0.000402 -0.999953 0.010933 180.000000 0.010933 0.019195 6.910145 0.256142 1.193859 180.000000 1.193859 0.001267 0.456159 0.966639 0.158888 180.000000 0.158888
 2.000000 -0.986834 0.161737 0.941559 0.336847 -1.408346 1.227230 0.161737 -0.986834 0.336847 0.941559 2.940653 1176.261186 -0.009747 1.082518 200.000000 1.082518 0.017210 6.883876 -0.999953 0.011018 200.000000 0.011018 0.651327 260.530806 0.256142 1.220776 200.000000 1.220776 0.062899 25.159742 0.966639 0.161475 200.000000 0.161475
 2.200000 -0.995838 0.091145 0.960090 0.279690 -1.479524 1.287325 0.091145 -0.995838 0.279690 0.960090 0.803820 321.527974 0.001489 1.041920 200.000000 1.041920 0.418030 167.211985 -0.931182 0.449475 200.000000 0.449475 1.485968 594.387109 0.157790 1.315698 200.000000 1.315698 0.066066 26.426368 0.985794 0.166665 200.000000 0.166665
 2.400000 -0.999081 0.042868 0.978219 0.207578 -1.527915 1.361698 0.042868 -0.999081 0.207578 0.978219 0.090860 36.344064 0.012725 0.974281 200.000000 0.974281 1.867828 747.131347 -0.862412 1.839062 200.000000 1.839062 0.676418 270.567031 0.125333 1.397371 200.000000 1.397371 0.019310 7.724173 0.992115 0.172390 200.000000 0.172390
 2.600000 -0.996768 -0.080335 0.939623 0.342210 -1.651218 1.221528 -0.080335 -0.996768 0.342210 0.939623 1.087778 435.111229 0.023961 0.924709 200.000000 0.924709 4.126010 1650.404107 -0.793642 4.157708 200.000000 4.157708 4.703559 1881.423535 0.125333 1.397371 200.000000 1.397371 0.275533 110.213261 0.992115 0.172390 200.000000 0.172390
 2.800000 -0.999596 -0.028414 0.987519 0.157501 -1.599214 1.412637 -0.028414 -0.999596 0.157501 0.987519 0.404639 161.855722 0.035197 0.872501 200.000000 0.872501 7.547345 3018.938052 -0.724872 7.417453 200.000000 7.417453 0.103475 41.390159 0.125333 1.397371 200.000000 1.397371 0.002112 0.844872 0.992115 0.172390 200.000000 0.172390
 3.000000 -0.999949 0.010125 0.986494 0.163799 -1.560671 1.406255 0.010125 -0.999949 0.163799 0.986494 0.131830 52.732013 0.046433 0.767111 200.000000 0.767111 11.823074 4729.229482 -0.656102 11.599369 200.000000 11.599369 0.147965 59.186017 0.125333 1.397371 200.000000 1.397371 0.003160 1.263845 0.992115 0.172390 200.000000 0.172390
 3.200000 -0.989030 0.147713 0.994779 0.102053 -1.422540 1.468565 0.147713 -0.989030 0.102053 0.994779 0.810798 324.319031 0.057669 0.674938 200.000000 0.674938 16.136175 6454.469875 -0.587332 16.688479 200.000000 16.688479 0.054197 21.678645 0.125333 1.397371 200.000000 1.397371 0.000710 0.283930 0.992115 0.172390 200.000000 0.172390
 3.400000 -0.990353 0.138569 0.995919 0.090249 -1.431780 1.480425 0.138569 -0.990353 0.090249 0.995919 0.485307 194.122748 0.068905 0.525388 200.000000 0.525388 22.258703 8903.481057 -0.518561 22.683145 200.000000 22.683145 0.123092 49.236762 0.125333 1.397371 200.000000 1.397371 0.001447 0.578984 0.992115 0.172390 200.000000 0.172390
 3.600000 -0.963768 0.266741 0.982217 0.187751 -1.300787 1.381924 0.266741 -0.963768 0.187751 0.982217 3.481939 1392.775606 0.080141 0.312505 200.000000 0.312505 26.417240 10566.896027 -0.449791 29.552992 200.000000 29.552992 0.389602 155.840925 0.125333 1.397371 200.000000 1.397371 0.009797 3.918906 0.992115 0.172390 200.000000 0.172390
 3.800000 -0.973549 0.228477 0.999752 0.022257 -1.340283 1.548538 0.228477 -0.973549 0.022257 0.999752 1.879652 751.860715 0.091377 0.052372 200.000000 0.052372 35.108948 14043.579352 -0.381021 37.247559 200.000000 37.247559 1.062481 424.992208 0.125333 1.397371 200.000000 1.397371 0.005833 2.333312 0.992115 0.172390 200.000000 0.172390
 4.000000 -0.891764 0.452501 0.989375 0.145383 -1.101229 1.424896 0.452501 -0.891764 0.145383 0.989375 12.242138 4896.855293 0.102613 -0.283874 200.000000 -0.283874 33.583542 13433.416909 -0.312251 45.731259 200.000000 45.731259 0.040200 16.079822 0.125333 1.397371 200.000000 1.397371 0.000750 0.300142 0.992115 0.172390 200.000000 0.172390
 4.200000 -0.843934 0.536447 0.993358 0.115068 -1.004575 1.455473 0.536447 -0.843934 0.115068 0.993358 17.858934 7143.573595 0.113849 -0.711592 200.000000 -0.711592 36.054386 14421.754268 -0.243481 54.900308 200.000000 54.900308 0.010537 4.214984 0.125333 1.397371 200.000000 1.397371 0.000154 0.061793 0.992115 0.172390 200.000000 0.172390
 4.400000 -0.884356 0.466813 0.991707 0.128522 -1.085113 1.441917 0.466813 -0.884356 0.128522 0.991707 11.677814 4671.125541 0.125085 -1.281246 200.000000 -1.281246 50.359653 20143.861053 -0.174711 64.729944 200.000000 64.729944 0.001017 0.406823 0.125333 1.397371 200.000000 1.397371 0.000017 0.006662 0.992115 0.172390 200.000000 0.172390
 4.600000 -0.843977 0.536379 0.997560 0.069814 -1.004655 1.500925 0.536379 -0.843977 0.069814 0.997560 16.004676 6401.870411 0.136321 -2.143346 200.000000 -2.143346 54.469796 21787.918215 -0.105941 74.517892 200.000000 74.517892 0.308236 123.294291 0.125333 1.397371 200.000000 1.397371 0.002965 1.186055 0.992115 0.172390 200.000000 0.172390
 4.800000 -0.851260 0.524744 0.993856 0.110683 -1.018382 1.459886 0.524744 -0.851260 0.110683 0.993856 14.227044 5690.817604 0.147557 -3.451537 200.000000 -3.451537 66.274177 26509.670966 -0.037170 82.790811 200.000000 82.790811 0.021463 8.585393 0.125333 1.397371 200.000000 1.397371 0.000303 0.121254 0.992115 0.172390 200.000000 0.172390
 5.000000 0.111901 0.993719 0.995285 0.096996 0.112136 1.473648 0.993719 0.111901 0.096996 0.995285 69.710273 27884.109151 0.158793 -5.089803 200.000000 -5.089803 0.644838 257.935151 0.031600 87.455608 200.000000 87.455608 0.080302 32.120776 0.125333 1.397371 200.000000 1.397371 0.001005 0.401983 0.992115 0.172390 200.000000 0.172390
 5.200000 0.727174 0.686454 0.993716 0.111931 0.814195 1.458630 0.686454 0.727174 0.111931 0.993716 26.669501 10667.800251 0.170028 -6.731408 200.000000 -6.731408 39.288289 15715.315643 0.100370 83.099250 200.000000 83.099250 0.017961 7.184401 0.125333 1.397371 200.000000 1.397371 0.000256 0.102559 0.992115 0.172390 200.000000 0.172390
 5.400000 0.652062 0.758166 0.983491 0.180955 0.710301 1.388839 0.758166 0.652062 0.180955 0.983491 33.281541 13312.616250 0.181264 -8.036736 200.000000 -8.036736 23.321334 9328.533779 0.169140 76.134267 200.000000 76.134267 0.309374 123.749588 0.125333 1.397371 200.000000 1.397371 0.007436 2.974422 0.992115 0.172390 200.000000 0.172390
 5.600000 0.832403 0.554171 0.986202 0.165545 0.983430 1.404486 0.554171 0.832403 0.165545 0.986202 13.080552 5232.220801 0.192500 -9.248499 200.000000 -9.248499 35.342178 14136.871173 0.237910 69.630033 200.000000 69.630033 0.161699 64.679590 0.125333 1.397371 200.000000 1.397371 0.003496 1.398293 0.992115 0.172390 200.000000 0.172390
 5.800000 0.740979 0.671528 0.992434 0.122778 0.834527 1.447708 0.671528 0.740979 0.122778 0.992434 21.882947 8753.178813 0.203736 -10.163569 200.000000 -10.163569 18.861524 7544.609793 0.306680 62.470197 200.000000 62.470197 0.000653 0.261268 0.125333 1.397371 200.000000 1.397371 0.000010 0.004084 0.992115 0.172390 200.000000 0.172390
 6.000000 0.814742 0.579823 0.985421 0.170136 0.952285 1.399829 0.579823 0.814742 0.170136 0.985421 13.311616 5324.646215 0.214972 -10.958606 200.000000 -10.958606 19.297747 7719.098907 0.375450 55.844736 200.000000 55.844736 0.200726 80.290301 0.125333 1.397371 200.000000 1.397371 0.004481 1.792413 0.992115 0.172390 200.000000 0.172390
 6.200000 0.773860 0.633357 0.986884 0.161432 0.884913 1.408655 0.633357 0.773860 0.161432 0.986884 16.576979 6630.791499 0.226208 -11.668725 200.000000 -11.668725 10.866227 4346.490838 0.444221 49.914181 200.000000 49.914181 0.130309 52.123585 0.125333 1.397371 200.000000 1.397371 0.002736 1.094448 0.992115 0.172390 200.000000 0.172390
 6.400000 0.851822 0.523832 0.984553 0.175088 1.019453 1.394802 0.523832 0.851822 0.175088 0.984553 8.201784 3280.713605 0.237444 -12.170107 200.000000 -12.170107 11.480653 4592.261172 0.512991 44.315348 200.000000 44.315348 0.247549 99.019536 0.125333 1.397371 200.000000 1.397371 0.005718 2.287249 0.992115 0.172390 200.000000 0.172390
 6.600000 0.884923 0.465737 0.989609 0.143783 1.086329 1.426513 0.465737 0.884923 0.143783 0.989609 4.711363 1884.545395 0.248680 -12.703207 200.000000 -12.703207 9.190748 3676.299338 0.581761 39.814614 200.000000 39.814614 0.034039 13.615408 0.125333 1.397371 200.000000 1.397371 0.000628 0.251087 0.992115 0.172390 200.000000 0.172390
 6.800000 0.850819 0.525458 0.989140 0.146979 1.017543 1.423283 0.525458 0.850819 0.146979 0.989140 7.051270 2820.507853 0.259916 -13.014601 200.000000 -13.014601 4.011545 1604.618074 0.650531 35.665791 200.000000 35.665791 0.046856 18.742205 0.125333 1.397371 200.000000 1.397371 0.000885 0.354059 0.992115 0.172390 200.000000 0.172390
 7.000000 0.935405 0.353577 0.995687 0.092773 1.209404 1.477890 0.353577 0.935405 0.092773 0.995687 0.679392 271.756619 0.271152 -13.337174 200.000000 -13.337174 4.670105 1868.042008 0.719301 32.566340 200.000000 32.566340 0.106016 42.406274 0.125333 1.397371 200.000000 1.397371 0.001276 0.510529 0.992115 0.172390 200.000000 0.172390
 7.200000 0.935526 0.353259 0.995960 0.089803 1.209744 1.480872 0.353259 0.935526 0.089803 0.995960 0.502268 200.907288 0.282388 -13.603800 200.000000 -13.603800 2.174280 869.712007 0.788071 30.320943 200.000000 30.320943 0.126242 50.496624 0.125333 1.397371 200.000000 1.397371 0.001478 0.591321 0.992115 0.172390 200.000000 0.172390
 7.400000 0.938728 0.344660 0.986852 0.161626 1.218920 1.408458 0.344660 0.938728 0.161626 0.986852 0.260467 104.186861 0.293624 -13.773672 200.000000 -13.773672 0.670536 268.214412 0.856841 28.849017 200.000000 28.849017 0.131717 52.686885 0.125333 1.397371 200.000000 1.397371 0.002770 1.107812 0.992115 0.172390 200.000000 0.172390
 7.600000 0.936809 0.349842 0.995463 0.095150 1.213394 1.475502 0.349842 0.936809 0.095150 0.995463 0.202337 80.934918 0.304860 -13.948086 200.000000 -13.948086 0.012538 5.015180 0.925612 28.391559 200.000000 28.391559 0.091101 36.440477 0.125333 1.397371 200.000000 1.397371 0.001121 0.448423 0.992115 0.172390 200.000000 0.172390
 7.800000 0.950976 0.309264 0.988864 0.148821 1.256378 1.421421 0.309264 0.950976 0.148821 0.988864 0.000006 0.002431 0.309017 -13.947835 200.000000 -13.947835 0.000001 0.000257 0.951057 28.335334 200.000000 28.335334 0.055167 22.066736 0.125333 1.397371 200.000000 1.397371 0.001057 0.422637 0.992115 0.172390 200.000000 0.172390
 8.000000 0.912437 0.409217 0.981747 0.190193 1.149200 1.379438 0.409217 0.912437 0.190193 0.981747 1.004009 401.603788 0.309017 -13.947835 200.000000 -13.947835 0.149147 59.658768 0.951057 28.335334 200.000000 28.335334 0.420678 168.271091 0.125333 1.397371 200.000000 1.397371 0.010749 4.299786 0.992115 0.172390 200.000000 0.172390
 8.200000 0.930863 0.365368 0.972086 0.234625 1.196768 1.333964 0.365368 0.930863 0.234625 0.972086 0.317548 127.019271 0.309017 -13.947835 200.000000 -13.947835 0.040778 16.311122 0.951057 28.335334 200.000000 28.335334 1.194464 477.785501 0.125333 1.397371 200.000000 1.397371 0.040115 16.045929 0.992115 0.172390 200.000000 0.172390
 8.400000 0.928795 0.370593 0.990643 0.136482 1.191149 1.433887 0.370593 0.928795 0.136482 0.990643 0.379160 151.664183 0.309017 -13.947835 200.000000 -13.947835 0.049556 19.822357 0.951057 28.335334 200.000000 28.335334 0.012429 4.971671 0.125333 1.397371 200.000000 1.397371 0.000217 0.086687 0.992115 0.172390 200.000000 0.172390
 8.600000 0.973060 0.230551 0.988270 0.152714 1.338153 1.417482 0.230551 0.973060 0.152714 0.988270 0.615698 246.279283 0.309017 -13.947835 200.000000 -13.947835 0.048417 19.366745 0.951057 28.335334 200.000000 28.335334 0.074972 29.988604 0.125333 1.397371 200.000000 1.397371 0.001478 0.591146 0.992115 0.172390 200.000000 0.172390
 8.800000 0.945188 0.326527 0.993500 0.113836 1.238170 1.456713 0.326527 0.945188 0.113836 0.993500 0.030659 12.263478 0.309017 -13.947835 200.000000 -13.947835 0.003444 1.377576 0.951057 28.335334 200.000000 28.335334 0.013219 5.287594 0.125333 1.397371 200.000000 1.397371 0.000192 0.076715 0.992115 0.172390 200.000000 0.172390
 9.000000 0.942347 0.334637 0.984667 0.174443 1.229576 1.395457 0.334637 0.942347 0.174443 0.984667 0.065639 26.255727 0.309017 -13.947835 200.000000 -13.947835 0.007585 3.034190 0.951057 28.335334 200.000000 28.335334 0.241173 96.469151 0.125333 1.397371 200.000000 1.397371 0.005546 2.218524 0.992115 0.172390 200.000000 0.172390
 9.200000 0.916699 0.399578 0.981105 0.193476 1.159740 1.376093 0.399578 0.916699 0.193476 0.981105 0.820124 328.049623 0.309017 -13.947835 200.000000 -13.947835 0.118042 47.216645 0.951057 28.335334 200.000000 28.335334 0.464338 185.735306 0.125333 1.397371 200.000000 1.397371 0.012121 4.848465 0.992115 0.172390 200.000000 0.172390
 9.400000 0.955791 0.294048 0.993353 0.115106 1.272337 1.455434 0.294048 0.955791 0.115106 0.993353 0.022408 8.963398 0.309017 -13.947835 200.000000 -13.947835 0.002241 0.896537 0.951057 28.335334 200.000000 28.335334 0.010459 4.183457 0.125333 1.397371 200.000000 1.397371 0.000153 0.061351 0.992115 0.172390 200.000000 0.172390
 9.600000 0.936747 0.350007 0.986443 0.164107 1.213218 1.405943 0.350007 0.936747 0.164107 0.986443 0.168019 67.207502 0.309017 -13.947835 200.000000 -13.947835 0.020476 8.190430 0.951057 28.335334 200.000000 28.335334 0.150342 60.136851 0.125333 1.397371 200.000000 1.397371 0.003217 1.286951 0.992115 0.172390 200.000000 0.172390
 9.800000 0.920900 0.389799 0.986217 0.165459 1.170383 1.404573 0.389799 0.920900 0.165459 0.986217 0.652567 261.026796 0.309017 -13.947835 200.000000 -13.947835 0.090941 36.376316 0.951057 28.335334 200.000000 28.335334 0.161005 64.402089 0.125333 1.397371 200.000000 1.397371 0.003479 1.391447 0.992115 0.172390 200.000000 0.172390
 10.000000 0.924359 0.381524 0.983665 0.180011 1.179351 1.389799 0.381524 0.924359 0.180011 0.983665 0.525732 210.292925 0.309017 -13.947835 200.000000 -13.947835 0.071277 28.510786 0.951057 28.335334 200.000000 28.335334 0.298966 119.586386 0.125333 1.397371 200.000000 1.397371 0.007140 2.856172 0.992115 0.172390 200.000000 0.172390
 10.200000 0.928473 0.371399 0.978627 0.205644 1.190281 1.363675 0.371399 0.928473 0.205644 0.978627 0.389157 155.662756 0.309017 -13.947835 200.000000 -13.947835 0.051001 20.400270 0.951057 28.335334 200.000000 28.335334 0.644978 257.991227 0.125333 1.397371 200.000000 1.397371 0.018192 7.276812 0.992115 0.172390 200.000000 0.172390
 10.400000 0.941393 0.337313 0.996193 0.087173 1.226736 1.483513 0.337313 0.941393 0.087173 0.996193 0.080064 32.025462 0.309017 -13.947835 200.000000 -13.947835 0.009339 3.735553 0.951057 28.335334 200.000000 28.335334 0.145622 58.248892 0.125333 1.397371 200.000000 1.397371 0.001663 0.665369 0.992115 0.172390 200.000000 0.172390
 10.600000 0.966019 0.258470 0.993269 0.115832 1.309358 1.454704 0.258470 0.966019 0.115832 0.993269 0.255495 102.198107 0.309017 -13.947835 200.000000 -13.947835 0.022388 8.955232 0.951057 28.335334 200.000000 28.335334 0.009027 3.610770 0.125333 1.397371 200.000000 1.397371 0.000133 0.053277 0.992115 0.172390 200.000000 0.172390
 10.800000 0.901574 0.432625 0.979646 0.200734 1.123394 1.368689 0.432625 0.901574 0.200734 0.979646 1.527898 611.159397 0.309017 -13.947835 200.000000 -13.947835 0.244853 97.941279 0.951057 28.335334 200.000000 28.335334 0.568535 227.413897 0.125333 1.397371 200.000000 1.397371 0.015548 6.219054 0.992115 0.172390 200.000000 0.172390
 11.000000 0.911701 0.410854 0.994103 0.108437 1.147406 1.462146 0.410854 0.911701 0.108437 0.994103 1.037080 414.831837 0.309017 -13.947835 200.000000 -13.947835 0.154885 61.953929 0.951057 28.335334 200.000000 28.335334 0.028550 11.419889 0.125333 1.397371 200.000000 1.397371 0.000395 0.158192 0.992115 0.172390 200.000000 0.172390
 11.200000 0.927759 0.373181 0.980535 0.196343 1.188361 1.373170 0.373181 0.927759 0.196343 0.980535 0.411702 164.680781 0.309017 -13.947835 200.000000 -13.947835 0.054279 21.711795 0.951057 28.335334 200.000000 28.335334 0.504233 201.693198 0.125333 1.397371 200.000000 1.397371 0.013408 5.363250 0.992115 0.172390 200.000000 0.172390
 11.400000 0.945511 0.325589 0.993533 0.113547 1.239162 1.457004 0.325589 0.945511 0.113547 0.993533 0.027463 10.985229 0.309017 -13.947835 200.000000 -13.947835 0.003075 1.229931 0.951057 28.335334 200.000000 28.335334 0.013891 5.556393 0.125333 1.397371 200.000000 1.397371 0.000201 0.080417 0.992115 0.172390 200.000000 0.172390
 11.600000 0.954186 0.299214 0.992233 0.124395 1.266927 1.446079 0.299214 0.954186 0.124395 0.992233 0.009610 3.843807 0.309017 -13.947835 200.000000 -13.947835 0.000979 0.391740 0.951057 28.335334 200.000000 28.335334 0.000088 0.035230 0.125333 1.397371 200.000000 1.397371 0.000001 0.000558 0.992115 0.172390 200.000000 0.172390
 11.800000 0.909470 0.415770 0.975676 0.219216 1.142007 1.349785 0.415770 0.909470 0.219216 0.975676 1.139626 455.850377 0.309017 -13.947835 200.000000 -13.947835 0.172947 69.178611 0.951057 28.335334 200.000000 28.335334 0.881406 352.562583 0.125333 1.397371 200.000000 1.397371 0.027022 10.808915 0.992115 0.172390 200.000000 0.172390
 12.000000 0.925777 0.378069 0.995848 0.091030 1.183086 1.479640 0.378069 0.925777 0.091030 0.995848 0.476821 190.728382 0.309017 -13.947835 200.000000 -13.947835 0.063904 25.561488 0.951057 28.335334 200.000000 28.335334 0.117670 47.068154 0.125333 1.397371 200.000000 1.397371 0.001394 0.557543 0.992115 0.172390 200.000000 0.172390
 12.200000 0.954544 0.298071 0.989364 0.145462 1.268125 1.424816 0.298071 0.954544 0.145462 0.989364 0.011981 4.792547 0.309017 -13.947835 200.000000 -13.947835 0.001216 0.486414 0.951057 28.335334 200.000000 28.335334 0.040516 16.206584 0.125333 1.397371 200.000000 1.397371 0.000757 0.302688 0.992115 0.172390 200.000000 0.172390
 12.400000 0.939533 0.342458 0.983518 0.180809 1.221265 1.388987 0.342458 0.939533 0.180809 0.983518 0.111830 44.731819 0.309017 -13.947835 200.000000 -13.947835 0.013279 5.311503 0.951057 28.335334 200.000000 28.335334 0.307760 123.104052 0.125333 1.397371 200.000000 1.397371 0.007390 2.956020 0.992115 0.172390 200.000000 0.172390
 12.600000 0.970372 0.241617 0.984869 0.173301 1.326764 1.396616 0.241617 0.970372 0.173301 0.984869 0.454270 181.707838 0.309017 -13.947835 200.000000 -13.947835 0.037307 14.922864 0.951057 28.335334 200.000000 28.335334 0.230089 92.035450 0.125333 1.397371 200.000000 1.397371 0.005250 2.100040 0.992115 0.172390 200.000000 0.172390
 12.800000 0.906147 0.422962 0.993755 0.111586 1.134085 1.458977 0.422962 0.906147 0.111586 0.993755 1.298346 519.338399 0.309017 -13.947835 200.000000 -13.947835 0.201683 80.673046 0.951057 28.335334 200.000000 28.335334 0.018899 7.559445 0.125333 1.397371 200.000000 1.397371 0.000269 0.107594 0.992115 0.172390 200.000000 0.172390
 13.000000 0.925537 0.378658 0.981421 0.191869 1.182451 1.377731 0.378658 0.925537 0.191869 0.981421 0.484982 193.992732 0.309017 -13.947835 200.000000 -13.947835 0.065126 26.050204 0.951057 28.335334 200.000000 28.335334 0.442696 177.078467 0.125333 1.397371 200.000000 1.397371 0.011436 4.574540 0.992115 0.172390 200.000000 0.172390
 13.200000 0.923434 0.383756 0.997795 0.066373 1.176936 1.504375 0.383756 0.923434 0.066373 0.997795 0.558596 223.438599 0.309017 -13.947835 200.000000 -13.947835 0.076298 30.519246 0.951057 28.335334 200.000000 28.335334 0.347635 139.053960 0.125333 1.397371 200.000000 1.397371 0.003226 1.290588 0.992115 0.172390 200.000000 0.172390
 13.400000 0.970865 0.239626 0.986346 0.164687 1.328815 1.405356 0.239626 0.970865 0.164687 0.986346 0.481508 192.603047 0.309017 -13.947835 200.000000 -13.947835 0.039238 15.695380 0.951057 28.335334 200.000000 28.335334 0.154872 61.948870 0.125333 1.397371 200.000000 1.397371 0.003328 1.331175 0.992115 0.172390 200.000000 0.172390
 13.600000 0.921882 0.387471 0.996534 0.083190 1.172910 1.487510 0.387471 0.921882 0.083190 0.996534 0.615503 246.201296 0.309017 -13.947835 200.000000 -13.947835 0.085116 34.046355 0.951057 28.335334 200.000000 28.335334 0.177603 71.041388 0.125333 1.397371 200.000000 1.397371 0.001953 0.781097 0.992115 0.172390 200.000000 0.172390
 13.800000 0.948972 0.315360 0.971431 0.237320 1.249960 1.331190 0.315360 0.948972 0.237320 0.971431 0.004023 1.609343 0.309017 -13.947835 200.000000 -13.947835 0.000434 0.173789 0.951057 28.335334 200.000000 28.335334 1.254110 501.643858 0.125333 1.397371 200.000000 1.397371 0.042780 17.111852 0.992115 0.172390 200.000000 0.172390
 14.000000 0.913243 0.407414 0.966045 0.258375 1.151176 1.309457 0.407414 0.913243 0.258375 0.966045 0.968201 387.280342 0.309017 -13.947835 200.000000 -13.947835 0.142982 57.192992 0.951057 28.335334 200.000000 28.335334 1.770002 708.000866 0.125333 1.397371 200.000000 1.397371 0.067964 27.185613 0.992115 0.172390 200.000000 0.172390
 14.200000 0.972141 0.234397 0.992347 0.123481 1.334198 1.447000 0.234397 0.972141 0.123481 0.992347 0.556809 222.723765 0.309017 -13.947835 200.000000 -13.947835 0.044455 17.782016 0.951057 28.335334 200.000000 28.335334 0.000343 0.137272 0.125333 1.397371 200.000000 1.397371 0.000005 0.002158 0.992115 0.172390 200.000000 0.172390
 14.400000 0.936962 0.349431 0.992355 0.123414 1.213833 1.447066 0.349431 0.936962 0.123414 0.992355 0.163326 65.330305 0.309017 -13.947835 200.000000 -13.947835 0.019865 7.945925 0.951057 28.335334 200.000000 28.335334 0.000368 0.147264 0.125333 1.397371 200.000000 1.397371 0.000006 0.002314 0.992115 0.172390 200.000000 0.172390
 14.600000 0.943739 0.330691 0.971366 0.237588 1.233760 1.330914 0.330691 0.943739 0.237588 0.971366 0.046977 18.790783 0.309017 -13.947835 200.000000 -13.947835 0.005355 2.141825 0.951057 28.335334 200.000000 28.335334 1.260114 504.045748 0.125333 1.397371 200.000000 1.397371 0.043051 17.220333 0.992115 0.172390 200.000000 0.172390
 14.800000 0.903206 0.429208 0.995413 0.095670 1.127181 1.474980 0.429208 0.903206 0.095670 0.995413 1.444583 577.833148 0.309017 -13.947835 200.000000 -13.947835 0.228969 91.587746 0.951057 28.335334 200.000000 28.335334 0.087993 35.197267 0.125333 1.397371 200.000000 1.397371 0.001088 0.435189 0.992115 0.172390 200.000000 0.172390
 15.000000 0.954522 0.298140 0.992653 0.120993 1.268053 1.449506 0.298140 0.954522 0.120993 0.992653 0.011831 4.732556 0.309017 -13.947835 200.000000 -13.947835 0.001201 0.480445 0.951057 28.335334 200.000000 28.335334 0.001883 0.753353 0.125333 1.397371 200.000000 1.397371 0.000029 0.011604 0.992115 0.172390 200.000000 0.172390
 15.200000 0.925156 0.379588 0.991682 0.128716 1.181445 1.441722 0.379588 0.925156 0.128716 0.991682 0.498026 199.210570 0.309017 -13.947835 200.000000 -13.947835 0.067086 26.834209 0.951057 28.335334 200.000000 28.335334 0.001144 0.457684 0.125333 1.397371 200.000000 1.397371 0.000019 0.007506 0.992115 0.172390 200.000000 0.172390
 15.400000 0.940167 0.340714 0.984501 0.175380 1.223120 1.394504 0.340714 0.940167 0.175380 0.984501 0.100470 40.188042 0.309017 -13.947835 200.000000 -13.947835 0.011858 4.743275 0.951057 28.335334 200.000000 28.335334 0.250471 100.188307 0.125333 1.397371 200.000000 1.397371 0.005797 2.318882 0.992115 0.172390 200.000000 0.172390
 15.600000 0.949833 0.312759 0.993130 0.117019 1.252700 1.453509 0.312759 0.949833 0.117019 0.993130 0.001400 0.560023 0.309017 -13.947835 200.000000 -13.947835 0.000150 0.059918 0.951057 28.335334 200.000000 28.335334 0.006913 2.765135 0.125333 1.397371 200.000000 1.397371 0.000103 0.041208 0.992115 0.172390 200.000000 0.172390
 15.800000 0.962917 0.269797 0.989323 0.145743 1.297614 1.424533 0.269797 0.962917 0.145743 0.989323 0.153820 61.528071 0.309017 -13.947835 200.000000 -13.947835 0.014068 5.627034 0.951057 28.335334 200.000000 28.335334 0.041655 16.662129 0.125333 1.397371 200.000000 1.397371 0.000780 0.311855 0.992115 0.172390 200.000000 0.172390
 16.000000 0.953526 0.301312 0.990649 0.136433 1.264728 1.433936 0.301312 0.953526 0.136433 0.990649 0.005936 2.374557 0.309017 -13.947835 200.000000 -13.947835 0.000610 0.243844 0.951057 28.335334 200.000000 28.335334 0.012321 4.928286 0.125333 1.397371 200.000000 1.397371 0.000215 0.085898 0.992115 0.172390 200.000000 0.172390
 16.200000 0.940719 0.339186 0.973749 0.227626 1.224745 1.341157 0.339186 0.940719 0.227626 0.973749 0.091014 36.405684 0.309017 -13.947835 200.000000 -13.947835 0.010685 4.274165 0.951057 28.335334 200.000000 28.335334 1.046379 418.551708 0.125333 1.397371 200.000000 1.397371 0.033731 13.492466 0.992115 0.172390 200.000000 0.172390
 16.400000 0.906296 0.422643 0.996346 0.085407 1.134436 1.485285 0.422643 0.906296 0.085407 0.996346 1.291098 516.439022 0.309017 -13.947835 200.000000 -13.947835 0.200350 80.140036 0.951057 28.335334 200.000000 28.335334 0.159412 63.764965 0.125333 1.397371 200.000000 1.397371 0.001791 0.716213 0.992115 0.172390 200.000000 0.172390
 16.600000 0.930395 0.366559 0.989946 0.141443 1.195489 1.428877 0.366559 0.930395 0.141443 0.989946 0.331106 132.442232 0.309017 -13.947835 200.000000 -13.947835 0.042690 17.076096 0.951057 28.335334 200.000000 28.335334 0.025953 10.381149 0.125333 1.397371 200.000000 1.397371 0.000470 0.188064 0.992115 0.172390 200.000000 0.172390
 16.800000 0.927544 0.373715 0.981885 0.189478 1.187786 1.380166 0.373715 0.927544 0.189478 0.981885 0.418578 167.431090 0.309017 -13.947835 200.000000 -13.947835 0.055285 22.114001 0.951057 28.335334 200.000000 28.335334 0.411451 164.580588 0.125333 1.397371 200.000000 1.397371 0.010465 4.185854 0.992115 0.172390 200.000000 0.172390
 17.000000 0.926242 0.376928 0.994516 0.104589 1.184319 1.466016 0.376928 0.926242 0.104589 0.994516 0.461195 184.478188 0.309017 -13.947835 200.000000 -13.947835 0.061574 24.629592 0.951057 28.335334 200.000000 28.335334 0.043032 17.212794 0.125333 1.397371 200.000000 1.397371 0.000576 0.230558 0.992115 0.172390 200.000000 0.172390
 17.200000 0.938603 0.345000 0.971455 0.237224 1.218558 1.331289 0.345000 0.938603 0.237224 0.971455 0.129476 51.790382 0.309017 -13.947835 200.000000 -13.947835 0.015510 6.203830 0.951057 28.335334 200.000000 28.335334 1.251961 500.784562 0.125333 1.397371 200.000000 1.397371 0.042683 17.073094 0.992115 0.172390 200.000000 0.172390
 17.400000 0.941495 0.337026 0.991377 0.131042 1.227040 1.439376 0.337026 0.941495 0.131042 0.991377 0.078451 31.380210 0.309017 -13.947835 200.000000 -13.947835 0.009142 3.656648 0.951057 28.335334 200.000000 28.335334 0.003259 1.303583 0.125333 1.397371 200.000000 1.397371 0.000054 0.021779 0.992115 0.172390 200.000000 0.172390
 17.600000 0.923702 0.383113 0.994516 0.104583 1.177632 1.466021 0.383113 0.923702 0.104583 0.994516 0.549020 219.608194 0.309017 -13.947835 200.000000 -13.947835 0.074830 29.931834 0.951057 28.335334 200.000000 28.335334 0.043056 17.222337 0.125333 1.397371 200.000000 1.397371 0.000577 0.230674 0.992115 0.172390 200.000000 0.172390
 17.800000 0.931178 0.364565 0.983675 0.179953 1.197631 1.389857 0.364565 0.931178 0.179953 0.983675 0.308553 123.421354 0.309017 -13.947835 200.000000 -13.947835 0.039515 15.806044 0.951057 28.335334 200.000000 28.335334 0.298336 119.334425 0.125333 1.397371 200.000000 1.397371 0.007123 2.849048 0.992115 0.172390 200.000000 0.172390
 18.000000 0.933010 0.359851 0.999894 0.014536 1.202689 1.556260 0.359851 0.933010 0.014536 0.999894 0.258406 103.362296 0.309017 -13.947835 200.000000 -13.947835 0.032568 13.027169 0.951057 28.335334 200.000000 28.335334 1.227596 491.038343 0.125333 1.397371 200.000000 1.397371 0.006052 2.420913 0.992115 0.172390 200.000000 0.172390
 18.200000 0.931665 0.363319 0.965099 0.261884 1.198969 1.305823 0.363319 0.931665 0.261884 0.965099 0.294869 117.947713 0.309017 -13.947835 200.000000 -13.947835 0.037604 15.041459 0.951057 28.335334 200.000000 28.335334 1.864610 745.843866 0.125333 1.397371 200.000000 1.397371 0.072983 29.193119 0.992115 0.172390 200.000000 0.172390
 18.400000 0.895057 0.445952 0.979378 0.202036 1.108559 1.367360 0.445952 0.895057 0.202036 0.979378 1.875125 750.049924 0.309017 -13.947835 200.000000 -13.947835 0.313597 125.438809 0.951057 28.335334 200.000000 28.335334 0.588331 235.332337 0.125333 1.397371 200.000000 1.397371 0.016222 6.488837 0.992115 0.172390 200.000000 0.172390
 18.600000 0.952762 0.303719 0.986239 0.165329 1.262203 1.404705 0.303719 0.952762 0.165329 0.986239 0.002807 1.122743 0.309017 -13.947835 200.000000 -13.947835 0.000291 0.116299 0.951057 28.335334 200.000000 28.335334 0.159964 63.985481 0.125333 1.397371 200.000000 1.397371 0.003453 1.381179 0.992115 0.172390 200.000000 0.172390
 18.800000 0.929621 0.368518 0.980367 0.197184 1.193382 1.372312 0.368518 0.929621 0.197184 0.980367 0.354037 141.614925 0.309017 -13.947835 200.000000 -13.947835 0.045950 18.379938 0.951057 28.335334 200.000000 28.335334 0.516248 206.499023 0.125333 1.397371 200.000000 1.397371 0.013802 5.520736 0.992115 0.172390 200.000000 0.172390
 19.000000 0.972517 0.232830 0.989402 0.145199 1.335810 1.425082 0.232830 0.972517 0.145199 0.989402 0.580445 232.178142 0.309017 -13.947835 200.000000 -13.947835 0.046057 18.422855 0.951057 28.335334 200.000000 28.335334 0.039467 15.786696 0.125333 1.397371 200.000000 1.397371 0.000736 0.294263 0.992115 0.172390 200.000000 0.172390
 19.200000 0.920624 0.390450 0.990115 0.140261 1.169676 1.430071 0.390450 0.920624 0.140261 0.990115 0.663126 265.250326 0.309017 -13.947835 200.000000 -13.947835 0.092612 37.044711 0.951057 28.335334 200.000000 28.335334 0.022284 8.913561 0.125333 1.397371 200.000000 1.397371 0.000400 0.160022 0.992115 0.172390 200.000000 0.172390
 19.400000 0.941986 0.335651 0.991538 0.129813 1.228500 1.440616 0.335651 0.941986 0.129813 0.991538 0.070939 28.375686 0.309017 -13.947835 200.000000 -13.947835 0.008227 3.290776 0.951057 28.335334 200.000000 28.335334 0.002007 0.802790 0.125333 1.397371 200.000000 1.397371 0.000033 0.013282 0.992115 0.172390 200.000000 0.172390
 19.600000 0.948810 0.315848 0.997434 0.071594 1.249446 1.499141 0.315848 0.948810 0.071594 0.997434 0.004666 1.866518 0.309017 -13.947835 200.000000 -13.947835 0.000505 0.201910 0.951057 28.335334 200.000000 28.335334 0.288785 115.514086 0.125333 1.397371 200.000000 1.397371 0.002829 1.131722 0.992115 0.172390 200.000000 0.172390
 19.800000 0.916020 0.401132 0.983438 0.181246 1.158044 1.388543 0.401132 0.916020 0.181246 0.983438 0.848513 339.405055 0.309017 -13.947835 200.000000 -13.947835 0.122753 49.101248 0.951057 28.335334 200.000000 28.335334 0.312626 125.050267 0.125333 1.397371 200.000000 1.397371 0.007529 3.011573 0.992115 0.172390 200.000000 0.172390
 20.000000 0.961075 0.276286 0.996710 0.081052 1.290869 1.489655 0.276286 0.961075 0.081052 0.996710 0.107131 42.852305 0.309017 -13.947835 200.000000 -13.947835 0.010038 4.015136 0.951057 28.335334 200.000000 28.335334 0.196079 78.431403 0.125333 1.397371 200.000000 1.397371 0.002112 0.844610 0.992115 0.172390 200.000000 0.172390
