#! FIELDS time sin_phi cos_phi sin_psi cos_psi phi psi cos_phi sin_phi cos_psi sin_psi restraint_phi_cos.bias restraint_phi_cos.force2 restraint_phi_cos.cos_phi_cntr restraint_phi_cos.cos_phi_work restraint_phi_cos.cos_phi_kappa restraint_phi_cos.work restraint_phi_sin.bias restraint_phi_sin.force2 restraint_phi_sin.sin_phi_cntr restraint_phi_sin.sin_phi_work restraint_phi_sin.sin_phi_kappa restraint_phi_sin.work restraint_psi_cos.bias restraint_psi_cos.force2 restraint_psi_cos.cos_psi_cntr restraint_psi_cos.cos_psi_work restraint_psi_cos.cos_psi_kappa restraint_psi_cos.work restraint_psi_sin.bias restraint_psi_sin.force2 restraint_psi_sin.sin_psi_cntr restraint_psi_sin.sin_psi_work restraint_psi_sin.sin_psi_kappa restraint_psi_sin.work
#! SET min_phi -pi
#! SET max_phi pi
#! SET min_psi -pi
#! SET max_psi pi
 0.000000 -0.999983 -0.005782 0.966116 0.258110 -1.576579 1.309731 -0.005782 -0.999983 0.258110 0.966116 0.000000 0.000000 -0.009747 0.000000 0.000000 0.000000 0.000000 0.000000 -0.999953 0.000000 0.000000 0.000000 0.000000 0.000000 0.256142 0.000000 0.000000 0.000000 0.000000 0.000000 0.966639 0.000000 0.000000 0.000000
 0.200000 -1.000000 -0.000270 0.834659 0.550766 -1.571067 0.987514 -0.000270 -1.000000 0.550766 0.834659 0.000898 0.035920 -0.009747 0.429322 20.000000 0.429322 0.000000 0.000001 -0.999953 0.008204 20.000000 0.008204 0.868034 34.721347 0.256142 0.437490 20.000000 0.437490 0.174186 6.967456 0.966639 0.079184 20.000000 0.079184
 0.400000 -0.998237 0.059353 0.982965 0.183791 -1.511408 1.385954 0.059353 -0.998237 0.183791 0.982965 0.095495 7.639617 -0.009747 0.576151 40.000000 0.576151 0.000059 0.004708 -0.999953 0.009175 40.000000 0.009175 0.104694 8.375539 0.256142 0.652615 40.000000 0.652615 0.005331 0.426475 0.966639 0.103851 40.000000 0.103851
 0.600000 -0.997905 0.064696 0.969722 0.244212 -1.506055 1.324090 0.064696 -0.997905 0.244212 0.969722 0.166252 19.950207 -0.009747 0.652738 60.000000 0.652738 0.000126 0.015092 -0.999953 0.009549 60.000000 0.009549 0.004270 0.512437 0.256142 0.812942 60.000000 0.812942 0.000285 0.034215 0.966639 0.126976 60.000000 0.126976
 0.800000 -0.999998 0.001896 0.948099 0.317975 -1.568900 1.247204 0.001896 -0.999998 0.317975 0.948099 0.005422 0.867516 -0.009747 0.745440 80.000000 0.745440 0.000000 0.000013 -0.999953 0.009931 80.000000 0.009931 0.152929 24.468694 0.256142 0.870387 80.000000 0.870387 0.013749 2.199849 0.966639 0.131254 80.000000 0.131254
 1.000000 -0.997908 -0.064647 0.983715 0.179733 -1.635488 1.390081 -0.064647 -0.997908 0.179733 0.983715 0.150702 30.140315 -0.009747 0.830209 100.000000 0.830209 0.000209 0.041791 -0.999953 0.010215 100.000000 0.010215 0.291921 58.384155 0.256142 0.906285 100.000000 0.906285 0.014580 2.916032 0.966639 0.133898 100.000000 0.133898
 1.200000 -0.998638 0.052178 0.985243 0.171159 -1.518594 1.398790 0.052178 -0.998638 0.171159 0.985243 0.230080 55.219214 -0.009747 0.926076 120.000000 0.926076 0.000104 0.024890 -0.999953 0.010632 120.000000 0.010632 0.433327 103.998443 0.256142 0.992004 120.000000 0.992004 0.020767 4.984124 0.966639 0.141237 120.000000 0.141237
 1.400000 -0.999101 0.042384 0.979961 0.199189 -1.528400 1.370266 0.042384 -0.999101 0.199189 0.979961 0.190230 53.264498 -0.009747 0.960915 140.000000 0.960915 0.000051 0.014198 -0.999953 0.010712 140.000000 0.010712 0.227056 63.575605 0.256142 1.092924 140.000000 1.092924 0.012423 3.478506 0.966639 0.149509 140.000000 0.149509
 1.600000 -0.999952 0.009813 0.961483 0.274866 -1.560983 1.292346 0.009813 -0.999952 0.274866 0.961483 0.030606 9.793775 -0.009747 1.006981 160.000000 1.006981 0.000000 0.000000 -0.999953 0.010844 160.000000 0.010844 0.028045 8.974410 0.256142 1.162377 160.000000 1.162377 0.002127 0.680674 0.966639 0.156236 160.000000 0.156236
 1.800000 -0.999841 -0.017822 0.970391 0.241538 -1.588620 1.326845 -0.017822 -0.999841 0.241538 0.970391 0.005870 2.113146 -0.009747 1.052342 180.000000 1.052342 0.000001 0.000402 -0.999953 0.010933 180.000000 0.010933 0.019195 6.910145 0.256142 1.193859 180.000000 1.193859 0.001267 0.456159 0.966639 0.158888 180.000000 0.158888
 2.000000 -0.986834 0.161737 0.941559 0.336847 -1.408346 1.227230 0.161737 -0.986834 0.336847 0.941559 2.940653 1176.261186 -0.009747 1.082518 200.000000 1.082518 0.017210 6.883876 -0.999953 0.011018 200.000000 0.011018 0.651327 260.530806 0.256142 1.220776 200.000000 1.220776 0.062899 25.159742 0.966639 0.161475 200.000000 0.161475
 2.200000 -0.983975 0.178308 0.927295 0.374331 -1.391529 1.187121 0.178308 -0.983975 0.374331 0.927295 0.847481 338.992539 0.086250 0.784168 200.000000 0.784168 0.006678 2.671088 -0.975803 0.052702 200.000000 0.052702 2.156729 862.691782 0.227473 1.279634 200.000000 1.279634 0.000716 0.286371 0.929971 0.285091 200.000000 0.285091
 2.400000 -0.981338 0.192293 0.954627 0.297803 -1.377298 1.268406 0.192293 -0.981338 0.297803 0.954627 0.010094 4.037788 0.182246 0.442145 200.000000 0.442145 0.088115 35.246143 -0.951653 0.164367 200.000000 0.164367 0.980099 392.039769 0.198803 1.399832 200.000000 1.399832 0.376070 150.428140 0.893303 0.707836 200.000000 0.707836
 2.600000 -0.990974 0.134051 0.940228 0.340545 -1.436340 1.223300 0.134051 -0.990974 0.340545 0.940228 2.079095 831.638150 0.278242 0.452231 200.000000 0.452231 0.402852 161.140838 -0.927504 0.316732 200.000000 0.316732 2.903989 1161.595555 0.170134 1.617228 200.000000 1.617228 0.698793 279.517171 0.856635 1.418393 200.000000 1.418393
 2.800000 -0.947520 0.319695 0.967802 0.251713 -1.245389 1.316347 0.319695 -0.947520 0.251713 0.967802 0.297494 118.997507 0.374238 0.644738 200.000000 0.644738 0.195066 78.026466 -0.903354 0.463517 200.000000 0.463517 1.215479 486.191767 0.141464 1.774931 200.000000 1.774931 2.185536 874.214592 0.819966 2.465048 200.000000 2.465048
 3.000000 -0.930948 0.365151 0.970173 0.242412 -1.197001 1.325945 0.365151 -0.930948 0.242412 0.970173 1.104249 441.699469 0.470234 0.979066 200.000000 0.979066 0.267741 107.096482 -0.879205 0.566421 200.000000 0.566421 1.680078 672.031182 0.112794 1.970068 200.000000 1.970068 3.492231 1396.892595 0.783298 3.811036 200.000000 3.811036
 3.200000 -0.937742 0.347332 0.991418 0.130732 -1.216072 1.439689 0.347332 -0.937742 0.130732 0.991418 1.806931 722.772504 0.481754 1.009628 200.000000 1.009628 0.377435 150.973905 -0.876307 0.569800 200.000000 0.569800 0.217225 86.889847 0.084125 2.138991 200.000000 2.138991 5.992101 2396.840376 0.746630 5.444407 200.000000 5.444407
 3.400000 -0.858850 0.512226 0.974178 0.225782 -1.033021 1.343051 0.512226 -0.858850 0.225782 0.974178 0.092859 37.143585 0.481754 1.009628 200.000000 1.009628 0.030472 12.188818 -0.876307 0.569800 200.000000 0.569800 2.901120 1160.448035 0.055455 2.250934 200.000000 2.250934 6.981009 2792.403645 0.709962 7.380742 200.000000 7.380742
 3.600000 -0.899160 0.437621 0.998148 0.060834 -1.117845 1.509925 0.437621 -0.899160 0.060834 0.998148 0.194770 77.907835 0.481754 1.009628 200.000000 1.009628 0.052225 20.890140 -0.876307 0.569800 200.000000 0.569800 0.115931 46.372279 0.026786 2.344926 200.000000 2.344926 10.553024 4221.209663 0.673294 9.598049 200.000000 9.598049
 3.800000 -0.873427 0.486954 0.999788 0.020585 -1.062197 1.550210 0.486954 -0.873427 0.020585 0.999788 0.002705 1.081839 0.481754 1.009628 200.000000 1.009628 0.000829 0.331592 -0.876307 0.569800 200.000000 0.569800 0.050486 20.194328 -0.001884 2.488325 200.000000 2.488325 13.188706 5275.482275 0.636626 12.093662 200.000000 12.093662
 4.000000 -0.877780 0.479064 0.998001 -0.063197 -1.071208 1.634036 0.479064 -0.877780 -0.063197 0.998001 0.000723 0.289298 0.481754 1.009628 200.000000 1.009628 0.000217 0.086801 -0.876307 0.569800 200.000000 0.569800 0.106561 42.624534 -0.030554 2.527179 200.000000 2.527179 15.843878 6337.551278 0.599957 14.873604 200.000000 14.873604
 4.200000 -0.826912 0.562332 0.985526 -0.169527 -0.973594 1.741146 0.562332 -0.826912 -0.169527 0.985526 0.649280 259.711880 0.481754 1.009628 200.000000 1.009628 0.243985 97.593970 -0.876307 0.569800 200.000000 0.569800 1.216689 486.675679 -0.059223 2.437208 200.000000 2.437208 17.828357 7131.342675 0.563289 17.912494 200.000000 17.912494
 4.400000 -0.876507 0.481388 0.991005 -0.133825 -1.068558 1.705024 0.481388 -0.876507 -0.133825 0.991005 0.000013 0.005339 0.481754 1.009628 200.000000 1.009628 0.000004 0.001612 -0.876307 0.569800 200.000000 0.569800 0.210980 84.392083 -0.087893 2.261024 200.000000 2.261024 21.565242 8626.096790 0.526621 21.195238 200.000000 21.195238
 4.600000 -0.889555 0.456829 0.987045 -0.160444 -1.096369 1.731937 0.456829 -0.889555 -0.160444 0.987045 0.062125 24.849808 0.481754 1.009628 200.000000 1.009628 0.017551 7.020286 -0.876307 0.569800 200.000000 0.569800 0.192561 77.024351 -0.116562 1.785829 200.000000 1.785829 24.710053 9884.021317 0.489953 24.644114 200.000000 24.644114
 4.800000 -0.909860 0.414915 0.995910 -0.090349 -1.142947 1.661269 0.414915 -0.909860 -0.090349 0.995910 0.446741 178.696278 0.481754 1.009628 200.000000 1.009628 0.112584 45.033475 -0.876307 0.569800 200.000000 0.569800 0.301216 120.486269 -0.145232 1.088047 200.000000 1.088047 29.444244 11777.697481 0.453285 28.221549 200.000000 28.221549
 5.000000 -0.881800 0.471624 0.969243 -0.246104 -1.079665 1.819455 0.471624 -0.881800 -0.246104 0.969243 0.010261 4.104375 0.481754 1.009628 200.000000 1.009628 0.003017 1.206943 -0.876307 0.569800 200.000000 0.569800 0.521323 208.529014 -0.173902 -0.303125 200.000000 -0.303125 30.539645 12215.857968 0.416617 31.650984 200.000000 31.650984
 5.200000 -0.895141 0.445783 0.842881 -0.538100 -1.108747 2.138977 0.445783 -0.895141 -0.538100 0.842881 0.129387 51.754887 0.481754 1.009628 200.000000 1.009628 0.035473 14.189175 -0.876307 0.569800 200.000000 0.569800 11.257941 4503.176334 -0.202571 -1.452345 200.000000 -1.452345 21.430683 8572.273112 0.379948 35.392191 200.000000 35.392191
 5.400000 -0.887084 0.461607 0.745267 -0.666766 -1.090990 2.300657 0.461607 -0.887084 -0.666766 0.745267 0.040588 16.235304 0.481754 1.009628 200.000000 1.009628 0.011616 4.646424 -0.876307 0.569800 200.000000 0.569800 18.968211 7587.284338 -0.231241 -3.062467 200.000000 -3.062467 16.159363 6463.745175 0.343280 39.065968 200.000000 39.065968
 5.600000 -0.900381 0.435103 0.710020 -0.704181 -1.120644 2.352066 0.435103 -0.900381 -0.704181 0.710020 0.217631 87.052358 0.481754 1.009628 200.000000 1.009628 0.057956 23.182545 -0.876307 0.569800 200.000000 0.569800 19.737673 7895.069122 -0.259910 -5.034170 200.000000 -5.034170 16.273814 6509.525522 0.306612 42.549241 200.000000 42.549241
 5.800000 -0.888819 0.458259 0.748182 -0.663494 -1.094761 2.296275 0.458259 -0.888819 -0.663494 0.748182 0.055202 22.080915 0.481754 1.009628 200.000000 1.009628 0.015656 6.262284 -0.876307 0.569800 200.000000 0.569800 14.056055 5622.422035 -0.288580 -7.264688 200.000000 -7.264688 22.871137 9148.454671 0.269944 45.884824 200.000000 45.884824
 6.000000 -0.905743 0.423828 0.687896 -0.725809 -1.133129 2.383006 0.423828 -0.905743 -0.725809 0.687896 0.335540 134.216176 0.481754 1.009628 200.000000 1.009628 0.086648 34.659352 -0.876307 0.569800 200.000000 0.569800 16.692102 6676.840826 -0.317250 -10.001445 200.000000 -10.001445 20.667969 8267.187543 0.233276 48.575288 200.000000 48.575288
 6.200000 -0.896271 0.443506 0.515557 -0.856855 -1.111290 2.599935 0.443506 -0.896271 -0.856855 0.515557 0.146289 58.515664 0.481754 1.009628 200.000000 1.009628 0.039859 15.943679 -0.876307 0.569800 200.000000 0.569800 26.105595 10442.237846 -0.345919 -12.678883 200.000000 -12.678883 10.172858 4069.143242 0.196607 51.367352 200.000000 51.367352
 6.400000 -0.881989 0.471269 0.492015 -0.870587 -1.080067 2.627190 0.471269 -0.881989 -0.870587 0.492015 0.010992 4.396986 0.481754 1.009628 200.000000 1.009628 0.003229 1.291748 -0.876307 0.569800 200.000000 0.569800 24.601384 9840.553444 -0.374589 -15.724954 200.000000 -15.724954 11.027445 4410.978131 0.159939 53.332739 200.000000 53.332739
 6.600000 -0.876609 0.481203 0.343453 -0.939170 -1.068770 2.791001 0.481203 -0.876609 -0.939170 0.343453 0.000030 0.012150 0.481754 1.009628 200.000000 1.009628 0.000009 0.003667 -0.876307 0.569800 200.000000 0.569800 28.720108 11488.043254 -0.403258 -18.757106 200.000000 -18.757106 4.848015 1939.205853 0.123271 55.100274 200.000000 55.100274
 6.800000 -0.875451 0.483307 0.313444 -0.949607 -1.066368 2.822775 0.483307 -0.875451 -0.949607 0.313444 0.000241 0.096523 0.481754 1.009628 200.000000 1.009628 0.000073 0.029295 -0.876307 0.569800 200.000000 0.569800 26.799145 10719.657839 -0.431928 -21.805145 200.000000 -21.805145 5.145665 2058.265862 0.086603 56.560691 200.000000 56.560691
 7.000000 -0.858832 0.512257 0.175519 -0.984476 -1.032986 2.965160 0.512257 -0.858832 -0.984476 0.175519 0.093043 37.217192 0.481754 1.009628 200.000000 1.009628 0.030535 12.213968 -0.876307 0.569800 200.000000 0.569800 27.444866 10977.946271 -0.460598 -24.811457 200.000000 -24.811457 1.577144 630.857791 0.049935 57.658188 200.000000 57.658188
 7.200000 -0.889070 0.457771 0.032546 -0.999470 -1.095309 3.109040 0.457771 -0.889070 -0.999470 0.032546 0.057515 23.005938 0.481754 1.009628 200.000000 1.009628 0.016290 6.516014 -0.876307 0.569800 200.000000 0.569800 26.030720 10412.287963 -0.489267 -27.746030 200.000000 -27.746030 0.037171 14.868502 0.013267 58.550177 200.000000 58.550177
 7.400000 -0.883770 0.467922 -0.063504 -0.997982 -1.083858 -3.078046 0.467922 -0.883770 -0.997982 -0.063504 0.019132 7.652650 0.481754 1.009628 200.000000 1.009628 0.005570 2.227919 -0.876307 0.569800 200.000000 0.569800 23.044307 9217.722897 -0.517937 -30.571665 200.000000 -30.571665 0.160820 64.328050 -0.023402 59.032239 200.000000 59.032239
 7.600000 -0.930060 0.367407 -0.077813 -0.996968 -1.194577 -3.063701 0.367407 -0.930060 -0.996968 -0.077813 1.307518 523.007290 0.481754 1.009628 200.000000 1.009628 0.288945 115.578067 -0.876307 0.569800 200.000000 0.569800 20.282563 8113.025051 -0.546606 -33.241316 200.000000 -33.241316 0.031482 12.592790 -0.060070 59.534322 200.000000 59.534322
 7.800000 -0.929121 0.369775 -0.130967 -0.991387 -1.192029 -3.010248 0.369775 -0.929121 -0.991387 -0.130967 1.253917 501.566870 0.481754 1.009628 200.000000 1.009628 0.278938 111.575110 -0.876307 0.569800 200.000000 0.569800 17.314817 6925.926836 -0.575276 -35.738834 200.000000 -35.738834 0.117166 46.866209 -0.096738 59.643319 200.000000 59.643319
 8.000000 -0.925873 0.377835 -0.127454 -0.991844 -1.183340 -3.013791 0.377835 -0.925873 -0.991844 -0.127454 1.079916 431.966313 0.481754 1.009628 200.000000 1.009628 0.245683 98.273112 -0.876307 0.569800 200.000000 0.569800 15.046562 6018.624901 -0.603946 -38.045815 200.000000 -38.045815 0.003543 1.417135 -0.133406 59.619997 200.000000 59.619997
 8.200000 -0.871588 0.490239 -0.130817 -0.991406 -1.058433 -3.010399 0.490239 -0.871588 -0.991406 -0.130817 0.007200 2.879907 0.481754 1.009628 200.000000 1.009628 0.002226 0.890582 -0.876307 0.569800 200.000000 0.569800 12.873124 5149.249690 -0.632615 -40.157619 200.000000 -40.157619 0.154109 61.643768 -0.170074 59.609389 200.000000 59.609389
 8.400000 -0.920428 0.390913 -0.146566 -0.989201 -1.169173 -2.994497 0.390913 -0.920428 -0.989201 -0.146566 0.825205 330.081940 0.481754 1.009628 200.000000 1.009628 0.194666 77.866506 -0.876307 0.569800 200.000000 0.569800 10.752907 4301.162891 -0.661285 -42.025653 200.000000 -42.025653 0.362126 144.850239 -0.206742 59.335945 200.000000 59.335945
 8.600000 -0.894442 0.447184 -0.357904 -0.933758 -1.107182 -2.775571 0.447184 -0.894442 -0.933758 -0.357904 0.119507 47.802759 0.481754 1.009628 200.000000 1.009628 0.032889 13.155645 -0.876307 0.569800 200.000000 0.569800 5.944049 2377.619402 -0.689954 -43.702042 200.000000 -43.702042 1.310868 524.347259 -0.243411 59.219639 200.000000 59.219639
 8.800000 -0.930379 0.366600 -0.288227 -0.957562 -1.195445 -2.849218 0.366600 -0.930379 -0.957562 -0.288227 1.326044 530.417725 0.481754 1.009628 200.000000 1.009628 0.292379 116.951686 -0.876307 0.569800 200.000000 0.569800 5.709145 2283.658099 -0.718624 -45.156757 200.000000 -45.156757 0.006640 2.655843 -0.280079 59.072752 200.000000 59.072752
 9.000000 -0.895750 0.444559 -0.362592 -0.931948 -1.110115 -2.770546 0.444559 -0.895750 -0.931948 -0.362592 0.138347 55.338733 0.481754 1.009628 200.000000 1.009628 0.037803 15.121296 -0.876307 0.569800 200.000000 0.569800 3.409735 1363.893965 -0.747293 -46.380993 200.000000 -46.380993 0.210173 84.069124 -0.316747 58.924447 200.000000 58.924447
 9.200000 -0.932376 0.361489 -0.447713 -0.894177 -1.200931 -2.677387 0.361489 -0.932376 -0.894177 -0.447713 1.446348 578.539111 0.481754 1.009628 200.000000 1.009628 0.314379 125.751599 -0.876307 0.569800 200.000000 0.569800 1.397461 558.984519 -0.775963 -47.357640 200.000000 -47.357640 0.889208 355.683253 -0.353415 58.772066 200.000000 58.772066
 9.400000 -0.906067 0.423135 -0.371325 -0.928503 -1.133894 -2.761157 0.423135 -0.906067 -0.928503 -0.371325 0.343615 137.445904 0.481754 1.009628 200.000000 1.009628 0.088566 35.426216 -0.876307 0.569800 200.000000 0.569800 1.534384 613.753798 -0.804633 -48.178477 200.000000 -48.178477 0.035187 14.074892 -0.390083 58.888159 200.000000 58.888159
 9.600000 -0.896534 0.442974 -0.389791 -0.920903 -1.111883 -2.741188 0.442974 -0.896534 -0.920903 -0.389791 0.150384 60.153540 0.481754 1.009628 200.000000 1.009628 0.040916 16.366267 -0.876307 0.569800 200.000000 0.569800 0.767392 306.956722 -0.833302 -48.720667 200.000000 -48.720667 0.136604 54.641778 -0.426751 58.918924 200.000000 58.918924
 9.800000 -0.895047 0.445971 -0.422396 -0.906412 -1.108537 -2.705506 0.445971 -0.895047 -0.906412 -0.422396 0.128038 51.215241 0.481754 1.009628 200.000000 1.009628 0.035121 14.048404 -0.876307 0.569800 200.000000 0.569800 0.197489 78.995509 -0.861972 -49.049188 200.000000 -49.049188 0.168297 67.318763 -0.463420 59.080823 200.000000 59.080823
 10.000000 -0.900956 0.433910 -0.406374 -0.913707 -1.121968 -2.723110 0.433910 -0.900956 -0.913707 -0.406374 0.228900 91.559989 0.481754 1.009628 200.000000 1.009628 0.060760 24.303822 -0.876307 0.569800 200.000000 0.569800 0.139875 55.950188 -0.876307 -49.158005 200.000000 -49.158005 0.568202 227.280812 -0.481754 59.275688 200.000000 59.275688
 10.200000 -0.892827 0.450399 -0.447754 -0.894157 -1.103584 -2.677341 0.450399 -0.892827 -0.894157 -0.447754 0.098311 39.324532 0.481754 1.009628 200.000000 1.009628 0.027293 10.917324 -0.876307 0.569800 200.000000 0.569800 0.031863 12.745197 -0.876307 -49.158005 200.000000 -49.158005 0.115599 46.239675 -0.481754 59.275688 200.000000 59.275688
 10.400000 -0.866871 0.498532 -0.386033 -0.922485 -1.048892 -2.745266 0.498532 -0.866871 -0.922485 -0.386033 0.028152 11.260761 0.481754 1.009628 200.000000 1.009628 0.008903 3.561146 -0.876307 0.569800 200.000000 0.569800 0.213244 85.297694 -0.876307 -49.158005 200.000000 -49.158005 0.916249 366.499429 -0.481754 59.275688 200.000000 59.275688
 10.600000 -0.868929 0.494937 -0.353444 -0.935456 -1.053034 -2.780343 0.494937 -0.868929 -0.935456 -0.353444 0.017380 6.951891 0.481754 1.009628 200.000000 1.009628 0.005443 2.177253 -0.876307 0.569800 200.000000 0.569800 0.349861 139.944450 -0.876307 -49.158005 200.000000 -49.158005 1.646341 658.536378 -0.481754 59.275688 200.000000 59.275688
 10.800000 -0.924659 0.380795 -0.455530 -0.890221 -1.180140 -2.668626 0.380795 -0.924659 -0.890221 -0.455530 1.019257 407.702878 0.481754 1.009628 200.000000 1.009628 0.233798 93.519114 -0.876307 0.569800 200.000000 0.569800 0.019360 7.743880 -0.876307 -49.158005 200.000000 -49.158005 0.068770 27.507905 -0.481754 59.275688 200.000000 59.275688
 11.000000 -0.873936 0.486040 -0.410914 -0.911674 -1.063243 -2.718137 0.486040 -0.873936 -0.911674 -0.410914 0.001838 0.735003 0.481754 1.009628 200.000000 1.009628 0.000562 0.224729 -0.876307 0.569800 200.000000 0.569800 0.125087 50.034608 -0.876307 -49.158005 200.000000 -49.158005 0.501830 200.732159 -0.481754 59.275688 200.000000 59.275688
 11.200000 -0.921720 0.387855 -0.463036 -0.886340 -1.172493 -2.660175 0.387855 -0.921720 -0.886340 -0.463036 0.881690 352.676038 0.481754 1.009628 200.000000 1.009628 0.206239 82.495756 -0.876307 0.569800 200.000000 0.569800 0.010066 4.026315 -0.876307 -49.158005 200.000000 -49.158005 0.035035 14.014186 -0.481754 59.275688 200.000000 59.275688
 11.400000 -0.893630 0.448805 -0.466876 -0.884323 -1.105369 -2.655838 0.448805 -0.893630 -0.884323 -0.466876 0.108564 43.425534 0.481754 1.009628 200.000000 1.009628 0.030009 12.003750 -0.876307 0.569800 200.000000 0.569800 0.006426 2.570275 -0.876307 -49.158005 200.000000 -49.158005 0.022134 8.853641 -0.481754 59.275688 200.000000 59.275688
 11.600000 -0.938138 0.346261 -0.499578 -0.866269 -1.217214 -2.618481 0.346261 -0.938138 -0.866269 -0.499578 1.835837 734.334701 0.481754 1.009628 200.000000 1.009628 0.382316 152.926266 -0.876307 0.569800 200.000000 0.569800 0.010076 4.030317 -0.876307 -49.158005 200.000000 -49.158005 0.031771 12.708396 -0.481754 59.275688 200.000000 59.275688
 11.800000 -0.883041 0.469296 -0.406379 -0.913704 -1.082303 -2.723105 0.469296 -0.883041 -0.913704 -0.406379 0.015519 6.207705 0.481754 1.009628 200.000000 1.009628 0.004535 1.813987 -0.876307 0.569800 200.000000 0.569800 0.139859 55.943718 -0.876307 -49.158005 200.000000 -49.158005 0.568129 227.251490 -0.481754 59.275688 200.000000 59.275688
 12.000000 -0.894782 0.446504 -0.518094 -0.855323 -1.107942 -2.596971 0.446504 -0.894782 -0.855323 -0.518094 0.124257 49.702758 0.481754 1.009628 200.000000 1.009628 0.034133 13.653269 -0.876307 0.569800 200.000000 0.569800 0.044029 17.611764 -0.876307 -49.158005 200.000000 -49.158005 0.132064 52.825692 -0.481754 59.275688 200.000000 59.275688
 12.200000 -0.901649 0.432469 -0.450731 -0.892660 -1.123567 -2.674009 0.432469 -0.901649 -0.892660 -0.450731 0.242901 97.160580 0.481754 1.009628 200.000000 1.009628 0.064223 25.689277 -0.876307 0.569800 200.000000 0.569800 0.026743 10.697158 -0.876307 -49.158005 200.000000 -49.158005 0.096242 38.496785 -0.481754 59.275688 200.000000 59.275688
 12.400000 -0.898575 0.438821 -0.439293 -0.898344 -1.116510 -2.686781 0.438821 -0.898575 -0.898344 -0.439293 0.184323 73.729147 0.481754 1.009628 200.000000 1.009628 0.049586 19.834374 -0.876307 0.569800 200.000000 0.569800 0.048564 19.425536 -0.876307 -49.158005 200.000000 -49.158005 0.180292 72.116645 -0.481754 59.275688 200.000000 59.275688
 12.600000 -0.908351 0.418209 -0.370283 -0.928919 -1.139324 -2.762279 0.418209 -0.908351 -0.928919 -0.370283 0.403793 161.517023 0.481754 1.009628 200.000000 1.009628 0.102683 41.073104 -0.876307 0.569800 200.000000 0.569800 0.276806 110.722394 -0.876307 -49.158005 200.000000 -49.158005 1.242573 497.029324 -0.481754 59.275688 200.000000 59.275688
 12.800000 -0.891544 0.452934 -0.462098 -0.886829 -1.100743 -2.661233 0.452934 -0.891544 -0.886829 -0.462098 0.083058 33.223014 0.481754 1.009628 200.000000 1.009628 0.023218 9.287115 -0.876307 0.569800 200.000000 0.569800 0.011071 4.428438 -0.876307 -49.158005 200.000000 -49.158005 0.038633 15.453037 -0.481754 59.275688 200.000000 59.275688
 13.000000 -0.908862 0.417096 -0.529625 -0.848232 -1.140549 -2.583434 0.417096 -0.908862 -0.848232 -0.529625 0.418063 167.225163 0.481754 1.009628 200.000000 1.009628 0.105988 42.395221 -0.876307 0.569800 200.000000 0.569800 0.078819 31.527578 -0.876307 -49.158005 200.000000 -49.158005 0.229165 91.666148 -0.481754 59.275688 200.000000 59.275688
 13.200000 -0.896396 0.443253 -0.420381 -0.907348 -1.111572 -2.707727 0.443253 -0.896396 -0.907348 -0.420381 0.148229 59.291508 0.481754 1.009628 200.000000 1.009628 0.040360 16.143971 -0.876307 0.569800 200.000000 0.569800 0.096353 38.541374 -0.876307 -49.158005 200.000000 -49.158005 0.376656 150.662600 -0.481754 59.275688 200.000000 59.275688
 13.400000 -0.920977 0.389617 -0.392286 -0.919843 -1.170581 -2.738477 0.389617 -0.920977 -0.919843 -0.392286 0.848915 339.566062 0.481754 1.009628 200.000000 1.009628 0.199543 79.817295 -0.876307 0.569800 200.000000 0.569800 0.189544 75.817525 -0.876307 -49.158005 200.000000 -49.158005 0.800447 320.178775 -0.481754 59.275688 200.000000 59.275688
 13.600000 -0.870699 0.491816 -0.467991 -0.883733 -1.056622 -2.654577 0.491816 -0.870699 -0.883733 -0.467991 0.010126 4.050282 0.481754 1.009628 200.000000 1.009628 0.003145 1.257856 -0.876307 0.569800 200.000000 0.569800 0.005516 2.206292 -0.876307 -49.158005 200.000000 -49.158005 0.018942 7.576955 -0.481754 59.275688 200.000000 59.275688
 13.800000 -0.923899 0.382636 -0.446419 -0.894824 -1.178149 -2.678833 0.382636 -0.923899 -0.894824 -0.446419 0.982436 392.974485 0.481754 1.009628 200.000000 1.009628 0.226506 90.602224 -0.876307 0.569800 200.000000 0.569800 0.034289 13.715416 -0.876307 -49.158005 200.000000 -49.158005 0.124851 49.940421 -0.481754 59.275688 200.000000 59.275688
 14.000000 -0.920079 0.391733 -0.386403 -0.922330 -1.168282 -2.744864 0.391733 -0.920079 -0.922330 -0.386403 0.810367 324.146965 0.481754 1.009628 200.000000 1.009628 0.191600 76.640037 -0.876307 0.569800 200.000000 0.569800 0.211815 84.725816 -0.876307 -49.158005 200.000000 -49.158005 0.909173 363.669014 -0.481754 59.275688 200.000000 59.275688
 14.200000 -0.944817 0.327598 -0.463458 -0.886119 -1.237037 -2.659698 0.327598 -0.944817 -0.886119 -0.463458 2.376408 950.563040 0.481754 1.009628 200.000000 1.009628 0.469371 187.748322 -0.876307 0.569800 200.000000 0.569800 0.009627 3.850971 -0.876307 -49.158005 200.000000 -49.158005 0.033471 13.388537 -0.481754 59.275688 200.000000 59.275688
 14.400000 -0.888659 0.458568 -0.404559 -0.914512 -1.094413 -2.725096 0.458568 -0.888659 -0.914512 -0.404559 0.053755 21.502097 0.481754 1.009628 200.000000 1.009628 0.015258 6.103256 -0.876307 0.569800 200.000000 0.569800 0.145965 58.385923 -0.876307 -49.158005 200.000000 -49.158005 0.595906 238.362393 -0.481754 59.275688 200.000000 59.275688
 14.600000 -0.912373 0.409360 -0.380893 -0.924619 -1.149043 -2.750831 0.409360 -0.912373 -0.924619 -0.380893 0.524079 209.631732 0.481754 1.009628 200.000000 1.009628 0.130076 52.030564 -0.876307 0.569800 200.000000 0.569800 0.233410 93.364098 -0.876307 -49.158005 200.000000 -49.158005 1.017293 406.917114 -0.481754 59.275688 200.000000 59.275688
 14.800000 -0.911525 0.411245 -0.369771 -0.929123 -1.146976 -2.762831 0.411245 -0.911525 -0.929123 -0.369771 0.497142 198.856793 0.481754 1.009628 200.000000 1.009628 0.124031 49.612296 -0.876307 0.569800 200.000000 0.569800 0.278957 111.582831 -0.876307 -49.158005 200.000000 -49.158005 1.254020 501.608003 -0.481754 59.275688 200.000000 59.275688
 15.000000 -0.892861 0.450333 -0.442997 -0.896523 -1.103658 -2.682654 0.450333 -0.892861 -0.896523 -0.442997 0.098727 39.490870 0.481754 1.009628 200.000000 1.009628 0.027404 10.961531 -0.876307 0.569800 200.000000 0.569800 0.040871 16.348270 -0.876307 -49.158005 200.000000 -49.158005 0.150209 60.083714 -0.481754 59.275688 200.000000 59.275688
 15.200000 -0.863837 0.503771 -0.460972 -0.887415 -1.042838 -2.662503 0.503771 -0.863837 -0.887415 -0.460972 0.048477 19.390677 0.481754 1.009628 200.000000 1.009628 0.015549 6.219533 -0.876307 0.569800 200.000000 0.569800 0.012339 4.935709 -0.876307 -49.158005 200.000000 -49.158005 0.043190 17.275847 -0.481754 59.275688 200.000000 59.275688
 15.400000 -0.886359 0.462999 -0.473472 -0.880809 -1.089421 -2.648365 0.462999 -0.886359 -0.880809 -0.473472 0.035174 14.069529 0.481754 1.009628 200.000000 1.009628 0.010105 4.041811 -0.876307 0.569800 200.000000 0.569800 0.002027 0.810873 -0.876307 -49.158005 200.000000 -49.158005 0.006859 2.743734 -0.481754 59.275688 200.000000 59.275688
 15.600000 -0.891289 0.453435 -0.362212 -0.932096 -1.100181 -2.770953 0.453435 -0.891289 -0.932096 -0.362212 0.080196 32.078217 0.481754 1.009628 200.000000 1.009628 0.022448 8.979300 -0.876307 0.569800 200.000000 0.569800 0.311244 124.497525 -0.876307 -49.158005 200.000000 -49.158005 1.429032 571.612667 -0.481754 59.275688 200.000000 59.275688
 15.800000 -0.945551 0.325474 -0.452963 -0.891529 -1.239283 -2.671506 0.325474 -0.945551 -0.891529 -0.452963 2.442334 976.933589 0.481754 1.009628 200.000000 1.009628 0.479477 191.791000 -0.876307 0.569800 200.000000 0.569800 0.023172 9.268924 -0.876307 -49.158005 200.000000 -49.158005 0.082888 33.155291 -0.481754 59.275688 200.000000 59.275688
 16.000000 -0.903745 0.428071 -0.496886 -0.867816 -1.128439 -2.621586 0.428071 -0.903745 -0.867816 -0.496886 0.288183 115.273055 0.481754 1.009628 200.000000 1.009628 0.075287 30.114661 -0.876307 0.569800 200.000000 0.569800 0.007209 2.883741 -0.876307 -49.158005 200.000000 -49.158005 0.022898 9.159352 -0.481754 59.275688 200.000000 59.275688
 16.200000 -0.897165 0.441695 -0.438458 -0.898751 -1.113309 -2.687710 0.441695 -0.897165 -0.898751 -0.438458 0.160471 64.188483 0.481754 1.009628 200.000000 1.009628 0.043508 17.403387 -0.876307 0.569800 200.000000 0.569800 0.050377 20.150748 -0.876307 -49.158005 200.000000 -49.158005 0.187448 74.979142 -0.481754 59.275688 200.000000 59.275688
 16.400000 -0.907037 0.421051 -0.421709 -0.906731 -1.136193 -2.706263 0.421051 -0.907037 -0.906731 -0.421709 0.368487 147.394752 0.481754 1.009628 200.000000 1.009628 0.094436 37.774525 -0.876307 0.569800 200.000000 0.569800 0.092565 37.025980 -0.876307 -49.158005 200.000000 -49.158005 0.360535 144.213904 -0.481754 59.275688 200.000000 59.275688
 16.600000 -0.903053 0.429528 -0.447256 -0.894406 -1.126826 -2.677898 0.429528 -0.903053 -0.894406 -0.447256 0.272750 109.099982 0.481754 1.009628 200.000000 1.009628 0.071539 28.615573 -0.876307 0.569800 200.000000 0.569800 0.032759 13.103718 -0.876307 -49.158005 200.000000 -49.158005 0.119012 47.604804 -0.481754 59.275688 200.000000 59.275688
 16.800000 -0.927144 0.374705 -0.448761 -0.893652 -1.186718 -2.676214 0.374705 -0.927144 -0.893652 -0.448761 1.145950 458.379831 0.481754 1.009628 200.000000 1.009628 0.258446 103.378281 -0.876307 0.569800 200.000000 0.569800 0.030085 12.034094 -0.876307 -49.158005 200.000000 -49.158005 0.108851 43.540460 -0.481754 59.275688 200.000000 59.275688
 17.000000 -0.893517 0.449030 -0.508431 -0.861103 -1.105117 -2.608231 0.449030 -0.893517 -0.861103 -0.508431 0.107084 42.833475 0.481754 1.009628 200.000000 1.009628 0.029618 11.847345 -0.876307 0.569800 200.000000 0.569800 0.023116 9.246503 -0.876307 -49.158005 200.000000 -49.158005 0.071169 28.467498 -0.481754 59.275688 200.000000 59.275688
 17.200000 -0.905032 0.425343 -0.344128 -0.938923 -1.131455 -2.790283 0.425343 -0.905032 -0.938923 -0.344128 0.318216 127.286273 0.481754 1.009628 200.000000 1.009628 0.082516 33.006212 -0.876307 0.569800 200.000000 0.569800 0.392077 156.830773 -0.876307 -49.158005 200.000000 -49.158005 1.894081 757.632524 -0.481754 59.275688 200.000000 59.275688
 17.400000 -0.880338 0.474347 -0.496490 -0.868042 -1.076574 -2.622042 0.474347 -0.880338 -0.868042 -0.496490 0.005485 2.194081 0.481754 1.009628 200.000000 1.009628 0.001625 0.649969 -0.876307 0.569800 200.000000 0.569800 0.006830 2.731979 -0.876307 -49.158005 200.000000 -49.158005 0.021717 8.686601 -0.481754 59.275688 200.000000 59.275688
 17.600000 -0.921030 0.389491 -0.505359 -0.862909 -1.170718 -2.611794 0.389491 -0.921030 -0.862909 -0.505359 0.851246 340.498578 0.481754 1.009628 200.000000 1.009628 0.200021 80.008505 -0.876307 0.569800 200.000000 0.569800 0.017950 7.179897 -0.876307 -49.158005 200.000000 -49.158005 0.055723 22.289041 -0.481754 59.275688 200.000000 59.275688
 17.800000 -0.891167 0.453676 -0.433172 -0.901311 -1.099910 -2.693583 0.453676 -0.891167 -0.901311 -0.433172 0.078836 31.534211 0.481754 1.009628 200.000000 1.009628 0.022082 8.832802 -0.876307 0.569800 200.000000 0.569800 0.062522 25.008919 -0.876307 -49.158005 200.000000 -49.158005 0.236015 94.406044 -0.481754 59.275688 200.000000 59.275688
 18.000000 -0.910122 0.414340 -0.530736 -0.847537 -1.143579 -2.582124 0.414340 -0.910122 -0.847537 -0.530736 0.454458 181.783020 0.481754 1.009628 200.000000 1.009628 0.114348 45.739239 -0.876307 0.569800 200.000000 0.569800 0.082767 33.106642 -0.876307 -49.158005 200.000000 -49.158005 0.239922 95.968864 -0.481754 59.275688 200.000000 59.275688
 18.200000 -0.924954 0.380079 -0.413743 -0.910394 -1.180914 -2.715031 0.380079 -0.924954 -0.910394 -0.413743 1.033768 413.507008 0.481754 1.009628 200.000000 1.009628 0.236655 94.662074 -0.876307 0.569800 200.000000 0.569800 0.116192 46.476629 -0.876307 -49.158005 200.000000 -49.158005 0.462540 185.016184 -0.481754 59.275688 200.000000 59.275688
 18.400000 -0.906826 0.421505 -0.471704 -0.881757 -1.135692 -2.650370 0.421505 -0.906826 -0.881757 -0.471704 0.362988 145.195362 0.481754 1.009628 200.000000 1.009628 0.093143 37.257169 -0.876307 0.569800 200.000000 0.569800 0.002970 1.188121 -0.876307 -49.158005 200.000000 -49.158005 0.010099 4.039488 -0.481754 59.275688 200.000000 59.275688
 18.600000 -0.904039 0.427450 -0.479898 -0.877324 -1.129126 -2.641054 0.427450 -0.904039 -0.877324 -0.479898 0.294886 117.954302 0.481754 1.009628 200.000000 1.009628 0.076907 30.762939 -0.876307 0.569800 200.000000 0.569800 0.000104 0.041413 -0.876307 -49.158005 200.000000 -49.158005 0.000344 0.137714 -0.481754 59.275688 200.000000 59.275688
 18.800000 -0.876368 0.481642 -0.483328 -0.875439 -1.068269 -2.637141 0.481642 -0.876368 -0.875439 -0.483328 0.000001 0.000501 0.481754 1.009628 200.000000 1.009628 0.000000 0.000151 -0.876307 0.569800 200.000000 0.569800 0.000075 0.030084 -0.876307 -49.158005 200.000000 -49.158005 0.000248 0.099117 -0.481754 59.275688 200.000000 59.275688
 19.000000 -0.915124 0.403174 -0.437621 -0.899159 -1.155814 -2.688641 0.403174 -0.915124 -0.899159 -0.437621 0.617484 246.993696 0.481754 1.009628 200.000000 1.009628 0.150675 60.269993 -0.876307 0.569800 200.000000 0.569800 0.052225 20.889906 -0.876307 -49.158005 200.000000 -49.158005 0.194767 77.906908 -0.481754 59.275688 200.000000 59.275688
 19.200000 -0.898270 0.439443 -0.419320 -0.907838 -1.115818 -2.708896 0.439443 -0.898270 -0.907838 -0.419320 0.179019 71.607705 0.481754 1.009628 200.000000 1.009628 0.048241 19.296330 -0.876307 0.569800 200.000000 0.569800 0.099425 39.769915 -0.876307 -49.158005 200.000000 -49.158005 0.389793 155.917235 -0.481754 59.275688 200.000000 59.275688
 19.400000 -0.887913 0.460010 -0.472500 -0.881330 -1.092789 -2.649467 0.460010 -0.887913 -0.881330 -0.472500 0.047277 18.910673 0.481754 1.009628 200.000000 1.009628 0.013472 5.388721 -0.876307 0.569800 200.000000 0.569800 0.002524 1.009545 -0.876307 -49.158005 200.000000 -49.158005 0.008562 3.424966 -0.481754 59.275688 200.000000 59.275688
 19.600000 -0.893737 0.448591 -0.389873 -0.920869 -1.105608 -2.741099 0.448591 -0.893737 -0.920869 -0.389873 0.109975 43.990014 0.481754 1.009628 200.000000 1.009628 0.030382 12.152735 -0.876307 0.569800 200.000000 0.569800 0.198578 79.431187 -0.876307 -49.158005 200.000000 -49.158005 0.844212 337.684628 -0.481754 59.275688 200.000000 59.275688
 19.800000 -0.864985 0.501798 -0.493499 -0.869747 -1.045120 -2.625485 0.501798 -0.864985 -0.869747 -0.493499 0.040177 16.070879 0.481754 1.009628 200.000000 1.009628 0.012818 5.127326 -0.876307 0.569800 200.000000 0.569800 0.004303 1.721380 -0.876307 -49.158005 200.000000 -49.158005 0.013794 5.517698 -0.481754 59.275688 200.000000 59.275688
 20.000000 -0.840204 0.542270 -0.334555 -0.942376 -0.997659 -2.800459 0.542270 -0.840204 -0.942376 -0.334555 0.366227 146.490895 0.481754 1.009628 200.000000 1.009628 0.130340 52.136025 -0.876307 0.569800 200.000000 0.569800 0.436517 174.606928 -0.876307 -49.158005 200.000000 -49.158005 2.166738 866.695038 -0.481754 59.275688 200.000000 59.275688
