#! FIELDS time sin_phi cos_phi sin_psi cos_psi phi psi cos_phi sin_phi cos_psi sin_psi restraint_phi_cos.bias restraint_phi_cos.force2 restraint_phi_cos.cos_phi_cntr restraint_phi_cos.cos_phi_work restraint_phi_cos.cos_phi_kappa restraint_phi_cos.work restraint_phi_sin.bias restraint_phi_sin.force2 restraint_phi_sin.sin_phi_cntr restraint_phi_sin.sin_phi_work restraint_phi_sin.sin_phi_kappa restraint_phi_sin.work restraint_psi_cos.bias restraint_psi_cos.force2 restraint_psi_cos.cos_psi_cntr restraint_psi_cos.cos_psi_work restraint_psi_cos.cos_psi_kappa restraint_psi_cos.work restraint_psi_sin.bias restraint_psi_sin.force2 restraint_psi_sin.sin_psi_cntr restraint_psi_sin.sin_psi_work restraint_psi_sin.sin_psi_kappa restraint_psi_sin.work
#! SET min_phi -pi
#! SET max_phi pi
#! SET min_psi -pi
#! SET max_psi pi
 0.000000 -0.999983 -0.005782 0.966116 0.258110 -1.576579 1.309731 -0.005782 -0.999983 0.258110 0.966116 0.000000 0.000000 -0.009747 0.000000 0.000000 0.000000 0.000000 0.000000 -0.999953 0.000000 0.000000 0.000000 0.000000 0.000000 0.256142 0.000000 0.000000 0.000000 0.000000 0.000000 0.966639 0.000000 0.000000 0.000000
 0.200000 -1.000000 -0.000267 0.834656 0.550772 -1.571063 0.987508 -0.000267 -1.000000 0.550772 0.834656 0.000899 0.035948 -0.009747 0.429323 20.000000 0.429323 0.000000 0.000001 -0.999953 0.008204 20.000000 0.008204 0.868064 34.722547 0.256142 0.437490 20.000000 0.437490 0.174195 6.967810 0.966639 0.079184 20.000000 0.079184
 0.400000 -0.998238 0.059344 0.982966 0.183785 -1.511417 1.385960 0.059344 -0.998238 0.183785 0.982966 0.095470 7.637587 -0.009747 0.576154 40.000000 0.576154 0.000059 0.004705 -0.999953 0.009175 40.000000 0.009175 0.104710 8.376839 0.256142 0.652617 40.000000 0.652617 0.005332 0.426530 0.966639 0.103851 40.000000 0.103851
 0.600000 -0.997906 0.064680 0.969721 0.244216 -1.506071 1.324085 0.064680 -0.997906 0.244216 0.969721 0.166180 19.941551 -0.009747 0.652741 60.000000 0.652741 0.000126 0.015077 -0.999953 0.009549 60.000000 0.009549 0.004267 0.512065 0.256142 0.812944 60.000000 0.812944 0.000285 0.034191 0.966639 0.126977 60.000000 0.126977
 0.800000 -0.999998 0.001914 0.948092 0.317997 -1.568882 1.247181 0.001914 -0.999998 0.317997 0.948092 0.005439 0.870196 -0.009747 0.745441 80.000000 0.745441 0.000000 0.000013 -0.999953 0.009931 80.000000 0.009931 0.153038 24.486018 0.256142 0.870391 80.000000 0.870391 0.013760 2.201591 0.966639 0.131254 80.000000 0.131254
 1.000000 -0.997908 -0.064653 0.983714 0.179739 -1.635494 1.390075 -0.064653 -0.997908 0.179739 0.983714 0.150735 30.147088 -0.009747 0.830210 100.000000 0.830210 0.000209 0.041807 -0.999953 0.010215 100.000000 0.010215 0.291871 58.374153 0.256142 0.906289 100.000000 0.906289 0.014578 2.915624 0.966639 0.133899 100.000000 0.133899
 1.200000 -0.998638 0.052171 0.985241 0.171175 -1.518601 1.398774 0.052171 -0.998638 0.171175 0.985241 0.230029 55.207029 -0.009747 0.926082 120.000000 0.926082 0.000104 0.024876 -0.999953 0.010632 120.000000 0.010632 0.433162 103.958956 0.256142 0.992007 120.000000 0.992007 0.020761 4.982622 0.966639 0.141237 120.000000 0.141237
 1.400000 -0.999100 0.042425 0.979962 0.199183 -1.528358 1.370273 0.042425 -0.999100 0.199183 0.979962 0.190532 53.349096 -0.009747 0.960921 140.000000 0.960921 0.000051 0.014256 -0.999953 0.010712 140.000000 0.010712 0.227110 63.590673 0.256142 1.092927 140.000000 1.092927 0.012426 3.479222 0.966639 0.149509 140.000000 0.149509
 1.600000 -0.999952 0.009782 0.961488 0.274848 -1.561014 1.292365 0.009782 -0.999952 0.274848 0.961488 0.030509 9.763000 -0.009747 1.006988 160.000000 1.006988 0.000000 0.000000 -0.999953 0.010844 160.000000 0.010844 0.027992 8.957519 0.256142 1.162379 160.000000 1.162379 0.002123 0.679344 0.966639 0.156237 160.000000 0.156237
 1.800000 -0.999844 -0.017673 0.970405 0.241484 -1.588470 1.326902 -0.017673 -0.999844 0.241484 0.970405 0.005655 2.035716 -0.009747 1.052376 180.000000 1.052376 0.000001 0.000383 -0.999953 0.010934 180.000000 0.010934 0.019339 6.962163 0.256142 1.193868 180.000000 1.193868 0.001276 0.459485 0.966639 0.158889 180.000000 0.158889
 2.000000 -0.986799 0.161952 0.941447 0.337161 -1.408128 1.226896 0.161952 -0.986799 0.337161 0.941447 2.948029 1179.211756 -0.009747 1.082556 200.000000 1.082556 0.017302 6.920922 -0.999953 0.011018 200.000000 0.011018 0.656407 262.562648 0.256142 1.220857 200.000000 1.220857 0.063465 25.385818 0.966639 0.161484 200.000000 0.161484
 2.200000 -0.998079 0.061948 0.925124 0.379665 -1.508809 1.181362 0.061948 -0.998079 0.379665 0.925124 0.693549 277.419660 -0.021332 1.124620 200.000000 1.124620 0.261837 104.734959 -0.946909 0.263560 200.000000 0.263560 2.075053 830.021138 0.235615 1.269543 200.000000 1.269543 0.021964 8.785705 0.910304 0.444874 200.000000 0.444874
 2.400000 -0.999960 -0.008960 0.942986 0.332834 -1.579757 1.231489 -0.008960 -0.999960 0.332834 0.942986 0.057394 22.957464 -0.032917 1.195204 200.000000 1.195204 1.125586 450.234548 -0.893866 1.092726 200.000000 1.092726 1.386414 554.565753 0.215087 1.384480 200.000000 1.384480 0.792413 316.965051 0.853968 1.368158 200.000000 1.368158
 2.600000 -0.989572 -0.144037 0.880221 0.474565 -1.715336 1.076327 -0.144037 -0.989572 0.474565 0.880221 0.990712 396.284974 -0.044503 1.236520 200.000000 1.236520 2.212633 885.053029 -0.840823 2.470710 200.000000 2.470710 7.840256 3136.102444 0.194560 1.576176 200.000000 1.576176 0.682081 272.832250 0.797632 2.927845 200.000000 2.927845
 2.800000 -0.994497 -0.104761 0.964937 0.262480 -1.675750 1.305205 -0.104761 -0.994497 0.262480 0.964937 0.236904 94.761669 -0.056088 1.263587 200.000000 1.263587 4.273214 1709.285418 -0.787780 4.409559 200.000000 4.409559 0.782292 312.916926 0.174033 1.781967 200.000000 1.781967 5.001507 2000.602818 0.741297 5.166003 200.000000 5.166003
 3.000000 -0.995082 -0.099054 0.972109 0.234529 -1.670013 1.334062 -0.099054 -0.995082 0.234529 0.972109 0.098472 39.388880 -0.067674 1.315964 200.000000 1.315964 6.777968 2711.187394 -0.734737 6.922182 200.000000 6.922182 0.656488 262.595092 0.153505 2.074502 200.000000 2.074502 8.245378 3298.151101 0.684961 8.059481 200.000000 8.059481
 3.200000 -0.999979 0.006451 0.991616 0.129220 -1.564345 1.441214 0.006451 -0.999979 0.129220 0.991616 0.734630 293.852129 -0.079259 1.328361 200.000000 1.328361 10.130572 4052.228766 -0.681694 9.964932 200.000000 9.964932 0.001412 0.564887 0.132978 2.420780 200.000000 2.420780 13.176178 5270.471369 0.628626 11.605590 200.000000 11.605590
 3.400000 -0.999786 -0.020676 0.990418 0.138099 -1.591473 1.432255 -0.020676 -0.999786 0.138099 0.990418 0.492368 196.947062 -0.090845 1.301163 200.000000 1.301163 13.774178 5509.671059 -0.628650 13.550679 200.000000 13.550679 0.065784 26.313422 0.112450 2.790551 200.000000 2.790551 17.483110 6993.244121 0.572290 15.831676 200.000000 15.831676
 3.600000 -0.995323 -0.096603 0.994052 0.108903 -1.667550 1.461677 -0.096603 -0.995323 0.108903 0.994052 0.003396 1.358282 -0.102430 1.226209 200.000000 1.226209 17.616129 7046.451768 -0.575607 17.672761 200.000000 17.672761 0.028834 11.533439 0.091923 3.251272 200.000000 3.251272 22.857720 9143.087992 0.515955 20.675490 200.000000 20.675490
 3.800000 -0.981414 -0.191904 0.988624 0.150411 -1.763899 1.419813 -0.191904 -0.981414 0.150411 0.988624 0.606670 242.668004 -0.114015 1.134194 200.000000 1.134194 21.054285 8421.713819 -0.522564 22.316681 200.000000 22.316681 0.624343 249.737309 0.071395 3.640408 200.000000 3.640408 27.984549 11193.819473 0.459619 26.225890 200.000000 26.225890
 4.000000 -0.970543 -0.240930 0.977537 0.210764 -1.814120 1.358440 -0.240930 -0.970543 0.210764 0.977537 1.330077 532.030930 -0.125601 0.955917 200.000000 0.955917 25.102260 10040.903976 -0.469521 27.438796 200.000000 27.438796 2.556675 1022.670040 0.050868 3.966298 200.000000 3.966298 32.976668 13190.667258 0.403284 32.502867 200.000000 32.502867
 4.200000 -0.984008 -0.178126 0.992962 0.118432 -1.749878 1.452085 -0.178126 -0.984008 0.118432 0.992962 0.167604 67.041797 -0.137186 0.805531 200.000000 0.805531 32.209017 12883.606973 -0.416478 33.121240 200.000000 33.121240 0.776019 310.407731 0.030341 4.237162 200.000000 4.237162 41.733385 16693.353864 0.346948 39.441821 200.000000 39.441821
 4.400000 -0.931220 -0.364458 0.999321 -0.036838 -1.943847 1.607643 -0.364458 -0.931220 -0.036838 0.999321 4.652047 1860.818935 -0.148772 0.384325 200.000000 0.384325 32.238009 12895.203401 -0.363435 39.001631 200.000000 39.001631 0.217632 87.052838 0.009813 4.342252 200.000000 4.342252 50.226771 20090.708274 0.290613 47.026673 200.000000 47.026673
 4.600000 -0.937870 -0.346988 0.989913 -0.141680 -1.925154 1.712955 -0.346988 -0.937870 -0.141680 0.989913 3.483104 1393.241489 -0.160357 -0.102068 200.000000 -0.102068 39.372875 15749.149891 -0.310392 45.255156 200.000000 45.255156 1.715198 686.079101 -0.010714 4.588352 200.000000 4.588352 57.098466 22839.386450 0.234277 55.245024 200.000000 55.245024
 4.800000 -0.795443 -0.606029 0.990197 -0.139675 -2.221855 1.710929 -0.606029 -0.795443 -0.139675 0.990197 18.843083 7537.233290 -0.171943 -0.864944 200.000000 -0.864944 28.954555 11581.821841 -0.257348 51.378416 200.000000 51.378416 1.175775 470.309847 -0.031242 3.941518 200.000000 3.941518 65.975929 26390.371722 0.177942 63.943860 200.000000 63.943860
 5.000000 -0.786470 -0.617629 0.900600 -0.434648 -2.236521 2.020444 -0.617629 -0.786470 -0.434648 0.900600 18.844365 7537.745878 -0.183528 -1.788257 200.000000 -1.788257 33.891541 13556.616223 -0.204305 57.540346 200.000000 57.540346 14.659615 5863.845977 -0.051769 2.751911 200.000000 2.751911 60.683197 24273.278691 0.121606 72.783905 200.000000 72.783905
 5.200000 -0.578498 -0.815684 0.461700 -0.887036 -2.524707 2.661682 -0.815684 -0.578498 -0.887036 0.461700 38.510791 15404.316290 -0.195113 -3.034335 200.000000 -3.034335 18.253026 7301.210519 -0.151262 62.909732 200.000000 62.909732 66.380007 26552.002634 -0.072297 0.464650 200.000000 0.464650 15.715646 6286.258204 0.065271 80.139298 200.000000 80.139298
 5.400000 -0.383545 -0.923522 0.273704 -0.961814 -2.747960 2.864351 -0.923522 -0.383545 -0.961814 0.273704 51.383546 20553.418403 -0.206699 -4.574681 200.000000 -4.574681 8.141123 3256.449370 -0.098219 66.816507 200.000000 66.816507 75.514329 30205.731640 -0.092824 -2.985383 200.000000 -2.985383 7.010255 2804.102153 0.008935 83.920765 200.000000 83.920765
 5.600000 -0.238607 -0.971116 -0.166463 -0.986048 -2.900661 -2.974351 -0.971116 -0.238607 -0.986048 -0.166463 56.675595 22670.238141 -0.218284 -6.176636 200.000000 -6.176636 3.741565 1496.625943 -0.045176 70.344852 200.000000 70.344852 76.159841 30463.936472 -0.113352 -6.598826 200.000000 -6.598826 1.417597 567.038689 -0.047400 84.112977 200.000000 84.112977
 5.800000 -0.231570 -0.972818 -0.581827 -0.813312 -2.907901 -2.520619 -0.972818 -0.231570 -0.813312 -0.581827 55.197254 22078.901616 -0.229870 -7.920056 200.000000 -7.920056 5.733029 2293.211728 0.007867 72.219562 200.000000 72.219562 46.162961 18465.184275 -0.133879 -9.851056 200.000000 -9.851056 22.857141 9142.856422 -0.103736 80.815400 200.000000 80.815400
 6.000000 0.017104 -0.999854 -0.618987 -0.785402 3.124488 -2.474141 -0.999854 0.017104 -0.785402 -0.618987 57.516846 23006.738396 -0.241455 -9.662475 200.000000 -9.662475 0.191905 76.762067 0.060911 73.532129 200.000000 73.532129 39.815471 15926.188381 -0.154406 -12.764114 200.000000 -12.764114 21.060319 8424.127632 -0.160071 76.525791 200.000000 76.525791
 6.200000 0.157894 -0.987456 -0.762768 -0.646672 2.983035 -2.274010 -0.987456 0.157894 -0.646672 -0.762768 53.936621 21574.648556 -0.253041 -11.357631 200.000000 -11.357631 0.193074 77.229443 0.113954 72.746375 200.000000 72.746375 22.253690 8901.475804 -0.174934 -14.954467 200.000000 -14.954467 29.851053 11940.421196 -0.216407 70.663735 200.000000 70.663735
 6.400000 0.361066 -0.932540 -0.750984 -0.660320 2.772182 -2.292041 -0.932540 0.361066 -0.660320 -0.750984 44.610964 17844.385701 -0.264626 -12.998158 200.000000 -12.998158 3.766274 1506.509788 0.166997 71.825726 200.000000 71.825726 21.609377 8643.750904 -0.195461 -17.064107 200.000000 -17.064107 22.871509 9148.603542 -0.272742 65.414058 200.000000 65.414058
 6.600000 0.483390 -0.875405 -0.879810 -0.475326 2.637070 -2.066131 -0.875405 0.483390 -0.475326 -0.879810 35.903333 14361.333197 -0.276211 -14.281722 200.000000 -14.281722 6.935306 2774.122375 0.220040 68.003240 200.000000 68.003240 6.725564 2690.225734 -0.215989 -18.471074 200.000000 -18.471074 30.330561 12132.224581 -0.329078 59.476337 200.000000 59.476337
 6.800000 0.520765 -0.853700 -0.918382 -0.395695 2.593846 -1.977621 -0.853700 0.520765 -0.395695 -0.918382 32.024667 12809.866667 -0.287797 -15.629617 200.000000 -15.629617 6.134618 2453.847255 0.273083 65.371370 200.000000 65.371370 2.533792 1013.516845 -0.236516 -20.028601 200.000000 -20.028601 28.405531 11362.212446 -0.385414 54.610116 200.000000 54.610116
 7.000000 0.628601 -0.777728 -0.890653 -0.454683 2.461840 -2.042813 -0.777728 0.628601 -0.454683 -0.890653 22.881467 9152.586850 -0.299382 -16.489841 200.000000 -16.489841 9.149092 3659.636608 0.326126 60.747364 200.000000 60.747364 3.906146 1562.458586 -0.257044 -21.062536 200.000000 -21.062536 20.151486 8060.594594 -0.441749 49.526856 200.000000 49.526856
 7.200000 0.710801 -0.703393 -0.856262 -0.516541 2.350957 -2.113603 -0.703393 0.710801 -0.516541 -0.856262 15.399791 6159.916217 -0.310968 -17.342190 200.000000 -17.342190 10.997937 4399.174969 0.379169 56.689409 200.000000 56.689409 5.710683 2284.273129 -0.277571 -22.143891 200.000000 -22.143891 12.829118 5131.647398 -0.498085 45.299385 200.000000 45.299385
 7.400000 0.813224 -0.581951 -0.809244 -0.587472 2.191921 -2.198728 -0.581951 0.813224 -0.587472 -0.809244 6.728703 2691.481106 -0.322553 -17.980706 200.000000 -17.980706 14.516984 5806.793568 0.432213 52.511896 200.000000 52.511896 8.373724 3349.489560 -0.298099 -22.865611 200.000000 -22.865611 6.493530 2597.412112 -0.554420 41.287244 200.000000 41.287244
 7.600000 0.954720 -0.297507 -0.840811 -0.541329 1.872876 -2.142814 -0.297507 0.954720 -0.541329 -0.840811 0.134189 53.675443 -0.334139 -18.423020 200.000000 -18.423020 22.039643 8815.857041 0.485256 48.362250 200.000000 48.362250 4.959672 1983.868688 -0.318626 -23.493366 200.000000 -23.493366 5.292535 2117.013891 -0.610756 37.889469 200.000000 37.889469
 7.800000 0.854744 -0.519050 -0.899224 -0.437489 2.116536 -2.023601 -0.519050 0.854744 -0.437489 -0.899224 3.004197 1201.678853 -0.345724 -18.814720 200.000000 -18.814720 10.013737 4005.494850 0.538299 44.699805 200.000000 44.699805 0.966991 386.796540 -0.339153 -24.043400 200.000000 -24.043400 5.388551 2155.420385 -0.667091 35.120428 200.000000 35.120428
 8.000000 0.900024 -0.435841 -0.908864 -0.417092 2.021769 -2.001039 -0.435841 0.900024 -0.417092 -0.908864 0.616719 246.687512 -0.357309 -19.064287 200.000000 -19.064287 9.528441 3811.376240 0.591342 41.322821 200.000000 41.322821 0.329598 131.839300 -0.359681 -24.361473 200.000000 -24.361473 3.438718 1375.487161 -0.723427 32.815067 200.000000 32.815067
 8.200000 0.909040 -0.416708 -0.919861 -0.392246 2.000618 -1.973868 -0.416708 0.909040 -0.392246 -0.919861 0.228614 91.445613 -0.368895 -19.297319 200.000000 -19.297319 7.004228 2801.691130 0.644385 38.507108 200.000000 38.507108 0.014490 5.795849 -0.380208 -24.748198 200.000000 -24.748198 1.962754 785.101528 -0.779762 31.329099 200.000000 31.329099
 8.400000 0.862334 -0.506340 -0.919365 -0.393405 2.101731 -1.975129 -0.506340 0.862334 -0.393405 -0.919365 1.584058 633.623142 -0.380480 -19.467597 200.000000 -19.467597 2.719393 1087.757157 0.697428 36.173442 200.000000 36.173442 0.005374 2.149633 -0.400736 -24.895843 200.000000 -24.895843 0.693349 277.339472 -0.836098 30.274000 200.000000 30.274000
 8.600000 0.922845 -0.385171 -0.894558 -0.446951 1.966189 -2.034150 -0.385171 0.922845 -0.446951 -0.894558 0.004754 1.901653 -0.392066 -19.507937 200.000000 -19.507937 2.971275 1188.510111 0.750471 34.168129 200.000000 34.168129 0.065986 26.394558 -0.421263 -24.964715 200.000000 -24.964715 0.000452 0.180654 -0.892433 29.847867 200.000000 29.847867
 8.800000 0.898499 -0.438976 -0.877721 -0.479171 2.025255 -2.070507 -0.438976 0.898499 -0.479171 -0.877721 0.124784 49.913425 -0.403651 -19.545675 200.000000 -19.545675 0.902200 360.880179 0.803515 32.781900 200.000000 32.781900 0.285069 114.027728 -0.425779 -24.933595 200.000000 -24.933595 0.073471 29.388496 -0.904827 29.796045 200.000000 29.796045
 9.000000 0.895672 -0.444716 -0.928164 -0.372171 2.031653 -1.952143 -0.444716 0.895672 -0.372171 -0.928164 0.086903 34.761002 -0.415237 -19.472102 200.000000 -19.472102 0.152990 61.196072 0.856558 31.794922 200.000000 31.794922 0.287387 114.954683 -0.425779 -24.933595 200.000000 -24.933595 0.054462 21.784989 -0.904827 29.796045 200.000000 29.796045
 9.200000 0.933764 -0.357890 -0.899185 -0.437570 1.936803 -2.023690 -0.357890 0.933764 -0.437570 -0.899185 0.460898 184.359353 -0.425779 -19.391739 200.000000 -19.391739 0.083734 33.493490 0.904827 31.391473 200.000000 31.391473 0.013901 5.560443 -0.425779 -24.933595 200.000000 -24.933595 0.003184 1.273513 -0.904827 29.796045 200.000000 29.796045
 9.400000 0.905537 -0.424267 -0.918594 -0.395202 2.008949 -1.977084 -0.424267 0.905537 -0.395202 -0.918594 0.000229 0.091422 -0.425779 -19.391739 200.000000 -19.391739 0.000050 0.020156 0.904827 31.391473 200.000000 31.391473 0.093498 37.399340 -0.425779 -24.933595 200.000000 -24.933595 0.018954 7.581518 -0.904827 29.796045 200.000000 29.796045
 9.600000 0.936717 -0.350086 -0.912392 -0.409319 1.928460 -1.992503 -0.350086 0.936717 -0.409319 -0.912392 0.572941 229.176330 -0.425779 -19.391739 200.000000 -19.391739 0.101699 40.679770 0.904827 31.391473 200.000000 31.391473 0.027096 10.838208 -0.425779 -24.933595 200.000000 -24.933595 0.005722 2.288853 -0.904827 29.796045 200.000000 29.796045
 9.800000 0.939430 -0.342740 -0.885292 -0.465035 1.920628 -2.054470 -0.342740 0.939430 -0.465035 -0.885292 0.689550 275.820026 -0.425779 -19.391739 200.000000 -19.391739 0.119738 47.895254 0.904827 31.391473 200.000000 31.391473 0.154098 61.639254 -0.425779 -24.933595 200.000000 -24.933595 0.038160 15.263963 -0.904827 29.796045 200.000000 29.796045
 10.000000 0.931984 -0.362500 -0.894469 -0.447130 1.941746 -2.034350 -0.362500 0.931984 -0.447130 -0.894469 0.400424 160.169454 -0.425779 -19.391739 200.000000 -19.391739 0.073748 29.499279 0.904827 31.391473 200.000000 31.391473 0.045583 18.233381 -0.425779 -24.933595 200.000000 -24.933595 0.010729 4.291407 -0.904827 29.796045 200.000000 29.796045
 10.200000 0.931096 -0.364774 -0.880435 -0.474168 1.944187 -2.064815 -0.364774 0.931096 -0.474168 -0.880435 0.372161 148.864556 -0.425779 -19.391739 200.000000 -19.391739 0.069006 27.602279 0.904827 31.391473 200.000000 31.391473 0.234144 93.657636 -0.425779 -24.933595 200.000000 -24.933595 0.059500 23.799803 -0.904827 29.796045 200.000000 29.796045
 10.400000 0.928238 -0.371986 -0.928580 -0.371132 1.951944 -1.951024 -0.371986 0.928238 -0.371132 -0.928580 0.289373 115.749380 -0.425779 -19.391739 200.000000 -19.391739 0.054809 21.923649 0.904827 31.391473 200.000000 31.391473 0.298630 119.451905 -0.425779 -24.933595 200.000000 -24.933595 0.056420 22.568128 -0.904827 29.796045 200.000000 29.796045
 10.600000 0.914402 -0.404807 -0.906090 -0.423085 1.987564 -2.007644 -0.404807 0.914402 -0.423085 -0.906090 0.043983 17.593267 -0.425779 -19.391739 200.000000 -19.391739 0.009168 3.667257 0.904827 31.391473 200.000000 31.391473 0.000726 0.290300 -0.425779 -24.933595 200.000000 -24.933595 0.000159 0.063786 -0.904827 29.796045 200.000000 29.796045
 10.800000 0.923838 -0.382783 -0.903265 -0.429083 1.963603 -2.014273 -0.382783 0.923838 -0.429083 -0.903265 0.184869 73.947525 -0.425779 -19.391739 200.000000 -19.391739 0.036143 14.457128 0.904827 31.391473 200.000000 31.391473 0.001091 0.436471 -0.425779 -24.933595 200.000000 -24.933595 0.000244 0.097568 -0.904827 29.796045 200.000000 29.796045
 11.000000 0.930435 -0.366457 -0.900727 -0.434386 1.945995 -2.020153 -0.366457 0.930435 -0.434386 -0.900727 0.351913 140.765178 -0.425779 -19.391739 200.000000 -19.391739 0.065577 26.230622 0.904827 31.391473 200.000000 31.391473 0.007408 2.963147 -0.425779 -24.933595 200.000000 -24.933595 0.001681 0.672506 -0.904827 29.796045 200.000000 29.796045
 11.200000 0.926569 -0.376125 -0.907651 -0.419727 1.956407 -2.003941 -0.376125 0.926569 -0.419727 -0.907651 0.246552 98.620927 -0.425779 -19.391739 200.000000 -19.391739 0.047270 18.908190 0.904827 31.391473 200.000000 31.391473 0.003663 1.465356 -0.425779 -24.933595 200.000000 -24.933595 0.000797 0.318883 -0.904827 29.796045 200.000000 29.796045
 11.400000 0.952354 -0.304994 -0.951581 -0.307399 1.880728 -1.883255 -0.304994 0.952354 -0.307399 -0.951581 1.458918 583.567270 -0.425779 -19.391739 200.000000 -19.391739 0.225885 90.353944 0.904827 31.391473 200.000000 31.391473 1.401379 560.551430 -0.425779 -24.933595 200.000000 -24.933595 0.218589 87.435644 -0.904827 29.796045 200.000000 29.796045
 11.600000 0.903718 -0.428129 -0.905987 -0.423305 2.013217 -2.007886 -0.428129 0.903718 -0.423305 -0.905987 0.000552 0.220763 -0.425779 -19.391739 200.000000 -19.391739 0.000123 0.049214 0.904827 31.391473 200.000000 31.391473 0.000612 0.244908 -0.425779 -24.933595 200.000000 -24.933595 0.000135 0.053846 -0.904827 29.796045 200.000000 29.796045
 11.800000 0.929877 -0.367871 -0.939015 -0.343875 1.947515 -1.921837 -0.367871 0.929877 -0.343875 -0.939015 0.335337 134.134956 -0.425779 -19.391739 200.000000 -19.391739 0.062749 25.099688 0.904827 31.391473 200.000000 31.391473 0.670826 268.330268 -0.425779 -24.933595 200.000000 -24.933595 0.116884 46.753472 -0.904827 29.796045 200.000000 29.796045
 12.000000 0.930637 -0.365945 -0.875135 -0.483878 1.945444 -2.075877 -0.365945 0.930637 -0.483878 -0.875135 0.358019 143.207785 -0.425779 -19.391739 200.000000 -19.391739 0.066614 26.645415 0.904827 31.391473 200.000000 31.391473 0.337546 135.018336 -0.425779 -24.933595 200.000000 -24.933595 0.088159 35.263599 -0.904827 29.796045 200.000000 29.796045
 12.200000 0.878753 -0.477277 -0.880066 -0.474852 2.068350 -2.065592 -0.477277 0.878753 -0.474852 -0.880066 0.265206 106.082504 -0.425779 -19.391739 200.000000 -19.391739 0.067987 27.194985 0.904827 31.391473 200.000000 31.391473 0.240809 96.323643 -0.425779 -24.933595 200.000000 -24.933595 0.061312 24.524617 -0.904827 29.796045 200.000000 29.796045
 12.400000 0.926144 -0.377169 -0.931135 -0.364675 1.957534 -1.944080 -0.377169 0.926144 -0.364675 -0.931135 0.236297 94.518756 -0.425779 -19.391739 200.000000 -19.391739 0.045443 18.177321 0.904827 31.391473 200.000000 31.391473 0.373371 149.348484 -0.425779 -24.933595 200.000000 -24.933595 0.069210 27.683898 -0.904827 29.796045 200.000000 29.796045
 12.600000 0.951016 -0.309142 -0.860538 -0.509387 1.885087 -2.105268 -0.309142 0.951016 -0.509387 -0.860538 1.360418 544.167349 -0.425779 -19.391739 200.000000 -19.391739 0.213340 85.335969 0.904827 31.391473 200.000000 31.391473 0.699017 279.606759 -0.425779 -24.933595 200.000000 -24.933595 0.196153 78.461379 -0.904827 29.796045 200.000000 29.796045
 12.800000 0.946464 -0.322809 -0.928263 -0.371926 1.899492 -1.951879 -0.322809 0.946464 -0.371926 -0.928263 1.060294 424.117478 -0.425779 -19.391739 200.000000 -19.391739 0.173365 69.346158 0.904827 31.391473 200.000000 31.391473 0.290023 116.009148 -0.425779 -24.933595 200.000000 -24.933595 0.054922 21.968948 -0.904827 29.796045 200.000000 29.796045
 13.000000 0.945813 -0.324711 -0.880764 -0.473556 1.901502 -2.064120 -0.324711 0.945813 -0.473556 -0.880764 1.021483 408.593005 -0.425779 -19.391739 200.000000 -19.391739 0.167987 67.194986 0.904827 31.391473 200.000000 31.391473 0.228257 91.302844 -0.425779 -24.933595 200.000000 -24.933595 0.057903 23.161312 -0.904827 29.796045 200.000000 29.796045
 13.200000 0.924624 -0.380882 -0.869726 -0.493535 1.961547 -2.086946 -0.380882 0.924624 -0.493535 -0.869726 0.201574 80.629758 -0.425779 -19.391739 200.000000 -19.391739 0.039190 15.676052 0.904827 31.391473 200.000000 31.391473 0.459080 183.632133 -0.425779 -24.933595 200.000000 -24.933595 0.123208 49.283150 -0.904827 29.796045 200.000000 29.796045
 13.400000 0.907286 -0.420513 -0.918428 -0.395588 2.004807 -1.977504 -0.420513 0.907286 -0.395588 -0.918428 0.002773 1.109291 -0.425779 -19.391739 200.000000 -19.391739 0.000605 0.241944 0.904827 31.391473 200.000000 31.391473 0.091151 36.460350 -0.425779 -24.933595 200.000000 -24.933595 0.018499 7.399474 -0.904827 29.796045 200.000000 29.796045
 13.600000 0.888133 -0.459586 -0.918198 -0.396123 2.048325 -1.978087 -0.459586 0.888133 -0.396123 -0.918198 0.114290 45.716011 -0.425779 -19.391739 200.000000 -19.391739 0.027868 11.147361 0.904827 31.391473 200.000000 31.391473 0.087951 35.180473 -0.425779 -24.933595 200.000000 -24.933595 0.017877 7.150834 -0.904827 29.796045 200.000000 29.796045
 13.800000 0.924316 -0.381629 -0.876345 -0.481683 1.962354 -2.073371 -0.381629 0.924316 -0.481683 -0.876345 0.194929 77.971568 -0.425779 -19.391739 200.000000 -19.391739 0.037981 15.192419 0.904827 31.391473 200.000000 31.391473 0.312526 125.010457 -0.425779 -24.933595 200.000000 -24.933595 0.081121 32.448298 -0.904827 29.796045 200.000000 29.796045
 14.000000 0.943202 -0.332219 -0.917517 -0.397696 1.909452 -1.979801 -0.332219 0.943202 -0.397696 -0.917517 0.875353 350.141133 -0.425779 -19.391739 200.000000 -19.391739 0.147266 58.906316 0.904827 31.391473 200.000000 31.391473 0.078865 31.545835 -0.425779 -24.933595 200.000000 -24.933595 0.016104 6.441439 -0.904827 29.796045 200.000000 29.796045
 14.200000 0.939823 -0.341662 -0.934364 -0.356321 1.919481 -1.935124 -0.341662 0.939823 -0.356321 -0.934364 0.707579 283.031800 -0.425779 -19.391739 200.000000 -19.391739 0.122472 48.988827 0.904827 31.391473 200.000000 31.391473 0.482446 192.978505 -0.425779 -24.933595 200.000000 -24.933595 0.087241 34.896370 -0.904827 29.796045 200.000000 29.796045
 14.400000 0.954231 -0.299071 -0.918474 -0.395481 1.874515 -1.977388 -0.299071 0.954231 -0.395481 -0.918474 1.605510 642.204163 -0.425779 -19.391739 200.000000 -19.391739 0.244075 97.630006 0.904827 31.391473 200.000000 31.391473 0.091798 36.719390 -0.425779 -24.933595 200.000000 -24.933595 0.018624 7.449726 -0.904827 29.796045 200.000000 29.796045
 14.600000 0.901242 -0.433316 -0.918708 -0.394937 2.018965 -1.976795 -0.433316 0.901242 -0.394937 -0.918708 0.005680 2.272167 -0.425779 -19.391739 200.000000 -19.391739 0.001285 0.514108 0.904827 31.391473 200.000000 31.391473 0.095127 38.050988 -0.425779 -24.933595 200.000000 -24.933595 0.019269 7.707671 -0.904827 29.796045 200.000000 29.796045
 14.800000 0.898645 -0.438678 -0.875701 -0.482853 2.024923 -2.074706 -0.438678 0.898645 -0.482853 -0.875701 0.016637 6.654624 -0.425779 -19.391739 200.000000 -19.391739 0.003822 1.528944 0.904827 31.391473 200.000000 31.391473 0.325741 130.296228 -0.425779 -24.933595 200.000000 -24.933595 0.084830 33.932066 -0.904827 29.796045 200.000000 29.796045
 15.000000 0.925101 -0.379722 -0.894334 -0.447400 1.960292 -2.034652 -0.379722 0.925101 -0.447400 -0.894334 0.212125 84.850194 -0.425779 -19.391739 200.000000 -19.391739 0.041102 16.440602 0.904827 31.391473 200.000000 31.391473 0.046744 18.697624 -0.425779 -24.933595 200.000000 -24.933595 0.011010 4.404056 -0.904827 29.796045 200.000000 29.796045
 15.200000 0.936915 -0.349557 -0.943979 -0.330007 1.927894 -1.907107 -0.349557 0.936915 -0.330007 -0.943979 0.580985 232.393964 -0.425779 -19.391739 200.000000 -19.391739 0.102964 41.185782 0.904827 31.391473 200.000000 31.391473 0.917239 366.895733 -0.425779 -24.933595 200.000000 -24.933595 0.153284 61.313738 -0.904827 29.796045 200.000000 29.796045
 15.400000 0.920540 -0.390648 -0.897662 -0.440685 1.972132 -2.027158 -0.390648 0.920540 -0.440685 -0.897662 0.123419 49.367614 -0.425779 -19.391739 200.000000 -19.391739 0.024690 9.875907 0.904827 31.391473 200.000000 31.391473 0.022218 8.887216 -0.425779 -24.933595 200.000000 -24.933595 0.005134 2.053629 -0.904827 29.796045 200.000000 29.796045
 15.600000 0.911369 -0.411591 -0.897008 -0.442013 1.994995 -2.028638 -0.411591 0.911369 -0.442013 -0.897008 0.020131 8.052320 -0.425779 -19.391739 200.000000 -19.391739 0.004279 1.711712 0.904827 31.391473 200.000000 31.391473 0.026355 10.541902 -0.425779 -24.933595 200.000000 -24.933595 0.006113 2.445236 -0.904827 29.796045 200.000000 29.796045
 15.800000 0.947221 -0.320582 -0.892392 -0.451260 1.897141 -2.038973 -0.320582 0.947221 -0.451260 -0.892392 1.106639 442.655548 -0.425779 -19.391739 200.000000 -19.391739 0.179722 71.888636 0.904827 31.391473 200.000000 31.391473 0.064928 25.971038 -0.425779 -24.933595 200.000000 -24.933595 0.015462 6.184796 -0.904827 29.796045 200.000000 29.796045
 16.000000 0.944137 -0.329553 -0.891302 -0.453410 1.906627 -2.041383 -0.329553 0.944137 -0.453410 -0.891302 0.925944 370.377443 -0.425779 -19.391739 200.000000 -19.391739 0.154527 61.810761 0.904827 31.391473 200.000000 31.391473 0.076343 30.537397 -0.425779 -24.933595 200.000000 -24.933595 0.018292 7.316800 -0.904827 29.796045 200.000000 29.796045
 16.200000 0.933769 -0.357875 -0.920609 -0.390486 1.936788 -1.971956 -0.357875 0.933769 -0.390486 -0.920609 0.461094 184.437725 -0.425779 -19.391739 200.000000 -19.391739 0.083766 33.506293 0.904827 31.391473 200.000000 31.391473 0.124559 49.823721 -0.425779 -24.933595 200.000000 -24.933595 0.024906 9.962448 -0.904827 29.796045 200.000000 29.796045
 16.400000 0.942432 -0.334398 -0.913751 -0.406276 1.911763 -1.989171 -0.334398 0.942432 -0.406276 -0.913751 0.835056 334.022500 -0.425779 -19.391739 200.000000 -19.391739 0.141413 56.565257 0.904827 31.391473 200.000000 31.391473 0.038039 15.215747 -0.425779 -24.933595 200.000000 -24.933595 0.007963 3.185177 -0.904827 29.796045 200.000000 29.796045
 16.600000 0.919918 -0.392110 -0.920670 -0.390342 1.973720 -1.971799 -0.392110 0.919918 -0.390342 -0.920670 0.113362 45.344903 -0.425779 -19.391739 200.000000 -19.391739 0.022775 9.109886 0.904827 31.391473 200.000000 31.391473 0.125580 50.231875 -0.425779 -24.933595 200.000000 -24.933595 0.025100 10.039837 -0.904827 29.796045 200.000000 29.796045
 16.800000 0.929015 -0.370043 -0.923427 -0.383773 1.949852 -1.964675 -0.370043 0.929015 -0.383773 -0.923427 0.310650 124.260163 -0.425779 -19.391739 200.000000 -19.391739 0.058503 23.401343 0.904827 31.391473 200.000000 31.391473 0.176450 70.580072 -0.425779 -24.933595 200.000000 -24.933595 0.034597 13.838818 -0.904827 29.796045 200.000000 29.796045
 17.000000 0.919830 -0.392318 -0.893639 -0.448787 1.973946 -2.036204 -0.392318 0.919830 -0.448787 -0.893639 0.111969 44.787443 -0.425779 -19.391739 200.000000 -19.391739 0.022508 9.003333 0.904827 31.391473 200.000000 31.391473 0.052937 21.174752 -0.425779 -24.933595 200.000000 -24.933595 0.012518 5.007256 -0.904827 29.796045 200.000000 29.796045
 17.200000 0.929555 -0.368684 -0.919372 -0.393389 1.948389 -1.975112 -0.368684 0.929555 -0.393389 -0.919372 0.325990 130.395832 -0.425779 -19.391739 200.000000 -19.391739 0.061147 24.458602 0.904827 31.391473 200.000000 31.391473 0.104911 41.964391 -0.425779 -24.933595 200.000000 -24.933595 0.021155 8.462196 -0.904827 29.796045 200.000000 29.796045
 17.400000 0.937679 -0.347503 -0.934007 -0.357256 1.925703 -1.936125 -0.347503 0.937679 -0.357256 -0.934007 0.612725 245.089903 -0.425779 -19.391739 200.000000 -19.391739 0.107925 43.170113 0.904827 31.391473 200.000000 31.391473 0.469546 187.818506 -0.425779 -24.933595 200.000000 -24.933595 0.085144 34.057755 -0.904827 29.796045 200.000000 29.796045
 17.600000 0.944660 -0.328052 -0.900748 -0.434342 1.905037 -2.020104 -0.328052 0.944660 -0.434342 -0.900748 0.955063 382.025132 -0.425779 -19.391739 200.000000 -19.391739 0.158664 63.465512 0.904827 31.391473 200.000000 31.391473 0.007332 2.932746 -0.425779 -24.933595 200.000000 -24.933595 0.001664 0.665522 -0.904827 29.796045 200.000000 29.796045
 17.800000 0.941085 -0.338169 -0.930182 -0.367098 1.915767 -1.946683 -0.338169 0.941085 -0.367098 -0.930182 0.767555 307.022126 -0.425779 -19.391739 200.000000 -19.391739 0.131467 52.586647 0.904827 31.391473 200.000000 31.391473 0.344351 137.740292 -0.425779 -24.933595 200.000000 -24.933595 0.064289 25.715576 -0.904827 29.796045 200.000000 29.796045
 18.000000 0.906187 -0.422877 -0.875131 -0.483887 2.007414 -2.075887 -0.422877 0.906187 -0.483887 -0.875131 0.000842 0.336959 -0.425779 -19.391739 200.000000 -19.391739 0.000185 0.073994 0.904827 31.391473 200.000000 31.391473 0.337646 135.058408 -0.425779 -24.933595 200.000000 -24.933595 0.088187 35.274922 -0.904827 29.796045 200.000000 29.796045
 18.200000 0.911872 -0.410475 -0.910965 -0.412484 1.993771 -1.995975 -0.410475 0.911872 -0.412484 -0.910965 0.023422 9.368911 -0.425779 -19.391739 200.000000 -19.391739 0.004963 1.985180 0.904827 31.391473 200.000000 31.391473 0.017677 7.070879 -0.425779 -24.933595 200.000000 -24.933595 0.003767 1.506960 -0.904827 29.796045 200.000000 29.796045
 18.400000 0.916965 -0.398967 -0.933217 -0.359314 1.981186 -1.938329 -0.398967 0.916965 -0.359314 -0.933217 0.071892 28.756815 -0.425779 -19.391739 200.000000 -19.391739 0.014734 5.893636 0.904827 31.391473 200.000000 31.391473 0.441763 176.705172 -0.425779 -24.933595 200.000000 -24.933595 0.080597 32.238895 -0.904827 29.796045 200.000000 29.796045
 18.600000 0.931804 -0.362961 -0.902753 -0.430159 1.942240 -2.015465 -0.362961 0.931804 -0.430159 -0.902753 0.394616 157.846220 -0.425779 -19.391739 200.000000 -19.391739 0.072778 29.111062 0.904827 31.391473 200.000000 31.391473 0.001918 0.767171 -0.425779 -24.933595 200.000000 -24.933595 0.000430 0.172021 -0.904827 29.796045 200.000000 29.796045
 18.800000 0.916845 -0.399243 -0.952839 -0.303478 1.981488 -1.879137 -0.399243 0.916845 -0.303478 -0.952839 0.070415 28.165946 -0.425779 -19.391739 200.000000 -19.391739 0.014443 5.777180 0.904827 31.391473 200.000000 31.391473 1.495765 598.306061 -0.425779 -24.933595 200.000000 -24.933595 0.230510 92.203983 -0.904827 29.796045 200.000000 29.796045
 19.000000 0.890382 -0.455214 -0.894450 -0.447167 2.043409 -2.034392 -0.455214 0.890382 -0.447167 -0.894450 0.086639 34.655508 -0.425779 -19.391739 200.000000 -19.391739 0.020865 8.346167 0.904827 31.391473 200.000000 31.391473 0.045744 18.297413 -0.425779 -24.933595 200.000000 -24.933595 0.010767 4.306937 -0.904827 29.796045 200.000000 29.796045
 19.200000 0.948378 -0.317143 -0.903829 -0.427894 1.893512 -2.012958 -0.317143 0.948378 -0.427894 -0.903829 1.180180 472.071973 -0.425779 -19.391739 200.000000 -19.391739 0.189666 75.866219 0.904827 31.391473 200.000000 31.391473 0.000447 0.178860 -0.425779 -24.933595 200.000000 -24.933595 0.000100 0.039846 -0.904827 29.796045 200.000000 29.796045
 19.400000 0.947558 -0.319584 -0.932187 -0.361976 1.896086 -1.941183 -0.319584 0.947558 -0.361976 -0.932187 1.127750 451.099896 -0.425779 -19.391739 200.000000 -19.391739 0.182594 73.037493 0.904827 31.391473 200.000000 31.391473 0.407083 162.833240 -0.425779 -24.933595 200.000000 -24.933595 0.074858 29.943383 -0.904827 29.796045 200.000000 29.796045
 19.600000 0.903249 -0.429118 -0.877357 -0.479838 2.014312 -2.071266 -0.429118 0.903249 -0.479838 -0.877357 0.001114 0.445749 -0.425779 -19.391739 200.000000 -19.391739 0.000249 0.099652 0.904827 31.391473 200.000000 31.391473 0.292230 116.892054 -0.425779 -24.933595 200.000000 -24.933595 0.075459 30.183442 -0.904827 29.796045 200.000000 29.796045
 19.800000 0.929940 -0.367711 -0.874662 -0.484734 1.947343 -2.076855 -0.367711 0.929940 -0.484734 -0.874662 0.337187 134.874981 -0.425779 -19.391739 200.000000 -19.391739 0.063066 25.226284 0.904827 31.391473 200.000000 31.391473 0.347564 139.025529 -0.425779 -24.933595 200.000000 -24.933595 0.090995 36.397913 -0.904827 29.796045 200.000000 29.796045
 20.000000 0.934113 -0.356976 -0.857339 -0.514752 1.935825 -2.111515 -0.356976 0.934113 -0.514752 -0.857339 0.473385 189.353848 -0.425779 -19.391739 200.000000 -19.391739 0.085769 34.307667 0.904827 31.391473 200.000000 31.391473 0.791614 316.645509 -0.425779 -24.933595 200.000000 -24.933595 0.225510 90.204057 -0.904827 29.796045 200.000000 29.796045
