#! FIELDS time sin_phi cos_phi sin_psi cos_psi phi psi cos_phi sin_phi cos_psi sin_psi restraint_phi_cos.bias restraint_phi_cos.force2 restraint_phi_cos.cos_phi_cntr restraint_phi_cos.cos_phi_work restraint_phi_cos.cos_phi_kappa restraint_phi_cos.work restraint_phi_sin.bias restraint_phi_sin.force2 restraint_phi_sin.sin_phi_cntr restraint_phi_sin.sin_phi_work restraint_phi_sin.sin_phi_kappa restraint_phi_sin.work restraint_psi_cos.bias restraint_psi_cos.force2 restraint_psi_cos.cos_psi_cntr restraint_psi_cos.cos_psi_work restraint_psi_cos.cos_psi_kappa restraint_psi_cos.work restraint_psi_sin.bias restraint_psi_sin.force2 restraint_psi_sin.sin_psi_cntr restraint_psi_sin.sin_psi_work restraint_psi_sin.sin_psi_kappa restraint_psi_sin.work
#! SET min_phi -pi
#! SET max_phi pi
#! SET min_psi -pi
#! SET max_psi pi
 0.000000 -0.999983 -0.005782 0.966116 0.258110 -1.576579 1.309731 -0.005782 -0.999983 0.258110 0.966116 0.000000 0.000000 -0.009747 0.000000 0.000000 0.000000 0.000000 0.000000 -0.999953 0.000000 0.000000 0.000000 0.000000 0.000000 0.256142 0.000000 0.000000 0.000000 0.000000 0.000000 0.966639 0.000000 0.000000 0.000000
 0.200000 -1.000000 -0.000266 0.834654 0.550774 -1.571062 0.987505 -0.000266 -1.000000 0.550774 0.834654 0.000899 0.035952 -0.009747 0.429322 20.000000 0.429322 0.000000 0.000001 -0.999953 0.008204 20.000000 0.008204 0.868079 34.723159 0.256142 0.437494 20.000000 0.437494 0.174200 6.967991 0.966639 0.079186 20.000000 0.079186
 0.400000 -0.998238 0.059344 0.982966 0.183790 -1.511418 1.385956 0.059344 -0.998238 0.183790 0.982966 0.095469 7.637512 -0.009747 0.576150 40.000000 0.576150 0.000059 0.004705 -0.999953 0.009175 40.000000 0.009175 0.104699 8.375897 0.256142 0.652622 40.000000 0.652622 0.005331 0.426490 0.966639 0.103852 40.000000 0.103852
 0.600000 -0.997904 0.064712 0.969719 0.244224 -1.506039 1.324077 0.064712 -0.997904 0.244224 0.969719 0.166321 19.958503 -0.009747 0.652735 60.000000 0.652735 0.000126 0.015107 -0.999953 0.009549 60.000000 0.009549 0.004261 0.511338 0.256142 0.812947 60.000000 0.812947 0.000285 0.034144 0.966639 0.126978 60.000000 0.126978
 0.800000 -0.999998 0.001903 0.948101 0.317970 -1.568894 1.247209 0.001903 -0.999998 0.317970 0.948101 0.005428 0.868524 -0.009747 0.745436 80.000000 0.745436 0.000000 0.000013 -0.999953 0.009931 80.000000 0.009931 0.152906 24.464912 0.256142 0.870390 80.000000 0.870390 0.013747 2.199469 0.966639 0.131255 80.000000 0.131255
 1.000000 -0.997910 -0.064626 0.983712 0.179754 -1.635467 1.390060 -0.064626 -0.997910 0.179754 0.983712 0.150586 30.117270 -0.009747 0.830203 100.000000 0.830203 0.000209 0.041736 -0.999953 0.010215 100.000000 0.010215 0.291759 58.351722 0.256142 0.906282 100.000000 0.906282 0.014574 2.914707 0.966639 0.133899 100.000000 0.133899
 1.200000 -0.998631 0.052315 0.985228 0.171251 -1.518457 1.398698 0.052315 -0.998631 0.171251 0.985228 0.231101 55.464312 -0.009747 0.926071 120.000000 0.926071 0.000105 0.025163 -0.999953 0.010632 120.000000 0.010632 0.432397 103.775384 0.256142 0.991998 120.000000 0.991998 0.020732 4.975638 0.966639 0.141238 120.000000 0.141238
 1.400000 -0.999098 0.042454 0.979946 0.199264 -1.528329 1.370189 0.042454 -0.999098 0.199264 0.979946 0.190745 53.408626 -0.009747 0.960889 140.000000 0.960889 0.000051 0.014298 -0.999953 0.010712 140.000000 0.010712 0.226460 63.408817 0.256142 1.092913 140.000000 1.092913 0.012395 3.470574 0.966639 0.149512 140.000000 0.149512
 1.600000 -0.999952 0.009799 0.961502 0.274796 -1.560997 1.292419 0.009799 -0.999952 0.274796 0.961502 0.030562 9.779723 -0.009747 1.007028 160.000000 1.007028 0.000000 0.000000 -0.999953 0.010844 160.000000 0.010844 0.027837 8.907908 0.256142 1.162388 160.000000 1.162388 0.002111 0.675440 0.966639 0.156244 160.000000 0.156244
 1.800000 -0.999823 -0.018803 0.970268 0.242032 -1.589600 1.326336 -0.018803 -0.999823 0.242032 0.970268 0.007382 2.657428 -0.009747 1.052093 180.000000 1.052093 0.000002 0.000542 -0.999953 0.010933 180.000000 0.010933 0.017919 6.450699 0.256142 1.193826 180.000000 1.193826 0.001185 0.426729 0.966639 0.158898 180.000000 0.158898
 2.000000 -0.987192 0.159534 0.942534 0.334111 -1.410577 1.230134 0.159534 -0.987192 0.334111 0.942534 2.865606 1146.242258 -0.009747 1.082144 200.000000 1.082144 0.016282 6.512852 -0.999953 0.011015 200.000000 0.011015 0.607915 243.165831 0.256142 1.220068 200.000000 1.220068 0.058107 23.242855 0.966639 0.161405 200.000000 0.161405
 2.200000 -0.990180 0.139799 0.901109 0.433593 -1.430538 1.122320 0.139799 -0.990180 0.433593 0.901109 0.824818 329.927030 0.048979 0.873751 200.000000 0.873751 0.315708 126.283299 -0.933992 0.408754 200.000000 0.408754 2.474921 989.968457 0.276274 1.157652 200.000000 1.157652 0.020024 8.009545 0.886958 0.631251 200.000000 0.631251
 2.400000 -0.991669 0.128813 0.911013 0.412377 -1.441625 1.145734 0.128813 -0.991669 0.412377 0.911013 0.044553 17.821394 0.107705 0.523593 200.000000 0.523593 1.528621 611.448238 -0.868032 1.620186 200.000000 1.620186 1.344933 537.973058 0.296406 1.010749 200.000000 1.010749 1.076111 430.444243 0.807277 2.151007 200.000000 2.151007
 2.600000 -0.997650 0.068511 0.832433 0.554125 -1.502232 0.983484 0.068511 -0.997650 0.554125 0.832433 0.958830 383.531920 0.166431 0.200473 200.000000 0.200473 3.825126 1530.050495 -0.802071 3.584057 200.000000 3.584057 5.644787 2257.914886 0.316538 0.714832 200.000000 0.714832 1.099071 439.628362 0.727597 4.593887 200.000000 4.593887
 2.800000 -0.974657 0.223705 0.875255 0.483662 -1.345182 1.065963 0.223705 -0.974657 0.483662 0.875255 0.000211 0.084293 0.225156 -0.175439 200.000000 -0.175439 5.690436 2276.174463 -0.736111 6.238994 200.000000 6.238994 2.160669 864.267550 0.336670 0.333780 200.000000 0.333780 5.168311 2067.324448 0.647916 8.044746 200.000000 8.044746
 3.000000 -0.958124 0.286354 0.853608 0.520916 -1.280377 1.022872 0.286354 -0.958124 0.520916 0.853608 0.000611 0.244468 0.283882 -0.999543 200.000000 -0.999543 8.292883 3317.153024 -0.670150 9.417129 200.000000 9.417129 2.693370 1077.347919 0.356801 -0.264808 200.000000 -0.264808 8.143762 3257.504753 0.568235 12.173975 200.000000 12.173975
 3.200000 -0.910182 0.414208 0.836202 0.548421 -1.143723 0.990321 0.414208 -0.910182 0.548421 0.836202 0.512663 205.065123 0.342608 -2.138771 200.000000 -2.138771 9.363136 3745.254351 -0.604190 13.007642 200.000000 13.007642 2.940818 1176.327220 0.376933 -1.096217 200.000000 -1.096217 12.085911 4834.364486 0.488554 16.730555 200.000000 16.730555
 3.400000 -0.879889 0.475179 0.710316 0.703883 -1.075628 0.789947 0.475179 -0.879889 0.703883 0.710316 0.545319 218.127662 0.401334 -3.449728 200.000000 -3.449728 11.673139 4669.255552 -0.538229 16.963333 200.000000 16.963333 9.413732 3765.492626 0.397065 -2.162278 200.000000 -2.162278 9.086759 3634.703650 0.408873 21.601922 200.000000 21.601922
 3.600000 -0.761751 0.647870 0.576283 0.817250 -0.866012 0.614174 0.647870 -0.761751 0.817250 0.576283 3.527265 1410.905957 0.460059 -5.359981 200.000000 -5.359981 8.380017 3352.006659 -0.472269 20.871710 200.000000 20.871710 16.004255 6401.702050 0.417197 -3.460569 200.000000 -3.460569 6.105385 2442.153908 0.329193 26.548936 200.000000 26.548936
 3.800000 -0.632431 0.774617 0.541947 0.840413 -0.684687 0.572752 0.774617 -0.632431 0.840413 0.541947 6.544992 2617.996769 0.518785 -7.667038 200.000000 -7.667038 5.113134 2045.253757 -0.406308 24.622082 200.000000 24.622082 16.247687 6499.074889 0.437329 -5.065214 200.000000 -5.065214 8.551826 3420.730485 0.249512 30.867661 200.000000 30.867661
 4.000000 -0.591219 0.806511 0.391354 0.920240 -0.632570 0.402102 0.806511 -0.591219 0.920240 0.391354 5.244103 2097.641171 0.577511 -10.216983 200.000000 -10.216983 6.293643 2517.457382 -0.340348 28.135452 200.000000 28.135452 21.416516 8566.606344 0.457460 -6.937283 200.000000 -6.937283 4.907247 1962.898819 0.169831 33.941247 200.000000 33.941247
 4.200000 -0.523300 0.852149 0.106531 0.994309 -0.550719 0.106733 0.852149 -0.523300 0.994309 0.106531 4.661792 1864.716762 0.636237 -13.196732 200.000000 -13.196732 6.195756 2478.302525 -0.274387 30.722454 200.000000 30.722454 26.699668 10679.867236 0.477592 -8.921756 200.000000 -8.921756 0.026832 10.732998 0.090150 35.979874 200.000000 35.979874
 4.400000 -0.321107 0.947043 -0.067876 0.997694 -0.326898 -0.067928 0.947043 -0.321107 0.997694 -0.067876 6.354458 2541.783006 0.694962 -16.012490 200.000000 -16.012490 1.269683 507.873265 -0.208427 33.068824 200.000000 33.068824 24.996976 9998.790540 0.497724 -10.954747 200.000000 -10.954747 0.613801 245.520365 0.010469 36.709734 200.000000 36.709734
 4.600000 -0.112547 0.993646 -0.146476 0.989214 -0.112786 -0.147005 0.993646 -0.112547 0.989214 -0.146476 5.757996 2303.198239 0.753688 -18.788678 200.000000 -18.788678 0.089517 35.806794 -0.142466 34.289919 200.000000 34.289919 22.217872 8887.148925 0.517856 -12.917699 200.000000 -12.917699 0.596985 238.794180 -0.069211 35.839517 200.000000 35.839517
 4.800000 -0.160388 0.987054 -0.285252 0.958453 -0.161084 -0.289269 0.987054 -0.160388 0.958453 -0.285252 3.049918 1219.967251 0.812414 -21.200759 200.000000 -21.200759 0.703620 281.447864 -0.076506 34.751858 200.000000 34.751858 17.679082 7071.632788 0.537988 -14.709789 200.000000 -14.709789 1.859392 743.756889 -0.148892 33.947701 200.000000 33.947701
 5.000000 -0.025627 0.999672 -0.379139 0.925340 -0.025630 -0.388865 0.999672 -0.025627 0.925340 -0.379139 1.652045 660.817983 0.871140 -22.950605 200.000000 -22.950605 0.022747 9.098630 -0.010545 35.478785 200.000000 35.478785 13.485085 5394.033964 0.558119 -16.296019 200.000000 -16.296019 2.267001 906.800339 -0.228573 31.692500 200.000000 31.692500
 5.200000 0.136360 0.990659 -0.418445 0.908242 0.136786 -0.431733 0.990659 0.136360 0.908242 -0.418445 0.369590 147.836147 0.929865 -24.072902 200.000000 -24.072902 0.655207 262.082706 0.055415 35.209978 200.000000 35.209978 10.889398 4355.759238 0.578251 -17.638042 200.000000 -17.638042 1.214210 485.683987 -0.308254 29.112239 200.000000 29.112239
 5.400000 0.099374 0.995050 -0.457394 0.889264 0.099538 -0.475063 0.995050 0.099374 0.889264 -0.457394 0.004172 1.668763 0.988591 -24.442474 200.000000 -24.442474 0.048409 19.363429 0.121376 34.769858 200.000000 34.769858 8.461176 3384.470450 0.598383 -18.714747 200.000000 -18.714747 0.482463 192.985049 -0.387935 26.461263 200.000000 26.461263
 5.600000 0.100005 0.994987 -0.602651 0.798005 0.100172 -0.646819 0.994987 0.100005 0.798005 -0.602651 0.000825 0.329999 0.992115 -24.445876 200.000000 -24.445876 0.064154 25.661644 0.125333 34.790085 200.000000 34.790085 3.221658 1288.663089 0.618515 -19.536477 200.000000 -19.536477 1.823468 729.387096 -0.467616 24.040208 200.000000 24.040208
 5.800000 0.189132 0.981952 -0.623452 0.781862 0.190278 -0.673150 0.981952 0.189132 0.781862 -0.623452 0.010329 4.131497 0.992115 -24.445876 200.000000 -24.445876 0.407029 162.811640 0.125333 34.790085 200.000000 34.790085 2.051056 820.422252 0.638647 -20.121363 200.000000 -20.121363 0.579967 231.986842 -0.547296 22.072348 200.000000 22.072348
 6.000000 0.213219 0.977004 -0.662674 0.748908 0.214869 -0.724383 0.977004 0.213219 0.748908 -0.662674 0.022832 9.132897 0.992115 -24.445876 200.000000 -24.445876 0.772397 308.958620 0.125333 34.790085 200.000000 34.790085 0.812342 324.936780 0.658778 -20.517425 200.000000 -20.517425 0.127423 50.969109 -0.626977 20.869485 200.000000 20.869485
 6.200000 0.133039 0.991111 -0.676537 0.736409 0.133435 -0.743049 0.991111 0.133039 0.736409 -0.676537 0.000101 0.040313 0.992115 -24.445876 200.000000 -24.445876 0.005938 2.375171 0.125333 34.790085 200.000000 34.790085 0.330612 132.244880 0.678910 -20.662213 200.000000 -20.662213 0.090730 36.292157 -0.706658 20.214368 200.000000 20.214368
 6.400000 0.190399 0.981707 -0.662090 0.749424 0.191569 -0.723604 0.981707 0.190399 0.749424 -0.662090 0.010832 4.332983 0.992115 -24.445876 200.000000 -24.445876 0.423355 169.342099 0.125333 34.790085 200.000000 34.790085 0.420906 168.362237 0.684547 -20.688970 200.000000 -20.688970 0.447275 178.910091 -0.728969 20.259499 200.000000 20.259499
 6.600000 0.176055 0.984380 -0.681209 0.732089 0.176978 -0.749412 0.984380 0.176055 0.732089 -0.681209 0.005982 2.392854 0.992115 -24.445876 200.000000 -24.445876 0.257273 102.909187 0.125333 34.790085 200.000000 34.790085 0.226027 90.410774 0.684547 -20.688970 200.000000 -20.688970 0.228102 91.240922 -0.728969 20.259499 200.000000 20.259499
 6.800000 0.111869 0.993723 -0.735479 0.677547 0.112104 -0.826374 0.993723 0.111869 0.677547 -0.735479 0.000259 0.103458 0.992115 -24.445876 200.000000 -24.445876 0.018128 7.251224 0.125333 34.790085 200.000000 34.790085 0.004900 1.959839 0.684547 -20.688970 200.000000 -20.688970 0.004239 1.695458 -0.728969 20.259499 200.000000 20.259499
 7.000000 0.167241 0.985916 -0.700826 0.713332 0.168031 -0.776555 0.985916 0.167241 0.713332 -0.700826 0.003842 1.536958 0.992115 -24.445876 200.000000 -24.445876 0.175629 70.251406 0.125333 34.790085 200.000000 34.790085 0.082859 33.143705 0.684547 -20.688970 200.000000 -20.688970 0.079201 31.680592 -0.728969 20.259499 200.000000 20.259499
 7.200000 0.138065 0.990423 -0.707441 0.706772 0.138508 -0.785871 0.990423 0.138065 0.706772 -0.707441 0.000286 0.114454 0.992115 -24.445876 200.000000 -24.445876 0.016210 6.484073 0.125333 34.790085 200.000000 34.790085 0.049397 19.758671 0.684547 -20.688970 200.000000 -20.688970 0.046344 18.537661 -0.728969 20.259499 200.000000 20.259499
 7.400000 0.146330 0.989236 -0.695209 0.718808 0.146857 -0.768711 0.989236 0.146330 0.718808 -0.695209 0.000829 0.331500 0.992115 -24.445876 200.000000 -24.445876 0.044084 17.633786 0.125333 34.790085 200.000000 34.790085 0.117379 46.951440 0.684547 -20.688970 200.000000 -20.688970 0.113971 45.588527 -0.728969 20.259499 200.000000 20.259499
 7.600000 0.282935 0.959139 -0.739224 0.673459 0.286853 -0.831918 0.959139 0.282935 0.673459 -0.739224 0.108740 43.495872 0.992115 -24.445876 200.000000 -24.445876 2.483841 993.536288 0.125333 34.790085 200.000000 34.790085 0.012294 4.917453 0.684547 -20.688970 200.000000 -20.688970 0.010518 4.207051 -0.728969 20.259499 200.000000 20.259499
 7.800000 0.138181 0.990407 -0.715326 0.698791 0.138625 -0.797091 0.990407 0.138181 0.698791 -0.715326 0.000292 0.116657 0.992115 -24.445876 200.000000 -24.445876 0.016507 6.602935 0.125333 34.790085 200.000000 34.790085 0.020288 8.115339 0.684547 -20.688970 200.000000 -20.688970 0.018612 7.444776 -0.728969 20.259499 200.000000 20.259499
 8.000000 0.153456 0.988155 -0.741480 0.670975 0.154065 -0.835274 0.988155 0.153456 0.670975 -0.741480 0.001568 0.627027 0.992115 -24.445876 200.000000 -24.445876 0.079090 31.636067 0.125333 34.790085 200.000000 34.790085 0.018421 7.368572 0.684547 -20.688970 200.000000 -20.688970 0.015654 6.261758 -0.728969 20.259499 200.000000 20.259499
 8.200000 0.134553 0.990906 -0.729926 0.683526 0.134962 -0.818214 0.990906 0.134553 0.683526 -0.729926 0.000146 0.058397 0.992115 -24.445876 200.000000 -24.445876 0.008500 3.400019 0.125333 34.790085 200.000000 34.790085 0.000104 0.041707 0.684547 -20.688970 200.000000 -20.688970 0.000092 0.036676 -0.728969 20.259499 200.000000 20.259499
 8.400000 0.095157 0.995462 -0.772799 0.634651 0.095301 -0.883240 0.995462 0.095157 0.634651 -0.772799 0.001121 0.448243 0.992115 -24.445876 200.000000 -24.445876 0.091059 36.423514 0.125333 34.790085 200.000000 34.790085 0.248966 99.586482 0.684547 -20.688970 200.000000 -20.688970 0.192112 76.844813 -0.728969 20.259499 200.000000 20.259499
 8.600000 0.213116 0.977027 -0.760344 0.649520 0.214764 -0.863843 0.977027 0.213116 0.649520 -0.760344 0.022764 9.105766 0.992115 -24.445876 200.000000 -24.445876 0.770588 308.235248 0.125333 34.790085 200.000000 34.790085 0.122686 49.074563 0.684547 -20.688970 200.000000 -20.688970 0.098442 39.376790 -0.728969 20.259499 200.000000 20.259499
 8.800000 0.145255 0.989394 -0.751205 0.660069 0.145771 -0.849886 0.989394 0.145255 0.660069 -0.751205 0.000740 0.296049 0.992115 -24.445876 200.000000 -24.445876 0.039690 15.875841 0.125333 34.790085 200.000000 34.790085 0.059919 23.967724 0.684547 -20.688970 200.000000 -20.688970 0.049447 19.778699 -0.728969 20.259499 200.000000 20.259499
 9.000000 0.043732 0.999043 -0.739000 0.673706 0.043746 -0.831584 0.999043 0.043732 0.673706 -0.739000 0.004801 1.920223 0.992115 -24.445876 200.000000 -24.445876 0.665879 266.351614 0.125333 34.790085 200.000000 34.790085 0.011753 4.701249 0.684547 -20.688970 200.000000 -20.688970 0.010062 4.024773 -0.728969 20.259499 200.000000 20.259499
 9.200000 0.173903 0.984763 -0.751686 0.659521 0.174791 -0.850615 0.984763 0.173903 0.659521 -0.751686 0.005405 2.162001 0.992115 -24.445876 200.000000 -24.445876 0.235900 94.359967 0.125333 34.790085 200.000000 34.790085 0.062631 25.052210 0.684547 -20.688970 200.000000 -20.688970 0.051608 20.643389 -0.728969 20.259499 200.000000 20.259499
 9.400000 0.025530 0.999674 -0.719944 0.694032 0.025533 -0.803721 0.999674 0.025530 0.694032 -0.719944 0.005714 2.285754 0.992115 -24.445876 200.000000 -24.445876 0.996068 398.427292 0.125333 34.790085 200.000000 34.790085 0.008997 3.598837 0.684547 -20.688970 200.000000 -20.688970 0.008145 3.257929 -0.728969 20.259499 200.000000 20.259499
 9.600000 0.088505 0.996076 -0.737204 0.675671 0.088621 -0.828922 0.996076 0.088505 0.675671 -0.737204 0.001569 0.627582 0.992115 -24.445876 200.000000 -24.445876 0.135630 54.251819 0.125333 34.790085 200.000000 34.790085 0.007879 3.151696 0.684547 -20.688970 200.000000 -20.688970 0.006782 2.712634 -0.728969 20.259499 200.000000 20.259499
 9.800000 0.105231 0.994448 -0.710054 0.704148 0.105426 -0.789574 0.994448 0.105231 0.704148 -0.710054 0.000544 0.217735 0.992115 -24.445876 200.000000 -24.445876 0.040410 16.163964 0.125333 34.790085 200.000000 34.790085 0.038418 15.367146 0.684547 -20.688970 200.000000 -20.688970 0.035778 14.311058 -0.728969 20.259499 200.000000 20.259499
 10.000000 0.058499 0.998287 -0.777091 0.629388 0.058533 -0.890030 0.998287 0.058499 0.629388 -0.777091 0.003810 1.524113 0.992115 -24.445876 200.000000 -24.445876 0.446678 178.671060 0.125333 34.790085 200.000000 34.790085 0.304248 121.699092 0.684547 -20.688970 200.000000 -20.688970 0.231575 92.629906 -0.728969 20.259499 200.000000 20.259499
 10.200000 0.115470 0.993311 -0.729151 0.684352 0.115728 -0.817081 0.993311 0.115470 0.684352 -0.729151 0.000143 0.057242 0.992115 -24.445876 200.000000 -24.445876 0.009728 3.891355 0.125333 34.790085 200.000000 34.790085 0.000004 0.001515 0.684547 -20.688970 200.000000 -20.688970 0.000003 0.001335 -0.728969 20.259499 200.000000 20.259499
 10.400000 0.086759 0.996229 -0.754008 0.656865 0.086868 -0.854143 0.996229 0.086759 0.656865 -0.754008 0.001693 0.677220 0.992115 -24.445876 200.000000 -24.445876 0.148801 59.520269 0.125333 34.790085 200.000000 34.790085 0.076629 30.651703 0.684547 -20.688970 200.000000 -20.688970 0.062698 25.079014 -0.728969 20.259499 200.000000 20.259499
 10.600000 0.190435 0.981700 -0.722974 0.690876 0.191605 -0.808097 0.981700 0.190435 0.690876 -0.722974 0.010847 4.338728 0.992115 -24.445876 200.000000 -24.445876 0.423818 169.527235 0.125333 34.790085 200.000000 34.790085 0.004005 1.601964 0.684547 -20.688970 200.000000 -20.688970 0.003594 1.437561 -0.728969 20.259499 200.000000 20.259499
 10.800000 0.133652 0.991028 -0.741401 0.671062 0.134053 -0.835156 0.991028 0.133652 0.671062 -0.741401 0.000118 0.047205 0.992115 -24.445876 200.000000 -24.445876 0.006920 2.767869 0.125333 34.790085 200.000000 34.790085 0.018185 7.274069 0.684547 -20.688970 200.000000 -20.688970 0.015457 6.182911 -0.728969 20.259499 200.000000 20.259499
 11.000000 0.132069 0.991240 -0.698439 0.715669 0.132456 -0.773214 0.991240 0.132069 0.715669 -0.698439 0.000076 0.030570 0.992115 -24.445876 200.000000 -24.445876 0.004537 1.814957 0.125333 34.790085 200.000000 34.790085 0.096859 38.743562 0.684547 -20.688970 200.000000 -20.688970 0.093204 37.281521 -0.728969 20.259499 200.000000 20.259499
 11.200000 0.113215 0.993571 -0.731453 0.681892 0.113458 -0.820450 0.993571 0.113215 0.681892 -0.731453 0.000212 0.084779 0.992115 -24.445876 200.000000 -24.445876 0.014686 5.874328 0.125333 34.790085 200.000000 34.790085 0.000705 0.281912 0.684547 -20.688970 200.000000 -20.688970 0.000617 0.246796 -0.728969 20.259499 200.000000 20.259499
 11.400000 0.189088 0.981960 -0.732095 0.681202 0.190233 -0.821393 0.981960 0.189088 0.681202 -0.732095 0.010311 4.124525 0.992115 -24.445876 200.000000 -24.445876 0.406461 162.584383 0.125333 34.790085 200.000000 34.790085 0.001119 0.447560 0.684547 -20.688970 200.000000 -20.688970 0.000978 0.391070 -0.728969 20.259499 200.000000 20.259499
 11.600000 0.202637 0.979254 -0.733254 0.679955 0.204050 -0.823096 0.979254 0.202637 0.679955 -0.733254 0.016540 6.616047 0.992115 -24.445876 200.000000 -24.445876 0.597592 239.036699 0.125333 34.790085 200.000000 34.790085 0.002109 0.843661 0.684547 -20.688970 200.000000 -20.688970 0.001837 0.734665 -0.728969 20.259499 200.000000 20.259499
 11.800000 0.089082 0.996024 -0.713204 0.700956 0.089200 -0.794059 0.996024 0.089082 0.700956 -0.713204 0.001528 0.611394 0.992115 -24.445876 200.000000 -24.445876 0.131414 52.565779 0.125333 34.790085 200.000000 34.790085 0.026926 10.770500 0.684547 -20.688970 200.000000 -20.688970 0.024852 9.940689 -0.728969 20.259499 200.000000 20.259499
 12.000000 0.075266 0.997163 -0.684998 0.728545 0.075337 -0.754602 0.997163 0.075266 0.728545 -0.684998 0.002549 1.019610 0.992115 -24.445876 200.000000 -24.445876 0.250672 100.268981 0.125333 34.790085 200.000000 34.790085 0.193578 77.431010 0.684547 -20.688970 200.000000 -20.688970 0.193338 77.335164 -0.728969 20.259499 200.000000 20.259499
 12.200000 0.164109 0.986442 -0.653863 0.756613 0.164854 -0.712679 0.986442 0.164109 0.756613 -0.653863 0.003218 1.287068 0.992115 -24.445876 200.000000 -24.445876 0.150354 60.141691 0.125333 34.790085 200.000000 34.790085 0.519351 207.740541 0.684547 -20.688970 200.000000 -20.688970 0.564089 225.635447 -0.728969 20.259499 200.000000 20.259499
 12.400000 0.162096 0.986775 -0.762311 0.647211 0.162814 -0.866876 0.986775 0.162096 0.647211 -0.762311 0.002851 1.140473 0.992115 -24.445876 200.000000 -24.445876 0.135147 54.058948 0.125333 34.790085 200.000000 34.790085 0.139400 55.759847 0.684547 -20.688970 200.000000 -20.688970 0.111172 44.468654 -0.728969 20.259499 200.000000 20.259499
 12.600000 0.074958 0.997187 -0.674296 0.738461 0.075028 -0.740010 0.997187 0.074958 0.738461 -0.674296 0.002573 1.029016 0.992115 -24.445876 200.000000 -24.445876 0.253771 101.508277 0.125333 34.790085 200.000000 34.790085 0.290676 116.270424 0.684547 -20.688970 200.000000 -20.688970 0.298913 119.565355 -0.728969 20.259499 200.000000 20.259499
 12.800000 0.207830 0.978165 -0.737971 0.674833 0.209356 -0.830058 0.978165 0.207830 0.674833 -0.737971 0.019459 7.783707 0.992115 -24.445876 200.000000 -24.445876 0.680564 272.225799 0.125333 34.790085 200.000000 34.790085 0.009437 3.774614 0.684547 -20.688970 200.000000 -20.688970 0.008103 3.241381 -0.728969 20.259499 200.000000 20.259499
 13.000000 0.155977 0.987761 -0.723153 0.690688 0.156617 -0.808357 0.987761 0.155977 0.690688 -0.723153 0.001896 0.758321 0.992115 -24.445876 200.000000 -24.445876 0.093907 37.562667 0.125333 34.790085 200.000000 34.790085 0.003771 1.508272 0.684547 -20.688970 200.000000 -20.688970 0.003382 1.352780 -0.728969 20.259499 200.000000 20.259499
 13.200000 0.126989 0.991904 -0.726125 0.687563 0.127332 -0.812669 0.991904 0.126989 0.687563 -0.726125 0.000004 0.001773 0.992115 -24.445876 200.000000 -24.445876 0.000274 0.109613 0.125333 34.790085 200.000000 34.790085 0.000910 0.363822 0.684547 -20.688970 200.000000 -20.688970 0.000809 0.323508 -0.728969 20.259499 200.000000 20.259499
 13.400000 0.303172 0.952936 -0.734982 0.678087 0.308020 -0.825640 0.952936 0.303172 0.678087 -0.734982 0.153499 61.399767 0.992115 -24.445876 200.000000 -24.445876 3.162680 1265.071893 0.125333 34.790085 200.000000 34.790085 0.004174 1.669430 0.684547 -20.688970 200.000000 -20.688970 0.003616 1.446351 -0.728969 20.259499 200.000000 20.259499
 13.600000 0.086666 0.996237 -0.705665 0.708546 0.086775 -0.783361 0.996237 0.086666 0.708546 -0.705665 0.001700 0.679861 0.992115 -24.445876 200.000000 -24.445876 0.149512 59.804828 0.125333 34.790085 200.000000 34.790085 0.057594 23.037613 0.684547 -20.688970 200.000000 -20.688970 0.054307 21.722801 -0.728969 20.259499 200.000000 20.259499
 13.800000 0.141255 0.989973 -0.724305 0.689480 0.141729 -0.810026 0.989973 0.141255 0.689480 -0.724305 0.000459 0.183443 0.992115 -24.445876 200.000000 -24.445876 0.025351 10.140590 0.125333 34.790085 200.000000 34.790085 0.002433 0.973176 0.684547 -20.688970 200.000000 -20.688970 0.002175 0.869935 -0.728969 20.259499 200.000000 20.259499
 14.000000 0.252970 0.967474 -0.753625 0.657304 0.255749 -0.853560 0.967474 0.252970 0.657304 -0.753625 0.060715 24.286174 0.992115 -24.445876 200.000000 -24.445876 1.629107 651.642812 0.125333 34.790085 200.000000 34.790085 0.074218 29.687124 0.684547 -20.688970 200.000000 -20.688970 0.060796 24.318254 -0.728969 20.259499 200.000000 20.259499
 14.200000 0.076670 0.997057 -0.739146 0.673545 0.076745 -0.831802 0.997057 0.076670 0.673545 -0.739146 0.002442 0.976864 0.992115 -24.445876 200.000000 -24.445876 0.236811 94.724326 0.125333 34.790085 200.000000 34.790085 0.012104 4.841684 0.684547 -20.688970 200.000000 -20.688970 0.010358 4.143192 -0.728969 20.259499 200.000000 20.259499
 14.400000 0.188267 0.982118 -0.733955 0.679198 0.189397 -0.824127 0.982118 0.188267 0.679198 -0.733955 0.009994 3.997453 0.992115 -24.445876 200.000000 -24.445876 0.396066 158.426294 0.125333 34.790085 200.000000 34.790085 0.002861 1.144453 0.684547 -20.688970 200.000000 -20.688970 0.002486 0.994538 -0.728969 20.259499 200.000000 20.259499
 14.600000 0.241035 0.970517 -0.690447 0.723383 0.243432 -0.762107 0.970517 0.241035 0.723383 -0.690447 0.046648 18.659257 0.992115 -24.445876 200.000000 -24.445876 1.338681 535.472363 0.125333 34.790085 200.000000 34.790085 0.150820 60.327837 0.684547 -20.688970 200.000000 -20.688970 0.148389 59.355408 -0.728969 20.259499 200.000000 20.259499
 14.800000 0.087410 0.996172 -0.652602 0.757701 0.087522 -0.711013 0.996172 0.087410 0.757701 -0.652602 0.001646 0.658591 0.992115 -24.445876 200.000000 -24.445876 0.143814 57.525547 0.125333 34.790085 200.000000 34.790085 0.535151 214.060341 0.684547 -20.688970 200.000000 -20.688970 0.583190 233.276085 -0.728969 20.259499 200.000000 20.259499
 15.000000 0.176835 0.984240 -0.723504 0.690320 0.177770 -0.808865 0.984240 0.176835 0.690320 -0.723504 0.006200 2.480124 0.992115 -24.445876 200.000000 -24.445876 0.265244 106.097610 0.125333 34.790085 200.000000 34.790085 0.003333 1.333224 0.684547 -20.688970 200.000000 -20.688970 0.002986 1.194563 -0.728969 20.259499 200.000000 20.259499
 15.200000 0.161491 0.986874 -0.672859 0.739771 0.162201 -0.738067 0.986874 0.161491 0.739771 -0.672859 0.002746 1.098533 0.992115 -24.445876 200.000000 -24.445876 0.130740 52.295880 0.125333 34.790085 200.000000 34.790085 0.304965 121.986104 0.684547 -20.688970 200.000000 -20.688970 0.314829 125.931677 -0.728969 20.259499 200.000000 20.259499
 15.400000 0.095341 0.995445 -0.708894 0.705315 0.095486 -0.787930 0.995445 0.095341 0.705315 -0.708894 0.001109 0.443556 0.992115 -24.445876 200.000000 -24.445876 0.089955 35.982083 0.125333 34.790085 200.000000 34.790085 0.043129 17.251521 0.684547 -20.688970 200.000000 -20.688970 0.040297 16.118904 -0.728969 20.259499 200.000000 20.259499
 15.600000 0.225201 0.974312 -0.703318 0.710876 0.227149 -0.780054 0.974312 0.225201 0.710876 -0.703318 0.031692 12.676911 0.992115 -24.445876 200.000000 -24.445876 0.997353 398.941115 0.125333 34.790085 200.000000 34.790085 0.069319 27.727562 0.684547 -20.688970 200.000000 -20.688970 0.065797 26.318644 -0.728969 20.259499 200.000000 20.259499
 15.800000 0.238182 0.971221 -0.698389 0.715718 0.240494 -0.773144 0.971221 0.238182 0.715718 -0.698389 0.043657 17.462695 0.992115 -24.445876 200.000000 -24.445876 1.273487 509.394943 0.125333 34.790085 200.000000 34.790085 0.097164 38.865562 0.684547 -20.688970 200.000000 -20.688970 0.093510 37.404163 -0.728969 20.259499 200.000000 20.259499
 16.000000 0.163905 0.986476 -0.716489 0.697598 0.164648 -0.798757 0.986476 0.163905 0.697598 -0.716489 0.003179 1.271748 0.992115 -24.445876 200.000000 -24.445876 0.148779 59.511554 0.125333 34.790085 200.000000 34.790085 0.017033 6.813179 0.684547 -20.688970 200.000000 -20.688970 0.015574 6.229401 -0.728969 20.259499 200.000000 20.259499
 16.200000 0.171122 0.985250 -0.751079 0.660212 0.171968 -0.849695 0.985250 0.171122 0.660212 -0.751079 0.004713 1.885039 0.992115 -24.445876 200.000000 -24.445876 0.209660 83.864075 0.125333 34.790085 200.000000 34.790085 0.059218 23.687210 0.684547 -20.688970 200.000000 -20.688970 0.048887 19.554727 -0.728969 20.259499 200.000000 20.259499
 16.400000 0.124345 0.992239 -0.666572 0.745440 0.124668 -0.729601 0.992239 0.124345 0.745440 -0.666572 0.000002 0.000618 0.992115 -24.445876 200.000000 -24.445876 0.000098 0.039040 0.125333 34.790085 200.000000 34.790085 0.370801 148.320209 0.684547 -20.688970 200.000000 -20.688970 0.389332 155.732694 -0.728969 20.259499 200.000000 20.259499
 16.600000 0.181575 0.983377 -0.723763 0.690048 0.182588 -0.809241 0.983377 0.181575 0.690048 -0.723763 0.007635 3.053808 0.992115 -24.445876 200.000000 -24.445876 0.316312 126.524761 0.125333 34.790085 200.000000 34.790085 0.003026 1.210473 0.684547 -20.688970 200.000000 -20.688970 0.002709 1.083762 -0.728969 20.259499 200.000000 20.259499
 16.800000 0.145284 0.989390 -0.756157 0.654391 0.145800 -0.857420 0.989390 0.145284 0.654391 -0.756157 0.000742 0.296973 0.992115 -24.445876 200.000000 -24.445876 0.039805 15.921896 0.125333 34.790085 200.000000 34.790085 0.090942 36.376807 0.684547 -20.688970 200.000000 -20.688970 0.073919 29.567800 -0.728969 20.259499 200.000000 20.259499
 17.000000 0.183928 0.982940 -0.740033 0.672570 0.184982 -0.833120 0.982940 0.183928 0.672570 -0.740033 0.008418 3.367265 0.992115 -24.445876 200.000000 -24.445876 0.343339 137.335676 0.125333 34.790085 200.000000 34.790085 0.014344 5.737798 0.684547 -20.688970 200.000000 -20.688970 0.012243 4.897059 -0.728969 20.259499 200.000000 20.259499
 17.200000 0.172460 0.985017 -0.750598 0.660759 0.173326 -0.848966 0.985017 0.172460 0.660759 -0.750598 0.005038 2.015351 0.992115 -24.445876 200.000000 -24.445876 0.222092 88.836709 0.125333 34.790085 200.000000 34.790085 0.056586 22.634314 0.684547 -20.688970 200.000000 -20.688970 0.046782 18.712888 -0.728969 20.259499 200.000000 20.259499
 17.400000 0.196969 0.980410 -0.699109 0.715015 0.198265 -0.774151 0.980410 0.196969 0.715015 -0.699109 0.013701 5.480218 0.992115 -24.445876 200.000000 -24.445876 0.513165 205.265833 0.125333 34.790085 200.000000 34.790085 0.092829 37.131735 0.684547 -20.688970 200.000000 -20.688970 0.089159 35.663660 -0.728969 20.259499 200.000000 20.259499
 17.600000 0.196300 0.980544 -0.783797 0.621017 0.197583 -0.900757 0.980544 0.196300 0.621017 -0.783797 0.013388 5.355296 0.992115 -24.445876 200.000000 -24.445876 0.503624 201.449554 0.125333 34.790085 200.000000 34.790085 0.403612 161.444844 0.684547 -20.688970 200.000000 -20.688970 0.300619 120.247712 -0.728969 20.259499 200.000000 20.259499
 17.800000 0.079453 0.996839 -0.748864 0.662723 0.079537 -0.846347 0.996839 0.079453 0.662723 -0.748864 0.002231 0.892599 0.992115 -24.445876 200.000000 -24.445876 0.210495 84.198024 0.125333 34.790085 200.000000 34.790085 0.047628 19.051033 0.684547 -20.688970 200.000000 -20.688970 0.039584 15.833519 -0.728969 20.259499 200.000000 20.259499
 18.000000 0.104047 0.994572 -0.788910 0.614509 0.104236 -0.909033 0.994572 0.104047 0.614509 -0.788910 0.000604 0.241611 0.992115 -24.445876 200.000000 -24.445876 0.045311 18.124400 0.125333 34.790085 200.000000 34.790085 0.490537 196.214607 0.684547 -20.688970 200.000000 -20.688970 0.359296 143.718587 -0.728969 20.259499 200.000000 20.259499
 18.200000 0.139385 0.990238 -0.784186 0.620526 0.139840 -0.901383 0.990238 0.139385 0.620526 -0.784186 0.000352 0.140843 0.992115 -24.445876 200.000000 -24.445876 0.019745 7.898196 0.125333 34.790085 200.000000 34.790085 0.409873 163.949046 0.684547 -20.688970 200.000000 -20.688970 0.304896 121.958428 -0.728969 20.259499 200.000000 20.259499
 18.400000 0.189983 0.981787 -0.781048 0.624471 0.191144 -0.896342 0.981787 0.189983 0.624471 -0.781048 0.010665 4.266064 0.992115 -24.445876 200.000000 -24.445876 0.417953 167.181140 0.125333 34.790085 200.000000 34.790085 0.360913 144.365172 0.684547 -20.688970 200.000000 -20.688970 0.271225 108.490165 -0.728969 20.259499 200.000000 20.259499
 18.600000 0.082228 0.996614 -0.757890 0.652382 0.082321 -0.860073 0.996614 0.082228 0.652382 -0.757890 0.002024 0.809579 0.992115 -24.445876 200.000000 -24.445876 0.185805 74.321910 0.125333 34.790085 200.000000 34.790085 0.103460 41.383894 0.684547 -20.688970 200.000000 -20.688970 0.083647 33.458658 -0.728969 20.259499 200.000000 20.259499
 18.800000 0.144987 0.989434 -0.757460 0.652882 0.145500 -0.859413 0.989434 0.144987 0.652882 -0.757460 0.000719 0.287542 0.992115 -24.445876 200.000000 -24.445876 0.038627 15.450883 0.125333 34.790085 200.000000 34.790085 0.100267 40.106871 0.684547 -20.688970 200.000000 -20.688970 0.081173 32.469272 -0.728969 20.259499 200.000000 20.259499
 19.000000 0.195861 0.980632 -0.722976 0.690874 0.197136 -0.808100 0.980632 0.195861 0.690874 -0.722976 0.013186 5.274464 0.992115 -24.445876 200.000000 -24.445876 0.497421 198.968556 0.125333 34.790085 200.000000 34.790085 0.004002 1.600974 0.684547 -20.688970 200.000000 -20.688970 0.003592 1.436665 -0.728969 20.259499 200.000000 20.259499
 19.200000 0.149595 0.988747 -0.783332 0.621603 0.150158 -0.900009 0.988747 0.149595 0.621603 -0.783332 0.001134 0.453544 0.992115 -24.445876 200.000000 -24.445876 0.058861 23.544536 0.125333 34.790085 200.000000 34.790085 0.396196 158.478439 0.684547 -20.688970 200.000000 -20.688970 0.295542 118.216975 -0.728969 20.259499 200.000000 20.259499
 19.400000 0.152597 0.988289 -0.702011 0.712166 0.153195 -0.778217 0.988289 0.152597 0.712166 -0.702011 0.001464 0.585582 0.992115 -24.445876 200.000000 -24.445876 0.074330 29.731996 0.125333 34.790085 200.000000 34.790085 0.076282 30.512719 0.684547 -20.688970 200.000000 -20.688970 0.072672 29.068906 -0.728969 20.259499 200.000000 20.259499
 19.600000 0.112263 0.993678 -0.738766 0.673962 0.112501 -0.831237 0.993678 0.112263 0.673962 -0.738766 0.000245 0.097816 0.992115 -24.445876 200.000000 -24.445876 0.017082 6.832788 0.125333 34.790085 200.000000 34.790085 0.011204 4.481729 0.684547 -20.688970 200.000000 -20.688970 0.009599 3.839509 -0.728969 20.259499 200.000000 20.259499
 19.800000 0.146507 0.989210 -0.756261 0.654270 0.147036 -0.857580 0.989210 0.146507 0.654270 -0.756261 0.000844 0.337569 0.992115 -24.445876 200.000000 -24.445876 0.044832 17.932757 0.125333 34.790085 200.000000 34.790085 0.091672 36.668640 0.684547 -20.688970 200.000000 -20.688970 0.074489 29.795442 -0.728969 20.259499 200.000000 20.259499
 20.000000 0.123898 0.992295 -0.687265 0.726407 0.124217 -0.757717 0.992295 0.123898 0.726407 -0.687265 0.000003 0.001299 0.992115 -24.445876 200.000000 -24.445876 0.000206 0.082371 0.125333 34.790085 200.000000 34.790085 0.175226 70.090461 0.684547 -20.688970 200.000000 -20.688970 0.173922 69.568908 -0.728969 20.259499 200.000000 20.259499
