#! FIELDS time sin_phi cos_phi sin_psi cos_psi phi psi cos_phi sin_phi cos_psi sin_psi restraint_phi_cos.bias restraint_phi_cos.force2 restraint_phi_cos.cos_phi_cntr restraint_phi_cos.cos_phi_work restraint_phi_cos.cos_phi_kappa restraint_phi_cos.work restraint_phi_sin.bias restraint_phi_sin.force2 restraint_phi_sin.sin_phi_cntr restraint_phi_sin.sin_phi_work restraint_phi_sin.sin_phi_kappa restraint_phi_sin.work restraint_psi_cos.bias restraint_psi_cos.force2 restraint_psi_cos.cos_psi_cntr restraint_psi_cos.cos_psi_work restraint_psi_cos.cos_psi_kappa restraint_psi_cos.work restraint_psi_sin.bias restraint_psi_sin.force2 restraint_psi_sin.sin_psi_cntr restraint_psi_sin.sin_psi_work restraint_psi_sin.sin_psi_kappa restraint_psi_sin.work
#! SET min_phi -pi
#! SET max_phi pi
#! SET min_psi -pi
#! SET max_psi pi
 0.000000 -0.999983 -0.005782 0.966116 0.258110 -1.576579 1.309731 -0.005782 -0.999983 0.258110 0.966116 0.000000 0.000000 -0.009747 0.000000 0.000000 0.000000 0.000000 0.000000 -0.999953 0.000000 0.000000 0.000000 0.000000 0.000000 0.256142 0.000000 0.000000 0.000000 0.000000 0.000000 0.966639 0.000000 0.000000 0.000000
 0.200000 -1.000000 -0.000266 0.834655 0.550773 -1.571062 0.987506 -0.000266 -1.000000 0.550773 0.834655 0.000899 0.035954 -0.009747 0.429322 20.000000 0.429322 0.000000 0.000001 -0.999953 0.008204 20.000000 0.008204 0.868072 34.722866 0.256142 0.437494 20.000000 0.437494 0.174198 6.967905 0.966639 0.079186 20.000000 0.079186
 0.400000 -0.998238 0.059333 0.982968 0.183778 -1.511428 1.385968 0.059333 -0.998238 0.183778 0.982968 0.095441 7.635246 -0.009747 0.576151 40.000000 0.576151 0.000059 0.004702 -0.999953 0.009175 40.000000 0.009175 0.104733 8.378618 0.256142 0.652620 40.000000 0.652620 0.005333 0.426605 0.966639 0.103852 40.000000 0.103852
 0.600000 -0.997905 0.064690 0.969721 0.244216 -1.506061 1.324085 0.064690 -0.997905 0.244216 0.969721 0.166224 19.946879 -0.009747 0.652738 60.000000 0.652738 0.000126 0.015086 -0.999953 0.009549 60.000000 0.009549 0.004267 0.512080 0.256142 0.812949 60.000000 0.812949 0.000285 0.034192 0.966639 0.126978 60.000000 0.126978
 0.800000 -0.999998 0.001894 0.948099 0.317975 -1.568902 1.247203 0.001894 -0.999998 0.317975 0.948099 0.005420 0.867200 -0.009747 0.745440 80.000000 0.745440 0.000000 0.000013 -0.999953 0.009931 80.000000 0.009931 0.152931 24.469032 0.256142 0.870396 80.000000 0.870396 0.013749 2.199883 0.966639 0.131256 80.000000 0.131256
 1.000000 -0.997905 -0.064690 0.983714 0.179740 -1.635531 1.390074 -0.064690 -0.997905 0.179740 0.983714 0.150938 30.187619 -0.009747 0.830208 100.000000 0.830208 0.000210 0.041905 -0.999953 0.010215 100.000000 0.010215 0.291867 58.373466 0.256142 0.906296 100.000000 0.906296 0.014578 2.915595 0.966639 0.133900 100.000000 0.133900
 1.200000 -0.998628 0.052357 0.985226 0.171262 -1.518415 1.398686 0.052357 -0.998628 0.171262 0.985226 0.231412 55.538994 -0.009747 0.926095 120.000000 0.926095 0.000105 0.025246 -0.999953 0.010633 120.000000 0.010633 0.432282 103.747643 0.256142 0.992025 120.000000 0.992025 0.020727 4.974582 0.966639 0.141240 120.000000 0.141240
 1.400000 -0.999098 0.042471 0.979939 0.199299 -1.528313 1.370154 0.042471 -0.999098 0.199299 0.979939 0.190866 53.442499 -0.009747 0.960898 140.000000 0.960898 0.000051 0.014321 -0.999953 0.010712 140.000000 0.010712 0.226180 63.330420 0.256142 1.092945 140.000000 1.092945 0.012382 3.466844 0.966639 0.149518 140.000000 0.149518
 1.600000 -0.999952 0.009779 0.961528 0.274706 -1.561018 1.292512 0.009779 -0.999952 0.274706 0.961528 0.030498 9.759450 -0.009747 1.007093 160.000000 1.007093 0.000000 0.000000 -0.999953 0.010845 160.000000 0.010845 0.027570 8.822428 0.256142 1.162447 160.000000 1.162447 0.002090 0.668714 0.966639 0.156254 160.000000 0.156254
 1.800000 -0.999816 -0.019191 0.970209 0.242271 -1.589988 1.326090 -0.019191 -0.999816 0.242271 0.970209 0.008027 2.889774 -0.009747 1.051966 180.000000 1.051966 0.000002 0.000605 -0.999953 0.010933 180.000000 0.010933 0.017316 6.233938 0.256142 1.193883 180.000000 1.193883 0.001147 0.412811 0.966639 0.158912 180.000000 0.158912
 2.000000 -0.987451 0.157923 0.943128 0.332430 -1.412209 1.231917 0.157923 -0.987451 0.332430 0.943128 2.811311 1124.524500 -0.009747 1.081900 200.000000 1.081900 0.015628 6.251093 -0.999953 0.011013 200.000000 0.011013 0.581986 232.794469 0.256142 1.219741 200.000000 1.219741 0.055278 22.111200 0.966639 0.161373 200.000000 0.161373
 2.200000 -0.985591 0.169147 0.893740 0.448586 -1.400832 1.105614 0.169147 -0.985591 0.448586 0.893740 0.897728 359.091002 0.074399 0.801389 200.000000 0.801389 0.098376 39.350438 -0.954226 0.190319 200.000000 0.190319 2.780582 1112.232923 0.281835 1.133062 200.000000 1.133062 0.005218 2.087233 0.886516 0.613565 200.000000 0.613565
 2.400000 -0.988706 0.149870 0.900147 0.435586 -1.420360 1.120107 0.149870 -0.988706 0.435586 0.900147 0.007524 3.009532 0.158544 0.415080 200.000000 0.415080 0.643309 257.323620 -0.908499 0.717540 200.000000 0.717540 1.639879 655.951620 0.307528 0.928165 200.000000 0.928165 0.878985 351.593924 0.806393 2.081875 200.000000 2.081875
 2.600000 -0.993673 0.112315 0.846045 0.533111 -1.458243 1.008522 0.112315 -0.993673 0.533111 0.846045 1.699732 679.892897 0.242689 0.241453 200.000000 0.241453 1.713484 685.393516 -0.862772 1.537747 200.000000 1.537747 3.995621 1598.248340 0.333221 0.562033 200.000000 0.562033 1.434607 573.842648 0.726270 4.469362 200.000000 4.469362
 2.800000 -0.954857 0.297067 0.844880 0.534955 -1.269177 1.006342 0.297067 -0.954857 0.534955 0.844880 0.088611 35.444580 0.326835 0.064826 200.000000 0.064826 1.899183 759.673316 -0.817046 2.570494 200.000000 2.570494 3.099060 1239.623903 0.358914 0.077940 200.000000 0.077940 3.949498 1579.799365 0.646147 7.818783 200.000000 7.818783
 3.000000 -0.895787 0.444484 0.754502 0.656297 -1.110198 0.854896 0.444484 -0.895787 0.656297 0.754502 0.112256 44.902488 0.410980 -0.409159 200.000000 -0.409159 1.549214 619.685442 -0.771319 3.685280 200.000000 3.685280 7.381576 2952.630587 0.384607 -0.679209 200.000000 -0.679209 3.552417 1420.966687 0.566024 11.766792 200.000000 11.766792
 3.200000 -0.902563 0.430557 0.777845 0.628456 -1.125686 0.891230 0.430557 -0.902563 0.628456 0.777845 0.416902 166.760871 0.495125 -0.833093 200.000000 -0.833093 3.131868 1252.747369 -0.725592 4.846657 200.000000 4.846657 4.759224 1903.689764 0.410299 -1.794257 200.000000 -1.794257 8.523147 3409.258752 0.485901 15.908175 200.000000 15.908175
 3.400000 -0.884596 0.466358 0.579399 0.815044 -1.085627 0.617991 0.466358 -0.884596 0.815044 0.579399 1.274925 509.969948 0.579270 -1.098276 200.000000 -1.098276 4.191453 1676.581297 -0.679866 5.998176 200.000000 5.998176 14.368029 5747.211613 0.435992 -3.123796 200.000000 -3.123796 3.014424 1205.769778 0.405778 20.370256 200.000000 20.370256
 3.600000 -0.782564 0.622570 0.487965 0.872863 -0.898774 0.509757 0.622570 -0.782564 0.872863 0.487965 0.166835 66.733970 0.663416 -1.467129 200.000000 -1.467129 2.202993 881.197334 -0.634139 6.970089 200.000000 6.970089 16.906740 6762.696194 0.461685 -4.770684 200.000000 -4.770684 2.634456 1053.782368 0.325655 24.607758 200.000000 24.607758
 3.800000 -0.731359 0.681992 0.462986 0.886365 -0.820313 0.481361 0.681992 -0.731359 0.886365 0.462986 0.429923 171.969368 0.747561 -1.828349 200.000000 -1.828349 2.043381 817.352233 -0.588412 7.629225 200.000000 7.629225 15.919094 6367.637406 0.487378 -6.667050 200.000000 -6.667050 4.728647 1891.458935 0.245532 28.506480 200.000000 28.506480
 4.000000 -0.663352 0.748307 0.314267 0.949335 -0.725290 0.319684 0.748307 -0.663352 0.949335 0.314267 0.695540 278.216135 0.831706 -1.469897 200.000000 -1.469897 1.456045 582.418015 -0.542686 8.273041 200.000000 8.273041 19.032618 7613.047202 0.513071 -8.883593 200.000000 -8.883593 2.215865 886.346077 0.165409 30.900506 200.000000 30.900506
 4.200000 -0.594683 0.803961 0.097877 0.995198 -0.636871 0.098034 0.803961 -0.594683 0.995198 0.097877 0.162952 65.180910 0.844328 -1.333504 200.000000 -1.333504 0.346401 138.560209 -0.535827 8.383089 200.000000 8.383089 20.833268 8333.307009 0.538764 -11.165060 200.000000 -11.165060 0.015855 6.342022 0.085286 32.225002 200.000000 32.225002
 4.400000 -0.572048 0.820220 -0.092434 0.995719 -0.609000 -0.092567 0.820220 -0.572048 0.995719 -0.092434 0.058118 23.247160 0.844328 -1.333504 200.000000 -1.333504 0.131196 52.478501 -0.535827 8.383089 200.000000 8.383089 18.598708 7439.483204 0.564457 -13.421016 200.000000 -13.421016 0.952519 381.007656 0.005163 33.032614 200.000000 33.032614
 4.600000 -0.521645 0.853163 -0.149417 0.988774 -0.548778 -0.149979 0.853163 -0.521645 0.988774 -0.149417 0.007805 3.122160 0.844328 -1.333504 200.000000 -1.333504 0.020113 8.045118 -0.535827 8.383089 200.000000 8.383089 15.890175 6356.069916 0.590149 -15.575090 200.000000 -15.575090 0.554381 221.752517 -0.074960 32.763657 200.000000 32.763657
 4.800000 -0.458999 0.888437 -0.173718 0.984795 -0.476868 -0.174604 0.888437 -0.458999 0.984795 -0.173718 0.194558 77.823353 0.844328 -1.333504 200.000000 -1.333504 0.590248 236.099390 -0.535827 8.383089 200.000000 8.383089 13.612645 5445.058038 0.615842 -17.483204 200.000000 -17.483204 0.034724 13.889766 -0.155083 31.136286 200.000000 31.136286
 5.000000 -0.632105 0.774883 -0.290029 0.957018 -0.684266 -0.294257 0.774883 -0.632105 0.957018 -0.290029 0.482259 192.903604 0.844328 -1.333504 200.000000 -1.333504 0.926942 370.776791 -0.535827 8.383089 200.000000 8.383089 9.952933 3981.173015 0.641535 -19.119308 200.000000 -19.119308 0.300553 120.221306 -0.235206 29.311483 200.000000 29.311483
 5.200000 -0.579692 0.814836 -0.428626 0.903482 -0.618350 -0.442972 0.814836 -0.579692 0.903482 -0.428626 0.086979 34.791461 0.844328 -1.333504 200.000000 -1.333504 0.192414 76.965745 -0.535827 8.383089 200.000000 8.383089 5.581586 2232.634226 0.667228 -20.466888 200.000000 -20.466888 1.283623 513.449185 -0.315329 27.491608 200.000000 27.491608
 5.400000 -0.611272 0.791421 -0.579818 0.814746 -0.657666 -0.618505 0.791421 -0.611272 0.814746 -0.579818 0.279916 111.966277 0.844328 -1.333504 200.000000 -1.333504 0.569192 227.676959 -0.535827 8.383089 200.000000 8.383089 1.484145 593.657949 0.692921 -21.514890 200.000000 -21.514890 3.399051 1359.620294 -0.395452 25.802823 200.000000 25.802823
 5.600000 -0.625942 0.779870 -0.634370 0.773030 -0.676339 -0.687193 0.779870 -0.625942 0.773030 -0.634370 0.415485 166.194172 0.844328 -1.333504 200.000000 -1.333504 0.812072 324.828627 -0.535827 8.383089 200.000000 8.383089 0.296112 118.444862 0.718614 -22.288005 200.000000 -22.288005 2.521558 1008.623282 -0.475575 24.630708 200.000000 24.630708
 5.800000 -0.595971 0.803006 -0.538512 0.842618 -0.638475 -0.568670 0.803006 -0.595971 0.842618 -0.538512 0.170753 68.301240 0.844328 -1.333504 200.000000 -1.333504 0.361738 144.695051 -0.535827 8.383089 200.000000 8.383089 0.966513 386.605327 0.744307 -22.795197 200.000000 -22.795197 0.029538 11.815254 -0.555698 24.010490 200.000000 24.010490
 6.000000 -0.577355 0.816493 -0.578964 0.815353 -0.615486 -0.617458 0.816493 -0.577355 0.815353 -0.578964 0.077477 30.990896 0.844328 -1.333504 200.000000 -1.333504 0.172460 68.983878 -0.535827 8.383089 200.000000 8.383089 0.205696 82.278208 0.769999 -22.981611 200.000000 -22.981611 0.323277 129.310813 -0.635822 23.851185 200.000000 23.851185
 6.200000 -0.451096 0.892475 -0.639087 0.769135 -0.467993 -0.693310 0.892475 -0.451096 0.769135 -0.639087 0.231818 92.727088 0.844328 -1.333504 200.000000 -1.333504 0.717929 287.171568 -0.535827 8.383089 200.000000 8.383089 0.000190 0.076004 0.770513 -22.985002 200.000000 -22.985002 0.000276 0.110568 -0.637424 23.864382 200.000000 23.864382
 6.400000 -0.477836 0.878449 -0.563458 0.826145 -0.498189 -0.598565 0.878449 -0.477836 0.826145 -0.563458 0.116427 46.570714 0.844328 -1.333504 200.000000 -1.333504 0.336298 134.519264 -0.535827 8.383089 200.000000 8.383089 0.309488 123.795247 0.770513 -22.985002 200.000000 -22.985002 0.547101 218.840344 -0.637424 23.864382 200.000000 23.864382
 6.600000 -0.540307 0.841468 -0.566571 0.824013 -0.570802 -0.602338 0.841468 -0.540307 0.824013 -0.566571 0.000818 0.327131 0.844328 -1.333504 200.000000 -1.333504 0.002007 0.802786 -0.535827 8.383089 200.000000 8.383089 0.286224 114.489757 0.770513 -22.985002 200.000000 -22.985002 0.502020 200.807992 -0.637424 23.864382 200.000000 23.864382
 6.800000 -0.589182 0.808000 -0.632790 0.774324 -0.630047 -0.685150 0.808000 -0.589182 0.774324 -0.632790 0.131972 52.788732 0.844328 -1.333504 200.000000 -1.333504 0.284683 113.873194 -0.535827 8.383089 200.000000 8.383089 0.001452 0.580820 0.770513 -22.985002 200.000000 -22.985002 0.002148 0.859120 -0.637424 23.864382 200.000000 23.864382
 7.000000 -0.502638 0.864497 -0.621277 0.783591 -0.526647 -0.670371 0.864497 -0.502638 0.783591 -0.621277 0.040679 16.271718 0.844328 -1.333504 200.000000 -1.333504 0.110150 44.060059 -0.535827 8.383089 200.000000 8.383089 0.017103 6.841258 0.770513 -22.985002 200.000000 -22.985002 0.026073 10.429208 -0.637424 23.864382 200.000000 23.864382
 7.200000 -0.611631 0.791143 -0.645271 0.763954 -0.658121 -0.701377 0.791143 -0.611631 0.763954 -0.645271 0.282866 113.146208 0.844328 -1.333504 200.000000 -1.333504 0.574635 229.853848 -0.535827 8.383089 200.000000 8.383089 0.004302 1.720866 0.770513 -22.985002 200.000000 -22.985002 0.006157 2.462724 -0.637424 23.864382 200.000000 23.864382
 7.400000 -0.576886 0.816825 -0.637311 0.770607 -0.614911 -0.691003 0.816825 -0.576886 0.770607 -0.637311 0.075641 30.256591 0.844328 -1.333504 200.000000 -1.333504 0.168583 67.433128 -0.535827 8.383089 200.000000 8.383089 0.000001 0.000351 0.770513 -22.985002 200.000000 -22.985002 0.000001 0.000514 -0.637424 23.864382 200.000000 23.864382
 7.600000 -0.553982 0.832529 -0.621369 0.783518 -0.587140 -0.670488 0.832529 -0.553982 0.783518 -0.621369 0.013923 5.569034 0.844328 -1.333504 200.000000 -1.333504 0.032962 13.184719 -0.535827 8.383089 200.000000 8.383089 0.016913 6.765267 0.770513 -22.985002 200.000000 -22.985002 0.025777 10.310891 -0.637424 23.864382 200.000000 23.864382
 7.800000 -0.657637 0.753335 -0.614871 0.788627 -0.717678 -0.662223 0.753335 -0.657637 0.788627 -0.614871 0.827969 331.187737 0.844328 -1.333504 200.000000 -1.333504 1.483769 593.507530 -0.535827 8.383089 200.000000 8.383089 0.032812 13.124861 0.770513 -22.985002 200.000000 -22.985002 0.050862 20.344719 -0.637424 23.864382 200.000000 23.864382
 8.000000 -0.591061 0.806627 -0.710760 0.703434 -0.632374 -0.790578 0.806627 -0.591061 0.703434 -0.710760 0.142138 56.855006 0.844328 -1.333504 200.000000 -1.333504 0.305083 122.033091 -0.535827 8.383089 200.000000 8.383089 0.449959 179.983500 0.770513 -22.985002 200.000000 -22.985002 0.537822 215.128627 -0.637424 23.864382 200.000000 23.864382
 8.200000 -0.556851 0.830613 -0.652163 0.758079 -0.590589 -0.710434 0.830613 -0.556851 0.758079 -0.652163 0.018811 7.524432 0.844328 -1.333504 200.000000 -1.333504 0.044201 17.680253 -0.535827 8.383089 200.000000 8.383089 0.015461 6.184311 0.770513 -22.985002 200.000000 -22.985002 0.021723 8.689077 -0.637424 23.864382 200.000000 23.864382
 8.400000 -0.496496 0.868039 -0.594997 0.803728 -0.519557 -0.637261 0.868039 -0.496496 0.803728 -0.594997 0.056222 22.488783 0.844328 -1.333504 200.000000 -1.333504 0.154692 61.876930 -0.535827 8.383089 200.000000 8.383089 0.110323 44.129283 0.770513 -22.985002 200.000000 -22.985002 0.180008 72.003170 -0.637424 23.864382 200.000000 23.864382
 8.600000 -0.572246 0.820082 -0.645032 0.764155 -0.609242 -0.701066 0.820082 -0.572246 0.764155 -0.645032 0.058788 23.515056 0.844328 -1.333504 200.000000 -1.333504 0.132639 53.055402 -0.535827 8.383089 200.000000 8.383089 0.004042 1.616979 0.770513 -22.985002 200.000000 -22.985002 0.005789 2.315518 -0.637424 23.864382 200.000000 23.864382
 8.800000 -0.503748 0.863851 -0.527948 0.849277 -0.527932 -0.556183 0.863851 -0.503748 0.849277 -0.527948 0.038114 15.245782 0.844328 -1.333504 200.000000 -1.333504 0.102907 41.162823 -0.535827 8.383089 200.000000 8.383089 0.620366 248.146455 0.770513 -22.985002 200.000000 -22.985002 1.198495 479.397862 -0.637424 23.864382 200.000000 23.864382
 9.000000 -0.598365 0.801224 -0.531770 0.846889 -0.641459 -0.560689 0.801224 -0.598365 0.846889 -0.531770 0.185796 74.318426 0.844328 -1.333504 200.000000 -1.333504 0.391099 156.439647 -0.535827 8.383089 200.000000 8.383089 0.583321 233.328432 0.770513 -22.985002 200.000000 -22.985002 1.116273 446.509086 -0.637424 23.864382 200.000000 23.864382
 9.200000 -0.646633 0.762802 -0.602831 0.797869 -0.703162 -0.647044 0.762802 -0.646633 0.797869 -0.602831 0.664655 265.862122 0.844328 -1.333504 200.000000 -1.333504 1.227794 491.117779 -0.535827 8.383089 200.000000 8.383089 0.074835 29.933811 0.770513 -22.985002 200.000000 -22.985002 0.119670 47.867878 -0.637424 23.864382 200.000000 23.864382
 9.400000 -0.531879 0.846820 -0.602716 0.797956 -0.560818 -0.646901 0.846820 -0.531879 0.797956 -0.602716 0.000621 0.248492 0.844328 -1.333504 200.000000 -1.333504 0.001559 0.623408 -0.535827 8.383089 200.000000 8.383089 0.075309 30.123612 0.770513 -22.985002 200.000000 -22.985002 0.120464 48.185619 -0.637424 23.864382 200.000000 23.864382
 9.600000 -0.571370 0.820693 -0.648566 0.761158 -0.608174 -0.705699 0.820693 -0.571370 0.761158 -0.648566 0.055862 22.344758 0.844328 -1.333504 200.000000 -1.333504 0.126330 50.531892 -0.535827 8.383089 200.000000 8.383089 0.008752 3.500641 0.770513 -22.985002 200.000000 -22.985002 0.012415 4.965964 -0.637424 23.864382 200.000000 23.864382
 9.800000 -0.605961 0.795494 -0.681178 0.732118 -0.650973 -0.749371 0.795494 -0.605961 0.732118 -0.681178 0.238471 95.388512 0.844328 -1.333504 200.000000 -1.333504 0.491880 196.751895 -0.535827 8.383089 200.000000 8.383089 0.147423 58.969173 0.770513 -22.985002 200.000000 -22.985002 0.191444 76.577634 -0.637424 23.864382 200.000000 23.864382
 10.000000 -0.592210 0.805783 -0.689586 0.724204 -0.633799 -0.760917 0.805783 -0.592210 0.724204 -0.689586 0.148568 59.427168 0.844328 -1.333504 200.000000 -1.333504 0.317910 127.164163 -0.535827 8.383089 200.000000 8.383089 0.214454 85.781765 0.770513 -22.985002 200.000000 -22.985002 0.272085 108.834062 -0.637424 23.864382 200.000000 23.864382
 10.200000 -0.559834 0.828605 -0.624239 0.781234 -0.594185 -0.674156 0.828605 -0.559834 0.781234 -0.624239 0.024721 9.888485 0.844328 -1.333504 200.000000 -1.333504 0.057633 23.053386 -0.535827 8.383089 200.000000 8.383089 0.011493 4.597237 0.770513 -22.985002 200.000000 -22.985002 0.017386 6.954283 -0.637424 23.864382 200.000000 23.864382
 10.400000 -0.597077 0.802184 -0.609079 0.793109 -0.639853 -0.654899 0.802184 -0.597077 0.793109 -0.609079 0.177613 71.045091 0.844328 -1.333504 200.000000 -1.333504 0.375161 150.064350 -0.535827 8.383089 200.000000 8.383089 0.051058 20.423051 0.770513 -22.985002 200.000000 -22.985002 0.080341 32.136414 -0.637424 23.864382 200.000000 23.864382
 10.600000 -0.639163 0.769071 -0.645903 0.763419 -0.693410 -0.702206 0.769071 -0.639163 0.763419 -0.645903 0.566360 226.544136 0.844328 -1.333504 200.000000 -1.333504 1.067844 427.137706 -0.535827 8.383089 200.000000 8.383089 0.005032 2.012961 0.770513 -22.985002 200.000000 -22.985002 0.007190 2.875895 -0.637424 23.864382 200.000000 23.864382
 10.800000 -0.545893 0.837855 -0.598739 0.800944 -0.577455 -0.641926 0.837855 -0.545893 0.800944 -0.598739 0.004190 1.676052 0.844328 -1.333504 200.000000 -1.333504 0.010133 4.053258 -0.535827 8.383089 200.000000 8.383089 0.092604 37.041728 0.770513 -22.985002 200.000000 -22.985002 0.149653 59.861145 -0.637424 23.864382 200.000000 23.864382
 11.000000 -0.520888 0.853625 -0.627507 0.778611 -0.547890 -0.678347 0.853625 -0.520888 0.778611 -0.627507 0.008644 3.457628 0.844328 -1.333504 200.000000 -1.333504 0.022318 8.927182 -0.535827 8.383089 200.000000 8.383089 0.006557 2.622984 0.770513 -22.985002 200.000000 -22.985002 0.009835 3.934003 -0.637424 23.864382 200.000000 23.864382
 11.200000 -0.499860 0.866106 -0.591172 0.806545 -0.523437 -0.632512 0.866106 -0.499860 0.806545 -0.591172 0.047431 18.972201 0.844328 -1.333504 200.000000 -1.333504 0.129364 51.745675 -0.535827 8.383089 200.000000 8.383089 0.129830 51.931938 0.770513 -22.985002 200.000000 -22.985002 0.213920 85.568032 -0.637424 23.864382 200.000000 23.864382
 11.400000 -0.518641 0.854992 -0.618698 0.785629 -0.545261 -0.667084 0.854992 -0.518641 0.785629 -0.618698 0.011372 4.548965 0.844328 -1.333504 200.000000 -1.333504 0.029535 11.813979 -0.535827 8.383089 200.000000 8.383089 0.022849 9.139587 0.770513 -22.985002 200.000000 -22.985002 0.035067 14.026902 -0.637424 23.864382 200.000000 23.864382
 11.600000 -0.557546 0.830146 -0.604359 0.796712 -0.591426 -0.648961 0.830146 -0.557546 0.796712 -0.604359 0.020112 8.044694 0.844328 -1.333504 200.000000 -1.333504 0.047170 18.868193 -0.535827 8.383089 200.000000 8.383089 0.068638 27.455237 0.770513 -22.985002 200.000000 -22.985002 0.109329 43.731732 -0.637424 23.864382 200.000000 23.864382
 11.800000 -0.588454 0.808531 -0.634677 0.772777 -0.629145 -0.687591 0.808531 -0.588454 0.772777 -0.634677 0.128144 51.257640 0.844328 -1.333504 200.000000 -1.333504 0.276962 110.784868 -0.535827 8.383089 200.000000 8.383089 0.000513 0.205012 0.770513 -22.985002 200.000000 -22.985002 0.000754 0.301739 -0.637424 23.864382 200.000000 23.864382
 12.000000 -0.523122 0.852258 -0.621764 0.783205 -0.550510 -0.670993 0.852258 -0.523122 0.783205 -0.621764 0.006288 2.515336 0.844328 -1.333504 200.000000 -1.333504 0.016141 6.456508 -0.535827 8.383089 200.000000 8.383089 0.016108 6.443171 0.770513 -22.985002 200.000000 -22.985002 0.024525 9.809870 -0.637424 23.864382 200.000000 23.864382
 12.200000 -0.545853 0.837881 -0.619511 0.784988 -0.577407 -0.668119 0.837881 -0.545853 0.784988 -0.619511 0.004156 1.662587 0.844328 -1.333504 200.000000 -1.333504 0.010053 4.021116 -0.535827 8.383089 200.000000 8.383089 0.020952 8.380821 0.770513 -22.985002 200.000000 -22.985002 0.032088 12.835175 -0.637424 23.864382 200.000000 23.864382
 12.400000 -0.621705 0.783252 -0.676158 0.736756 -0.670917 -0.742536 0.783252 -0.621705 0.736756 -0.676158 0.373030 149.212129 0.844328 -1.333504 200.000000 -1.333504 0.737502 295.000657 -0.535827 8.383089 200.000000 8.383089 0.113953 45.581212 0.770513 -22.985002 200.000000 -22.985002 0.150035 60.014074 -0.637424 23.864382 200.000000 23.864382
 12.600000 -0.601552 0.798834 -0.672799 0.739825 -0.645442 -0.737986 0.798834 -0.601552 0.739825 -0.672799 0.206970 82.788089 0.844328 -1.333504 200.000000 -1.333504 0.431975 172.789999 -0.535827 8.383089 200.000000 8.383089 0.094176 37.670546 0.770513 -22.985002 200.000000 -22.985002 0.125141 50.056420 -0.637424 23.864382 200.000000 23.864382
 12.800000 -0.632417 0.774628 -0.621464 0.783443 -0.684670 -0.670610 0.774628 -0.632417 0.783443 -0.621464 0.485809 194.323598 0.844328 -1.333504 200.000000 -1.333504 0.932972 373.188630 -0.535827 8.383089 200.000000 8.383089 0.016718 6.687083 0.770513 -22.985002 200.000000 -22.985002 0.025473 10.189204 -0.637424 23.864382 200.000000 23.864382
 13.000000 -0.534710 0.845036 -0.676911 0.736065 -0.564165 -0.743557 0.845036 -0.534710 0.736065 -0.676911 0.000050 0.020031 0.844328 -1.333504 200.000000 -1.333504 0.000125 0.049882 -0.535827 8.383089 200.000000 8.383089 0.118666 47.466504 0.770513 -22.985002 200.000000 -22.985002 0.155919 62.367586 -0.637424 23.864382 200.000000 23.864382
 13.200000 -0.611374 0.791342 -0.532575 0.846383 -0.657795 -0.561640 0.791342 -0.611374 0.846383 -0.532575 0.280751 112.300278 0.844328 -1.333504 200.000000 -1.333504 0.570734 228.293481 -0.535827 8.383089 200.000000 8.383089 0.575618 230.247222 0.770513 -22.985002 200.000000 -22.985002 1.099329 439.731423 -0.637424 23.864382 200.000000 23.864382
 13.400000 -0.476352 0.879255 -0.561356 0.827574 -0.496501 -0.596024 0.879255 -0.476352 0.827574 -0.561356 0.121989 48.795508 0.844328 -1.333504 200.000000 -1.333504 0.353728 141.491348 -0.535827 8.383089 200.000000 8.383089 0.325597 130.238676 0.770513 -22.985002 200.000000 -22.985002 0.578631 231.452582 -0.637424 23.864382 200.000000 23.864382
 13.600000 -0.500693 0.865625 -0.529221 0.848484 -0.524399 -0.557683 0.865625 -0.500693 0.848484 -0.529221 0.045356 18.142567 0.844328 -1.333504 200.000000 -1.333504 0.123439 49.375543 -0.535827 8.383089 200.000000 8.383089 0.607941 243.176539 0.770513 -22.985002 200.000000 -22.985002 1.170782 468.312924 -0.637424 23.864382 200.000000 23.864382
 13.800000 -0.545241 0.838280 -0.600904 0.799321 -0.576676 -0.644632 0.838280 -0.545241 0.799321 -0.600904 0.003658 1.463306 0.844328 -1.333504 200.000000 -1.333504 0.008862 3.544828 -0.535827 8.383089 200.000000 8.383089 0.082990 33.195843 0.770513 -22.985002 200.000000 -22.985002 0.133371 53.348225 -0.637424 23.864382 200.000000 23.864382
 14.000000 -0.559337 0.828941 -0.685031 0.728513 -0.593585 -0.754647 0.828941 -0.559337 0.728513 -0.685031 0.023677 9.470889 0.844328 -1.333504 200.000000 -1.333504 0.055272 22.108741 -0.535827 8.383089 200.000000 8.383089 0.176398 70.559300 0.770513 -22.985002 200.000000 -22.985002 0.226647 90.658988 -0.637424 23.864382 200.000000 23.864382
 14.200000 -0.684830 0.728703 -0.641266 0.767319 -0.754370 -0.696147 0.728703 -0.684830 0.767319 -0.641266 1.336914 534.765682 0.844328 -1.333504 200.000000 -1.333504 2.220194 888.077563 -0.535827 8.383089 200.000000 8.383089 0.001020 0.408186 0.770513 -22.985002 200.000000 -22.985002 0.001476 0.590398 -0.637424 23.864382 200.000000 23.864382
 14.400000 -0.545640 0.838019 -0.672773 0.739849 -0.577153 -0.737951 0.838019 -0.545640 0.739849 -0.672773 0.003980 1.591871 0.844328 -1.333504 200.000000 -1.333504 0.009631 3.852233 -0.535827 8.383089 200.000000 8.383089 0.094031 37.612402 0.770513 -22.985002 200.000000 -22.985002 0.124957 49.982715 -0.637424 23.864382 200.000000 23.864382
 14.600000 -0.509148 0.860679 -0.688085 0.725630 -0.534194 -0.758847 0.860679 -0.509148 0.725630 -0.688085 0.026736 10.694534 0.844328 -1.333504 200.000000 -1.333504 0.071178 28.471010 -0.535827 8.383089 200.000000 8.383089 0.201452 80.580937 0.770513 -22.985002 200.000000 -22.985002 0.256657 102.662772 -0.637424 23.864382 200.000000 23.864382
 14.800000 -0.504001 0.863703 -0.628886 0.777497 -0.528225 -0.680120 0.863703 -0.504001 0.777497 -0.628886 0.037540 15.015887 0.844328 -1.333504 200.000000 -1.333504 0.101288 40.515359 -0.535827 8.383089 200.000000 8.383089 0.004878 1.951115 0.770513 -22.985002 200.000000 -22.985002 0.007289 2.915751 -0.637424 23.864382 200.000000 23.864382
 15.000000 -0.605505 0.795841 -0.595744 0.803175 -0.650400 -0.638191 0.795841 -0.605505 0.803175 -0.595744 0.235094 94.037442 0.844328 -1.333504 200.000000 -1.333504 0.485506 194.202295 -0.535827 8.383089 200.000000 8.383089 0.106677 42.670641 0.770513 -22.985002 200.000000 -22.985002 0.173725 69.489967 -0.637424 23.864382 200.000000 23.864382
 15.200000 -0.618921 0.785453 -0.595827 0.803113 -0.667368 -0.638295 0.785453 -0.618921 0.803113 -0.595827 0.346623 138.649204 0.844328 -1.333504 200.000000 -1.333504 0.690465 276.186003 -0.535827 8.383089 200.000000 8.383089 0.106275 42.509964 0.770513 -22.985002 200.000000 -22.985002 0.173034 69.213573 -0.637424 23.864382 200.000000 23.864382
 15.400000 -0.554485 0.832194 -0.620997 0.783813 -0.587744 -0.670013 0.832194 -0.554485 0.783813 -0.620997 0.014723 5.889325 0.844328 -1.333504 200.000000 -1.333504 0.034812 13.924603 -0.535827 8.383089 200.000000 8.383089 0.017689 7.075672 0.770513 -22.985002 200.000000 -22.985002 0.026986 10.794453 -0.637424 23.864382 200.000000 23.864382
 15.600000 -0.628717 0.777634 -0.631143 0.775666 -0.679902 -0.683026 0.777634 -0.628717 0.775666 -0.631143 0.444807 177.922790 0.844328 -1.333504 200.000000 -1.333504 0.862862 345.144671 -0.535827 8.383089 200.000000 8.383089 0.002656 1.062226 0.770513 -22.985002 200.000000 -22.985002 0.003945 1.578011 -0.637424 23.864382 200.000000 23.864382
 15.800000 -0.467844 0.883811 -0.592372 0.805665 -0.486850 -0.633999 0.883811 -0.467844 0.805665 -0.592372 0.155891 62.356262 0.844328 -1.333504 200.000000 -1.333504 0.462162 184.864926 -0.535827 8.383089 200.000000 8.383089 0.123564 49.425544 0.770513 -22.985002 200.000000 -22.985002 0.202972 81.188817 -0.637424 23.864382 200.000000 23.864382
 16.000000 -0.531265 0.847206 -0.596225 0.802817 -0.560093 -0.638791 0.847206 -0.531265 0.802817 -0.596225 0.000828 0.331317 0.844328 -1.333504 200.000000 -1.333504 0.002081 0.832535 -0.535827 8.383089 200.000000 8.383089 0.104356 41.742326 0.770513 -22.985002 200.000000 -22.985002 0.169736 67.894319 -0.637424 23.864382 200.000000 23.864382
 16.200000 -0.570993 0.820955 -0.603739 0.797182 -0.607715 -0.648184 0.820955 -0.570993 0.797182 -0.603739 0.054629 21.851453 0.844328 -1.333504 200.000000 -1.333504 0.123664 49.465555 -0.535827 8.383089 200.000000 8.383089 0.071121 28.448333 0.770513 -22.985002 200.000000 -22.985002 0.113465 45.386012 -0.637424 23.864382 200.000000 23.864382
 16.400000 -0.556555 0.830811 -0.622641 0.782508 -0.590234 -0.672113 0.830811 -0.556555 0.782508 -0.622641 0.018272 7.308670 0.844328 -1.333504 200.000000 -1.333504 0.042967 17.186633 -0.535827 8.383089 200.000000 8.383089 0.014387 5.754944 0.770513 -22.985002 200.000000 -22.985002 0.021855 8.741990 -0.637424 23.864382 200.000000 23.864382
 16.600000 -0.639659 0.768659 -0.690260 0.723561 -0.694055 -0.761849 0.768659 -0.639659 0.723561 -0.690260 0.572584 229.033429 0.844328 -1.333504 200.000000 -1.333504 1.078116 431.246420 -0.535827 8.383089 200.000000 8.383089 0.220450 88.179906 0.770513 -22.985002 200.000000 -22.985002 0.279167 111.666903 -0.637424 23.864382 200.000000 23.864382
 16.800000 -0.518762 0.854919 -0.618542 0.785751 -0.545402 -0.666886 0.854919 -0.518762 0.785751 -0.618542 0.011216 4.486558 0.844328 -1.333504 200.000000 -1.333504 0.029121 11.648224 -0.535827 8.383089 200.000000 8.383089 0.023220 9.287993 0.770513 -22.985002 200.000000 -22.985002 0.035651 14.260430 -0.637424 23.864382 200.000000 23.864382
 17.000000 -0.542896 0.839800 -0.640683 0.767805 -0.573881 -0.695388 0.839800 -0.542896 0.767805 -0.640683 0.002050 0.820043 0.844328 -1.333504 200.000000 -1.333504 0.004997 1.998790 -0.535827 8.383089 200.000000 8.383089 0.000733 0.293327 0.770513 -22.985002 200.000000 -22.985002 0.001062 0.424923 -0.637424 23.864382 200.000000 23.864382
 17.200000 -0.519527 0.854454 -0.650379 0.759610 -0.546297 -0.708083 0.854454 -0.519527 0.759610 -0.650379 0.010254 4.101683 0.844328 -1.333504 200.000000 -1.333504 0.026569 10.627758 -0.535827 8.383089 200.000000 8.383089 0.011888 4.755105 0.770513 -22.985002 200.000000 -22.985002 0.016782 6.712965 -0.637424 23.864382 200.000000 23.864382
 17.400000 -0.548464 0.836174 -0.654588 0.755986 -0.580526 -0.713637 0.836174 -0.548464 0.755986 -0.654588 0.006648 2.659198 0.844328 -1.333504 200.000000 -1.333504 0.015969 6.387599 -0.535827 8.383089 200.000000 8.383089 0.021104 8.441557 0.770513 -22.985002 200.000000 -22.985002 0.029459 11.783733 -0.637424 23.864382 200.000000 23.864382
 17.600000 -0.506345 0.862331 -0.594274 0.804262 -0.530940 -0.636363 0.862331 -0.506345 0.804262 -0.594274 0.032412 12.964803 0.844328 -1.333504 200.000000 -1.333504 0.086920 34.768125 -0.535827 8.383089 200.000000 8.383089 0.113900 45.560161 0.770513 -22.985002 200.000000 -22.985002 0.186189 74.475580 -0.637424 23.864382 200.000000 23.864382
 17.800000 -0.586869 0.809682 -0.546301 0.837589 -0.627186 -0.577942 0.809682 -0.586869 0.837589 -0.546301 0.120033 48.013041 0.844328 -1.333504 200.000000 -1.333504 0.260526 104.210548 -0.535827 8.383089 200.000000 8.383089 0.449911 179.964598 0.770513 -22.985002 200.000000 -22.985002 0.830333 332.133219 -0.637424 23.864382 200.000000 23.864382
 18.000000 -0.601105 0.799170 -0.580990 0.813910 -0.644884 -0.619945 0.799170 -0.601105 0.813910 -0.580990 0.203926 81.570392 0.844328 -1.333504 200.000000 -1.333504 0.426130 170.451811 -0.535827 8.383089 200.000000 8.383089 0.188332 75.332765 0.770513 -22.985002 200.000000 -22.985002 0.318476 127.390368 -0.637424 23.864382 200.000000 23.864382
 18.200000 -0.529057 0.848586 -0.578734 0.815516 -0.557489 -0.617176 0.848586 -0.529057 0.815516 -0.578734 0.001813 0.725296 0.844328 -1.333504 200.000000 -1.333504 0.004583 1.833077 -0.535827 8.383089 200.000000 8.383089 0.202526 81.010576 0.770513 -22.985002 200.000000 -22.985002 0.344448 137.779311 -0.637424 23.864382 200.000000 23.864382
 18.400000 -0.674990 0.737827 -0.540654 0.841245 -0.740951 -0.571214 0.737827 -0.674990 0.841245 -0.540654 1.134242 453.697000 0.844328 -1.333504 200.000000 -1.333504 1.936633 774.653138 -0.535827 8.383089 200.000000 8.383089 0.500298 200.119195 0.770513 -22.985002 200.000000 -22.985002 0.936441 374.576367 -0.637424 23.864382 200.000000 23.864382
 18.600000 -0.576434 0.817144 -0.609210 0.793009 -0.614358 -0.655065 0.817144 -0.576434 0.793009 -0.609210 0.073899 29.559581 0.844328 -1.333504 200.000000 -1.333504 0.164896 65.958480 -0.535827 8.383089 200.000000 8.383089 0.050604 20.241698 0.770513 -22.985002 200.000000 -22.985002 0.079601 31.840264 -0.637424 23.864382 200.000000 23.864382
 18.800000 -0.599003 0.800747 -0.696935 0.717134 -0.642255 -0.771115 0.800747 -0.599003 0.717134 -0.696935 0.189929 75.971662 0.844328 -1.333504 200.000000 -1.333504 0.399119 159.647402 -0.535827 8.383089 200.000000 8.383089 0.284935 113.974112 0.770513 -22.985002 200.000000 -22.985002 0.354161 141.664312 -0.637424 23.864382 200.000000 23.864382
 19.000000 -0.540889 0.841094 -0.720484 0.693472 -0.571493 -0.804500 0.841094 -0.540889 0.693472 -0.720484 0.001046 0.418260 0.844328 -1.333504 200.000000 -1.333504 0.002562 1.024853 -0.535827 8.383089 200.000000 8.383089 0.593540 237.416022 0.770513 -22.985002 200.000000 -22.985002 0.689894 275.957773 -0.637424 23.864382 200.000000 23.864382
 19.200000 -0.474563 0.880222 -0.707281 0.706932 -0.494467 -0.785645 0.880222 -0.474563 0.706932 -0.707281 0.128836 51.534478 0.844328 -1.333504 200.000000 -1.333504 0.375329 150.131419 -0.535827 8.383089 200.000000 8.383089 0.404256 161.702341 0.770513 -22.985002 200.000000 -22.985002 0.488006 195.202278 -0.637424 23.864382 200.000000 23.864382
 19.400000 -0.462013 0.886873 -0.628682 0.777663 -0.480263 -0.679857 0.886873 -0.462013 0.777663 -0.628682 0.181011 72.404361 0.844328 -1.333504 200.000000 -1.333504 0.544852 217.940749 -0.535827 8.383089 200.000000 8.383089 0.005111 2.044573 0.770513 -22.985002 200.000000 -22.985002 0.007643 3.057056 -0.637424 23.864382 200.000000 23.864382
 19.600000 -0.476758 0.879035 -0.620216 0.784431 -0.496963 -0.669018 0.879035 -0.476758 0.784431 -0.620216 0.120455 48.181922 0.844328 -1.333504 200.000000 -1.333504 0.348911 139.564339 -0.535827 8.383089 200.000000 8.383089 0.019370 7.747970 0.770513 -22.985002 200.000000 -22.985002 0.029610 11.844169 -0.637424 23.864382 200.000000 23.864382
 19.800000 -0.557018 0.830501 -0.601915 0.798560 -0.590790 -0.645897 0.830501 -0.557018 0.798560 -0.601915 0.019119 7.647729 0.844328 -1.333504 200.000000 -1.333504 0.044905 17.962077 -0.535827 8.383089 200.000000 8.383089 0.078663 31.465257 0.770513 -22.985002 200.000000 -22.985002 0.126089 50.435650 -0.637424 23.864382 200.000000 23.864382
 20.000000 -0.665466 0.746428 -0.585425 0.810727 -0.728118 -0.625404 0.746428 -0.665466 0.810727 -0.585425 0.958440 383.375892 0.844328 -1.333504 200.000000 -1.333504 1.680637 672.254949 -0.535827 8.383089 200.000000 8.383089 0.161712 64.684856 0.770513 -22.985002 200.000000 -22.985002 0.270391 108.156501 -0.637424 23.864382 200.000000 23.864382
