#! FIELDS time sin_phi cos_phi sin_psi cos_psi phi psi cos_phi sin_phi cos_psi sin_psi restraint_phi_cos.bias restraint_phi_cos.force2 restraint_phi_cos.cos_phi_cntr restraint_phi_cos.cos_phi_work restraint_phi_cos.cos_phi_kappa restraint_phi_cos.work restraint_phi_sin.bias restraint_phi_sin.force2 restraint_phi_sin.sin_phi_cntr restraint_phi_sin.sin_phi_work restraint_phi_sin.sin_phi_kappa restraint_phi_sin.work restraint_psi_cos.bias restraint_psi_cos.force2 restraint_psi_cos.cos_psi_cntr restraint_psi_cos.cos_psi_work restraint_psi_cos.cos_psi_kappa restraint_psi_cos.work restraint_psi_sin.bias restraint_psi_sin.force2 restraint_psi_sin.sin_psi_cntr restraint_psi_sin.sin_psi_work restraint_psi_sin.sin_psi_kappa restraint_psi_sin.work
#! SET min_phi -pi
#! SET max_phi pi
#! SET min_psi -pi
#! SET max_psi pi
 0.000000 -0.999983 -0.005782 0.966116 0.258110 -1.576579 1.309731 -0.005782 -0.999983 0.258110 0.966116 0.000000 0.000000 -0.009747 0.000000 0.000000 0.000000 0.000000 0.000000 -0.999953 0.000000 0.000000 0.000000 0.000000 0.000000 0.256142 0.000000 0.000000 0.000000 0.000000 0.000000 0.966639 0.000000 0.000000 0.000000
 0.200000 -1.000000 -0.000266 0.834656 0.550772 -1.571062 0.987508 -0.000266 -1.000000 0.550772 0.834656 0.000899 0.035955 -0.009747 0.429321 20.000000 0.429321 0.000000 0.000001 -0.999953 0.008204 20.000000 0.008204 0.868065 34.722587 0.256142 0.437497 20.000000 0.437497 0.174196 6.967822 0.966639 0.079186 20.000000 0.079186
 0.400000 -0.998237 0.059346 0.982967 0.183784 -1.511415 1.385962 0.059346 -0.998237 0.183784 0.982967 0.095476 7.638063 -0.009747 0.576152 40.000000 0.576152 0.000059 0.004706 -0.999953 0.009175 40.000000 0.009175 0.104715 8.377184 0.256142 0.652623 40.000000 0.652623 0.005332 0.426545 0.966639 0.103853 40.000000 0.103853
 0.600000 -0.997905 0.064694 0.969726 0.244195 -1.506057 1.324107 0.064694 -0.997905 0.244195 0.969726 0.166241 19.948918 -0.009747 0.652738 60.000000 0.652738 0.000126 0.015090 -0.999953 0.009549 60.000000 0.009549 0.004282 0.513884 0.256142 0.812950 60.000000 0.812950 0.000286 0.034310 0.966639 0.126978 60.000000 0.126978
 0.800000 -0.999998 0.001900 0.948099 0.317977 -1.568897 1.247202 0.001900 -0.999998 0.317977 0.948099 0.005425 0.868058 -0.009747 0.745436 80.000000 0.745436 0.000000 0.000013 -0.999953 0.009931 80.000000 0.009931 0.152938 24.470136 0.256142 0.870390 80.000000 0.870390 0.013750 2.199994 0.966639 0.131256 80.000000 0.131256
 1.000000 -0.997907 -0.064664 0.983714 0.179740 -1.635505 1.390074 -0.064664 -0.997907 0.179740 0.983714 0.150795 30.158950 -0.009747 0.830200 100.000000 0.830200 0.000209 0.041836 -0.999953 0.010215 100.000000 0.010215 0.291866 58.373296 0.256142 0.906285 100.000000 0.906285 0.014578 2.915589 0.966639 0.133900 100.000000 0.133900
 1.200000 -0.998632 0.052283 0.985233 0.171221 -1.518489 1.398728 0.052283 -0.998632 0.171221 0.985233 0.230861 55.406593 -0.009747 0.926076 120.000000 0.926076 0.000105 0.025098 -0.999953 0.010632 120.000000 0.010632 0.432703 103.848639 0.256142 0.992002 120.000000 0.992002 0.020743 4.978426 0.966639 0.141239 120.000000 0.141239
 1.400000 -0.999099 0.042450 0.979951 0.199238 -1.528334 1.370216 0.042450 -0.999099 0.199238 0.979951 0.190711 53.399045 -0.009747 0.960891 140.000000 0.960891 0.000051 0.014291 -0.999953 0.010712 140.000000 0.010712 0.226664 63.465860 0.256142 1.092922 140.000000 1.092922 0.012405 3.473287 0.966639 0.149514 140.000000 0.149514
 1.600000 -0.999952 0.009788 0.961509 0.274775 -1.561008 1.292441 0.009788 -0.999952 0.274775 0.961509 0.030528 9.768983 -0.009747 1.007034 160.000000 1.007034 0.000000 0.000000 -0.999953 0.010844 160.000000 0.010844 0.027774 8.887593 0.256142 1.162404 160.000000 1.162404 0.002106 0.673841 0.966639 0.156247 160.000000 0.156247
 1.800000 -0.999822 -0.018890 0.970255 0.242087 -1.589688 1.326281 -0.018890 -0.999822 0.242087 0.970255 0.007525 2.709001 -0.009747 1.052059 180.000000 1.052059 0.000002 0.000556 -0.999953 0.010933 180.000000 0.010933 0.017781 6.401157 0.256142 1.193843 180.000000 1.193843 0.001177 0.423550 0.966639 0.158902 180.000000 0.158902
 2.000000 -0.987244 0.159215 0.942677 0.333708 -1.410901 1.230562 0.159215 -0.987244 0.333708 0.942677 2.854784 1141.913410 -0.009747 1.082091 200.000000 1.082091 0.016151 6.460231 -0.999953 0.011014 200.000000 0.011014 0.601639 240.655703 0.256142 1.219996 200.000000 1.219996 0.057420 22.968050 0.966639 0.161398 200.000000 0.161398
 2.200000 -0.998194 0.060070 0.953010 0.302940 -1.510690 1.263020 0.060070 -0.998194 0.302940 0.953010 0.832969 333.187731 -0.031197 1.165719 200.000000 1.165719 0.068516 27.406252 -0.972019 0.073895 200.000000 0.073895 1.791861 716.744336 0.169080 1.422854 200.000000 1.422854 0.041836 16.734206 0.932556 0.314740 200.000000 0.314740
 2.400000 -0.999854 -0.017065 0.981194 0.193026 -1.587862 1.376551 -0.017065 -0.999854 0.193026 0.981194 0.126610 50.643976 -0.052647 1.289146 200.000000 1.289146 0.311024 124.409689 -0.944085 0.300860 200.000000 0.300860 1.232300 492.920067 0.082017 1.748636 200.000000 1.748636 0.684277 273.710604 0.898473 0.799937 200.000000 0.799937
 2.600000 -0.983661 -0.180028 0.974673 0.223634 -1.751812 1.345255 -0.180028 -0.983661 0.223634 0.974673 1.122122 448.848994 -0.074098 1.336124 200.000000 1.336124 0.455766 182.306384 -0.916151 0.669016 200.000000 0.669016 5.229422 2091.768685 -0.005045 1.914223 200.000000 1.914223 1.216253 486.501142 0.864389 1.580762 200.000000 1.580762
 2.800000 -0.991504 -0.130077 0.999886 -0.015125 -1.701243 1.585922 -0.130077 -0.991504 -0.015125 0.999886 0.119222 47.688857 -0.095548 1.357601 200.000000 1.357601 1.066815 426.725931 -0.888217 1.188329 200.000000 1.188329 0.592633 237.053290 -0.092108 1.771770 200.000000 1.771770 2.875722 1150.288850 0.830306 2.587110 200.000000 2.587110
 3.000000 -0.989306 -0.145855 0.995376 -0.096060 -1.717174 1.667005 -0.145855 -0.989306 -0.096060 0.995376 0.083268 33.307198 -0.116999 1.408699 200.000000 1.408699 1.664684 665.873543 -0.860283 1.858497 200.000000 1.858497 0.690729 276.291500 -0.179170 1.358634 200.000000 1.358634 3.966180 1586.472122 0.796223 3.746610 200.000000 3.746610
 3.200000 -0.993591 -0.113038 0.933842 -0.357687 -1.684077 1.936586 -0.113038 -0.993591 -0.357687 0.933842 0.064572 25.828742 -0.138449 1.365460 200.000000 1.365460 2.599870 1039.947953 -0.832349 2.646465 200.000000 2.646465 0.836386 334.554377 -0.266233 0.292504 200.000000 0.292504 2.948158 1179.263098 0.762140 4.948720 200.000000 4.948720
 3.400000 -0.982517 -0.186174 0.901757 -0.432244 -1.758062 2.017776 -0.186174 -0.982517 -0.432244 0.901757 0.069030 27.612076 -0.159900 1.327278 200.000000 1.327278 3.172004 1268.801800 -0.804416 3.578375 200.000000 3.578375 0.623285 249.314036 -0.353295 -1.090172 200.000000 -1.090172 3.017187 1206.874747 0.728056 6.125585 200.000000 6.125585
 3.600000 -0.981232 -0.192833 0.827213 -0.561889 -1.764845 2.167463 -0.192833 -0.981232 -0.561889 0.827213 0.013186 5.274382 -0.181350 1.157030 200.000000 1.157030 4.192243 1676.897312 -0.776482 4.613558 200.000000 4.613558 1.476973 590.789135 -0.440358 -2.797553 200.000000 -2.797553 1.775286 710.114323 0.693973 7.184915 200.000000 7.184915
 3.800000 -0.952181 -0.305534 0.706686 -0.707527 -1.881296 2.356789 -0.305534 -0.952181 -0.707527 0.706686 1.055414 422.165625 -0.202801 0.927724 200.000000 0.927724 4.146644 1658.657602 -0.748548 5.763946 200.000000 5.763946 3.243843 1297.537197 -0.527420 -4.569412 200.000000 -4.569412 0.218991 87.596255 0.659890 8.066808 200.000000 8.066808
 4.000000 -0.947275 -0.320422 0.723912 -0.689892 -1.896971 2.332137 -0.320422 -0.947275 -0.689892 0.723912 0.924870 369.947900 -0.224251 0.592425 200.000000 0.592425 5.137517 2055.006717 -0.720614 6.996341 200.000000 6.996341 0.568657 227.462992 -0.614483 -6.187053 200.000000 -6.187053 0.962469 384.987590 0.625807 8.765311 200.000000 8.765311
 4.200000 -0.938550 -0.345143 0.658572 -0.752518 -1.923188 2.422673 -0.345143 -0.938550 -0.752518 0.658572 0.988858 395.543001 -0.245702 0.253960 200.000000 0.253960 6.045192 2418.076896 -0.692680 8.348123 200.000000 8.348123 0.259820 103.928044 -0.701545 -7.568026 200.000000 -7.568026 0.446871 178.748498 0.591723 9.197153 200.000000 9.197153
 4.400000 -0.945945 -0.324326 0.496560 -0.868003 -1.901095 2.621962 -0.324326 -0.945945 -0.868003 0.496560 0.326880 130.752049 -0.267152 -0.190243 200.000000 -0.190243 7.907286 3162.914264 -0.664746 9.759008 200.000000 9.759008 0.630351 252.140373 -0.788608 -8.367369 200.000000 -8.367369 0.373081 149.232326 0.557640 9.434306 200.000000 9.434306
 4.600000 -0.914745 -0.404031 0.579402 -0.815042 -1.986716 2.523598 -0.404031 -0.914745 -0.815042 0.579402 1.332374 532.949685 -0.288603 -0.700710 200.000000 -0.700710 7.724647 3089.858785 -0.636813 11.242323 200.000000 11.242323 0.085768 34.307070 -0.844328 -8.470255 200.000000 -8.470255 0.189881 75.952467 0.535827 9.500261 200.000000 9.500261
 4.800000 -0.903860 -0.427827 0.591552 -0.806267 -2.012884 2.508610 -0.427827 -0.903860 -0.806267 0.591552 1.387073 554.829107 -0.310053 -1.339676 200.000000 -1.339676 8.701418 3480.567005 -0.608879 12.744887 200.000000 12.744887 0.144864 57.945657 -0.844328 -8.470255 200.000000 -8.470255 0.310529 124.211609 0.535827 9.500261 200.000000 9.500261
 5.000000 -0.886016 -0.463654 0.518633 -0.854997 -2.052911 2.596342 -0.463654 -0.886016 -0.854997 0.518633 1.746375 698.550061 -0.331504 -2.051917 200.000000 -2.051917 9.306845 3722.737925 -0.580945 14.288996 200.000000 14.288996 0.011383 4.553387 -0.844328 -8.470255 200.000000 -8.470255 0.029564 11.825728 0.535827 9.500261 200.000000 9.500261
 5.200000 -0.822559 -0.568679 0.494525 -0.869163 -2.175696 2.624304 -0.568679 -0.822559 -0.869163 0.494525 4.653723 1861.489074 -0.352954 -2.818752 200.000000 -2.818752 7.265627 2906.250992 -0.553011 15.876531 200.000000 15.876531 0.061680 24.672049 -0.844328 -8.470255 200.000000 -8.470255 0.170584 68.233553 0.535827 9.500261 200.000000 9.500261
 5.400000 -0.761082 -0.648656 0.515120 -0.857118 -2.276614 2.600445 -0.648656 -0.761082 -0.857118 0.515120 7.521382 3008.552769 -0.374405 -3.712231 200.000000 -3.712231 5.569803 2227.921105 -0.525077 17.419331 200.000000 17.419331 0.016358 6.543381 -0.844328 -8.470255 200.000000 -8.470255 0.042876 17.150502 0.535827 9.500261 200.000000 9.500261
 5.600000 -0.661559 -0.749893 0.531957 -0.846771 -2.418697 2.580682 -0.749893 -0.661559 -0.846771 0.531957 12.534279 5013.711743 -0.395855 -4.711994 200.000000 -4.711994 2.703248 1081.299091 -0.497143 18.938872 200.000000 18.938872 0.000597 0.238795 -0.844328 -8.470255 200.000000 -8.470255 0.001497 0.598958 0.535827 9.500261 200.000000 9.500261
 5.800000 -0.631123 -0.775683 0.544549 -0.838729 -2.458592 2.565742 -0.775683 -0.631123 -0.838729 0.544549 12.843392 5137.356829 -0.417306 -5.749231 200.000000 -5.749231 2.621604 1048.641522 -0.469210 20.459458 200.000000 20.459458 0.003135 1.253804 -0.844328 -8.470255 200.000000 -8.470255 0.007607 3.042833 0.535827 9.500261 200.000000 9.500261
 6.000000 -0.719306 -0.694694 0.531260 -0.847209 -2.338790 2.581505 -0.694694 -0.719306 -0.847209 0.531260 6.550405 2620.161883 -0.438756 -6.927810 200.000000 -6.927810 7.730056 3092.022350 -0.441276 21.870149 200.000000 21.870149 0.000830 0.331949 -0.844328 -8.470255 200.000000 -8.470255 0.002085 0.834131 0.535827 9.500261 200.000000 9.500261
 6.200000 -0.718264 -0.695771 0.375760 -0.926717 -2.340289 2.756376 -0.695771 -0.718264 -0.926717 0.375760 5.549057 2219.622658 -0.460207 -8.105199 200.000000 -8.105199 9.297722 3719.088640 -0.413342 23.303928 200.000000 23.303928 0.678795 271.517969 -0.844328 -8.470255 200.000000 -8.470255 2.562132 1024.852754 0.535827 9.500261 200.000000 9.500261
 6.400000 -0.642755 -0.766072 0.523755 -0.851869 -2.443503 2.590339 -0.766072 -0.642755 -0.851869 0.523755 8.089151 3235.660458 -0.481657 -9.283040 200.000000 -9.283040 6.622759 2649.103518 -0.385408 24.769071 200.000000 24.769071 0.005686 2.274526 -0.844328 -8.470255 200.000000 -8.470255 0.014572 5.828731 0.535827 9.500261 200.000000 9.500261
 6.600000 -0.592706 -0.805419 0.612345 -0.790591 -2.507178 2.482569 -0.805419 -0.592706 -0.790591 0.612345 9.139189 3655.675482 -0.503108 -10.659260 200.000000 -10.659260 5.533416 2213.366263 -0.357474 25.916248 200.000000 25.916248 0.288770 115.507912 -0.844328 -8.470255 200.000000 -8.470255 0.585504 234.201776 0.535827 9.500261 200.000000 9.500261
 6.800000 -0.428725 -0.903435 0.556467 -0.830870 -2.698512 2.551466 -0.903435 -0.428725 -0.830870 0.556467 14.354778 5741.911366 -0.524558 -11.955714 200.000000 -11.955714 0.983753 393.501063 -0.329540 27.163505 200.000000 27.163505 0.018112 7.244657 -0.844328 -8.470255 200.000000 -8.470255 0.042600 17.040072 0.535827 9.500261 200.000000 9.500261
 7.000000 -0.585020 -0.811019 0.521010 -0.853551 -2.516688 2.593559 -0.811019 -0.585020 -0.853551 0.521010 7.023046 2809.218587 -0.546009 -13.314954 200.000000 -13.314954 8.032308 3212.923010 -0.301607 28.301424 200.000000 28.301424 0.008506 3.402315 -0.844328 -8.470255 200.000000 -8.470255 0.021954 8.781565 0.535827 9.500261 200.000000 9.500261
 7.200000 -0.547094 -0.837071 0.490718 -0.871318 -2.562704 2.628679 -0.837071 -0.547094 -0.871318 0.490718 7.269064 2907.625753 -0.567459 -14.665140 200.000000 -14.665140 7.475918 2990.367347 -0.273673 29.376075 200.000000 29.376075 0.072848 29.139337 -0.844328 -8.470255 200.000000 -8.470255 0.203479 81.391533 0.535827 9.500261 200.000000 9.500261
 7.400000 -0.310747 -0.950493 0.492262 -0.870447 -2.825614 2.626906 -0.950493 -0.310747 -0.870447 0.492262 13.074238 5229.695360 -0.588910 -16.073676 200.000000 -16.073676 0.422601 169.040255 -0.245739 30.229284 200.000000 30.229284 0.068221 27.288572 -0.844328 -8.470255 200.000000 -8.470255 0.189790 75.916118 0.535827 9.500261 200.000000 9.500261
 7.600000 -0.376893 -0.926257 0.566823 -0.823839 -2.755153 2.538948 -0.926257 -0.376893 -0.823839 0.566823 9.979075 3991.630067 -0.610360 -17.427590 200.000000 -17.427590 2.530894 1012.357408 -0.217805 31.103509 200.000000 31.103509 0.041978 16.791360 -0.844328 -8.470255 200.000000 -8.470255 0.096079 38.431691 0.535827 9.500261 200.000000 9.500261
 7.800000 -0.423740 -0.905784 0.584380 -0.811480 -2.704022 2.517477 -0.905784 -0.423740 -0.811480 0.584380 7.506131 3002.452337 -0.631811 -18.739097 200.000000 -18.739097 5.469468 2187.787267 -0.189871 31.993649 200.000000 31.993649 0.107896 43.158539 -0.844328 -8.470255 200.000000 -8.470255 0.235739 94.295430 0.535827 9.500261 200.000000 9.500261
 8.000000 -0.225870 -0.974157 0.499693 -0.866203 -2.913756 2.618349 -0.974157 -0.225870 -0.866203 0.499693 10.297447 4118.978939 -0.653261 -20.084516 200.000000 -20.084516 0.408740 163.495804 -0.161937 32.604762 200.000000 32.604762 0.047851 19.140307 -0.844328 -8.470255 200.000000 -8.470255 0.130567 52.226879 0.535827 9.500261 200.000000 9.500261
 8.200000 -0.260167 -0.965564 0.551843 -0.833948 -2.878397 2.557020 -0.965564 -0.260167 -0.833948 0.551843 8.459492 3383.796633 -0.674712 -21.337823 200.000000 -21.337823 1.591724 636.689784 -0.134004 33.351554 200.000000 33.351554 0.010774 4.309595 -0.844328 -8.470255 200.000000 -8.470255 0.025651 10.260517 0.535827 9.500261 200.000000 9.500261
 8.400000 -0.251325 -0.967903 0.610685 -0.791874 -2.887544 2.484668 -0.967903 -0.251325 -0.791874 0.610685 7.384302 2953.720781 -0.696162 -22.574016 200.000000 -22.574016 2.109910 843.963845 -0.106070 33.902844 200.000000 33.902844 0.275143 110.057353 -0.844328 -8.470255 200.000000 -8.470255 0.560371 224.148533 0.535827 9.500261 200.000000 9.500261
 8.600000 -0.131230 -0.991352 0.525145 -0.851013 -3.009983 2.588707 -0.991352 -0.131230 -0.851013 0.525145 7.493330 2997.332136 -0.717612 -23.755682 200.000000 -23.755682 0.281895 112.758129 -0.078136 34.371425 200.000000 34.371425 0.004468 1.787345 -0.844328 -8.470255 200.000000 -8.470255 0.011409 4.563670 0.535827 9.500261 200.000000 9.500261
 8.800000 -0.042485 -0.999097 0.534062 -0.845445 -3.099095 2.578195 -0.999097 -0.042485 -0.845445 0.534062 6.761775 2704.710026 -0.739063 -24.862354 200.000000 -24.862354 0.005956 2.382304 -0.050202 34.887628 200.000000 34.887628 0.000125 0.049944 -0.844328 -8.470255 200.000000 -8.470255 0.000311 0.124585 0.535827 9.500261 200.000000 9.500261
 9.000000 -0.211931 -0.977285 0.578501 -0.815681 -2.928042 2.524702 -0.977285 -0.211931 -0.815681 0.578501 4.698975 1879.589902 -0.760513 -25.894168 200.000000 -25.894168 3.597190 1438.876118 -0.022268 35.372240 200.000000 35.372240 0.082062 32.824977 -0.844328 -8.470255 200.000000 -8.470255 0.182112 72.844913 0.535827 9.500261 200.000000 9.500261
 9.200000 -0.043153 -0.999068 0.529931 -0.848041 -3.098427 2.583073 -0.999068 -0.043153 -0.848041 0.529931 4.713438 1885.375386 -0.781964 -26.861955 200.000000 -26.861955 0.238320 95.328043 0.005666 35.631176 200.000000 35.631176 0.001378 0.551336 -0.844328 -8.470255 200.000000 -8.470255 0.003476 1.390236 0.535827 9.500261 200.000000 9.500261
 9.400000 -0.035951 -0.999354 0.515819 -0.856697 -3.105634 2.599629 -0.999354 -0.035951 -0.856697 0.515819 3.839214 1535.685633 -0.803414 -27.733445 200.000000 -27.733445 0.483724 193.489440 0.033599 36.040085 200.000000 36.040085 0.015300 6.120058 -0.844328 -8.470255 200.000000 -8.470255 0.040029 16.011708 0.535827 9.500261 200.000000 9.500261
 9.600000 -0.017566 -0.999846 0.540807 -0.841146 -3.124026 2.570196 -0.999846 -0.017566 -0.841146 0.540807 3.061827 1224.730999 -0.824865 -28.522717 200.000000 -28.522717 0.625672 250.268844 0.061533 36.393273 200.000000 36.393273 0.001012 0.404879 -0.844328 -8.470255 200.000000 -8.470255 0.002481 0.992278 0.535827 9.500261 200.000000 9.500261
 9.800000 0.017289 -0.999851 0.564479 -0.825447 3.124303 2.541790 -0.999851 0.017289 -0.825447 0.564479 2.357304 942.921517 -0.846315 -29.224492 200.000000 -29.224492 0.520969 208.387754 0.089467 36.714931 200.000000 36.714931 0.035648 14.259297 -0.844328 -8.470255 200.000000 -8.470255 0.082097 32.838778 0.535827 9.500261 200.000000 9.500261
 10.000000 0.067370 -0.997728 0.452123 -0.891955 3.074171 2.672448 -0.997728 0.067370 -0.891955 0.452123 1.689016 675.606421 -0.867766 -29.825407 200.000000 -29.825407 0.250305 100.122032 0.117401 37.014581 200.000000 37.014581 0.226837 90.734919 -0.844328 -8.470255 200.000000 -8.470255 0.700625 280.249900 0.535827 9.500261 200.000000 9.500261
 10.200000 0.018594 -0.999827 0.419448 -0.907779 3.122998 2.708755 -0.999827 0.018594 -0.907779 0.419448 1.223474 489.389497 -0.889216 -30.330272 200.000000 -30.330272 1.606321 642.528402 0.145335 37.383722 200.000000 37.383722 0.402607 161.042725 -0.844328 -8.470255 200.000000 -8.470255 1.354396 541.758251 0.535827 9.500261 200.000000 9.500261
 10.400000 0.066060 -0.997816 0.536567 -0.843858 3.075485 2.575229 -0.997816 0.066060 -0.843858 0.536567 0.759492 303.796656 -0.910667 -30.723735 200.000000 -30.723735 1.149373 459.749239 0.173269 37.640793 200.000000 37.640793 0.000022 0.008851 -0.844328 -8.470255 200.000000 -8.470255 0.000055 0.021935 0.535827 9.500261 200.000000 9.500261
 10.600000 0.134017 -0.990979 0.528912 -0.848677 3.007171 2.584275 -0.990979 0.134017 -0.848677 0.528912 0.346470 138.587813 -0.932117 -31.020760 200.000000 -31.020760 0.451384 180.553665 0.201202 37.992850 200.000000 37.992850 0.001891 0.756570 -0.844328 -8.470255 200.000000 -8.470255 0.004782 1.912845 0.535827 9.500261 200.000000 9.500261
 10.800000 0.193660 -0.981069 0.525574 -0.850748 2.946701 2.588203 -0.981069 0.193660 -0.850748 0.525574 0.075629 30.251740 -0.953568 -31.217381 200.000000 -31.217381 0.125853 50.341113 0.229136 38.393215 200.000000 38.393215 0.004121 1.648525 -0.844328 -8.470255 200.000000 -8.470255 0.010511 4.204502 0.535827 9.500261 200.000000 9.500261
 11.000000 0.194392 -0.980924 0.522378 -0.852714 2.945955 2.591955 -0.980924 0.194392 -0.852714 0.522378 0.015229 6.091716 -0.968583 -31.287748 200.000000 -31.287748 0.294822 117.928996 0.248690 38.665579 200.000000 38.665579 0.007033 2.813084 -0.844328 -8.470255 200.000000 -8.470255 0.018087 7.234832 0.535827 9.500261 200.000000 9.500261
 11.200000 0.156318 -0.987707 0.510632 -0.859800 2.984631 2.605673 -0.987707 0.156318 -0.859800 0.510632 0.036571 14.628442 -0.968583 -31.287748 200.000000 -31.287748 0.853251 341.300499 0.248690 38.665579 200.000000 38.665579 0.023937 9.574821 -0.844328 -8.470255 200.000000 -8.470255 0.063479 25.391640 0.535827 9.500261 200.000000 9.500261
 11.400000 0.294798 -0.955559 0.509743 -0.860327 2.842348 2.606707 -0.955559 0.294798 -0.860327 0.509743 0.016962 6.784672 -0.968583 -31.287748 200.000000 -31.287748 0.212600 85.039933 0.248690 38.665579 200.000000 38.665579 0.025597 10.238769 -0.844328 -8.470255 200.000000 -8.470255 0.068039 27.215416 0.535827 9.500261 200.000000 9.500261
 11.600000 0.116972 -0.993135 0.558155 -0.829737 3.024353 2.549432 -0.993135 0.116972 -0.829737 0.558155 0.060281 24.112238 -0.968583 -31.287748 200.000000 -31.287748 1.734972 693.988972 0.248690 38.665579 200.000000 38.665579 0.021291 8.516359 -0.844328 -8.470255 200.000000 -8.470255 0.049856 19.942421 0.535827 9.500261 200.000000 9.500261
 11.800000 0.129019 -0.991642 0.523831 -0.851822 3.012213 2.590250 -0.991642 0.129019 -0.851822 0.523831 0.053171 21.268562 -0.968583 -31.287748 200.000000 -31.287748 1.432106 572.842257 0.248690 38.665579 200.000000 38.665579 0.005616 2.246401 -0.844328 -8.470255 200.000000 -8.470255 0.014389 5.755512 0.535827 9.500261 200.000000 9.500261
 12.000000 0.121614 -0.992577 0.544208 -0.838950 3.019677 2.566147 -0.992577 0.121614 -0.838950 0.544208 0.057573 23.029125 -0.968583 -31.287748 200.000000 -31.287748 1.614834 645.933400 0.248690 38.665579 200.000000 38.665579 0.002892 1.156867 -0.844328 -8.470255 200.000000 -8.470255 0.007025 2.810084 0.535827 9.500261 200.000000 9.500261
 12.200000 0.239690 -0.970849 0.567844 -0.823136 2.899546 2.537708 -0.970849 0.239690 -0.823136 0.567844 0.000514 0.205438 -0.968583 -31.287748 200.000000 -31.287748 0.008099 3.239775 0.248690 38.665579 200.000000 38.665579 0.044910 17.963929 -0.844328 -8.470255 200.000000 -8.470255 0.102512 41.004819 0.535827 9.500261 200.000000 9.500261
 12.400000 0.186178 -0.982516 0.513338 -0.858187 2.954322 2.602523 -0.982516 0.186178 -0.858187 0.513338 0.019412 7.764972 -0.968583 -31.287748 200.000000 -31.287748 0.390772 156.308902 0.248690 38.665579 200.000000 38.665579 0.019207 7.682623 -0.844328 -8.470255 200.000000 -8.470255 0.050576 20.230382 0.535827 9.500261 200.000000 9.500261
 12.600000 0.141486 -0.989940 0.498891 -0.866665 2.999630 2.619274 -0.989940 0.141486 -0.866665 0.498891 0.045612 18.244953 -0.968583 -31.287748 200.000000 -31.287748 1.149261 459.704532 0.248690 38.665579 200.000000 38.665579 0.049892 19.956981 -0.844328 -8.470255 200.000000 -8.470255 0.136423 54.569116 0.535827 9.500261 200.000000 9.500261
 12.800000 0.149290 -0.988794 0.516844 -0.856080 2.991743 2.598432 -0.988794 0.149290 -0.856080 0.516844 0.040846 16.338322 -0.968583 -31.287748 200.000000 -31.287748 0.988041 395.216226 0.248690 38.665579 200.000000 38.665579 0.013810 5.524050 -0.844328 -8.470255 200.000000 -8.470255 0.036034 14.413800 0.535827 9.500261 200.000000 9.500261
 13.000000 0.132193 -0.991224 0.513201 -0.858269 3.009011 2.602683 -0.991224 0.132193 -0.858269 0.513201 0.051261 20.504270 -0.968583 -31.287748 200.000000 -31.287748 1.357150 542.859945 0.248690 38.665579 200.000000 38.665579 0.019434 7.773762 -0.844328 -8.470255 200.000000 -8.470255 0.051194 20.477695 0.535827 9.500261 200.000000 9.500261
 13.200000 0.177416 -0.984136 0.538839 -0.842409 2.963232 2.572534 -0.984136 0.177416 -0.842409 0.538839 0.024189 9.675555 -0.968583 -31.287748 200.000000 -31.287748 0.507996 203.198390 0.248690 38.665579 200.000000 38.665579 0.000368 0.147351 -0.844328 -8.470255 200.000000 -8.470255 0.000907 0.362995 0.535827 9.500261 200.000000 9.500261
 13.400000 0.178081 -0.984016 0.601028 -0.799228 2.962557 2.496806 -0.984016 0.178081 -0.799228 0.601028 0.023817 9.526768 -0.968583 -31.287748 200.000000 -31.287748 0.498566 199.426492 0.248690 38.665579 200.000000 38.665579 0.203402 81.360901 -0.844328 -8.470255 200.000000 -8.470255 0.425123 170.049137 0.535827 9.500261 200.000000 9.500261
 13.600000 0.254403 -0.967098 0.542162 -0.840274 2.884362 2.568584 -0.967098 0.254403 -0.840274 0.542162 0.000221 0.088203 -0.968583 -31.287748 200.000000 -31.287748 0.003264 1.305732 0.248690 38.665579 200.000000 38.665579 0.001644 0.657454 -0.844328 -8.470255 200.000000 -8.470255 0.004014 1.605577 0.535827 9.500261 200.000000 9.500261
 13.800000 0.197004 -0.980403 0.514390 -0.857556 2.943291 2.601296 -0.980403 0.197004 -0.857556 0.514390 0.013970 5.588003 -0.968583 -31.287748 200.000000 -31.287748 0.267141 106.856317 0.248690 38.665579 200.000000 38.665579 0.017499 6.999420 -0.844328 -8.470255 200.000000 -8.470255 0.045952 18.380773 0.535827 9.500261 200.000000 9.500261
 14.000000 0.202345 -0.979314 0.510694 -0.859762 2.937841 2.605601 -0.979314 0.202345 -0.859762 0.510694 0.011516 4.606274 -0.968583 -31.287748 200.000000 -31.287748 0.214784 85.913501 0.248690 38.665579 200.000000 38.665579 0.023822 9.528905 -0.844328 -8.470255 200.000000 -8.470255 0.063164 25.265755 0.535827 9.500261 200.000000 9.500261
 14.200000 0.164374 -0.986398 0.465396 -0.885103 2.976470 2.657511 -0.986398 0.164374 -0.885103 0.465396 0.031737 12.694937 -0.968583 -31.287748 200.000000 -31.287748 0.710922 284.368797 0.248690 38.665579 200.000000 38.665579 0.166259 66.503489 -0.844328 -8.470255 200.000000 -8.470255 0.496055 198.421902 0.535827 9.500261 200.000000 9.500261
 14.400000 0.145952 -0.989292 0.474180 -0.880428 2.995117 2.647560 -0.989292 0.145952 -0.880428 0.474180 0.042884 17.153602 -0.968583 -31.287748 200.000000 -31.287748 1.055499 422.199714 0.248690 38.665579 200.000000 38.665579 0.130320 52.127876 -0.844328 -8.470255 200.000000 -8.470255 0.380029 152.011456 0.535827 9.500261 200.000000 9.500261
 14.600000 0.168732 -0.985662 0.577568 -0.816342 2.972049 2.525846 -0.985662 0.168732 -0.816342 0.577568 0.029168 11.667367 -0.968583 -31.287748 200.000000 -31.287748 0.639322 255.728990 0.248690 38.665579 200.000000 38.665579 0.078319 31.327650 -0.844328 -8.470255 200.000000 -8.470255 0.174235 69.694107 0.535827 9.500261 200.000000 9.500261
 14.800000 0.200376 -0.979719 0.597715 -0.801709 2.939851 2.500945 -0.979719 0.200376 -0.801709 0.597715 0.012401 4.960368 -0.968583 -31.287748 200.000000 -31.287748 0.233425 93.369861 0.248690 38.665579 200.000000 38.665579 0.181637 72.654977 -0.844328 -8.470255 200.000000 -8.470255 0.383010 153.203879 0.535827 9.500261 200.000000 9.500261
 15.000000 0.110035 -0.993928 0.504270 -0.863546 3.031334 2.613056 -0.993928 0.110035 -0.863546 0.504270 0.064235 25.693827 -0.968583 -31.287748 200.000000 -31.287748 1.922515 769.005837 0.248690 38.665579 200.000000 38.665579 0.036933 14.773398 -0.844328 -8.470255 200.000000 -8.470255 0.099583 39.833132 0.535827 9.500261 200.000000 9.500261
 15.200000 0.179399 -0.983776 0.478101 -0.878305 2.961218 2.643101 -0.983776 0.179399 -0.878305 0.478101 0.023084 9.233466 -0.968583 -31.287748 200.000000 -31.287748 0.480128 192.051335 0.248690 38.665579 200.000000 38.665579 0.115444 46.177503 -0.844328 -8.470255 200.000000 -8.470255 0.333228 133.291352 0.535827 9.500261 200.000000 9.500261
 15.400000 0.213710 -0.976897 0.456440 -0.889754 2.926221 2.667603 -0.976897 0.213710 -0.889754 0.456440 0.006912 2.764841 -0.968583 -31.287748 200.000000 -31.287748 0.122357 48.942680 0.248690 38.665579 200.000000 38.665579 0.206354 82.541637 -0.844328 -8.470255 200.000000 -8.470255 0.630225 252.089849 0.535827 9.500261 200.000000 9.500261
 15.600000 0.121346 -0.992610 0.421015 -0.907054 3.019947 2.707029 -0.992610 0.121346 -0.907054 0.421015 0.057730 23.092072 -0.968583 -31.287748 200.000000 -31.287748 1.621646 648.658336 0.248690 38.665579 200.000000 38.665579 0.393453 157.381319 -0.844328 -8.470255 200.000000 -8.470255 1.318180 527.272026 0.535827 9.500261 200.000000 9.500261
 15.800000 0.236109 -0.971727 0.522489 -0.852646 2.903233 2.591826 -0.971727 0.236109 -0.852646 0.522489 0.000988 0.395262 -0.968583 -31.287748 200.000000 -31.287748 0.015829 6.331468 0.248690 38.665579 200.000000 38.665579 0.006919 2.767794 -0.844328 -8.470255 200.000000 -8.470255 0.017791 7.116295 0.535827 9.500261 200.000000 9.500261
 16.000000 0.240924 -0.970544 0.576873 -0.816834 2.898275 2.526698 -0.970544 0.240924 -0.816834 0.576873 0.000384 0.153781 -0.968583 -31.287748 200.000000 -31.287748 0.006030 2.412168 0.248690 38.665579 200.000000 38.665579 0.075592 30.236721 -0.844328 -8.470255 200.000000 -8.470255 0.168478 67.391126 0.535827 9.500261 200.000000 9.500261
 16.200000 0.185733 -0.982600 0.576201 -0.817308 2.954774 2.527519 -0.982600 0.185733 -0.817308 0.576201 0.019648 7.859051 -0.968583 -31.287748 200.000000 -31.287748 0.396351 158.540391 0.248690 38.665579 200.000000 38.665579 0.073009 29.203697 -0.844328 -8.470255 200.000000 -8.470255 0.163011 65.204533 0.535827 9.500261 200.000000 9.500261
 16.400000 0.111954 -0.993713 0.570095 -0.821579 3.029403 2.534971 -0.993713 0.111954 -0.821579 0.570095 0.063153 25.261061 -0.968583 -31.287748 200.000000 -31.287748 1.869661 747.864459 0.248690 38.665579 200.000000 38.665579 0.051752 20.700659 -0.844328 -8.470255 200.000000 -8.470255 0.117429 46.971772 0.535827 9.500261 200.000000 9.500261
 16.600000 0.191295 -0.981533 0.512686 -0.858576 2.949112 2.603282 -0.981533 0.191295 -0.858576 0.512686 0.016769 6.707555 -0.968583 -31.287748 200.000000 -31.287748 0.329420 131.768019 0.248690 38.665579 200.000000 38.665579 0.020301 8.120247 -0.844328 -8.470255 200.000000 -8.470255 0.053548 21.419125 0.535827 9.500261 200.000000 9.500261
 16.800000 0.169842 -0.985471 0.472083 -0.881554 2.970923 2.649940 -0.985471 0.169842 -0.881554 0.472083 0.028521 11.408315 -0.968583 -31.287748 200.000000 -31.287748 0.621695 248.677868 0.248690 38.665579 200.000000 38.665579 0.138578 55.431070 -0.844328 -8.470255 200.000000 -8.470255 0.406323 162.529355 0.535827 9.500261 200.000000 9.500261
 17.000000 0.183772 -0.982969 0.413242 -0.910621 2.956770 2.715582 -0.982969 0.183772 -0.910621 0.413242 0.020695 8.277920 -0.968583 -31.287748 200.000000 -31.287748 0.421430 168.571951 0.248690 38.665579 200.000000 38.665579 0.439483 175.793177 -0.844328 -8.470255 200.000000 -8.470255 1.502714 601.085415 0.535827 9.500261 200.000000 9.500261
 17.200000 0.172943 -0.984932 0.559204 -0.829030 2.967776 2.548167 -0.984932 0.172943 -0.829030 0.559204 0.026728 10.691157 -0.968583 -31.287748 200.000000 -31.287748 0.573759 229.503430 0.248690 38.665579 200.000000 38.665579 0.023403 9.361008 -0.844328 -8.470255 200.000000 -8.470255 0.054650 21.859871 0.535827 9.500261 200.000000 9.500261
 17.400000 0.169557 -0.985520 0.633500 -0.773743 2.971212 2.455525 -0.985520 0.169557 -0.773743 0.633500 0.028687 11.474667 -0.968583 -31.287748 200.000000 -31.287748 0.626194 250.477541 0.248690 38.665579 200.000000 38.665579 0.498224 199.289567 -0.844328 -8.470255 200.000000 -8.470255 0.953999 381.599743 0.535827 9.500261 200.000000 9.500261
 17.600000 0.144103 -0.989563 0.624564 -0.780974 2.996986 2.467019 -0.989563 0.144103 -0.780974 0.624564 0.044014 17.605634 -0.968583 -31.287748 200.000000 -31.287748 1.093842 437.536758 0.248690 38.665579 200.000000 38.665579 0.401378 160.551139 -0.844328 -8.470255 200.000000 -8.470255 0.787431 314.972478 0.535827 9.500261 200.000000 9.500261
 17.800000 0.209773 -0.977750 0.473529 -0.880778 2.930250 2.648300 -0.977750 0.209773 -0.880778 0.473529 0.008403 3.361393 -0.968583 -31.287748 200.000000 -31.287748 0.151456 60.582364 0.248690 38.665579 200.000000 38.665579 0.132863 53.145146 -0.844328 -8.470255 200.000000 -8.470255 0.388103 155.241134 0.535827 9.500261 200.000000 9.500261
 18.000000 0.201448 -0.979499 0.458392 -0.888750 2.938757 2.665408 -0.979499 0.201448 -0.888750 0.458392 0.011916 4.766431 -0.968583 -31.287748 200.000000 -31.287748 0.223181 89.272377 0.248690 38.665579 200.000000 38.665579 0.197333 78.933253 -0.844328 -8.470255 200.000000 -8.470255 0.599615 239.845905 0.535827 9.500261 200.000000 9.500261
 18.200000 0.199430 -0.979912 0.502139 -0.864787 2.940816 2.615523 -0.979912 0.199430 -0.864787 0.502139 0.012834 5.133715 -0.968583 -31.287748 200.000000 -31.287748 0.242651 97.060237 0.248690 38.665579 200.000000 38.665579 0.041858 16.743243 -0.844328 -8.470255 200.000000 -8.470255 0.113490 45.395884 0.535827 9.500261 200.000000 9.500261
 18.400000 0.042640 -0.999091 0.496912 -0.867801 3.098940 2.621556 -0.999091 0.042640 -0.867801 0.496912 0.093070 37.227919 -0.968583 -31.287748 200.000000 -31.287748 4.245658 1698.263166 0.248690 38.665579 200.000000 38.665579 0.055097 22.038983 -0.844328 -8.470255 200.000000 -8.470255 0.151434 60.573567 0.535827 9.500261 200.000000 9.500261
 18.600000 0.075158 -0.997172 0.490536 -0.871421 3.066363 2.628888 -0.997172 0.075158 -0.871421 0.490536 0.081730 32.691999 -0.968583 -31.287748 200.000000 -31.287748 3.011323 1204.529354 0.248690 38.665579 200.000000 38.665579 0.073404 29.361566 -0.844328 -8.470255 200.000000 -8.470255 0.205128 82.051242 0.535827 9.500261 200.000000 9.500261
 18.800000 0.150719 -0.988577 0.553636 -0.832758 2.990297 2.554868 -0.988577 0.150719 -0.832758 0.553636 0.039974 15.989534 -0.968583 -31.287748 200.000000 -31.287748 0.959826 383.930429 0.248690 38.665579 200.000000 38.665579 0.013385 5.354082 -0.844328 -8.470255 200.000000 -8.470255 0.031718 12.687345 0.535827 9.500261 200.000000 9.500261
 19.000000 0.236766 -0.971567 0.536687 -0.843781 2.902557 2.575087 -0.971567 0.236766 -0.843781 0.536687 0.000890 0.356072 -0.968583 -31.287748 200.000000 -31.287748 0.014218 5.687333 0.248690 38.665579 200.000000 38.665579 0.000030 0.011953 -0.844328 -8.470255 200.000000 -8.470255 0.000074 0.029612 0.535827 9.500261 200.000000 9.500261
 19.200000 0.168610 -0.985683 0.452296 -0.891868 2.972173 2.672255 -0.985683 0.168610 -0.891868 0.452296 0.029240 11.695849 -0.968583 -31.287748 200.000000 -31.287748 0.641271 256.508335 0.248690 38.665579 200.000000 38.665579 0.226007 90.402763 -0.844328 -8.470255 200.000000 -8.470255 0.697747 279.098672 0.535827 9.500261 200.000000 9.500261
 19.400000 0.168094 -0.985771 0.481566 -0.876410 2.972697 2.639152 -0.985771 0.168094 -0.876410 0.481566 0.029542 11.816875 -0.968583 -31.287748 200.000000 -31.287748 0.649573 259.829049 0.248690 38.665579 200.000000 38.665579 0.102926 41.170497 -0.844328 -8.470255 200.000000 -8.470255 0.294428 117.771069 0.535827 9.500261 200.000000 9.500261
 19.600000 0.216168 -0.976356 0.490181 -0.871621 2.923704 2.629295 -0.976356 0.216168 -0.871621 0.490181 0.006042 2.416734 -0.968583 -31.287748 200.000000 -31.287748 0.105764 42.305775 0.248690 38.665579 200.000000 38.665579 0.074489 29.795455 -0.844328 -8.470255 200.000000 -8.470255 0.208352 83.340669 0.535827 9.500261 200.000000 9.500261
 19.800000 0.197397 -0.980324 0.555992 -0.831188 2.942891 2.552037 -0.980324 0.197397 -0.831188 0.555992 0.013784 5.513575 -0.968583 -31.287748 200.000000 -31.287748 0.263098 105.239030 0.248690 38.665579 200.000000 38.665579 0.017266 6.906567 -0.844328 -8.470255 200.000000 -8.470255 0.040663 16.265156 0.535827 9.500261 200.000000 9.500261
 20.000000 0.196641 -0.980476 0.555229 -0.831697 2.943662 2.552954 -0.980476 0.196641 -0.831697 0.555229 0.014143 5.657220 -0.968583 -31.287748 200.000000 -31.287748 0.270912 108.364711 0.248690 38.665579 200.000000 38.665579 0.015953 6.381372 -0.844328 -8.470255 200.000000 -8.470255 0.037646 15.058471 0.535827 9.500261 200.000000 9.500261
