#! FIELDS time sin_phi cos_phi sin_psi cos_psi phi psi cos_phi sin_phi cos_psi sin_psi restraint_phi_cos.bias restraint_phi_cos.force2 restraint_phi_cos.cos_phi_cntr restraint_phi_cos.cos_phi_work restraint_phi_cos.cos_phi_kappa restraint_phi_cos.work restraint_phi_sin.bias restraint_phi_sin.force2 restraint_phi_sin.sin_phi_cntr restraint_phi_sin.sin_phi_work restraint_phi_sin.sin_phi_kappa restraint_phi_sin.work restraint_psi_cos.bias restraint_psi_cos.force2 restraint_psi_cos.cos_psi_cntr restraint_psi_cos.cos_psi_work restraint_psi_cos.cos_psi_kappa restraint_psi_cos.work restraint_psi_sin.bias restraint_psi_sin.force2 restraint_psi_sin.sin_psi_cntr restraint_psi_sin.sin_psi_work restraint_psi_sin.sin_psi_kappa restraint_psi_sin.work
#! SET min_phi -pi
#! SET max_phi pi
#! SET min_psi -pi
#! SET max_psi pi
 0.000000 -0.999983 -0.005782 0.966116 0.258110 -1.576579 1.309731 -0.005782 -0.999983 0.258110 0.966116 0.000000 0.000000 -0.009747 0.000000 0.000000 0.000000 0.000000 0.000000 -0.999953 0.000000 0.000000 0.000000 0.000000 0.000000 0.256142 0.000000 0.000000 0.000000 0.000000 0.000000 0.966639 0.000000 0.000000 0.000000
 0.200000 -1.000000 -0.000267 0.834656 0.550772 -1.571063 0.987508 -0.000267 -1.000000 0.550772 0.834656 0.000899 0.035948 -0.009747 0.429323 20.000000 0.429323 0.000000 0.000001 -0.999953 0.008204 20.000000 0.008204 0.868064 34.722547 0.256142 0.437490 20.000000 0.437490 0.174195 6.967810 0.966639 0.079184 20.000000 0.079184
 0.400000 -0.998238 0.059344 0.982966 0.183785 -1.511417 1.385960 0.059344 -0.998238 0.183785 0.982966 0.095470 7.637587 -0.009747 0.576154 40.000000 0.576154 0.000059 0.004705 -0.999953 0.009175 40.000000 0.009175 0.104710 8.376839 0.256142 0.652617 40.000000 0.652617 0.005332 0.426530 0.966639 0.103851 40.000000 0.103851
 0.600000 -0.997906 0.064680 0.969721 0.244216 -1.506071 1.324085 0.064680 -0.997906 0.244216 0.969721 0.166180 19.941551 -0.009747 0.652741 60.000000 0.652741 0.000126 0.015077 -0.999953 0.009549 60.000000 0.009549 0.004267 0.512065 0.256142 0.812944 60.000000 0.812944 0.000285 0.034191 0.966639 0.126977 60.000000 0.126977
 0.800000 -0.999998 0.001902 0.948093 0.317994 -1.568894 1.247184 0.001902 -0.999998 0.317994 0.948093 0.005427 0.868381 -0.009747 0.745441 80.000000 0.745441 0.000000 0.000013 -0.999953 0.009931 80.000000 0.009931 0.153024 24.483797 0.256142 0.870390 80.000000 0.870390 0.013759 2.201368 0.966639 0.131254 80.000000 0.131254
 1.000000 -0.997908 -0.064646 0.983715 0.179737 -1.635487 1.390077 -0.064646 -0.997908 0.179737 0.983715 0.150695 30.139069 -0.009747 0.830208 100.000000 0.830208 0.000209 0.041788 -0.999953 0.010215 100.000000 0.010215 0.291889 58.377783 0.256142 0.906284 100.000000 0.906284 0.014579 2.915772 0.966639 0.133898 100.000000 0.133898
 1.200000 -0.998639 0.052161 0.985238 0.171190 -1.518612 1.398759 0.052161 -0.998639 0.171190 0.985238 0.229952 55.188547 -0.009747 0.926072 120.000000 0.926072 0.000104 0.024856 -0.999953 0.010632 120.000000 0.010632 0.433013 103.923142 0.256142 0.991996 120.000000 0.991996 0.020755 4.981260 0.966639 0.141236 120.000000 0.141236
 1.400000 -0.999100 0.042415 0.979964 0.199175 -1.528369 1.370280 0.042415 -0.999100 0.199175 0.979964 0.190458 53.328269 -0.009747 0.960907 140.000000 0.960907 0.000051 0.014242 -0.999953 0.010712 140.000000 0.010712 0.227170 63.607668 0.256142 1.092918 140.000000 1.092918 0.012429 3.480030 0.966639 0.149508 140.000000 0.149508
 1.600000 -0.999952 0.009799 0.961483 0.274866 -1.560997 1.292347 0.009799 -0.999952 0.274866 0.961483 0.030562 9.779977 -0.009747 1.006971 160.000000 1.006971 0.000000 0.000000 -0.999953 0.010844 160.000000 0.010844 0.028044 8.974219 0.256142 1.162367 160.000000 1.162367 0.002127 0.680659 0.966639 0.156235 160.000000 0.156235
 1.800000 -0.999845 -0.017625 0.970413 0.241453 -1.588422 1.326934 -0.017625 -0.999845 0.241453 0.970413 0.005586 2.010870 -0.009747 1.052368 180.000000 1.052368 0.000001 0.000377 -0.999953 0.010933 180.000000 0.010933 0.019421 6.991447 0.256142 1.193858 180.000000 1.193858 0.001282 0.461357 0.966639 0.158887 180.000000 0.158887
 2.000000 -0.986780 0.162067 0.941411 0.337263 -1.408011 1.226789 0.162067 -0.986780 0.337263 0.941411 2.951990 1180.796033 -0.009747 1.082555 200.000000 1.082555 0.017352 6.940857 -0.999953 0.011018 200.000000 0.011018 0.658048 263.219125 0.256142 1.220872 200.000000 1.220872 0.063647 25.458942 0.966639 0.161486 200.000000 0.161486
 2.200000 -0.999788 -0.020572 0.958846 0.283925 -1.591369 1.282911 -0.020572 -0.999788 0.283925 0.958846 0.661699 264.679560 -0.101916 1.458284 200.000000 1.458284 0.112409 44.963467 -0.966261 0.094462 200.000000 0.094462 1.484560 593.824084 0.162083 1.373894 200.000000 1.373894 0.016518 6.607125 0.945994 0.233341 200.000000 0.233341
 2.400000 -0.989621 -0.143700 0.982178 0.187955 -1.714995 1.381716 -0.143700 -0.989621 0.187955 0.982178 0.253884 101.553487 -0.194086 1.951631 200.000000 1.951631 0.325492 130.196765 -0.932569 0.374300 200.000000 0.374300 1.438373 575.349080 0.068023 1.574732 200.000000 1.574732 0.322944 129.177598 0.925349 0.454704 200.000000 0.454704
 2.600000 -0.917468 -0.397810 0.989039 0.147652 -1.979925 1.422603 -0.397810 -0.917468 0.147652 0.989039 1.244424 497.769623 -0.286256 1.962773 200.000000 1.962773 0.034558 13.823238 -0.898878 0.723888 200.000000 0.723888 3.016765 1206.706160 -0.026036 1.614017 200.000000 1.614017 0.711236 284.494307 0.904705 0.792736 200.000000 0.792736
 2.800000 -0.917417 -0.397926 0.998473 -0.055238 -1.980052 1.626063 -0.397926 -0.917417 -0.055238 0.998473 0.038025 15.209934 -0.378426 1.728251 200.000000 1.728251 0.272807 109.122888 -0.865186 1.092939 200.000000 1.092939 0.420656 168.262490 -0.120096 1.240458 200.000000 1.240458 1.309044 523.617422 0.884060 1.197370 200.000000 1.197370
 3.000000 -0.869145 -0.494557 0.984273 -0.176654 -2.088121 1.748382 -0.494557 -0.869145 -0.176654 0.984273 0.057411 22.964246 -0.470596 1.604251 200.000000 1.604251 0.141755 56.702043 -0.831495 1.440954 200.000000 1.440954 0.140640 56.256008 -0.214156 0.590805 200.000000 0.590805 1.460668 584.267392 0.863415 1.615688 200.000000 1.615688
 3.200000 -0.833074 -0.553161 0.919473 -0.393153 -2.156950 1.974854 -0.553161 -0.833074 -0.393153 0.919473 0.009226 3.690451 -0.562766 1.386240 200.000000 1.386240 0.124404 49.761646 -0.797803 1.656770 200.000000 1.656770 0.721438 288.575154 -0.308215 -0.064404 200.000000 -0.064404 0.588335 235.334106 0.842770 2.022531 200.000000 2.022531
 3.400000 -0.751805 -0.659386 0.902019 -0.431696 -2.290798 2.017169 -0.659386 -0.751805 -0.431696 0.902019 0.048232 19.292732 -0.637424 1.257017 200.000000 1.257017 0.035001 14.000239 -0.770513 1.698109 200.000000 1.698109 0.086560 34.624033 -0.402275 -1.177317 200.000000 -1.177317 0.638303 255.321023 0.822125 2.329957 200.000000 2.329957
 3.600000 -0.813563 -0.581477 0.776486 -0.630134 -2.191340 2.252522 -0.581477 -0.813563 -0.630134 0.776486 0.313002 125.200832 -0.637424 1.257017 200.000000 1.257017 0.185324 74.129734 -0.770513 1.698109 200.000000 1.698109 1.790231 716.092421 -0.496335 -2.047725 200.000000 -2.047725 0.062471 24.988268 0.801480 2.549552 200.000000 2.549552
 3.800000 -0.779126 -0.626867 0.727784 -0.685806 -2.248322 2.326507 -0.626867 -0.779126 -0.685806 0.727784 0.011144 4.457656 -0.637424 1.257017 200.000000 1.257017 0.007418 2.967152 -0.770513 1.698109 200.000000 1.698109 0.910349 364.139709 -0.590394 -2.609302 200.000000 -2.609302 0.281448 112.579055 0.780836 2.652264 200.000000 2.652264
 4.000000 -0.753898 -0.656992 0.767195 -0.641414 -2.287618 2.267137 -0.656992 -0.753898 -0.641414 0.767195 0.038290 15.315983 -0.637424 1.257017 200.000000 1.257017 0.027608 11.043033 -0.770513 1.698109 200.000000 1.698109 0.001592 0.636890 -0.637424 -2.790569 200.000000 -2.790569 0.001101 0.440502 0.770513 2.647018 200.000000 2.647018
 4.200000 -0.743885 -0.668308 0.776356 -0.630294 -2.302728 2.252728 -0.668308 -0.743885 -0.630294 0.776356 0.095380 38.151968 -0.637424 1.257017 200.000000 1.257017 0.070906 28.362505 -0.770513 1.698109 200.000000 1.698109 0.005084 2.033404 -0.637424 -2.790569 200.000000 -2.790569 0.003414 1.365720 0.770513 2.647018 200.000000 2.647018
 4.400000 -0.740914 -0.671600 0.755182 -0.655515 -2.307162 2.285661 -0.671600 -0.740914 -0.655515 0.755182 0.116799 46.719581 -0.637424 1.257017 200.000000 1.257017 0.087611 35.044473 -0.770513 1.698109 200.000000 1.698109 0.032728 13.091381 -0.637424 -2.790569 200.000000 -2.790569 0.023504 9.401689 0.770513 2.647018 200.000000 2.647018
 4.600000 -0.767802 -0.640687 0.755263 -0.655422 -2.266189 2.285538 -0.640687 -0.767802 -0.655422 0.755263 0.001065 0.425953 -0.637424 1.257017 200.000000 1.257017 0.000735 0.294041 -0.770513 1.698109 200.000000 1.698109 0.032394 12.957473 -0.637424 -2.790569 200.000000 -2.790569 0.023258 9.303204 0.770513 2.647018 200.000000 2.647018
 4.800000 -0.791149 -0.611624 0.791949 -0.610587 -2.228908 2.227598 -0.611624 -0.791149 -0.610587 0.791949 0.066565 26.625877 -0.637424 1.257017 200.000000 1.257017 0.042582 17.032877 -0.770513 1.698109 200.000000 1.698109 0.072023 28.809230 -0.637424 -2.790569 200.000000 -2.790569 0.045950 18.380154 0.770513 2.647018 200.000000 2.647018
 5.000000 -0.819229 -0.573467 0.810934 -0.585138 -2.181528 2.195846 -0.573467 -0.819229 -0.585138 0.810934 0.409048 163.619021 -0.637424 1.257017 200.000000 1.257017 0.237318 94.927233 -0.770513 1.698109 200.000000 1.698109 0.273384 109.353499 -0.637424 -2.790569 200.000000 -2.790569 0.163382 65.352929 0.770513 2.647018 200.000000 2.647018
 5.200000 -0.780652 -0.624966 0.767907 -0.640561 -2.245884 2.266025 -0.624966 -0.780652 -0.640561 0.767907 0.015520 6.207952 -0.637424 1.257017 200.000000 1.257017 0.010279 4.111681 -0.770513 1.698109 200.000000 1.698109 0.000984 0.393645 -0.637424 -2.790569 200.000000 -2.790569 0.000679 0.271648 0.770513 2.647018 200.000000 2.647018
 5.400000 -0.753311 -0.657664 0.800643 -0.599142 -2.288510 2.213225 -0.657664 -0.753311 -0.599142 0.800643 0.040965 16.386152 -0.637424 1.257017 200.000000 1.257017 0.029590 11.836013 -0.770513 1.698109 200.000000 1.698109 0.146550 58.620188 -0.637424 -2.790569 200.000000 -2.790569 0.090779 36.311422 0.770513 2.647018 200.000000 2.647018
 5.600000 -0.718974 -0.695037 0.775868 -0.630896 -2.339268 2.253503 -0.695037 -0.718974 -0.630896 0.775868 0.331925 132.769984 -0.637424 1.257017 200.000000 1.257017 0.265629 106.251545 -0.770513 1.698109 200.000000 1.698109 0.004262 1.704797 -0.637424 -2.790569 200.000000 -2.790569 0.002867 1.146825 0.770513 2.647018 200.000000 2.647018
 5.800000 -0.805792 -0.592199 0.729701 -0.683766 -2.204581 2.323708 -0.592199 -0.805792 -0.683766 0.729701 0.204533 81.813217 -0.637424 1.257017 200.000000 1.257017 0.124459 49.783628 -0.770513 1.698109 200.000000 1.698109 0.214761 85.904581 -0.637424 -2.790569 200.000000 -2.790569 0.166564 66.625507 0.770513 2.647018 200.000000 2.647018
 6.000000 -0.809747 -0.586779 0.735971 -0.677013 -2.197871 2.314492 -0.586779 -0.809747 -0.677013 0.735971 0.256496 102.598330 -0.637424 1.257017 200.000000 1.257017 0.153932 61.572870 -0.770513 1.698109 200.000000 1.698109 0.156726 62.690336 -0.637424 -2.790569 200.000000 -2.790569 0.119314 47.725496 0.770513 2.647018 200.000000 2.647018
 6.200000 -0.750344 -0.661048 0.707491 -0.706722 -2.293011 2.355651 -0.661048 -0.750344 -0.706722 0.707491 0.055809 22.323410 -0.637424 1.257017 200.000000 1.257017 0.040681 16.272295 -0.770513 1.698109 200.000000 1.698109 0.480226 192.090250 -0.637424 -2.790569 200.000000 -2.790569 0.397180 158.871870 0.770513 2.647018 200.000000 2.647018
 6.400000 -0.738227 -0.674552 0.684503 -0.729010 -2.311154 2.387671 -0.674552 -0.738227 -0.729010 0.684503 0.137850 55.140105 -0.637424 1.257017 200.000000 1.257017 0.104239 41.695620 -0.770513 1.698109 200.000000 1.698109 0.838798 335.519102 -0.637424 -2.790569 200.000000 -2.790569 0.739773 295.909370 0.770513 2.647018 200.000000 2.647018
 6.600000 -0.767032 -0.641609 0.729231 -0.684268 -2.267390 2.324396 -0.641609 -0.767032 -0.684268 0.729231 0.001751 0.700431 -0.637424 1.257017 200.000000 1.257017 0.001212 0.484700 -0.770513 1.698109 200.000000 1.698109 0.219435 87.774049 -0.637424 -2.790569 200.000000 -2.790569 0.170425 68.169848 0.770513 2.647018 200.000000 2.647018
 6.800000 -0.768272 -0.640123 0.810188 -0.586170 -2.265455 2.197120 -0.640123 -0.768272 -0.586170 0.810188 0.000729 0.291465 -0.637424 1.257017 200.000000 1.257017 0.000502 0.200902 -0.770513 1.698109 200.000000 1.698109 0.262694 105.077566 -0.637424 -2.790569 200.000000 -2.790569 0.157407 62.962997 0.770513 2.647018 200.000000 2.647018
 7.000000 -0.805332 -0.592825 0.772210 -0.635368 -2.205358 2.259281 -0.592825 -0.805332 -0.635368 0.772210 0.198911 79.564552 -0.637424 1.257017 200.000000 1.257017 0.121232 48.492923 -0.770513 1.698109 200.000000 1.698109 0.000423 0.169119 -0.637424 -2.790569 200.000000 -2.790569 0.000288 0.115115 0.770513 2.647018 200.000000 2.647018
 7.200000 -0.743739 -0.668470 0.783547 -0.621332 -2.302946 2.241238 -0.668470 -0.743739 -0.621332 0.783547 0.096387 38.554897 -0.637424 1.257017 200.000000 1.257017 0.071687 28.674722 -0.770513 1.698109 200.000000 1.698109 0.025895 10.357874 -0.637424 -2.790569 200.000000 -2.790569 0.016989 6.795446 0.770513 2.647018 200.000000 2.647018
 7.400000 -0.713434 -0.700722 0.825978 -0.563703 -2.347206 2.169658 -0.700722 -0.713434 -0.563703 0.825978 0.400670 160.267826 -0.637424 1.257017 200.000000 1.257017 0.325804 130.321697 -0.770513 1.698109 200.000000 1.698109 0.543484 217.393545 -0.637424 -2.790569 200.000000 -2.790569 0.307632 123.052730 0.770513 2.647018 200.000000 2.647018
 7.600000 -0.791303 -0.611424 0.812273 -0.583277 -2.228656 2.193554 -0.611424 -0.791303 -0.583277 0.812273 0.067598 27.039371 -0.637424 1.257017 200.000000 1.257017 0.043221 17.288452 -0.770513 1.698109 200.000000 1.698109 0.293188 117.275256 -0.637424 -2.790569 200.000000 -2.790569 0.174390 69.755817 0.770513 2.647018 200.000000 2.647018
 7.800000 -0.785503 -0.618858 0.721763 -0.692140 -2.238085 2.335246 -0.618858 -0.785503 -0.692140 0.721763 0.034468 13.787374 -0.637424 1.257017 200.000000 1.257017 0.022468 8.987274 -0.770513 1.698109 200.000000 1.698109 0.299385 119.754105 -0.637424 -2.790569 200.000000 -2.790569 0.237657 95.062758 0.770513 2.647018 200.000000 2.647018
 8.000000 -0.760616 -0.649202 0.713226 -0.700935 -2.277331 2.347503 -0.649202 -0.760616 -0.700935 0.713226 0.013872 5.548763 -0.637424 1.257017 200.000000 1.257017 0.009795 3.918113 -0.770513 1.698109 200.000000 1.698109 0.403360 161.343829 -0.637424 -2.790569 200.000000 -2.790569 0.328188 131.275118 0.770513 2.647018 200.000000 2.647018
 8.200000 -0.751984 -0.659182 0.776957 -0.629554 -2.290526 2.251775 -0.659182 -0.751984 -0.629554 0.776957 0.047340 18.935847 -0.637424 1.257017 200.000000 1.257017 0.034334 13.733704 -0.770513 1.698109 200.000000 1.698109 0.006194 2.477604 -0.637424 -2.790569 200.000000 -2.790569 0.004152 1.660830 0.770513 2.647018 200.000000 2.647018
 8.400000 -0.793358 -0.608755 0.751776 -0.659419 -2.225287 2.290842 -0.608755 -0.793358 -0.659419 0.751776 0.082191 32.876566 -0.637424 1.257017 200.000000 1.257017 0.052190 20.875895 -0.770513 1.698109 200.000000 1.698109 0.048378 19.351090 -0.637424 -2.790569 200.000000 -2.790569 0.035110 14.043844 0.770513 2.647018 200.000000 2.647018
 8.600000 -0.800909 -0.598786 0.729991 -0.683457 -2.212781 2.323284 -0.598786 -0.800909 -0.683457 0.729991 0.149291 59.716490 -0.637424 1.257017 200.000000 1.257017 0.092392 36.956658 -0.770513 1.698109 200.000000 1.698109 0.211905 84.762144 -0.637424 -2.790569 200.000000 -2.790569 0.164208 65.683334 0.770513 2.647018 200.000000 2.647018
 8.800000 -0.799450 -0.600733 0.770503 -0.637437 -2.215213 2.261963 -0.600733 -0.799450 -0.637437 0.770503 0.134626 53.850515 -0.637424 1.257017 200.000000 1.257017 0.083734 33.493610 -0.770513 1.698109 200.000000 1.698109 0.000000 0.000006 -0.637424 -2.790569 200.000000 -2.790569 0.000000 0.000004 0.770513 2.647018 200.000000 2.647018
 9.000000 -0.743288 -0.668971 0.732945 -0.680288 -2.303620 2.318951 -0.668971 -0.743288 -0.680288 0.732945 0.099524 39.809506 -0.637424 1.257017 200.000000 1.257017 0.074120 29.648194 -0.770513 1.698109 200.000000 1.698109 0.183729 73.491583 -0.637424 -2.790569 200.000000 -2.790569 0.141135 56.454093 0.770513 2.647018 200.000000 2.647018
 9.200000 -0.690961 -0.722892 0.695973 -0.718068 -2.378776 2.371818 -0.722892 -0.690961 -0.718068 0.695973 0.730486 292.194549 -0.637424 1.257017 200.000000 1.257017 0.632863 253.145361 -0.770513 1.698109 200.000000 1.698109 0.650343 260.137202 -0.637424 -2.790569 200.000000 -2.790569 0.555623 222.249205 0.770513 2.647018 200.000000 2.647018
 9.400000 -0.766331 -0.642445 0.785651 -0.618670 -2.268481 2.237845 -0.642445 -0.766331 -0.618670 0.785651 0.002521 1.008599 -0.637424 1.257017 200.000000 1.257017 0.001749 0.699503 -0.770513 1.698109 200.000000 1.698109 0.035172 14.068830 -0.637424 -2.790569 200.000000 -2.790569 0.022916 9.166239 0.770513 2.647018 200.000000 2.647018
 9.600000 -0.777851 -0.628448 0.849767 -0.527159 -2.250353 2.126050 -0.628448 -0.777851 -0.527159 0.849767 0.008056 3.222473 -0.637424 1.257017 200.000000 1.257017 0.005385 2.153886 -0.770513 1.698109 200.000000 1.698109 1.215839 486.335586 -0.637424 -2.790569 200.000000 -2.790569 0.628111 251.244599 0.770513 2.647018 200.000000 2.647018
 9.800000 -0.802742 -0.596327 0.774641 -0.632401 -2.209714 2.255445 -0.596327 -0.802742 -0.632401 0.774641 0.168896 67.558553 -0.637424 1.257017 200.000000 1.257017 0.103867 41.546762 -0.770513 1.698109 200.000000 1.698109 0.002523 1.009314 -0.637424 -2.790569 200.000000 -2.790569 0.001704 0.681663 0.770513 2.647018 200.000000 2.647018
 10.000000 -0.810206 -0.586145 0.784153 -0.620568 -2.197088 2.240263 -0.586145 -0.810206 -0.620568 0.784153 0.262958 105.183093 -0.637424 1.257017 200.000000 1.257017 0.157555 63.022094 -0.770513 1.698109 200.000000 1.698109 0.028412 11.364975 -0.637424 -2.790569 200.000000 -2.790569 0.018603 7.441322 0.770513 2.647018 200.000000 2.647018
 10.200000 -0.766122 -0.642695 0.827879 -0.560907 -2.268807 2.166277 -0.642695 -0.766122 -0.560907 0.827879 0.002778 1.111373 -0.637424 1.257017 200.000000 1.257017 0.001928 0.771292 -0.770513 1.698109 200.000000 1.698109 0.585491 234.196405 -0.637424 -2.790569 200.000000 -2.790569 0.329084 131.633596 0.770513 2.647018 200.000000 2.647018
 10.400000 -0.709668 -0.704537 0.778423 -0.627741 -2.352566 2.249444 -0.704537 -0.709668 -0.627741 0.778423 0.450409 180.163793 -0.637424 1.257017 200.000000 1.257017 0.370218 148.087152 -0.770513 1.698109 200.000000 1.698109 0.009377 3.750717 -0.637424 -2.790569 200.000000 -2.790569 0.006256 2.502313 0.770513 2.647018 200.000000 2.647018
 10.600000 -0.704190 -0.710012 0.734879 -0.678199 -2.360311 2.316105 -0.710012 -0.704190 -0.678199 0.734879 0.526898 210.759375 -0.637424 1.257017 200.000000 1.257017 0.439880 175.951863 -0.770513 1.698109 200.000000 1.698109 0.166258 66.503196 -0.637424 -2.790569 200.000000 -2.790569 0.126983 50.793270 0.770513 2.647018 200.000000 2.647018
 10.800000 -0.783233 -0.621728 0.770243 -0.637751 -2.241744 2.262371 -0.621728 -0.783233 -0.637751 0.770243 0.024636 9.854376 -0.637424 1.257017 200.000000 1.257017 0.016180 6.471803 -0.770513 1.698109 200.000000 1.698109 0.000011 0.004280 -0.637424 -2.790569 200.000000 -2.790569 0.000007 0.002932 0.770513 2.647018 200.000000 2.647018
 11.000000 -0.812244 -0.583318 0.756215 -0.654323 -2.193603 2.284084 -0.583318 -0.812244 -0.654323 0.756215 0.292751 117.100250 -0.637424 1.257017 200.000000 1.257017 0.174147 69.658890 -0.770513 1.698109 200.000000 1.698109 0.028558 11.423385 -0.637424 -2.790569 200.000000 -2.790569 0.020444 8.177610 0.770513 2.647018 200.000000 2.647018
 11.200000 -0.840455 -0.541882 0.694512 -0.719481 -2.143471 2.373851 -0.541882 -0.840455 -0.719481 0.694512 0.912836 365.134212 -0.637424 1.257017 200.000000 1.257017 0.489183 195.673193 -0.770513 1.698109 200.000000 1.698109 0.673339 269.335602 -0.637424 -2.790569 200.000000 -2.790569 0.577621 231.048226 0.770513 2.647018 200.000000 2.647018
 11.400000 -0.775082 -0.631861 0.743266 -0.668996 -2.254748 2.303653 -0.631861 -0.775082 -0.668996 0.743266 0.003095 1.237820 -0.637424 1.257017 200.000000 1.257017 0.002087 0.834804 -0.770513 1.698109 200.000000 1.698109 0.099679 39.871668 -0.637424 -2.790569 200.000000 -2.790569 0.074241 29.696478 0.770513 2.647018 200.000000 2.647018
 11.600000 -0.737105 -0.675778 0.817502 -0.575925 -2.312816 2.184532 -0.675778 -0.737105 -0.575925 0.817502 0.147101 58.840574 -0.637424 1.257017 200.000000 1.257017 0.111608 44.643356 -0.770513 1.698109 200.000000 1.698109 0.378207 151.282786 -0.637424 -2.790569 200.000000 -2.790569 0.220796 88.318535 0.770513 2.647018 200.000000 2.647018
 11.800000 -0.724932 -0.688821 0.735899 -0.677091 -2.330657 2.314599 -0.688821 -0.724932 -0.677091 0.735899 0.264162 105.664789 -0.637424 1.257017 200.000000 1.257017 0.207767 83.106826 -0.770513 1.698109 200.000000 1.698109 0.157351 62.940308 -0.637424 -2.790569 200.000000 -2.790569 0.119815 47.926161 0.770513 2.647018 200.000000 2.647018
 12.000000 -0.755644 -0.654982 0.769578 -0.638553 -2.284955 2.263412 -0.654982 -0.755644 -0.638553 0.769578 0.030829 12.331484 -0.637424 1.257017 200.000000 1.257017 0.022108 8.843303 -0.770513 1.698109 200.000000 1.698109 0.000127 0.050959 -0.637424 -2.790569 200.000000 -2.790569 0.000087 0.034979 0.770513 2.647018 200.000000 2.647018
 12.200000 -0.775506 -0.631341 0.772181 -0.635402 -2.254077 2.259325 -0.631341 -0.775506 -0.635402 0.772181 0.003701 1.480325 -0.637424 1.257017 200.000000 1.257017 0.002492 0.996987 -0.770513 1.698109 200.000000 1.698109 0.000409 0.163529 -0.637424 -2.790569 200.000000 -2.790569 0.000278 0.111320 0.770513 2.647018 200.000000 2.647018
 12.400000 -0.817513 -0.575911 0.727003 -0.686634 -2.184514 2.327645 -0.575911 -0.817513 -0.686634 0.727003 0.378390 151.356171 -0.637424 1.257017 200.000000 1.257017 0.220895 88.358035 -0.770513 1.698109 200.000000 1.698109 0.242164 96.865537 -0.637424 -2.790569 200.000000 -2.790569 0.189313 75.725165 0.770513 2.647018 200.000000 2.647018
 12.600000 -0.790789 -0.612089 0.762533 -0.646949 -2.229495 2.274373 -0.612089 -0.790789 -0.646949 0.762533 0.064188 25.675199 -0.637424 1.257017 200.000000 1.257017 0.041111 16.444515 -0.770513 1.698109 200.000000 1.698109 0.009073 3.629371 -0.637424 -2.790569 200.000000 -2.790569 0.006369 2.547438 0.770513 2.647018 200.000000 2.647018
 12.800000 -0.749232 -0.662307 0.741578 -0.670867 -2.294691 2.306173 -0.662307 -0.749232 -0.670867 0.741578 0.061918 24.767288 -0.637424 1.257017 200.000000 1.257017 0.045288 18.115233 -0.770513 1.698109 200.000000 1.698109 0.111842 44.736831 -0.637424 -2.790569 200.000000 -2.790569 0.083726 33.490208 0.770513 2.647018 200.000000 2.647018
 13.000000 -0.748372 -0.663279 0.744282 -0.667865 -2.295988 2.302133 -0.663279 -0.748372 -0.667865 0.744282 0.066849 26.739756 -0.637424 1.257017 200.000000 1.257017 0.049023 19.609384 -0.770513 1.698109 200.000000 1.698109 0.092667 37.066685 -0.637424 -2.790569 200.000000 -2.790569 0.068806 27.522585 0.770513 2.647018 200.000000 2.647018
 13.200000 -0.775288 -0.631608 0.772126 -0.635469 -2.254422 2.259413 -0.631608 -0.775288 -0.635469 0.772126 0.003382 1.352907 -0.637424 1.257017 200.000000 1.257017 0.002280 0.911813 -0.770513 1.698109 200.000000 1.698109 0.000382 0.152825 -0.637424 -2.790569 200.000000 -2.790569 0.000260 0.104052 0.770513 2.647018 200.000000 2.647018
 13.400000 -0.760277 -0.649599 0.806499 -0.591235 -2.277854 2.203386 -0.649599 -0.760277 -0.591235 0.806499 0.014824 5.929677 -0.637424 1.257017 200.000000 1.257017 0.010479 4.191532 -0.770513 1.698109 200.000000 1.698109 0.213338 85.335360 -0.637424 -2.790569 200.000000 -2.790569 0.129498 51.799063 0.770513 2.647018 200.000000 2.647018
 13.600000 -0.777531 -0.628845 0.745245 -0.666790 -2.250863 2.300690 -0.628845 -0.777531 -0.666790 0.745245 0.007360 2.943905 -0.637424 1.257017 200.000000 1.257017 0.004924 1.969742 -0.770513 1.698109 200.000000 1.698109 0.086237 34.494951 -0.637424 -2.790569 200.000000 -2.790569 0.063846 25.538372 0.770513 2.647018 200.000000 2.647018
 13.800000 -0.803121 -0.595816 0.718604 -0.695420 -2.209078 2.339800 -0.595816 -0.803121 -0.695420 0.718604 0.173123 69.249288 -0.637424 1.257017 200.000000 1.257017 0.106327 42.530729 -0.770513 1.698109 200.000000 1.698109 0.336352 134.540649 -0.637424 -2.790569 200.000000 -2.790569 0.269460 107.784032 0.770513 2.647018 200.000000 2.647018
 14.000000 -0.786701 -0.617334 0.781704 -0.623650 -2.236146 2.244199 -0.617334 -0.786701 -0.623650 0.781704 0.040361 16.144478 -0.637424 1.257017 200.000000 1.257017 0.026205 10.482069 -0.770513 1.698109 200.000000 1.698109 0.018973 7.589396 -0.637424 -2.790569 200.000000 -2.790569 0.012523 5.009369 0.770513 2.647018 200.000000 2.647018
 14.200000 -0.736196 -0.676768 0.811035 -0.584998 -2.314160 2.195674 -0.676768 -0.736196 -0.584998 0.811035 0.154796 61.918332 -0.637424 1.257017 200.000000 1.257017 0.117765 47.106179 -0.770513 1.698109 200.000000 1.698109 0.274848 109.939338 -0.637424 -2.790569 200.000000 -2.790569 0.164199 65.679629 0.770513 2.647018 200.000000 2.647018
 14.400000 -0.716804 -0.697275 0.742825 -0.669486 -2.342385 2.304313 -0.697275 -0.716804 -0.669486 0.742825 0.358216 143.286302 -0.637424 1.257017 200.000000 1.257017 0.288473 115.389003 -0.770513 1.698109 200.000000 1.698109 0.102795 41.118140 -0.637424 -2.790569 200.000000 -2.790569 0.076664 30.665683 0.770513 2.647018 200.000000 2.647018
 14.600000 -0.743969 -0.668214 0.760038 -0.649879 -2.302602 2.278221 -0.668214 -0.743969 -0.649879 0.760038 0.094803 37.921084 -0.637424 1.257017 200.000000 1.257017 0.070459 28.183693 -0.770513 1.698109 200.000000 1.698109 0.015512 6.204779 -0.637424 -2.790569 200.000000 -2.790569 0.010973 4.389267 0.770513 2.647018 200.000000 2.647018
 14.800000 -0.772904 -0.634523 0.766537 -0.642200 -2.258187 2.268162 -0.634523 -0.772904 -0.642200 0.766537 0.000842 0.336693 -0.637424 1.257017 200.000000 1.257017 0.000572 0.228668 -0.770513 1.698109 200.000000 1.698109 0.002281 0.912580 -0.637424 -2.790569 200.000000 -2.790569 0.001581 0.632499 0.770513 2.647018 200.000000 2.647018
 15.000000 -0.770922 -0.636929 0.740984 -0.671523 -2.261305 2.307058 -0.636929 -0.770922 -0.671523 0.740984 0.000024 0.009782 -0.637424 1.257017 200.000000 1.257017 0.000017 0.006686 -0.770513 1.698109 200.000000 1.698109 0.116272 46.508640 -0.637424 -2.790569 200.000000 -2.790569 0.087197 34.878897 0.770513 2.647018 200.000000 2.647018
 15.200000 -0.744763 -0.667329 0.729341 -0.684150 -2.301413 2.324234 -0.667329 -0.744763 -0.684150 0.729341 0.089431 35.772466 -0.637424 1.257017 200.000000 1.257017 0.066307 26.522952 -0.770513 1.698109 200.000000 1.698109 0.218334 87.333705 -0.637424 -2.790569 200.000000 -2.790569 0.169514 67.805799 0.770513 2.647018 200.000000 2.647018
 15.400000 -0.756445 -0.654058 0.736878 -0.676025 -2.283733 2.313152 -0.654058 -0.756445 -0.676025 0.736878 0.027668 11.067355 -0.637424 1.257017 200.000000 1.257017 0.019793 7.917104 -0.770513 1.698109 200.000000 1.698109 0.149008 59.603044 -0.637424 -2.790569 200.000000 -2.790569 0.113131 45.252552 0.770513 2.647018 200.000000 2.647018
 15.600000 -0.805566 -0.592507 0.800456 -0.599392 -2.204963 2.213538 -0.592507 -0.805566 -0.599392 0.800456 0.201756 80.702556 -0.637424 1.257017 200.000000 1.257017 0.122866 49.146514 -0.770513 1.698109 200.000000 1.698109 0.144644 57.857445 -0.637424 -2.790569 200.000000 -2.790569 0.089655 35.861976 0.770513 2.647018 200.000000 2.647018
 15.800000 -0.789980 -0.613133 0.761095 -0.648640 -2.230817 2.276593 -0.613133 -0.789980 -0.648640 0.761095 0.059004 23.601676 -0.637424 1.257017 200.000000 1.257017 0.037894 15.157460 -0.770513 1.698109 200.000000 1.698109 0.012580 5.032189 -0.637424 -2.790569 200.000000 -2.790569 0.008870 3.548026 0.770513 2.647018 200.000000 2.647018
 16.000000 -0.686978 -0.726678 0.791182 -0.611581 -2.384270 2.228854 -0.726678 -0.686978 -0.611581 0.791182 0.796631 318.652565 -0.637424 1.257017 200.000000 1.257017 0.697813 279.125372 -0.770513 1.698109 200.000000 1.698109 0.066785 26.714126 -0.637424 -2.790569 200.000000 -2.790569 0.042719 17.087440 0.770513 2.647018 200.000000 2.647018
 16.200000 -0.738018 -0.674780 0.752825 -0.658221 -2.311464 2.289249 -0.674780 -0.738018 -0.658221 0.752825 0.139551 55.820306 -0.637424 1.257017 200.000000 1.257017 0.105591 42.236346 -0.770513 1.698109 200.000000 1.698109 0.043250 17.300168 -0.637424 -2.790569 200.000000 -2.790569 0.031287 12.514961 0.770513 2.647018 200.000000 2.647018
 16.400000 -0.794897 -0.606745 0.733380 -0.679819 -2.222756 2.318312 -0.606745 -0.794897 -0.679819 0.733380 0.094120 37.648074 -0.637424 1.257017 200.000000 1.257017 0.059455 23.781837 -0.770513 1.698109 200.000000 1.698109 0.179733 71.893085 -0.637424 -2.790569 200.000000 -2.790569 0.137887 55.154988 0.770513 2.647018 200.000000 2.647018
 16.600000 -0.811324 -0.584597 0.743370 -0.668881 -2.195180 2.303499 -0.584597 -0.811324 -0.668881 0.743370 0.279065 111.626036 -0.637424 1.257017 200.000000 1.257017 0.166548 66.619253 -0.770513 1.698109 200.000000 1.698109 0.098954 39.581655 -0.637424 -2.790569 200.000000 -2.790569 0.073678 29.471253 0.770513 2.647018 200.000000 2.647018
 16.800000 -0.775389 -0.631484 0.793417 -0.608678 -2.254263 2.225190 -0.631484 -0.775389 -0.608678 0.793417 0.003528 1.411121 -0.637424 1.257017 200.000000 1.257017 0.002377 0.950738 -0.770513 1.698109 200.000000 1.698109 0.082631 33.052547 -0.637424 -2.790569 200.000000 -2.790569 0.052459 20.983480 0.770513 2.647018 200.000000 2.647018
 17.000000 -0.721195 -0.692732 0.790824 -0.612044 -2.336067 2.229439 -0.692732 -0.721195 -0.612044 0.790824 0.305900 122.359909 -0.637424 1.257017 200.000000 1.257017 0.243230 97.291902 -0.770513 1.698109 200.000000 1.698109 0.064413 25.765295 -0.637424 -2.790569 200.000000 -2.790569 0.041251 16.500320 0.770513 2.647018 200.000000 2.647018
 17.200000 -0.787092 -0.616836 0.727393 -0.686221 -2.235512 2.327078 -0.616836 -0.787092 -0.686221 0.727393 0.042388 16.955205 -0.637424 1.257017 200.000000 1.257017 0.027485 10.994188 -0.770513 1.698109 200.000000 1.698109 0.238117 95.246619 -0.637424 -2.790569 200.000000 -2.790569 0.185936 74.374403 0.770513 2.647018 200.000000 2.647018
 17.400000 -0.786104 -0.618095 0.777468 -0.628922 -2.237113 2.250962 -0.618095 -0.786104 -0.628922 0.777468 0.037363 14.945152 -0.637424 1.257017 200.000000 1.257017 0.024307 9.722613 -0.770513 1.698109 200.000000 1.698109 0.007228 2.891344 -0.637424 -2.790569 200.000000 -2.790569 0.004837 1.934964 0.770513 2.647018 200.000000 2.647018
 17.600000 -0.767082 -0.641549 0.743965 -0.668219 -2.267312 2.302608 -0.641549 -0.767082 -0.668219 0.743965 0.001702 0.680618 -0.637424 1.257017 200.000000 1.257017 0.001177 0.470915 -0.770513 1.698109 200.000000 1.698109 0.094831 37.932389 -0.637424 -2.790569 200.000000 -2.790569 0.070481 28.192447 0.770513 2.647018 200.000000 2.647018
 17.800000 -0.781528 -0.623870 0.682249 -0.731120 -2.244481 2.390758 -0.623870 -0.781528 -0.731120 0.682249 0.018372 7.348801 -0.637424 1.257017 200.000000 1.257017 0.012133 4.853356 -0.770513 1.698109 200.000000 1.698109 0.877887 351.154912 -0.637424 -2.790569 200.000000 -2.790569 0.779053 311.621043 0.770513 2.647018 200.000000 2.647018
 18.000000 -0.702537 -0.711647 0.754205 -0.656639 -2.362636 2.287150 -0.711647 -0.702537 -0.656639 0.754205 0.550907 220.362778 -0.637424 1.257017 200.000000 1.257017 0.462075 184.830107 -0.770513 1.698109 200.000000 1.698109 0.036922 14.768720 -0.637424 -2.790569 200.000000 -2.790569 0.026596 10.638356 0.770513 2.647018 200.000000 2.647018
 18.200000 -0.733545 -0.679641 0.851026 -0.525123 -2.318069 2.123657 -0.679641 -0.733545 -0.525123 0.851026 0.178227 71.290770 -0.637424 1.257017 200.000000 1.257017 0.136665 54.666136 -0.770513 1.698109 200.000000 1.698109 1.261141 504.456270 -0.637424 -2.790569 200.000000 -2.790569 0.648231 259.292499 0.770513 2.647018 200.000000 2.647018
 18.400000 -0.821623 -0.570031 0.808728 -0.588182 -2.177340 2.199606 -0.570031 -0.821623 -0.588182 0.808728 0.454179 181.671535 -0.637424 1.257017 200.000000 1.257017 0.261221 104.488489 -0.770513 1.698109 200.000000 1.698109 0.242475 96.990004 -0.637424 -2.790569 200.000000 -2.790569 0.146040 58.415986 0.770513 2.647018 200.000000 2.647018
 18.600000 -0.745999 -0.665947 0.769875 -0.638194 -2.299558 2.262947 -0.665947 -0.745999 -0.638194 0.769875 0.081354 32.541583 -0.637424 1.257017 200.000000 1.257017 0.060093 24.037120 -0.770513 1.698109 200.000000 1.698109 0.000059 0.023747 -0.637424 -2.790569 200.000000 -2.790569 0.000041 0.016285 0.770513 2.647018 200.000000 2.647018
 18.800000 -0.740672 -0.671866 0.746216 -0.665704 -2.307522 2.299233 -0.671866 -0.740672 -0.665704 0.746216 0.118628 47.451309 -0.637424 1.257017 200.000000 1.257017 0.089048 35.619236 -0.770513 1.698109 200.000000 1.698109 0.079973 31.989382 -0.637424 -2.790569 200.000000 -2.790569 0.059034 23.613667 0.770513 2.647018 200.000000 2.647018
 19.000000 -0.820662 -0.571415 0.690088 -0.723725 -2.179025 2.379981 -0.571415 -0.820662 -0.723725 0.690088 0.435725 174.290020 -0.637424 1.257017 200.000000 1.257017 0.251486 100.594280 -0.770513 1.698109 200.000000 1.698109 0.744788 297.915170 -0.637424 -2.790569 200.000000 -2.790569 0.646816 258.726214 0.770513 2.647018 200.000000 2.647018
 19.200000 -0.811149 -0.584840 0.732772 -0.680474 -2.195479 2.319206 -0.584840 -0.811149 -0.680474 0.732772 0.276512 110.604680 -0.637424 1.257017 200.000000 1.257017 0.165126 66.050451 -0.770513 1.698109 200.000000 1.698109 0.185334 74.133415 -0.637424 -2.790569 200.000000 -2.790569 0.142441 56.976415 0.770513 2.647018 200.000000 2.647018
 19.400000 -0.730255 -0.683175 0.781937 -0.623358 -2.322898 2.243826 -0.683175 -0.730255 -0.623358 0.781937 0.209314 83.725641 -0.637424 1.257017 200.000000 1.257017 0.162074 64.829569 -0.770513 1.698109 200.000000 1.698109 0.019786 7.914582 -0.637424 -2.790569 200.000000 -2.790569 0.013050 5.220022 0.770513 2.647018 200.000000 2.647018
 19.600000 -0.694702 -0.719297 0.841964 -0.539533 -2.373587 2.140679 -0.719297 -0.694702 -0.539533 0.841964 0.670326 268.130301 -0.637424 1.257017 200.000000 1.257017 0.574731 229.892201 -0.770513 1.698109 200.000000 1.698109 0.958266 383.306357 -0.637424 -2.790569 200.000000 -2.790569 0.510528 204.211268 0.770513 2.647018 200.000000 2.647018
 19.800000 -0.758550 -0.651615 0.745490 -0.666517 -2.280507 2.300324 -0.651615 -0.758550 -0.666517 0.745490 0.020137 8.054944 -0.637424 1.257017 200.000000 1.257017 0.014311 5.724577 -0.770513 1.698109 200.000000 1.698109 0.084642 33.856700 -0.637424 -2.790569 200.000000 -2.790569 0.062618 25.047283 0.770513 2.647018 200.000000 2.647018
 20.000000 -0.821277 -0.570530 0.713937 -0.700210 -2.177947 2.346488 -0.570530 -0.821277 -0.700210 0.713937 0.447481 178.992379 -0.637424 1.257017 200.000000 1.257017 0.257694 103.077470 -0.770513 1.698109 200.000000 1.698109 0.394213 157.685288 -0.637424 -2.790569 200.000000 -2.790569 0.320092 128.036853 0.770513 2.647018 200.000000 2.647018
