#! FIELDS time sin_phi cos_phi sin_psi cos_psi phi psi cos_phi sin_phi cos_psi sin_psi restraint_phi_cos.bias restraint_phi_cos.force2 restraint_phi_cos.cos_phi_cntr restraint_phi_cos.cos_phi_work restraint_phi_cos.cos_phi_kappa restraint_phi_cos.work restraint_phi_sin.bias restraint_phi_sin.force2 restraint_phi_sin.sin_phi_cntr restraint_phi_sin.sin_phi_work restraint_phi_sin.sin_phi_kappa restraint_phi_sin.work restraint_psi_cos.bias restraint_psi_cos.force2 restraint_psi_cos.cos_psi_cntr restraint_psi_cos.cos_psi_work restraint_psi_cos.cos_psi_kappa restraint_psi_cos.work restraint_psi_sin.bias restraint_psi_sin.force2 restraint_psi_sin.sin_psi_cntr restraint_psi_sin.sin_psi_work restraint_psi_sin.sin_psi_kappa restraint_psi_sin.work
#! SET min_phi -pi
#! SET max_phi pi
#! SET min_psi -pi
#! SET max_psi pi
 0.000000 -0.999983 -0.005782 0.966116 0.258110 -1.576579 1.309731 -0.005782 -0.999983 0.258110 0.966116 0.000000 0.000000 -0.009747 0.000000 0.000000 0.000000 0.000000 0.000000 -0.999953 0.000000 0.000000 0.000000 0.000000 0.000000 0.256142 0.000000 0.000000 0.000000 0.000000 0.000000 0.966639 0.000000 0.000000 0.000000
 0.200000 -1.000000 -0.000266 0.834654 0.550774 -1.571062 0.987505 -0.000266 -1.000000 0.550774 0.834654 0.000899 0.035952 -0.009747 0.429322 20.000000 0.429322 0.000000 0.000001 -0.999953 0.008204 20.000000 0.008204 0.868079 34.723159 0.256142 0.437494 20.000000 0.437494 0.174200 6.967991 0.966639 0.079186 20.000000 0.079186
 0.400000 -0.998238 0.059344 0.982966 0.183790 -1.511418 1.385956 0.059344 -0.998238 0.183790 0.982966 0.095469 7.637512 -0.009747 0.576150 40.000000 0.576150 0.000059 0.004705 -0.999953 0.009175 40.000000 0.009175 0.104699 8.375897 0.256142 0.652622 40.000000 0.652622 0.005331 0.426490 0.966639 0.103852 40.000000 0.103852
 0.600000 -0.997904 0.064712 0.969719 0.244224 -1.506039 1.324077 0.064712 -0.997904 0.244224 0.969719 0.166321 19.958503 -0.009747 0.652735 60.000000 0.652735 0.000126 0.015107 -0.999953 0.009549 60.000000 0.009549 0.004261 0.511338 0.256142 0.812947 60.000000 0.812947 0.000285 0.034144 0.966639 0.126978 60.000000 0.126978
 0.800000 -0.999998 0.001903 0.948101 0.317970 -1.568894 1.247209 0.001903 -0.999998 0.317970 0.948101 0.005428 0.868524 -0.009747 0.745436 80.000000 0.745436 0.000000 0.000013 -0.999953 0.009931 80.000000 0.009931 0.152906 24.464912 0.256142 0.870390 80.000000 0.870390 0.013747 2.199469 0.966639 0.131255 80.000000 0.131255
 1.000000 -0.997910 -0.064626 0.983712 0.179754 -1.635467 1.390060 -0.064626 -0.997910 0.179754 0.983712 0.150586 30.117270 -0.009747 0.830203 100.000000 0.830203 0.000209 0.041736 -0.999953 0.010215 100.000000 0.010215 0.291759 58.351722 0.256142 0.906282 100.000000 0.906282 0.014574 2.914707 0.966639 0.133899 100.000000 0.133899
 1.200000 -0.998631 0.052315 0.985228 0.171251 -1.518457 1.398698 0.052315 -0.998631 0.171251 0.985228 0.231101 55.464312 -0.009747 0.926071 120.000000 0.926071 0.000105 0.025163 -0.999953 0.010632 120.000000 0.010632 0.432397 103.775384 0.256142 0.991998 120.000000 0.991998 0.020732 4.975638 0.966639 0.141238 120.000000 0.141238
 1.400000 -0.999098 0.042454 0.979946 0.199264 -1.528329 1.370189 0.042454 -0.999098 0.199264 0.979946 0.190745 53.408626 -0.009747 0.960889 140.000000 0.960889 0.000051 0.014298 -0.999953 0.010712 140.000000 0.010712 0.226460 63.408817 0.256142 1.092913 140.000000 1.092913 0.012395 3.470574 0.966639 0.149512 140.000000 0.149512
 1.600000 -0.999952 0.009799 0.961502 0.274796 -1.560997 1.292419 0.009799 -0.999952 0.274796 0.961502 0.030562 9.779723 -0.009747 1.007028 160.000000 1.007028 0.000000 0.000000 -0.999953 0.010844 160.000000 0.010844 0.027837 8.907908 0.256142 1.162388 160.000000 1.162388 0.002111 0.675440 0.966639 0.156244 160.000000 0.156244
 1.800000 -0.999823 -0.018803 0.970268 0.242032 -1.589600 1.326336 -0.018803 -0.999823 0.242032 0.970268 0.007382 2.657428 -0.009747 1.052093 180.000000 1.052093 0.000002 0.000542 -0.999953 0.010933 180.000000 0.010933 0.017919 6.450699 0.256142 1.193826 180.000000 1.193826 0.001185 0.426729 0.966639 0.158898 180.000000 0.158898
 2.000000 -0.987192 0.159534 0.942534 0.334111 -1.410577 1.230134 0.159534 -0.987192 0.334111 0.942534 2.865606 1146.242258 -0.009747 1.082144 200.000000 1.082144 0.016282 6.512852 -0.999953 0.011015 200.000000 0.011015 0.607915 243.165831 0.256142 1.220068 200.000000 1.220068 0.058107 23.242855 0.966639 0.161405 200.000000 0.161405
 2.200000 -0.991550 0.129723 0.881263 0.472627 -1.440707 1.078527 0.129723 -0.991550 0.472627 0.881263 0.836511 334.604461 0.038262 0.908451 200.000000 0.908451 0.378282 151.312869 -0.930046 0.461490 200.000000 0.461490 2.305036 922.014431 0.320804 1.061286 200.000000 1.061286 0.025555 10.221801 0.897248 0.410228 200.000000 0.410228
 2.400000 -0.993730 0.111808 0.873677 0.486506 -1.458754 1.062710 0.111808 -0.993730 0.486506 0.873677 0.065216 26.086534 0.086270 0.618543 200.000000 0.618543 1.784657 713.862940 -0.860139 1.851914 200.000000 1.851914 1.020936 408.374307 0.385465 0.727802 200.000000 0.727802 0.209943 83.977294 0.827858 1.219142 200.000000 1.219142
 2.600000 -0.999998 -0.001876 0.788767 0.614692 -1.572672 0.908801 -0.001876 -0.999998 0.614692 0.788767 1.853791 741.516543 0.134278 0.338710 200.000000 0.338710 4.400190 1760.075849 -0.790232 4.129182 200.000000 4.129182 2.708196 1083.278389 0.450126 0.028217 200.000000 0.028217 0.091812 36.724659 0.758467 2.380032 200.000000 2.380032
 2.800000 -0.979644 0.200741 0.771731 0.635950 -1.368682 0.881558 0.200741 -0.979644 0.635950 0.771731 0.034056 13.622332 0.182287 0.003543 200.000000 0.003543 6.724647 2689.858798 -0.720325 7.240595 200.000000 7.240595 1.468036 587.214453 0.514787 -0.771839 200.000000 -0.771839 0.683175 273.270080 0.689076 3.933756 200.000000 3.933756
 3.000000 -0.966056 0.258333 0.721869 0.692030 -1.309501 0.806500 0.258333 -0.966056 0.692030 0.721869 0.078610 31.443950 0.230295 -0.680770 200.000000 -0.680770 9.962722 3985.088607 -0.650418 11.057543 200.000000 11.057543 1.267456 506.982587 0.579448 -1.913177 200.000000 -1.913177 1.044150 417.660123 0.619685 5.539730 200.000000 5.539730
 3.200000 -0.906805 0.421549 0.696175 0.717872 -1.135643 0.770056 0.421549 -0.906805 0.717872 0.696175 2.051940 820.776037 0.278303 -1.585885 200.000000 -1.585885 10.646780 4258.711906 -0.580511 15.504710 200.000000 15.504710 0.544089 217.635550 0.644109 -3.298573 200.000000 -3.298573 2.128115 851.246159 0.550295 6.984759 200.000000 6.984759
 3.400000 -0.879228 0.476402 0.540048 0.841634 -1.074238 0.570495 0.476402 -0.879228 0.841634 0.540048 2.252709 901.083734 0.326312 -2.800107 200.000000 -2.800107 13.588291 5435.316301 -0.510605 20.456581 200.000000 20.456581 1.765268 706.107231 0.708771 -4.817264 200.000000 -4.817264 0.349806 139.922493 0.480904 8.213240 200.000000 8.213240
 3.600000 -0.858669 0.512530 0.413618 0.910450 -1.032667 0.426425 0.512530 -0.858669 0.910450 0.413618 1.910205 764.082106 0.374320 -4.571305 200.000000 -4.571305 17.470013 6988.005089 -0.440698 25.566117 200.000000 25.566117 1.877414 750.965458 0.773432 -6.227139 200.000000 -6.227139 0.000443 0.177216 0.411513 9.237372 200.000000 9.237372
 3.800000 -0.701593 0.712578 0.391518 0.920171 -0.777630 0.402280 0.712578 -0.701593 0.920171 0.391518 8.424478 3369.791275 0.422328 -6.969335 200.000000 -6.969335 10.943002 4377.200769 -0.370791 30.488792 200.000000 30.488792 0.673676 269.470412 0.838093 -7.438530 200.000000 -7.438530 0.243986 97.594535 0.342123 9.965810 200.000000 9.965810
 4.000000 -0.615803 0.787900 0.320430 0.947272 -0.663404 0.326184 0.787900 -0.615803 0.947272 0.320430 10.084663 4033.865397 0.470337 -9.619896 200.000000 -9.619896 9.917381 3966.952426 -0.300884 35.386618 200.000000 35.386618 0.198186 79.274370 0.902754 -8.394778 200.000000 -8.394778 0.227514 91.005491 0.272732 10.213937 200.000000 10.213937
 4.200000 -0.588064 0.808814 0.234648 0.972080 -0.628663 0.236856 0.808814 -0.588064 0.972080 0.234648 8.437238 3374.895110 0.518345 -12.866137 200.000000 -12.866137 12.751107 5100.442962 -0.230977 39.344670 200.000000 39.344670 0.002177 0.870607 0.967415 -8.878048 200.000000 -8.878048 0.098009 39.203712 0.203341 10.011500 200.000000 10.011500
 4.400000 -0.490354 0.871523 0.197373 0.980328 -0.512496 0.198677 0.871523 -0.490354 0.980328 0.197373 9.312863 3725.145338 0.566353 -16.288297 200.000000 -16.288297 10.842784 4337.113723 -0.161070 42.653547 200.000000 42.653547 0.000384 0.153473 0.982287 -8.867892 200.000000 -8.867892 0.009983 3.993323 0.187381 10.138563 200.000000 10.138563
 4.600000 -0.167194 0.985924 0.201365 0.979516 -0.167983 0.202752 0.985924 -0.167194 0.979516 0.201365 13.805847 5522.338616 0.614362 -19.823347 200.000000 -19.823347 0.578070 231.227860 -0.091163 44.702414 200.000000 44.702414 0.000768 0.307152 0.982287 -8.867892 200.000000 -8.867892 0.019556 7.822232 0.187381 10.138563 200.000000 10.138563
 4.800000 0.050704 0.998714 0.220080 0.975482 0.050725 0.221896 0.998714 0.050704 0.975482 0.220080 11.312705 4525.081935 0.662370 -23.255532 200.000000 -23.255532 0.517829 207.131656 -0.021257 44.562237 200.000000 44.562237 0.004631 1.852493 0.982287 -8.867892 200.000000 -8.867892 0.106917 42.766897 0.187381 10.138563 200.000000 10.138563
 5.000000 0.131452 0.991323 0.327482 0.944858 0.131833 0.333637 0.991323 0.131452 0.944858 0.327482 7.892961 3157.184232 0.710378 -26.230728 200.000000 -26.230728 0.685611 274.244345 0.048650 44.325763 200.000000 44.325763 0.140098 56.039185 0.982287 -8.867892 200.000000 -8.867892 1.962806 785.122566 0.187381 10.138563 200.000000 10.138563
 5.200000 0.167537 0.985866 0.113607 0.993526 0.168330 0.113852 0.985866 0.167537 0.993526 0.113607 5.174675 2069.869915 0.758387 -28.638747 200.000000 -28.638747 0.239899 95.959463 0.118557 43.343334 200.000000 43.343334 0.012631 5.052221 0.982287 -8.867892 200.000000 -8.867892 0.544272 217.708903 0.187381 10.138563 200.000000 10.138563
 5.400000 0.222224 0.974996 0.089805 0.995959 0.224094 0.089927 0.974996 0.222224 0.995959 0.089805 2.842618 1137.047332 0.806395 -30.406265 200.000000 -30.406265 0.113971 45.588412 0.188464 41.997635 200.000000 41.997635 0.018693 7.477026 0.982287 -8.867892 200.000000 -8.867892 0.952105 380.841903 0.187381 10.138563 200.000000 10.138563
 5.600000 0.406232 0.913770 0.194613 0.980880 0.418326 0.195863 0.913770 0.406232 0.980880 0.194613 0.352440 140.975997 0.854403 -31.584501 200.000000 -31.584501 2.186287 874.514919 0.258371 40.976232 200.000000 40.976232 0.000198 0.079208 0.982287 -8.867892 200.000000 -8.867892 0.005230 2.092030 0.187381 10.138563 200.000000 10.138563
 5.800000 0.368278 0.929716 0.140647 0.990060 0.377156 0.141114 0.929716 0.368278 0.990060 0.140647 0.074551 29.820221 0.902412 -32.056560 200.000000 -32.056560 0.160003 64.001385 0.328278 39.884853 200.000000 39.884853 0.006041 2.416542 0.982287 -8.867892 200.000000 -8.867892 0.218413 87.365396 0.187381 10.138563 200.000000 10.138563
 6.000000 0.388060 0.921634 0.274384 0.961620 0.398525 0.277949 0.921634 0.388060 0.961620 0.274384 0.006630 2.651836 0.929776 -32.024782 200.000000 -32.024782 0.039741 15.896337 0.368125 39.406076 200.000000 39.406076 0.042713 17.085253 0.982287 -8.867892 200.000000 -8.867892 0.756953 302.781398 0.187381 10.138563 200.000000 10.138563
 6.200000 0.472784 0.881178 0.201779 0.979431 0.492448 0.203174 0.881178 0.472784 0.979431 0.201779 0.236180 94.472178 0.929776 -32.024782 200.000000 -32.024782 1.095370 438.148157 0.368125 39.406076 200.000000 39.406076 0.000816 0.326312 0.982287 -8.867892 200.000000 -8.867892 0.020730 8.291814 0.187381 10.138563 200.000000 10.138563
 6.400000 0.372915 0.927866 0.114655 0.993405 0.382148 0.114907 0.927866 0.372915 0.993405 0.114655 0.000365 0.146048 0.929776 -32.024782 200.000000 -32.024782 0.002294 0.917777 0.368125 39.406076 200.000000 39.406076 0.012361 4.944532 0.982287 -8.867892 200.000000 -8.867892 0.528916 211.566261 0.187381 10.138563 200.000000 10.138563
 6.600000 0.364692 0.931128 0.158176 0.987411 0.373302 0.158844 0.931128 0.364692 0.987411 0.158176 0.000183 0.073095 0.929776 -32.024782 200.000000 -32.024782 0.001178 0.471351 0.368125 39.406076 200.000000 39.406076 0.002625 1.050057 0.982287 -8.867892 200.000000 -8.867892 0.085292 34.116995 0.187381 10.138563 200.000000 10.138563
 6.800000 0.487473 0.873138 0.193516 0.981097 0.509193 0.194745 0.873138 0.487473 0.981097 0.193516 0.320789 128.315604 0.929776 -32.024782 200.000000 -32.024782 1.424397 569.758901 0.368125 39.406076 200.000000 39.406076 0.000142 0.056659 0.982287 -8.867892 200.000000 -8.867892 0.003764 1.505442 0.187381 10.138563 200.000000 10.138563
 7.000000 0.305191 0.952291 0.128401 0.991722 0.310139 0.128757 0.952291 0.305191 0.991722 0.128401 0.050691 20.276571 0.929776 -32.024782 200.000000 -32.024782 0.396066 158.426578 0.368125 39.406076 200.000000 39.406076 0.008902 3.560803 0.982287 -8.867892 200.000000 -8.867892 0.347865 139.145801 0.187381 10.138563 200.000000 10.138563
 7.200000 0.305055 0.952335 0.205882 0.978577 0.309996 0.207364 0.952335 0.305055 0.978577 0.205882 0.050887 20.354826 0.929776 -32.024782 200.000000 -32.024782 0.397773 159.109360 0.368125 39.406076 200.000000 39.406076 0.001377 0.550661 0.982287 -8.867892 200.000000 -8.867892 0.034226 13.690308 0.187381 10.138563 200.000000 10.138563
 7.400000 0.482462 0.875917 0.089288 0.996006 0.503464 0.089407 0.875917 0.482462 0.996006 0.089288 0.290088 116.035260 0.929776 -32.024782 200.000000 -32.024782 1.307315 522.926190 0.368125 39.406076 200.000000 39.406076 0.018820 7.528009 0.982287 -8.867892 200.000000 -8.867892 0.962232 384.892765 0.187381 10.138563 200.000000 10.138563
 7.600000 0.378268 0.925696 0.206730 0.978398 0.387925 0.208231 0.925696 0.378268 0.978398 0.206730 0.001665 0.665978 0.929776 -32.024782 200.000000 -32.024782 0.010289 4.115611 0.368125 39.406076 200.000000 39.406076 0.001513 0.605020 0.982287 -8.867892 200.000000 -8.867892 0.037436 14.974357 0.187381 10.138563 200.000000 10.138563
 7.800000 0.438946 0.898514 0.286584 0.958055 0.454425 0.290659 0.898514 0.438946 0.958055 0.286584 0.097736 39.094585 0.929776 -32.024782 200.000000 -32.024782 0.501562 200.624657 0.368125 39.406076 200.000000 39.406076 0.058719 23.487692 0.982287 -8.867892 200.000000 -8.867892 0.984112 393.644771 0.187381 10.138563 200.000000 10.138563
 8.000000 0.486120 0.873892 0.166801 0.985991 0.507644 0.167584 0.873892 0.486120 0.985991 0.166801 0.312306 124.922448 0.929776 -32.024782 200.000000 -32.024782 1.392290 556.915959 0.368125 39.406076 200.000000 39.406076 0.001371 0.548582 0.982287 -8.867892 200.000000 -8.867892 0.042355 16.941818 0.187381 10.138563 200.000000 10.138563
 8.200000 0.346640 0.937998 0.133022 0.991113 0.353987 0.133418 0.937998 0.346640 0.991113 0.133022 0.006760 2.703857 0.929776 -32.024782 200.000000 -32.024782 0.046158 18.463179 0.368125 39.406076 200.000000 39.406076 0.007789 3.115770 0.982287 -8.867892 200.000000 -8.867892 0.295488 118.195364 0.187381 10.138563 200.000000 10.138563
 8.400000 0.394056 0.919087 0.186614 0.982433 0.405040 0.187714 0.919087 0.394056 0.982433 0.186614 0.011428 4.571031 0.929776 -32.024782 200.000000 -32.024782 0.067243 26.897263 0.368125 39.406076 200.000000 39.406076 0.000002 0.000854 0.982287 -8.867892 200.000000 -8.867892 0.000059 0.023564 0.187381 10.138563 200.000000 10.138563
 8.600000 0.384194 0.923252 0.170091 0.985428 0.394335 0.170922 0.923252 0.384194 0.985428 0.170091 0.004256 1.702593 0.929776 -32.024782 200.000000 -32.024782 0.025823 10.329315 0.368125 39.406076 200.000000 39.406076 0.000987 0.394668 0.982287 -8.867892 200.000000 -8.867892 0.029896 11.958358 0.187381 10.138563 200.000000 10.138563
 8.800000 0.327312 0.944916 0.196712 0.980461 0.333458 0.198004 0.944916 0.327312 0.980461 0.196712 0.022921 9.168570 0.929776 -32.024782 200.000000 -32.024782 0.166566 66.626462 0.368125 39.406076 200.000000 39.406076 0.000333 0.133369 0.982287 -8.867892 200.000000 -8.867892 0.008707 3.482654 0.187381 10.138563 200.000000 10.138563
 9.000000 0.468118 0.883666 0.286744 0.958007 0.487159 0.290826 0.883666 0.468118 0.958007 0.286744 0.212616 85.046353 0.929776 -32.024782 200.000000 -32.024782 0.999860 399.944096 0.368125 39.406076 200.000000 39.406076 0.058951 23.580579 0.982287 -8.867892 200.000000 -8.867892 0.987288 394.915384 0.187381 10.138563 200.000000 10.138563
 9.200000 0.366924 0.930251 0.157408 0.987534 0.375700 0.158065 0.930251 0.366924 0.987534 0.157408 0.000023 0.009003 0.929776 -32.024782 200.000000 -32.024782 0.000144 0.057649 0.368125 39.406076 200.000000 39.406076 0.002752 1.100991 0.982287 -8.867892 200.000000 -8.867892 0.089840 35.935981 0.187381 10.138563 200.000000 10.138563
 9.400000 0.472432 0.881367 0.155854 0.987780 0.492048 0.156492 0.881367 0.472432 0.987780 0.155854 0.234344 93.737758 0.929776 -32.024782 200.000000 -32.024782 1.087995 435.198128 0.368125 39.406076 200.000000 39.406076 0.003017 1.206875 0.982287 -8.867892 200.000000 -8.867892 0.099399 39.759520 0.187381 10.138563 200.000000 10.138563
 9.600000 0.438920 0.898526 0.189459 0.981889 0.454396 0.190611 0.898526 0.438920 0.981889 0.189459 0.097658 39.063002 0.929776 -32.024782 200.000000 -32.024782 0.501195 200.478193 0.368125 39.406076 200.000000 39.406076 0.000016 0.006357 0.982287 -8.867892 200.000000 -8.867892 0.000432 0.172703 0.187381 10.138563 200.000000 10.138563
 9.800000 0.373457 0.927648 0.173435 0.984845 0.382733 0.174316 0.927648 0.373457 0.984845 0.173435 0.000453 0.181297 0.929776 -32.024782 200.000000 -32.024782 0.002843 1.137355 0.368125 39.406076 200.000000 39.406076 0.000654 0.261756 0.982287 -8.867892 200.000000 -8.867892 0.019451 7.780219 0.187381 10.138563 200.000000 10.138563
 10.000000 0.440017 0.897990 0.169407 0.985546 0.455617 0.170228 0.897990 0.440017 0.985546 0.169407 0.101041 40.416229 0.929776 -32.024782 200.000000 -32.024782 0.516848 206.739047 0.368125 39.406076 200.000000 39.406076 0.001062 0.424833 0.982287 -8.867892 200.000000 -8.867892 0.032308 12.923329 0.187381 10.138563 200.000000 10.138563
 10.200000 0.325316 0.945605 0.230565 0.973057 0.331346 0.232658 0.945605 0.325316 0.973057 0.230565 0.025055 10.021939 0.929776 -32.024782 200.000000 -32.024782 0.183253 73.301369 0.368125 39.406076 200.000000 39.406076 0.008520 3.407979 0.982287 -8.867892 200.000000 -8.867892 0.186484 74.593673 0.187381 10.138563 200.000000 10.138563
 10.400000 0.370033 0.929018 0.247645 0.968851 0.379045 0.250249 0.929018 0.370033 0.968851 0.247645 0.000057 0.022983 0.929776 -32.024782 200.000000 -32.024782 0.000364 0.145735 0.368125 39.406076 200.000000 39.406076 0.018054 7.221421 0.982287 -8.867892 200.000000 -8.867892 0.363168 145.267376 0.187381 10.138563 200.000000 10.138563
 10.600000 0.541823 0.840492 0.197556 0.980292 0.572605 0.198864 0.840492 0.541823 0.980292 0.197556 0.797165 318.865945 0.929776 -32.024782 200.000000 -32.024782 3.017127 1206.850748 0.368125 39.406076 200.000000 39.406076 0.000398 0.159303 0.982287 -8.867892 200.000000 -8.867892 0.010352 4.140924 0.187381 10.138563 200.000000 10.138563
 10.800000 0.415691 0.909506 0.251575 0.967838 0.428702 0.254307 0.909506 0.415691 0.967838 0.251575 0.041089 16.435539 0.929776 -32.024782 200.000000 -32.024782 0.226253 90.501044 0.368125 39.406076 200.000000 39.406076 0.020879 8.351415 0.982287 -8.867892 200.000000 -8.867892 0.412081 164.832434 0.187381 10.138563 200.000000 10.138563
 11.000000 0.428968 0.903320 0.214259 0.976777 0.443350 0.215934 0.903320 0.428968 0.976777 0.214259 0.069996 27.998282 0.929776 -32.024782 200.000000 -32.024782 0.370190 148.075995 0.368125 39.406076 200.000000 39.406076 0.003037 1.214613 0.982287 -8.867892 200.000000 -8.867892 0.072244 28.897460 0.187381 10.138563 200.000000 10.138563
 11.200000 0.452229 0.891902 0.161065 0.986944 0.469263 0.161769 0.891902 0.452229 0.986944 0.161065 0.143450 57.379980 0.929776 -32.024782 200.000000 -32.024782 0.707361 282.944488 0.368125 39.406076 200.000000 39.406076 0.002168 0.867350 0.982287 -8.867892 200.000000 -8.867892 0.069256 27.702334 0.187381 10.138563 200.000000 10.138563
 11.400000 0.376083 0.926586 0.228363 0.973576 0.385566 0.230396 0.926586 0.376083 0.973576 0.228363 0.001018 0.407196 0.929776 -32.024782 200.000000 -32.024782 0.006334 2.533613 0.368125 39.406076 200.000000 39.406076 0.007589 3.035454 0.982287 -8.867892 200.000000 -8.867892 0.167953 67.181127 0.187381 10.138563 200.000000 10.138563
 11.600000 0.390745 0.920499 0.151664 0.988432 0.401441 0.152252 0.920499 0.390745 0.988432 0.151664 0.008607 3.442898 0.929776 -32.024782 200.000000 -32.024782 0.051168 20.467397 0.368125 39.406076 200.000000 39.406076 0.003776 1.510362 0.982287 -8.867892 200.000000 -8.867892 0.127572 51.028733 0.187381 10.138563 200.000000 10.138563
 11.800000 0.474339 0.880342 0.252426 0.967616 0.494213 0.255186 0.880342 0.474339 0.967616 0.252426 0.244375 97.750154 0.929776 -32.024782 200.000000 -32.024782 1.128156 451.262297 0.368125 39.406076 200.000000 39.406076 0.021524 8.609505 0.982287 -8.867892 200.000000 -8.867892 0.423078 169.231053 0.187381 10.138563 200.000000 10.138563
 12.000000 0.443584 0.896233 0.197719 0.980259 0.459594 0.199031 0.896233 0.443584 0.980259 0.197719 0.112519 45.007435 0.929776 -32.024782 200.000000 -32.024782 0.569416 227.766423 0.368125 39.406076 200.000000 39.406076 0.000411 0.164600 0.982287 -8.867892 200.000000 -8.867892 0.010687 4.274854 0.187381 10.138563 200.000000 10.138563
 12.200000 0.417428 0.908710 0.117927 0.993022 0.430613 0.118202 0.908710 0.417428 0.993022 0.117927 0.044380 17.752065 0.929776 -32.024782 200.000000 -32.024782 0.243085 97.234176 0.368125 39.406076 200.000000 39.406076 0.011524 4.609632 0.982287 -8.867892 200.000000 -8.867892 0.482391 192.956587 0.187381 10.138563 200.000000 10.138563
 12.400000 0.353281 0.935517 0.190673 0.981654 0.361076 0.191848 0.935517 0.353281 0.981654 0.190673 0.003295 1.318175 0.929776 -32.024782 200.000000 -32.024782 0.022032 8.812677 0.368125 39.406076 200.000000 39.406076 0.000040 0.016062 0.982287 -8.867892 200.000000 -8.867892 0.001084 0.433463 0.187381 10.138563 200.000000 10.138563
 12.600000 0.433227 0.901285 0.126078 0.992020 0.448070 0.126414 0.901285 0.433227 0.992020 0.126078 0.081177 32.470796 0.929776 -32.024782 200.000000 -32.024782 0.423831 169.532409 0.368125 39.406076 200.000000 39.406076 0.009473 3.789330 0.982287 -8.867892 200.000000 -8.867892 0.375812 150.324632 0.187381 10.138563 200.000000 10.138563
 12.800000 0.359133 0.933286 0.131693 0.991291 0.367339 0.132076 0.933286 0.359133 0.991291 0.131693 0.001232 0.492745 0.929776 -32.024782 200.000000 -32.024782 0.008084 3.233708 0.368125 39.406076 200.000000 39.406076 0.008106 3.242398 0.982287 -8.867892 200.000000 -8.867892 0.310121 124.048563 0.187381 10.138563 200.000000 10.138563
 13.000000 0.394619 0.918845 0.234094 0.972214 0.405653 0.236287 0.918845 0.394619 0.972214 0.234094 0.011950 4.779875 0.929776 -32.024782 200.000000 -32.024782 0.070193 28.077339 0.368125 39.406076 200.000000 39.406076 0.010147 4.058896 0.982287 -8.867892 200.000000 -8.867892 0.218210 87.284064 0.187381 10.138563 200.000000 10.138563
 13.200000 0.456417 0.889766 0.118138 0.992997 0.473965 0.118415 0.889766 0.456417 0.992997 0.118138 0.160086 64.034244 0.929776 -32.024782 200.000000 -32.024782 0.779563 311.825098 0.368125 39.406076 200.000000 39.406076 0.011470 4.588066 0.982287 -8.867892 200.000000 -8.867892 0.479458 191.783119 0.187381 10.138563 200.000000 10.138563
 13.400000 0.409566 0.912280 0.146101 0.989270 0.421979 0.146626 0.912280 0.409566 0.989270 0.146101 0.030611 12.244587 0.929776 -32.024782 200.000000 -32.024782 0.171742 68.696754 0.368125 39.406076 200.000000 39.406076 0.004875 1.950184 0.982287 -8.867892 200.000000 -8.867892 0.170408 68.163040 0.187381 10.138563 200.000000 10.138563
 13.600000 0.450918 0.892565 0.275577 0.961279 0.467794 0.279190 0.892565 0.450918 0.961279 0.275577 0.138468 55.387078 0.929776 -32.024782 200.000000 -32.024782 0.685480 274.192052 0.368125 39.406076 200.000000 39.406076 0.044135 17.653825 0.982287 -8.867892 200.000000 -8.867892 0.777847 311.138609 0.187381 10.138563 200.000000 10.138563
 13.800000 0.390537 0.920587 0.208553 0.978011 0.401215 0.210095 0.920587 0.390537 0.978011 0.208553 0.008444 3.377701 0.929776 -32.024782 200.000000 -32.024782 0.050232 20.092743 0.368125 39.406076 200.000000 39.406076 0.001828 0.731398 0.982287 -8.867892 200.000000 -8.867892 0.044822 17.928869 0.187381 10.138563 200.000000 10.138563
 14.000000 0.321662 0.946855 0.203216 0.979134 0.327484 0.204642 0.946855 0.321662 0.979134 0.203216 0.029167 11.666625 0.929776 -32.024782 200.000000 -32.024782 0.215881 86.352356 0.368125 39.406076 200.000000 39.406076 0.000994 0.397759 0.982287 -8.867892 200.000000 -8.867892 0.025075 10.030032 0.187381 10.138563 200.000000 10.138563
 14.200000 0.441091 0.897463 0.195241 0.980755 0.456813 0.196504 0.897463 0.441091 0.980755 0.195241 0.104419 41.767471 0.929776 -32.024782 200.000000 -32.024782 0.532404 212.961444 0.368125 39.406076 200.000000 39.406076 0.000235 0.093885 0.982287 -8.867892 200.000000 -8.867892 0.006178 2.471245 0.187381 10.138563 200.000000 10.138563
 14.400000 0.427254 0.904132 0.086131 0.996284 0.441453 0.086238 0.904132 0.427254 0.996284 0.086131 0.065766 26.306355 0.929776 -32.024782 200.000000 -32.024782 0.349629 139.851794 0.368125 39.406076 200.000000 39.406076 0.019590 7.836184 0.982287 -8.867892 200.000000 -8.867892 1.025168 410.067166 0.187381 10.138563 200.000000 10.138563
 14.600000 0.442433 0.896802 0.152942 0.988235 0.458309 0.153545 0.896802 0.442433 0.988235 0.152942 0.108733 43.493320 0.929776 -32.024782 200.000000 -32.024782 0.552169 220.867502 0.368125 39.406076 200.000000 39.406076 0.003538 1.415095 0.982287 -8.867892 200.000000 -8.867892 0.118605 47.442178 0.187381 10.138563 200.000000 10.138563
 14.800000 0.442873 0.896584 0.192004 0.981394 0.458801 0.193204 0.896584 0.442873 0.981394 0.192004 0.110173 44.069195 0.929776 -32.024782 200.000000 -32.024782 0.558739 223.495464 0.368125 39.406076 200.000000 39.406076 0.000080 0.031906 0.982287 -8.867892 200.000000 -8.867892 0.002137 0.854785 0.187381 10.138563 200.000000 10.138563
 15.000000 0.409180 0.912453 0.206520 0.978442 0.421556 0.208017 0.912453 0.409180 0.978442 0.206520 0.030009 12.003468 0.929776 -32.024782 200.000000 -32.024782 0.168559 67.423531 0.368125 39.406076 200.000000 39.406076 0.001478 0.591329 0.982287 -8.867892 200.000000 -8.867892 0.036629 14.651740 0.187381 10.138563 200.000000 10.138563
 15.200000 0.382946 0.923771 0.211149 0.977454 0.392983 0.212750 0.923771 0.382946 0.977454 0.211149 0.003607 1.442698 0.929776 -32.024782 200.000000 -32.024782 0.021967 8.786615 0.368125 39.406076 200.000000 39.406076 0.002336 0.934430 0.982287 -8.867892 200.000000 -8.867892 0.056489 22.595522 0.187381 10.138563 200.000000 10.138563
 15.400000 0.340008 0.940422 0.127366 0.991856 0.346926 0.127713 0.940422 0.340008 0.991856 0.127366 0.011334 4.533413 0.929776 -32.024782 200.000000 -32.024782 0.079052 31.620681 0.368125 39.406076 200.000000 39.406076 0.009156 3.662227 0.982287 -8.867892 200.000000 -8.867892 0.360178 144.071181 0.187381 10.138563 200.000000 10.138563
 15.600000 0.443812 0.896120 0.193812 0.981039 0.459848 0.195046 0.896120 0.443812 0.981039 0.193812 0.113277 45.310926 0.929776 -32.024782 200.000000 -32.024782 0.572863 229.145155 0.368125 39.406076 200.000000 39.406076 0.000156 0.062351 0.982287 -8.867892 200.000000 -8.867892 0.004135 1.654010 0.187381 10.138563 200.000000 10.138563
 15.800000 0.443711 0.896170 0.127665 0.991817 0.459736 0.128014 0.896170 0.443711 0.991817 0.127665 0.112940 45.176200 0.929776 -32.024782 200.000000 -32.024782 0.571333 228.533273 0.368125 39.406076 200.000000 39.406076 0.009082 3.632954 0.982287 -8.867892 200.000000 -8.867892 0.356609 142.643728 0.187381 10.138563 200.000000 10.138563
 16.000000 0.438739 0.898615 0.184799 0.982776 0.454195 0.185867 0.898615 0.438739 0.982776 0.184799 0.097106 38.842228 0.929776 -32.024782 200.000000 -32.024782 0.498635 199.453925 0.368125 39.406076 200.000000 39.406076 0.000024 0.009571 0.982287 -8.867892 200.000000 -8.867892 0.000667 0.266822 0.187381 10.138563 200.000000 10.138563
 16.200000 0.413296 0.910597 0.147766 0.989022 0.426071 0.148309 0.910597 0.413296 0.989022 0.147766 0.036787 14.714830 0.929776 -32.024782 200.000000 -32.024782 0.204050 81.620037 0.368125 39.406076 200.000000 39.406076 0.004536 1.814436 0.982287 -8.867892 200.000000 -8.867892 0.156935 62.773871 0.187381 10.138563 200.000000 10.138563
 16.400000 0.443539 0.896255 0.129357 0.991598 0.459544 0.129721 0.896255 0.443539 0.991598 0.129357 0.112369 44.947589 0.929776 -32.024782 200.000000 -32.024782 0.568736 227.494389 0.368125 39.406076 200.000000 39.406076 0.008669 3.467665 0.982287 -8.867892 200.000000 -8.867892 0.336682 134.672735 0.187381 10.138563 200.000000 10.138563
 16.600000 0.409544 0.912290 0.207815 0.978168 0.421954 0.209341 0.912290 0.409544 0.978168 0.207815 0.030576 12.230407 0.929776 -32.024782 200.000000 -32.024782 0.171555 68.621939 0.368125 39.406076 200.000000 39.406076 0.001697 0.678702 0.982287 -8.867892 200.000000 -8.867892 0.041755 16.701934 0.187381 10.138563 200.000000 10.138563
 16.800000 0.414750 0.909935 0.242552 0.970138 0.427668 0.244996 0.909935 0.414750 0.970138 0.242552 0.039367 15.746674 0.929776 -32.024782 200.000000 -32.024782 0.217392 86.956940 0.368125 39.406076 200.000000 39.406076 0.014760 5.903863 0.982287 -8.867892 200.000000 -8.867892 0.304384 121.753752 0.187381 10.138563 200.000000 10.138563
 17.000000 0.437129 0.899399 0.217518 0.976056 0.452404 0.219270 0.899399 0.437129 0.976056 0.217518 0.092280 36.912150 0.929776 -32.024782 200.000000 -32.024782 0.476162 190.464769 0.368125 39.406076 200.000000 39.406076 0.003882 1.552936 0.982287 -8.867892 200.000000 -8.867892 0.090819 36.327735 0.187381 10.138563 200.000000 10.138563
 17.200000 0.361871 0.932228 0.162473 0.986713 0.370274 0.163197 0.932228 0.361871 0.986713 0.162473 0.000601 0.240466 0.929776 -32.024782 200.000000 -32.024782 0.003911 1.564499 0.368125 39.406076 200.000000 39.406076 0.001959 0.783462 0.982287 -8.867892 200.000000 -8.867892 0.062040 24.816111 0.187381 10.138563 200.000000 10.138563
 17.400000 0.400770 0.916179 0.143568 0.989640 0.412357 0.144066 0.916179 0.400770 0.989640 0.143568 0.018490 7.396035 0.929776 -32.024782 200.000000 -32.024782 0.106573 42.629239 0.368125 39.406076 200.000000 39.406076 0.005407 2.162809 0.982287 -8.867892 200.000000 -8.867892 0.191963 76.785267 0.187381 10.138563 200.000000 10.138563
 17.600000 0.379596 0.925152 0.190971 0.981596 0.389360 0.192151 0.925152 0.379596 0.981596 0.190971 0.002138 0.855370 0.929776 -32.024782 200.000000 -32.024782 0.013160 5.264164 0.368125 39.406076 200.000000 39.406076 0.000048 0.019129 0.982287 -8.867892 200.000000 -8.867892 0.001288 0.515387 0.187381 10.138563 200.000000 10.138563
 17.800000 0.422319 0.906447 0.170675 0.985327 0.436002 0.171515 0.906447 0.422319 0.985327 0.170675 0.054426 21.770331 0.929776 -32.024782 200.000000 -32.024782 0.293707 117.482757 0.368125 39.406076 200.000000 39.406076 0.000924 0.369691 0.982287 -8.867892 200.000000 -8.867892 0.027910 11.163909 0.187381 10.138563 200.000000 10.138563
 18.000000 0.540020 0.841652 0.231739 0.972778 0.570461 0.233865 0.841652 0.540020 0.972778 0.231739 0.776592 310.636765 0.929776 -32.024782 200.000000 -32.024782 2.954813 1181.925031 0.368125 39.406076 200.000000 39.406076 0.009043 3.617074 0.982287 -8.867892 200.000000 -8.867892 0.196762 78.704937 0.187381 10.138563 200.000000 10.138563
 18.200000 0.382461 0.923972 0.261782 0.965127 0.392459 0.264869 0.923972 0.382461 0.965127 0.261782 0.003370 1.347902 0.929776 -32.024782 200.000000 -32.024782 0.020554 8.221653 0.368125 39.406076 200.000000 39.406076 0.029448 11.779094 0.982287 -8.867892 200.000000 -8.867892 0.553553 221.421153 0.187381 10.138563 200.000000 10.138563
 18.400000 0.437438 0.899249 0.155586 0.987822 0.452747 0.156220 0.899249 0.437438 0.987822 0.155586 0.093195 37.277959 0.929776 -32.024782 200.000000 -32.024782 0.480433 192.173322 0.368125 39.406076 200.000000 39.406076 0.003064 1.225525 0.982287 -8.867892 200.000000 -8.867892 0.101097 40.438847 0.187381 10.138563 200.000000 10.138563
 18.600000 0.450662 0.892695 0.251617 0.967827 0.467507 0.254350 0.892695 0.450662 0.967827 0.251617 0.137506 55.002469 0.929776 -32.024782 200.000000 -32.024782 0.681243 272.497237 0.368125 39.406076 200.000000 39.406076 0.020910 8.363993 0.982287 -8.867892 200.000000 -8.867892 0.412618 165.047393 0.187381 10.138563 200.000000 10.138563
 18.800000 0.385851 0.922561 0.222881 0.974846 0.396130 0.224769 0.922561 0.385851 0.974846 0.222881 0.005206 2.082378 0.929776 -32.024782 200.000000 -32.024782 0.031421 12.568571 0.368125 39.406076 200.000000 39.406076 0.005538 2.215058 0.982287 -8.867892 200.000000 -8.867892 0.126021 50.408424 0.187381 10.138563 200.000000 10.138563
 19.000000 0.480437 0.877029 0.172816 0.984954 0.501153 0.173688 0.877029 0.480437 0.984954 0.172816 0.278230 111.291809 0.929776 -32.024782 200.000000 -32.024782 1.261418 504.567063 0.368125 39.406076 200.000000 39.406076 0.000711 0.284490 0.982287 -8.867892 200.000000 -8.867892 0.021215 8.485973 0.187381 10.138563 200.000000 10.138563
 19.200000 0.388806 0.921320 0.214846 0.976648 0.399336 0.216534 0.921320 0.388806 0.976648 0.214846 0.007152 2.860785 0.929776 -32.024782 200.000000 -32.024782 0.042773 17.109243 0.368125 39.406076 200.000000 39.406076 0.003180 1.272039 0.982287 -8.867892 200.000000 -8.867892 0.075429 30.171600 0.187381 10.138563 200.000000 10.138563
 19.400000 0.443587 0.896231 0.242362 0.970186 0.459598 0.244799 0.896231 0.443587 0.970186 0.242362 0.112529 45.011764 0.929776 -32.024782 200.000000 -32.024782 0.569465 227.786098 0.368125 39.406076 200.000000 39.406076 0.014644 5.857632 0.982287 -8.867892 200.000000 -8.867892 0.302284 120.913486 0.187381 10.138563 200.000000 10.138563
 19.600000 0.427023 0.904241 0.286397 0.958111 0.441198 0.290464 0.904241 0.427023 0.958111 0.286397 0.065207 26.082624 0.929776 -32.024782 200.000000 -32.024782 0.346899 138.759613 0.368125 39.406076 200.000000 39.406076 0.058449 23.379648 0.982287 -8.867892 200.000000 -8.867892 0.980413 392.165258 0.187381 10.138563 200.000000 10.138563
 19.800000 0.408807 0.912621 0.255121 0.966909 0.421147 0.257973 0.912621 0.408807 0.966909 0.255121 0.029432 11.772745 0.929776 -32.024782 200.000000 -32.024782 0.165508 66.203132 0.368125 39.406076 200.000000 39.406076 0.023648 9.459373 0.982287 -8.867892 200.000000 -8.867892 0.458863 183.545188 0.187381 10.138563 200.000000 10.138563
 20.000000 0.453505 0.891254 0.243697 0.969852 0.470694 0.246176 0.891254 0.453505 0.969852 0.243697 0.148400 59.360087 0.929776 -32.024782 200.000000 -32.024782 0.728982 291.592766 0.368125 39.406076 200.000000 39.406076 0.015465 6.185909 0.982287 -8.867892 200.000000 -8.867892 0.317142 126.856656 0.187381 10.138563 200.000000 10.138563
