#! FIELDS time sin_phi cos_phi sin_psi cos_psi phi psi cos_phi sin_phi cos_psi sin_psi restraint_phi_cos.bias restraint_phi_cos.force2 restraint_phi_cos.cos_phi_cntr restraint_phi_cos.cos_phi_work restraint_phi_cos.cos_phi_kappa restraint_phi_cos.work restraint_phi_sin.bias restraint_phi_sin.force2 restraint_phi_sin.sin_phi_cntr restraint_phi_sin.sin_phi_work restraint_phi_sin.sin_phi_kappa restraint_phi_sin.work restraint_psi_cos.bias restraint_psi_cos.force2 restraint_psi_cos.cos_psi_cntr restraint_psi_cos.cos_psi_work restraint_psi_cos.cos_psi_kappa restraint_psi_cos.work restraint_psi_sin.bias restraint_psi_sin.force2 restraint_psi_sin.sin_psi_cntr restraint_psi_sin.sin_psi_work restraint_psi_sin.sin_psi_kappa restraint_psi_sin.work
#! SET min_phi -pi
#! SET max_phi pi
#! SET min_psi -pi
#! SET max_psi pi
 0.000000 -0.999983 -0.005782 0.966116 0.258110 -1.576579 1.309731 -0.005782 -0.999983 0.258110 0.966116 0.000000 0.000000 -0.009747 0.000000 0.000000 0.000000 0.000000 0.000000 -0.999953 0.000000 0.000000 0.000000 0.000000 0.000000 0.256142 0.000000 0.000000 0.000000 0.000000 0.000000 0.966639 0.000000 0.000000 0.000000
 0.200000 -1.000000 -0.000267 0.834656 0.550772 -1.571063 0.987508 -0.000267 -1.000000 0.550772 0.834656 0.000899 0.035948 -0.009747 0.429323 20.000000 0.429323 0.000000 0.000001 -0.999953 0.008204 20.000000 0.008204 0.868064 34.722547 0.256142 0.437490 20.000000 0.437490 0.174195 6.967810 0.966639 0.079184 20.000000 0.079184
 0.400000 -0.998238 0.059344 0.982966 0.183785 -1.511417 1.385960 0.059344 -0.998238 0.183785 0.982966 0.095470 7.637587 -0.009747 0.576154 40.000000 0.576154 0.000059 0.004705 -0.999953 0.009175 40.000000 0.009175 0.104710 8.376839 0.256142 0.652617 40.000000 0.652617 0.005332 0.426530 0.966639 0.103851 40.000000 0.103851
 0.600000 -0.997906 0.064680 0.969721 0.244216 -1.506071 1.324085 0.064680 -0.997906 0.244216 0.969721 0.166180 19.941551 -0.009747 0.652741 60.000000 0.652741 0.000126 0.015077 -0.999953 0.009549 60.000000 0.009549 0.004267 0.512065 0.256142 0.812944 60.000000 0.812944 0.000285 0.034191 0.966639 0.126977 60.000000 0.126977
 0.800000 -0.999998 0.001902 0.948093 0.317994 -1.568894 1.247184 0.001902 -0.999998 0.317994 0.948093 0.005427 0.868381 -0.009747 0.745441 80.000000 0.745441 0.000000 0.000013 -0.999953 0.009931 80.000000 0.009931 0.153024 24.483797 0.256142 0.870390 80.000000 0.870390 0.013759 2.201368 0.966639 0.131254 80.000000 0.131254
 1.000000 -0.997908 -0.064646 0.983715 0.179737 -1.635487 1.390077 -0.064646 -0.997908 0.179737 0.983715 0.150695 30.139069 -0.009747 0.830208 100.000000 0.830208 0.000209 0.041788 -0.999953 0.010215 100.000000 0.010215 0.291889 58.377783 0.256142 0.906284 100.000000 0.906284 0.014579 2.915772 0.966639 0.133898 100.000000 0.133898
 1.200000 -0.998639 0.052161 0.985238 0.171190 -1.518612 1.398759 0.052161 -0.998639 0.171190 0.985238 0.229952 55.188547 -0.009747 0.926072 120.000000 0.926072 0.000104 0.024856 -0.999953 0.010632 120.000000 0.010632 0.433013 103.923142 0.256142 0.991996 120.000000 0.991996 0.020755 4.981260 0.966639 0.141236 120.000000 0.141236
 1.400000 -0.999100 0.042415 0.979964 0.199175 -1.528369 1.370280 0.042415 -0.999100 0.199175 0.979964 0.190458 53.328269 -0.009747 0.960907 140.000000 0.960907 0.000051 0.014242 -0.999953 0.010712 140.000000 0.010712 0.227170 63.607668 0.256142 1.092918 140.000000 1.092918 0.012429 3.480030 0.966639 0.149508 140.000000 0.149508
 1.600000 -0.999952 0.009799 0.961483 0.274866 -1.560997 1.292347 0.009799 -0.999952 0.274866 0.961483 0.030562 9.779977 -0.009747 1.006971 160.000000 1.006971 0.000000 0.000000 -0.999953 0.010844 160.000000 0.010844 0.028044 8.974219 0.256142 1.162367 160.000000 1.162367 0.002127 0.680659 0.966639 0.156235 160.000000 0.156235
 1.800000 -0.999845 -0.017625 0.970413 0.241453 -1.588422 1.326934 -0.017625 -0.999845 0.241453 0.970413 0.005586 2.010870 -0.009747 1.052368 180.000000 1.052368 0.000001 0.000377 -0.999953 0.010933 180.000000 0.010933 0.019421 6.991447 0.256142 1.193858 180.000000 1.193858 0.001282 0.461357 0.966639 0.158887 180.000000 0.158887
 2.000000 -0.986780 0.162067 0.941411 0.337263 -1.408011 1.226789 0.162067 -0.986780 0.337263 0.941411 2.951990 1180.796033 -0.009747 1.082555 200.000000 1.082555 0.017352 6.940857 -0.999953 0.011018 200.000000 0.011018 0.658048 263.219125 0.256142 1.220872 200.000000 1.220872 0.063647 25.458942 0.966639 0.161486 200.000000 0.161486
 2.200000 -0.994646 0.103339 0.919249 0.393677 -1.467272 1.166168 0.103339 -0.994646 0.393677 0.919249 0.707627 283.050855 0.019219 0.982025 200.000000 0.982025 0.446521 178.608344 -0.927824 0.494004 200.000000 0.494004 2.256519 902.607606 0.243460 1.254116 200.000000 1.254116 0.031427 12.570860 0.901521 0.526705 200.000000 0.526705
 2.400000 -0.997734 0.067279 0.937878 0.346966 -1.503467 1.216462 0.067279 -0.997734 0.346966 0.937878 0.036462 14.584788 0.048184 0.797180 200.000000 0.797180 2.017502 807.000840 -0.855695 2.002530 200.000000 2.002530 1.349967 539.986609 0.230778 1.335428 200.000000 1.335428 1.029713 411.885352 0.836403 1.707300 200.000000 1.707300
 2.600000 -0.999849 -0.017388 0.873216 0.487334 -1.588185 1.061762 -0.017388 -0.999849 0.487334 0.873216 0.893719 357.487792 0.077149 0.632656 200.000000 0.632656 4.677788 1871.115103 -0.783567 4.506586 200.000000 4.506586 7.248888 2899.555028 0.218096 1.480150 200.000000 1.480150 1.038995 415.597938 0.771285 3.685343 200.000000 3.685343
 2.800000 -0.997762 0.066866 0.958529 0.284995 -1.503881 1.281795 0.066866 -0.997762 0.284995 0.958529 0.154043 61.617338 0.106114 0.419467 200.000000 0.419467 8.198124 3279.249465 -0.711438 7.985147 200.000000 7.985147 0.633309 253.323472 0.205414 1.646927 200.000000 1.646927 6.368685 2547.473934 0.706166 6.534089 200.000000 6.534089
 3.000000 -0.992758 0.120130 0.944296 0.329097 -1.450376 1.235450 0.120130 -0.992758 0.329097 0.944296 0.022348 8.939254 0.135079 0.069134 200.000000 0.069134 12.492578 4997.031039 -0.639310 12.409034 200.000000 12.409034 1.859527 743.810644 0.192732 1.882190 200.000000 1.882190 9.195928 3678.371365 0.641048 10.199699 200.000000 10.199699
 3.200000 -0.973365 0.229262 0.977224 0.212212 -1.339477 1.356959 0.229262 -0.973365 0.212212 0.977224 0.425334 170.133517 0.164044 -0.355725 200.000000 -0.355725 16.498508 6599.403186 -0.567181 17.737038 200.000000 17.737038 0.103437 41.374601 0.180050 2.182180 200.000000 2.182180 16.103648 6441.459331 0.575930 14.651667 200.000000 14.651667
 3.400000 -0.931208 0.364489 0.961137 0.276071 -1.197712 1.291093 0.364489 -0.931208 0.276071 0.961137 2.940530 1176.212147 0.193009 -0.947862 200.000000 -0.947862 19.023117 7609.246918 -0.495053 23.864898 200.000000 23.864898 1.181623 472.649111 0.167368 2.526607 200.000000 2.526607 20.279288 8111.715002 0.510812 19.922227 200.000000 19.922227
 3.600000 -0.827682 0.561197 0.957276 0.289176 -0.974965 1.277430 0.561197 -0.827682 0.289176 0.957276 11.507200 4602.879956 0.221974 -1.885481 200.000000 -1.885481 16.382912 6553.164876 -0.422924 30.615301 200.000000 30.615301 1.808762 723.504791 0.154686 2.915914 200.000000 2.915914 26.171608 10468.643127 0.445694 26.028476 200.000000 26.028476
 3.800000 -0.842513 0.538677 0.942544 0.334082 -1.001931 1.230165 0.538677 -0.842513 0.334082 0.942544 8.279266 3311.706205 0.250939 -3.100261 200.000000 -3.100261 24.178561 9671.424577 -0.350796 37.869310 200.000000 37.869310 3.689392 1475.756992 0.142004 3.484650 200.000000 3.484650 31.580831 12632.332596 0.380576 32.698398 200.000000 32.698398
 4.000000 -0.855319 0.518101 0.898743 0.438475 -1.026167 1.116895 0.518101 -0.855319 0.438475 0.898743 5.673759 2269.503561 0.279905 -4.771082 200.000000 -4.771082 33.252788 13301.115008 -0.278667 45.294431 200.000000 45.294431 9.557546 3823.018424 0.129322 4.021776 200.000000 4.021776 34.022237 13608.894715 0.315458 40.326306 200.000000 40.326306
 4.200000 -0.631209 0.775613 0.894693 0.446681 -0.683111 1.107744 0.775613 -0.631209 0.446681 0.894693 21.784930 8713.971971 0.308870 -6.946913 200.000000 -6.946913 18.034482 7213.792785 -0.206539 52.391084 200.000000 52.391084 10.892692 4357.076961 0.116640 4.676673 200.000000 4.676673 41.519197 16607.678681 0.250339 48.637779 200.000000 48.637779
 4.400000 -0.451497 0.892273 0.860464 0.509510 -0.468442 1.036181 0.892273 -0.451497 0.509510 0.860464 30.740154 12296.061598 0.337835 -9.663632 200.000000 -9.663632 10.054394 4021.757736 -0.134410 58.623067 200.000000 58.623067 16.447285 6578.914102 0.103958 5.613263 200.000000 5.613263 45.595325 18238.130150 0.185221 57.210493 200.000000 57.210493
 4.600000 -0.173846 0.984773 0.781513 0.623889 -0.174734 0.897087 0.984773 -0.173846 0.623889 0.781513 38.189051 15275.620290 0.366800 -12.984088 200.000000 -12.984088 1.244674 497.869427 -0.062281 62.368923 200.000000 62.368923 28.367651 11347.060294 0.091276 6.526421 200.000000 6.526421 43.746306 17498.522527 0.120103 66.754554 200.000000 66.754554
 4.800000 0.289376 0.957216 0.413541 0.910486 0.293575 0.426340 0.957216 0.289376 0.910486 0.413541 31.522675 12609.070093 0.395765 -16.485556 200.000000 -16.485556 7.813632 3125.452793 0.009847 62.682361 200.000000 62.682361 69.204371 27681.748430 0.078594 8.218166 200.000000 8.218166 12.856231 5142.492271 0.054985 73.949277 200.000000 73.949277
 5.000000 0.376178 0.926547 0.193392 0.981122 0.385668 0.194619 0.926547 0.376178 0.981122 0.193392 25.182057 10072.822678 0.424730 -19.719077 200.000000 -19.719077 8.655513 3462.205125 0.081976 60.524150 200.000000 60.524150 83.760871 33504.348453 0.065912 10.277297 200.000000 10.277297 4.142259 1656.903467 -0.010133 79.493454 200.000000 79.493454
 5.200000 0.448492 0.893787 -0.918436 0.395569 0.465077 -1.164109 0.893787 0.448492 0.395569 -0.918436 19.368085 7747.234012 0.453695 -22.543830 200.000000 -22.543830 8.666395 3466.557818 0.154104 56.969417 200.000000 56.969417 11.719622 4687.848994 0.053230 12.055363 200.000000 12.055363 71.096087 28438.434723 -0.075251 73.746311 200.000000 73.746311
 5.400000 0.541996 0.840381 -0.895771 0.444516 0.572811 -1.110163 0.840381 0.541996 0.444516 -0.895771 12.796409 5118.563536 0.482660 -25.039875 200.000000 -25.039875 9.970654 3988.261450 0.226233 53.464945 200.000000 53.464945 16.319026 6527.610407 0.040548 12.764576 200.000000 12.764576 57.063153 22825.261078 -0.140369 62.937530 200.000000 62.937530
 5.600000 0.517528 0.855666 -0.999386 -0.035048 0.543959 -1.605851 0.855666 0.517528 -0.035048 -0.999386 11.836425 4734.570066 0.511625 -27.028858 200.000000 -27.028858 4.803392 1921.356895 0.298361 49.480457 200.000000 49.480457 0.395812 158.324960 0.027866 13.415414 200.000000 13.415414 63.027421 25210.968382 -0.205488 52.987987 200.000000 52.987987
 5.800000 0.643342 0.765579 -0.956535 0.291618 0.698856 -1.274879 0.765579 0.643342 0.291618 -0.956535 5.061979 2024.791675 0.540591 -28.560710 200.000000 -28.560710 7.444831 2977.932464 0.370490 45.516367 200.000000 45.516367 7.641584 3056.633429 0.015184 13.788474 200.000000 13.788474 47.049892 18819.956722 -0.270606 43.416018 200.000000 43.416018
 6.000000 0.686254 0.727362 -0.998560 0.053651 0.756326 -1.517120 0.727362 0.686254 0.053651 -0.998560 2.490293 996.117225 0.569556 -29.860204 200.000000 -29.860204 5.935820 2374.328106 0.442618 42.382579 200.000000 42.382579 0.261625 104.649818 0.002502 13.773557 200.000000 13.773557 43.935148 17574.059334 -0.335724 34.488574 200.000000 34.488574
 6.200000 0.703548 0.710648 -0.972848 -0.231444 0.780378 -1.804358 0.710648 0.703548 -0.231444 -0.972848 1.257250 502.900093 0.598521 -30.700497 200.000000 -30.700497 3.564581 1425.832274 0.514747 39.439745 200.000000 39.439745 4.895749 1958.299677 -0.010180 14.046563 200.000000 14.046563 32.719124 13087.649702 -0.400842 26.549386 200.000000 26.549386
 6.400000 0.601359 0.798979 -0.999074 -0.043025 0.645201 -1.613835 0.798979 0.601359 -0.043025 -0.999074 2.940985 1176.394084 0.627486 -31.266217 200.000000 -31.266217 0.020978 8.391125 0.586875 37.279081 200.000000 37.279081 0.040654 16.261464 -0.022862 14.157868 200.000000 14.157868 28.421042 11368.416803 -0.465960 19.298663 200.000000 19.298663
 6.600000 0.764043 0.645165 -0.999651 -0.026413 0.869557 -1.597212 0.645165 0.764043 -0.026413 -0.999651 0.012738 5.095004 0.656451 -31.544499 200.000000 -31.544499 1.103328 441.331192 0.659004 35.866847 200.000000 35.866847 0.008339 3.335645 -0.035544 14.137223 200.000000 14.137223 21.956055 8782.421923 -0.531078 12.850868 200.000000 12.850868
 6.800000 0.824148 0.566374 -0.999945 -0.010450 0.968697 -1.581247 0.566374 0.824148 -0.010450 -0.999945 1.396490 558.596024 0.684547 -31.597503 200.000000 -31.597503 0.905919 362.367525 0.728969 35.352194 200.000000 35.352194 0.142704 57.081524 -0.048226 14.083852 200.000000 14.083852 16.301326 6520.530428 -0.596196 7.246257 200.000000 7.246257
 7.000000 0.808607 0.588349 -0.999690 0.024886 0.941780 -1.545908 0.588349 0.808607 0.024886 -0.999690 0.925399 370.159534 0.684547 -31.597503 200.000000 -31.597503 0.634223 253.689398 0.728969 35.352194 200.000000 35.352194 0.736071 294.428424 -0.060908 14.040680 200.000000 14.040680 11.449816 4579.926266 -0.661315 2.485925 200.000000 2.485925
 7.200000 0.727147 0.686481 -0.999940 -0.010998 0.814157 -1.581794 0.686481 0.727147 -0.010998 -0.999940 0.000374 0.149646 0.684547 -31.597503 200.000000 -31.597503 0.000332 0.132668 0.728969 35.352194 200.000000 35.352194 0.391784 156.713474 -0.073591 14.028741 200.000000 14.028741 7.480600 2992.239805 -0.726433 -1.409182 200.000000 -1.409182
 7.400000 0.734649 0.678448 -0.993202 -0.116401 0.825149 -1.687461 0.678448 0.734649 -0.116401 -0.993202 0.003720 1.488037 0.684547 -31.597503 200.000000 -31.597503 0.003226 1.290468 0.728969 35.352194 200.000000 35.352194 0.090770 36.307928 -0.086273 14.005267 200.000000 14.005267 4.066334 1626.533553 -0.791551 -4.431380 200.000000 -4.431380
 7.600000 0.748215 0.663457 -0.991307 -0.131569 0.845367 -1.702748 0.663457 0.748215 -0.131569 -0.991307 0.044480 17.792083 0.684547 -31.597503 200.000000 -31.597503 0.037041 14.816319 0.728969 35.352194 200.000000 35.352194 0.106372 42.548853 -0.098955 14.041574 200.000000 14.041574 1.812739 725.095723 -0.856669 -6.615939 200.000000 -6.615939
 7.800000 0.677805 0.735242 -0.990089 -0.140439 0.744773 -1.711701 0.735242 0.677805 -0.140439 -0.990089 0.256994 102.797732 0.684547 -31.597503 200.000000 -31.597503 0.261772 104.708659 0.728969 35.352194 200.000000 35.352194 0.082958 33.183256 -0.111637 14.058181 200.000000 14.058181 0.466519 186.607698 -0.921787 -7.955791 200.000000 -7.955791
 8.000000 0.728923 0.684596 -0.970163 -0.242454 0.816747 -1.815691 0.684596 0.728923 -0.242454 -0.970163 0.000000 0.000096 0.684547 -31.597503 200.000000 -31.597503 0.000000 0.000085 0.728969 35.352194 200.000000 35.352194 1.395598 558.239337 -0.124319 14.084067 200.000000 14.084067 0.028031 11.212286 -0.986905 -8.436233 200.000000 -8.436233
 8.200000 0.681240 0.732060 -0.996507 -0.083515 0.749455 -1.654409 0.732060 0.681240 -0.083515 -0.996507 0.225747 90.298757 0.684547 -31.597503 200.000000 -31.597503 0.227800 91.119995 0.728969 35.352194 200.000000 35.352194 0.174875 69.949928 -0.125333 14.074357 200.000000 14.074357 0.001929 0.771517 -0.992115 -8.430798 200.000000 -8.430798
 8.400000 0.712265 0.701911 -0.964353 -0.264618 0.792719 -1.838604 0.701911 0.712265 -0.264618 -0.964353 0.030151 12.060310 0.684547 -31.597503 200.000000 -31.597503 0.027903 11.161010 0.728969 35.352194 200.000000 35.352194 1.940026 776.010248 -0.125333 14.074357 200.000000 14.074357 0.077070 30.827807 -0.992115 -8.430798 200.000000 -8.430798
 8.600000 0.677626 0.735407 -0.997024 -0.077098 0.744530 -1.647971 0.735407 0.677626 -0.077098 -0.997024 0.258669 103.467734 0.684547 -31.597503 200.000000 -31.597503 0.263606 105.442429 0.728969 35.352194 200.000000 35.352194 0.232665 93.065819 -0.125333 14.074357 200.000000 14.074357 0.002410 0.963862 -0.992115 -8.430798 200.000000 -8.430798
 8.800000 0.716262 0.697831 -0.980807 -0.194982 0.798431 -1.767035 0.697831 0.716262 -0.194982 -0.980807 0.017647 7.058737 0.684547 -31.597503 200.000000 -31.597503 0.016145 6.458124 0.728969 35.352194 200.000000 35.352194 0.485089 194.035636 -0.125333 14.074357 200.000000 14.074357 0.012787 5.114649 -0.992115 -8.430798 200.000000 -8.430798
 9.000000 0.762042 0.647528 -0.987155 -0.159766 0.866461 -1.731249 0.647528 0.762042 -0.159766 -0.987155 0.137044 54.817628 0.684547 -31.597503 200.000000 -31.597503 0.109385 43.753820 0.728969 35.352194 200.000000 35.352194 0.118558 47.423297 -0.125333 14.074357 200.000000 14.074357 0.002460 0.983949 -0.992115 -8.430798 200.000000 -8.430798
 9.200000 0.705679 0.708531 -0.989151 -0.146902 0.783381 -1.718231 0.708531 0.705679 -0.146902 -0.989151 0.057524 23.009779 0.684547 -31.597503 200.000000 -31.597503 0.054239 21.695662 0.728969 35.352194 200.000000 35.352194 0.046519 18.607793 -0.125333 14.074357 200.000000 14.074357 0.000878 0.351315 -0.992115 -8.430798 200.000000 -8.430798
 9.400000 0.762582 0.646892 -0.988600 -0.150567 0.867295 -1.721938 0.646892 0.762582 -0.150567 -0.988600 0.141790 56.716172 0.684547 -31.597503 200.000000 -31.597503 0.112983 45.193272 0.728969 35.352194 200.000000 35.352194 0.063674 25.469730 -0.125333 14.074357 200.000000 14.074357 0.001235 0.494179 -0.992115 -8.430798 200.000000 -8.430798
 9.600000 0.752817 0.658229 -0.992597 -0.121452 0.852332 -1.692549 0.658229 0.752817 -0.121452 -0.992597 0.069262 27.704884 0.684547 -31.597503 200.000000 -31.597503 0.056876 22.750597 0.728969 35.352194 200.000000 35.352194 0.001506 0.602412 -0.125333 14.074357 200.000000 14.074357 0.000023 0.009314 -0.992115 -8.430798 200.000000 -8.430798
 9.800000 0.791361 0.611349 -0.995563 -0.094101 0.913032 -1.665037 0.611349 0.791361 -0.094101 -0.995563 0.535792 214.316948 0.684547 -31.597503 200.000000 -31.597503 0.389280 155.711828 0.728969 35.352194 200.000000 35.352194 0.097544 39.017545 -0.125333 14.074357 200.000000 14.074357 0.001189 0.475530 -0.992115 -8.430798 200.000000 -8.430798
 10.000000 0.770691 0.637210 -0.997874 -0.065171 0.879924 -1.636013 0.637210 0.770691 -0.065171 -0.997874 0.224084 89.633437 0.684547 -31.597503 200.000000 -31.597503 0.174072 69.628653 0.728969 35.352194 200.000000 35.352194 0.361951 144.780364 -0.125333 14.074357 200.000000 14.074357 0.003317 1.326836 -0.992115 -8.430798 200.000000 -8.430798
 10.200000 0.736566 0.676365 -0.994878 -0.101083 0.827979 -1.672053 0.676365 0.736566 -0.101083 -0.994878 0.006694 2.677621 0.684547 -31.597503 200.000000 -31.597503 0.005772 2.308964 0.728969 35.352194 200.000000 35.352194 0.058806 23.522411 -0.125333 14.074357 200.000000 14.074357 0.000764 0.305426 -0.992115 -8.430798 200.000000 -8.430798
 10.400000 0.769651 0.638465 -1.000000 -0.000780 0.878295 -1.571576 0.638465 0.769651 -0.000780 -1.000000 0.212359 84.943791 0.684547 -31.597503 200.000000 -31.597503 0.165507 66.202761 0.728969 35.352194 200.000000 35.352194 1.551348 620.539160 -0.125333 14.074357 200.000000 14.074357 0.006217 2.486925 -0.992115 -8.430798 200.000000 -8.430798
 10.600000 0.688978 0.724782 -0.999890 0.014827 0.760079 -1.555969 0.724782 0.688978 0.014827 -0.999890 0.161884 64.753429 0.684547 -31.597503 200.000000 -31.597503 0.159922 63.968698 0.728969 35.352194 200.000000 35.352194 1.964476 785.790260 -0.125333 14.074357 200.000000 14.074357 0.006046 2.418261 -0.992115 -8.430798 200.000000 -8.430798
 10.800000 0.773014 0.634388 -0.994426 -0.105440 0.883579 -1.676433 0.634388 0.773014 -0.105440 -0.994426 0.251589 100.635709 0.684547 -31.597503 200.000000 -31.597503 0.194003 77.601332 0.728969 35.352194 200.000000 35.352194 0.039574 15.829711 -0.125333 14.074357 200.000000 14.074357 0.000534 0.213623 -0.992115 -8.430798 200.000000 -8.430798
 11.000000 0.780913 0.624640 -0.997527 -0.070284 0.896126 -1.641139 0.624640 0.780913 -0.070284 -0.997527 0.358890 143.555825 0.684547 -31.597503 200.000000 -31.597503 0.269823 107.929018 0.728969 35.352194 200.000000 35.352194 0.303038 121.215205 -0.125333 14.074357 200.000000 14.074357 0.002929 1.171718 -0.992115 -8.430798 200.000000 -8.430798
 11.200000 0.779419 0.626503 -0.999759 -0.021974 0.893738 -1.592772 0.626503 0.779419 -0.021974 -0.999759 0.336915 134.765919 0.684547 -31.597503 200.000000 -31.597503 0.254526 101.810469 0.728969 35.352194 200.000000 35.352194 1.068316 427.326497 -0.125333 14.074357 200.000000 14.074357 0.005843 2.337134 -0.992115 -8.430798 200.000000 -8.430798
 11.400000 0.718119 0.695920 -0.999592 -0.028556 0.801096 -1.599356 0.695920 0.718119 -0.028556 -0.999592 0.012935 5.173845 0.684547 -31.597503 200.000000 -31.597503 0.011771 4.708427 0.728969 35.352194 200.000000 35.352194 0.936578 374.631222 -0.125333 14.074357 200.000000 14.074357 0.005591 2.236511 -0.992115 -8.430798 200.000000 -8.430798
 11.600000 0.755086 0.655625 -0.999493 -0.031841 0.855786 -1.602643 0.655625 0.755086 -0.031841 -0.999493 0.083646 33.458494 0.684547 -31.597503 200.000000 -31.597503 0.068213 27.285247 0.728969 35.352194 200.000000 35.352194 0.874075 349.630102 -0.125333 14.074357 200.000000 14.074357 0.005444 2.177536 -0.992115 -8.430798 200.000000 -8.430798
 11.800000 0.798484 0.602016 -0.998957 -0.045667 0.924773 -1.616479 0.602016 0.798484 -0.045667 -0.998957 0.681141 272.456530 0.684547 -31.597503 200.000000 -31.597503 0.483241 193.296368 0.728969 35.352194 200.000000 35.352194 0.634674 253.869464 -0.125333 14.074357 200.000000 14.074357 0.004681 1.872532 -0.992115 -8.430798 200.000000 -8.430798
 12.000000 0.691865 0.722026 -0.998174 -0.060398 0.764069 -1.631231 0.722026 0.691865 -0.060398 -0.998174 0.140470 56.188164 0.684547 -31.597503 200.000000 -31.597503 0.137665 55.065940 0.728969 35.352194 200.000000 35.352194 0.421658 168.663357 -0.125333 14.074357 200.000000 14.074357 0.003672 1.468785 -0.992115 -8.430798 200.000000 -8.430798
 12.200000 0.733160 0.680057 -0.987263 -0.159094 0.822957 -1.730569 0.680057 0.733160 -0.159094 -0.987263 0.002017 0.806615 0.684547 -31.597503 200.000000 -31.597503 0.001757 0.702601 0.728969 35.352194 200.000000 35.352194 0.113977 45.590761 -0.125333 14.074357 200.000000 14.074357 0.002353 0.941371 -0.992115 -8.430798 200.000000 -8.430798
 12.400000 0.717485 0.696574 -0.987359 -0.158499 0.800185 -1.729967 0.696574 0.717485 -0.158499 -0.987359 0.014464 5.785744 0.684547 -31.597503 200.000000 -31.597503 0.013187 5.274892 0.728969 35.352194 200.000000 35.352194 0.109998 43.999177 -0.125333 14.074357 200.000000 14.074357 0.002262 0.904626 -0.992115 -8.430798 200.000000 -8.430798
 12.600000 0.726590 0.687072 -0.990902 -0.134589 0.813345 -1.705795 0.687072 0.726590 -0.134589 -0.990902 0.000637 0.254954 0.684547 -31.597503 200.000000 -31.597503 0.000566 0.226396 0.728969 35.352194 200.000000 35.352194 0.008566 3.426471 -0.125333 14.074357 200.000000 14.074357 0.000147 0.058868 -0.992115 -8.430798 200.000000 -8.430798
 12.800000 0.729232 0.684267 -0.980496 -0.196539 0.817199 -1.768623 0.684267 0.729232 -0.196539 -0.980496 0.000008 0.003146 0.684547 -31.597503 200.000000 -31.597503 0.000007 0.002773 0.728969 35.352194 200.000000 35.352194 0.507024 202.809567 -0.125333 14.074357 200.000000 14.074357 0.013499 5.399733 -0.992115 -8.430798 200.000000 -8.430798
 13.000000 0.760861 0.648915 -0.992840 -0.119452 0.864638 -1.690535 0.648915 0.760861 -0.119452 -0.992840 0.126962 50.784919 0.684547 -31.597503 200.000000 -31.597503 0.101710 40.683972 0.728969 35.352194 200.000000 35.352194 0.003459 1.383401 -0.125333 14.074357 200.000000 14.074357 0.000053 0.021039 -0.992115 -8.430798 200.000000 -8.430798
 13.200000 0.712747 0.701421 -0.993003 -0.118085 0.793407 -1.689158 0.701421 0.712747 -0.118085 -0.993003 0.028473 11.389176 0.684547 -31.597503 200.000000 -31.597503 0.026314 10.525422 0.728969 35.352194 200.000000 35.352194 0.005253 2.101269 -0.125333 14.074357 200.000000 14.074357 0.000079 0.031595 -0.992115 -8.430798 200.000000 -8.430798
 13.400000 0.727766 0.685826 -0.988812 -0.149169 0.815059 -1.720524 0.685826 0.727766 -0.149169 -0.988812 0.000163 0.065388 0.684547 -31.597503 200.000000 -31.597503 0.000145 0.057865 0.728969 35.352194 200.000000 35.352194 0.056814 22.725602 -0.125333 14.074357 200.000000 14.074357 0.001091 0.436385 -0.992115 -8.430798 200.000000 -8.430798
 13.600000 0.771144 0.636661 -0.995341 -0.096417 0.880636 -1.667364 0.636661 0.771144 -0.096417 -0.995341 0.229311 91.724381 0.684547 -31.597503 200.000000 -31.597503 0.177877 71.150715 0.728969 35.352194 200.000000 35.352194 0.083613 33.445375 -0.125333 14.074357 200.000000 14.074357 0.001041 0.416361 -0.992115 -8.430798 200.000000 -8.430798
 13.800000 0.747309 0.664477 -0.976224 -0.216766 0.844003 -1.789297 0.664477 0.747309 -0.216766 -0.976224 0.040281 16.112449 0.684547 -31.597503 200.000000 -31.597503 0.033636 13.454421 0.728969 35.352194 200.000000 35.352194 0.835999 334.399637 -0.125333 14.074357 200.000000 14.074357 0.025253 10.101156 -0.992115 -8.430798 200.000000 -8.430798
 14.000000 0.745911 0.666045 -0.980981 -0.194106 0.841902 -1.766142 0.666045 0.745911 -0.194106 -0.980981 0.034231 13.692496 0.684547 -31.597503 200.000000 -31.597503 0.028705 11.482013 0.728969 35.352194 200.000000 35.352194 0.472969 189.187677 -0.125333 14.074357 200.000000 14.074357 0.012397 4.958761 -0.992115 -8.430798 200.000000 -8.430798
 14.200000 0.724131 0.689663 -0.988122 -0.153674 0.809773 -1.725082 0.689663 0.724131 -0.153674 -0.988122 0.002617 1.046696 0.684547 -31.597503 200.000000 -31.597503 0.002340 0.936129 0.728969 35.352194 200.000000 35.352194 0.080322 32.128633 -0.125333 14.074357 200.000000 14.074357 0.001595 0.637808 -0.992115 -8.430798 200.000000 -8.430798
 14.400000 0.776939 0.629575 -0.984941 -0.172889 0.889790 -1.744558 0.629575 0.776939 -0.172889 -0.984941 0.302190 120.875873 0.684547 -31.597503 200.000000 -31.597503 0.230120 92.048000 0.728969 35.352194 200.000000 35.352194 0.226151 90.460233 -0.125333 14.074357 200.000000 14.074357 0.005146 2.058251 -0.992115 -8.430798 200.000000 -8.430798
 14.600000 0.752731 0.658328 -0.991321 -0.131463 0.852201 -1.702641 0.658328 0.752731 -0.131463 -0.991321 0.068745 27.498163 0.684547 -31.597503 200.000000 -31.597503 0.056467 22.586773 0.728969 35.352194 200.000000 35.352194 0.003757 1.502863 -0.125333 14.074357 200.000000 14.074357 0.000063 0.025192 -0.992115 -8.430798 200.000000 -8.430798
 14.800000 0.740797 0.671729 -0.993861 -0.110633 0.834256 -1.681657 0.671729 0.740797 -0.110633 -0.993861 0.016430 6.571972 0.684547 -31.597503 200.000000 -31.597503 0.013991 5.596235 0.728969 35.352194 200.000000 35.352194 0.021609 8.643442 -0.125333 14.074357 200.000000 14.074357 0.000305 0.122022 -0.992115 -8.430798 200.000000 -8.430798
 15.000000 0.729319 0.684174 -0.999787 -0.020656 0.817326 -1.591454 0.684174 0.729319 -0.020656 -0.999787 0.000014 0.005567 0.684547 -31.597503 200.000000 -31.597503 0.000012 0.004904 0.728969 35.352194 200.000000 35.352194 1.095733 438.293236 -0.125333 14.074357 200.000000 14.074357 0.005886 2.354347 -0.992115 -8.430798 200.000000 -8.430798
 15.200000 0.732924 0.680311 -0.997100 -0.076103 0.822610 -1.646973 0.680311 0.732924 -0.076103 -0.997100 0.001795 0.717836 0.684547 -31.597503 200.000000 -31.597503 0.001564 0.625704 0.728969 35.352194 200.000000 35.352194 0.242360 96.944150 -0.125333 14.074357 200.000000 14.074357 0.002485 0.994109 -0.992115 -8.430798 200.000000 -8.430798
 15.400000 0.737771 0.675051 -0.999258 -0.038509 0.829762 -1.609315 0.675051 0.737771 -0.038509 -0.999258 0.009018 3.607018 0.684547 -31.597503 200.000000 -31.597503 0.007748 3.099298 0.728969 35.352194 200.000000 35.352194 0.753841 301.536339 -0.125333 14.074357 200.000000 14.074357 0.005103 2.041208 -0.992115 -8.430798 200.000000 -8.430798
 15.600000 0.744424 0.667708 -0.999117 -0.042021 0.839671 -1.612829 0.667708 0.744424 -0.042021 -0.999117 0.028357 11.342837 0.684547 -31.597503 200.000000 -31.597503 0.023886 9.554365 0.728969 35.352194 200.000000 35.352194 0.694097 277.638777 -0.125333 14.074357 200.000000 14.074357 0.004903 1.961141 -0.992115 -8.430798 200.000000 -8.430798
 15.800000 0.709003 0.705206 -0.997186 -0.074972 0.788083 -1.645839 0.705206 0.709003 -0.074972 -0.997186 0.042677 17.070871 0.684547 -31.597503 200.000000 -31.597503 0.039863 15.945206 0.728969 35.352194 200.000000 35.352194 0.253624 101.449458 -0.125333 14.074357 200.000000 14.074357 0.002571 1.028571 -0.992115 -8.430798 200.000000 -8.430798
 16.000000 0.770379 0.637587 -0.997819 -0.066005 0.879435 -1.636849 0.637587 0.770379 -0.066005 -0.997819 0.220529 88.211518 0.684547 -31.597503 200.000000 -31.597503 0.171479 68.591700 0.728969 35.352194 200.000000 35.352194 0.351989 140.795664 -0.125333 14.074357 200.000000 14.074357 0.003254 1.301708 -0.992115 -8.430798 200.000000 -8.430798
 16.200000 0.748491 0.663144 -0.997305 -0.073365 0.845784 -1.644227 0.663144 0.748491 -0.073365 -0.997305 0.045807 18.322865 0.684547 -31.597503 200.000000 -31.597503 0.038114 15.245545 0.728969 35.352194 200.000000 35.352194 0.270072 108.028908 -0.125333 14.074357 200.000000 14.074357 0.002694 1.077641 -0.992115 -8.430798 200.000000 -8.430798
 16.400000 0.789895 0.613243 -0.991535 -0.129837 0.910637 -1.701001 0.613243 0.789895 -0.129837 -0.991535 0.508433 203.373105 0.684547 -31.597503 200.000000 -31.597503 0.371197 148.478940 0.728969 35.352194 200.000000 35.352194 0.002028 0.811246 -0.125333 14.074357 200.000000 14.074357 0.000034 0.013424 -0.992115 -8.430798 200.000000 -8.430798
 16.600000 0.753757 0.657153 -0.994006 -0.109329 0.853761 -1.680345 0.657153 0.753757 -0.109329 -0.994006 0.075043 30.017266 0.684547 -31.597503 200.000000 -31.597503 0.061447 24.578787 0.728969 35.352194 200.000000 35.352194 0.025612 10.244826 -0.125333 14.074357 200.000000 14.074357 0.000358 0.143015 -0.992115 -8.430798 200.000000 -8.430798
 16.800000 0.728567 0.684974 -0.996721 -0.080920 0.816228 -1.651805 0.684974 0.728567 -0.080920 -0.996721 0.000018 0.007296 0.684547 -31.597503 200.000000 -31.597503 0.000016 0.006441 0.728969 35.352194 200.000000 35.352194 0.197256 78.902343 -0.125333 14.074357 200.000000 14.074357 0.002121 0.848580 -0.992115 -8.430798 200.000000 -8.430798
 17.000000 0.731604 0.681729 -0.987940 -0.154835 0.820673 -1.726257 0.681729 0.731604 -0.154835 -0.987940 0.000794 0.317590 0.684547 -31.597503 200.000000 -31.597503 0.000695 0.277905 0.728969 35.352194 200.000000 35.352194 0.087038 34.815117 -0.125333 14.074357 200.000000 14.074357 0.001743 0.697031 -0.992115 -8.430798 200.000000 -8.430798
 17.200000 0.723668 0.690149 -0.986006 -0.166709 0.809102 -1.738287 0.690149 0.723668 -0.166709 -0.986006 0.003138 1.255054 0.684547 -31.597503 200.000000 -31.597503 0.002810 1.123988 0.728969 35.352194 200.000000 35.352194 0.171195 68.477967 -0.125333 14.074357 200.000000 14.074357 0.003731 1.492576 -0.992115 -8.430798 200.000000 -8.430798
 17.400000 0.726167 0.687519 -0.995984 -0.089536 0.812730 -1.660452 0.687519 0.726167 -0.089536 -0.995984 0.000883 0.353256 0.684547 -31.597503 200.000000 -31.597503 0.000785 0.314074 0.728969 35.352194 200.000000 35.352194 0.128146 51.258367 -0.125333 14.074357 200.000000 14.074357 0.001497 0.598738 -0.992115 -8.430798 200.000000 -8.430798
 17.600000 0.685341 0.728222 -0.990441 -0.137939 0.755072 -1.709176 0.728222 0.685341 -0.137939 -0.990441 0.190753 76.301092 0.684547 -31.597503 200.000000 -31.597503 0.190338 76.135007 0.728969 35.352194 200.000000 35.352194 0.015889 6.355772 -0.125333 14.074357 200.000000 14.074357 0.000280 0.112080 -0.992115 -8.430798 200.000000 -8.430798
 17.800000 0.767084 0.641547 -0.997955 -0.063916 0.874283 -1.634756 0.641547 0.767084 -0.063916 -0.997955 0.184902 73.960981 0.684547 -31.597503 200.000000 -31.597503 0.145277 58.110895 0.728969 35.352194 200.000000 35.352194 0.377203 150.881221 -0.125333 14.074357 200.000000 14.074357 0.003411 1.364484 -0.992115 -8.430798 200.000000 -8.430798
 18.000000 0.741089 0.671406 -0.993573 -0.113195 0.834692 -1.684235 0.671406 0.741089 -0.113195 -0.993573 0.017268 6.907268 0.684547 -31.597503 200.000000 -31.597503 0.014692 5.876609 0.728969 35.352194 200.000000 35.352194 0.014733 5.893367 -0.125333 14.074357 200.000000 14.074357 0.000213 0.085040 -0.992115 -8.430798 200.000000 -8.430798
 18.200000 0.697991 0.716106 -0.993922 -0.110085 0.772588 -1.681105 0.716106 0.697991 -0.110085 -0.993922 0.099599 39.839402 0.684547 -31.597503 200.000000 -31.597503 0.095960 38.384042 0.728969 35.352194 200.000000 35.352194 0.023252 9.300609 -0.125333 14.074357 200.000000 14.074357 0.000327 0.130682 -0.992115 -8.430798 200.000000 -8.430798
 18.400000 0.762341 0.647175 -0.991610 -0.129262 0.866923 -1.700421 0.647175 0.762341 -0.129262 -0.991610 0.139664 55.865722 0.684547 -31.597503 200.000000 -31.597503 0.111372 44.548921 0.728969 35.352194 200.000000 35.352194 0.001544 0.617497 -0.125333 14.074357 200.000000 14.074357 0.000025 0.010171 -0.992115 -8.430798 200.000000 -8.430798
 18.600000 0.706209 0.708003 -0.989210 -0.146507 0.784130 -1.717832 0.708003 0.706209 -0.146507 -0.989210 0.055018 22.007113 0.684547 -31.597503 200.000000 -31.597503 0.051798 20.719207 0.728969 35.352194 200.000000 35.352194 0.044831 17.932444 -0.125333 14.074357 200.000000 14.074357 0.000844 0.337563 -0.992115 -8.430798 200.000000 -8.430798
 18.800000 0.741205 0.671279 -0.992980 -0.118284 0.834863 -1.689358 0.671279 0.741205 -0.118284 -0.992980 0.017604 7.041526 0.684547 -31.597503 200.000000 -31.597503 0.014972 5.988773 0.728969 35.352194 200.000000 35.352194 0.004969 1.987446 -0.125333 14.074357 200.000000 14.074357 0.000075 0.029933 -0.992115 -8.430798 200.000000 -8.430798
 19.000000 0.782890 0.622160 -0.985720 -0.168395 0.899298 -1.739998 0.622160 0.782890 -0.168395 -0.985720 0.389216 155.686441 0.684547 -31.597503 200.000000 -31.597503 0.290753 116.301355 0.728969 35.352194 200.000000 35.352194 0.185435 74.174098 -0.125333 14.074357 200.000000 14.074357 0.004090 1.635932 -0.992115 -8.430798 200.000000 -8.430798
 19.200000 0.738739 0.673992 -0.989513 -0.144444 0.831197 -1.715747 0.673992 0.738739 -0.144444 -0.989513 0.011142 4.456637 0.684547 -31.597503 200.000000 -31.597503 0.009546 3.818320 0.728969 35.352194 200.000000 35.352194 0.036521 14.608551 -0.125333 14.074357 200.000000 14.074357 0.000677 0.270753 -0.992115 -8.430798 200.000000 -8.430798
 19.400000 0.728000 0.685577 -0.987144 -0.159834 0.815400 -1.731318 0.685577 0.728000 -0.159834 -0.987144 0.000106 0.042466 0.684547 -31.597503 200.000000 -31.597503 0.000094 0.037555 0.728969 35.352194 200.000000 35.352194 0.119027 47.610996 -0.125333 14.074357 200.000000 14.074357 0.002471 0.988326 -0.992115 -8.430798 200.000000 -8.430798
 19.600000 0.724962 0.688789 -0.992146 -0.125089 0.810979 -1.696214 0.688789 0.724962 -0.125089 -0.992146 0.001800 0.719843 0.684547 -31.597503 200.000000 -31.597503 0.001606 0.642251 0.728969 35.352194 200.000000 35.352194 0.000006 0.002386 -0.125333 14.074357 200.000000 14.074357 0.000000 0.000038 -0.992115 -8.430798 200.000000 -8.430798
 19.800000 0.801613 0.597843 -0.984656 -0.174507 0.929989 -1.746201 0.597843 0.801613 -0.174507 -0.984656 0.751760 300.703851 0.684547 -31.597503 200.000000 -31.597503 0.527723 211.089305 0.728969 35.352194 200.000000 35.352194 0.241801 96.720472 -0.125333 14.074357 200.000000 14.074357 0.005563 2.225278 -0.992115 -8.430798 200.000000 -8.430798
 20.000000 0.735194 0.677856 -0.992386 -0.123167 0.825954 -1.694277 0.677856 0.735194 -0.123167 -0.992386 0.004477 1.790721 0.684547 -31.597503 200.000000 -31.597503 0.003876 1.550459 0.728969 35.352194 200.000000 35.352194 0.000469 0.187722 -0.125333 14.074357 200.000000 14.074357 0.000007 0.002944 -0.992115 -8.430798 200.000000 -8.430798
