#! FIELDS time sin_phi cos_phi sin_psi cos_psi phi psi cos_phi sin_phi cos_psi sin_psi restraint_phi_cos.bias restraint_phi_cos.force2 restraint_phi_cos.cos_phi_cntr restraint_phi_cos.cos_phi_work restraint_phi_cos.cos_phi_kappa restraint_phi_cos.work restraint_phi_sin.bias restraint_phi_sin.force2 restraint_phi_sin.sin_phi_cntr restraint_phi_sin.sin_phi_work restraint_phi_sin.sin_phi_kappa restraint_phi_sin.work restraint_psi_cos.bias restraint_psi_cos.force2 restraint_psi_cos.cos_psi_cntr restraint_psi_cos.cos_psi_work restraint_psi_cos.cos_psi_kappa restraint_psi_cos.work restraint_psi_sin.bias restraint_psi_sin.force2 restraint_psi_sin.sin_psi_cntr restraint_psi_sin.sin_psi_work restraint_psi_sin.sin_psi_kappa restraint_psi_sin.work
#! SET min_phi -pi
#! SET max_phi pi
#! SET min_psi -pi
#! SET max_psi pi
 0.000000 -0.999983 -0.005782 0.966116 0.258110 -1.576579 1.309731 -0.005782 -0.999983 0.258110 0.966116 0.000000 0.000000 -0.009747 0.000000 0.000000 0.000000 0.000000 0.000000 -0.999953 0.000000 0.000000 0.000000 0.000000 0.000000 0.256142 0.000000 0.000000 0.000000 0.000000 0.000000 0.966639 0.000000 0.000000 0.000000
 0.200000 -1.000000 -0.000266 0.834656 0.550772 -1.571062 0.987508 -0.000266 -1.000000 0.550772 0.834656 0.000899 0.035955 -0.009747 0.429321 20.000000 0.429321 0.000000 0.000001 -0.999953 0.008204 20.000000 0.008204 0.868065 34.722587 0.256142 0.437497 20.000000 0.437497 0.174196 6.967822 0.966639 0.079186 20.000000 0.079186
 0.400000 -0.998237 0.059346 0.982967 0.183784 -1.511415 1.385962 0.059346 -0.998237 0.183784 0.982967 0.095476 7.638063 -0.009747 0.576152 40.000000 0.576152 0.000059 0.004706 -0.999953 0.009175 40.000000 0.009175 0.104715 8.377184 0.256142 0.652623 40.000000 0.652623 0.005332 0.426545 0.966639 0.103853 40.000000 0.103853
 0.600000 -0.997905 0.064694 0.969726 0.244195 -1.506057 1.324107 0.064694 -0.997905 0.244195 0.969726 0.166241 19.948918 -0.009747 0.652738 60.000000 0.652738 0.000126 0.015090 -0.999953 0.009549 60.000000 0.009549 0.004282 0.513884 0.256142 0.812950 60.000000 0.812950 0.000286 0.034310 0.966639 0.126978 60.000000 0.126978
 0.800000 -0.999998 0.001900 0.948099 0.317977 -1.568897 1.247202 0.001900 -0.999998 0.317977 0.948099 0.005425 0.868058 -0.009747 0.745436 80.000000 0.745436 0.000000 0.000013 -0.999953 0.009931 80.000000 0.009931 0.152938 24.470136 0.256142 0.870390 80.000000 0.870390 0.013750 2.199994 0.966639 0.131256 80.000000 0.131256
 1.000000 -0.997907 -0.064664 0.983714 0.179740 -1.635505 1.390074 -0.064664 -0.997907 0.179740 0.983714 0.150795 30.158950 -0.009747 0.830200 100.000000 0.830200 0.000209 0.041836 -0.999953 0.010215 100.000000 0.010215 0.291866 58.373296 0.256142 0.906285 100.000000 0.906285 0.014578 2.915589 0.966639 0.133900 100.000000 0.133900
 1.200000 -0.998632 0.052283 0.985233 0.171221 -1.518489 1.398728 0.052283 -0.998632 0.171221 0.985233 0.230861 55.406593 -0.009747 0.926076 120.000000 0.926076 0.000105 0.025098 -0.999953 0.010632 120.000000 0.010632 0.432703 103.848639 0.256142 0.992002 120.000000 0.992002 0.020743 4.978426 0.966639 0.141239 120.000000 0.141239
 1.400000 -0.999099 0.042450 0.979951 0.199238 -1.528334 1.370216 0.042450 -0.999099 0.199238 0.979951 0.190711 53.399045 -0.009747 0.960891 140.000000 0.960891 0.000051 0.014291 -0.999953 0.010712 140.000000 0.010712 0.226664 63.465860 0.256142 1.092922 140.000000 1.092922 0.012405 3.473287 0.966639 0.149514 140.000000 0.149514
 1.600000 -0.999952 0.009788 0.961509 0.274775 -1.561008 1.292441 0.009788 -0.999952 0.274775 0.961509 0.030528 9.768983 -0.009747 1.007034 160.000000 1.007034 0.000000 0.000000 -0.999953 0.010844 160.000000 0.010844 0.027774 8.887593 0.256142 1.162404 160.000000 1.162404 0.002106 0.673841 0.966639 0.156247 160.000000 0.156247
 1.800000 -0.999822 -0.018890 0.970255 0.242087 -1.589688 1.326281 -0.018890 -0.999822 0.242087 0.970255 0.007525 2.709001 -0.009747 1.052059 180.000000 1.052059 0.000002 0.000556 -0.999953 0.010933 180.000000 0.010933 0.017781 6.401157 0.256142 1.193843 180.000000 1.193843 0.001177 0.423550 0.966639 0.158902 180.000000 0.158902
 2.000000 -0.987244 0.159215 0.942677 0.333708 -1.410901 1.230562 0.159215 -0.987244 0.333708 0.942677 2.854784 1141.913410 -0.009747 1.082091 200.000000 1.082091 0.016151 6.460231 -0.999953 0.011014 200.000000 0.011014 0.601639 240.655703 0.256142 1.219996 200.000000 1.219996 0.057420 22.968050 0.966639 0.161398 200.000000 0.161398
 2.200000 -0.999797 -0.020165 0.951725 0.306950 -1.590963 1.258809 -0.020165 -0.999797 0.306950 0.951725 0.760946 304.378502 -0.107397 1.506406 200.000000 1.506406 0.035970 14.387903 -0.980831 0.030239 200.000000 0.030239 1.702794 681.117725 0.176459 1.413168 200.000000 1.413168 0.081190 32.475936 0.923232 0.388996 200.000000 0.388996
 2.400000 -0.988980 -0.148051 0.974330 0.225126 -1.719394 1.343724 -0.148051 -0.988980 0.225126 0.974330 0.324862 129.944862 -0.205048 2.092368 200.000000 2.092368 0.074367 29.746669 -0.961709 0.104070 200.000000 0.104070 1.647378 658.951126 0.096776 1.691821 200.000000 1.691821 0.893125 357.250033 0.879824 1.114628 200.000000 1.114628
 2.600000 -0.918485 -0.395456 0.978609 0.205729 -1.977360 1.363588 -0.395456 -0.918485 0.205729 0.978609 0.860386 344.154513 -0.302699 2.296489 200.000000 2.296489 0.058095 23.237831 -0.942588 0.159433 200.000000 0.159433 3.558333 1423.333124 0.017093 1.787196 200.000000 1.787196 2.021863 808.745190 0.836417 2.304493 200.000000 2.304493
 2.800000 -0.947868 -0.318664 0.999495 0.031773 -1.895116 1.539018 -0.318664 -0.947868 0.031773 0.999495 0.244635 97.854178 -0.368125 2.283143 200.000000 2.283143 0.032729 13.091781 -0.929776 0.169915 200.000000 0.169915 0.890436 356.174468 -0.062590 1.477870 200.000000 1.477870 4.263632 1705.452755 0.793009 3.871436 200.000000 3.871436
 3.000000 -0.929638 -0.368475 0.986012 -0.166673 -1.948164 1.738250 -0.368475 -0.929638 -0.166673 0.986012 0.000012 0.004909 -0.368125 2.283143 200.000000 2.283143 0.000002 0.000770 -0.929776 0.169915 200.000000 0.169915 0.059534 23.813555 -0.142273 0.857679 200.000000 0.857679 5.588979 2235.591423 0.749602 5.726558 200.000000 5.726558
 3.200000 -0.924081 -0.382198 0.907379 -0.420314 -1.962970 2.004587 -0.382198 -0.924081 -0.420314 0.907379 0.019805 7.922000 -0.368125 2.283143 200.000000 2.283143 0.003244 1.297710 -0.929776 0.169915 200.000000 0.169915 3.934568 1573.827241 -0.221956 -0.240821 200.000000 -0.240821 4.047508 1619.003331 0.706195 7.766936 200.000000 7.766936
 3.400000 -0.920042 -0.391820 0.859025 -0.511933 -1.973406 2.108230 -0.391820 -0.920042 -0.511933 0.859025 0.056149 22.459652 -0.368125 2.283143 200.000000 2.283143 0.009477 3.790610 -0.929776 0.169915 200.000000 0.169915 4.422348 1768.939370 -0.301639 -1.899145 200.000000 -1.899145 3.850937 1540.374775 0.662787 9.861470 200.000000 9.861470
 3.600000 -0.952956 -0.303107 0.834776 -0.550590 -1.878748 2.153867 -0.303107 -0.952956 -0.550590 0.834776 0.422724 169.089599 -0.368125 2.283143 200.000000 2.283143 0.053731 21.492385 -0.929776 0.169915 200.000000 0.169915 2.865151 1146.060313 -0.381322 -4.057963 200.000000 -4.057963 4.639542 1855.816781 0.619380 11.892802 200.000000 11.892802
 3.800000 -0.961453 -0.274970 0.687956 -0.725753 -1.849355 2.382924 -0.274970 -0.961453 -0.725753 0.687956 0.867781 347.112300 -0.368125 2.283143 200.000000 2.283143 0.100339 40.135715 -0.929776 0.169915 200.000000 0.169915 7.009114 2803.645650 -0.461005 -6.691834 200.000000 -6.691834 1.254021 501.608526 0.575972 13.703828 200.000000 13.703828
 4.000000 -0.962313 -0.271946 0.662362 -0.749184 -1.846211 2.417625 -0.271946 -0.962313 -0.749184 0.662362 0.925037 370.014602 -0.368125 2.283143 200.000000 2.283143 0.105860 42.343918 -0.929776 0.169915 200.000000 0.169915 4.347014 1738.805781 -0.540689 -9.266906 200.000000 -9.266906 1.684736 673.894422 0.532565 15.374474 200.000000 15.374474
 4.200000 -0.963466 -0.267832 0.611782 -0.791027 -1.841939 2.483282 -0.267832 -0.963466 -0.791027 0.611782 1.005851 402.340409 -0.368125 2.283143 200.000000 2.283143 0.113495 45.398016 -0.929776 0.169915 200.000000 0.169915 2.912311 1164.924216 -0.620372 -12.044775 200.000000 -12.044775 1.503666 601.466433 0.489158 16.606250 200.000000 16.606250
 4.400000 -0.931033 -0.364936 0.470459 -0.882422 -1.944360 2.651781 -0.364936 -0.931033 -0.882422 0.470459 0.001017 0.406665 -0.368125 2.283143 200.000000 2.283143 0.000158 0.063112 -0.929776 0.169915 200.000000 0.169915 3.325770 1330.307859 -0.700055 -14.598868 200.000000 -14.598868 0.061053 24.421400 0.445750 17.489637 200.000000 17.489637
 4.600000 -0.924528 -0.381114 0.430694 -0.902498 -1.961797 2.696331 -0.381114 -0.924528 -0.902498 0.430694 0.016873 6.749235 -0.368125 2.283143 200.000000 2.283143 0.002755 1.101877 -0.929776 0.169915 200.000000 0.169915 1.507006 602.802327 -0.779738 -16.515252 200.000000 -16.515252 0.080378 32.151375 0.402343 18.211860 200.000000 18.211860
 4.800000 -0.931181 -0.364557 0.400657 -0.916228 -1.943954 2.729359 -0.364557 -0.931181 -0.916228 0.400657 0.001272 0.508988 -0.368125 2.283143 200.000000 2.283143 0.000197 0.078898 -0.929776 0.169915 200.000000 0.169915 0.322707 129.082723 -0.859421 -17.908481 200.000000 -17.908481 0.174066 69.626384 0.358936 18.542346 200.000000 18.542346
 5.000000 -0.929276 -0.369387 0.374832 -0.927093 -1.949146 2.757377 -0.369387 -0.929276 -0.927093 0.374832 0.000159 0.063790 -0.368125 2.283143 200.000000 2.283143 0.000025 0.010039 -0.929776 0.169915 200.000000 0.169915 0.014427 5.770981 -0.939104 -18.390587 200.000000 -18.390587 0.351699 140.679648 0.315528 18.782395 200.000000 18.782395
 5.200000 -0.905623 -0.424084 0.306606 -0.951837 -2.008747 2.829968 -0.424084 -0.905623 -0.951837 0.306606 0.313150 125.259858 -0.368125 2.283143 200.000000 2.283143 0.058341 23.336206 -0.929776 0.169915 200.000000 0.169915 0.000061 0.024341 -0.951057 -18.399097 200.000000 -18.399097 0.000581 0.232558 0.309017 18.784132 200.000000 18.784132
 5.400000 -0.888631 -0.458623 0.360092 -0.932917 -2.047241 2.773226 -0.458623 -0.888631 -0.932917 0.360092 0.818995 327.597911 -0.368125 2.283143 200.000000 2.283143 0.169295 67.718046 -0.929776 0.169915 200.000000 0.169915 0.032905 13.161875 -0.951057 -18.399097 200.000000 -18.399097 0.260864 104.345515 0.309017 18.784132 200.000000 18.784132
 5.600000 -0.924873 -0.380276 0.330430 -0.943831 -1.960891 2.804834 -0.380276 -0.924873 -0.943831 0.330430 0.014765 5.906096 -0.368125 2.283143 200.000000 2.283143 0.002404 0.961711 -0.929776 0.169915 200.000000 0.169915 0.005221 2.088518 -0.951057 -18.399097 200.000000 -18.399097 0.045850 18.339878 0.309017 18.784132 200.000000 18.784132
 5.800000 -0.943124 -0.332441 0.310703 -0.950507 -1.909687 2.825660 -0.332441 -0.943124 -0.950507 0.310703 0.127333 50.933051 -0.368125 2.283143 200.000000 2.283143 0.017816 7.126358 -0.929776 0.169915 200.000000 0.169915 0.000030 0.012073 -0.951057 -18.399097 200.000000 -18.399097 0.000284 0.113667 0.309017 18.784132 200.000000 18.784132
 6.000000 -0.905645 -0.424037 0.394243 -0.919006 -2.008695 2.736348 -0.424037 -0.905645 -0.919006 0.394243 0.312620 125.048072 -0.368125 2.283143 200.000000 2.283143 0.058234 23.293404 -0.929776 0.169915 200.000000 0.169915 0.102723 41.089188 -0.951057 -18.399097 200.000000 -18.399097 0.726353 290.541130 0.309017 18.784132 200.000000 18.784132
 6.200000 -0.924743 -0.380592 0.327081 -0.944996 -1.961233 2.808380 -0.380592 -0.924743 -0.944996 0.327081 0.015544 6.217405 -0.368125 2.283143 200.000000 2.283143 0.002534 1.013400 -0.929776 0.169915 200.000000 0.169915 0.003673 1.469039 -0.951057 -18.399097 200.000000 -18.399097 0.032631 13.052270 0.309017 18.784132 200.000000 18.784132
 6.400000 -0.947642 -0.319334 0.270121 -0.962826 -1.895823 2.868074 -0.319334 -0.947642 -0.962826 0.270121 0.238047 95.218825 -0.368125 2.283143 200.000000 2.283143 0.031918 12.767159 -0.929776 0.169915 200.000000 0.169915 0.013853 5.541115 -0.951057 -18.399097 200.000000 -18.399097 0.151288 60.515040 0.309017 18.784132 200.000000 18.784132
 6.600000 -0.961835 -0.273632 0.242960 -0.970036 -1.847963 2.896177 -0.273632 -0.961835 -0.970036 0.242960 0.892890 357.156164 -0.368125 2.283143 200.000000 2.283143 0.102772 41.108786 -0.929776 0.169915 200.000000 0.169915 0.036024 14.409478 -0.951057 -18.399097 200.000000 -18.399097 0.436359 174.543538 0.309017 18.784132 200.000000 18.784132
 6.800000 -0.939331 -0.343011 0.224818 -0.974401 -1.920917 2.914837 -0.343011 -0.939331 -0.974401 0.224818 0.063067 25.226691 -0.368125 2.283143 200.000000 2.283143 0.009129 3.651716 -0.929776 0.169915 200.000000 0.169915 0.054496 21.798343 -0.951057 -18.399097 200.000000 -18.399097 0.708954 283.581473 0.309017 18.784132 200.000000 18.784132
 7.000000 -0.928205 -0.372069 0.274258 -0.961656 -1.952033 2.863774 -0.372069 -0.928205 -0.961656 0.274258 0.001556 0.622311 -0.368125 2.283143 200.000000 2.283143 0.000247 0.098768 -0.929776 0.169915 200.000000 0.169915 0.011235 4.494027 -0.951057 -18.399097 200.000000 -18.399097 0.120817 48.326799 0.309017 18.784132 200.000000 18.784132
 7.200000 -0.960447 -0.278463 0.303181 -0.952933 -1.852990 2.833563 -0.278463 -0.960447 -0.952933 0.303181 0.803922 321.568793 -0.368125 2.283143 200.000000 2.283143 0.094068 37.627215 -0.929776 0.169915 200.000000 0.169915 0.000352 0.140832 -0.951057 -18.399097 200.000000 -18.399097 0.003406 1.362212 0.309017 18.784132 200.000000 18.784132
 7.400000 -0.942913 -0.333039 0.266011 -0.963970 -1.910321 2.872340 -0.333039 -0.942913 -0.963970 0.266011 0.123099 49.239678 -0.368125 2.283143 200.000000 2.283143 0.017257 6.902754 -0.929776 0.169915 200.000000 0.169915 0.016676 6.670294 -0.951057 -18.399097 200.000000 -18.399097 0.184951 73.980363 0.309017 18.784132 200.000000 18.784132
 7.600000 -0.921243 -0.388988 0.266919 -0.963719 -1.970329 2.871398 -0.388988 -0.921243 -0.963719 0.266919 0.043527 17.410944 -0.368125 2.283143 200.000000 2.283143 0.007282 2.912869 -0.929776 0.169915 200.000000 0.169915 0.016034 6.413542 -0.951057 -18.399097 200.000000 -18.399097 0.177225 70.890072 0.309017 18.784132 200.000000 18.784132
 7.800000 -0.936393 -0.350952 0.335883 -0.941904 -1.929384 2.799050 -0.350952 -0.936393 -0.941904 0.335883 0.029489 11.795731 -0.368125 2.283143 200.000000 2.283143 0.004378 1.751350 -0.929776 0.169915 200.000000 0.169915 0.008377 3.350887 -0.951057 -18.399097 200.000000 -18.399097 0.072177 28.870774 0.309017 18.784132 200.000000 18.784132
 8.000000 -0.913672 -0.406452 0.427111 -0.904199 -1.989364 2.700298 -0.406452 -0.913672 -0.904199 0.427111 0.146902 58.760615 -0.368125 2.283143 200.000000 2.283143 0.025935 10.374169 -0.929776 0.169915 200.000000 0.169915 0.219560 87.824066 -0.951057 -18.399097 200.000000 -18.399097 1.394616 557.846397 0.309017 18.784132 200.000000 18.784132
 8.200000 -0.919843 -0.392286 0.370199 -0.928952 -1.973912 2.762369 -0.392286 -0.919843 -0.928952 0.370199 0.058378 23.351308 -0.368125 2.283143 200.000000 2.283143 0.009867 3.946778 -0.929776 0.169915 200.000000 0.169915 0.048859 19.543679 -0.951057 -18.399097 200.000000 -18.399097 0.374326 149.730434 0.309017 18.784132 200.000000 18.784132
 8.400000 -0.911025 -0.412350 0.420422 -0.907329 -1.995828 2.707683 -0.412350 -0.911025 -0.907329 0.420422 0.195589 78.235692 -0.368125 2.283143 200.000000 2.283143 0.035160 14.063982 -0.929776 0.169915 200.000000 0.169915 0.191211 76.484294 -0.951057 -18.399097 200.000000 -18.399097 1.241099 496.439511 0.309017 18.784132 200.000000 18.784132
 8.600000 -0.899841 -0.436219 0.357527 -0.933903 -2.022189 2.775974 -0.436219 -0.899841 -0.933903 0.357527 0.463684 185.473770 -0.368125 2.283143 200.000000 2.283143 0.089616 35.846371 -0.929776 0.169915 200.000000 0.169915 0.029425 11.770023 -0.951057 -18.399097 200.000000 -18.399097 0.235323 94.129025 0.309017 18.784132 200.000000 18.784132
 8.800000 -0.915476 -0.402372 0.335760 -0.941948 -1.984903 2.799181 -0.402372 -0.915476 -0.941948 0.335760 0.117292 46.916682 -0.368125 2.283143 200.000000 2.283143 0.020450 8.180080 -0.929776 0.169915 200.000000 0.169915 0.008297 3.318843 -0.951057 -18.399097 200.000000 -18.399097 0.071517 28.606922 0.309017 18.784132 200.000000 18.784132
 9.000000 -0.926072 -0.377347 0.319501 -0.947586 -1.957726 2.816390 -0.377347 -0.926072 -0.947586 0.319501 0.008506 3.402295 -0.368125 2.283143 200.000000 2.283143 0.001372 0.548971 -0.929776 0.169915 200.000000 0.169915 0.001204 0.481795 -0.951057 -18.399097 200.000000 -18.399097 0.010991 4.396566 0.309017 18.784132 200.000000 18.784132
 9.200000 -0.929805 -0.368053 0.251456 -0.967869 -1.947711 2.887408 -0.368053 -0.929805 -0.967869 0.251456 0.000001 0.000204 -0.368125 2.283143 200.000000 2.283143 0.000000 0.000032 -0.929776 0.169915 200.000000 0.169915 0.028265 11.305952 -0.951057 -18.399097 200.000000 -18.399097 0.331324 132.529796 0.309017 18.784132 200.000000 18.784132
 9.400000 -0.908905 -0.417003 0.223960 -0.974598 -2.000942 2.915717 -0.417003 -0.908905 -0.974598 0.223960 0.238908 95.563195 -0.368125 2.283143 200.000000 2.283143 0.043561 17.424396 -0.929776 0.169915 200.000000 0.169915 0.055421 22.168563 -0.951057 -18.399097 200.000000 -18.399097 0.723464 289.385646 0.309017 18.784132 200.000000 18.784132
 9.600000 -0.924861 -0.380306 0.181541 -0.983383 -1.960923 2.959040 -0.380306 -0.924861 -0.983383 0.181541 0.014838 5.935164 -0.368125 2.283143 200.000000 2.283143 0.002416 0.966534 -0.929776 0.169915 200.000000 0.169915 0.104503 41.801268 -0.951057 -18.399097 200.000000 -18.399097 1.625025 650.010118 0.309017 18.784132 200.000000 18.784132
 9.800000 -0.906019 -0.423237 0.378564 -0.925575 -2.007812 2.753348 -0.423237 -0.906019 -0.925575 0.378564 0.303740 121.495960 -0.368125 2.283143 200.000000 2.283143 0.056442 22.576849 -0.929776 0.169915 200.000000 0.169915 0.064931 25.972325 -0.951057 -18.399097 200.000000 -18.399097 0.483683 193.473157 0.309017 18.784132 200.000000 18.784132
 10.000000 -0.930327 -0.366731 0.382469 -0.923969 -1.946289 2.749126 -0.366731 -0.930327 -0.923969 0.382469 0.000194 0.077670 -0.368125 2.283143 200.000000 2.283143 0.000030 0.012122 -0.929776 0.169915 200.000000 0.169915 0.073376 29.350418 -0.951057 -18.399097 200.000000 -18.399097 0.539513 215.805344 0.309017 18.784132 200.000000 18.784132
 10.200000 -0.892729 -0.450594 0.328909 -0.944362 -2.038227 2.806445 -0.450594 -0.892729 -0.944362 0.328909 0.680126 272.050452 -0.368125 2.283143 200.000000 2.283143 0.137253 54.901150 -0.929776 0.169915 200.000000 0.169915 0.004482 1.792879 -0.951057 -18.399097 200.000000 -18.399097 0.039569 15.827795 0.309017 18.784132 200.000000 18.784132
 10.400000 -0.941137 -0.338025 0.319563 -0.947565 -1.915614 2.816324 -0.338025 -0.941137 -0.947565 0.319563 0.090598 36.239066 -0.368125 2.283143 200.000000 2.283143 0.012906 5.162535 -0.929776 0.169915 200.000000 0.169915 0.001219 0.487626 -0.951057 -18.399097 200.000000 -18.399097 0.011122 4.448797 0.309017 18.784132 200.000000 18.784132
 10.600000 -0.930971 -0.365093 0.405405 -0.914137 -1.944529 2.724171 -0.365093 -0.930971 -0.914137 0.405405 0.000919 0.367611 -0.368125 2.283143 200.000000 2.283143 0.000143 0.057079 -0.929776 0.169915 200.000000 0.169915 0.136303 54.521295 -0.951057 -18.399097 200.000000 -18.399097 0.929062 371.624743 0.309017 18.784132 200.000000 18.784132
 10.800000 -0.932746 -0.360535 0.392153 -0.919900 -1.939637 2.738622 -0.360535 -0.932746 -0.919900 0.392153 0.005761 2.304328 -0.368125 2.283143 200.000000 2.283143 0.000882 0.352688 -0.929776 0.169915 200.000000 0.169915 0.097073 38.829034 -0.951057 -18.399097 200.000000 -18.399097 0.691158 276.463274 0.309017 18.784132 200.000000 18.784132
 11.000000 -0.949966 -0.312354 0.319504 -0.947585 -1.888466 2.816387 -0.312354 -0.949966 -0.947585 0.319504 0.311035 124.413952 -0.368125 2.283143 200.000000 2.283143 0.040761 16.304273 -0.929776 0.169915 200.000000 0.169915 0.001205 0.482090 -0.951057 -18.399097 200.000000 -18.399097 0.010998 4.399205 0.309017 18.784132 200.000000 18.784132
 11.200000 -0.956890 -0.290452 0.296833 -0.954930 -1.865495 2.840219 -0.290452 -0.956890 -0.954930 0.296833 0.603304 241.321557 -0.368125 2.283143 200.000000 2.283143 0.073512 29.404815 -0.929776 0.169915 200.000000 0.169915 0.001500 0.600016 -0.951057 -18.399097 200.000000 -18.399097 0.014846 5.938442 0.309017 18.784132 200.000000 18.784132
 11.400000 -0.955688 -0.294382 0.274524 -0.961580 -1.869605 2.863498 -0.294382 -0.955688 -0.961580 0.274524 0.543791 217.516553 -0.368125 2.283143 200.000000 2.283143 0.067139 26.855703 -0.929776 0.169915 200.000000 0.169915 0.011075 4.429945 -0.951057 -18.399097 200.000000 -18.399097 0.118976 47.590530 0.309017 18.784132 200.000000 18.784132
 11.600000 -0.941652 -0.336589 0.363744 -0.931499 -1.914088 2.769308 -0.336589 -0.941652 -0.931499 0.363744 0.099450 39.780046 -0.368125 2.283143 200.000000 2.283143 0.014102 5.640843 -0.929776 0.169915 200.000000 0.169915 0.038250 15.300125 -0.951057 -18.399097 200.000000 -18.399097 0.299508 119.803215 0.309017 18.784132 200.000000 18.784132
 11.800000 -0.934314 -0.356450 0.241544 -0.970390 -1.935262 2.897636 -0.356450 -0.934314 -0.970390 0.241544 0.013629 5.451484 -0.368125 2.283143 200.000000 2.283143 0.002059 0.823659 -0.929776 0.169915 200.000000 0.169915 0.037378 14.951019 -0.951057 -18.399097 200.000000 -18.399097 0.455256 182.102509 0.309017 18.784132 200.000000 18.784132
 12.000000 -0.938313 -0.345786 0.198831 -0.980034 -1.923873 2.941428 -0.345786 -0.938313 -0.980034 0.198831 0.049899 19.959568 -0.368125 2.283143 200.000000 2.283143 0.007288 2.915036 -0.929776 0.169915 200.000000 0.169915 0.083969 33.587488 -0.951057 -18.399097 200.000000 -18.399097 1.214104 485.641649 0.309017 18.784132 200.000000 18.784132
 12.200000 -0.944403 -0.328790 0.297060 -0.954859 -1.905819 2.839981 -0.328790 -0.944403 -0.954859 0.297060 0.154718 61.887376 -0.368125 2.283143 200.000000 2.283143 0.021393 8.557347 -0.929776 0.169915 200.000000 0.169915 0.001446 0.578312 -0.951057 -18.399097 200.000000 -18.399097 0.014297 5.718924 0.309017 18.784132 200.000000 18.784132
 12.400000 -0.930847 -0.365408 0.391257 -0.920281 -1.944868 2.739595 -0.365408 -0.930847 -0.920281 0.391257 0.000738 0.295094 -0.368125 2.283143 200.000000 2.283143 0.000115 0.045865 -0.929776 0.169915 200.000000 0.169915 0.094711 37.884520 -0.951057 -18.399097 200.000000 -18.399097 0.676347 270.538936 0.309017 18.784132 200.000000 18.784132
 12.600000 -0.951086 -0.308927 0.279867 -0.960039 -1.884861 2.857937 -0.308927 -0.951086 -0.960039 0.279867 0.350440 140.176070 -0.368125 2.283143 200.000000 2.283143 0.045409 18.163635 -0.929776 0.169915 200.000000 0.169915 0.008068 3.227149 -0.951057 -18.399097 200.000000 -18.399097 0.084970 33.987831 0.309017 18.784132 200.000000 18.784132
 12.800000 -0.959410 -0.282016 0.330058 -0.943961 -1.856691 2.805228 -0.282016 -0.959410 -0.943961 0.330058 0.741473 296.589379 -0.368125 2.283143 200.000000 2.283143 0.087813 35.125308 -0.929776 0.169915 200.000000 0.169915 0.005035 2.014036 -0.951057 -18.399097 200.000000 -18.399097 0.044272 17.708838 0.309017 18.784132 200.000000 18.784132
 13.000000 -0.932770 -0.360473 0.362059 -0.932155 -1.939571 2.771117 -0.360473 -0.932770 -0.932155 0.362059 0.005855 2.341888 -0.368125 2.283143 200.000000 2.283143 0.000896 0.358366 -0.929776 0.169915 200.000000 0.169915 0.035726 14.290452 -0.951057 -18.399097 200.000000 -18.399097 0.281346 112.538407 0.309017 18.784132 200.000000 18.784132
 13.200000 -0.925340 -0.379138 0.404223 -0.914661 -1.959660 2.725464 -0.379138 -0.925340 -0.914661 0.404223 0.012129 4.851480 -0.368125 2.283143 200.000000 2.283143 0.001968 0.787187 -0.929776 0.169915 200.000000 0.169915 0.132467 52.986660 -0.951057 -18.399097 200.000000 -18.399097 0.906415 362.565907 0.309017 18.784132 200.000000 18.784132
 13.400000 -0.931245 -0.364393 0.369029 -0.929418 -1.943777 2.763628 -0.364393 -0.931245 -0.929418 0.369029 0.001393 0.557009 -0.368125 2.283143 200.000000 2.283143 0.000216 0.086297 -0.929776 0.169915 200.000000 0.169915 0.046823 18.729351 -0.951057 -18.399097 200.000000 -18.399097 0.360146 144.058533 0.309017 18.784132 200.000000 18.784132
 13.600000 -0.918876 -0.394546 0.335037 -0.942205 -1.976370 2.799948 -0.394546 -0.918876 -0.942205 0.335037 0.069811 27.924532 -0.368125 2.283143 200.000000 2.283143 0.011882 4.752802 -0.929776 0.169915 200.000000 0.169915 0.007835 3.133947 -0.951057 -18.399097 200.000000 -18.399097 0.067703 27.081238 0.309017 18.784132 200.000000 18.784132
 13.800000 -0.911293 -0.411758 0.309777 -0.950809 -1.995178 2.826634 -0.411758 -0.911293 -0.950809 0.309777 0.190386 76.154407 -0.368125 2.283143 200.000000 2.283143 0.034163 13.665097 -0.929776 0.169915 200.000000 0.169915 0.000006 0.002449 -0.951057 -18.399097 200.000000 -18.399097 0.000058 0.023133 0.309017 18.784132 200.000000 18.784132
 14.000000 -0.890342 -0.455291 0.411389 -0.911460 -2.043496 2.717615 -0.455291 -0.890342 -0.911460 0.411389 0.759806 303.922467 -0.368125 2.283143 200.000000 2.283143 0.155504 62.201638 -0.929776 0.169915 200.000000 0.169915 0.156789 62.715616 -0.951057 -18.399097 200.000000 -18.399097 1.048000 419.200144 0.309017 18.784132 200.000000 18.784132
 14.200000 -0.896275 -0.443500 0.281754 -0.959487 -2.030296 2.855971 -0.443500 -0.896275 -0.959487 0.281754 0.568141 227.256466 -0.368125 2.283143 200.000000 2.283143 0.112238 44.895257 -0.929776 0.169915 200.000000 0.169915 0.007107 2.842729 -0.951057 -18.399097 200.000000 -18.399097 0.074328 29.731110 0.309017 18.784132 200.000000 18.784132
 14.400000 -0.906997 -0.421137 0.202830 -0.979214 -2.005495 2.937346 -0.421137 -0.906997 -0.979214 0.202830 0.281032 112.412781 -0.368125 2.283143 200.000000 2.283143 0.051890 20.756129 -0.929776 0.169915 200.000000 0.169915 0.079285 31.713882 -0.951057 -18.399097 200.000000 -18.399097 1.127577 451.030800 0.309017 18.784132 200.000000 18.784132
 14.600000 -0.898546 -0.438879 0.320477 -0.947256 -2.025147 2.815359 -0.438879 -0.898546 -0.947256 0.320477 0.500625 200.249953 -0.368125 2.283143 200.000000 2.283143 0.097534 39.013792 -0.929776 0.169915 200.000000 0.169915 0.001444 0.577696 -0.951057 -18.399097 200.000000 -18.399097 0.013134 5.253532 0.309017 18.784132 200.000000 18.784132
 14.800000 -0.910664 -0.413147 0.353209 -0.935544 -1.996704 2.780594 -0.413147 -0.910664 -0.935544 0.353209 0.202706 81.082520 -0.368125 2.283143 200.000000 2.283143 0.036528 14.611276 -0.929776 0.169915 200.000000 0.169915 0.024063 9.625034 -0.951057 -18.399097 200.000000 -18.399097 0.195294 78.117752 0.309017 18.784132 200.000000 18.784132
 15.000000 -0.904594 -0.426274 0.397472 -0.917614 -2.011166 2.732832 -0.426274 -0.904594 -0.917614 0.397472 0.338135 135.254143 -0.368125 2.283143 200.000000 2.283143 0.063415 25.366074 -0.929776 0.169915 200.000000 0.169915 0.111839 44.735618 -0.951057 -18.399097 200.000000 -18.399097 0.782434 312.973676 0.309017 18.784132 200.000000 18.784132
 15.200000 -0.956174 -0.292799 0.300037 -0.953928 -1.867949 2.836861 -0.292799 -0.956174 -0.953928 0.300037 0.567400 226.959949 -0.368125 2.283143 200.000000 2.283143 0.069684 27.873437 -0.929776 0.169915 200.000000 0.169915 0.000824 0.329733 -0.951057 -18.399097 200.000000 -18.399097 0.008064 3.225776 0.309017 18.784132 200.000000 18.784132
 15.400000 -0.937386 -0.348292 0.344511 -0.938782 -1.926544 2.789874 -0.348292 -0.937386 -0.938782 0.344511 0.039335 15.733902 -0.368125 2.283143 200.000000 2.283143 0.005791 2.316343 -0.929776 0.169915 200.000000 0.169915 0.015066 6.026392 -0.951057 -18.399097 200.000000 -18.399097 0.125985 50.393909 0.309017 18.784132 200.000000 18.784132
 15.600000 -0.925565 -0.378588 0.291421 -0.956595 -1.959067 2.845881 -0.378588 -0.925565 -0.956595 0.291421 0.010949 4.379404 -0.368125 2.283143 200.000000 2.283143 0.001773 0.709372 -0.929776 0.169915 200.000000 0.169915 0.003067 1.226961 -0.951057 -18.399097 200.000000 -18.399097 0.030962 12.384901 0.309017 18.784132 200.000000 18.784132
 15.800000 -0.925001 -0.379965 0.330107 -0.943944 -1.960555 2.805176 -0.379965 -0.925001 -0.943944 0.330107 0.014021 5.608245 -0.368125 2.283143 200.000000 2.283143 0.002281 0.912328 -0.929776 0.169915 200.000000 0.169915 0.005059 2.023789 -0.951057 -18.399097 200.000000 -18.399097 0.044479 17.791538 0.309017 18.784132 200.000000 18.784132
 16.000000 -0.928358 -0.371686 0.279502 -0.960145 -1.951621 2.858317 -0.371686 -0.928358 -0.960145 0.279502 0.001269 0.507478 -0.368125 2.283143 200.000000 2.283143 0.000201 0.080446 -0.929776 0.169915 200.000000 0.169915 0.008260 3.304115 -0.951057 -18.399097 200.000000 -18.399097 0.087114 34.845549 0.309017 18.784132 200.000000 18.784132
 16.200000 -0.928979 -0.370133 0.303983 -0.952678 -1.949949 2.832722 -0.370133 -0.928979 -0.952678 0.303983 0.000403 0.161354 -0.368125 2.283143 200.000000 2.283143 0.000064 0.025454 -0.929776 0.169915 200.000000 0.169915 0.000263 0.105111 -0.951057 -18.399097 200.000000 -18.399097 0.002534 1.013776 0.309017 18.784132 200.000000 18.784132
 16.400000 -0.927422 -0.374016 0.325922 -0.945396 -1.954132 2.809605 -0.374016 -0.927422 -0.945396 0.325922 0.003471 1.388234 -0.368125 2.283143 200.000000 2.283143 0.000554 0.221676 -0.929776 0.169915 200.000000 0.169915 0.003204 1.281435 -0.951057 -18.399097 200.000000 -18.399097 0.028580 11.431838 0.309017 18.784132 200.000000 18.784132
 16.600000 -0.909257 -0.416234 0.359146 -0.933281 -2.000096 2.774240 -0.416234 -0.909257 -0.933281 0.359146 0.231453 92.581163 -0.368125 2.283143 200.000000 2.283143 0.042103 16.841180 -0.929776 0.169915 200.000000 0.169915 0.031595 12.638090 -0.951057 -18.399097 200.000000 -18.399097 0.251290 100.515838 0.309017 18.784132 200.000000 18.784132
 16.800000 -0.925734 -0.378176 0.313446 -0.949606 -1.958622 2.822773 -0.378176 -0.925734 -0.949606 0.313446 0.010104 4.041603 -0.368125 2.283143 200.000000 2.283143 0.001635 0.653815 -0.929776 0.169915 200.000000 0.169915 0.000210 0.084146 -0.951057 -18.399097 200.000000 -18.399097 0.001961 0.784540 0.309017 18.784132 200.000000 18.784132
 17.000000 -0.928537 -0.371240 0.307182 -0.951651 -1.951140 2.829362 -0.371240 -0.928537 -0.951651 0.307182 0.000971 0.388257 -0.368125 2.283143 200.000000 2.283143 0.000154 0.061461 -0.929776 0.169915 200.000000 0.169915 0.000035 0.014121 -0.951057 -18.399097 200.000000 -18.399097 0.000337 0.134642 0.309017 18.784132 200.000000 18.784132
 17.200000 -0.940865 -0.338782 0.391792 -0.920054 -1.916419 2.739014 -0.338782 -0.940865 -0.920054 0.391792 0.086096 34.438437 -0.368125 2.283143 200.000000 2.283143 0.012295 4.917982 -0.929776 0.169915 200.000000 0.169915 0.096116 38.446459 -0.951057 -18.399097 200.000000 -18.399097 0.685167 274.066606 0.309017 18.784132 200.000000 18.784132
 17.400000 -0.936122 -0.351676 0.345618 -0.938375 -1.930157 2.788696 -0.351676 -0.936122 -0.938375 0.345618 0.027055 10.822040 -0.368125 2.283143 200.000000 2.283143 0.004026 1.610489 -0.929776 0.169915 200.000000 0.169915 0.016081 6.432382 -0.951057 -18.399097 200.000000 -18.399097 0.133960 53.584158 0.309017 18.784132 200.000000 18.784132
 17.600000 -0.930412 -0.366515 0.269680 -0.962950 -1.946057 2.868532 -0.366515 -0.930412 -0.962950 0.269680 0.000259 0.103595 -0.368125 2.283143 200.000000 2.283143 0.000040 0.016158 -0.929776 0.169915 200.000000 0.169915 0.014146 5.658260 -0.951057 -18.399097 200.000000 -18.399097 0.154742 61.896726 0.309017 18.784132 200.000000 18.784132
 17.800000 -0.939175 -0.343439 0.213147 -0.977020 -1.921372 2.926798 -0.343439 -0.939175 -0.977020 0.213147 0.060938 24.375085 -0.368125 2.283143 200.000000 2.283143 0.008833 3.533275 -0.929776 0.169915 200.000000 0.169915 0.067412 26.964618 -0.951057 -18.399097 200.000000 -18.399097 0.919115 367.646047 0.309017 18.784132 200.000000 18.784132
 18.000000 -0.897476 -0.441063 0.272794 -0.962073 -2.027579 2.865297 -0.441063 -0.897476 -0.962073 0.272794 0.532003 212.801279 -0.368125 2.283143 200.000000 2.283143 0.104332 41.732612 -0.929776 0.169915 200.000000 0.169915 0.012135 4.854098 -0.951057 -18.399097 200.000000 -18.399097 0.131212 52.484799 0.309017 18.784132 200.000000 18.784132
 18.200000 -0.903604 -0.428368 0.318565 -0.947901 -2.013482 2.817377 -0.428368 -0.903604 -0.947901 0.318565 0.362930 145.171884 -0.368125 2.283143 200.000000 2.283143 0.068498 27.399386 -0.929776 0.169915 200.000000 0.169915 0.000996 0.398295 -0.951057 -18.399097 200.000000 -18.399097 0.009117 3.646651 0.309017 18.784132 200.000000 18.784132
 18.400000 -0.922825 -0.385219 0.404714 -0.914443 -1.966241 2.724927 -0.385219 -0.922825 -0.914443 0.404714 0.029220 11.688188 -0.368125 2.283143 200.000000 2.283143 0.004832 1.932719 -0.929776 0.169915 200.000000 0.169915 0.134052 53.620810 -0.951057 -18.399097 200.000000 -18.399097 0.915788 366.315211 0.309017 18.784132 200.000000 18.784132
 18.600000 -0.947422 -0.319986 0.290544 -0.956862 -1.896511 2.846797 -0.319986 -0.947422 -0.956862 0.290544 0.231731 92.692244 -0.368125 2.283143 200.000000 2.283143 0.031137 12.454879 -0.929776 0.169915 200.000000 0.169915 0.003370 1.347915 -0.951057 -18.399097 200.000000 -18.399097 0.034124 13.649436 0.309017 18.784132 200.000000 18.784132
 18.800000 -0.918635 -0.395107 0.352403 -0.935848 -1.976980 2.781455 -0.395107 -0.918635 -0.935848 0.352403 0.072803 29.121334 -0.368125 2.283143 200.000000 2.283143 0.012413 4.965078 -0.929776 0.169915 200.000000 0.169915 0.023129 9.251684 -0.951057 -18.399097 200.000000 -18.399097 0.188237 75.294922 0.309017 18.784132 200.000000 18.784132
 19.000000 -0.920415 -0.390943 0.343695 -0.939081 -1.972452 2.790744 -0.390943 -0.920415 -0.939081 0.343695 0.052068 20.827093 -0.368125 2.283143 200.000000 2.283143 0.008764 3.505549 -0.929776 0.169915 200.000000 0.169915 0.014340 5.736180 -0.951057 -18.399097 200.000000 -18.399097 0.120256 48.102392 0.309017 18.784132 200.000000 18.784132
 19.200000 -0.922270 -0.386547 0.335169 -0.942158 -1.967681 2.799808 -0.386547 -0.922270 -0.942158 0.335169 0.033940 13.575823 -0.368125 2.283143 200.000000 2.283143 0.005635 2.254129 -0.929776 0.169915 200.000000 0.169915 0.007919 3.167410 -0.951057 -18.399097 200.000000 -18.399097 0.068394 27.357785 0.309017 18.784132 200.000000 18.784132
 19.400000 -0.917428 -0.397902 0.352742 -0.935721 -1.980025 2.781093 -0.397902 -0.917428 -0.935721 0.352742 0.088670 35.467969 -0.368125 2.283143 200.000000 2.283143 0.015249 6.099498 -0.929776 0.169915 200.000000 0.169915 0.023519 9.407704 -0.951057 -18.399097 200.000000 -18.399097 0.191190 76.475934 0.309017 18.784132 200.000000 18.784132
 19.600000 -0.912138 -0.409884 0.269172 -0.963092 -1.993123 2.869060 -0.409884 -0.912138 -0.963092 0.269172 0.174384 69.753591 -0.368125 2.283143 200.000000 2.283143 0.031113 12.445042 -0.929776 0.169915 200.000000 0.169915 0.014486 5.794334 -0.951057 -18.399097 200.000000 -18.399097 0.158765 63.506161 0.309017 18.784132 200.000000 18.784132
 19.800000 -0.896717 -0.442604 0.329262 -0.944238 -2.029297 2.806070 -0.442604 -0.896717 -0.944238 0.329262 0.554719 221.887589 -0.368125 2.283143 200.000000 2.283143 0.109292 43.716725 -0.929776 0.169915 200.000000 0.169915 0.004649 1.859450 -0.951057 -18.399097 200.000000 -18.399097 0.040988 16.395184 0.309017 18.784132 200.000000 18.784132
 20.000000 -0.938021 -0.346578 0.278794 -0.960351 -1.924716 2.859054 -0.346578 -0.938021 -0.960351 0.278794 0.046427 18.570746 -0.368125 2.283143 200.000000 2.283143 0.006798 2.719067 -0.929776 0.169915 200.000000 0.169915 0.008639 3.455405 -0.951057 -18.399097 200.000000 -18.399097 0.091342 36.536738 0.309017 18.784132 200.000000 18.784132
