#! FIELDS time sin_phi cos_phi sin_psi cos_psi phi psi cos_phi sin_phi cos_psi sin_psi restraint_phi_cos.bias restraint_phi_cos.force2 restraint_phi_cos.cos_phi_cntr restraint_phi_cos.cos_phi_work restraint_phi_cos.cos_phi_kappa restraint_phi_cos.work restraint_phi_sin.bias restraint_phi_sin.force2 restraint_phi_sin.sin_phi_cntr restraint_phi_sin.sin_phi_work restraint_phi_sin.sin_phi_kappa restraint_phi_sin.work restraint_psi_cos.bias restraint_psi_cos.force2 restraint_psi_cos.cos_psi_cntr restraint_psi_cos.cos_psi_work restraint_psi_cos.cos_psi_kappa restraint_psi_cos.work restraint_psi_sin.bias restraint_psi_sin.force2 restraint_psi_sin.sin_psi_cntr restraint_psi_sin.sin_psi_work restraint_psi_sin.sin_psi_kappa restraint_psi_sin.work
#! SET min_phi -pi
#! SET max_phi pi
#! SET min_psi -pi
#! SET max_psi pi
 0.000000 -0.999983 -0.005782 0.966116 0.258110 -1.576579 1.309731 -0.005782 -0.999983 0.258110 0.966116 0.000000 0.000000 -0.009747 0.000000 0.000000 0.000000 0.000000 0.000000 -0.999953 0.000000 0.000000 0.000000 0.000000 0.000000 0.256142 0.000000 0.000000 0.000000 0.000000 0.000000 0.966639 0.000000 0.000000 0.000000
 0.200000 -1.000000 -0.000266 0.834656 0.550772 -1.571062 0.987508 -0.000266 -1.000000 0.550772 0.834656 0.000899 0.035955 -0.009747 0.429321 20.000000 0.429321 0.000000 0.000001 -0.999953 0.008204 20.000000 0.008204 0.868065 34.722587 0.256142 0.437497 20.000000 0.437497 0.174196 6.967822 0.966639 0.079186 20.000000 0.079186
 0.400000 -0.998237 0.059346 0.982967 0.183784 -1.511415 1.385962 0.059346 -0.998237 0.183784 0.982967 0.095476 7.638063 -0.009747 0.576152 40.000000 0.576152 0.000059 0.004706 -0.999953 0.009175 40.000000 0.009175 0.104715 8.377184 0.256142 0.652623 40.000000 0.652623 0.005332 0.426545 0.966639 0.103853 40.000000 0.103853
 0.600000 -0.997905 0.064694 0.969726 0.244195 -1.506057 1.324107 0.064694 -0.997905 0.244195 0.969726 0.166241 19.948918 -0.009747 0.652738 60.000000 0.652738 0.000126 0.015090 -0.999953 0.009549 60.000000 0.009549 0.004282 0.513884 0.256142 0.812950 60.000000 0.812950 0.000286 0.034310 0.966639 0.126978 60.000000 0.126978
 0.800000 -0.999998 0.001900 0.948099 0.317977 -1.568897 1.247202 0.001900 -0.999998 0.317977 0.948099 0.005425 0.868058 -0.009747 0.745436 80.000000 0.745436 0.000000 0.000013 -0.999953 0.009931 80.000000 0.009931 0.152938 24.470136 0.256142 0.870390 80.000000 0.870390 0.013750 2.199994 0.966639 0.131256 80.000000 0.131256
 1.000000 -0.997907 -0.064664 0.983714 0.179740 -1.635505 1.390074 -0.064664 -0.997907 0.179740 0.983714 0.150795 30.158950 -0.009747 0.830200 100.000000 0.830200 0.000209 0.041836 -0.999953 0.010215 100.000000 0.010215 0.291866 58.373296 0.256142 0.906285 100.000000 0.906285 0.014578 2.915589 0.966639 0.133900 100.000000 0.133900
 1.200000 -0.998632 0.052283 0.985233 0.171221 -1.518489 1.398728 0.052283 -0.998632 0.171221 0.985233 0.230861 55.406593 -0.009747 0.926076 120.000000 0.926076 0.000105 0.025098 -0.999953 0.010632 120.000000 0.010632 0.432703 103.848639 0.256142 0.992002 120.000000 0.992002 0.020743 4.978426 0.966639 0.141239 120.000000 0.141239
 1.400000 -0.999099 0.042450 0.979951 0.199238 -1.528334 1.370216 0.042450 -0.999099 0.199238 0.979951 0.190711 53.399045 -0.009747 0.960891 140.000000 0.960891 0.000051 0.014291 -0.999953 0.010712 140.000000 0.010712 0.226664 63.465860 0.256142 1.092922 140.000000 1.092922 0.012405 3.473287 0.966639 0.149514 140.000000 0.149514
 1.600000 -0.999952 0.009788 0.961509 0.274775 -1.561008 1.292441 0.009788 -0.999952 0.274775 0.961509 0.030528 9.768983 -0.009747 1.007034 160.000000 1.007034 0.000000 0.000000 -0.999953 0.010844 160.000000 0.010844 0.027774 8.887593 0.256142 1.162404 160.000000 1.162404 0.002106 0.673841 0.966639 0.156247 160.000000 0.156247
 1.800000 -0.999822 -0.018890 0.970255 0.242087 -1.589688 1.326281 -0.018890 -0.999822 0.242087 0.970255 0.007525 2.709001 -0.009747 1.052059 180.000000 1.052059 0.000002 0.000556 -0.999953 0.010933 180.000000 0.010933 0.017781 6.401157 0.256142 1.193843 180.000000 1.193843 0.001177 0.423550 0.966639 0.158902 180.000000 0.158902
 2.000000 -0.987244 0.159215 0.942677 0.333708 -1.410901 1.230562 0.159215 -0.987244 0.333708 0.942677 2.854784 1141.913410 -0.009747 1.082091 200.000000 1.082091 0.016151 6.460231 -0.999953 0.011014 200.000000 0.011014 0.601639 240.655703 0.256142 1.219996 200.000000 1.219996 0.057420 22.968050 0.966639 0.161398 200.000000 0.161398
 2.200000 -0.982662 0.185407 0.956133 0.292931 -1.384310 1.273505 0.185407 -0.982662 0.292931 0.956133 0.963431 385.372231 0.087253 0.769542 200.000000 0.769542 0.001517 0.606958 -0.978766 0.041280 200.000000 0.041280 1.849905 739.962005 0.156920 1.393137 200.000000 1.393137 0.019618 7.847039 0.970140 0.157427 200.000000 0.157427
 2.400000 -0.982089 0.188417 0.989889 0.141845 -1.381246 1.428471 0.188417 -0.982089 0.141845 0.989889 0.001735 0.694010 0.184252 0.424403 200.000000 0.424403 0.060068 24.027168 -0.957580 0.119784 200.000000 0.119784 0.708081 283.232244 0.057698 1.653024 200.000000 1.653024 0.026401 10.560352 0.973640 0.144655 200.000000 0.144655
 2.600000 -0.984656 0.174508 0.990199 0.139666 -1.395390 1.430672 0.174508 -0.984656 0.139666 0.990199 1.139403 455.761329 0.281251 0.437078 200.000000 0.437078 0.232917 93.166851 -0.936394 0.218432 200.000000 0.218432 3.283010 1313.204091 -0.041525 1.913216 200.000000 1.913216 0.017050 6.819861 0.977141 0.129559 200.000000 0.129559
 2.800000 -0.952822 0.303531 0.999721 -0.023641 -1.262400 1.594439 0.303531 -0.952822 -0.023641 0.999721 0.558286 223.314526 0.378250 0.576297 200.000000 0.576297 0.141476 56.590345 -0.915208 0.296350 200.000000 0.296350 1.371381 548.552439 -0.140747 1.926277 200.000000 1.926277 0.036399 14.559720 0.980642 0.119010 200.000000 0.119010
 3.000000 -0.951887 0.306448 0.994641 -0.103390 -1.259337 1.674371 0.306448 -0.951887 -0.103390 0.994641 1.423990 569.595990 0.425779 0.662276 200.000000 0.662276 0.221467 88.586763 -0.904827 0.312518 200.000000 0.312518 0.705456 282.182567 -0.187381 2.027583 200.000000 2.027583 0.015261 6.104514 0.982287 0.117321 200.000000 0.117321
 3.200000 -0.938745 0.344613 0.975178 -0.221422 -1.218970 1.794069 0.344613 -0.938745 -0.221422 0.975178 0.658795 263.518073 0.425779 0.662276 200.000000 0.662276 0.115041 46.016568 -0.904827 0.312518 200.000000 0.312518 0.115878 46.351205 -0.187381 2.027583 200.000000 2.027583 0.005054 2.021632 0.982287 0.117321 200.000000 0.117321
 3.400000 -0.908506 0.417872 0.996776 -0.080239 -1.139695 1.651122 0.417872 -0.908506 -0.080239 0.996776 0.006253 2.501124 0.425779 0.662276 200.000000 0.662276 0.001353 0.541385 -0.904827 0.312518 200.000000 0.312518 1.147945 459.178035 -0.187381 2.027583 200.000000 2.027583 0.020991 8.396542 0.982287 0.117321 200.000000 0.117321
 3.600000 -0.918590 0.395212 0.988493 -0.151269 -1.164498 1.722649 0.395212 -0.918590 -0.151269 0.988493 0.093437 37.374708 0.425779 0.662276 200.000000 0.662276 0.018942 7.576746 -0.904827 0.312518 200.000000 0.312518 0.130407 52.162844 -0.187381 2.027583 200.000000 2.027583 0.003851 1.540242 0.982287 0.117321 200.000000 0.117321
 3.800000 -0.914783 0.403945 0.993933 -0.109992 -1.154971 1.681011 0.403945 -0.914783 -0.109992 0.993933 0.047675 19.069961 0.425779 0.662276 200.000000 0.662276 0.009913 3.965156 -0.904827 0.312518 200.000000 0.312518 0.598918 239.567068 -0.187381 2.027583 200.000000 2.027583 0.013561 5.424495 0.982287 0.117321 200.000000 0.117321
 4.000000 -0.944260 0.329202 0.988882 -0.148702 -1.235338 1.720052 0.329202 -0.944260 -0.148702 0.988882 0.932725 373.090042 0.425779 0.662276 200.000000 0.662276 0.155493 62.197226 -0.904827 0.312518 200.000000 0.312518 0.149611 59.844528 -0.187381 2.027583 200.000000 2.027583 0.004349 1.739681 0.982287 0.117321 200.000000 0.117321
 4.200000 -0.909904 0.414818 0.989577 -0.144007 -1.143053 1.715305 0.414818 -0.909904 -0.144007 0.989577 0.012015 4.805907 0.425779 0.662276 200.000000 0.662276 0.002578 1.031162 -0.904827 0.312518 200.000000 0.312518 0.188136 75.254589 -0.187381 2.027583 200.000000 2.027583 0.005314 2.125458 0.982287 0.117321 200.000000 0.117321
 4.400000 -0.918948 0.394379 0.990400 -0.138234 -1.165405 1.709474 0.394379 -0.918948 -0.138234 0.990400 0.098600 39.440123 0.425779 0.662276 200.000000 0.662276 0.019940 7.976101 -0.904827 0.312518 200.000000 0.312518 0.241550 96.620049 -0.187381 2.027583 200.000000 2.027583 0.006581 2.632446 0.982287 0.117321 200.000000 0.117321
 4.600000 -0.909415 0.415890 0.974189 -0.225733 -1.141875 1.798492 0.415890 -0.909415 -0.225733 0.974189 0.009779 3.911723 0.425779 0.662276 200.000000 0.662276 0.002105 0.841901 -0.904827 0.312518 200.000000 0.312518 0.147087 58.834914 -0.187381 2.027583 200.000000 2.027583 0.006558 2.623173 0.982287 0.117321 200.000000 0.117321
 4.800000 -0.887136 0.461509 0.989796 -0.142489 -1.091101 1.713772 0.461509 -0.887136 -0.142489 0.989796 0.127661 51.064563 0.425779 0.662276 200.000000 0.662276 0.031299 12.519624 -0.904827 0.312518 200.000000 0.312518 0.201529 80.611508 -0.187381 2.027583 200.000000 2.027583 0.005639 2.255453 0.982287 0.117321 200.000000 0.117321
 5.000000 -0.874747 0.484581 0.988973 -0.148097 -1.064913 1.719440 0.484581 -0.874747 -0.148097 0.988973 0.345760 138.303912 0.425779 0.662276 200.000000 0.662276 0.090483 36.193351 -0.904827 0.312518 200.000000 0.312518 0.154324 61.729749 -0.187381 2.027583 200.000000 2.027583 0.004470 1.787870 0.982287 0.117321 200.000000 0.117321
 5.200000 -0.912134 0.409892 0.989961 -0.141340 -1.148460 1.712611 0.409892 -0.912134 -0.141340 0.989961 0.025239 10.095651 0.425779 0.662276 200.000000 0.662276 0.005339 2.135574 -0.904827 0.312518 200.000000 0.312518 0.211985 84.793923 -0.187381 2.027583 200.000000 2.027583 0.005889 2.355569 0.982287 0.117321 200.000000 0.117321
 5.400000 -0.916119 0.400905 0.984653 -0.174525 -1.158291 1.746219 0.400905 -0.916119 -0.174525 0.984653 0.061871 24.748244 0.425779 0.662276 200.000000 0.662276 0.012752 5.100702 -0.904827 0.312518 200.000000 0.312518 0.016529 6.611571 -0.187381 2.027583 200.000000 2.027583 0.000560 0.223828 0.982287 0.117321 200.000000 0.117321
 5.600000 -0.913688 0.406416 0.989628 -0.143655 -1.152269 1.714950 0.406416 -0.913688 -0.143655 0.989628 0.037495 14.997867 0.425779 0.662276 200.000000 0.662276 0.007852 3.140840 -0.904827 0.312518 200.000000 0.312518 0.191201 76.480363 -0.187381 2.027583 200.000000 2.027583 0.005388 2.155382 0.982287 0.117321 200.000000 0.117321
 5.800000 -0.911455 0.411401 0.991663 -0.128862 -1.146806 1.700018 0.411401 -0.911455 -0.128862 0.991663 0.020674 8.269669 0.425779 0.662276 200.000000 0.662276 0.004392 1.756950 -0.904827 0.312518 200.000000 0.312518 0.342451 136.980217 -0.187381 2.027583 200.000000 2.027583 0.008790 3.515835 0.982287 0.117321 200.000000 0.117321
 6.000000 -0.893605 0.448853 0.955923 -0.293619 -1.105315 1.868807 0.448853 -0.893605 -0.293619 0.955923 0.053241 21.296256 0.425779 0.662276 200.000000 0.662276 0.012592 5.036933 -0.904827 0.312518 200.000000 0.312518 1.128641 451.456407 -0.187381 2.027583 200.000000 2.027583 0.069510 27.803832 0.982287 0.117321 200.000000 0.117321
 6.200000 -0.919792 0.392406 0.980433 -0.196851 -1.167551 1.768941 0.392406 -0.919792 -0.196851 0.980433 0.111381 44.552303 0.425779 0.662276 200.000000 0.662276 0.022396 8.958359 -0.904827 0.312518 200.000000 0.312518 0.008968 3.587082 -0.187381 2.027583 200.000000 2.027583 0.000344 0.137471 0.982287 0.117321 200.000000 0.117321
 6.400000 -0.916478 0.400086 0.977197 -0.212336 -1.159186 1.784761 0.400086 -0.916478 -0.212336 0.977197 0.066016 26.406294 0.425779 0.662276 200.000000 0.662276 0.013574 5.429507 -0.904827 0.312518 200.000000 0.312518 0.062273 24.909372 -0.187381 2.027583 200.000000 2.027583 0.002591 1.036538 0.982287 0.117321 200.000000 0.117321
 6.600000 -0.894533 0.447002 0.951645 -0.307199 -1.107385 1.883045 0.447002 -0.894533 -0.307199 0.951645 0.045042 18.016645 0.425779 0.662276 200.000000 0.662276 0.010597 4.238859 -0.904827 0.312518 200.000000 0.312518 1.435638 574.255053 -0.187381 2.027583 200.000000 2.027583 0.093894 37.557495 0.982287 0.117321 200.000000 0.117321
 6.800000 -0.903584 0.428411 0.981371 -0.192120 -1.128063 1.764118 0.428411 -0.903584 -0.192120 0.981371 0.000692 0.276939 0.425779 0.662276 200.000000 0.662276 0.000154 0.061787 -0.904827 0.312518 200.000000 0.312518 0.002245 0.898144 -0.187381 2.027583 200.000000 2.027583 0.000084 0.033546 0.982287 0.117321 200.000000 0.117321
 7.000000 -0.869139 0.494567 0.980127 -0.198372 -1.053460 1.770493 0.494567 -0.869139 -0.198372 0.980127 0.473176 189.270543 0.425779 0.662276 200.000000 0.662276 0.127361 50.944210 -0.904827 0.312518 200.000000 0.312518 0.012081 4.832235 -0.187381 2.027583 200.000000 2.027583 0.000467 0.186718 0.982287 0.117321 200.000000 0.117321
 7.200000 -0.902334 0.431037 0.978316 -0.207117 -1.125155 1.779424 0.431037 -0.902334 -0.207117 0.978316 0.002764 1.105737 0.425779 0.662276 200.000000 0.662276 0.000621 0.248561 -0.904827 0.312518 200.000000 0.312518 0.038950 15.580177 -0.187381 2.027583 200.000000 2.027583 0.001577 0.630788 0.982287 0.117321 200.000000 0.117321
 7.400000 -0.877467 0.479637 0.981360 -0.192178 -1.070555 1.764178 0.479637 -0.877467 -0.192178 0.981360 0.290071 116.028247 0.425779 0.662276 200.000000 0.662276 0.074859 29.943477 -0.904827 0.312518 200.000000 0.312518 0.002301 0.920401 -0.187381 2.027583 200.000000 2.027583 0.000086 0.034388 0.982287 0.117321 200.000000 0.117321
 7.600000 -0.904286 0.426928 0.981504 -0.191440 -1.129704 1.763426 0.426928 -0.904286 -0.191440 0.981504 0.000132 0.052773 0.425779 0.662276 200.000000 0.662276 0.000029 0.011724 -0.904827 0.312518 200.000000 0.312518 0.001648 0.659041 -0.187381 2.027583 200.000000 2.027583 0.000061 0.024524 0.982287 0.117321 200.000000 0.117321
 7.800000 -0.867187 0.497983 0.968364 -0.249541 -1.049525 1.823003 0.497983 -0.867187 -0.249541 0.968364 0.521333 208.533371 0.425779 0.662276 200.000000 0.662276 0.141678 56.671075 -0.904827 0.312518 200.000000 0.312518 0.386387 154.554810 -0.187381 2.027583 200.000000 2.027583 0.019385 7.754117 0.982287 0.117321 200.000000 0.117321
 8.000000 -0.887306 0.461181 0.977949 -0.208845 -1.091470 1.781190 0.461181 -0.887306 -0.208845 0.977949 0.125329 50.131770 0.425779 0.662276 200.000000 0.662276 0.030699 12.279511 -0.904827 0.312518 200.000000 0.312518 0.046070 18.428041 -0.187381 2.027583 200.000000 2.027583 0.001882 0.752921 0.982287 0.117321 200.000000 0.117321
 8.200000 -0.925717 0.378217 0.991362 -0.131153 -1.182927 1.702328 0.378217 -0.925717 -0.131153 0.991362 0.226220 90.488066 0.425779 0.662276 200.000000 0.662276 0.043639 17.455755 -0.904827 0.312518 200.000000 0.312518 0.316162 126.464650 -0.187381 2.027583 200.000000 2.027583 0.008235 3.294138 0.982287 0.117321 200.000000 0.117321
 8.400000 -0.930813 0.365496 0.970252 -0.242096 -1.196631 1.815322 0.365496 -0.930813 -0.242096 0.970252 0.363406 145.362303 0.425779 0.662276 200.000000 0.662276 0.067526 27.010473 -0.904827 0.312518 200.000000 0.312518 0.299373 119.749320 -0.187381 2.027583 200.000000 2.027583 0.014484 5.793680 0.982287 0.117321 200.000000 0.117321
 8.600000 -0.908839 0.417148 0.989252 -0.146222 -1.140492 1.717544 0.417148 -0.908839 -0.146222 0.989252 0.007451 2.980256 0.425779 0.662276 200.000000 0.662276 0.001609 0.643752 -0.904827 0.312518 200.000000 0.312518 0.169411 67.764427 -0.187381 2.027583 200.000000 2.027583 0.004851 1.940220 0.982287 0.117321 200.000000 0.117321
 8.800000 -0.912005 0.410178 0.978168 -0.207814 -1.148147 1.780136 0.410178 -0.912005 -0.207814 0.978168 0.024339 9.735521 0.425779 0.662276 200.000000 0.662276 0.005153 2.061095 -0.904827 0.312518 200.000000 0.312518 0.041748 16.699284 -0.187381 2.027583 200.000000 2.027583 0.001696 0.678589 0.982287 0.117321 200.000000 0.117321
 9.000000 -0.952499 0.304543 0.970097 -0.242717 -1.261337 1.815962 0.304543 -0.952499 -0.242717 0.970097 1.469819 587.927459 0.425779 0.662276 200.000000 0.662276 0.227257 90.902753 -0.904827 0.312518 200.000000 0.312518 0.306207 122.482909 -0.187381 2.027583 200.000000 2.027583 0.014860 5.944030 0.982287 0.117321 200.000000 0.117321
 9.200000 -0.904242 0.427020 0.994416 -0.105532 -1.129602 1.676526 0.427020 -0.904242 -0.105532 0.994416 0.000154 0.061576 0.425779 0.662276 200.000000 0.662276 0.000034 0.013683 -0.904827 0.312518 200.000000 0.312518 0.669924 267.969448 -0.187381 2.027583 200.000000 2.027583 0.014710 5.884126 0.982287 0.117321 200.000000 0.117321
 9.400000 -0.925956 0.377633 0.973241 -0.229787 -1.183558 1.802655 0.377633 -0.925956 -0.229787 0.973241 0.231811 92.724229 0.425779 0.662276 200.000000 0.662276 0.044641 17.856493 -0.904827 0.312518 200.000000 0.312518 0.179821 71.928553 -0.187381 2.027583 200.000000 2.027583 0.008183 3.273370 0.982287 0.117321 200.000000 0.117321
 9.600000 -0.929341 0.369222 0.957053 -0.289912 -1.192624 1.864931 0.369222 -0.929341 -0.289912 0.957053 0.319871 127.948317 0.425779 0.662276 200.000000 0.662276 0.060094 24.037656 -0.904827 0.312518 200.000000 0.312518 1.051245 420.497951 -0.187381 2.027583 200.000000 2.027583 0.063675 25.469800 0.982287 0.117321 200.000000 0.117321
 9.800000 -0.903269 0.429075 0.971299 -0.237864 -1.127328 1.810962 0.429075 -0.903269 -0.237864 0.971299 0.001086 0.434525 0.425779 0.662276 200.000000 0.662276 0.000243 0.097131 -0.904827 0.312518 200.000000 0.312518 0.254845 101.938065 -0.187381 2.027583 200.000000 2.027583 0.012075 4.830026 0.982287 0.117321 200.000000 0.117321
 10.000000 -0.928052 0.372451 0.985176 -0.171544 -1.189148 1.743193 0.372451 -0.928052 -0.171544 0.985176 0.284390 113.756150 0.425779 0.662276 200.000000 0.662276 0.053939 21.575645 -0.904827 0.312518 200.000000 0.312518 0.025081 10.032556 -0.187381 2.027583 200.000000 2.027583 0.000835 0.333893 0.982287 0.117321 200.000000 0.117321
 10.200000 -0.898593 0.438782 0.985483 -0.169775 -1.116553 1.741398 0.438782 -0.898593 -0.169775 0.985483 0.016908 6.763098 0.425779 0.662276 200.000000 0.662276 0.003886 1.554331 -0.904827 0.312518 200.000000 0.312518 0.030998 12.399255 -0.187381 2.027583 200.000000 2.027583 0.001021 0.408473 0.982287 0.117321 200.000000 0.117321
 10.400000 -0.909854 0.414929 0.994317 -0.106459 -1.142932 1.677458 0.414929 -0.909854 -0.106459 0.994317 0.011774 4.709552 0.425779 0.662276 200.000000 0.662276 0.002527 1.010809 -0.904827 0.312518 200.000000 0.312518 0.654840 261.936107 -0.187381 2.027583 200.000000 2.027583 0.014472 5.788672 0.982287 0.117321 200.000000 0.117321
 10.600000 -0.959302 0.282381 0.987567 -0.157200 -1.284521 1.728651 0.282381 -0.959302 -0.157200 0.987567 2.056296 822.518258 0.425779 0.662276 200.000000 0.662276 0.296754 118.701751 -0.904827 0.312518 200.000000 0.312518 0.091091 36.436579 -0.187381 2.027583 200.000000 2.027583 0.002787 1.114943 0.982287 0.117321 200.000000 0.117321
 10.800000 -0.910378 0.413778 0.992312 -0.123763 -1.144196 1.694878 0.413778 -0.910378 -0.123763 0.992312 0.014403 5.761126 0.425779 0.662276 200.000000 0.662276 0.003081 1.232415 -0.904827 0.312518 200.000000 0.312518 0.404727 161.890958 -0.187381 2.027583 200.000000 2.027583 0.010049 4.019656 0.982287 0.117321 200.000000 0.117321
 11.000000 -0.940405 0.340057 0.994005 -0.109339 -1.223819 1.680354 0.340057 -0.940405 -0.109339 0.994005 0.734828 293.931000 0.425779 0.662276 200.000000 0.662276 0.126577 50.630901 -0.904827 0.312518 200.000000 0.312518 0.609064 243.625614 -0.187381 2.027583 200.000000 2.027583 0.013729 5.491799 0.982287 0.117321 200.000000 0.117321
 11.200000 -0.960265 0.279090 0.979083 -0.203463 -1.287950 1.775690 0.279090 -0.960265 -0.203463 0.979083 2.151762 860.704763 0.425779 0.662276 200.000000 0.662276 0.307335 122.933847 -0.904827 0.312518 200.000000 0.312518 0.025863 10.345304 -0.187381 2.027583 200.000000 2.027583 0.001027 0.410802 0.982287 0.117321 200.000000 0.117321
 11.400000 -0.895316 0.445432 0.984821 -0.173572 -1.109140 1.745252 0.445432 -0.895316 -0.173572 0.984821 0.038622 15.448635 0.425779 0.662276 200.000000 0.662276 0.009046 3.618452 -0.904827 0.312518 200.000000 0.312518 0.019070 7.628079 -0.187381 2.027583 200.000000 2.027583 0.000642 0.256839 0.982287 0.117321 200.000000 0.117321
 11.600000 -0.951430 0.307864 0.995207 -0.097787 -1.257849 1.668740 0.307864 -0.951430 -0.097787 0.995207 1.390407 556.162883 0.425779 0.662276 200.000000 0.662276 0.217188 86.875072 -0.904827 0.312518 200.000000 0.312518 0.802707 321.082766 -0.187381 2.027583 200.000000 2.027583 0.016693 6.677135 0.982287 0.117321 200.000000 0.117321
 11.800000 -0.954404 0.298518 0.990128 -0.140163 -1.267657 1.711422 0.298518 -0.954404 -0.140163 0.990128 1.619556 647.822438 0.425779 0.662276 200.000000 0.662276 0.245789 98.315574 -0.904827 0.312518 200.000000 0.312518 0.222960 89.184129 -0.187381 2.027583 200.000000 2.027583 0.006149 2.459404 0.982287 0.117321 200.000000 0.117321
 12.000000 -0.911873 0.410473 0.985690 -0.168571 -1.147823 1.740176 0.410473 -0.911873 -0.168571 0.985690 0.023428 9.371107 0.425779 0.662276 200.000000 0.662276 0.004964 1.985635 -0.904827 0.312518 200.000000 0.312518 0.035384 14.153459 -0.187381 2.027583 200.000000 2.027583 0.001158 0.463026 0.982287 0.117321 200.000000 0.117321
 12.200000 -0.893360 0.449341 0.992334 -0.123588 -1.104768 1.694701 0.449341 -0.893360 -0.123588 0.992334 0.055517 22.206742 0.425779 0.662276 200.000000 0.662276 0.013149 5.259577 -0.904827 0.312518 200.000000 0.312518 0.406956 162.782517 -0.187381 2.027583 200.000000 2.027583 0.010093 4.037160 0.982287 0.117321 200.000000 0.117321
 12.400000 -0.917283 0.398237 0.976592 -0.215100 -1.161203 1.787590 0.398237 -0.917283 -0.215100 0.976592 0.075860 30.343953 0.425779 0.662276 200.000000 0.662276 0.015514 6.205750 -0.904827 0.312518 200.000000 0.312518 0.076831 30.732206 -0.187381 2.027583 200.000000 2.027583 0.003243 1.297385 0.982287 0.117321 200.000000 0.117321
 12.600000 -0.909965 0.414686 0.971637 -0.236477 -1.143199 1.809535 0.414686 -0.909965 -0.236477 0.971637 0.012307 4.922667 0.425779 0.662276 200.000000 0.662276 0.002640 1.055811 -0.904827 0.312518 200.000000 0.312518 0.241038 96.415151 -0.187381 2.027583 200.000000 2.027583 0.011343 4.537024 0.982287 0.117321 200.000000 0.117321
 12.800000 -0.922547 0.385885 0.974280 -0.225339 -1.174629 1.798088 0.385885 -0.922547 -0.225339 0.974280 0.159153 63.661310 0.425779 0.662276 200.000000 0.662276 0.031399 12.559546 -0.904827 0.312518 200.000000 0.312518 0.144081 57.632470 -0.187381 2.027583 200.000000 2.027583 0.006411 2.564425 0.982287 0.117321 200.000000 0.117321
 13.000000 -0.905063 0.425278 0.979639 -0.200767 -1.131527 1.772937 0.425278 -0.905063 -0.200767 0.979639 0.000025 0.010040 0.425779 0.662276 200.000000 0.662276 0.000006 0.002220 -0.904827 0.312518 200.000000 0.312518 0.017916 7.166558 -0.187381 2.027583 200.000000 2.027583 0.000701 0.280504 0.982287 0.117321 200.000000 0.117321
 13.200000 -0.927760 0.373177 0.967857 -0.251502 -1.188365 1.825028 0.373177 -0.927760 -0.251502 0.967857 0.276700 110.679964 0.425779 0.662276 200.000000 0.662276 0.052593 21.037095 -0.904827 0.312518 200.000000 0.312518 0.411140 164.456018 -0.187381 2.027583 200.000000 2.027583 0.020823 8.329396 0.982287 0.117321 200.000000 0.117321
 13.400000 -0.921661 0.387996 0.980266 -0.197685 -1.172340 1.769792 0.387996 -0.921661 -0.197685 0.980266 0.142755 57.101968 0.425779 0.662276 200.000000 0.662276 0.028338 11.335139 -0.904827 0.312518 200.000000 0.312518 0.010616 4.246368 -0.187381 2.027583 200.000000 2.027583 0.000409 0.163473 0.982287 0.117321 200.000000 0.117321
 13.600000 -0.898156 0.439678 0.986282 -0.165070 -1.115556 1.736625 0.439678 -0.898156 -0.165070 0.986282 0.019317 7.726877 0.425779 0.662276 200.000000 0.662276 0.004451 1.780378 -0.904827 0.312518 200.000000 0.312518 0.049779 19.911603 -0.187381 2.027583 200.000000 2.027583 0.001596 0.638269 0.982287 0.117321 200.000000 0.117321
 13.800000 -0.897347 0.441326 0.974513 -0.224332 -1.113721 1.797054 0.441326 -0.897347 -0.224332 0.974513 0.024169 9.667436 0.425779 0.662276 200.000000 0.662276 0.005595 2.238005 -0.904827 0.312518 200.000000 0.312518 0.136537 54.614708 -0.187381 2.027583 200.000000 2.027583 0.006044 2.417725 0.982287 0.117321 200.000000 0.117321
 14.000000 -0.915003 0.403447 0.981509 -0.191418 -1.155515 1.763403 0.403447 -0.915003 -0.191418 0.981509 0.049873 19.949291 0.425779 0.662276 200.000000 0.662276 0.010355 4.142017 -0.904827 0.312518 200.000000 0.312518 0.001630 0.651858 -0.187381 2.027583 200.000000 2.027583 0.000061 0.024254 0.982287 0.117321 200.000000 0.117321
 14.200000 -0.845039 0.534705 0.989459 -0.144812 -1.006638 1.716119 0.534705 -0.845039 -0.144812 0.989459 1.186481 474.592291 0.425779 0.662276 200.000000 0.662276 0.357463 142.985398 -0.904827 0.312518 200.000000 0.312518 0.181215 72.485954 -0.187381 2.027583 200.000000 2.027583 0.005144 2.057470 0.982287 0.117321 200.000000 0.117321
 14.400000 -0.909690 0.415288 0.986441 -0.164117 -1.142537 1.735659 0.415288 -0.909690 -0.164117 0.986441 0.011006 4.402557 0.425779 0.662276 200.000000 0.662276 0.002365 0.945899 -0.904827 0.312518 200.000000 0.312518 0.054123 21.649365 -0.187381 2.027583 200.000000 2.027583 0.001725 0.690112 0.982287 0.117321 200.000000 0.117321
 14.600000 -0.897819 0.440365 0.978080 -0.208227 -1.114791 1.780558 0.440365 -0.897819 -0.208227 0.978080 0.021274 8.509426 0.425779 0.662276 200.000000 0.662276 0.004911 1.964534 -0.904827 0.312518 200.000000 0.312518 0.043455 17.381997 -0.187381 2.027583 200.000000 2.027583 0.001770 0.707874 0.982287 0.117321 200.000000 0.117321
 14.800000 -0.879110 0.476620 0.970610 -0.240657 -1.073991 1.813839 0.476620 -0.879110 -0.240657 0.970610 0.258474 103.389687 0.425779 0.662276 200.000000 0.662276 0.066139 26.455472 -0.904827 0.312518 200.000000 0.312518 0.283832 113.532734 -0.187381 2.027583 200.000000 2.027583 0.013635 5.454160 0.982287 0.117321 200.000000 0.117321
 15.000000 -0.941177 0.337913 0.980258 -0.197722 -1.226097 1.769830 0.337913 -0.941177 -0.197722 0.980258 0.772043 308.817172 0.425779 0.662276 200.000000 0.662276 0.132134 52.853434 -0.904827 0.312518 200.000000 0.312518 0.010693 4.277188 -0.187381 2.027583 200.000000 2.027583 0.000412 0.164692 0.982287 0.117321 200.000000 0.117321
 15.200000 -0.904460 0.426558 0.949166 -0.314777 -1.130113 1.891018 0.426558 -0.904460 -0.314777 0.949166 0.000061 0.024255 0.425779 0.662276 200.000000 0.662276 0.000013 0.005383 -0.904827 0.312518 200.000000 0.312518 1.622970 649.187957 -0.187381 2.027583 200.000000 2.027583 0.109704 43.881737 0.982287 0.117321 200.000000 0.117321
 15.400000 -0.939808 0.341703 0.977082 -0.212861 -1.222068 1.785298 0.341703 -0.939808 -0.212861 0.977082 0.706887 282.754765 0.425779 0.662276 200.000000 0.662276 0.122367 48.946922 -0.904827 0.312518 200.000000 0.312518 0.064922 25.968638 -0.187381 2.027583 200.000000 2.027583 0.002709 1.083584 0.982287 0.117321 200.000000 0.117321
 15.600000 -0.917259 0.398291 0.980965 -0.194184 -1.161143 1.766222 0.398291 -0.917259 -0.194184 0.980965 0.075561 30.224254 0.425779 0.662276 200.000000 0.662276 0.015456 6.182246 -0.904827 0.312518 200.000000 0.312518 0.004628 1.851216 -0.187381 2.027583 200.000000 2.027583 0.000175 0.069927 0.982287 0.117321 200.000000 0.117321
 15.800000 -0.942693 0.333662 0.981058 -0.193716 -1.230611 1.765745 0.333662 -0.942693 -0.193716 0.981058 0.848563 339.425376 0.425779 0.662276 200.000000 0.662276 0.143382 57.352747 -0.904827 0.312518 200.000000 0.312518 0.004013 1.605344 -0.187381 2.027583 200.000000 2.027583 0.000151 0.060485 0.982287 0.117321 200.000000 0.117321
 16.000000 -0.905768 0.423774 0.985936 -0.167123 -1.133188 1.738707 0.423774 -0.905768 -0.167123 0.985936 0.000402 0.160849 0.425779 0.662276 200.000000 0.662276 0.000089 0.035413 -0.904827 0.312518 200.000000 0.312518 0.041042 16.416695 -0.187381 2.027583 200.000000 2.027583 0.001331 0.532573 0.982287 0.117321 200.000000 0.117321
 16.200000 -0.870582 0.492023 0.984381 -0.176052 -1.056384 1.747771 0.492023 -0.870582 -0.176052 0.984381 0.438824 175.529559 0.425779 0.662276 200.000000 0.662276 0.117271 46.908514 -0.904827 0.312518 200.000000 0.312518 0.012835 5.133829 -0.187381 2.027583 200.000000 2.027583 0.000438 0.175319 0.982287 0.117321 200.000000 0.117321
 16.400000 -0.895042 0.445981 0.995902 -0.090444 -1.108526 1.661364 0.445981 -0.895042 -0.090444 0.995902 0.040813 16.325135 0.425779 0.662276 200.000000 0.662276 0.009574 3.829742 -0.904827 0.312518 200.000000 0.312518 0.939680 375.871805 -0.187381 2.027583 200.000000 2.027583 0.018535 7.413933 0.982287 0.117321 200.000000 0.117321
 16.600000 -0.914207 0.405248 0.988003 -0.154437 -1.153546 1.725854 0.405248 -0.914207 -0.154437 0.988003 0.042154 16.861412 0.425779 0.662276 200.000000 0.662276 0.008798 3.519192 -0.904827 0.312518 200.000000 0.312518 0.108531 43.412403 -0.187381 2.027583 200.000000 2.027583 0.003267 1.306607 0.982287 0.117321 200.000000 0.117321
 16.800000 -0.918415 0.395619 0.994356 -0.106091 -1.164055 1.677088 0.395619 -0.918415 -0.106091 0.994356 0.090966 36.386401 0.425779 0.662276 200.000000 0.662276 0.018463 7.385124 -0.904827 0.312518 200.000000 0.312518 0.660809 264.323563 -0.187381 2.027583 200.000000 2.027583 0.014566 5.826582 0.982287 0.117321 200.000000 0.117321
 17.000000 -0.918040 0.396487 0.998521 -0.054375 -1.163110 1.625199 0.396487 -0.918040 -0.054375 0.998521 0.085806 34.322350 0.425779 0.662276 200.000000 0.662276 0.017459 6.983794 -0.904827 0.312518 200.000000 0.312518 1.769056 707.622569 -0.187381 2.027583 200.000000 2.027583 0.026352 10.540815 0.982287 0.117321 200.000000 0.117321
 17.200000 -0.929579 0.368622 0.980838 -0.194824 -1.193270 1.766875 0.368622 -0.929579 -0.194824 0.980838 0.326696 130.678256 0.425779 0.662276 200.000000 0.662276 0.061268 24.507109 -0.904827 0.312518 200.000000 0.312518 0.005540 2.215863 -0.187381 2.027583 200.000000 2.027583 0.000210 0.083993 0.982287 0.117321 200.000000 0.117321
 17.400000 -0.922286 0.386507 0.993994 -0.109430 -1.173955 1.680446 0.386507 -0.922286 -0.109430 0.993994 0.154229 61.691401 0.425779 0.662276 200.000000 0.662276 0.030483 12.193047 -0.904827 0.312518 200.000000 0.312518 0.607638 243.055051 -0.187381 2.027583 200.000000 2.027583 0.013706 5.482371 0.982287 0.117321 200.000000 0.117321
 17.600000 -0.906306 0.422621 0.996013 -0.089210 -1.134461 1.660125 0.422621 -0.906306 -0.089210 0.996013 0.000997 0.398934 0.425779 0.662276 200.000000 0.662276 0.000219 0.087539 -0.904827 0.312518 200.000000 0.312518 0.963768 385.507307 -0.187381 2.027583 200.000000 2.027583 0.018839 7.535709 0.982287 0.117321 200.000000 0.117321
 17.800000 -0.934628 0.355626 0.974059 -0.226294 -1.207212 1.799067 0.355626 -0.934628 -0.226294 0.974059 0.492143 196.857038 0.425779 0.662276 200.000000 0.662276 0.088811 35.524310 -0.904827 0.312518 200.000000 0.312518 0.151417 60.566966 -0.187381 2.027583 200.000000 2.027583 0.006770 2.708089 0.982287 0.117321 200.000000 0.117321
 18.000000 -0.930844 0.365418 0.990210 -0.139586 -1.196715 1.710840 0.365418 -0.930844 -0.139586 0.990210 0.364349 145.739734 0.425779 0.662276 200.000000 0.662276 0.067686 27.074346 -0.904827 0.312518 200.000000 0.312518 0.228437 91.374931 -0.187381 2.027583 200.000000 2.027583 0.006277 2.510750 0.982287 0.117321 200.000000 0.117321
 18.200000 -0.897903 0.440193 0.982090 -0.188410 -1.114983 1.760340 0.440193 -0.897903 -0.188410 0.982090 0.020775 8.310021 0.425779 0.662276 200.000000 0.662276 0.004794 1.917558 -0.904827 0.312518 200.000000 0.312518 0.000106 0.042364 -0.187381 2.027583 200.000000 2.027583 0.000004 0.001550 0.982287 0.117321 200.000000 0.117321
 18.400000 -0.945840 0.324634 0.981767 -0.190087 -1.240172 1.762047 0.324634 -0.945840 -0.190087 0.981767 1.023041 409.216575 0.425779 0.662276 200.000000 0.662276 0.168204 67.281786 -0.904827 0.312518 200.000000 0.312518 0.000732 0.292914 -0.187381 2.027583 200.000000 2.027583 0.000027 0.010819 0.982287 0.117321 200.000000 0.117321
 18.600000 -0.929527 0.368755 0.973333 -0.229396 -1.193127 1.802254 0.368755 -0.929527 -0.229396 0.973333 0.325174 130.069673 0.425779 0.662276 200.000000 0.662276 0.061006 24.402567 -0.904827 0.312518 200.000000 0.312518 0.176525 70.610134 -0.187381 2.027583 200.000000 2.027583 0.008018 3.207056 0.982287 0.117321 200.000000 0.117321
 18.800000 -0.920965 0.389645 0.994432 -0.105379 -1.170550 1.676371 0.389645 -0.920965 -0.105379 0.994432 0.130568 52.227219 0.425779 0.662276 200.000000 0.662276 0.026044 10.417455 -0.904827 0.312518 200.000000 0.312518 0.672442 268.976642 -0.187381 2.027583 200.000000 2.027583 0.014750 5.899949 0.982287 0.117321 200.000000 0.117321
 19.000000 -0.937056 0.349180 0.982391 -0.186838 -1.214100 1.758739 0.349180 -0.937056 -0.186838 0.982391 0.586743 234.697186 0.425779 0.662276 200.000000 0.662276 0.103868 41.547213 -0.904827 0.312518 200.000000 0.312518 0.000029 0.011786 -0.187381 2.027583 200.000000 2.027583 0.000001 0.000428 0.982287 0.117321 200.000000 0.117321
 19.200000 -0.933440 0.358734 0.987654 -0.156653 -1.203885 1.728097 0.358734 -0.933440 -0.156653 0.987654 0.449501 179.800235 0.425779 0.662276 200.000000 0.662276 0.081868 32.747215 -0.904827 0.312518 200.000000 0.312518 0.094426 37.770282 -0.187381 2.027583 200.000000 2.027583 0.002880 1.151983 0.982287 0.117321 200.000000 0.117321
 19.400000 -0.897418 0.441180 0.986298 -0.164975 -1.113883 1.736529 0.441180 -0.897418 -0.164975 0.986298 0.023720 9.487849 0.425779 0.662276 200.000000 0.662276 0.005489 2.195522 -0.904827 0.312518 200.000000 0.312518 0.050206 20.082566 -0.187381 2.027583 200.000000 2.027583 0.001608 0.643389 0.982287 0.117321 200.000000 0.117321
 19.600000 -0.905911 0.423467 0.988468 -0.151430 -1.133527 1.722812 0.423467 -0.905911 -0.151430 0.988468 0.000534 0.213799 0.425779 0.662276 200.000000 0.662276 0.000118 0.047029 -0.904827 0.312518 200.000000 0.312518 0.129247 51.698689 -0.187381 2.027583 200.000000 2.027583 0.003820 1.528027 0.982287 0.117321 200.000000 0.117321
 19.800000 -0.847542 0.530728 0.961095 -0.276219 -1.011337 1.850654 0.530728 -0.847542 -0.276219 0.961095 1.101416 440.566446 0.425779 0.662276 200.000000 0.662276 0.328153 131.261188 -0.904827 0.312518 200.000000 0.312518 0.789215 315.685961 -0.187381 2.027583 200.000000 2.027583 0.044912 17.964972 0.982287 0.117321 200.000000 0.117321
 20.000000 -0.883048 0.469283 0.978432 -0.206570 -1.082318 1.778864 0.469283 -0.883048 -0.206570 0.978432 0.189254 75.701584 0.425779 0.662276 200.000000 0.662276 0.047433 18.973034 -0.904827 0.312518 200.000000 0.312518 0.036820 14.727959 -0.187381 2.027583 200.000000 2.027583 0.001486 0.594561 0.982287 0.117321 200.000000 0.117321
