#! FIELDS time sin_phi cos_phi sin_psi cos_psi phi psi cos_phi sin_phi cos_psi sin_psi restraint_phi_cos.bias restraint_phi_cos.force2 restraint_phi_cos.cos_phi_cntr restraint_phi_cos.cos_phi_work restraint_phi_cos.cos_phi_kappa restraint_phi_cos.work restraint_phi_sin.bias restraint_phi_sin.force2 restraint_phi_sin.sin_phi_cntr restraint_phi_sin.sin_phi_work restraint_phi_sin.sin_phi_kappa restraint_phi_sin.work restraint_psi_cos.bias restraint_psi_cos.force2 restraint_psi_cos.cos_psi_cntr restraint_psi_cos.cos_psi_work restraint_psi_cos.cos_psi_kappa restraint_psi_cos.work restraint_psi_sin.bias restraint_psi_sin.force2 restraint_psi_sin.sin_psi_cntr restraint_psi_sin.sin_psi_work restraint_psi_sin.sin_psi_kappa restraint_psi_sin.work
#! SET min_phi -pi
#! SET max_phi pi
#! SET min_psi -pi
#! SET max_psi pi
 0.000000 -0.999983 -0.005782 0.966116 0.258110 -1.576579 1.309731 -0.005782 -0.999983 0.258110 0.966116 0.000000 0.000000 -0.009747 0.000000 0.000000 0.000000 0.000000 0.000000 -0.999953 0.000000 0.000000 0.000000 0.000000 0.000000 0.256142 0.000000 0.000000 0.000000 0.000000 0.000000 0.966639 0.000000 0.000000 0.000000
 0.200000 -1.000000 -0.000266 0.834655 0.550773 -1.571062 0.987506 -0.000266 -1.000000 0.550773 0.834655 0.000899 0.035954 -0.009747 0.429322 20.000000 0.429322 0.000000 0.000001 -0.999953 0.008204 20.000000 0.008204 0.868072 34.722866 0.256142 0.437494 20.000000 0.437494 0.174198 6.967905 0.966639 0.079186 20.000000 0.079186
 0.400000 -0.998238 0.059333 0.982968 0.183778 -1.511428 1.385968 0.059333 -0.998238 0.183778 0.982968 0.095441 7.635246 -0.009747 0.576151 40.000000 0.576151 0.000059 0.004702 -0.999953 0.009175 40.000000 0.009175 0.104733 8.378618 0.256142 0.652620 40.000000 0.652620 0.005333 0.426605 0.966639 0.103852 40.000000 0.103852
 0.600000 -0.997905 0.064690 0.969721 0.244216 -1.506061 1.324085 0.064690 -0.997905 0.244216 0.969721 0.166224 19.946879 -0.009747 0.652738 60.000000 0.652738 0.000126 0.015086 -0.999953 0.009549 60.000000 0.009549 0.004267 0.512080 0.256142 0.812949 60.000000 0.812949 0.000285 0.034192 0.966639 0.126978 60.000000 0.126978
 0.800000 -0.999998 0.001894 0.948099 0.317975 -1.568902 1.247203 0.001894 -0.999998 0.317975 0.948099 0.005420 0.867200 -0.009747 0.745440 80.000000 0.745440 0.000000 0.000013 -0.999953 0.009931 80.000000 0.009931 0.152931 24.469032 0.256142 0.870396 80.000000 0.870396 0.013749 2.199883 0.966639 0.131256 80.000000 0.131256
 1.000000 -0.997905 -0.064690 0.983714 0.179740 -1.635531 1.390074 -0.064690 -0.997905 0.179740 0.983714 0.150938 30.187619 -0.009747 0.830208 100.000000 0.830208 0.000210 0.041905 -0.999953 0.010215 100.000000 0.010215 0.291867 58.373466 0.256142 0.906296 100.000000 0.906296 0.014578 2.915595 0.966639 0.133900 100.000000 0.133900
 1.200000 -0.998628 0.052357 0.985226 0.171262 -1.518415 1.398686 0.052357 -0.998628 0.171262 0.985226 0.231412 55.538994 -0.009747 0.926095 120.000000 0.926095 0.000105 0.025246 -0.999953 0.010633 120.000000 0.010633 0.432282 103.747643 0.256142 0.992025 120.000000 0.992025 0.020727 4.974582 0.966639 0.141240 120.000000 0.141240
 1.400000 -0.999098 0.042471 0.979939 0.199299 -1.528313 1.370154 0.042471 -0.999098 0.199299 0.979939 0.190866 53.442499 -0.009747 0.960898 140.000000 0.960898 0.000051 0.014321 -0.999953 0.010712 140.000000 0.010712 0.226180 63.330420 0.256142 1.092945 140.000000 1.092945 0.012382 3.466844 0.966639 0.149518 140.000000 0.149518
 1.600000 -0.999952 0.009779 0.961528 0.274706 -1.561018 1.292512 0.009779 -0.999952 0.274706 0.961528 0.030498 9.759450 -0.009747 1.007093 160.000000 1.007093 0.000000 0.000000 -0.999953 0.010845 160.000000 0.010845 0.027570 8.822428 0.256142 1.162447 160.000000 1.162447 0.002090 0.668714 0.966639 0.156254 160.000000 0.156254
 1.800000 -0.999816 -0.019191 0.970209 0.242271 -1.589988 1.326090 -0.019191 -0.999816 0.242271 0.970209 0.008027 2.889774 -0.009747 1.051966 180.000000 1.051966 0.000002 0.000605 -0.999953 0.010933 180.000000 0.010933 0.017316 6.233938 0.256142 1.193883 180.000000 1.193883 0.001147 0.412811 0.966639 0.158912 180.000000 0.158912
 2.000000 -0.987451 0.157923 0.943128 0.332430 -1.412209 1.231917 0.157923 -0.987451 0.332430 0.943128 2.811311 1124.524500 -0.009747 1.081900 200.000000 1.081900 0.015628 6.251093 -0.999953 0.011013 200.000000 0.011013 0.581986 232.794469 0.256142 1.219741 200.000000 1.219741 0.055278 22.111200 0.966639 0.161373 200.000000 0.161373
 2.200000 -0.997963 0.063801 0.928977 0.370138 -1.506952 1.191638 0.063801 -0.997963 0.370138 0.928977 0.902460 360.984055 -0.031197 1.164517 200.000000 1.164517 0.067309 26.923604 -0.972019 0.073553 200.000000 0.073553 2.046039 818.415604 0.227099 1.281828 200.000000 1.281828 0.011232 4.492836 0.939575 0.225850 200.000000 0.225850
 2.400000 -0.999186 -0.040339 0.952353 0.304999 -1.611146 1.260859 -0.040339 -0.999186 0.304999 0.952353 0.015151 6.060258 -0.052647 1.292336 200.000000 1.292336 0.303615 121.445825 -0.944085 0.301353 200.000000 0.301353 1.143711 457.484595 0.198055 1.395243 200.000000 1.395243 0.158739 63.495714 0.912511 0.461490 200.000000 0.461490
 2.600000 -0.986817 -0.161842 0.918144 0.396246 -1.733353 1.163371 -0.161842 -0.986817 0.396246 0.918144 0.769898 307.959007 -0.074098 1.358775 200.000000 1.358775 0.499364 199.745768 -0.916151 0.672501 200.000000 0.672501 5.163599 2065.439695 0.169011 1.529089 200.000000 1.529089 0.106916 42.766253 0.885446 0.872593 200.000000 0.872593
 2.800000 -0.994809 -0.101763 0.980990 0.194057 -1.672735 1.375501 -0.101763 -0.994809 0.194057 0.980990 0.003862 1.544630 -0.095548 1.405046 200.000000 1.405046 1.136176 454.470305 -0.888217 1.195996 200.000000 1.195996 0.292568 117.027364 0.139967 1.646983 200.000000 1.646983 1.503281 601.312240 0.858382 1.465772 200.000000 1.465772
 3.000000 -0.992447 -0.122674 0.978102 0.208126 -1.693780 1.361138 -0.122674 -0.992447 0.208126 0.978102 0.003221 1.288268 -0.116999 1.519997 200.000000 1.519997 1.746724 698.689600 -0.860283 1.875676 200.000000 1.875676 0.944840 377.936102 0.110923 1.844299 200.000000 1.844299 2.154563 861.825107 0.831318 2.224281 200.000000 2.224281
 3.200000 -0.992350 -0.123458 0.999765 0.021696 -1.694570 1.549099 -0.123458 -0.992350 0.021696 0.999765 0.022475 8.989985 -0.138449 1.519110 200.000000 1.519110 2.560011 1024.004229 -0.832349 2.673568 200.000000 2.673568 0.362208 144.883040 0.081879 2.000897 200.000000 2.000897 3.822462 1528.984629 0.804253 3.154292 200.000000 3.154292
 3.400000 -0.992011 -0.126153 0.998225 0.059554 -1.697286 1.511207 -0.126153 -0.992011 0.059554 0.998225 0.113887 45.554781 -0.159900 1.512019 200.000000 1.512019 3.519195 1407.677824 -0.804416 3.617670 200.000000 3.617670 0.004514 1.805751 0.052835 2.176019 200.000000 2.176019 4.885686 1954.274306 0.777189 4.257906 200.000000 4.257906
 3.600000 -0.996217 -0.086900 0.998816 0.048642 -1.657806 1.522135 -0.086900 -0.996217 0.048642 0.998816 0.892092 356.836912 -0.181350 1.451478 200.000000 1.451478 4.828357 1931.342906 -0.776482 4.682568 200.000000 4.682568 0.061756 24.702288 0.023792 2.312479 200.000000 2.312479 6.184738 2473.895320 0.750125 5.516393 200.000000 5.516393
 3.800000 -0.966304 -0.257403 0.999537 -0.030415 -1.831130 1.601216 -0.257403 -0.966304 -0.030415 0.999537 0.298140 119.256083 -0.202801 1.253593 200.000000 1.253593 4.741773 1896.709179 -0.748548 5.841086 200.000000 5.841086 0.063315 25.325960 -0.005252 2.328558 200.000000 2.328558 7.643937 3057.574900 0.723061 6.936167 200.000000 6.936167
 4.000000 -0.951309 -0.308240 0.997355 -0.072687 -1.884139 1.643548 -0.308240 -0.951309 -0.072687 0.997355 0.705415 282.166189 -0.224251 1.114328 200.000000 1.114328 5.321988 2128.795231 -0.720614 7.142412 200.000000 7.142412 0.147387 58.954698 -0.034296 2.354023 200.000000 2.354023 9.081689 3632.675662 0.695996 8.500411 200.000000 8.500411
 4.200000 -0.952808 -0.303574 0.985296 -0.170857 -1.879238 1.742496 -0.303574 -0.952808 -0.170857 0.985296 0.334918 133.967397 -0.245702 0.899603 200.000000 0.899603 6.766634 2706.653546 -0.692680 8.544530 200.000000 8.544530 1.155992 462.396822 -0.063340 2.188367 200.000000 2.188367 10.008600 4003.440069 0.668932 10.182715 200.000000 10.182715
 4.400000 -0.942151 -0.335188 0.985610 -0.169034 -1.912601 1.740645 -0.335188 -0.942151 -0.169034 0.985610 0.462887 185.154826 -0.267152 0.475058 200.000000 0.475058 7.695338 3078.135276 -0.664746 9.956246 200.000000 9.956246 0.587518 235.007244 -0.092384 1.873597 200.000000 1.873597 11.815887 4726.354987 0.641868 11.995125 200.000000 11.995125
 4.600000 -0.827955 -0.560795 0.998598 -0.052938 -2.166141 1.623759 -0.560795 -0.827955 -0.052938 0.998598 7.408834 2963.533550 -0.288603 0.147365 200.000000 0.147365 3.653539 1461.415783 -0.636813 11.521750 200.000000 11.521750 0.469078 187.631130 -0.121428 1.529092 200.000000 1.529092 14.729799 5891.919477 0.614804 13.921882 200.000000 13.921882
 4.800000 -0.878483 -0.477773 0.982286 -0.187387 -2.068914 1.759298 -0.477773 -0.878483 -0.187387 0.982286 2.812995 1125.198002 -0.310053 -0.484707 200.000000 -0.484707 7.268655 2907.461812 -0.608879 13.026497 200.000000 13.026497 0.136277 54.510768 -0.150471 0.906720 200.000000 0.906720 15.566719 6226.687640 0.587739 15.903083 200.000000 15.903083
 5.000000 -0.793824 -0.608147 0.908665 -0.417527 -2.224521 2.001518 -0.608147 -0.793824 -0.417527 0.908665 7.653170 3061.267847 -0.331504 -1.005071 200.000000 -1.005071 4.531752 1812.700950 -0.580945 14.680217 200.000000 14.680217 5.664957 2265.982845 -0.179515 0.270669 200.000000 0.270669 12.109666 4843.866519 0.560675 17.974724 200.000000 17.974724
 5.200000 -0.871998 -0.489509 0.929884 -0.367853 -2.082323 1.947495 -0.489509 -0.871998 -0.367853 0.929884 1.864726 745.890394 -0.352954 -1.760794 200.000000 -1.760794 10.175268 4070.107182 -0.553011 16.273600 200.000000 16.273600 2.537441 1014.976328 -0.208559 -0.719586 200.000000 -0.719586 15.703254 6281.301790 0.533611 20.040191 200.000000 20.040191
 5.400000 -0.699534 -0.714600 0.886366 -0.462986 -2.366848 2.052157 -0.714600 -0.699534 -0.462986 0.886366 11.573254 4629.301751 -0.374405 -2.611646 200.000000 -2.611646 3.043503 1217.401123 -0.525077 17.838553 200.000000 17.838553 5.079734 2031.893664 -0.237603 -1.802342 200.000000 -1.802342 14.426266 5770.506591 0.506547 22.134430 200.000000 22.134430
 5.600000 -0.821365 -0.570403 0.842388 -0.538871 -2.177792 2.139893 -0.570403 -0.821365 -0.538871 0.842388 3.046682 1218.672782 -0.395855 -3.507587 200.000000 -3.507587 10.511971 4204.788209 -0.497143 19.457460 200.000000 19.457460 7.410616 2964.246465 -0.266647 -2.999781 200.000000 -2.999781 13.170065 5268.026024 0.479482 24.268686 200.000000 24.268686
 5.800000 -0.807903 -0.589316 0.809562 -0.587034 -2.201008 2.198186 -0.589316 -0.807903 -0.587034 0.809562 2.958749 1183.499528 -0.417306 -4.565513 200.000000 -4.565513 11.471300 4588.520030 -0.469210 20.974493 200.000000 20.974493 8.488083 3395.233268 -0.295691 -4.506168 200.000000 -4.506168 12.755213 5102.085008 0.452418 26.284693 200.000000 26.284693
 6.000000 -0.698448 -0.715661 0.772089 -0.635514 -2.368366 2.259470 -0.715661 -0.698448 -0.635514 0.772089 7.667622 3067.048669 -0.438756 -5.590492 200.000000 -5.590492 6.613748 2645.499116 -0.441276 22.569546 200.000000 22.569546 9.658381 3863.352516 -0.324735 -6.276398 200.000000 -6.276398 12.022565 4809.025888 0.425354 28.153172 200.000000 28.153172
 6.200000 -0.669525 -0.742789 0.729981 -0.683467 -2.408023 2.323298 -0.742789 -0.669525 -0.683467 0.729981 7.985286 3194.114509 -0.460207 -6.781323 200.000000 -6.781323 6.562994 2625.197426 -0.413342 24.009290 200.000000 24.009290 10.869454 4347.781799 -0.353778 -8.040736 200.000000 -8.040736 11.001959 4400.783503 0.398289 30.042064 200.000000 30.042064
 6.400000 -0.645296 -0.763932 0.578907 -0.815393 -2.440181 2.524205 -0.763932 -0.645296 -0.815393 0.578907 7.967924 3187.169768 -0.481657 -8.030860 200.000000 -8.030860 6.754191 2701.676272 -0.385408 25.365376 200.000000 25.365376 18.711782 7484.712889 -0.382822 -10.124627 200.000000 -10.124627 4.313183 1725.273190 0.371225 31.645787 200.000000 31.645787
 6.600000 -0.485824 -0.874057 0.584299 -0.811539 -2.634287 2.517577 -0.874057 -0.485824 -0.811539 0.584299 13.760321 5504.128502 -0.503108 -9.370853 200.000000 -9.370853 1.647361 658.944431 -0.357474 26.573098 200.000000 26.573098 15.973809 6389.523787 -0.411866 -12.157198 200.000000 -12.157198 5.766623 2306.649063 0.344161 33.253774 200.000000 33.253774
 6.800000 -0.519747 -0.854320 0.651682 -0.758492 -2.595038 2.431792 -0.854320 -0.519747 -0.758492 0.651682 10.874307 4349.722965 -0.524558 -10.646858 200.000000 -10.646858 3.617848 1447.139393 -0.329540 27.890166 200.000000 27.890166 10.085840 4034.336136 -0.440910 -14.282188 200.000000 -14.282188 11.194755 4477.901974 0.317097 34.734420 200.000000 34.734420
 7.000000 -0.478434 -0.878123 0.672491 -0.740106 -2.642722 2.404024 -0.878123 -0.478434 -0.740106 0.672491 11.030028 4412.011127 -0.546009 -12.009221 200.000000 -12.009221 3.126794 1250.717431 -0.301607 28.999277 200.000000 28.999277 7.298195 2919.278119 -0.469954 -16.545521 200.000000 -16.545521 14.627442 5850.976996 0.290032 35.967428 200.000000 35.967428
 7.200000 -0.362341 -0.932045 0.556250 -0.831015 -2.770814 2.551726 -0.932045 -0.362341 -0.831015 0.556250 13.292318 5316.927300 -0.567459 -13.393679 200.000000 -13.393679 0.786213 314.485103 -0.273673 30.007964 200.000000 30.007964 11.023542 4409.416722 -0.498998 -18.793938 200.000000 -18.793938 8.601442 3440.576882 0.262968 37.054030 200.000000 37.054030
 7.400000 -0.409039 -0.912517 0.524482 -0.851422 -2.720192 2.589486 -0.912517 -0.409039 -0.851422 0.524482 10.472162 4188.864692 -0.588910 -14.778942 200.000000 -14.778942 2.666698 1066.679230 -0.245739 30.955652 200.000000 30.955652 10.457471 4182.988577 -0.528041 -20.993595 200.000000 -20.993595 8.327728 3331.091024 0.235904 38.125635 200.000000 38.125635
 7.600000 -0.374306 -0.927305 0.476321 -0.879271 -2.757944 2.645127 -0.927305 -0.374306 -0.879271 0.476321 10.045421 4018.168595 -0.610360 -16.121073 200.000000 -16.121073 2.449255 979.701988 -0.217805 31.893442 200.000000 31.893442 10.380387 4152.154843 -0.557085 -23.230810 200.000000 -23.230810 7.154637 2861.854662 0.208840 38.901661 200.000000 38.901661
 7.800000 -0.300037 -0.953928 0.075788 -0.997124 -2.836861 3.065732 -0.953928 -0.300037 -0.997124 0.075788 10.375940 4150.375846 -0.631811 -17.499648 200.000000 -17.499648 1.213645 485.457815 -0.189871 32.565358 200.000000 32.565358 16.891672 6756.668699 -0.586129 -25.377376 200.000000 -25.377376 1.123335 449.333969 0.181775 39.618410 200.000000 39.618410
 8.000000 -0.277320 -0.960778 0.186115 -0.982528 -2.860589 2.954386 -0.960778 -0.277320 -0.982528 0.186115 9.456639 3782.655452 -0.653261 -18.815231 200.000000 -18.815231 1.331320 532.527820 -0.161937 33.280623 200.000000 33.280623 13.494967 5397.986787 -0.615173 -27.432872 200.000000 -27.432872 0.098620 39.448078 0.154711 40.245687 200.000000 40.245687
 8.200000 -0.288008 -0.957628 0.299464 -0.954108 -2.849447 2.837462 -0.957628 -0.288008 -0.954108 0.299464 8.004172 3201.668739 -0.674712 -20.084817 200.000000 -20.084817 2.371737 948.694664 -0.134004 33.930269 200.000000 33.930269 9.603224 3841.289540 -0.644217 -29.448578 200.000000 -29.448578 2.952121 1180.848266 0.127647 40.589454 200.000000 40.589454
 8.400000 -0.272294 -0.962214 0.170876 -0.985293 -2.865816 2.969874 -0.962214 -0.272294 -0.985293 0.170876 7.078367 2831.346806 -0.696162 -21.337617 200.000000 -21.337617 2.763058 1105.223198 -0.106070 34.378267 200.000000 34.378267 9.736384 3894.553429 -0.673261 -31.333875 200.000000 -31.333875 0.494121 197.648238 0.100582 40.856293 200.000000 40.856293
 8.600000 -0.116814 -0.993154 -0.030974 -0.999520 -3.024511 -3.110613 -0.993154 -0.116814 -0.999520 -0.030974 7.592300 3036.919800 -0.717612 -22.508277 200.000000 -22.508277 0.149601 59.840560 -0.078136 34.931817 200.000000 34.931817 8.833712 3533.484835 -0.702305 -33.058113 200.000000 -33.058113 1.091870 436.747921 0.073518 41.246506 200.000000 41.246506
 8.800000 -0.183707 -0.982981 0.101920 -0.994793 -2.956837 3.039495 -0.982981 -0.183707 -0.994793 0.101920 5.949604 2379.841706 -0.739063 -23.623916 200.000000 -23.623916 1.782349 712.939621 -0.050202 35.373389 200.000000 35.373389 6.940284 2776.113579 -0.731348 -34.660811 200.000000 -34.660811 0.307648 123.059199 0.046454 41.461726 200.000000 41.461726
 9.000000 -0.118608 -0.992941 0.072497 -0.997369 -3.022705 3.069032 -0.992941 -0.118608 -0.997369 0.072497 5.402262 2160.904824 -0.760513 -24.668561 200.000000 -24.668561 0.928138 371.255120 -0.022268 35.743512 200.000000 35.743512 5.615780 2246.312095 -0.760392 -36.122815 200.000000 -36.122815 0.282038 112.815167 0.019390 41.529778 200.000000 41.529778
 9.200000 -0.080070 -0.996789 -0.023842 -0.999716 -3.061436 -3.117749 -0.996789 -0.080070 -0.999716 -0.023842 4.614989 1845.995653 -0.781964 -25.629922 200.000000 -25.629922 0.735066 294.026370 0.005666 36.066525 200.000000 36.066525 4.421753 1768.701042 -0.789436 -37.419345 200.000000 -37.419345 0.026138 10.455113 -0.007675 41.704145 200.000000 41.704145
 9.400000 -0.077038 -0.997028 -0.034111 -0.999418 -3.064478 -3.107475 -0.997028 -0.077038 -0.999418 -0.034111 3.748627 1499.450993 -0.803414 -26.506257 200.000000 -26.506257 1.224062 489.624887 0.033599 36.489093 200.000000 36.489093 3.273860 1309.543876 -0.818480 -38.552440 200.000000 -38.552440 0.000039 0.015776 -0.034739 41.802920 200.000000 41.802920
 9.600000 0.044273 -0.999019 -0.011521 -0.999934 3.097306 -3.130072 -0.999019 0.044273 -0.999934 -0.011521 3.032982 1213.192621 -0.824865 -27.298085 200.000000 -27.298085 0.029793 11.917225 0.061533 36.702840 200.000000 36.702840 2.322876 929.150273 -0.847524 -39.507682 200.000000 -39.507682 0.252831 101.132222 -0.061803 41.781411 200.000000 41.781411
 9.800000 0.000016 -1.000000 -0.085121 -0.996371 3.141577 -3.056369 -1.000000 0.000016 -0.996371 -0.085121 2.361896 944.758233 -0.846315 -27.994906 200.000000 -27.994906 0.800156 320.062410 0.089467 37.105709 200.000000 37.105709 1.435276 574.110487 -0.876568 -40.286699 200.000000 -40.286699 0.001404 0.561556 -0.088867 41.913766 200.000000 41.913766
 10.000000 0.030198 -0.999544 -0.115323 -0.993328 3.111390 -3.026013 -0.999544 0.030198 -0.993328 -0.115323 1.736545 694.618150 -0.867766 -28.598400 200.000000 -28.598400 0.760432 304.172760 0.117401 37.421976 200.000000 37.421976 0.769419 307.767760 -0.905611 -40.898683 200.000000 -40.898683 0.000037 0.014820 -0.115932 42.065206 200.000000 42.065206
 10.200000 0.107742 -0.994179 -0.160429 -0.987047 3.033641 -2.980468 -0.994179 0.107742 -0.987047 -0.160429 1.101713 440.685274 -0.889216 -29.095083 200.000000 -29.095083 0.141322 56.528655 0.145335 37.697100 200.000000 37.697100 0.274493 109.797328 -0.934655 -41.299299 200.000000 -41.299299 0.030390 12.155906 -0.142996 42.033424 200.000000 42.033424
 10.400000 0.098579 -0.995129 -0.276325 -0.961064 3.042853 -2.861625 -0.995129 0.098579 -0.961064 -0.276325 0.713389 285.355555 -0.910667 -29.487382 200.000000 -29.487382 0.557849 223.139705 0.173269 38.021054 200.000000 38.021054 0.000694 0.277703 -0.963699 -41.531506 200.000000 -41.531506 1.129217 451.686668 -0.170060 42.154354 200.000000 42.154354
 10.600000 0.164679 -0.986347 -0.216166 -0.976357 2.976160 -2.923707 -0.986347 0.164679 -0.976357 -0.216166 0.294088 117.635331 -0.932117 -29.779897 200.000000 -29.779897 0.133397 53.358874 0.201202 38.354223 200.000000 38.354223 0.003517 1.406847 -0.982287 -41.588679 200.000000 -41.588679 0.082853 33.141318 -0.187381 42.282507 200.000000 42.282507
 10.800000 0.193558 -0.981089 -0.146052 -0.989277 2.946805 -2.995016 -0.981089 0.193558 -0.989277 -0.146052 0.075740 30.296118 -0.953568 -29.964134 200.000000 -29.964134 0.126579 50.631515 0.229136 38.668450 200.000000 38.668450 0.004885 1.954176 -0.982287 -41.588679 200.000000 -41.588679 0.170807 68.322888 -0.187381 42.282507 200.000000 42.282507
 11.000000 0.136386 -0.990656 -0.199633 -0.979871 3.004780 -2.940610 -0.990656 0.136386 -0.979871 -0.199633 0.048720 19.487989 -0.968583 -30.037223 200.000000 -30.037223 1.261215 504.485861 0.248690 38.954879 200.000000 38.954879 0.000584 0.233564 -0.982287 -41.588679 200.000000 -41.588679 0.015009 6.003721 -0.187381 42.282507 200.000000 42.282507
 11.200000 0.204202 -0.978929 -0.166589 -0.986026 2.935944 -2.974223 -0.978929 0.204202 -0.986026 -0.166589 0.010703 4.281233 -0.968583 -30.037223 200.000000 -30.037223 0.197915 79.166171 0.248690 38.954879 200.000000 38.954879 0.001398 0.559260 -0.982287 -41.588679 200.000000 -41.588679 0.043232 17.292933 -0.187381 42.282507 200.000000 42.282507
 11.400000 0.170069 -0.985432 -0.047557 -0.998869 2.970693 -3.094018 -0.985432 0.170069 -0.998869 -0.047557 0.028389 11.355522 -0.968583 -30.037223 200.000000 -30.037223 0.618123 247.249108 0.248690 38.954879 200.000000 38.954879 0.027494 10.997555 -0.982287 -41.588679 200.000000 -41.588679 1.955087 782.034984 -0.187381 42.282507 200.000000 42.282507
 11.600000 0.120040 -0.992769 -0.068101 -0.997678 3.021263 -3.073439 -0.992769 0.120040 -0.997678 -0.068101 0.058496 23.398365 -0.968583 -30.037223 200.000000 -30.037223 1.655086 662.034595 0.248690 38.954879 200.000000 38.954879 0.023689 9.475578 -0.982287 -41.588679 200.000000 -41.588679 1.422790 569.116190 -0.187381 42.282507 200.000000 42.282507
 11.800000 0.187910 -0.982186 -0.166283 -0.986078 2.952559 -2.974533 -0.982186 0.187910 -0.986078 -0.166283 0.018504 7.401792 -0.968583 -30.037223 200.000000 -30.037223 0.369421 147.768476 0.248690 38.954879 200.000000 38.954879 0.001437 0.574787 -0.982287 -41.588679 200.000000 -41.588679 0.044512 17.804712 -0.187381 42.282507 200.000000 42.282507
 12.000000 0.186725 -0.982412 -0.166761 -0.985997 2.953765 -2.974049 -0.982412 0.186725 -0.985997 -0.166761 0.019124 7.649690 -0.968583 -30.037223 200.000000 -30.037223 0.383963 153.585241 0.248690 38.954879 200.000000 38.954879 0.001376 0.550595 -0.982287 -41.588679 200.000000 -41.588679 0.042520 17.007959 -0.187381 42.282507 200.000000 42.282507
 12.200000 0.146555 -0.989203 -0.163850 -0.986485 2.994508 -2.977001 -0.989203 0.146555 -0.986485 -0.163850 0.042516 17.006353 -0.968583 -30.037223 200.000000 -30.037223 1.043156 417.262377 0.248690 38.954879 200.000000 38.954879 0.001762 0.704947 -0.982287 -41.588679 200.000000 -41.588679 0.055373 22.149382 -0.187381 42.282507 200.000000 42.282507
 12.400000 0.183071 -0.983100 -0.200638 -0.979666 2.957483 -2.939584 -0.983100 0.183071 -0.979666 -0.200638 0.021073 8.429141 -0.968583 -30.037223 200.000000 -30.037223 0.430581 172.232350 0.248690 38.954879 200.000000 38.954879 0.000687 0.274938 -0.982287 -41.588679 200.000000 -41.588679 0.017573 7.029204 -0.187381 42.282507 200.000000 42.282507
 12.600000 0.201201 -0.979550 -0.190726 -0.981643 2.939009 -2.949691 -0.979550 0.201201 -0.981643 -0.190726 0.012027 4.810902 -0.968583 -30.037223 200.000000 -30.037223 0.225523 90.209039 0.248690 38.954879 200.000000 38.954879 0.000041 0.016582 -0.982287 -41.588679 200.000000 -41.588679 0.001118 0.447375 -0.187381 42.282507 200.000000 42.282507
 12.800000 0.157140 -0.987576 -0.254441 -0.967088 2.983798 -2.884323 -0.987576 0.157140 -0.967088 -0.254441 0.036074 14.429573 -0.968583 -30.037223 200.000000 -30.037223 0.838134 335.253586 0.248690 38.954879 200.000000 38.954879 0.023101 9.240431 -0.982287 -41.588679 200.000000 -41.588679 0.449705 179.881820 -0.187381 42.282507 200.000000 42.282507
 13.000000 0.183286 -0.983060 -0.203053 -0.979168 2.957265 -2.937118 -0.983060 0.183286 -0.979168 -0.203053 0.020957 8.382831 -0.968583 -30.037223 200.000000 -30.037223 0.427773 171.109183 0.248690 38.954879 200.000000 38.954879 0.000973 0.389244 -0.982287 -41.588679 200.000000 -41.588679 0.024560 9.823888 -0.187381 42.282507 200.000000 42.282507
 13.200000 0.132524 -0.991180 -0.088385 -0.996086 3.008678 -3.053092 -0.991180 0.132524 -0.996086 -0.088385 0.051061 20.424295 -0.968583 -30.037223 200.000000 -30.037223 1.349449 539.779644 0.248690 38.954879 200.000000 38.954879 0.019042 7.616612 -0.982287 -41.588679 200.000000 -41.588679 0.980020 392.007963 -0.187381 42.282507 200.000000 42.282507
 13.400000 0.206236 -0.978502 -0.122951 -0.992413 2.933866 -3.018330 -0.978502 0.206236 -0.992413 -0.122951 0.009839 3.935615 -0.968583 -30.037223 200.000000 -30.037223 0.180236 72.094486 0.248690 38.954879 200.000000 38.954879 0.010253 4.101067 -0.982287 -41.588679 200.000000 -41.588679 0.415132 166.052874 -0.187381 42.282507 200.000000 42.282507
 13.600000 0.251601 -0.967831 -0.163422 -0.986556 2.887258 -2.977434 -0.967831 0.251601 -0.986556 -0.163422 0.000057 0.022632 -0.968583 -30.037223 200.000000 -30.037223 0.000848 0.339065 0.248690 38.954879 200.000000 38.954879 0.001822 0.728971 -0.982287 -41.588679 200.000000 -41.588679 0.057404 22.961736 -0.187381 42.282507 200.000000 42.282507
 13.800000 0.203949 -0.978982 -0.198751 -0.980050 2.936203 -2.941509 -0.978982 0.203949 -0.980050 -0.198751 0.010813 4.325020 -0.968583 -30.037223 200.000000 -30.037223 0.200174 80.069679 0.248690 38.954879 200.000000 38.954879 0.000501 0.200212 -0.982287 -41.588679 200.000000 -41.588679 0.012927 5.170881 -0.187381 42.282507 200.000000 42.282507
 14.000000 0.159311 -0.987228 -0.254362 -0.967109 2.981600 -2.884405 -0.987228 0.159311 -0.967109 -0.254362 0.034765 13.905883 -0.968583 -30.037223 200.000000 -30.037223 0.798860 319.543897 0.248690 38.954879 200.000000 38.954879 0.023038 9.215127 -0.982287 -41.588679 200.000000 -41.588679 0.448643 179.457370 -0.187381 42.282507 200.000000 42.282507
 14.200000 0.198243 -0.980153 -0.143933 -0.989587 2.942027 -2.997158 -0.980153 0.198243 -0.989587 -0.143933 0.013386 5.354281 -0.968583 -30.037223 200.000000 -30.037223 0.254485 101.793890 0.248690 38.954879 200.000000 38.954879 0.005329 2.131705 -0.982287 -41.588679 200.000000 -41.588679 0.188775 75.510130 -0.187381 42.282507 200.000000 42.282507
 14.400000 0.152294 -0.988335 -0.174501 -0.984657 2.988704 -2.966193 -0.988335 0.152294 -0.984657 -0.174501 0.039015 15.605802 -0.968583 -30.037223 200.000000 -30.037223 0.929219 371.687448 0.248690 38.954879 200.000000 38.954879 0.000562 0.224612 -0.982287 -41.588679 200.000000 -41.588679 0.016589 6.635602 -0.187381 42.282507 200.000000 42.282507
 14.600000 0.115791 -0.993274 -0.097795 -0.995207 3.025542 -3.043641 -0.993274 0.115791 -0.995207 -0.097795 0.060962 24.384812 -0.968583 -30.037223 200.000000 -30.037223 1.766223 706.489246 0.248690 38.954879 200.000000 38.954879 0.016691 6.676365 -0.982287 -41.588679 200.000000 -41.588679 0.802571 321.028403 -0.187381 42.282507 200.000000 42.282507
 14.800000 0.204001 -0.978971 -0.139404 -0.990236 2.936149 -3.001733 -0.978971 0.204001 -0.990236 -0.139404 0.010790 4.315948 -0.968583 -30.037223 200.000000 -30.037223 0.199706 79.882346 0.248690 38.954879 200.000000 38.954879 0.006318 2.527026 -0.982287 -41.588679 200.000000 -41.588679 0.230180 92.072140 -0.187381 42.282507 200.000000 42.282507
 15.000000 0.256308 -0.966595 -0.243932 -0.969792 2.882392 -2.895175 -0.966595 0.256308 -0.969792 -0.243932 0.000395 0.158070 -0.968583 -30.037223 200.000000 -30.037223 0.005803 2.321199 0.248690 38.954879 200.000000 38.954879 0.015612 6.244849 -0.982287 -41.588679 200.000000 -41.588679 0.319795 127.918044 -0.187381 42.282507 200.000000 42.282507
 15.200000 0.241249 -0.970463 -0.161904 -0.986806 2.897940 -2.978972 -0.970463 0.241249 -0.986806 -0.161904 0.000353 0.141395 -0.968583 -30.037223 200.000000 -30.037223 0.005537 2.214767 0.248690 38.954879 200.000000 38.954879 0.002042 0.816921 -0.982287 -41.588679 200.000000 -41.588679 0.064907 25.962756 -0.187381 42.282507 200.000000 42.282507
 15.400000 0.188699 -0.982035 -0.067825 -0.997697 2.951756 -3.073716 -0.982035 0.188699 -0.997697 -0.067825 0.018095 7.238075 -0.968583 -30.037223 200.000000 -30.037223 0.359892 143.956851 0.248690 38.954879 200.000000 38.954879 0.023747 9.498709 -0.982287 -41.588679 200.000000 -41.588679 1.429373 571.749196 -0.187381 42.282507 200.000000 42.282507
 15.600000 0.245353 -0.969434 -0.218099 -0.975927 2.893709 -2.921727 -0.969434 0.245353 -0.975927 -0.218099 0.000072 0.028951 -0.968583 -30.037223 200.000000 -30.037223 0.001114 0.445496 0.248690 38.954879 200.000000 38.954879 0.004046 1.618252 -0.982287 -41.588679 200.000000 -41.588679 0.094356 37.742241 -0.187381 42.282507 200.000000 42.282507
 15.800000 0.239929 -0.970790 -0.212122 -0.977243 2.899300 -2.927847 -0.970790 0.239929 -0.977243 -0.212122 0.000487 0.194888 -0.968583 -30.037223 200.000000 -30.037223 0.007676 3.070207 0.248690 38.954879 200.000000 38.954879 0.002544 1.017691 -0.982287 -41.588679 200.000000 -41.588679 0.061210 24.483846 -0.187381 42.282507 200.000000 42.282507
 16.000000 0.180787 -0.983522 -0.143126 -0.989704 2.959806 -2.997973 -0.983522 0.180787 -0.989704 -0.143126 0.022318 8.927156 -0.968583 -30.037223 200.000000 -30.037223 0.461085 184.433909 0.248690 38.954879 200.000000 38.954879 0.005501 2.200592 -0.982287 -41.588679 200.000000 -41.588679 0.195852 78.340606 -0.187381 42.282507 200.000000 42.282507
 16.200000 0.092480 -0.995715 -0.077171 -0.997018 3.048980 -3.064345 -0.995715 0.092480 -0.997018 -0.077171 0.073611 29.444439 -0.968583 -30.037223 200.000000 -30.037223 2.440148 976.059008 0.248690 38.954879 200.000000 38.954879 0.021699 8.679687 -0.982287 -41.588679 200.000000 -41.588679 1.214641 485.856283 -0.187381 42.282507 200.000000 42.282507
 16.400000 0.157222 -0.987563 -0.106587 -0.994303 2.983716 -3.034803 -0.987563 0.157222 -0.994303 -0.106587 0.036024 14.409789 -0.968583 -30.037223 200.000000 -30.037223 0.836636 334.654509 0.248690 38.954879 200.000000 38.954879 0.014439 5.775542 -0.982287 -41.588679 200.000000 -41.588679 0.652780 261.111858 -0.187381 42.282507 200.000000 42.282507
 16.600000 0.125915 -0.992041 -0.160665 -0.987009 3.015342 -2.980229 -0.992041 0.125915 -0.987009 -0.160665 0.055027 22.010840 -0.968583 -30.037223 200.000000 -30.037223 1.507364 602.945625 0.248690 38.954879 200.000000 38.954879 0.002230 0.891810 -0.982287 -41.588679 200.000000 -41.588679 0.071377 28.550961 -0.187381 42.282507 200.000000 42.282507
 16.800000 0.223736 -0.974650 -0.190088 -0.981767 2.915947 -2.950341 -0.974650 0.223736 -0.981767 -0.190088 0.003680 1.472198 -0.968583 -30.037223 200.000000 -30.037223 0.062271 24.908600 0.248690 38.954879 200.000000 38.954879 0.000027 0.010825 -0.982287 -41.588679 200.000000 -41.588679 0.000733 0.293062 -0.187381 42.282507 200.000000 42.282507
 17.000000 0.217730 -0.976009 -0.162421 -0.986722 2.922104 -2.978449 -0.976009 0.217730 -0.986722 -0.162421 0.005514 2.205704 -0.968583 -30.037223 200.000000 -30.037223 0.095849 38.339768 0.248690 38.954879 200.000000 38.954879 0.001966 0.786542 -0.982287 -41.588679 200.000000 -41.588679 0.062304 24.921419 -0.187381 42.282507 200.000000 42.282507
 17.200000 0.128651 -0.991690 -0.224607 -0.974449 3.012584 -2.915053 -0.991690 0.128651 -0.974449 -0.224607 0.053392 21.356950 -0.968583 -30.037223 200.000000 -30.037223 1.440937 576.374841 0.248690 38.954879 200.000000 38.954879 0.006143 2.457290 -0.982287 -41.588679 200.000000 -41.588679 0.138577 55.430767 -0.187381 42.282507 200.000000 42.282507
 17.400000 0.142052 -0.989859 -0.177022 -0.984207 2.999059 -2.963633 -0.989859 0.142052 -0.984207 -0.177022 0.045267 18.106846 -0.968583 -30.037223 200.000000 -30.037223 1.137169 454.867614 0.248690 38.954879 200.000000 38.954879 0.000368 0.147395 -0.982287 -41.588679 200.000000 -41.588679 0.010731 4.292423 -0.187381 42.282507 200.000000 42.282507
 17.600000 0.243447 -0.969914 -0.137364 -0.990521 2.895674 -3.003793 -0.969914 0.243447 -0.990521 -0.137364 0.000177 0.070865 -0.968583 -30.037223 200.000000 -30.037223 0.002749 1.099480 0.248690 38.954879 200.000000 38.954879 0.006779 2.711524 -0.982287 -41.588679 200.000000 -41.588679 0.250171 100.068310 -0.187381 42.282507 200.000000 42.282507
 17.800000 0.190297 -0.981726 -0.175350 -0.984506 2.950128 -2.965331 -0.981726 0.190297 -0.984506 -0.175350 0.017275 6.909886 -0.968583 -30.037223 200.000000 -30.037223 0.340968 136.387374 0.248690 38.954879 200.000000 38.954879 0.000492 0.196945 -0.982287 -41.588679 200.000000 -41.588679 0.014475 5.790178 -0.187381 42.282507 200.000000 42.282507
 18.000000 0.068533 -0.997649 -0.129494 -0.991580 3.073006 -3.011734 -0.997649 0.068533 -0.991580 -0.129494 0.084481 33.792594 -0.968583 -30.037223 200.000000 -30.037223 3.245656 1298.262266 0.248690 38.954879 200.000000 38.954879 0.008636 3.454367 -0.982287 -41.588679 200.000000 -41.588679 0.335095 134.037961 -0.187381 42.282507 200.000000 42.282507
 18.200000 0.134948 -0.990853 -0.100056 -0.994982 3.006232 -3.041368 -0.990853 0.134948 -0.994982 -0.100056 0.049593 19.837294 -0.968583 -30.037223 200.000000 -30.037223 1.293725 517.489849 0.248690 38.954879 200.000000 38.954879 0.016115 6.446024 -0.982287 -41.588679 200.000000 -41.588679 0.762563 305.025231 -0.187381 42.282507 200.000000 42.282507
 18.400000 0.186541 -0.982447 -0.222296 -0.974979 2.953953 -2.917424 -0.982447 0.186541 -0.974979 -0.222296 0.019221 7.688521 -0.968583 -30.037223 200.000000 -30.037223 0.386253 154.501334 0.248690 38.954879 200.000000 38.954879 0.005341 2.136254 -0.982287 -41.588679 200.000000 -41.588679 0.121902 48.760669 -0.187381 42.282507 200.000000 42.282507
 18.600000 0.185234 -0.982694 -0.245600 -0.969371 2.955283 -2.893454 -0.982694 0.185234 -0.969371 -0.245600 0.019913 7.965132 -0.968583 -30.037223 200.000000 -30.037223 0.402665 161.066047 0.248690 38.954879 200.000000 38.954879 0.016682 6.672834 -0.982287 -41.588679 200.000000 -41.588679 0.338938 135.575209 -0.187381 42.282507 200.000000 42.282507
 18.800000 0.074019 -0.997257 -0.224418 -0.974493 3.067506 -2.915247 -0.997257 0.074019 -0.974493 -0.224418 0.082218 32.887168 -0.968583 -30.037223 200.000000 -30.037223 3.050990 1220.396191 0.248690 38.954879 200.000000 38.954879 0.006075 2.430027 -0.982287 -41.588679 200.000000 -41.588679 0.137172 54.868612 -0.187381 42.282507 200.000000 42.282507
 19.000000 0.190876 -0.981614 -0.152324 -0.988331 2.949539 -2.988673 -0.981614 0.190876 -0.988331 -0.152324 0.016981 6.792352 -0.968583 -30.037223 200.000000 -30.037223 0.334249 133.699595 0.248690 38.954879 200.000000 38.954879 0.003652 1.460874 -0.982287 -41.588679 200.000000 -41.588679 0.122900 49.160057 -0.187381 42.282507 200.000000 42.282507
 19.200000 0.302522 -0.953143 -0.183389 -0.983040 2.834256 -2.957160 -0.953143 0.302522 -0.983040 -0.183389 0.023841 9.536491 -0.968583 -30.037223 200.000000 -30.037223 0.289784 115.913766 0.248690 38.954879 200.000000 38.954879 0.000057 0.022692 -0.982287 -41.588679 200.000000 -41.588679 0.001594 0.637567 -0.187381 42.282507 200.000000 42.282507
 19.400000 0.189513 -0.981878 -0.212882 -0.977078 2.950926 -2.927069 -0.981878 0.189513 -0.977078 -0.212882 0.017676 7.070250 -0.968583 -30.037223 200.000000 -30.037223 0.350186 140.074208 0.248690 38.954879 200.000000 38.954879 0.002714 1.085473 -0.982287 -41.588679 200.000000 -41.588679 0.065028 26.011081 -0.187381 42.282507 200.000000 42.282507
 19.600000 0.098686 -0.995119 -0.135939 -0.990717 3.042746 -3.005232 -0.995119 0.098686 -0.990717 -0.135939 0.070413 28.165232 -0.968583 -30.037223 200.000000 -30.037223 2.250117 900.046826 0.248690 38.954879 200.000000 38.954879 0.007106 2.842582 -0.982287 -41.588679 200.000000 -41.588679 0.264633 105.853113 -0.187381 42.282507 200.000000 42.282507
 19.800000 0.136087 -0.990697 -0.039355 -0.999225 3.005082 -3.102228 -0.990697 0.136087 -0.999225 -0.039355 0.048902 19.560749 -0.968583 -30.037223 200.000000 -30.037223 1.267947 507.178936 0.248690 38.954879 200.000000 38.954879 0.028690 11.475891 -0.982287 -41.588679 200.000000 -41.588679 2.191180 876.471998 -0.187381 42.282507 200.000000 42.282507
 20.000000 0.106818 -0.994279 -0.064617 -0.997910 3.034570 -3.076931 -0.994279 0.106818 -0.997910 -0.064617 0.066025 26.410110 -0.968583 -30.037223 200.000000 -30.037223 2.012751 805.100521 0.248690 38.954879 200.000000 38.954879 0.024407 9.762990 -0.982287 -41.588679 200.000000 -41.588679 1.507109 602.843774 -0.187381 42.282507 200.000000 42.282507
