#! FIELDS time sin_phi cos_phi sin_psi cos_psi phi psi cos_phi sin_phi cos_psi sin_psi restraint_phi_cos.bias restraint_phi_cos.force2 restraint_phi_cos.cos_phi_cntr restraint_phi_cos.cos_phi_work restraint_phi_cos.cos_phi_kappa restraint_phi_cos.work restraint_phi_sin.bias restraint_phi_sin.force2 restraint_phi_sin.sin_phi_cntr restraint_phi_sin.sin_phi_work restraint_phi_sin.sin_phi_kappa restraint_phi_sin.work restraint_psi_cos.bias restraint_psi_cos.force2 restraint_psi_cos.cos_psi_cntr restraint_psi_cos.cos_psi_work restraint_psi_cos.cos_psi_kappa restraint_psi_cos.work restraint_psi_sin.bias restraint_psi_sin.force2 restraint_psi_sin.sin_psi_cntr restraint_psi_sin.sin_psi_work restraint_psi_sin.sin_psi_kappa restraint_psi_sin.work
#! SET min_phi -pi
#! SET max_phi pi
#! SET min_psi -pi
#! SET max_psi pi
 0.000000 -0.999983 -0.005782 0.966116 0.258110 -1.576579 1.309731 -0.005782 -0.999983 0.258110 0.966116 0.000000 0.000000 -0.009747 0.000000 0.000000 0.000000 0.000000 0.000000 -0.999953 0.000000 0.000000 0.000000 0.000000 0.000000 0.256142 0.000000 0.000000 0.000000 0.000000 0.000000 0.966639 0.000000 0.000000 0.000000
 0.200000 -1.000000 -0.000266 0.834655 0.550773 -1.571062 0.987506 -0.000266 -1.000000 0.550773 0.834655 0.000899 0.035954 -0.009747 0.429322 20.000000 0.429322 0.000000 0.000001 -0.999953 0.008204 20.000000 0.008204 0.868072 34.722866 0.256142 0.437494 20.000000 0.437494 0.174198 6.967905 0.966639 0.079186 20.000000 0.079186
 0.400000 -0.998238 0.059339 0.982967 0.183781 -1.511422 1.385965 0.059339 -0.998238 0.183781 0.982967 0.095457 7.636592 -0.009747 0.576152 40.000000 0.576152 0.000059 0.004704 -0.999953 0.009175 40.000000 0.009175 0.104723 8.377859 0.256142 0.652620 40.000000 0.652620 0.005332 0.426573 0.966639 0.103852 40.000000 0.103852
 0.600000 -0.997905 0.064702 0.969719 0.244223 -1.506049 1.324078 0.064702 -0.997905 0.244223 0.969719 0.166277 19.953285 -0.009747 0.652738 60.000000 0.652738 0.000126 0.015098 -0.999953 0.009549 60.000000 0.009549 0.004262 0.511484 0.256142 0.812947 60.000000 0.812947 0.000285 0.034153 0.966639 0.126978 60.000000 0.126978
 0.800000 -0.999998 0.001893 0.948099 0.317974 -1.568903 1.247204 0.001893 -0.999998 0.317974 0.948099 0.005419 0.867049 -0.009747 0.745442 80.000000 0.745442 0.000000 0.000013 -0.999953 0.009931 80.000000 0.009931 0.152928 24.468543 0.256142 0.870390 80.000000 0.870390 0.013749 2.199834 0.966639 0.131255 80.000000 0.131255
 1.000000 -0.997906 -0.064677 0.983715 0.179734 -1.635519 1.390080 -0.064677 -0.997906 0.179734 0.983715 0.150869 30.173712 -0.009747 0.830210 100.000000 0.830210 0.000209 0.041872 -0.999953 0.010215 100.000000 0.010215 0.291913 58.382600 0.256142 0.906287 100.000000 0.906287 0.014580 2.915968 0.966639 0.133900 100.000000 0.133900
 1.200000 -0.998629 0.052344 0.985229 0.171244 -1.518429 1.398704 0.052344 -0.998629 0.171244 0.985229 0.231312 55.514801 -0.009747 0.926102 120.000000 0.926102 0.000105 0.025219 -0.999953 0.010633 120.000000 0.010633 0.432463 103.791146 0.256142 0.992021 120.000000 0.992021 0.020734 4.976238 0.966639 0.141240 120.000000 0.141240
 1.400000 -0.999097 0.042490 0.979942 0.199285 -1.528293 1.370168 0.042490 -0.999097 0.199285 0.979942 0.191007 53.482024 -0.009747 0.960907 140.000000 0.960907 0.000051 0.014349 -0.999953 0.010712 140.000000 0.010712 0.226294 63.362268 0.256142 1.092941 140.000000 1.092941 0.012387 3.468359 0.966639 0.149518 140.000000 0.149518
 1.600000 -0.999952 0.009762 0.961524 0.274722 -1.561035 1.292496 0.009762 -0.999952 0.274722 0.961524 0.030445 9.742527 -0.009747 1.007086 160.000000 1.007086 0.000000 0.000000 -0.999953 0.010845 160.000000 0.010845 0.027615 8.836748 0.256142 1.162435 160.000000 1.162435 0.002093 0.669841 0.966639 0.156253 160.000000 0.156253
 1.800000 -0.999816 -0.019167 0.970210 0.242266 -1.589964 1.326095 -0.019167 -0.999816 0.242266 0.970210 0.007987 2.875214 -0.009747 1.051979 180.000000 1.051979 0.000002 0.000601 -0.999953 0.010933 180.000000 0.010933 0.017329 6.238496 0.256142 1.193860 180.000000 1.193860 0.001148 0.413104 0.966639 0.158909 180.000000 0.158909
 2.000000 -0.987406 0.158208 0.943046 0.332661 -1.411920 1.231672 0.158208 -0.987406 0.332661 0.943046 2.820882 1128.352805 -0.009747 1.081931 200.000000 1.081931 0.015742 6.296829 -0.999953 0.011013 200.000000 0.011013 0.585513 234.205105 0.256142 1.219765 200.000000 1.219765 0.055661 22.264530 0.966639 0.161376 200.000000 0.161376
 2.200000 -0.994168 0.107847 0.950482 0.310779 -1.462740 1.254783 0.107847 -0.994168 0.310779 0.950482 0.833303 333.321213 0.016561 0.987108 200.000000 0.987108 0.438048 175.219180 -0.927982 0.492733 200.000000 0.492733 2.007878 803.151187 0.169080 1.440944 200.000000 1.440944 0.032135 12.853992 0.932556 0.312743 200.000000 0.312743
 2.400000 -0.998267 0.058855 0.980609 0.195976 -1.511907 1.373543 0.058855 -0.998267 0.195976 0.980609 0.025556 10.222353 0.042869 0.822747 200.000000 0.822747 2.023630 809.451827 -0.856012 2.002237 200.000000 2.002237 1.298667 519.466751 0.082017 1.820910 200.000000 1.820910 0.674633 269.853207 0.898473 0.793983 200.000000 0.793983
 2.600000 -0.999172 -0.040684 0.979145 0.203163 -1.611492 1.366209 -0.040684 -0.999172 0.203163 0.979145 1.206944 482.777476 0.069177 0.687027 200.000000 0.687027 4.628092 1851.236800 -0.784042 4.505892 200.000000 4.505892 4.335074 1734.029521 -0.005045 2.025400 200.000000 2.025400 1.316884 526.753640 0.864389 1.572658 200.000000 1.572658
 2.800000 -0.997890 0.064930 0.999568 -0.029401 -1.505821 1.600201 0.064930 -0.997890 -0.029401 0.999568 0.093357 37.342833 0.095484 0.497855 200.000000 0.497855 8.169189 3267.675428 -0.712072 8.003320 200.000000 8.003320 0.393214 157.285757 -0.092108 1.978932 200.000000 1.978932 2.864950 1145.980009 0.830306 2.579500 200.000000 2.579500
 3.000000 -0.991392 0.130925 0.994404 -0.105640 -1.439494 1.676634 0.130925 -0.991392 -0.105640 0.994404 0.008342 3.336629 0.121792 0.168203 200.000000 0.168203 12.340500 4936.200033 -0.640102 12.430112 200.000000 12.430112 0.540673 216.269192 -0.179170 1.732416 200.000000 1.732416 3.927596 1571.038593 0.796223 3.756254 200.000000 3.756254
 3.200000 -0.973790 0.227451 0.957401 -0.288762 -1.341337 1.863730 0.227451 -0.973790 -0.288762 0.957401 0.629659 251.863502 0.148100 -0.237546 200.000000 -0.237546 16.455837 6582.334625 -0.568132 17.720119 200.000000 17.720119 0.050758 20.303175 -0.266233 0.886612 200.000000 0.886612 3.812696 1525.078340 0.762140 4.980093 200.000000 4.980093
 3.400000 -0.958972 0.283500 0.907696 -0.419628 -1.283354 2.003832 0.283500 -0.958972 -0.419628 0.907696 1.190113 476.045263 0.174408 -0.834815 200.000000 -0.834815 21.419384 8567.753488 -0.496161 23.829134 200.000000 23.829134 0.440001 176.000382 -0.353295 -0.548918 200.000000 -0.548918 3.227050 1290.820019 0.728056 6.144114 200.000000 6.144114
 3.600000 -0.923549 0.383480 0.804670 -0.593722 -1.177235 2.206473 0.383480 -0.923549 -0.593722 0.804670 3.340291 1336.116246 0.200715 -1.711341 200.000000 -1.711341 24.935829 9974.331467 -0.424191 30.617638 200.000000 30.617638 2.352057 940.822641 -0.440358 -2.075842 200.000000 -2.075842 1.225387 490.154653 0.693973 7.222184 200.000000 7.222184
 3.800000 -0.834487 0.551027 0.753867 -0.657027 -0.987202 2.287664 0.551027 -0.834487 -0.657027 0.753867 10.497848 4199.139218 0.227023 -2.903424 200.000000 -2.903424 23.258076 9303.230525 -0.352221 37.905510 200.000000 37.905510 1.679776 671.910588 -0.527420 -3.567651 200.000000 -3.567651 0.883180 353.271832 0.659890 8.188627 200.000000 8.188627
 4.000000 -0.737240 0.675631 0.721644 -0.692265 -0.828976 2.335419 0.675631 -0.737240 -0.692265 0.721644 17.833718 7133.487147 0.253331 -4.478514 200.000000 -4.478514 20.883910 8353.563939 -0.280251 45.422123 200.000000 45.422123 0.605003 242.001102 -0.614483 -4.972600 200.000000 -4.972600 0.918473 367.389342 0.625807 8.960833 200.000000 8.960833
 4.200000 -0.686184 0.727428 0.641179 -0.767391 -0.756231 2.445559 0.727428 -0.686184 -0.767391 0.641179 20.051495 8020.598187 0.279639 -6.513556 200.000000 -6.513556 22.839183 9135.673331 -0.208281 52.761069 200.000000 52.761069 0.433569 173.427772 -0.701545 -6.122964 200.000000 -6.122964 0.244586 97.834458 0.591723 9.498833 200.000000 9.498833
 4.400000 -0.547585 0.836750 0.618129 -0.786076 -0.579476 2.475232 0.836750 -0.547585 -0.786076 0.618129 28.175230 11270.092018 0.305946 -8.923612 200.000000 -8.923612 16.914683 6765.873005 -0.136311 59.744531 200.000000 59.744531 0.000641 0.256360 -0.788608 -6.818162 200.000000 -6.818162 0.365897 146.358650 0.557640 9.797049 200.000000 9.797049
 4.600000 -0.492235 0.870463 0.527656 -0.849458 -0.514655 2.585754 0.870463 -0.492235 -0.849458 0.527656 28.966822 11586.728904 0.332254 -11.841442 200.000000 -11.841442 18.309346 7323.738249 -0.064341 65.206472 200.000000 65.206472 0.002632 1.052801 -0.844328 -6.781497 200.000000 -6.781497 0.006676 2.670561 0.535827 9.942805 200.000000 9.942805
 4.800000 -0.287028 0.957922 0.566017 -0.824394 -0.291122 2.539926 0.957922 -0.287028 -0.824394 0.566017 35.923291 14369.316221 0.358562 -14.986086 200.000000 -14.986086 8.682288 3472.915167 0.007630 69.375420 200.000000 69.375420 0.039737 15.894971 -0.844328 -6.781497 200.000000 -6.781497 0.091144 36.457558 0.535827 9.942805 200.000000 9.942805
 5.000000 0.161181 0.986925 0.542950 -0.839765 0.161887 2.567646 0.986925 0.161181 -0.839765 0.542950 36.247053 14498.821109 0.384870 -18.243911 200.000000 -18.243911 0.665546 266.218411 0.079600 71.042440 200.000000 71.042440 0.002082 0.832866 -0.844328 -6.781497 200.000000 -6.781497 0.005074 2.029757 0.535827 9.942805 200.000000 9.942805
 5.200000 0.144845 0.989454 0.630463 -0.776220 0.145356 2.459444 0.989454 0.144845 -0.776220 0.630463 33.440423 13376.169250 0.411177 -21.315447 200.000000 -21.315447 0.004522 1.808922 0.151570 70.182533 200.000000 70.182533 0.463874 185.549615 -0.844328 -6.781497 200.000000 -6.781497 0.895594 358.237432 0.535827 9.942805 200.000000 9.942805
 5.400000 0.469402 0.882985 0.596750 -0.802427 0.488613 2.502148 0.882985 0.469402 -0.802427 0.596750 19.846989 7938.795779 0.437485 -23.928321 200.000000 -23.928321 6.044793 2417.917389 0.223540 67.403861 200.000000 67.403861 0.175566 70.226432 -0.844328 -6.781497 200.000000 -6.781497 0.371162 148.464802 0.535827 9.942805 200.000000 9.942805
 5.600000 0.785861 0.618404 0.485868 -0.874032 0.904087 2.634237 0.618404 0.785861 -0.874032 0.485868 2.390447 956.178806 0.463793 -25.853207 200.000000 -25.853207 24.044356 9617.742240 0.295510 63.015003 200.000000 63.015003 0.088235 35.294000 -0.844328 -6.781497 200.000000 -6.781497 0.249590 99.835984 0.535827 9.942805 200.000000 9.942805
 5.800000 0.726265 0.687415 0.512221 -0.858854 0.812873 2.603824 0.687415 0.726265 -0.858854 0.512221 3.893279 1557.311735 0.490101 -27.187786 200.000000 -27.187786 12.872657 5149.062981 0.367480 58.031968 200.000000 58.031968 0.021099 8.439760 -0.844328 -6.781497 200.000000 -6.781497 0.055722 22.288951 0.535827 9.942805 200.000000 9.942805
 6.000000 0.678764 0.734357 0.518914 -0.854826 0.746078 2.596013 0.734357 0.678764 -0.854826 0.518914 4.750141 1900.056237 0.516408 -28.328059 200.000000 -28.328059 5.727090 2290.835914 0.439451 53.873888 200.000000 53.873888 0.011022 4.408713 -0.844328 -6.781497 200.000000 -6.781497 0.028604 11.441578 0.535827 9.942805 200.000000 9.942805
 6.200000 0.757544 0.652784 0.536590 -0.843843 0.859542 2.575202 0.652784 0.757544 -0.843843 0.536590 1.211498 484.599106 0.542716 -29.158145 200.000000 -29.158145 6.057665 2423.066162 0.511421 50.313027 200.000000 50.313027 0.000023 0.009400 -0.844328 -6.781497 200.000000 -6.781497 0.000058 0.023293 0.535827 9.942805 200.000000 9.942805
 6.400000 0.727417 0.686196 0.502717 -0.864451 0.814550 2.614853 0.686196 0.727417 -0.864451 0.502717 1.372934 549.173733 0.569024 -29.706653 200.000000 -29.706653 2.074341 829.736337 0.583391 47.416665 200.000000 47.416665 0.040493 16.197361 -0.844328 -6.781497 200.000000 -6.781497 0.109624 43.849650 0.535827 9.942805 200.000000 9.942805
 6.600000 0.741284 0.671191 0.485522 -0.874225 0.834982 2.634633 0.671191 0.741284 -0.874225 0.485522 0.575466 230.186583 0.595332 -30.002888 200.000000 -30.002888 0.738282 295.312952 0.655361 45.296677 200.000000 45.296677 0.089381 35.752385 -0.844328 -6.781497 200.000000 -6.781497 0.253060 101.223804 0.535827 9.942805 200.000000 9.942805
 6.800000 0.834801 0.550552 0.578115 -0.815956 0.987772 2.525177 0.550552 0.834801 -0.815956 0.578115 0.505348 202.139252 0.621639 -30.048093 200.000000 -30.048093 1.154981 461.992460 0.727331 43.971861 200.000000 43.971861 0.080499 32.199614 -0.844328 -6.781497 200.000000 -6.781497 0.178826 71.530370 0.535827 9.942805 200.000000 9.942805
 7.000000 0.793736 0.608263 0.498415 -0.866938 0.916926 2.619823 0.608263 0.793736 -0.866938 0.498415 0.085039 34.015500 0.637424 -29.995588 200.000000 -29.995588 0.053929 21.571611 0.770513 43.634102 200.000000 43.634102 0.051123 20.449377 -0.844328 -6.781497 200.000000 -6.781497 0.139962 55.984901 0.535827 9.942805 200.000000 9.942805
 7.200000 0.797208 0.603704 0.482440 -0.875929 0.922657 2.638154 0.603704 0.797208 -0.875929 0.482440 0.113701 45.480598 0.637424 -29.995588 200.000000 -29.995588 0.071263 28.505042 0.770513 43.634102 200.000000 43.634102 0.099862 39.944960 -0.844328 -6.781497 200.000000 -6.781497 0.285013 114.005367 0.535827 9.942805 200.000000 9.942805
 7.400000 0.783325 0.621612 0.471211 -0.882021 0.899997 2.650930 0.621612 0.783325 -0.882021 0.471211 0.025002 10.000802 0.637424 -29.995588 200.000000 -29.995588 0.016415 6.565976 0.770513 43.634102 200.000000 43.634102 0.142074 56.829632 -0.844328 -6.781497 200.000000 -6.781497 0.417523 167.009233 0.535827 9.942805 200.000000 9.942805
 7.600000 0.732975 0.680256 0.581177 -0.813777 0.822685 2.521419 0.680256 0.732975 -0.813777 0.581177 0.183457 73.382606 0.637424 -29.995588 200.000000 -29.995588 0.140914 56.365448 0.770513 43.634102 200.000000 43.634102 0.093333 37.333272 -0.844328 -6.781497 200.000000 -6.781497 0.205661 82.264280 0.535827 9.942805 200.000000 9.942805
 7.800000 0.796292 0.604912 0.607638 -0.794214 0.921140 2.488510 0.604912 0.796292 -0.794214 0.607638 0.105700 42.280169 0.637424 -29.995588 200.000000 -29.995588 0.066455 26.581842 0.770513 43.634102 200.000000 43.634102 0.251137 100.454674 -0.844328 -6.781497 200.000000 -6.781497 0.515680 206.271934 0.535827 9.942805 200.000000 9.942805
 8.000000 0.829090 0.559115 0.512268 -0.858826 0.977478 2.603769 0.559115 0.829090 -0.858826 0.512268 0.613223 245.289217 0.637424 -29.995588 200.000000 -29.995588 0.343122 137.248631 0.770513 43.634102 200.000000 43.634102 0.021018 8.407365 -0.844328 -6.781497 200.000000 -6.781497 0.055502 22.200686 0.535827 9.942805 200.000000 9.942805
 8.200000 0.809503 0.587115 0.575432 -0.817850 0.943305 2.528461 0.587115 0.809503 -0.817850 0.575432 0.253095 101.237912 0.637424 -29.995588 200.000000 -29.995588 0.152022 60.808674 0.770513 43.634102 200.000000 43.634102 0.070109 28.043585 -0.844328 -6.781497 200.000000 -6.781497 0.156855 62.741985 0.535827 9.942805 200.000000 9.942805
 8.400000 0.750401 0.660983 0.549969 -0.835185 0.848668 2.559265 0.660983 0.750401 -0.835185 0.549969 0.055502 22.200912 0.637424 -29.995588 200.000000 -29.995588 0.040450 16.180168 0.770513 43.634102 200.000000 43.634102 0.008360 3.343895 -0.844328 -6.781497 200.000000 -6.781497 0.020001 8.000598 0.535827 9.942805 200.000000 9.942805
 8.600000 0.817899 0.575361 0.546791 -0.837269 0.957750 2.563066 0.575361 0.817899 -0.837269 0.546791 0.385178 154.071071 0.637424 -29.995588 200.000000 -29.995588 0.224544 89.817776 0.770513 43.634102 200.000000 43.634102 0.004982 1.992889 -0.844328 -6.781497 200.000000 -6.781497 0.012020 4.808141 0.535827 9.942805 200.000000 9.942805
 8.800000 0.763922 0.645308 0.499682 -0.866209 0.869370 2.618362 0.645308 0.763922 -0.866209 0.499682 0.006216 2.486491 0.637424 -29.995588 200.000000 -29.995588 0.004344 1.737647 0.770513 43.634102 200.000000 43.634102 0.047879 19.151554 -0.844328 -6.781497 200.000000 -6.781497 0.130648 52.259084 0.535827 9.942805 200.000000 9.942805
 9.000000 0.788076 0.615578 0.526036 -0.850462 0.907678 2.587660 0.615578 0.788076 -0.850462 0.526036 0.047727 19.090722 0.637424 -29.995588 200.000000 -29.995588 0.030846 12.338490 0.770513 43.634102 200.000000 43.634102 0.003763 1.505308 -0.844328 -6.781497 200.000000 -6.781497 0.009587 3.834607 0.535827 9.942805 200.000000 9.942805
 9.200000 0.784401 0.620254 0.568417 -0.822740 0.901730 2.537012 0.620254 0.784401 -0.822740 0.568417 0.029482 11.792613 0.637424 -29.995588 200.000000 -29.995588 0.019287 7.714998 0.770513 43.634102 200.000000 43.634102 0.046602 18.640963 -0.844328 -6.781497 200.000000 -6.781497 0.106215 42.485903 0.535827 9.942805 200.000000 9.942805
 9.400000 0.798607 0.601852 0.547679 -0.836689 0.924978 2.562005 0.601852 0.798607 -0.836689 0.547679 0.126534 50.613782 0.637424 -29.995588 200.000000 -29.995588 0.078928 31.571295 0.770513 43.634102 200.000000 43.634102 0.005836 2.334418 -0.844328 -6.781497 200.000000 -6.781497 0.014048 5.619012 0.535827 9.942805 200.000000 9.942805
 9.600000 0.813751 0.581213 0.511038 -0.859558 0.950577 2.605201 0.581213 0.813751 -0.859558 0.511038 0.315964 126.385456 0.637424 -29.995588 200.000000 -29.995588 0.186952 74.780902 0.770513 43.634102 200.000000 43.634102 0.023196 9.278496 -0.844328 -6.781497 200.000000 -6.781497 0.061449 24.579764 0.535827 9.942805 200.000000 9.942805
 9.800000 0.760473 0.649369 0.504903 -0.863176 0.864042 2.612323 0.649369 0.760473 -0.863176 0.504903 0.014269 5.707622 0.637424 -29.995588 200.000000 -29.995588 0.010080 4.032089 0.770513 43.634102 200.000000 43.634102 0.035526 14.210282 -0.844328 -6.781497 200.000000 -6.781497 0.095629 38.251669 0.535827 9.942805 200.000000 9.942805
 10.000000 0.817811 0.575486 0.582854 -0.812577 0.957598 2.519356 0.575486 0.817811 -0.812577 0.582854 0.383627 153.450899 0.637424 -29.995588 200.000000 -29.995588 0.223711 89.484596 0.770513 43.634102 200.000000 43.634102 0.100814 40.325701 -0.844328 -6.781497 200.000000 -6.781497 0.221159 88.463539 0.535827 9.942805 200.000000 9.942805
 10.200000 0.782118 0.623130 0.441443 -0.897289 0.898058 2.684387 0.623130 0.782118 -0.897289 0.441443 0.020432 8.172882 0.637424 -29.995588 200.000000 -29.995588 0.013468 5.387176 0.770513 43.634102 200.000000 43.634102 0.280491 112.196545 -0.844328 -6.781497 200.000000 -6.781497 0.890833 356.333048 0.535827 9.942805 200.000000 9.942805
 10.400000 0.806554 0.591160 0.585768 -0.810479 0.938300 2.515766 0.591160 0.806554 -0.810479 0.585768 0.214033 85.613112 0.637424 -29.995588 200.000000 -29.995588 0.129894 51.957679 0.770513 43.634102 200.000000 43.634102 0.114575 45.829934 -0.844328 -6.781497 200.000000 -6.781497 0.249409 99.763619 0.535827 9.942805 200.000000 9.942805
 10.600000 0.789921 0.613208 0.474202 -0.880416 0.910681 2.647536 0.613208 0.789921 -0.880416 0.474202 0.058640 23.456179 0.637424 -29.995588 200.000000 -29.995588 0.037667 15.066950 0.770513 43.634102 200.000000 43.634102 0.130237 52.094947 -0.844328 -6.781497 200.000000 -6.781497 0.379768 151.907053 0.535827 9.942805 200.000000 9.942805
 10.800000 0.797363 0.603500 0.582861 -0.812572 0.922913 2.519347 0.603500 0.797363 -0.812572 0.582861 0.115084 46.033456 0.637424 -29.995588 200.000000 -29.995588 0.072091 28.836357 0.770513 43.634102 200.000000 43.634102 0.100845 40.337903 -0.844328 -6.781497 200.000000 -6.781497 0.221222 88.488734 0.535827 9.942805 200.000000 9.942805
 11.000000 0.769619 0.638503 0.400652 -0.916230 0.878244 2.729365 0.638503 0.769619 -0.916230 0.400652 0.000117 0.046603 0.637424 -29.995588 200.000000 -29.995588 0.000080 0.031985 0.770513 43.634102 200.000000 43.634102 0.516997 206.798694 -0.844328 -6.781497 200.000000 -6.781497 1.827229 730.891574 0.535827 9.942805 200.000000 9.942805
 11.200000 0.796510 0.604625 0.519610 -0.854404 0.921501 2.595199 0.604625 0.796510 -0.854404 0.519610 0.107578 43.031063 0.637424 -29.995588 200.000000 -29.995588 0.067585 27.033884 0.770513 43.634102 200.000000 43.634102 0.010152 4.060880 -0.844328 -6.781497 200.000000 -6.781497 0.026299 10.519752 0.535827 9.942805 200.000000 9.942805
 11.400000 0.825256 0.564758 0.483176 -0.875523 0.970656 2.637314 0.564758 0.825256 -0.875523 0.483176 0.528031 211.212578 0.637424 -29.995588 200.000000 -29.995588 0.299682 119.872610 0.770513 43.634102 200.000000 43.634102 0.097315 38.925836 -0.844328 -6.781497 200.000000 -6.781497 0.277210 110.883995 0.535827 9.942805 200.000000 9.942805
 11.600000 0.779118 0.626878 0.547416 -0.836861 0.893257 2.562319 0.626878 0.779118 -0.836861 0.547416 0.011123 4.449113 0.637424 -29.995588 200.000000 -29.995588 0.007404 2.961544 0.770513 43.634102 200.000000 43.634102 0.005576 2.230450 -0.844328 -6.781497 200.000000 -6.781497 0.013431 5.372465 0.535827 9.942805 200.000000 9.942805
 11.800000 0.759176 0.650885 0.506619 -0.862170 0.862047 2.610334 0.650885 0.759176 -0.862170 0.506619 0.018120 7.248106 0.637424 -29.995588 200.000000 -29.995588 0.012853 5.141125 0.770513 43.634102 200.000000 43.634102 0.031834 12.733629 -0.844328 -6.781497 200.000000 -6.781497 0.085309 34.123751 0.535827 9.942805 200.000000 9.942805
 12.000000 0.808776 0.588117 0.533724 -0.845659 0.942068 2.578595 0.588117 0.808776 -0.845659 0.533724 0.243120 97.247975 0.637424 -29.995588 200.000000 -29.995588 0.146404 58.561574 0.770513 43.634102 200.000000 43.634102 0.000177 0.070872 -0.844328 -6.781497 200.000000 -6.781497 0.000442 0.176946 0.535827 9.942805 200.000000 9.942805
 12.200000 0.744873 0.667206 0.518560 -0.855041 0.840345 2.596426 0.667206 0.744873 -0.855041 0.518560 0.088698 35.479190 0.637424 -29.995588 200.000000 -29.995588 0.065742 26.296734 0.770513 43.634102 200.000000 43.634102 0.011477 4.590841 -0.844328 -6.781497 200.000000 -6.781497 0.029813 11.925248 0.535827 9.942805 200.000000 9.942805
 12.400000 0.775829 0.630943 0.530922 -0.847420 0.888028 2.581904 0.630943 0.775829 -0.847420 0.530922 0.004200 1.679877 0.637424 -29.995588 200.000000 -29.995588 0.002826 1.130204 0.770513 43.634102 200.000000 43.634102 0.000956 0.382555 -0.844328 -6.781497 200.000000 -6.781497 0.002405 0.962146 0.535827 9.942805 200.000000 9.942805
 12.600000 0.816573 0.577242 0.523280 -0.852161 0.955449 2.590897 0.577242 0.816573 -0.852161 0.523280 0.362189 144.875527 0.637424 -29.995588 200.000000 -29.995588 0.212152 84.860874 0.770513 43.634102 200.000000 43.634102 0.006136 2.454215 -0.844328 -6.781497 200.000000 -6.781497 0.015743 6.297022 0.535827 9.942805 200.000000 9.942805
 12.800000 0.736785 0.676128 0.440063 -0.897967 0.828302 2.685924 0.676128 0.736785 -0.897967 0.440063 0.149796 59.918546 0.637424 -29.995588 200.000000 -29.995588 0.113762 45.504812 0.770513 43.634102 200.000000 43.634102 0.287713 115.085073 -0.844328 -6.781497 200.000000 -6.781497 0.917066 366.826297 0.535827 9.942805 200.000000 9.942805
 13.000000 0.735425 0.677606 0.519354 -0.854559 0.826294 2.595498 0.677606 0.735425 -0.854559 0.519354 0.161458 64.583183 0.637424 -29.995588 200.000000 -29.995588 0.123116 49.246589 0.770513 43.634102 200.000000 43.634102 0.010468 4.187176 -0.844328 -6.781497 200.000000 -6.781497 0.027135 10.854167 0.535827 9.942805 200.000000 9.942805
 13.200000 0.807370 0.590046 0.475180 -0.879889 0.939681 2.646424 0.590046 0.807370 -0.879889 0.475180 0.224469 89.787554 0.637424 -29.995588 200.000000 -29.995588 0.135840 54.336068 0.770513 43.634102 200.000000 43.634102 0.126456 50.582284 -0.844328 -6.781497 200.000000 -6.781497 0.367802 147.120687 0.535827 9.942805 200.000000 9.942805
 13.400000 0.833665 0.552270 0.477986 -0.878368 0.985712 2.643233 0.552270 0.833665 -0.878368 0.477986 0.725121 290.048395 0.637424 -29.995588 200.000000 -29.995588 0.398819 159.527493 0.770513 43.634102 200.000000 43.634102 0.115870 46.347944 -0.844328 -6.781497 200.000000 -6.781497 0.334559 133.823441 0.535827 9.942805 200.000000 9.942805
 13.600000 0.770692 0.637207 0.473490 -0.880799 0.879927 2.648344 0.637207 0.770692 -0.880799 0.473490 0.000005 0.001879 0.637424 -29.995588 200.000000 -29.995588 0.000003 0.001285 0.770513 43.634102 200.000000 43.634102 0.133016 53.206442 -0.844328 -6.781497 200.000000 -6.781497 0.388590 155.436013 0.535827 9.942805 200.000000 9.942805
 13.800000 0.779769 0.626067 0.477252 -0.878767 0.894297 2.644068 0.626067 0.779769 -0.878767 0.477252 0.012897 5.158955 0.637424 -29.995588 200.000000 -29.995588 0.008567 3.426768 0.770513 43.634102 200.000000 43.634102 0.118603 47.441066 -0.844328 -6.781497 200.000000 -6.781497 0.343105 137.241834 0.535827 9.942805 200.000000 9.942805
 14.000000 0.766542 0.642194 0.515498 -0.856891 0.873440 2.600004 0.642194 0.766542 -0.856891 0.515498 0.002275 0.910009 0.637424 -29.995588 200.000000 -29.995588 0.001577 0.630706 0.770513 43.634102 200.000000 43.634102 0.015783 6.313161 -0.844328 -6.781497 200.000000 -6.781497 0.041327 16.530790 0.535827 9.942805 200.000000 9.942805
 14.200000 0.841497 0.540262 0.535195 -0.844729 1.000047 2.576855 0.540262 0.841497 -0.844729 0.535195 0.944037 377.614847 0.637424 -29.995588 200.000000 -29.995588 0.503864 201.545456 0.770513 43.634102 200.000000 43.634102 0.000016 0.006427 -0.844328 -6.781497 200.000000 -6.781497 0.000040 0.015985 0.535827 9.942805 200.000000 9.942805
 14.400000 0.760331 0.649536 0.513813 -0.857902 0.863823 2.601969 0.649536 0.760331 -0.857902 0.513813 0.014669 5.867573 0.637424 -29.995588 200.000000 -29.995588 0.010367 4.146925 0.770513 43.634102 200.000000 43.634102 0.018426 7.370280 -0.844328 -6.781497 200.000000 -6.781497 0.048460 19.383833 0.535827 9.942805 200.000000 9.942805
 14.600000 0.805080 0.593166 0.552529 -0.833494 0.935810 2.556197 0.593166 0.805080 -0.833494 0.552529 0.195875 78.349896 0.637424 -29.995588 200.000000 -29.995588 0.119486 47.794414 0.770513 43.634102 200.000000 43.634102 0.011738 4.695187 -0.844328 -6.781497 200.000000 -6.781497 0.027896 11.158422 0.535827 9.942805 200.000000 9.942805
 14.800000 0.825170 0.564885 0.580361 -0.814359 0.970503 2.522421 0.564885 0.825170 -0.814359 0.580361 0.526194 210.477643 0.637424 -29.995588 200.000000 -29.995588 0.298734 119.493619 0.770513 43.634102 200.000000 43.634102 0.089811 35.924536 -0.844328 -6.781497 200.000000 -6.781497 0.198329 79.331514 0.535827 9.942805 200.000000 9.942805
 15.000000 0.804519 0.593927 0.556571 -0.830800 0.934865 2.551340 0.593927 0.804519 -0.830800 0.556571 0.189197 75.678898 0.637424 -29.995588 200.000000 -29.995588 0.115638 46.255125 0.770513 43.634102 200.000000 43.634102 0.018301 7.320289 -0.844328 -6.781497 200.000000 -6.781497 0.043033 17.213228 0.535827 9.942805 200.000000 9.942805
 15.200000 0.764002 0.645214 0.473359 -0.880870 0.869493 2.648492 0.645214 0.764002 -0.880870 0.473359 0.006069 2.427429 0.637424 -29.995588 200.000000 -29.995588 0.004240 1.695948 0.770513 43.634102 200.000000 43.634102 0.133529 53.411499 -0.844328 -6.781497 200.000000 -6.781497 0.390220 156.088164 0.535827 9.942805 200.000000 9.942805
 15.400000 0.800904 0.598792 0.532974 -0.846132 0.928804 2.579482 0.598792 0.800904 -0.846132 0.532974 0.149242 59.696849 0.637424 -29.995588 200.000000 -29.995588 0.092363 36.945106 0.770513 43.634102 200.000000 43.634102 0.000325 0.130166 -0.844328 -6.781497 200.000000 -6.781497 0.000814 0.325622 0.535827 9.942805 200.000000 9.942805
 15.600000 0.740428 0.672136 0.528635 -0.848849 0.833707 2.584601 0.672136 0.740428 -0.848849 0.528635 0.120490 48.196161 0.637424 -29.995588 200.000000 -29.995588 0.090512 36.204948 0.770513 43.634102 200.000000 43.634102 0.002044 0.817672 -0.844328 -6.781497 200.000000 -6.781497 0.005172 2.068824 0.535827 9.942805 200.000000 9.942805
 15.800000 0.827242 0.561846 0.520884 -0.853628 0.974181 2.593707 0.561846 0.827242 -0.853628 0.520884 0.571206 228.482384 0.637424 -29.995588 200.000000 -29.995588 0.321815 128.725930 0.770513 43.634102 200.000000 43.634102 0.008648 3.459303 -0.844328 -6.781497 200.000000 -6.781497 0.022329 8.931594 0.535827 9.942805 200.000000 9.942805
 16.000000 0.792126 0.610357 0.450559 -0.892747 0.914285 2.674202 0.610357 0.792126 -0.892747 0.450559 0.073261 29.304336 0.637424 -29.995588 200.000000 -29.995588 0.046712 18.684917 0.770513 43.634102 200.000000 43.634102 0.234439 93.775522 -0.844328 -6.781497 200.000000 -6.781497 0.727065 290.825945 0.535827 9.942805 200.000000 9.942805
 16.200000 0.813828 0.581106 0.530164 -0.847895 0.950709 2.582799 0.581106 0.813828 -0.847895 0.530164 0.317167 126.866896 0.637424 -29.995588 200.000000 -29.995588 0.187613 75.045352 0.770513 43.634102 200.000000 43.634102 0.001273 0.509004 -0.844328 -6.781497 200.000000 -6.781497 0.003207 1.282713 0.535827 9.942805 200.000000 9.942805
 16.400000 0.823632 0.567125 0.544136 -0.838997 0.967785 2.566233 0.567125 0.823632 -0.838997 0.544136 0.494190 197.676177 0.637424 -29.995588 200.000000 -29.995588 0.282155 112.862061 0.770513 43.634102 200.000000 43.634102 0.002842 1.136832 -0.844328 -6.781497 200.000000 -6.781497 0.006905 2.761939 0.535827 9.942805 200.000000 9.942805
 16.600000 0.768451 0.639909 0.497023 -0.867737 0.876417 2.621428 0.639909 0.768451 -0.867737 0.497023 0.000617 0.246975 0.637424 -29.995588 200.000000 -29.995588 0.000425 0.170139 0.770513 43.634102 200.000000 43.634102 0.054800 21.919824 -0.844328 -6.781497 200.000000 -6.781497 0.150572 60.228648 0.535827 9.942805 200.000000 9.942805
 16.800000 0.758458 0.651722 0.525677 -0.850684 0.860944 2.588082 0.651722 0.758458 -0.850684 0.525677 0.020442 8.176820 0.637424 -29.995588 200.000000 -29.995588 0.014532 5.812856 0.770513 43.634102 200.000000 43.634102 0.004040 1.616099 -0.844328 -6.781497 200.000000 -6.781497 0.010302 4.120694 0.535827 9.942805 200.000000 9.942805
 17.000000 0.803241 0.595654 0.447670 -0.894199 0.932716 2.677435 0.595654 0.803241 -0.894199 0.447670 0.174470 69.787892 0.637424 -29.995588 200.000000 -29.995588 0.107109 42.843776 0.770513 43.634102 200.000000 43.634102 0.248711 99.484457 -0.844328 -6.781497 200.000000 -6.781497 0.777163 310.865244 0.535827 9.942805 200.000000 9.942805
 17.200000 0.840006 0.542577 0.561312 -0.827604 0.997294 2.545623 0.542577 0.840006 -0.827604 0.561312 0.899594 359.837505 0.637424 -29.995588 200.000000 -29.995588 0.482925 193.169864 0.770513 43.634102 200.000000 43.634102 0.027967 11.186945 -0.844328 -6.781497 200.000000 -6.781497 0.064948 25.979216 0.535827 9.942805 200.000000 9.942805
 17.400000 0.793536 0.608523 0.428825 -0.903388 0.916598 2.698401 0.608523 0.793536 -0.903388 0.428825 0.083527 33.410774 0.637424 -29.995588 200.000000 -29.995588 0.053006 21.202382 0.770513 43.634102 200.000000 43.634102 0.348806 139.522596 -0.844328 -6.781497 200.000000 -6.781497 1.144947 457.978743 0.535827 9.942805 200.000000 9.942805
 17.600000 0.808164 0.588957 0.444921 -0.895570 0.941029 2.680506 0.588957 0.808164 -0.895570 0.444921 0.234905 93.962065 0.637424 -29.995588 200.000000 -29.995588 0.141761 56.704359 0.770513 43.634102 200.000000 43.634102 0.262571 105.028587 -0.844328 -6.781497 200.000000 -6.781497 0.826380 330.552094 0.535827 9.942805 200.000000 9.942805
 17.800000 0.764501 0.644622 0.501175 -0.865346 0.870267 2.616636 0.644622 0.764501 -0.865346 0.501175 0.005182 2.072612 0.637424 -29.995588 200.000000 -29.995588 0.003614 1.445774 0.770513 43.634102 200.000000 43.634102 0.044175 17.669845 -0.844328 -6.781497 200.000000 -6.781497 0.120071 48.028581 0.535827 9.942805 200.000000 9.942805
 18.000000 0.794157 0.607712 0.538091 -0.842887 0.917620 2.573422 0.607712 0.794157 -0.842887 0.538091 0.088280 35.312065 0.637424 -29.995588 200.000000 -29.995588 0.055905 22.362007 0.770513 43.634102 200.000000 43.634102 0.000208 0.083072 -0.844328 -6.781497 200.000000 -6.781497 0.000513 0.205046 0.535827 9.942805 200.000000 9.942805
 18.200000 0.804747 0.593619 0.546767 -0.837285 0.935248 2.563095 0.593619 0.804747 -0.837285 0.546767 0.191891 76.756580 0.637424 -29.995588 200.000000 -29.995588 0.117192 46.876738 0.770513 43.634102 200.000000 43.634102 0.004960 1.984049 -0.844328 -6.781497 200.000000 -6.781497 0.011968 4.787116 0.535827 9.942805 200.000000 9.942805
 18.400000 0.826882 0.562375 0.523651 -0.851933 0.973541 2.590461 0.562375 0.826882 -0.851933 0.523651 0.563229 225.291544 0.637424 -29.995588 200.000000 -29.995588 0.317744 127.097611 0.770513 43.634102 200.000000 43.634102 0.005783 2.313235 -0.844328 -6.781497 200.000000 -6.781497 0.014824 5.929536 0.535827 9.942805 200.000000 9.942805
 18.600000 0.821916 0.569609 0.552772 -0.833333 0.964767 2.555906 0.569609 0.821916 -0.833333 0.552772 0.459891 183.956205 0.637424 -29.995588 200.000000 -29.995588 0.264224 105.689606 0.770513 43.634102 200.000000 43.634102 0.012090 4.835837 -0.844328 -6.781497 200.000000 -6.781497 0.028713 11.485352 0.535827 9.942805 200.000000 9.942805
 18.800000 0.792315 0.610113 0.624662 -0.780895 0.914593 2.466894 0.610113 0.792315 -0.780895 0.624662 0.074590 29.836022 0.637424 -29.995588 200.000000 -29.995588 0.047530 19.011894 0.770513 43.634102 200.000000 43.634102 0.402374 160.949529 -0.844328 -6.781497 200.000000 -6.781497 0.789175 315.670087 0.535827 9.942805 200.000000 9.942805
 19.000000 0.780193 0.625539 0.467467 -0.884011 0.894974 2.655170 0.625539 0.780193 -0.884011 0.467467 0.014126 5.650201 0.637424 -29.995588 200.000000 -29.995588 0.009370 3.747883 0.770513 43.634102 200.000000 43.634102 0.157472 62.988897 -0.844328 -6.781497 200.000000 -6.781497 0.467311 186.924278 0.535827 9.942805 200.000000 9.942805
 19.200000 0.814426 0.580268 0.479208 -0.877701 0.951739 2.641840 0.580268 0.814426 -0.877701 0.479208 0.326683 130.673109 0.637424 -29.995588 200.000000 -29.995588 0.192831 77.132234 0.770513 43.634102 200.000000 43.634102 0.111377 44.550974 -0.844328 -6.781497 200.000000 -6.781497 0.320565 128.225980 0.535827 9.942805 200.000000 9.942805
 19.400000 0.810463 0.585790 0.504452 -0.863440 0.944942 2.612846 0.585790 0.810463 -0.863440 0.504452 0.266607 106.642767 0.637424 -29.995588 200.000000 -29.995588 0.159597 63.838939 0.770513 43.634102 200.000000 43.634102 0.036527 14.610615 -0.844328 -6.781497 200.000000 -6.781497 0.098439 39.375563 0.535827 9.942805 200.000000 9.942805
 19.600000 0.857049 0.515235 0.571374 -0.820690 1.029514 2.533414 0.515235 0.857049 -0.820690 0.571374 1.493012 597.204692 0.637424 -29.995588 200.000000 -29.995588 0.748841 299.536570 0.770513 43.634102 200.000000 43.634102 0.055876 22.350299 -0.844328 -6.781497 200.000000 -6.781497 0.126360 50.543859 0.535827 9.942805 200.000000 9.942805
 19.800000 0.817104 0.576491 0.372514 -0.928027 0.956369 2.759876 0.576491 0.817104 -0.928027 0.372514 0.371285 148.514107 0.637424 -29.995588 200.000000 -29.995588 0.217066 86.826582 0.770513 43.634102 200.000000 43.634102 0.700546 280.218405 -0.844328 -6.781497 200.000000 -6.781497 2.667105 1066.842094 0.535827 9.942805 200.000000 9.942805
 20.000000 0.827534 0.561416 0.465195 -0.885208 0.974700 2.657738 0.561416 0.827534 -0.885208 0.465195 0.577719 231.087629 0.637424 -29.995588 200.000000 -29.995588 0.325132 130.052956 0.770513 43.634102 200.000000 43.634102 0.167119 66.847702 -0.844328 -6.781497 200.000000 -6.781497 0.498883 199.553121 0.535827 9.942805 200.000000 9.942805
