#! FIELDS time sin_phi cos_phi sin_psi cos_psi phi psi cos_phi sin_phi cos_psi sin_psi restraint_phi_cos.bias restraint_phi_cos.force2 restraint_phi_cos.cos_phi_cntr restraint_phi_cos.cos_phi_work restraint_phi_cos.cos_phi_kappa restraint_phi_cos.work restraint_phi_sin.bias restraint_phi_sin.force2 restraint_phi_sin.sin_phi_cntr restraint_phi_sin.sin_phi_work restraint_phi_sin.sin_phi_kappa restraint_phi_sin.work restraint_psi_cos.bias restraint_psi_cos.force2 restraint_psi_cos.cos_psi_cntr restraint_psi_cos.cos_psi_work restraint_psi_cos.cos_psi_kappa restraint_psi_cos.work restraint_psi_sin.bias restraint_psi_sin.force2 restraint_psi_sin.sin_psi_cntr restraint_psi_sin.sin_psi_work restraint_psi_sin.sin_psi_kappa restraint_psi_sin.work
#! SET min_phi -pi
#! SET max_phi pi
#! SET min_psi -pi
#! SET max_psi pi
 0.000000 -0.999983 -0.005782 0.966116 0.258110 -1.576579 1.309731 -0.005782 -0.999983 0.258110 0.966116 0.000000 0.000000 -0.009747 0.000000 0.000000 0.000000 0.000000 0.000000 -0.999953 0.000000 0.000000 0.000000 0.000000 0.000000 0.256142 0.000000 0.000000 0.000000 0.000000 0.000000 0.966639 0.000000 0.000000 0.000000
 0.200000 -1.000000 -0.000267 0.834657 0.550771 -1.571064 0.987509 -0.000267 -1.000000 0.550771 0.834657 0.000899 0.035942 -0.009747 0.429324 20.000000 0.429324 0.000000 0.000001 -0.999953 0.008204 20.000000 0.008204 0.868058 34.722339 0.256142 0.437493 20.000000 0.437493 0.174194 6.967749 0.966639 0.079185 20.000000 0.079185
 0.400000 -0.998238 0.059341 0.982968 0.183779 -1.511421 1.385967 0.059341 -0.998238 0.183779 0.982968 0.095461 7.636902 -0.009747 0.576159 40.000000 0.576159 0.000059 0.004704 -0.999953 0.009175 40.000000 0.009175 0.104729 8.378359 0.256142 0.652620 40.000000 0.652620 0.005332 0.426594 0.966639 0.103852 40.000000 0.103852
 0.600000 -0.997906 0.064683 0.969727 0.244192 -1.506068 1.324110 0.064683 -0.997906 0.244192 0.969727 0.166192 19.942983 -0.009747 0.652743 60.000000 0.652743 0.000126 0.015079 -0.999953 0.009549 60.000000 0.009549 0.004285 0.514145 0.256142 0.812946 60.000000 0.812946 0.000286 0.034327 0.966639 0.126977 60.000000 0.126977
 0.800000 -0.999998 0.001910 0.948095 0.317988 -1.568887 1.247190 0.001910 -0.999998 0.317988 0.948095 0.005435 0.869531 -0.009747 0.745447 80.000000 0.745447 0.000000 0.000013 -0.999953 0.009931 80.000000 0.009931 0.152995 24.479225 0.256142 0.870387 80.000000 0.870387 0.013756 2.200908 0.966639 0.131255 80.000000 0.131255
 1.000000 -0.997908 -0.064653 0.983712 0.179752 -1.635494 1.390062 -0.064653 -0.997908 0.179752 0.983712 0.150734 30.146851 -0.009747 0.830213 100.000000 0.830213 0.000209 0.041807 -0.999953 0.010215 100.000000 0.010215 0.291772 58.354417 0.256142 0.906277 100.000000 0.906277 0.014574 2.914818 0.966639 0.133898 100.000000 0.133898
 1.200000 -0.998633 0.052261 0.985233 0.171217 -1.518512 1.398732 0.052261 -0.998633 0.171217 0.985233 0.230693 55.366263 -0.009747 0.926084 120.000000 0.926084 0.000104 0.025053 -0.999953 0.010632 120.000000 0.010632 0.432743 103.858300 0.256142 0.991984 120.000000 0.991984 0.020745 4.978793 0.966639 0.141236 120.000000 0.141236
 1.400000 -0.999099 0.042451 0.979949 0.199249 -1.528332 1.370205 0.042451 -0.999099 0.199249 0.979949 0.190723 53.402355 -0.009747 0.960909 140.000000 0.960909 0.000051 0.014293 -0.999953 0.010712 140.000000 0.010712 0.226581 63.442573 0.256142 1.092899 140.000000 1.092899 0.012401 3.472180 0.966639 0.149510 140.000000 0.149510
 1.600000 -0.999952 0.009781 0.961497 0.274814 -1.561015 1.292400 0.009781 -0.999952 0.274814 0.961497 0.030505 9.761666 -0.009747 1.007022 160.000000 1.007022 0.000000 0.000000 -0.999953 0.010844 160.000000 0.010844 0.027890 8.924899 0.256142 1.162365 160.000000 1.162365 0.002115 0.676777 0.966639 0.156240 160.000000 0.156240
 1.800000 -0.999829 -0.018512 0.970300 0.241906 -1.589309 1.326467 -0.018512 -0.999829 0.241906 0.970300 0.006915 2.489364 -0.009747 1.052178 180.000000 1.052178 0.000001 0.000497 -0.999953 0.010933 180.000000 0.010933 0.018242 6.567004 0.256142 1.193810 180.000000 1.193810 0.001206 0.434188 0.966639 0.158893 180.000000 0.158893
 2.000000 -0.987066 0.160316 0.942206 0.335034 -1.409785 1.229155 0.160316 -0.987066 0.335034 0.942206 2.892132 1156.852721 -0.009747 1.082277 200.000000 1.082277 0.016607 6.642771 -0.999953 0.011016 200.000000 0.011016 0.622393 248.957194 0.256142 1.220265 200.000000 1.220265 0.059698 23.879097 0.966639 0.161425 200.000000 0.161425
 2.200000 -0.986299 0.164969 0.929633 0.368486 -1.405070 1.193416 0.164969 -0.986299 0.368486 0.929633 0.892830 357.131835 0.070479 0.809620 200.000000 0.809620 0.134780 53.911836 -0.949586 0.233038 200.000000 0.233038 2.001937 800.774900 0.226996 1.276855 200.000000 1.276855 0.006534 2.613473 0.937716 0.237721 200.000000 0.237721
 2.400000 -0.984707 0.174217 0.957852 0.287261 -1.395686 1.279431 0.174217 -0.984707 0.287261 0.957852 0.055282 22.112697 0.150705 0.397537 200.000000 0.397537 0.730801 292.320510 -0.899220 0.886246 200.000000 0.886246 0.799430 319.772084 0.197850 1.380966 200.000000 1.380966 0.240675 96.269940 0.908794 0.509400 200.000000 0.509400
 2.600000 -0.993587 0.113069 0.936509 0.350645 -1.457485 1.212537 0.113069 -0.993587 0.350645 0.936509 1.389139 555.655760 0.230931 0.099780 200.000000 0.099780 2.094760 837.903939 -0.848854 1.907661 200.000000 1.907661 3.310252 1324.100875 0.168704 1.571262 200.000000 1.571262 0.320780 128.311935 0.879871 0.966831 200.000000 0.966831
 2.800000 -0.959961 0.280133 0.974137 0.225957 -1.286863 1.342871 0.280133 -0.959961 0.225957 0.974137 0.096244 38.497727 0.311156 -0.240201 200.000000 -0.240201 2.607350 1042.940111 -0.798488 3.211531 200.000000 3.211531 0.746492 298.596987 0.139557 1.702546 200.000000 1.702546 1.517546 607.018212 0.850949 1.642784 200.000000 1.642784
 3.000000 -0.942646 0.333795 0.978739 0.205108 -1.230469 1.364223 0.333795 -0.942646 0.205108 0.978739 0.331624 132.649481 0.391382 -0.810193 200.000000 -0.810193 3.783935 1513.573821 -0.748122 4.692750 200.000000 4.692750 0.896744 358.697697 0.110411 1.898772 200.000000 1.898772 2.455912 982.364845 0.822026 2.507927 200.000000 2.507927
 3.200000 -0.910984 0.412442 0.988291 0.152583 -1.145663 1.417615 0.412442 -0.910984 0.152583 0.988291 0.350063 140.025171 0.471608 -1.746771 200.000000 -1.746771 4.546611 1818.644511 -0.697756 6.147225 200.000000 6.147225 0.508622 203.448906 0.081265 1.997868 200.000000 1.997868 3.809814 1523.925460 0.793103 3.561222 200.000000 3.561222
 3.400000 -0.800534 0.599287 0.980217 0.197925 -0.928186 1.371556 0.599287 -0.800534 0.197925 0.980217 0.225182 90.072997 0.551834 -2.505164 200.000000 -2.505164 2.345313 938.125149 -0.647390 7.674932 200.000000 7.674932 2.125953 850.381266 0.052119 2.029388 200.000000 2.029388 4.667177 1866.870762 0.764181 4.796861 200.000000 4.796861
 3.600000 -0.747905 0.663805 0.999476 0.032383 -0.844901 1.538407 0.663805 -0.747905 0.032383 0.999476 0.100780 40.311838 0.632059 -3.434714 200.000000 -3.434714 2.276522 910.608992 -0.597024 9.026424 200.000000 9.026424 0.008856 3.542540 0.022972 2.040374 200.000000 2.040374 6.981089 2792.435720 0.735258 6.212493 200.000000 6.212493
 3.800000 -0.572200 0.820114 0.999934 -0.011505 -0.609186 1.582301 0.820114 -0.572200 -0.011505 0.999934 1.162705 465.081808 0.712285 -4.278716 200.000000 -4.278716 0.065241 26.096292 -0.546658 10.157362 200.000000 10.157362 0.002842 1.136672 -0.006174 2.049948 200.000000 2.049948 8.620004 3448.001613 0.706335 7.792603 200.000000 7.792603
 4.000000 -0.525965 0.850506 0.996986 -0.077582 -0.553850 1.648456 0.850506 -0.525965 -0.077582 0.996986 0.336343 134.537220 0.792511 -4.786020 200.000000 -4.786020 0.088051 35.220446 -0.496292 11.103136 200.000000 11.103136 0.178607 71.442985 -0.035320 2.042699 200.000000 2.042699 10.212704 4085.081467 0.677413 9.556717 200.000000 9.556717
 4.200000 -0.440895 0.897559 0.981451 -0.191711 -0.456595 1.763702 0.897559 -0.440895 -0.191711 0.981451 0.061614 24.645419 0.872737 -4.966520 200.000000 -4.966520 0.002531 1.012440 -0.445926 11.713219 200.000000 11.713219 1.619124 647.649557 -0.064466 1.901537 200.000000 1.901537 11.086320 4434.527995 0.648490 11.470629 200.000000 11.470629
 4.400000 -0.380381 0.924830 0.991161 -0.132667 -0.390208 1.703856 0.924830 -0.380381 -0.132667 0.991161 0.040011 16.004540 0.904827 -4.926697 200.000000 -4.926697 0.206101 82.440338 -0.425779 11.847190 200.000000 11.847190 0.152524 61.009799 -0.093613 1.671549 200.000000 1.671549 13.808148 5523.259325 0.619567 13.538750 200.000000 13.538750
 4.600000 -0.406866 0.913488 0.970256 -0.242083 -0.419020 1.815308 0.913488 -0.406866 -0.242083 0.970256 0.007501 3.000456 0.904827 -4.926697 200.000000 -4.926697 0.035772 14.308880 -0.425779 11.847190 200.000000 11.847190 1.423824 569.529706 -0.122759 1.349184 200.000000 1.349184 14.410427 5764.170711 0.590645 15.727263 200.000000 15.727263
 4.800000 -0.482814 0.875723 0.984236 -0.176858 -0.503866 1.748590 0.875723 -0.482814 -0.176858 0.984236 0.084707 33.882616 0.904827 -4.926697 200.000000 -4.926697 0.325301 130.120476 -0.425779 11.847190 200.000000 11.847190 0.062265 24.906006 -0.151905 0.788052 200.000000 0.788052 17.851819 7140.727471 0.561722 17.991155 200.000000 17.991155
 5.000000 -0.470053 0.882638 0.980610 -0.195971 -0.489351 1.768044 0.882638 -0.470053 -0.195971 0.980610 0.049235 19.694180 0.904827 -4.926697 200.000000 -4.926697 0.196019 78.407790 -0.425779 11.847190 200.000000 11.847190 0.022259 8.903516 -0.181051 -0.042039 200.000000 -0.042039 20.053392 8021.356622 0.532800 20.291575 200.000000 20.291575
 5.200000 -0.542093 0.840319 0.956213 -0.292672 -0.572926 1.867816 0.840319 -0.542093 -0.292672 0.956213 0.416134 166.453699 0.904827 -4.926697 200.000000 -4.926697 1.352885 541.153918 -0.425779 11.847190 200.000000 11.847190 0.680198 272.079085 -0.210198 -0.816748 200.000000 -0.816748 20.460786 8184.314216 0.503877 22.726751 200.000000 22.726751
 5.400000 -0.448382 0.893842 0.919201 -0.393790 -0.464954 1.975547 0.893842 -0.448382 -0.393790 0.919201 0.012067 4.826712 0.904827 -4.926697 200.000000 -4.926697 0.051087 20.434835 -0.425779 11.847190 200.000000 11.847190 2.385351 954.140596 -0.239344 -2.072087 200.000000 -2.072087 19.735469 7894.187551 0.474954 25.047990 200.000000 25.047990
 5.600000 -0.464501 0.885572 0.813552 -0.581493 -0.483071 2.191359 0.885572 -0.464501 -0.581493 0.813552 0.037074 14.829622 0.904827 -4.926697 200.000000 -4.926697 0.149940 59.975813 -0.425779 11.847190 200.000000 11.847190 9.797065 3918.826159 -0.268490 -3.298255 200.000000 -3.298255 13.507083 5402.833148 0.446032 27.452517 200.000000 27.452517
 5.800000 -0.454011 0.890996 0.845728 -0.533614 -0.471262 2.133664 0.890996 -0.454011 -0.533614 0.845728 0.019130 7.651991 0.904827 -4.926697 200.000000 -4.926697 0.079705 31.881806 -0.425779 11.847190 200.000000 11.847190 5.568539 2227.415675 -0.297636 -4.754964 200.000000 -4.754964 18.371434 7348.573494 0.417109 29.818751 200.000000 29.818751
 6.000000 -0.513661 0.857993 0.664255 -0.747506 -0.539446 2.415095 0.857993 -0.513661 -0.747506 0.664255 0.219339 87.735639 0.904827 -4.926697 200.000000 -4.926697 0.772314 308.925748 -0.425779 11.847190 200.000000 11.847190 17.700785 7080.313982 -0.326783 -6.376804 200.000000 -6.376804 7.621408 3048.563014 0.388186 32.102789 200.000000 32.102789
 6.200000 -0.503437 0.864032 0.745562 -0.666436 -0.527572 2.300215 0.864032 -0.503437 -0.666436 0.745562 0.166422 66.568779 0.904827 -4.926697 200.000000 -4.926697 0.603065 241.225908 -0.425779 11.847190 200.000000 11.847190 9.641493 3856.597284 -0.355929 -8.056583 200.000000 -8.056583 14.922615 5969.046140 0.359264 34.400121 200.000000 34.400121
 6.400000 -0.531394 0.847125 0.651718 -0.758461 -0.560246 2.431745 0.847125 -0.531394 -0.758461 0.651718 0.332958 133.183278 0.904827 -4.926697 200.000000 -4.926697 1.115456 446.182320 -0.425779 11.847190 200.000000 11.847190 13.941728 5576.691201 -0.385075 -10.149523 200.000000 -10.149523 10.328302 4131.320976 0.330341 36.327802 200.000000 36.327802
 6.600000 -0.520260 0.854008 0.561945 -0.827174 -0.547156 2.544857 0.854008 -0.520260 -0.827174 0.561945 0.258261 103.304211 0.904827 -4.926697 200.000000 -4.926697 0.892667 357.066776 -0.425779 11.847190 200.000000 11.847190 17.053010 6821.204171 -0.414221 -12.139990 200.000000 -12.139990 6.787423 2714.969110 0.301419 38.345094 200.000000 38.345094
 6.800000 -0.455272 0.890352 0.690501 -0.723331 -0.472678 2.379411 0.890352 -0.455272 -0.723331 0.690501 0.020951 8.380576 0.904827 -4.926697 200.000000 -4.926697 0.086982 34.792635 -0.425779 11.847190 200.000000 11.847190 7.837950 3135.179953 -0.443368 -14.334299 200.000000 -14.334299 17.472856 6989.142571 0.272496 40.090522 200.000000 40.090522
 7.000000 -0.525236 0.850957 0.527455 -0.849583 -0.552993 2.585991 0.850957 -0.525236 -0.849583 0.527455 0.290203 116.081367 0.904827 -4.926697 200.000000 -4.926697 0.989166 395.666563 -0.425779 11.847190 200.000000 11.847190 14.218113 5687.245248 -0.472514 -16.528298 200.000000 -16.528298 8.058873 3223.549283 0.243573 41.733642 200.000000 41.733642
 7.200000 -0.504221 0.863575 0.413924 -0.910312 -0.528479 2.714832 0.863575 -0.504221 -0.910312 0.413924 0.170175 68.069976 0.904827 -4.926697 200.000000 -4.926697 0.615307 246.122634 -0.425779 11.847190 200.000000 11.847190 16.699595 6679.838084 -0.501660 -18.746488 200.000000 -18.746488 3.970975 1588.389980 0.214651 43.268436 200.000000 43.268436
 7.400000 -0.476715 0.879058 0.344303 -0.938859 -0.496914 2.790096 0.879058 -0.476715 -0.938859 0.344303 0.066404 26.561716 0.904827 -4.926697 200.000000 -4.926697 0.259443 103.777007 -0.425779 11.847190 200.000000 11.847190 16.650658 6660.263237 -0.530806 -21.044337 200.000000 -21.044337 2.514599 1005.839571 0.185728 44.486797 200.000000 44.486797
 7.600000 -0.528542 0.848907 0.376683 -0.926342 -0.556882 2.755379 0.848907 -0.528542 -0.926342 0.376683 0.312700 125.080076 0.904827 -4.926697 200.000000 -4.926697 1.056008 422.403043 -0.425779 11.847190 200.000000 11.847190 13.424122 5369.648661 -0.559953 -23.221941 200.000000 -23.221941 4.834626 1933.850515 0.156805 45.746210 200.000000 45.746210
 7.800000 -0.548833 0.835932 0.222353 -0.974966 -0.580968 2.917365 0.835932 -0.548833 -0.974966 0.222353 0.474654 189.861548 0.904827 -4.926697 200.000000 -4.926697 1.514225 605.690005 -0.425779 11.847190 200.000000 11.847190 14.889349 5955.739408 -0.589099 -25.388217 200.000000 -25.388217 0.892470 356.988024 0.127883 46.776970 200.000000 46.776970
 8.000000 -0.421928 0.906629 0.201538 -0.979481 -0.435571 2.938665 0.906629 -0.421928 -0.979481 0.201538 0.000325 0.129927 0.904827 -4.926697 200.000000 -4.926697 0.001483 0.593286 -0.425779 11.847190 200.000000 11.847190 13.049115 5219.645863 -0.618245 -27.471728 200.000000 -27.471728 1.052213 420.885171 0.098960 47.671288 200.000000 47.671288
 8.200000 -0.531519 0.847046 0.151487 -0.988459 -0.560393 2.989520 0.847046 -0.531519 -0.988459 0.151487 0.333862 133.544944 0.904827 -4.926697 200.000000 -4.926697 1.118093 447.237340 -0.425779 11.847190 200.000000 11.847190 11.632721 4653.088579 -0.647391 -29.462362 200.000000 -29.462362 0.663406 265.362442 0.070038 48.463524 200.000000 48.463524
 8.400000 -0.397286 0.917695 0.235976 -0.971759 -0.408557 2.903370 0.917695 -0.397286 -0.971759 0.235976 0.016558 6.623268 0.904827 -4.926697 200.000000 -4.926697 0.081188 32.475019 -0.425779 11.847190 200.000000 11.847190 8.715550 3486.219818 -0.676538 -31.334483 200.000000 -31.334483 3.797099 1518.839443 0.041115 49.168362 200.000000 49.168362
 8.600000 -0.407332 0.913280 0.202149 -0.979355 -0.419531 2.938041 0.913280 -0.407332 -0.979355 0.202149 0.007146 2.858261 0.904827 -4.926697 200.000000 -4.926697 0.034031 13.612414 -0.425779 11.847190 200.000000 11.847190 7.489568 2995.827374 -0.705684 -33.072382 200.000000 -33.072382 3.608368 1443.347085 0.012192 49.770065 200.000000 49.770065
 8.800000 -0.512441 0.858722 0.066528 -0.997785 -0.538025 3.075016 0.858722 -0.512441 -0.997785 0.066528 0.212565 85.026118 0.904827 -4.926697 200.000000 -4.926697 0.751031 300.412242 -0.425779 11.847190 200.000000 11.847190 6.914500 2765.800052 -0.734830 -34.672568 200.000000 -34.672568 0.693189 277.275754 -0.016730 50.283054 200.000000 50.283054
 9.000000 -0.594790 0.803881 0.043012 -0.999075 -0.637005 3.098567 0.803881 -0.594790 -0.999075 0.043012 1.019010 407.604197 0.904827 -4.926697 200.000000 -4.926697 2.856467 1142.586929 -0.425779 11.847190 200.000000 11.847190 5.527111 2210.844339 -0.763976 -36.122239 200.000000 -36.122239 0.786151 314.460522 -0.045653 50.696664 200.000000 50.696664
 9.200000 -0.508898 0.860827 0.028867 -0.999583 -0.533904 3.112722 0.860827 -0.508898 -0.999583 0.028867 0.193601 77.440347 0.904827 -4.926697 200.000000 -4.926697 0.690868 276.347358 -0.425779 11.847190 200.000000 11.847190 4.262596 1705.038206 -0.793123 -37.400959 200.000000 -37.400959 1.070039 428.015502 -0.074576 51.127099 200.000000 51.127099
 9.400000 -0.577250 0.816567 -0.011313 -0.999936 -0.615357 -3.130279 0.816567 -0.577250 -0.999936 -0.011313 0.778978 311.591279 0.904827 -4.926697 200.000000 -4.926697 2.294344 917.737793 -0.425779 11.847190 200.000000 11.847190 3.156557 1262.622928 -0.822269 -38.509587 200.000000 -38.509587 0.849804 339.921786 -0.103498 51.511644 200.000000 51.511644
 9.600000 -0.497681 0.867360 -0.015724 -0.999876 -0.520923 -3.125868 0.867360 -0.497681 -0.999876 -0.015724 0.140376 56.150345 0.904827 -4.926697 200.000000 -4.926697 0.516982 206.792824 -0.425779 11.847190 200.000000 11.847190 2.204071 881.628418 -0.851415 -39.436295 200.000000 -39.436295 1.361810 544.724184 -0.132421 51.757789 200.000000 51.757789
 9.800000 -0.518899 0.854836 0.011988 -0.999928 -0.545562 3.129604 0.854836 -0.518899 -0.999928 0.011988 0.249913 99.965277 0.904827 -4.926697 200.000000 -4.926697 0.867123 346.849018 -0.425779 11.847190 200.000000 11.847190 1.424840 569.936026 -0.880561 -40.181355 200.000000 -40.181355 3.004380 1201.751891 -0.161344 52.148641 200.000000 52.148641
 10.000000 -0.493444 0.869777 -0.075413 -0.997152 -0.516046 -3.066108 0.869777 -0.493444 -0.997152 -0.075413 0.122849 49.139439 0.904827 -4.926697 200.000000 -4.926697 0.457858 183.143185 -0.425779 11.847190 200.000000 11.847190 0.764656 305.862510 -0.909708 -40.748166 200.000000 -40.748166 1.319117 527.646636 -0.190266 52.487422 200.000000 52.487422
 10.200000 -0.461074 0.887362 -0.067921 -0.997691 -0.479205 -3.073619 0.887362 -0.461074 -0.997691 -0.067921 0.030503 12.201324 0.904827 -4.926697 200.000000 -4.926697 0.124569 49.827749 -0.425779 11.847190 200.000000 11.847190 0.346176 138.470272 -0.938854 -41.127275 200.000000 -41.127275 2.288185 915.273814 -0.219189 52.864054 200.000000 52.864054
 10.400000 -0.565889 0.824481 -0.222060 -0.975033 -0.601511 -2.917666 0.824481 -0.565889 -0.975033 -0.222060 0.645543 258.217126 0.904827 -4.926697 200.000000 -4.926697 1.963076 785.230252 -0.425779 11.847190 200.000000 11.847190 0.004946 1.978343 -0.968000 -41.312093 200.000000 -41.312093 0.067866 27.146296 -0.248111 53.306939 200.000000 53.306939
 10.600000 -0.551036 0.834481 -0.186096 -0.982531 -0.583606 -2.954405 0.834481 -0.551036 -0.982531 -0.186096 0.494855 197.941872 0.904827 -4.926697 200.000000 -4.926697 1.568937 627.574690 -0.425779 11.847190 200.000000 11.847190 0.019456 7.782231 -0.968583 -41.312392 200.000000 -41.312392 0.391794 156.717664 -0.248690 53.307988 200.000000 53.307988
 10.800000 -0.485325 0.874334 -0.193239 -0.981152 -0.506735 -2.947130 0.874334 -0.485325 -0.981152 -0.193239 0.092984 37.193482 0.904827 -4.926697 200.000000 -4.926697 0.354569 141.827706 -0.425779 11.847190 200.000000 11.847190 0.015797 6.318685 -0.968583 -41.312392 200.000000 -41.312392 0.307477 122.990760 -0.248690 53.307988 200.000000 53.307988
 11.000000 -0.534512 0.845161 -0.188022 -0.982165 -0.563930 -2.952445 0.845161 -0.534512 -0.982165 -0.188022 0.356001 142.400584 0.904827 -4.926697 200.000000 -4.926697 1.182270 472.907819 -0.425779 11.847190 200.000000 11.847190 0.018446 7.378538 -0.968583 -41.312392 200.000000 -41.312392 0.368064 147.225643 -0.248690 53.307988 200.000000 53.307988
 11.200000 -0.533102 0.846051 -0.169980 -0.985448 -0.562262 -2.970784 0.846051 -0.533102 -0.985448 -0.169980 0.345460 138.184180 0.904827 -4.926697 200.000000 -4.926697 1.151810 460.723950 -0.425779 11.847190 200.000000 11.847190 0.028441 11.376359 -0.968583 -41.312392 200.000000 -41.312392 0.619532 247.812704 -0.248690 53.307988 200.000000 53.307988
 11.400000 -0.530323 0.847795 -0.083676 -0.996493 -0.558982 -3.057818 0.847795 -0.530323 -0.996493 -0.083676 0.325261 130.104277 0.904827 -4.926697 200.000000 -4.926697 1.092947 437.178939 -0.425779 11.847190 200.000000 11.847190 0.077896 31.158352 -0.968583 -41.312392 200.000000 -41.312392 2.722951 1089.180269 -0.248690 53.307988 200.000000 53.307988
 11.600000 -0.494624 0.869107 -0.125936 -0.992038 -0.517403 -3.015321 0.869107 -0.494624 -0.992038 -0.125936 0.127593 51.037181 0.904827 -4.926697 200.000000 -4.926697 0.473964 189.585430 -0.425779 11.847190 200.000000 11.847190 0.055015 22.005869 -0.968583 -41.312392 200.000000 -41.312392 1.506852 602.740660 -0.248690 53.307988 200.000000 53.307988
 11.800000 -0.555989 0.831190 -0.242242 -0.970216 -0.589552 -2.896916 0.831190 -0.555989 -0.970216 -0.242242 0.542243 216.897169 0.904827 -4.926697 200.000000 -4.926697 1.695447 678.178703 -0.425779 11.847190 200.000000 11.847190 0.000267 0.106621 -0.968583 -41.312392 200.000000 -41.312392 0.004157 1.662898 -0.248690 53.307988 200.000000 53.307988
 12.000000 -0.467767 0.883852 -0.054227 -0.998529 -0.486763 -3.087339 0.883852 -0.467767 -0.998529 -0.054227 0.043996 17.598510 0.904827 -4.926697 200.000000 -4.926697 0.176298 70.519045 -0.425779 11.847190 200.000000 11.847190 0.089673 35.869191 -0.968583 -41.312392 200.000000 -41.312392 3.781563 1512.625104 -0.248690 53.307988 200.000000 53.307988
 12.200000 -0.453598 0.891206 -0.164149 -0.986436 -0.470798 -2.976698 0.891206 -0.453598 -0.986436 -0.164149 0.018552 7.420832 0.904827 -4.926697 200.000000 -4.926697 0.077388 30.955018 -0.425779 11.847190 200.000000 11.847190 0.031871 12.748438 -0.968583 -41.312392 200.000000 -41.312392 0.714725 285.889817 -0.248690 53.307988 200.000000 53.307988
 12.400000 -0.568631 0.822593 -0.262425 -0.964952 -0.604841 -2.876059 0.822593 -0.568631 -0.964952 -0.262425 0.676250 270.500165 0.904827 -4.926697 200.000000 -4.926697 2.040666 816.266331 -0.425779 11.847190 200.000000 11.847190 0.001318 0.527278 -0.968583 -41.312392 200.000000 -41.312392 0.018865 7.545833 -0.248690 53.307988 200.000000 53.307988
 12.600000 -0.494279 0.869303 -0.158772 -0.987315 -0.517006 -2.982146 0.869303 -0.494279 -0.987315 -0.158772 0.126195 50.477821 0.904827 -4.926697 200.000000 -4.926697 0.469224 187.689796 -0.425779 11.847190 200.000000 11.847190 0.035089 14.035794 -0.968583 -41.312392 200.000000 -41.312392 0.808531 323.412369 -0.248690 53.307988 200.000000 53.307988
 12.800000 -0.534965 0.844874 -0.240543 -0.970638 -0.564466 -2.898667 0.844874 -0.534965 -0.970638 -0.240543 0.359432 143.772745 0.904827 -4.926697 200.000000 -4.926697 1.192145 476.858063 -0.425779 11.847190 200.000000 11.847190 0.000422 0.168955 -0.968583 -41.312392 200.000000 -41.312392 0.006636 2.654571 -0.248690 53.307988 200.000000 53.307988
 13.000000 -0.438704 0.898632 -0.149757 -0.988723 -0.454156 -2.991270 0.898632 -0.438704 -0.988723 -0.149757 0.003838 1.535298 0.904827 -4.926697 200.000000 -4.926697 0.016704 6.681779 -0.425779 11.847190 200.000000 11.847190 0.040561 16.224299 -0.968583 -41.312392 200.000000 -41.312392 0.978775 391.510062 -0.248690 53.307988 200.000000 53.307988
 13.200000 -0.434874 0.900491 -0.176951 -0.984220 -0.449898 -2.963705 0.900491 -0.434874 -0.984220 -0.176951 0.001880 0.751885 0.904827 -4.926697 200.000000 -4.926697 0.008271 3.308285 -0.425779 11.847190 200.000000 11.847190 0.024450 9.779940 -0.968583 -41.312392 200.000000 -41.312392 0.514643 205.857013 -0.248690 53.307988 200.000000 53.307988
 13.400000 -0.580924 0.813958 -0.154215 -0.988037 -0.619864 -2.986759 0.813958 -0.580924 -0.988037 -0.154215 0.825723 330.289352 0.904827 -4.926697 200.000000 -4.926697 2.406991 962.796507 -0.425779 11.847190 200.000000 11.847190 0.037846 15.138485 -0.968583 -41.312392 200.000000 -41.312392 0.892544 357.017761 -0.248690 53.307988 200.000000 53.307988
 13.600000 -0.558551 0.829470 -0.176426 -0.984314 -0.592638 -2.964238 0.829470 -0.558551 -0.984314 -0.176426 0.567863 227.145285 0.904827 -4.926697 200.000000 -4.926697 1.762826 705.130338 -0.425779 11.847190 200.000000 11.847190 0.024746 9.898224 -0.968583 -41.312392 200.000000 -41.312392 0.522205 208.882003 -0.248690 53.307988 200.000000 53.307988
 13.800000 -0.499438 0.866349 -0.218217 -0.975900 -0.522950 -2.921606 0.866349 -0.499438 -0.975900 -0.218217 0.148053 59.221018 0.904827 -4.926697 200.000000 -4.926697 0.542565 217.026009 -0.425779 11.847190 200.000000 11.847190 0.005354 2.141622 -0.968583 -41.312392 200.000000 -41.312392 0.092861 37.144202 -0.248690 53.307988 200.000000 53.307988
 14.000000 -0.541436 0.840742 -0.150976 -0.988537 -0.572144 -2.990037 0.840742 -0.541436 -0.988537 -0.150976 0.410687 164.274766 0.904827 -4.926697 200.000000 -4.926697 1.337639 535.055737 -0.425779 11.847190 200.000000 11.847190 0.039817 15.926959 -0.968583 -41.312392 200.000000 -41.312392 0.954804 381.921673 -0.248690 53.307988 200.000000 53.307988
 14.200000 -0.488052 0.872815 -0.114579 -0.993414 -0.509856 -3.026762 0.872815 -0.488052 -0.993414 -0.114579 0.102479 40.991552 0.904827 -4.926697 200.000000 -4.926697 0.387785 155.114041 -0.425779 11.847190 200.000000 11.847190 0.061658 24.663190 -0.968583 -41.312392 200.000000 -41.312392 1.798584 719.433451 -0.248690 53.307988 200.000000 53.307988
 14.400000 -0.569162 0.822225 -0.114744 -0.993395 -0.605487 -3.026595 0.822225 -0.569162 -0.993395 -0.114744 0.682308 272.923054 0.904827 -4.926697 200.000000 -4.926697 2.055871 822.348485 -0.425779 11.847190 200.000000 11.847190 0.061563 24.625213 -0.968583 -41.312392 200.000000 -41.312392 1.794142 717.656768 -0.248690 53.307988 200.000000 53.307988
 14.600000 -0.524353 0.851501 -0.150824 -0.988561 -0.551956 -2.990191 0.851501 -0.524353 -0.988561 -0.150824 0.284370 113.748014 0.904827 -4.926697 200.000000 -4.926697 0.971687 388.674776 -0.425779 11.847190 200.000000 11.847190 0.039910 15.963882 -0.968583 -41.312392 200.000000 -41.312392 0.957766 383.106385 -0.248690 53.307988 200.000000 53.307988
 14.800000 -0.452308 0.891862 -0.122154 -0.992511 -0.469352 -3.019133 0.891862 -0.452308 -0.992511 -0.122154 0.016810 6.724097 0.904827 -4.926697 200.000000 -4.926697 0.070379 28.151652 -0.425779 11.847190 200.000000 11.847190 0.057255 22.901956 -0.968583 -41.312392 200.000000 -41.312392 1.601132 640.452944 -0.248690 53.307988 200.000000 53.307988
 15.000000 -0.548879 0.835902 -0.163475 -0.986548 -0.581023 -2.977381 0.835902 -0.548879 -0.986548 -0.163475 0.475070 190.027915 0.904827 -4.926697 200.000000 -4.926697 1.515356 606.142554 -0.425779 11.847190 200.000000 11.847190 0.032272 12.908761 -0.968583 -41.312392 200.000000 -41.312392 0.726165 290.465806 -0.248690 53.307988 200.000000 53.307988
 15.200000 -0.531853 0.846837 -0.261680 -0.965155 -0.560787 -2.876830 0.846837 -0.531853 -0.965155 -0.261680 0.336290 134.515826 0.904827 -4.926697 200.000000 -4.926697 1.125167 450.066893 -0.425779 11.847190 200.000000 11.847190 0.001175 0.470167 -0.968583 -41.312392 200.000000 -41.312392 0.016874 6.749590 -0.248690 53.307988 200.000000 53.307988
 15.400000 -0.540807 0.841147 -0.226357 -0.974044 -0.571396 -2.913256 0.841147 -0.540807 -0.974044 -0.226357 0.405516 162.206390 0.904827 -4.926697 200.000000 -4.926697 1.323130 529.252004 -0.425779 11.847190 200.000000 11.847190 0.002982 1.192962 -0.968583 -41.312392 200.000000 -41.312392 0.049874 19.949494 -0.248690 53.307988 200.000000 53.307988
 15.600000 -0.531633 0.846975 -0.135790 -0.990738 -0.560527 -3.005382 0.846975 -0.531633 -0.990738 -0.135790 0.334687 133.874612 0.904827 -4.926697 200.000000 -4.926697 1.120496 448.198557 -0.425779 11.847190 200.000000 11.847190 0.049082 19.632899 -0.968583 -41.312392 200.000000 -41.312392 1.274644 509.857522 -0.248690 53.307988 200.000000 53.307988
 15.800000 -0.512354 0.858775 -0.203741 -0.979025 -0.537923 -2.936415 0.858775 -0.512354 -0.979025 -0.203741 0.212083 84.833115 0.904827 -4.926697 200.000000 -4.926697 0.749511 299.804203 -0.425779 11.847190 200.000000 11.847190 0.010903 4.361166 -0.968583 -41.312392 200.000000 -41.312392 0.202042 80.816799 -0.248690 53.307988 200.000000 53.307988
 16.000000 -0.523558 0.851990 -0.175847 -0.984418 -0.551022 -2.964827 0.851990 -0.523558 -0.984418 -0.175847 0.279176 111.670354 0.904827 -4.926697 200.000000 -4.926697 0.956070 382.428054 -0.425779 11.847190 200.000000 11.847190 0.025073 10.029166 -0.968583 -41.312392 200.000000 -41.312392 0.530615 212.246086 -0.248690 53.307988 200.000000 53.307988
 16.200000 -0.487430 0.873162 -0.127927 -0.991784 -0.509144 -3.013314 0.873162 -0.487430 -0.991784 -0.127927 0.100268 40.107052 0.904827 -4.926697 200.000000 -4.926697 0.380083 152.033089 -0.425779 11.847190 200.000000 11.847190 0.053826 21.530332 -0.968583 -41.312392 200.000000 -41.312392 1.458362 583.344674 -0.248690 53.307988 200.000000 53.307988
 16.400000 -0.503493 0.863999 -0.143197 -0.989694 -0.527637 -2.997902 0.863999 -0.503493 -0.989694 -0.143197 0.166691 66.676465 0.904827 -4.926697 200.000000 -4.926697 0.603944 241.577690 -0.425779 11.847190 200.000000 11.847190 0.044568 17.827096 -0.968583 -41.312392 200.000000 -41.312392 1.112879 445.151686 -0.248690 53.307988 200.000000 53.307988
 16.600000 -0.485737 0.874105 -0.173995 -0.984747 -0.507206 -2.966707 0.874105 -0.485737 -0.984747 -0.173995 0.094384 37.753403 0.904827 -4.926697 200.000000 -4.926697 0.359490 143.795825 -0.425779 11.847190 200.000000 11.847190 0.026125 10.450164 -0.968583 -41.312392 200.000000 -41.312392 0.557931 223.172432 -0.248690 53.307988 200.000000 53.307988
 16.800000 -0.517379 0.855757 -0.143524 -0.989647 -0.543785 -2.997572 0.855757 -0.517379 -0.989647 -0.143524 0.240791 96.316522 0.904827 -4.926697 200.000000 -4.926697 0.839045 335.617976 -0.425779 11.847190 200.000000 11.847190 0.044368 17.747243 -0.968583 -41.312392 200.000000 -41.312392 1.105996 442.398211 -0.248690 53.307988 200.000000 53.307988
 17.000000 -0.552573 0.833464 -0.209849 -0.977734 -0.585448 -2.930172 0.833464 -0.552573 -0.977734 -0.209849 0.509263 203.705038 0.904827 -4.926697 200.000000 -4.926697 1.607668 643.067133 -0.425779 11.847190 200.000000 11.847190 0.008373 3.349327 -0.968583 -41.312392 200.000000 -41.312392 0.150859 60.343685 -0.248690 53.307988 200.000000 53.307988
 17.200000 -0.487153 0.873317 -0.250146 -0.968208 -0.508827 -2.888762 0.873317 -0.487153 -0.968208 -0.250146 0.099290 39.716089 0.904827 -4.926697 200.000000 -4.926697 0.376672 150.668746 -0.425779 11.847190 200.000000 11.847190 0.000014 0.005626 -0.968583 -41.312392 200.000000 -41.312392 0.000212 0.084808 -0.248690 53.307988 200.000000 53.307988
 17.400000 -0.569534 0.821968 -0.229153 -0.973390 -0.605939 -2.910385 0.821968 -0.569534 -0.973390 -0.229153 0.686565 274.625934 0.904827 -4.926697 200.000000 -4.926697 2.066539 826.615489 -0.425779 11.847190 200.000000 11.847190 0.002311 0.924353 -0.968583 -41.312392 200.000000 -41.312392 0.038167 15.266991 -0.248690 53.307988 200.000000 53.307988
 17.600000 -0.486077 0.873916 -0.183436 -0.983032 -0.507596 -2.957112 0.873916 -0.486077 -0.983032 -0.183436 0.095551 38.220255 0.904827 -4.926697 200.000000 -4.926697 0.363586 145.434274 -0.425779 11.847190 200.000000 11.847190 0.020876 8.350397 -0.968583 -41.312392 200.000000 -41.312392 0.425809 170.323721 -0.248690 53.307988 200.000000 53.307988
 17.800000 -0.535196 0.844728 -0.273758 -0.961799 -0.564739 -2.864295 0.844728 -0.535196 -0.961799 -0.273758 0.361188 144.475033 0.904827 -4.926697 200.000000 -4.926697 1.197193 478.877065 -0.425779 11.847190 200.000000 11.847190 0.004603 1.841189 -0.968583 -41.312392 200.000000 -41.312392 0.062840 25.136160 -0.248690 53.307988 200.000000 53.307988
 18.000000 -0.382254 0.924057 -0.207389 -0.978259 -0.392234 -2.932688 0.924057 -0.382254 -0.978259 -0.207389 0.036980 14.792055 0.904827 -4.926697 200.000000 -4.926697 0.189445 75.777876 -0.425779 11.847190 200.000000 11.847190 0.009361 3.744548 -0.968583 -41.312392 200.000000 -41.312392 0.170577 68.230870 -0.248690 53.307988 200.000000 53.307988
 18.200000 -0.420499 0.907293 -0.168835 -0.985644 -0.433995 -2.971945 0.907293 -0.420499 -0.985644 -0.168835 0.000608 0.243230 0.904827 -4.926697 200.000000 -4.926697 0.002788 1.115228 -0.425779 11.847190 200.000000 11.847190 0.029108 11.643284 -0.968583 -41.312392 200.000000 -41.312392 0.637677 255.070657 -0.248690 53.307988 200.000000 53.307988
 18.400000 -0.519961 0.854190 -0.227577 -0.973760 -0.546806 -2.912004 0.854190 -0.519961 -0.973760 -0.227577 0.256413 102.565186 0.904827 -4.926697 200.000000 -4.926697 0.887025 354.810055 -0.425779 11.847190 200.000000 11.847190 0.002680 1.071989 -0.968583 -41.312392 200.000000 -41.312392 0.044574 17.829562 -0.248690 53.307988 200.000000 53.307988
 18.600000 -0.399185 0.916870 -0.152833 -0.988252 -0.410628 -2.988159 0.916870 -0.399185 -0.988252 -0.152833 0.014504 5.801667 0.904827 -4.926697 200.000000 -4.926697 0.070725 28.290130 -0.425779 11.847190 200.000000 11.847190 0.038687 15.474661 -0.968583 -41.312392 200.000000 -41.312392 0.918861 367.544403 -0.248690 53.307988 200.000000 53.307988
 18.800000 -0.582192 0.813051 -0.146650 -0.989188 -0.621423 -2.994411 0.813051 -0.582192 -0.989188 -0.146650 0.842283 336.913347 0.904827 -4.926697 200.000000 -4.926697 2.446506 978.602322 -0.425779 11.847190 200.000000 11.847190 0.042457 16.982993 -0.968583 -41.312392 200.000000 -41.312392 1.041204 416.481718 -0.248690 53.307988 200.000000 53.307988
 19.000000 -0.545533 0.838089 -0.195676 -0.980669 -0.577025 -2.944646 0.838089 -0.545533 -0.980669 -0.195676 0.445391 178.156593 0.904827 -4.926697 200.000000 -4.926697 1.434093 573.637241 -0.425779 11.847190 200.000000 11.847190 0.014606 5.842328 -0.968583 -41.312392 200.000000 -41.312392 0.281048 112.419207 -0.248690 53.307988 200.000000 53.307988
 19.200000 -0.487295 0.873237 -0.184254 -0.982879 -0.508990 -2.956279 0.873237 -0.487295 -0.982879 -0.184254 0.099791 39.916501 0.904827 -4.926697 200.000000 -4.926697 0.378421 151.368320 -0.425779 11.847190 200.000000 11.847190 0.020436 8.174347 -0.968583 -41.312392 200.000000 -41.312392 0.415192 166.076793 -0.248690 53.307988 200.000000 53.307988
 19.400000 -0.607486 0.794330 -0.129126 -0.991628 -0.652892 -3.012105 0.794330 -0.607486 -0.991628 -0.129126 1.220950 488.379822 0.904827 -4.926697 200.000000 -4.926697 3.301729 1320.691558 -0.425779 11.847190 200.000000 11.847190 0.053107 21.242970 -0.968583 -41.312392 200.000000 -41.312392 1.429555 571.822015 -0.248690 53.307988 200.000000 53.307988
 19.600000 -0.534055 0.845449 -0.240279 -0.970704 -0.563390 -2.898940 0.845449 -0.534055 -0.970704 -0.240279 0.352570 141.028009 0.904827 -4.926697 200.000000 -4.926697 1.172373 468.949154 -0.425779 11.847190 200.000000 11.847190 0.000450 0.179915 -0.968583 -41.312392 200.000000 -41.312392 0.007075 2.830019 -0.248690 53.307988 200.000000 53.307988
 19.800000 -0.461403 0.887191 -0.187002 -0.982359 -0.479576 -2.953483 0.887191 -0.461403 -0.982359 -0.187002 0.031104 12.441547 0.904827 -4.926697 200.000000 -4.926697 0.126903 50.761387 -0.425779 11.847190 200.000000 11.847190 0.018979 7.591451 -0.968583 -41.312392 200.000000 -41.312392 0.380534 152.213799 -0.248690 53.307988 200.000000 53.307988
 20.000000 -0.537450 0.843296 -0.192875 -0.981223 -0.567410 -2.947501 0.843296 -0.537450 -0.981223 -0.192875 0.378613 151.445049 0.904827 -4.926697 200.000000 -4.926697 1.247037 498.814871 -0.425779 11.847190 200.000000 11.847190 0.015977 6.390971 -0.968583 -41.312392 200.000000 -41.312392 0.311531 124.612292 -0.248690 53.307988 200.000000 53.307988
