#! FIELDS time sin_phi cos_phi sin_psi cos_psi phi psi cos_phi sin_phi cos_psi sin_psi restraint_phi_cos.bias restraint_phi_cos.force2 restraint_phi_cos.cos_phi_cntr restraint_phi_cos.cos_phi_work restraint_phi_cos.cos_phi_kappa restraint_phi_cos.work restraint_phi_sin.bias restraint_phi_sin.force2 restraint_phi_sin.sin_phi_cntr restraint_phi_sin.sin_phi_work restraint_phi_sin.sin_phi_kappa restraint_phi_sin.work restraint_psi_cos.bias restraint_psi_cos.force2 restraint_psi_cos.cos_psi_cntr restraint_psi_cos.cos_psi_work restraint_psi_cos.cos_psi_kappa restraint_psi_cos.work restraint_psi_sin.bias restraint_psi_sin.force2 restraint_psi_sin.sin_psi_cntr restraint_psi_sin.sin_psi_work restraint_psi_sin.sin_psi_kappa restraint_psi_sin.work
#! SET min_phi -pi
#! SET max_phi pi
#! SET min_psi -pi
#! SET max_psi pi
 0.000000 -0.999983 -0.005782 0.966116 0.258110 -1.576579 1.309731 -0.005782 -0.999983 0.258110 0.966116 0.000000 0.000000 -0.009747 0.000000 0.000000 0.000000 0.000000 0.000000 -0.999953 0.000000 0.000000 0.000000 0.000000 0.000000 0.256142 0.000000 0.000000 0.000000 0.000000 0.000000 0.966639 0.000000 0.000000 0.000000
 0.200000 -1.000000 -0.000269 0.834657 0.550770 -1.571065 0.987510 -0.000269 -1.000000 0.550770 0.834657 0.000898 0.035929 -0.009747 0.429323 20.000000 0.429323 0.000000 0.000001 -0.999953 0.008204 20.000000 0.008204 0.868052 34.722066 0.256142 0.437497 20.000000 0.437497 0.174192 6.967668 0.966639 0.079186 20.000000 0.079186
 0.400000 -0.998237 0.059350 0.982964 0.183796 -1.511412 1.385949 0.059350 -0.998237 0.183796 0.982964 0.095486 7.638879 -0.009747 0.576153 40.000000 0.576153 0.000059 0.004707 -0.999953 0.009175 40.000000 0.009175 0.104679 8.374306 0.256142 0.652624 40.000000 0.652624 0.005330 0.426423 0.966639 0.103853 40.000000 0.103853
 0.600000 -0.997905 0.064693 0.969722 0.244210 -1.506058 1.324091 0.064693 -0.997905 0.244210 0.969722 0.166238 19.948526 -0.009747 0.652739 60.000000 0.652739 0.000126 0.015089 -0.999953 0.009549 60.000000 0.009549 0.004271 0.512548 0.256142 0.812943 60.000000 0.812943 0.000285 0.034223 0.966639 0.126977 60.000000 0.126977
 0.800000 -0.999998 0.001898 0.948096 0.317986 -1.568898 1.247192 0.001898 -0.999998 0.317986 0.948096 0.005424 0.867880 -0.009747 0.745438 80.000000 0.745438 0.000000 0.000013 -0.999953 0.009931 80.000000 0.009931 0.152983 24.477280 0.256142 0.870383 80.000000 0.870383 0.013754 2.200712 0.966639 0.131254 80.000000 0.131254
 1.000000 -0.997908 -0.064648 0.983715 0.179733 -1.635490 1.390082 -0.064648 -0.997908 0.179733 0.983715 0.150709 30.141892 -0.009747 0.830208 100.000000 0.830208 0.000209 0.041795 -0.999953 0.010215 100.000000 0.010215 0.291922 58.384434 0.256142 0.906275 100.000000 0.906275 0.014580 2.916043 0.966639 0.133898 100.000000 0.133898
 1.200000 -0.998635 0.052235 0.985236 0.171203 -1.518537 1.398745 0.052235 -0.998635 0.171203 0.985236 0.230506 55.321490 -0.009747 0.926070 120.000000 0.926070 0.000104 0.025003 -0.999953 0.010632 120.000000 0.010632 0.432879 103.890905 0.256142 0.991978 120.000000 0.991978 0.020750 4.980034 0.966639 0.141236 120.000000 0.141236
 1.400000 -0.999100 0.042418 0.979955 0.199220 -1.528366 1.370235 0.042418 -0.999100 0.199220 0.979955 0.190478 53.333940 -0.009747 0.960900 140.000000 0.960900 0.000051 0.014246 -0.999953 0.010712 140.000000 0.010712 0.226814 63.508044 0.256142 1.092888 140.000000 1.092888 0.012412 3.475293 0.966639 0.149508 140.000000 0.149508
 1.600000 -0.999952 0.009761 0.961501 0.274802 -1.561035 1.292412 0.009761 -0.999952 0.274802 0.961501 0.030444 9.742134 -0.009747 1.006995 160.000000 1.006995 0.000000 0.000000 -0.999953 0.010844 160.000000 0.010844 0.027855 8.913533 0.256142 1.162350 160.000000 1.162350 0.002112 0.675882 0.966639 0.156237 160.000000 0.156237
 1.800000 -0.999833 -0.018283 0.970330 0.241783 -1.589081 1.326593 -0.018283 -0.999833 0.241783 0.970330 0.006559 2.361305 -0.009747 1.052215 180.000000 1.052215 0.000001 0.000464 -0.999953 0.010933 180.000000 0.010933 0.018556 6.680328 0.256142 1.193797 180.000000 1.193797 0.001226 0.441450 0.966639 0.158889 180.000000 0.158889
 2.000000 -0.986982 0.160833 0.941992 0.335636 -1.409261 1.228516 0.160833 -0.986982 0.335636 0.941992 2.909751 1163.900254 -0.009747 1.082341 200.000000 1.082341 0.016825 6.729803 -0.999953 0.011016 200.000000 0.011016 0.631919 252.767429 0.256142 1.220394 200.000000 1.220394 0.060748 24.299365 0.966639 0.161438 200.000000 0.161438
 2.200000 -0.998075 0.062027 0.960965 0.276670 -1.508730 1.290469 0.062027 -0.998075 0.276670 0.960965 0.869063 347.625036 -0.031197 1.165770 200.000000 1.165770 0.067891 27.156260 -0.972019 0.073950 200.000000 0.073950 1.413249 565.299503 0.157790 1.319223 200.000000 1.319223 0.061646 24.658425 0.985794 0.166764 200.000000 0.166764
 2.400000 -0.999877 -0.015686 0.977282 0.211945 -1.586483 1.357232 -0.015686 -0.999877 0.211945 0.977282 0.136615 54.646105 -0.052647 1.287100 200.000000 1.287100 0.311276 124.510490 -0.944085 0.300521 200.000000 0.300521 0.750158 300.063025 0.125333 1.397431 200.000000 1.397431 0.022002 8.800808 0.992115 0.172150 200.000000 0.172150
 2.600000 -0.985834 -0.167722 0.939140 0.343535 -1.739315 1.220117 -0.167722 -0.985834 0.343535 0.939140 0.876550 350.619851 -0.074098 1.350855 200.000000 1.350855 0.485576 194.230488 -0.916151 0.670571 200.000000 0.670571 4.761220 1904.488122 0.125333 1.397431 200.000000 1.397431 0.280635 112.253974 0.992115 0.172150 200.000000 0.172150
 2.800000 -0.990983 -0.133991 0.983245 0.182288 -1.705191 1.387484 -0.133991 -0.990983 0.182288 0.983245 0.147780 59.111928 -0.095548 1.391902 200.000000 1.391902 1.056074 422.429415 -0.888217 1.191087 200.000000 1.191087 0.324379 129.751725 0.125333 1.397431 200.000000 1.397431 0.007867 3.146676 0.992115 0.172150 200.000000 0.172150
 3.000000 -0.987452 -0.157921 0.984690 0.174316 -1.729381 1.395585 -0.157921 -0.987452 0.174316 0.984690 0.167460 66.983968 -0.116999 1.493342 200.000000 1.493342 1.617181 646.872587 -0.860283 1.867348 200.000000 1.867348 0.239931 95.972254 0.125333 1.397431 200.000000 1.397431 0.005513 2.205182 0.992115 0.172150 200.000000 0.172150
 3.200000 -0.994415 -0.105542 0.996843 0.079395 -1.676535 1.491318 -0.105542 -0.994415 0.079395 0.996843 0.108290 43.315866 -0.138449 1.473696 200.000000 1.473696 2.626518 1050.607065 -0.832349 2.665432 200.000000 2.665432 0.211033 84.413230 0.125333 1.397431 200.000000 1.397431 0.002236 0.894364 0.992115 0.172150 200.000000 0.172150
 3.400000 -0.987923 -0.154945 0.997636 0.068720 -1.726368 1.502022 -0.154945 -0.987923 0.068720 0.997636 0.002455 0.982103 -0.159900 1.506187 200.000000 1.506187 3.367499 1346.999497 -0.804416 3.617822 200.000000 3.617822 0.320503 128.201281 0.125333 1.397431 200.000000 1.397431 0.003048 1.219377 0.992115 0.172150 200.000000 0.172150
 3.600000 -0.994524 -0.104511 0.987613 0.156907 -1.675498 1.413238 -0.104511 -0.994524 0.156907 0.987613 0.590434 236.173680 -0.181350 1.487919 200.000000 1.487919 4.754229 1901.691449 -0.776482 4.694927 200.000000 4.694927 0.099689 39.875673 0.125333 1.397431 200.000000 1.397431 0.002026 0.810465 0.992115 0.172150 200.000000 0.172150
 3.800000 -0.958076 -0.286515 0.996422 0.084514 -1.861383 1.486181 -0.286515 -0.958076 0.084514 0.996422 0.700801 280.320243 -0.202801 1.287529 200.000000 1.287529 4.390192 1756.076782 -0.748548 5.852540 200.000000 5.852540 0.166620 66.648133 0.125333 1.397431 200.000000 1.397431 0.001856 0.742211 0.992115 0.172150 200.000000 0.172150
 4.000000 -0.943091 -0.332535 0.995624 0.093454 -1.909786 1.477206 -0.332535 -0.943091 0.093454 0.995624 1.172527 469.010877 -0.224251 1.152790 200.000000 1.152790 4.949596 1979.838431 -0.720614 7.155158 200.000000 7.155158 0.101630 40.652011 0.125333 1.397431 200.000000 1.397431 0.001231 0.492500 0.992115 0.172150 200.000000 0.172150
 4.200000 -0.987338 -0.158629 0.999969 0.007880 -1.730098 1.562916 -0.158629 -0.987338 0.007880 0.999969 0.758174 303.269415 -0.245702 0.970350 200.000000 0.970350 8.682333 3472.933146 -0.692680 8.565531 200.000000 8.565531 1.379531 551.812530 0.125333 1.397431 200.000000 1.397431 0.006169 2.467571 0.992115 0.172150 200.000000 0.172150
 4.400000 -0.917259 -0.398291 0.998356 0.057323 -1.980450 1.513442 -0.398291 -0.917259 0.057323 0.998356 1.719745 687.897881 -0.267152 0.531399 200.000000 0.531399 6.376254 2550.501748 -0.664746 9.974288 200.000000 9.974288 0.462537 185.014743 0.125333 1.397431 200.000000 1.397431 0.003895 1.557990 0.992115 0.172150 200.000000 0.172150
 4.600000 -0.910132 -0.414318 0.991319 0.131480 -1.997990 1.438935 -0.414318 -0.910132 0.131480 0.991319 1.580431 632.172312 -0.288603 0.327363 200.000000 0.327363 7.470357 2988.142604 -0.636813 11.611795 200.000000 11.611795 0.003778 1.511196 0.125333 1.397431 200.000000 1.397431 0.000063 0.025335 0.992115 0.172150 200.000000 0.172150
 4.800000 -0.910690 -0.413090 0.987060 0.160350 -1.996641 1.409751 -0.413090 -0.910690 0.160350 0.987060 1.061659 424.663630 -0.310053 -0.301427 200.000000 -0.301427 9.109007 3643.602931 -0.608879 13.122971 200.000000 13.122971 0.122617 49.046757 0.125333 1.397431 200.000000 1.397431 0.002555 1.021907 0.992115 0.172150 200.000000 0.172150
 5.000000 -0.869073 -0.494683 0.982746 0.184958 -2.088267 1.384767 -0.494683 -0.869073 0.184958 0.982746 2.662753 1065.101313 -0.331504 -0.811529 200.000000 -0.811529 8.301796 3320.718283 -0.580945 14.799478 200.000000 14.799478 0.355512 142.204896 0.125333 1.397431 200.000000 1.397431 0.008776 3.510595 0.992115 0.172150 200.000000 0.172150
 5.200000 -0.884065 -0.467364 0.995110 0.098770 -2.057104 1.471865 -0.467364 -0.884065 0.098770 0.995110 1.308968 523.587090 -0.352954 -1.404864 200.000000 -1.404864 10.959650 4383.859960 -0.553011 16.523949 200.000000 16.523949 0.070558 28.223316 0.125333 1.397431 200.000000 1.397431 0.000897 0.358932 0.992115 0.172150 200.000000 0.172150
 5.400000 -0.829330 -0.558760 0.995073 0.099149 -2.163686 1.471484 -0.558760 -0.829330 0.099149 0.995073 3.398679 1359.471437 -0.374405 -2.337180 200.000000 -2.337180 9.256941 3702.776474 -0.525077 18.046691 200.000000 18.046691 0.068561 27.424466 0.125333 1.397431 200.000000 1.397431 0.000875 0.349965 0.992115 0.172150 200.000000 0.172150
 5.600000 -0.722126 -0.691761 0.995564 0.094086 -2.334721 1.476571 -0.691761 -0.722126 0.094086 0.995564 8.756029 3502.411624 -0.395855 -3.047649 200.000000 -3.047649 5.061732 2024.692740 -0.497143 19.839812 200.000000 19.839812 0.097637 39.054816 0.125333 1.397431 200.000000 1.397431 0.001190 0.475919 0.992115 0.172150 200.000000 0.172150
 5.800000 -0.827180 -0.561938 0.992600 0.121432 -2.167523 1.449063 -0.561938 -0.827180 0.121432 0.992600 2.091842 836.736730 -0.417306 -4.070192 200.000000 -4.070192 12.814244 5125.697617 -0.469210 21.398601 200.000000 21.398601 0.001522 0.608644 0.125333 1.397431 200.000000 1.397431 0.000024 0.009409 0.992115 0.172150 200.000000 0.172150
 6.000000 -0.723973 -0.689828 0.989729 0.142958 -2.332048 1.427347 -0.689828 -0.723973 0.142958 0.989729 6.303696 2521.478402 -0.438756 -5.120275 200.000000 -5.120275 7.991796 3196.718290 -0.441276 22.973053 200.000000 22.973053 0.031062 12.424671 0.125333 1.397431 200.000000 1.397431 0.000569 0.227697 0.992115 0.172150 200.000000 0.172150
 6.200000 -0.645969 -0.763364 0.995787 0.091694 -2.439301 1.478973 -0.763364 -0.645969 0.091694 0.995787 9.190428 3676.171000 -0.460207 -6.222220 200.000000 -6.222220 5.411521 2164.608268 -0.413342 24.528038 200.000000 24.528038 0.113160 45.264127 0.125333 1.397431 200.000000 1.397431 0.001349 0.539501 0.992115 0.172150 200.000000 0.172150
 6.400000 -0.637435 -0.770504 0.995003 0.099848 -2.450427 1.470782 -0.770504 -0.637435 0.099848 0.995003 8.343235 3337.293940 -0.481657 -7.360283 200.000000 -7.360283 6.351777 2540.710622 -0.385408 26.054448 200.000000 26.054448 0.064950 25.979803 0.125333 1.397431 200.000000 1.397431 0.000834 0.333621 0.992115 0.172150 200.000000 0.172150
 6.600000 -0.571259 -0.820770 0.976473 0.215639 -2.533554 1.353450 -0.820770 -0.571259 0.215639 0.976473 10.090945 4036.378068 -0.503108 -8.666911 200.000000 -8.666911 4.570372 1828.148774 -0.357474 27.333689 200.000000 27.333689 0.815513 326.205384 0.125333 1.397431 200.000000 1.397431 0.024466 9.786324 0.992115 0.172150 200.000000 0.172150
 6.800000 -0.592601 -0.805496 0.983305 0.181966 -2.507309 1.387811 -0.805496 -0.592601 0.181966 0.983305 7.892628 3157.051001 -0.524558 -9.891395 200.000000 -9.891395 6.920070 2768.028057 -0.329540 28.753999 200.000000 28.753999 0.320729 128.291620 0.125333 1.397431 200.000000 1.397431 0.007761 3.104582 0.992115 0.172150 200.000000 0.172150
 7.000000 -0.490476 -0.871455 0.977906 0.209046 -2.628957 1.360197 -0.871455 -0.490476 0.209046 0.977906 10.591529 4236.611686 -0.546009 -11.235556 200.000000 -11.235556 3.567148 1426.859395 -0.301607 29.932378 200.000000 29.932378 0.700785 280.313842 0.125333 1.397431 200.000000 1.397431 0.020189 8.075733 0.992115 0.172150 200.000000 0.172150
 7.200000 -0.373611 -0.927586 0.999644 -0.026668 -2.758694 1.597468 -0.927586 -0.373611 -0.026668 0.999644 12.969112 5187.644688 -0.567459 -12.615300 200.000000 -12.615300 0.998756 399.502525 -0.273673 30.982384 200.000000 30.982384 2.310447 924.178849 0.125333 1.397431 200.000000 1.397431 0.005670 2.267817 0.992115 0.172150 200.000000 0.172150
 7.400000 -0.369284 -0.929317 0.989654 0.143478 -2.763355 1.426822 -0.929317 -0.369284 0.143478 0.989654 11.587703 4635.081045 -0.588910 -13.953281 200.000000 -13.953281 1.526328 610.531233 -0.245739 32.050512 200.000000 32.050512 0.032922 13.168603 0.125333 1.397431 200.000000 1.397431 0.000606 0.242285 0.992115 0.172150 200.000000 0.172150
 7.600000 -0.455908 -0.890027 0.993071 0.117518 -2.668201 1.453006 -0.890027 -0.455908 0.117518 0.993071 7.821362 3128.544782 -0.610360 -15.317291 200.000000 -15.317291 5.669283 2267.713300 -0.217805 32.962465 200.000000 32.962465 0.006107 2.442918 0.125333 1.397431 200.000000 1.397431 0.000091 0.036559 0.992115 0.172150 200.000000 0.172150
 7.800000 -0.328974 -0.944339 0.989913 0.141676 -2.806376 1.428642 -0.944339 -0.328974 0.141676 0.989913 9.767402 3906.960730 -0.631811 -16.660843 200.000000 -16.660843 1.934955 773.982067 -0.189871 33.776565 200.000000 33.776565 0.026708 10.683181 0.125333 1.397431 200.000000 1.397431 0.000485 0.193880 0.992115 0.172150 200.000000 0.172150
 8.000000 -0.282639 -0.959226 0.999854 0.017080 -2.855049 1.553715 -0.959226 -0.282639 0.017080 0.999854 9.361484 3744.593463 -0.653261 -17.971816 200.000000 -17.971816 1.456877 582.750768 -0.161937 34.535105 200.000000 34.535105 1.171874 468.749519 0.125333 1.397431 200.000000 1.397431 0.005990 2.395947 0.992115 0.172150 200.000000 0.172150
 8.200000 -0.254864 -0.966977 0.993468 0.114109 -2.883885 1.456439 -0.966977 -0.254864 0.114109 0.993468 8.541903 3416.761000 -0.674712 -19.208091 200.000000 -19.208091 1.460727 584.290787 -0.134004 35.375034 200.000000 35.375034 0.012599 5.039772 0.125333 1.397431 200.000000 1.397431 0.000183 0.073288 0.992115 0.172150 200.000000 0.172150
 8.400000 -0.308558 -0.951205 0.997656 0.068432 -2.827915 1.502311 -0.951205 -0.308558 0.068432 0.997656 6.504712 2601.884821 -0.696162 -20.434982 200.000000 -20.434982 4.100165 1640.066130 -0.106070 35.975400 200.000000 35.975400 0.323775 129.509829 0.125333 1.397431 200.000000 1.397431 0.003070 1.228142 0.992115 0.172150 200.000000 0.172150
 8.600000 -0.167224 -0.985919 0.989200 0.146569 -2.973579 1.423697 -0.985919 -0.167224 0.146569 0.989200 7.198836 2879.534286 -0.717612 -21.605865 200.000000 -21.605865 0.793665 317.465848 -0.078136 36.540984 200.000000 36.540984 0.045097 18.038609 0.125333 1.397431 200.000000 1.397431 0.000849 0.339721 0.992115 0.172150 200.000000 0.172150
 8.800000 -0.172127 -0.985075 0.997745 0.067116 -2.968604 1.503630 -0.985075 -0.172127 0.067116 0.997745 6.052177 2420.870722 -0.739063 -22.697298 200.000000 -22.697298 1.486576 594.630377 -0.050202 37.109904 200.000000 37.109904 0.338929 135.571592 0.125333 1.397431 200.000000 1.397431 0.003170 1.268103 0.992115 0.172150 200.000000 0.172150
 9.000000 -0.095962 -0.995385 0.998834 0.048274 -3.045483 1.522503 -0.995385 -0.095962 0.048274 0.998834 5.516463 2206.585079 -0.760513 -23.726403 200.000000 -23.726403 0.543079 217.231768 -0.022268 37.612774 200.000000 37.612774 0.593809 237.523507 0.125333 1.397431 200.000000 1.397431 0.004515 1.806023 0.992115 0.172150 200.000000 0.172150
 9.200000 -0.122471 -0.992472 0.995170 0.098166 -3.018813 1.472472 -0.992472 -0.122471 0.098166 0.995170 4.431366 1772.546554 -0.781964 -24.690671 200.000000 -24.690671 1.641904 656.761705 0.005666 37.971077 200.000000 37.971077 0.073808 29.523072 0.125333 1.397431 200.000000 1.397431 0.000934 0.373415 0.992115 0.172150 200.000000 0.172150
 9.400000 -0.144515 -0.989503 0.992413 0.122946 -2.996569 1.447538 -0.989503 -0.144515 0.122946 0.992413 3.462879 1385.151495 -0.803414 -25.561476 200.000000 -25.561476 3.172487 1268.994880 0.033599 38.432694 200.000000 38.432694 0.000570 0.227944 0.125333 1.397431 200.000000 1.397431 0.000009 0.003568 0.992115 0.172150 200.000000 0.172150
 9.600000 -0.058486 -0.998288 0.993061 0.117603 -3.083073 1.452921 -0.998288 -0.058486 0.117603 0.993061 3.007565 1203.025866 -0.824865 -26.348482 200.000000 -26.348482 1.440459 576.183553 0.061533 38.788630 200.000000 38.788630 0.005976 2.390330 0.125333 1.397431 200.000000 1.397431 0.000089 0.035797 0.992115 0.172150 200.000000 0.172150
 9.800000 0.045134 -0.998981 0.999772 -0.021376 3.096443 1.592174 -0.998981 0.045134 -0.021376 0.999772 2.330676 932.270452 -0.846315 -27.047129 200.000000 -27.047129 0.196538 78.615182 0.089467 39.163877 200.000000 39.163877 2.152350 860.939986 0.125333 1.397431 200.000000 1.397431 0.005863 2.345071 0.992115 0.172150 200.000000 0.172150
 10.000000 0.219919 -0.975518 0.994863 0.101231 2.919861 1.469392 -0.975518 0.219919 0.101231 0.994863 1.161055 464.422149 -0.867766 -27.646521 200.000000 -27.646521 1.050994 420.397652 0.117401 39.514411 200.000000 39.514411 0.058091 23.236547 0.125333 1.397431 200.000000 1.397431 0.000755 0.302112 0.992115 0.172150 200.000000 0.172150
 10.200000 0.129167 -0.991623 0.998107 0.061509 3.012064 1.509249 -0.991623 0.129167 0.061509 0.998107 1.048709 419.483610 -0.889216 -28.146584 200.000000 -28.146584 0.026140 10.455881 0.145335 39.899426 200.000000 39.899426 0.407359 162.943472 0.125333 1.397431 200.000000 1.397431 0.003590 1.436092 0.992115 0.172150 200.000000 0.172150
 10.400000 0.094123 -0.995561 0.999741 0.022760 3.047330 1.548034 -0.995561 0.094123 0.022760 0.999741 0.720694 288.277671 -0.910667 -28.545161 200.000000 -28.545161 0.626399 250.559716 0.173269 40.209603 200.000000 40.209603 1.052118 420.847033 0.125333 1.397431 200.000000 1.397431 0.005816 2.326385 0.992115 0.172150 200.000000 0.172150
 10.600000 0.118773 -0.992921 0.982571 0.185887 3.022538 1.383822 -0.992921 0.118773 0.185887 0.982571 0.369713 147.885299 -0.932117 -28.853376 200.000000 -28.853376 0.679454 271.781484 0.201202 40.663203 200.000000 40.663203 0.366673 146.669167 0.125333 1.397431 200.000000 1.397431 0.009108 3.643156 0.992115 0.172150 200.000000 0.172150
 10.800000 0.137457 -0.990508 0.993329 0.115313 3.003699 1.455226 -0.990508 0.137457 0.115313 0.993329 0.136455 54.582184 -0.953568 -29.038528 200.000000 -29.038528 0.840503 336.201225 0.229136 40.983438 200.000000 40.983438 0.010040 4.015871 0.125333 1.397431 200.000000 1.397431 0.000147 0.058996 0.992115 0.172150 200.000000 0.172150
 11.000000 0.088825 -0.996047 0.996189 0.087221 3.052651 1.483464 -0.996047 0.088825 0.087221 0.996189 0.075428 30.171084 -0.968583 -29.114775 200.000000 -29.114775 2.555685 1022.274024 0.248690 41.304337 200.000000 41.304337 0.145253 58.101071 0.125333 1.397431 200.000000 1.397431 0.001660 0.663986 0.992115 0.172150 200.000000 0.172150
 11.200000 0.159815 -0.987147 0.980374 0.197148 2.981089 1.372349 -0.987147 0.159815 0.197148 0.980374 0.034461 13.784598 -0.968583 -29.114775 200.000000 -29.114775 0.789873 315.949189 0.248690 41.304337 200.000000 41.304337 0.515732 206.292640 0.125333 1.397431 200.000000 1.397431 0.013785 5.513950 0.992115 0.172150 200.000000 0.172150
 11.400000 0.169965 -0.985450 0.997980 0.063534 2.970798 1.507219 -0.985450 0.169965 0.063534 0.997980 0.028449 11.379680 -0.968583 -29.114775 200.000000 -29.114775 0.619756 247.902558 0.248690 41.304337 200.000000 41.304337 0.381911 152.764461 0.125333 1.397431 200.000000 1.397431 0.003440 1.375908 0.992115 0.172150 200.000000 0.172150
 11.600000 0.184067 -0.982914 0.997439 0.071517 2.956471 1.499218 -0.982914 0.184067 0.071517 0.997439 0.020537 8.214669 -0.968583 -29.114775 200.000000 -29.114775 0.417618 167.047028 0.248690 41.304337 200.000000 41.304337 0.289621 115.848548 0.125333 1.397431 200.000000 1.397431 0.002835 1.134096 0.992115 0.172150 200.000000 0.172150
 11.800000 0.086543 -0.996248 0.994809 0.101764 3.054941 1.468856 -0.996248 0.086543 0.101764 0.994809 0.076535 30.613966 -0.968583 -29.114775 200.000000 -29.114775 2.629157 1051.662919 0.248690 41.304337 200.000000 41.304337 0.055553 22.221279 0.125333 1.397431 200.000000 1.397431 0.000726 0.290288 0.992115 0.172150 200.000000 0.172150
 12.000000 0.115241 -0.993338 0.997026 0.077069 3.026096 1.493651 -0.993338 0.115241 0.077069 0.997026 0.061278 24.511320 -0.968583 -29.114775 200.000000 -29.114775 1.780873 712.349130 0.248690 41.304337 200.000000 41.304337 0.232946 93.178413 0.125333 1.397431 200.000000 1.397431 0.002412 0.964748 0.992115 0.172150 200.000000 0.172150
 12.200000 0.124851 -0.992176 0.999988 0.004919 3.016415 1.565877 -0.992176 0.124851 0.004919 0.999988 0.055660 22.263974 -0.968583 -29.114775 200.000000 -29.114775 1.533610 613.444114 0.248690 41.304337 200.000000 41.304337 1.449958 579.983009 0.125333 1.397431 200.000000 1.397431 0.006199 2.479491 0.992115 0.172150 200.000000 0.172150
 12.400000 0.261559 -0.965187 0.997678 0.068111 2.876955 1.502633 -0.965187 0.261559 0.068111 0.997678 0.001153 0.461254 -0.968583 -29.114775 200.000000 -29.114775 0.016562 6.624991 0.248690 41.304337 200.000000 41.304337 0.327440 130.976194 0.125333 1.397431 200.000000 1.397431 0.003095 1.237906 0.992115 0.172150 200.000000 0.172150
 12.600000 0.227213 -0.973845 0.996909 0.078571 2.912378 1.492145 -0.973845 0.227213 0.078571 0.996909 0.002769 1.107521 -0.968583 -29.114775 200.000000 -29.114775 0.046126 18.450386 0.248690 41.304337 200.000000 41.304337 0.218673 87.469341 0.125333 1.397431 200.000000 1.397431 0.002298 0.919237 0.992115 0.172150 200.000000 0.172150
 12.800000 0.180201 -0.983630 0.996109 0.088127 2.960402 1.482554 -0.983630 0.180201 0.088127 0.996109 0.022640 9.056104 -0.968583 -29.114775 200.000000 -29.114775 0.469075 187.630117 0.248690 41.304337 200.000000 41.304337 0.138427 55.370686 0.125333 1.397431 200.000000 1.397431 0.001596 0.638242 0.992115 0.172150 200.000000 0.172150
 13.000000 0.107423 -0.994213 0.994717 0.102656 3.033962 1.467959 -0.994213 0.107423 0.102656 0.994717 0.065691 26.276426 -0.968583 -29.114775 200.000000 -29.114775 1.995639 798.255674 0.248690 41.304337 200.000000 41.304337 0.051426 20.570276 0.125333 1.397431 200.000000 1.397431 0.000677 0.270861 0.992115 0.172150 200.000000 0.172150
 13.200000 0.095938 -0.995387 0.984750 0.173974 3.045507 1.395932 -0.995387 0.095938 0.173974 0.984750 0.071846 28.738509 -0.968583 -29.114775 200.000000 -29.114775 2.333315 933.326101 0.248690 41.304337 200.000000 41.304337 0.236594 94.637489 0.125333 1.397431 200.000000 1.397431 0.005424 2.169422 0.992115 0.172150 200.000000 0.172150
 13.400000 0.158400 -0.987375 0.991248 0.132016 2.982522 1.438394 -0.987375 0.158400 0.132016 0.991248 0.035313 14.125254 -0.968583 -29.114775 200.000000 -29.114775 0.815218 326.087187 0.248690 41.304337 200.000000 41.304337 0.004466 1.786248 0.125333 1.397431 200.000000 1.397431 0.000075 0.030073 0.992115 0.172150 200.000000 0.172150
 13.600000 0.090713 -0.995877 0.994372 0.105949 3.050755 1.464649 -0.995877 0.090713 0.105949 0.994372 0.074496 29.798290 -0.968583 -29.114775 200.000000 -29.114775 2.495666 998.266402 0.248690 41.304337 200.000000 41.304337 0.037577 15.030627 0.125333 1.397431 200.000000 1.397431 0.000509 0.203746 0.992115 0.172150 200.000000 0.172150
 13.800000 0.159860 -0.987140 0.994208 0.107469 2.981044 1.463119 -0.987140 0.159860 0.107469 0.994208 0.034434 13.773793 -0.968583 -29.114775 200.000000 -29.114775 0.789074 315.629743 0.248690 41.304337 200.000000 41.304337 0.031913 12.765059 0.125333 1.397431 200.000000 1.397431 0.000438 0.175347 0.992115 0.172150 200.000000 0.172150
 14.000000 0.273639 -0.961833 0.999326 0.036717 2.864419 1.534072 -0.961833 0.273639 0.036717 0.999326 0.004557 1.822799 -0.968583 -29.114775 200.000000 -29.114775 0.062243 24.897352 0.248690 41.304337 200.000000 41.304337 0.785292 314.116898 0.125333 1.397431 200.000000 1.397431 0.005200 2.079952 0.992115 0.172150 200.000000 0.172150
 14.200000 0.156314 -0.987707 0.996394 0.084848 2.984635 1.485846 -0.987707 0.156314 0.084848 0.996394 0.036573 14.629399 -0.968583 -29.114775 200.000000 -29.114775 0.853324 341.329712 0.248690 41.304337 200.000000 41.304337 0.163907 65.562919 0.125333 1.397431 200.000000 1.397431 0.001831 0.732471 0.992115 0.172150 200.000000 0.172150
 14.400000 0.122844 -0.992426 0.995952 0.089892 3.018437 1.480783 -0.992426 0.122844 0.089892 0.995952 0.056848 22.739147 -0.968583 -29.114775 200.000000 -29.114775 1.583710 633.484169 0.248690 41.304337 200.000000 41.304337 0.125609 50.243719 0.125333 1.397431 200.000000 1.397431 0.001472 0.588851 0.992115 0.172150 200.000000 0.172150
 14.600000 0.108527 -0.994093 0.998498 0.054787 3.032851 1.515982 -0.994093 0.108527 0.054787 0.998498 0.065078 26.031027 -0.968583 -29.114775 200.000000 -29.114775 1.964554 785.821740 0.248690 41.304337 200.000000 41.304337 0.497675 199.070009 0.125333 1.397431 200.000000 1.397431 0.004075 1.629889 0.992115 0.172150 200.000000 0.172150
 14.800000 0.143204 -0.989693 0.995224 0.097615 2.997895 1.473025 -0.989693 0.143204 0.097615 0.995224 0.044564 17.825452 -0.968583 -29.114775 200.000000 -29.114775 1.112737 445.094875 0.248690 41.304337 200.000000 41.304337 0.076828 30.731378 0.125333 1.397431 200.000000 1.397431 0.000967 0.386765 0.992115 0.172150 200.000000 0.172150
 15.000000 0.158014 -0.987437 0.993447 0.114292 2.982913 1.456254 -0.987437 0.158014 0.114292 0.993447 0.035546 14.218381 -0.968583 -29.114775 200.000000 -29.114775 0.822203 328.881183 0.248690 41.304337 200.000000 41.304337 0.012191 4.876361 0.125333 1.397431 200.000000 1.397431 0.000178 0.071022 0.992115 0.172150 200.000000 0.172150
 15.200000 0.217256 -0.976115 0.990080 0.140508 2.922590 1.429822 -0.976115 0.217256 0.140508 0.990080 0.005672 2.268902 -0.968583 -29.114775 200.000000 -29.114775 0.098807 39.522864 0.248690 41.304337 200.000000 41.304337 0.023028 9.211228 0.125333 1.397431 200.000000 1.397431 0.000414 0.165680 0.992115 0.172150 200.000000 0.172150
 15.400000 0.174095 -0.984729 0.997522 0.070350 2.966606 1.500388 -0.984729 0.174095 0.070350 0.997522 0.026068 10.427336 -0.968583 -29.114775 200.000000 -29.114775 0.556439 222.575638 0.248690 41.304337 200.000000 41.304337 0.302315 120.925954 0.125333 1.397431 200.000000 1.397431 0.002924 1.169713 0.992115 0.172150 200.000000 0.172150
 15.600000 0.208138 -0.978099 0.997518 0.070408 2.931921 1.500330 -0.978099 0.208138 0.070408 0.997518 0.009056 3.622355 -0.968583 -29.114775 200.000000 -29.114775 0.164443 65.777213 0.248690 41.304337 200.000000 41.304337 0.301682 120.672802 0.125333 1.397431 200.000000 1.397431 0.002920 1.167956 0.992115 0.172150 200.000000 0.172150
 15.800000 0.235390 -0.971901 0.996426 0.084476 2.903973 1.486219 -0.971901 0.235390 0.084476 0.996426 0.001101 0.440305 -0.968583 -29.114775 200.000000 -29.114775 0.017688 7.075205 0.248690 41.304337 200.000000 41.304337 0.166931 66.772404 0.125333 1.397431 200.000000 1.397431 0.001858 0.743323 0.992115 0.172150 200.000000 0.172150
 16.000000 0.227021 -0.973890 0.998061 0.062241 2.912575 1.508515 -0.973890 0.227021 0.062241 0.998061 0.002816 1.126427 -0.968583 -29.114775 200.000000 -29.114775 0.046953 18.781338 0.248690 41.304337 200.000000 41.304337 0.398059 159.223770 0.125333 1.397431 200.000000 1.397431 0.003536 1.414401 0.992115 0.172150 200.000000 0.172150
 16.200000 0.155798 -0.987789 0.999044 0.043717 2.985157 1.527065 -0.987789 0.155798 0.043717 0.999044 0.036886 14.754424 -0.968583 -29.114775 200.000000 -29.114775 0.862887 345.154629 0.248690 41.304337 200.000000 41.304337 0.666119 266.447614 0.125333 1.397431 200.000000 1.397431 0.004801 1.920579 0.992115 0.172150 200.000000 0.172150
 16.400000 0.146297 -0.989241 0.999983 -0.005762 2.994769 1.576558 -0.989241 0.146297 -0.005762 0.999983 0.042674 17.069430 -0.968583 -29.114775 200.000000 -29.114775 1.048435 419.373902 0.248690 41.304337 200.000000 41.304337 1.718594 687.437498 0.125333 1.397431 200.000000 1.397431 0.006192 2.476657 0.992115 0.172150 200.000000 0.172150
 16.600000 0.120505 -0.992713 0.998317 0.057985 3.020794 1.512779 -0.992713 0.120505 0.057985 0.998317 0.058223 23.289376 -0.968583 -29.114775 200.000000 -29.114775 1.643131 657.252472 0.248690 41.304337 200.000000 41.304337 0.453578 181.431399 0.125333 1.397431 200.000000 1.397431 0.003847 1.538966 0.992115 0.172150 200.000000 0.172150
 16.800000 0.224278 -0.974525 0.980243 0.197797 2.915391 1.371686 -0.974525 0.224278 0.197797 0.980243 0.003531 1.412346 -0.968583 -29.114775 200.000000 -29.114775 0.059595 23.838133 0.248690 41.304337 200.000000 41.304337 0.525104 210.041644 0.125333 1.397431 200.000000 1.397431 0.014094 5.637546 0.992115 0.172150 200.000000 0.172150
 17.000000 0.182112 -0.983278 0.997550 0.069957 2.958459 1.500782 -0.983278 0.182112 0.069957 0.997550 0.021593 8.637333 -0.968583 -29.114775 200.000000 -29.114775 0.443264 177.305683 0.248690 41.304337 200.000000 41.304337 0.306656 122.662513 0.125333 1.397431 200.000000 1.397431 0.002954 1.181712 0.992115 0.172150 200.000000 0.172150
 17.200000 0.190625 -0.981663 0.986728 0.162382 2.949794 1.407692 -0.981663 0.190625 0.162382 0.986728 0.017108 6.843160 -0.968583 -29.114775 200.000000 -29.114775 0.337150 134.859985 0.248690 41.304337 200.000000 41.304337 0.137259 54.903726 0.125333 1.397431 200.000000 1.397431 0.002902 1.160658 0.992115 0.172150 200.000000 0.172150
 17.400000 0.166938 -0.985967 0.986413 0.164283 2.973869 1.405765 -0.985967 0.166938 0.164283 0.986413 0.030221 12.088348 -0.968583 -29.114775 200.000000 -29.114775 0.668329 267.331639 0.248690 41.304337 200.000000 41.304337 0.151708 60.683314 0.125333 1.397431 200.000000 1.397431 0.003251 1.300261 0.992115 0.172150 200.000000 0.172150
 17.600000 0.065218 -0.997871 0.995614 0.093561 3.076328 1.477098 -0.997871 0.065218 0.093561 0.995614 0.085778 34.311207 -0.968583 -29.114775 200.000000 -29.114775 3.366196 1346.478557 0.248690 41.304337 200.000000 41.304337 0.100948 40.379383 0.125333 1.397431 200.000000 1.397431 0.001224 0.489681 0.992115 0.172150 200.000000 0.172150
 17.800000 0.129641 -0.991561 0.979887 0.199553 3.011586 1.369895 -0.991561 0.129641 0.199553 0.979887 0.052798 21.119236 -0.968583 -29.114775 200.000000 -29.114775 1.417264 566.905431 0.248690 41.304337 200.000000 41.304337 0.550858 220.343282 0.125333 1.397431 200.000000 1.397431 0.014952 5.980645 0.992115 0.172150 200.000000 0.172150
 18.000000 0.123180 -0.992384 0.994190 0.107637 3.018099 1.462950 -0.992384 0.123180 0.107637 0.994190 0.056650 22.659936 -0.968583 -29.114775 200.000000 -29.114775 1.575282 630.112751 0.248690 41.304337 200.000000 41.304337 0.031314 12.525762 0.125333 1.397431 200.000000 1.397431 0.000431 0.172312 0.992115 0.172150 200.000000 0.172150
 18.200000 0.104958 -0.994477 0.999046 0.043678 3.036441 1.527105 -0.994477 0.104958 0.043678 0.999046 0.067048 26.819011 -0.968583 -29.114775 200.000000 -29.114775 2.065897 826.358875 0.248690 41.304337 200.000000 41.304337 0.666766 266.706339 0.125333 1.397431 200.000000 1.397431 0.004804 1.921540 0.992115 0.172150 200.000000 0.172150
 18.400000 0.130211 -0.991486 0.996782 0.080163 3.011011 1.490547 -0.991486 0.130211 0.080163 0.996782 0.052455 20.982087 -0.968583 -29.114775 200.000000 -29.114775 1.403717 561.486882 0.248690 41.304337 200.000000 41.304337 0.204035 81.614158 0.125333 1.397431 200.000000 1.397431 0.002178 0.871262 0.992115 0.172150 200.000000 0.172150
 18.600000 0.224476 -0.974480 0.999110 0.042170 2.915187 1.528613 -0.974480 0.224476 0.042170 0.999110 0.003477 1.390701 -0.968583 -29.114775 200.000000 -29.114775 0.058630 23.452007 0.248690 41.304337 200.000000 41.304337 0.691607 276.642704 0.125333 1.397431 200.000000 1.397431 0.004894 1.957612 0.992115 0.172150 200.000000 0.172150
 18.800000 0.181317 -0.983425 0.996251 0.086507 2.959267 1.484181 -0.983425 0.181317 0.086507 0.996251 0.022027 8.810785 -0.968583 -29.114775 200.000000 -29.114775 0.453906 181.562526 0.248690 41.304337 200.000000 41.304337 0.150748 60.299067 0.125333 1.397431 200.000000 1.397431 0.001711 0.684439 0.992115 0.172150 200.000000 0.172150
 19.000000 0.176215 -0.984352 0.988508 0.151167 2.964453 1.419048 -0.984352 0.176215 0.151167 0.988508 0.024865 9.945873 -0.968583 -29.114775 200.000000 -29.114775 0.525261 210.104293 0.248690 41.304337 200.000000 41.304337 0.066738 26.695374 0.125333 1.397431 200.000000 1.397431 0.001301 0.520264 0.992115 0.172150 200.000000 0.172150
 19.200000 0.145088 -0.989419 0.999818 0.019064 2.995991 1.551732 -0.989419 0.145088 0.019064 0.999818 0.043412 17.364854 -0.968583 -29.114775 200.000000 -29.114775 1.073333 429.333211 0.248690 41.304337 200.000000 41.304337 1.129325 451.729883 0.125333 1.397431 200.000000 1.397431 0.005935 2.373801 0.992115 0.172150 200.000000 0.172150
 19.400000 0.157514 -0.987517 0.984692 0.174302 2.983420 1.395600 -0.987517 0.157514 0.174302 0.984692 0.035848 14.339155 -0.968583 -29.114775 200.000000 -29.114775 0.831298 332.519199 0.248690 41.304337 200.000000 41.304337 0.239791 95.916262 0.125333 1.397431 200.000000 1.397431 0.005509 2.203680 0.992115 0.172150 200.000000 0.172150
 19.600000 0.163207 -0.986592 0.983274 0.182132 2.977652 1.387642 -0.986592 0.163207 0.182132 0.983274 0.032431 12.972530 -0.968583 -29.114775 200.000000 -29.114775 0.730734 292.293462 0.248690 41.304337 200.000000 41.304337 0.322614 129.045655 0.125333 1.397431 200.000000 1.397431 0.007816 3.126305 0.992115 0.172150 200.000000 0.172150
 19.800000 0.178702 -0.983903 0.994249 0.107090 2.961926 1.463501 -0.983903 0.178702 0.107090 0.994249 0.023471 9.388228 -0.968583 -29.114775 200.000000 -29.114775 0.489832 195.932903 0.248690 41.304337 200.000000 41.304337 0.033281 13.312547 0.125333 1.397431 200.000000 1.397431 0.000456 0.182265 0.992115 0.172150 200.000000 0.172150
 20.000000 0.137379 -0.990519 0.974049 0.226338 3.003778 1.342480 -0.990519 0.137379 0.226338 0.974049 0.048116 19.246513 -0.968583 -29.114775 200.000000 -29.114775 1.239016 495.606407 0.248690 41.304337 200.000000 41.304337 1.020195 408.078001 0.125333 1.397431 200.000000 1.397431 0.032638 13.055017 0.992115 0.172150 200.000000 0.172150
