#! FIELDS time sin_phi cos_phi sin_psi cos_psi phi psi cos_phi sin_phi cos_psi sin_psi restraint_phi_cos.bias restraint_phi_cos.force2 restraint_phi_cos.cos_phi_cntr restraint_phi_cos.cos_phi_work restraint_phi_cos.cos_phi_kappa restraint_phi_cos.work restraint_phi_sin.bias restraint_phi_sin.force2 restraint_phi_sin.sin_phi_cntr restraint_phi_sin.sin_phi_work restraint_phi_sin.sin_phi_kappa restraint_phi_sin.work restraint_psi_cos.bias restraint_psi_cos.force2 restraint_psi_cos.cos_psi_cntr restraint_psi_cos.cos_psi_work restraint_psi_cos.cos_psi_kappa restraint_psi_cos.work restraint_psi_sin.bias restraint_psi_sin.force2 restraint_psi_sin.sin_psi_cntr restraint_psi_sin.sin_psi_work restraint_psi_sin.sin_psi_kappa restraint_psi_sin.work
#! SET min_phi -pi
#! SET max_phi pi
#! SET min_psi -pi
#! SET max_psi pi
 0.000000 -0.999983 -0.005782 0.966116 0.258110 -1.576579 1.309731 -0.005782 -0.999983 0.258110 0.966116 0.000000 0.000000 -0.009747 0.000000 0.000000 0.000000 0.000000 0.000000 -0.999953 0.000000 0.000000 0.000000 0.000000 0.000000 0.256142 0.000000 0.000000 0.000000 0.000000 0.000000 0.966639 0.000000 0.000000 0.000000
 0.200000 -1.000000 -0.000266 0.834655 0.550773 -1.571062 0.987506 -0.000266 -1.000000 0.550773 0.834655 0.000899 0.035954 -0.009747 0.429322 20.000000 0.429322 0.000000 0.000001 -0.999953 0.008204 20.000000 0.008204 0.868072 34.722866 0.256142 0.437494 20.000000 0.437494 0.174198 6.967905 0.966639 0.079186 20.000000 0.079186
 0.400000 -0.998238 0.059333 0.982968 0.183778 -1.511428 1.385968 0.059333 -0.998238 0.183778 0.982968 0.095441 7.635246 -0.009747 0.576151 40.000000 0.576151 0.000059 0.004702 -0.999953 0.009175 40.000000 0.009175 0.104733 8.378618 0.256142 0.652620 40.000000 0.652620 0.005333 0.426605 0.966639 0.103852 40.000000 0.103852
 0.600000 -0.997905 0.064690 0.969721 0.244216 -1.506061 1.324085 0.064690 -0.997905 0.244216 0.969721 0.166224 19.946879 -0.009747 0.652738 60.000000 0.652738 0.000126 0.015086 -0.999953 0.009549 60.000000 0.009549 0.004267 0.512080 0.256142 0.812949 60.000000 0.812949 0.000285 0.034192 0.966639 0.126978 60.000000 0.126978
 0.800000 -0.999998 0.001894 0.948099 0.317975 -1.568902 1.247203 0.001894 -0.999998 0.317975 0.948099 0.005420 0.867200 -0.009747 0.745440 80.000000 0.745440 0.000000 0.000013 -0.999953 0.009931 80.000000 0.009931 0.152931 24.469032 0.256142 0.870396 80.000000 0.870396 0.013749 2.199883 0.966639 0.131256 80.000000 0.131256
 1.000000 -0.997905 -0.064690 0.983714 0.179740 -1.635531 1.390074 -0.064690 -0.997905 0.179740 0.983714 0.150938 30.187619 -0.009747 0.830208 100.000000 0.830208 0.000210 0.041905 -0.999953 0.010215 100.000000 0.010215 0.291867 58.373466 0.256142 0.906296 100.000000 0.906296 0.014578 2.915595 0.966639 0.133900 100.000000 0.133900
 1.200000 -0.998628 0.052357 0.985226 0.171262 -1.518415 1.398686 0.052357 -0.998628 0.171262 0.985226 0.231412 55.538994 -0.009747 0.926095 120.000000 0.926095 0.000105 0.025246 -0.999953 0.010633 120.000000 0.010633 0.432282 103.747643 0.256142 0.992025 120.000000 0.992025 0.020727 4.974582 0.966639 0.141240 120.000000 0.141240
 1.400000 -0.999098 0.042471 0.979939 0.199299 -1.528313 1.370154 0.042471 -0.999098 0.199299 0.979939 0.190866 53.442499 -0.009747 0.960898 140.000000 0.960898 0.000051 0.014321 -0.999953 0.010712 140.000000 0.010712 0.226180 63.330420 0.256142 1.092945 140.000000 1.092945 0.012382 3.466844 0.966639 0.149518 140.000000 0.149518
 1.600000 -0.999952 0.009779 0.961528 0.274706 -1.561018 1.292512 0.009779 -0.999952 0.274706 0.961528 0.030498 9.759450 -0.009747 1.007093 160.000000 1.007093 0.000000 0.000000 -0.999953 0.010845 160.000000 0.010845 0.027570 8.822428 0.256142 1.162447 160.000000 1.162447 0.002090 0.668714 0.966639 0.156254 160.000000 0.156254
 1.800000 -0.999816 -0.019191 0.970209 0.242271 -1.589988 1.326090 -0.019191 -0.999816 0.242271 0.970209 0.008027 2.889774 -0.009747 1.051966 180.000000 1.051966 0.000002 0.000605 -0.999953 0.010933 180.000000 0.010933 0.017316 6.233938 0.256142 1.193883 180.000000 1.193883 0.001147 0.412811 0.966639 0.158912 180.000000 0.158912
 2.000000 -0.987451 0.157923 0.943128 0.332430 -1.412209 1.231917 0.157923 -0.987451 0.332430 0.943128 2.811311 1124.524500 -0.009747 1.081900 200.000000 1.081900 0.015628 6.251093 -0.999953 0.011013 200.000000 0.011013 0.581986 232.794469 0.256142 1.219741 200.000000 1.219741 0.055278 22.111200 0.966639 0.161373 200.000000 0.161373
 2.200000 -0.998009 0.063064 0.920667 0.390350 -1.507691 1.169785 0.063064 -0.998009 0.390350 0.920667 0.826934 330.773403 -0.027872 1.150673 200.000000 1.150673 0.164099 65.639495 -0.957500 0.167831 200.000000 0.167831 2.307082 922.832729 0.238459 1.271380 200.000000 1.271380 0.019686 7.874227 0.906636 0.469217 200.000000 0.469217
 2.400000 -0.999331 -0.036567 0.937798 0.347182 -1.607372 1.216232 -0.036567 -0.999331 0.347182 0.937798 0.008893 3.557284 -0.045998 1.260194 200.000000 1.260194 0.710361 284.144336 -0.915048 0.699098 200.000000 0.699098 1.597849 639.139539 0.220776 1.383478 200.000000 1.383478 0.831102 332.440665 0.846633 1.490336 200.000000 1.490336
 2.600000 -0.987589 -0.157063 0.884946 0.465694 -1.728512 1.086378 -0.157063 -0.987589 0.465694 0.884946 0.863779 345.511660 -0.064123 1.319897 200.000000 1.319897 1.322326 528.930259 -0.872596 1.573239 200.000000 1.573239 6.895961 2758.384320 0.203092 1.538680 200.000000 1.538680 0.966598 386.639298 0.786630 3.245162 200.000000 3.245162
 2.800000 -0.995609 -0.093615 0.962047 0.272882 -1.664548 1.294408 -0.093615 -0.995609 0.272882 0.962047 0.012918 5.167260 -0.082249 1.355834 200.000000 1.355834 2.737848 1095.139261 -0.830144 2.805663 200.000000 2.805663 0.765158 306.063306 0.185409 1.733058 200.000000 1.733058 5.542272 2216.908805 0.726627 5.741289 200.000000 5.741289
 3.000000 -0.994598 -0.103802 0.957946 0.286947 -1.674786 1.279758 -0.103802 -0.994598 0.286947 0.957946 0.001175 0.469957 -0.100374 1.452988 200.000000 1.452988 4.281010 1712.404005 -0.787692 4.400198 200.000000 4.400198 1.421370 568.548056 0.167726 2.015280 200.000000 2.015280 8.486872 3394.748867 0.666624 8.955758 200.000000 8.955758
 3.200000 -0.998428 -0.056045 0.986736 0.162332 -1.626871 1.407743 -0.056045 -0.998428 0.162332 0.986736 0.390055 156.022193 -0.118500 1.438925 200.000000 1.438925 6.410435 2564.173821 -0.745240 6.303916 200.000000 6.303916 0.015103 6.041280 0.150042 2.363038 200.000000 2.363038 14.448749 5779.499443 0.606621 12.879462 200.000000 12.879462
 3.400000 -0.996120 -0.088010 0.985747 0.168234 -1.658920 1.401758 -0.088010 -0.996120 0.168234 0.985747 0.236349 94.539785 -0.136625 1.371294 200.000000 1.371294 8.604359 3441.743468 -0.702788 8.542851 200.000000 8.542851 0.128705 51.481849 0.132359 2.767263 200.000000 2.767263 19.283417 7713.366885 0.546618 17.537700 200.000000 17.537700
 3.600000 -0.989815 -0.142360 0.975870 0.218352 -1.713641 1.350671 -0.142360 -0.989815 0.218352 0.975870 0.015355 6.141825 -0.154751 1.279838 200.000000 1.279838 10.855665 4342.265852 -0.660336 11.111781 200.000000 11.111781 1.074869 429.947725 0.114676 3.227993 200.000000 3.227993 23.937048 9574.819136 0.486615 22.901130 200.000000 22.901130
 3.800000 -0.964130 -0.265432 0.960247 0.279152 -1.839448 1.287885 -0.265432 -0.964130 0.279152 0.960247 0.856648 342.659037 -0.172877 1.087566 200.000000 1.087566 11.988636 4795.454534 -0.617884 13.958456 200.000000 13.958456 3.318228 1327.291140 0.096992 3.617988 200.000000 3.617988 28.476595 11390.638048 0.426612 29.087917 200.000000 29.087917
 4.000000 -0.951322 -0.308200 0.982762 0.184876 -1.884096 1.384850 -0.308200 -0.951322 0.184876 0.982762 1.373529 549.411800 -0.191002 0.823379 200.000000 0.823379 14.129347 5651.738624 -0.575431 17.095495 200.000000 17.095495 1.114448 445.779396 0.079309 4.079040 200.000000 4.079040 37.964404 15185.761447 0.366609 36.022716 200.000000 36.022716
 4.200000 -0.957263 -0.289220 0.990179 0.139807 -1.864208 1.430530 -0.289220 -0.957263 0.139807 0.990179 0.641473 256.589315 -0.209128 0.511846 200.000000 0.511846 18.001643 7200.657141 -0.532979 20.507613 200.000000 20.507613 0.611226 244.490558 0.061626 4.627224 200.000000 4.627224 46.727157 18690.862854 0.306606 43.654571 200.000000 43.654571
 4.400000 -0.915425 -0.402488 0.970952 0.239275 -1.985030 1.329178 -0.402488 -0.915425 0.239275 0.970952 3.070740 1228.295979 -0.227253 -0.080351 200.000000 -0.080351 18.053817 7221.526851 -0.490527 23.991728 200.000000 23.991728 3.815474 1526.189431 0.043942 5.140477 200.000000 5.140477 52.468108 20987.243149 0.246603 52.087924 200.000000 52.087924
 4.600000 -0.938754 -0.344588 0.982067 0.188530 -1.922596 1.381131 -0.344588 -0.938754 0.188530 0.982067 0.984242 393.696868 -0.245379 -0.650213 200.000000 -0.650213 24.076589 9630.635427 -0.448075 27.791456 200.000000 27.791456 2.633187 1053.274602 0.026259 5.578753 200.000000 5.578753 63.276814 25310.725607 0.186600 61.306180 200.000000 61.306180
 4.800000 -0.870631 -0.491936 0.999944 0.010604 -2.085108 1.560192 -0.491936 -0.870631 0.010604 0.999944 5.218100 2087.240031 -0.263504 -1.524698 200.000000 -1.524698 21.623281 8649.312500 -0.405623 31.509096 200.000000 31.509096 0.000411 0.164502 0.008576 5.867121 200.000000 5.867121 76.273426 30509.370272 0.126597 71.347414 200.000000 71.347414
 5.000000 -0.870208 -0.492685 0.990071 -0.140567 -2.085969 1.711830 -0.492685 -0.870208 -0.140567 0.990071 4.454440 1781.775872 -0.281630 -2.572735 200.000000 -2.572735 25.708617 10283.446820 -0.363171 35.248671 200.000000 35.248671 1.728150 691.260101 -0.009108 5.691488 200.000000 5.691488 85.280976 34112.390549 0.066594 82.123601 200.000000 82.123601
 5.200000 -0.691295 -0.722572 0.481312 -0.876550 -2.378313 2.639442 -0.722572 -0.691295 -0.876550 0.481312 17.877426 7150.970470 -0.299755 -3.821618 200.000000 -3.821618 13.732685 5493.073888 -0.320719 38.876553 200.000000 38.876553 72.208973 28883.589130 -0.026791 4.112125 200.000000 4.112125 22.535938 9014.375373 0.006591 91.842330 200.000000 91.842330
 5.400000 -0.491922 -0.870639 -0.611586 -0.791178 -2.627297 -2.483529 -0.870639 -0.491922 -0.791178 -0.611586 30.554172 12221.668781 -0.317881 -5.469023 200.000000 -5.469023 4.564860 1825.943807 -0.278267 41.743145 200.000000 41.743145 55.756663 22302.665297 -0.044474 1.044558 200.000000 1.044558 31.155819 12462.327427 -0.053412 89.957323 200.000000 89.957323
 5.600000 -0.567049 -0.823684 -0.716633 -0.697451 -2.538673 -2.342630 -0.823684 -0.567049 -0.697451 -0.716633 23.782910 9513.164135 -0.336007 -7.108525 200.000000 -7.108525 10.971649 4388.659753 -0.235815 44.772277 200.000000 44.772277 40.359722 16143.888891 -0.062158 -1.195156 200.000000 -1.195156 36.387200 14554.879896 -0.113415 82.254756 200.000000 82.254756
 5.800000 -0.560080 -0.828438 -0.902520 -0.430647 -2.547110 -2.016006 -0.828438 -0.560080 -0.430647 -0.902520 22.496633 8998.653347 -0.354132 -8.882470 200.000000 -8.882470 13.448203 5379.281299 -0.193362 47.584592 200.000000 47.584592 12.306481 4922.592492 -0.079841 -3.225028 200.000000 -3.225028 53.159079 21263.631514 -0.173418 74.899704 200.000000 74.899704
 6.000000 -0.401904 -0.915682 -0.866074 -0.499915 -2.727998 -2.094297 -0.915682 -0.401904 -0.499915 -0.866074 29.530988 11812.395319 -0.372258 -10.829775 200.000000 -10.829775 6.299772 2519.908902 -0.150910 49.783251 200.000000 49.783251 16.191846 6476.738305 -0.097524 -4.224382 200.000000 -4.224382 40.025056 16010.022457 -0.233421 66.284940 200.000000 66.284940
 6.200000 -0.434920 -0.900469 -0.945885 -0.324502 -2.691643 -1.901282 -0.900469 -0.434920 -0.324502 -0.945885 26.018757 10407.502993 -0.390383 -12.845148 200.000000 -12.845148 10.657731 4263.092298 -0.108458 51.529531 200.000000 51.529531 4.380415 1752.165810 -0.115208 -5.540628 200.000000 -5.540628 42.570569 17028.227597 -0.293424 58.987613 200.000000 58.987613
 6.400000 -0.137600 -0.990488 -0.921083 -0.389366 -3.003555 -1.970739 -0.990488 -0.137600 -0.389366 -0.921083 33.869975 13547.989954 -0.408509 -14.858757 200.000000 -14.858757 0.512562 205.024626 -0.066006 53.161898 200.000000 53.161898 6.577937 2631.174816 -0.132891 -6.235924 200.000000 -6.235924 32.223384 12889.353633 -0.353427 51.524854 200.000000 51.524854
 6.600000 -0.034708 -0.999398 -0.969099 -0.246672 -3.106878 -1.820041 -0.999398 -0.034708 -0.246672 -0.969099 32.805766 13122.306311 -0.426634 -16.882585 200.000000 -16.882585 0.012440 4.976027 -0.023554 54.511763 200.000000 54.511763 0.923481 369.392272 -0.150574 -7.218762 200.000000 -7.218762 30.876832 12350.732678 -0.413430 45.285816 200.000000 45.285816
 6.800000 -0.059195 -0.998246 -0.902658 -0.430358 -3.082363 -2.015686 -0.998246 -0.059195 -0.430358 -0.902658 30.634738 12253.895111 -0.444760 -18.896962 200.000000 -18.896962 0.609848 243.939220 0.018898 55.378428 200.000000 55.378428 6.869674 2747.869514 -0.168258 -7.854299 200.000000 -7.854299 18.423449 7369.379459 -0.473433 39.388610 200.000000 39.388610
 7.000000 -0.095196 -0.995459 -0.932667 -0.360739 -3.046252 -1.939856 -0.995459 -0.095196 -0.360739 -0.932667 28.363408 11345.363112 -0.462885 -20.868535 200.000000 -20.868535 2.450679 980.271777 0.061350 55.477757 200.000000 55.477757 3.055433 1222.173068 -0.185941 -8.432925 200.000000 -8.432925 15.938549 6375.419723 -0.533436 34.166594 200.000000 34.166594
 7.200000 0.026389 -0.999652 -0.920085 -0.391720 3.115201 -1.973296 -0.999652 0.026389 -0.391720 -0.920085 26.898823 10759.529136 -0.481011 -22.769239 200.000000 -22.769239 0.599285 239.714185 0.103802 55.947510 200.000000 55.947510 3.537989 1415.195787 -0.203624 -8.870514 200.000000 -8.870514 10.669753 4267.901374 -0.593439 29.581964 200.000000 29.581964
 7.400000 0.216854 -0.976204 -0.957271 -0.289192 2.923002 -1.864179 -0.976204 0.216854 -0.289192 -0.957271 22.759332 9103.732934 -0.499137 -24.554763 200.000000 -24.554763 0.498435 199.373856 0.146254 55.576807 200.000000 55.576807 0.460831 184.332384 -0.221308 -9.241059 200.000000 -9.241059 9.231229 3692.491585 -0.653442 25.739951 200.000000 25.739951
 7.600000 0.402421 -0.915455 -0.952580 -0.304290 2.727433 -1.879989 -0.915455 0.402421 -0.304290 -0.952580 15.855743 6342.297098 -0.517262 -26.249454 200.000000 -26.249454 4.567379 1826.951522 0.188706 55.423843 200.000000 55.423843 0.426394 170.557454 -0.238991 -9.676103 200.000000 -9.676103 5.718547 2287.418673 -0.713445 22.741680 200.000000 22.741680
 7.800000 0.297333 -0.954774 -0.945513 -0.325584 2.839694 -1.902426 -0.954774 0.297333 -0.325584 -0.945513 17.588464 7035.385715 -0.535388 -27.798734 200.000000 -27.798734 0.437911 175.164296 0.231159 54.740263 200.000000 54.740263 0.474861 189.944442 -0.256674 -9.929026 200.000000 -9.929026 2.960646 1184.258513 -0.773448 20.327463 200.000000 20.327463
 8.000000 0.321561 -0.946889 -0.968398 -0.249409 2.814215 -1.822867 -0.946889 0.321561 -0.249409 -0.968398 15.474435 6189.773850 -0.553513 -29.244894 200.000000 -29.244894 0.229925 91.969802 0.273611 54.114472 200.000000 54.114472 0.062241 24.896439 -0.274358 -10.116141 200.000000 -10.116141 1.821082 728.432659 -0.833451 18.618877 200.000000 18.618877
 8.200000 0.369894 -0.929074 -0.934453 -0.356086 2.762698 -1.934873 -0.929074 0.369894 -0.356086 -0.934453 12.776004 5110.401542 -0.571639 -30.516001 200.000000 -30.516001 0.289774 115.909786 0.316063 53.244108 200.000000 53.244108 0.410180 164.071896 -0.292041 -10.297029 200.000000 -10.297029 0.168095 67.238164 -0.893454 17.714701 200.000000 17.714701
 8.400000 0.458582 -0.888652 -0.948101 -0.317969 2.665194 -1.894383 -0.888652 0.458582 -0.317969 -0.948101 8.933386 3573.354273 -0.589764 -31.628388 200.000000 -31.628388 1.001344 400.537551 0.358515 52.250713 200.000000 52.250713 0.008014 3.205605 -0.309017 -10.292562 200.000000 -10.292562 0.000873 0.349385 -0.951057 17.385706 200.000000 17.385706
 8.600000 0.618806 -0.785544 -0.935182 -0.354168 2.474371 -1.932821 -0.785544 0.618806 -0.354168 -0.935182 3.156094 1262.437448 -0.607890 -32.616820 200.000000 -32.616820 4.745380 1898.151815 0.400967 51.362830 200.000000 51.362830 0.203864 81.545485 -0.309017 -10.292562 200.000000 -10.292562 0.025201 10.080372 -0.951057 17.385706 200.000000 17.385706
 8.800000 0.579970 -0.814638 -0.920198 -0.391453 2.522901 -1.973006 -0.814638 0.579970 -0.391453 -0.920198 3.557843 1423.137131 -0.626015 -33.460654 200.000000 -33.460654 1.864611 745.844310 0.443419 50.505322 200.000000 50.505322 0.679568 271.827068 -0.309017 -10.292562 200.000000 -10.292562 0.095224 38.089550 -0.951057 17.385706 200.000000 17.385706
 9.000000 0.564626 -0.825347 -0.965016 -0.262190 2.541613 -1.836087 -0.825347 0.564626 -0.262190 -0.965016 3.283568 1313.427102 -0.644141 -34.142711 200.000000 -34.142711 0.620224 248.089609 0.485871 49.700100 200.000000 49.700100 0.219278 87.711219 -0.309017 -10.292562 200.000000 -10.292562 0.019488 7.795033 -0.951057 17.385706 200.000000 17.385706
 9.200000 0.539453 -0.842016 -0.933765 -0.357886 2.571806 -1.936799 -0.842016 0.539453 -0.357886 -0.933765 3.230983 1292.393105 -0.662267 -34.780104 200.000000 -34.780104 0.012386 4.954470 0.528323 49.299394 200.000000 49.299394 0.238820 95.527858 -0.309017 -10.292562 200.000000 -10.292562 0.029899 11.959555 -0.951057 17.385706 200.000000 17.385706
 9.400000 0.617433 -0.786623 -0.942104 -0.335320 2.476117 -1.912742 -0.786623 0.617433 -0.335320 -0.942104 1.128505 451.402153 -0.680392 -35.156825 200.000000 -35.156825 0.217695 87.078026 0.570775 48.629299 200.000000 48.629299 0.069187 27.674718 -0.309017 -10.292562 200.000000 -10.292562 0.008014 3.205789 -0.951057 17.385706 200.000000 17.385706
 9.600000 0.632791 -0.774322 -0.978307 -0.207161 2.456440 -1.779468 -0.774322 0.632791 -0.207161 -0.978307 0.574633 229.853258 -0.698518 -35.426775 200.000000 -35.426775 0.038275 15.309860 0.613228 48.188185 200.000000 48.188185 1.037464 414.985450 -0.309017 -10.292562 200.000000 -10.292562 0.074258 29.703241 -0.951057 17.385706 200.000000 17.385706
 9.800000 0.708808 -0.705402 -0.954073 -0.299576 2.353786 -1.875044 -0.705402 0.708808 -0.299576 -0.954073 0.012638 5.055063 -0.716643 -35.666260 200.000000 -35.666260 0.282261 112.904532 0.655680 48.218005 200.000000 48.218005 0.008914 3.565574 -0.309017 -10.292562 200.000000 -10.292562 0.000910 0.363860 -0.951057 17.385706 200.000000 17.385706
 10.000000 0.737408 -0.675448 -0.976384 -0.216041 2.312368 -1.788554 -0.675448 0.737408 -0.216041 -0.976384 0.286446 114.578446 -0.728969 -35.659839 200.000000 -35.659839 0.279424 111.769492 0.684547 48.092587 200.000000 48.092587 0.864461 345.784348 -0.309017 -10.292562 200.000000 -10.292562 0.064150 25.660026 -0.951057 17.385706 200.000000 17.385706
 10.200000 0.669764 -0.742574 -0.981408 -0.191934 2.407702 -1.763929 -0.742574 0.669764 -0.191934 -0.981408 0.018511 7.404221 -0.728969 -35.659839 200.000000 -35.659839 0.021854 8.741544 0.684547 48.092587 200.000000 48.092587 1.370832 548.332755 -0.309017 -10.292562 200.000000 -10.292562 0.092120 36.847883 -0.951057 17.385706 200.000000 17.385706
 10.400000 0.668017 -0.744146 -0.942117 -0.335285 2.410051 -1.912705 -0.744146 0.668017 -0.335285 -0.942117 0.023035 9.213823 -0.728969 -35.659839 200.000000 -35.659839 0.027324 10.929416 0.684547 48.092587 200.000000 48.092587 0.069003 27.601359 -0.309017 -10.292562 200.000000 -10.292562 0.007992 3.196903 -0.951057 17.385706 200.000000 17.385706
 10.600000 0.701931 -0.712245 -0.934302 -0.356481 2.363487 -1.935295 -0.712245 0.701931 -0.356481 -0.934302 0.027970 11.187821 -0.728969 -35.659839 200.000000 -35.659839 0.030221 12.088590 0.684547 48.092587 200.000000 48.092587 0.225286 90.114217 -0.309017 -10.292562 200.000000 -10.292562 0.028070 11.227913 -0.951057 17.385706 200.000000 17.385706
 10.800000 0.666640 -0.745380 -0.940305 -0.340334 2.411900 -1.918068 -0.745380 0.666640 -0.340334 -0.940305 0.026932 10.772843 -0.728969 -35.659839 200.000000 -35.659839 0.032066 12.826240 0.684547 48.092587 200.000000 48.092587 0.098075 39.229956 -0.309017 -10.292562 200.000000 -10.292562 0.011560 4.624106 -0.951057 17.385706 200.000000 17.385706
 11.000000 0.673315 -0.739356 -0.940656 -0.339360 2.402909 -1.917033 -0.739356 0.673315 -0.339360 -0.940656 0.010789 4.315601 -0.728969 -35.659839 200.000000 -35.659839 0.012616 5.046308 0.684547 48.092587 200.000000 48.092587 0.092073 36.829004 -0.309017 -10.292562 200.000000 -10.292562 0.010816 4.326486 -0.951057 17.385706 200.000000 17.385706
 11.200000 0.656635 -0.754208 -0.921800 -0.387667 2.425244 -1.968895 -0.754208 0.656635 -0.387667 -0.921800 0.063704 25.481737 -0.728969 -35.659839 200.000000 -35.659839 0.077908 31.163008 0.684547 48.092587 200.000000 48.092587 0.618580 247.431953 -0.309017 -10.292562 200.000000 -10.292562 0.085597 34.238793 -0.951057 17.385706 200.000000 17.385706
 11.400000 0.672976 -0.739664 -0.904238 -0.427028 2.403368 -2.012000 -0.739664 0.672976 -0.427028 -0.904238 0.011440 4.575847 -0.728969 -35.659839 200.000000 -35.659839 0.013389 5.355542 0.684547 48.092587 200.000000 48.092587 1.392664 557.065569 -0.309017 -10.292562 200.000000 -10.292562 0.219194 87.677747 -0.951057 17.385706 200.000000 17.385706
 11.600000 0.654564 -0.756007 -0.962771 -0.270317 2.427987 -1.844518 -0.756007 0.654564 -0.270317 -0.962771 0.073106 29.242540 -0.728969 -35.659839 200.000000 -35.659839 0.089900 35.960075 0.684547 48.092587 200.000000 48.092587 0.149772 59.908912 -0.309017 -10.292562 200.000000 -10.292562 0.013724 5.489629 -0.951057 17.385706 200.000000 17.385706
 11.800000 0.716896 -0.697180 -0.939008 -0.343896 2.342253 -1.921859 -0.697180 0.716896 -0.343896 -0.939008 0.101052 40.420696 -0.728969 -35.659839 200.000000 -35.659839 0.104646 41.858373 0.684547 48.092587 200.000000 48.092587 0.121654 48.661672 -0.309017 -10.292562 200.000000 -10.292562 0.014517 5.806901 -0.951057 17.385706 200.000000 17.385706
 12.000000 0.652080 -0.758150 -0.939440 -0.342713 2.431267 -1.920600 -0.758150 0.652080 -0.342713 -0.939440 0.085155 34.061817 -0.728969 -35.659839 200.000000 -35.659839 0.105409 42.163652 0.684547 48.092587 200.000000 48.092587 0.113543 45.417356 -0.309017 -10.292562 200.000000 -10.292562 0.013494 5.397662 -0.951057 17.385706 200.000000 17.385706
 12.200000 0.679473 -0.733701 -0.978185 -0.207736 2.394549 -1.780056 -0.733701 0.679473 -0.207736 -0.978185 0.002239 0.895711 -0.728969 -35.659839 200.000000 -35.659839 0.002575 1.029957 0.684547 48.092587 200.000000 48.092587 1.025790 410.315874 -0.309017 -10.292562 200.000000 -10.292562 0.073595 29.438160 -0.951057 17.385706 200.000000 17.385706
 12.400000 0.765968 -0.642879 -0.935158 -0.354230 2.269047 -1.932887 -0.642879 0.765968 -0.354230 -0.935158 0.741150 296.460113 -0.728969 -35.659839 200.000000 -35.659839 0.662938 265.175344 0.684547 48.092587 200.000000 48.092587 0.204421 81.768449 -0.309017 -10.292562 200.000000 -10.292562 0.025275 10.110065 -0.951057 17.385706 200.000000 17.385706
 12.600000 0.569948 -0.821681 -0.971581 -0.236706 2.535151 -1.809770 -0.821681 0.569948 -0.236706 -0.971581 0.859559 343.823647 -0.728969 -35.659839 200.000000 -35.659839 1.313305 525.321837 0.684547 48.092587 200.000000 48.092587 0.522891 209.156395 -0.309017 -10.292562 200.000000 -10.292562 0.042127 16.850792 -0.951057 17.385706 200.000000 17.385706
 12.800000 0.638654 -0.769494 -0.966455 -0.256836 2.448845 -1.830544 -0.769494 0.638654 -0.256836 -0.966455 0.164232 65.692954 -0.728969 -35.659839 200.000000 -35.659839 0.210620 84.247921 0.684547 48.092587 200.000000 48.092587 0.272281 108.912209 -0.309017 -10.292562 200.000000 -10.292562 0.023711 9.484373 -0.951057 17.385706 200.000000 17.385706
 13.000000 0.646054 -0.763292 -0.900679 -0.434485 2.439189 -2.020263 -0.763292 0.646054 -0.434485 -0.900679 0.117808 47.123240 -0.728969 -35.659839 200.000000 -35.659839 0.148173 59.269153 0.684547 48.092587 200.000000 48.092587 1.574230 629.692079 -0.309017 -10.292562 200.000000 -10.292562 0.253790 101.516121 -0.951057 17.385706 200.000000 17.385706
 13.200000 0.664913 -0.746921 -0.933435 -0.358747 2.414215 -1.937722 -0.746921 0.664913 -0.358747 -0.933435 0.032228 12.891224 -0.728969 -35.659839 200.000000 -35.659839 0.038550 15.419905 0.684547 48.092587 200.000000 48.092587 0.247311 98.924510 -0.309017 -10.292562 200.000000 -10.292562 0.031053 12.421161 -0.951057 17.385706 200.000000 17.385706
 13.400000 0.728588 -0.684952 -0.940577 -0.339580 2.325334 -1.917267 -0.684952 0.728588 -0.339580 -0.940577 0.193748 77.499302 -0.728969 -35.659839 200.000000 -35.659839 0.193964 77.585418 0.684547 48.092587 200.000000 48.092587 0.093411 37.364378 -0.309017 -10.292562 200.000000 -10.292562 0.010982 4.392723 -0.951057 17.385706 200.000000 17.385706
 13.600000 0.650777 -0.759269 -0.933670 -0.358135 2.432986 -1.937066 -0.759269 0.650777 -0.358135 -0.933670 0.091812 36.724937 -0.728969 -35.659839 200.000000 -35.659839 0.114044 45.617611 0.684547 48.092587 200.000000 48.092587 0.241256 96.502324 -0.309017 -10.292562 200.000000 -10.292562 0.030229 12.091786 -0.951057 17.385706 200.000000 17.385706
 13.800000 0.664448 -0.747334 -0.974559 -0.224131 2.414837 -1.796848 -0.747334 0.664448 -0.224131 -0.974559 0.033730 13.491863 -0.728969 -35.659839 200.000000 -35.659839 0.040396 16.158533 0.684547 48.092587 200.000000 48.092587 0.720563 288.225380 -0.309017 -10.292562 200.000000 -10.292562 0.055237 22.094724 -0.951057 17.385706 200.000000 17.385706
 14.000000 0.648390 -0.761308 -0.948013 -0.318231 2.436125 -1.894659 -0.761308 0.648390 -0.318231 -0.948013 0.104586 41.834373 -0.728969 -35.659839 200.000000 -35.659839 0.130734 52.293531 0.684547 48.092587 200.000000 48.092587 0.008490 3.396097 -0.309017 -10.292562 200.000000 -10.292562 0.000926 0.370491 -0.951057 17.385706 200.000000 17.385706
 14.200000 0.732690 -0.680563 -0.952228 -0.305389 2.319327 -1.881143 -0.680563 0.732690 -0.305389 -0.952228 0.234313 93.725314 -0.728969 -35.659839 200.000000 -35.659839 0.231772 92.708904 0.684547 48.092587 200.000000 48.092587 0.001316 0.526507 -0.309017 -10.292562 200.000000 -10.292562 0.000137 0.054867 -0.951057 17.385706 200.000000 17.385706
 14.400000 0.672417 -0.740173 -0.952457 -0.304672 2.404124 -1.880390 -0.740173 0.672417 -0.304672 -0.952457 0.012553 5.021300 -0.728969 -35.659839 200.000000 -35.659839 0.014715 5.885817 0.684547 48.092587 200.000000 48.092587 0.001888 0.755166 -0.309017 -10.292562 200.000000 -10.292562 0.000196 0.078492 -0.951057 17.385706 200.000000 17.385706
 14.600000 0.667518 -0.744593 -0.966270 -0.257532 2.410722 -1.831263 -0.744593 0.667518 -0.257532 -0.966270 0.024413 9.765253 -0.728969 -35.659839 200.000000 -35.659839 0.028998 11.599115 0.684547 48.092587 200.000000 48.092587 0.265071 106.028436 -0.309017 -10.292562 200.000000 -10.292562 0.023144 9.257744 -0.951057 17.385706 200.000000 17.385706
 14.800000 0.702630 -0.711556 -0.973966 -0.226693 2.362506 -1.799477 -0.711556 0.702630 -0.226693 -0.973966 0.030321 12.128414 -0.728969 -35.659839 200.000000 -35.659839 0.032698 13.079211 0.684547 48.092587 200.000000 48.092587 0.677728 271.091197 -0.309017 -10.292562 200.000000 -10.292562 0.052486 20.994365 -0.951057 17.385706 200.000000 17.385706
 15.000000 0.716499 -0.697588 -0.963319 -0.268359 2.342822 -1.842486 -0.697588 0.716499 -0.268359 -0.963319 0.098475 39.390004 -0.728969 -35.659839 200.000000 -35.659839 0.102094 40.837487 0.684547 48.092587 200.000000 48.092587 0.165303 66.121352 -0.309017 -10.292562 200.000000 -10.292562 0.015036 6.014585 -0.951057 17.385706 200.000000 17.385706
 15.200000 0.690431 -0.723398 -0.939937 -0.341349 2.379508 -1.919148 -0.723398 0.690431 -0.341349 -0.939937 0.003103 1.241299 -0.728969 -35.659839 200.000000 -35.659839 0.003462 1.384960 0.684547 48.092587 200.000000 48.092587 0.104533 41.813107 -0.309017 -10.292562 200.000000 -10.292562 0.012365 4.945924 -0.951057 17.385706 200.000000 17.385706
 15.400000 0.711041 -0.703151 -0.903371 -0.428861 2.350615 -2.014028 -0.703151 0.711041 -0.428861 -0.903371 0.066657 26.662666 -0.728969 -35.659839 200.000000 -35.659839 0.070192 28.076794 0.684547 48.092587 200.000000 48.092587 1.436252 574.500813 -0.309017 -10.292562 200.000000 -10.292562 0.227394 90.957789 -0.951057 17.385706 200.000000 17.385706
 15.600000 0.608830 -0.793301 -0.937766 -0.347268 2.487008 -1.925453 -0.793301 0.608830 -0.347268 -0.937766 0.413861 165.544436 -0.728969 -35.659839 200.000000 -35.659839 0.573307 229.322768 0.684547 48.092587 200.000000 48.092587 0.146315 58.526043 -0.309017 -10.292562 200.000000 -10.292562 0.017664 7.065649 -0.951057 17.385706 200.000000 17.385706
 15.800000 0.638848 -0.769333 -0.954858 -0.297064 2.448592 -1.872412 -0.769333 0.638848 -0.297064 -0.954858 0.162926 65.170508 -0.728969 -35.659839 200.000000 -35.659839 0.208838 83.535340 0.684547 48.092587 200.000000 48.092587 0.014289 5.715430 -0.309017 -10.292562 200.000000 -10.292562 0.001445 0.577967 -0.951057 17.385706 200.000000 17.385706
 16.000000 0.718213 -0.695823 -0.919926 -0.392093 2.340362 -1.973702 -0.695823 0.718213 -0.392093 -0.919926 0.109861 43.944327 -0.728969 -35.659839 200.000000 -35.659839 0.113339 45.335559 0.684547 48.092587 200.000000 48.092587 0.690162 276.064734 -0.309017 -10.292562 200.000000 -10.292562 0.096913 38.765371 -0.951057 17.385706 200.000000 17.385706
 16.200000 0.698098 -0.716003 -0.948172 -0.317758 2.368856 -1.894160 -0.716003 0.698098 -0.317758 -0.948172 0.016812 6.724659 -0.728969 -35.659839 200.000000 -35.659839 0.018361 7.344590 0.684547 48.092587 200.000000 48.092587 0.007640 3.056108 -0.309017 -10.292562 200.000000 -10.292562 0.000832 0.332842 -0.951057 17.385706 200.000000 17.385706
 16.400000 0.705525 -0.708685 -0.979924 -0.199371 2.358429 -1.771512 -0.708685 0.705525 -0.199371 -0.979924 0.041144 16.457451 -0.728969 -35.659839 200.000000 -35.659839 0.044008 17.603382 0.684547 48.092587 200.000000 48.092587 1.202231 480.892446 -0.309017 -10.292562 200.000000 -10.292562 0.083334 33.333595 -0.951057 17.385706 200.000000 17.385706
 16.600000 0.730978 -0.682401 -0.944600 -0.328224 2.321838 -1.905219 -0.682401 0.730978 -0.328224 -0.944600 0.216858 86.743391 -0.728969 -35.659839 200.000000 -35.659839 0.215587 86.234736 0.684547 48.092587 200.000000 48.092587 0.036892 14.756603 -0.309017 -10.292562 200.000000 -10.292562 0.004169 1.667534 -0.951057 17.385706 200.000000 17.385706
 16.800000 0.691474 -0.722401 -0.965089 -0.261923 2.378065 -1.835811 -0.722401 0.691474 -0.261923 -0.965089 0.004314 1.725402 -0.728969 -35.659839 200.000000 -35.659839 0.004799 1.919534 0.684547 48.092587 200.000000 48.092587 0.221781 88.712402 -0.309017 -10.292562 200.000000 -10.292562 0.019690 7.876060 -0.951057 17.385706 200.000000 17.385706
 17.000000 0.609186 -0.793027 -0.977680 -0.210098 2.486558 -1.782472 -0.793027 0.609186 -0.210098 -0.977680 0.410349 164.139498 -0.728969 -35.659839 200.000000 -35.659839 0.567924 227.169667 0.684547 48.092587 200.000000 48.092587 0.978490 391.396097 -0.309017 -10.292562 200.000000 -10.292562 0.070882 28.352951 -0.951057 17.385706 200.000000 17.385706
 17.200000 0.653875 -0.756602 -0.937835 -0.347080 2.428897 -1.925253 -0.756602 0.653875 -0.347080 -0.937835 0.076362 30.544799 -0.728969 -35.659839 200.000000 -35.659839 0.094076 37.630296 0.684547 48.092587 200.000000 48.092587 0.144882 57.952964 -0.309017 -10.292562 200.000000 -10.292562 0.017480 6.991946 -0.951057 17.385706 200.000000 17.385706
 17.400000 0.685817 -0.727774 -0.948713 -0.316139 2.385867 -1.892454 -0.727774 0.685817 -0.316139 -0.948713 0.000143 0.057051 -0.728969 -35.659839 200.000000 -35.659839 0.000161 0.064470 0.684547 48.092587 200.000000 48.092587 0.005073 2.029031 -0.309017 -10.292562 200.000000 -10.292562 0.000549 0.219717 -0.951057 17.385706 200.000000 17.385706
 17.600000 0.756825 -0.653617 -0.941398 -0.337299 2.283150 -1.914843 -0.653617 0.756825 -0.337299 -0.941398 0.567785 227.113949 -0.728969 -35.659839 200.000000 -35.659839 0.522415 208.965942 0.684547 48.092587 200.000000 48.092587 0.079987 31.994778 -0.309017 -10.292562 200.000000 -10.292562 0.009329 3.731798 -0.951057 17.385706 200.000000 17.385706
 17.800000 0.593701 -0.804686 -0.938441 -0.345440 2.505942 -1.923504 -0.804686 0.593701 -0.345440 -0.938441 0.573307 229.322993 -0.728969 -35.659839 200.000000 -35.659839 0.825301 330.120295 0.684547 48.092587 200.000000 48.092587 0.132664 53.065457 -0.309017 -10.292562 200.000000 -10.292562 0.015916 6.366219 -0.951057 17.385706 200.000000 17.385706
 18.000000 0.611920 -0.790919 -0.942345 -0.334642 2.483106 -1.912022 -0.790919 0.611920 -0.334642 -0.942345 0.383791 153.516315 -0.728969 -35.659839 200.000000 -35.659839 0.527466 210.986470 0.684547 48.092587 200.000000 48.092587 0.065664 26.265426 -0.309017 -10.292562 200.000000 -10.292562 0.007588 3.035361 -0.951057 17.385706 200.000000 17.385706
 18.200000 0.601128 -0.799153 -0.945393 -0.325934 2.496681 -1.902795 -0.799153 0.601128 -0.325934 -0.945393 0.492581 197.032419 -0.728969 -35.659839 200.000000 -35.659839 0.695874 278.349799 0.684547 48.092587 200.000000 48.092587 0.028617 11.446733 -0.309017 -10.292562 200.000000 -10.292562 0.003208 1.283154 -0.951057 17.385706 200.000000 17.385706
 18.400000 0.629039 -0.777374 -0.962659 -0.270718 2.461276 -1.844935 -0.777374 0.629039 -0.270718 -0.962659 0.234304 93.721465 -0.728969 -35.659839 200.000000 -35.659839 0.308112 123.244939 0.684547 48.092587 200.000000 48.092587 0.146682 58.672923 -0.309017 -10.292562 200.000000 -10.292562 0.013461 5.384457 -0.951057 17.385706 200.000000 17.385706
 18.600000 0.739320 -0.673354 -0.940258 -0.340464 2.309533 -1.918206 -0.673354 0.739320 -0.340464 -0.940258 0.309294 123.717546 -0.728969 -35.659839 200.000000 -35.659839 0.300005 120.002043 0.684547 48.092587 200.000000 48.092587 0.098888 39.555321 -0.309017 -10.292562 200.000000 -10.292562 0.011661 4.664550 -0.951057 17.385706 200.000000 17.385706
 18.800000 0.616922 -0.787025 -0.969418 -0.245417 2.476767 -1.818746 -0.787025 0.616922 -0.245417 -0.969418 0.337050 134.819850 -0.728969 -35.659839 200.000000 -35.659839 0.457321 182.928299 0.684547 48.092587 200.000000 48.092587 0.404494 161.797413 -0.309017 -10.292562 200.000000 -10.292562 0.033713 13.485116 -0.951057 17.385706 200.000000 17.385706
 19.000000 0.675325 -0.737520 -0.968986 -0.247115 2.400187 -1.820498 -0.737520 0.675325 -0.247115 -0.968986 0.007313 2.925029 -0.728969 -35.659839 200.000000 -35.659839 0.008504 3.401663 0.684547 48.092587 200.000000 48.092587 0.383189 153.275496 -0.309017 -10.292562 200.000000 -10.292562 0.032147 12.858974 -0.951057 17.385706 200.000000 17.385706
 19.200000 0.706805 -0.707409 -0.977605 -0.210450 2.356622 -1.782831 -0.707409 0.706805 -0.210450 -0.977605 0.046482 18.592898 -0.728969 -35.659839 200.000000 -35.659839 0.049539 19.815748 0.684547 48.092587 200.000000 48.092587 0.971554 388.621443 -0.309017 -10.292562 200.000000 -10.292562 0.070481 28.192271 -0.951057 17.385706 200.000000 17.385706
 19.400000 0.633471 -0.773767 -0.968820 -0.247768 2.455562 -1.821172 -0.773767 0.633471 -0.247768 -0.968820 0.200686 80.274328 -0.728969 -35.659839 200.000000 -35.659839 0.260879 104.351571 0.684547 48.092587 200.000000 48.092587 0.375149 150.059691 -0.309017 -10.292562 200.000000 -10.292562 0.031552 12.620950 -0.951057 17.385706 200.000000 17.385706
 19.600000 0.735122 -0.677935 -0.946462 -0.322815 2.315746 -1.899499 -0.677935 0.735122 -0.322815 -0.946462 0.260445 104.177979 -0.728969 -35.659839 200.000000 -35.659839 0.255782 102.312864 0.684547 48.092587 200.000000 48.092587 0.019039 7.615720 -0.309017 -10.292562 200.000000 -10.292562 0.002111 0.844389 -0.951057 17.385706 200.000000 17.385706
 19.800000 0.657965 -0.753048 -0.927517 -0.373782 2.423479 -1.953879 -0.753048 0.657965 -0.373782 -0.927517 0.057984 23.193538 -0.728969 -35.659839 200.000000 -35.659839 0.070661 28.264217 0.684547 48.092587 200.000000 48.092587 0.419447 167.778743 -0.309017 -10.292562 200.000000 -10.292562 0.055412 22.164915 -0.951057 17.385706 200.000000 17.385706
 20.000000 0.660317 -0.750987 -0.926349 -0.376667 2.420351 -1.956992 -0.750987 0.660317 -0.376667 -0.926349 0.048479 19.391721 -0.728969 -35.659839 200.000000 -35.659839 0.058708 23.483156 0.684547 48.092587 200.000000 48.092587 0.457651 183.060412 -0.309017 -10.292562 200.000000 -10.292562 0.061047 24.418910 -0.951057 17.385706 200.000000 17.385706
