#! FIELDS time sin_phi cos_phi sin_psi cos_psi phi psi cos_phi sin_phi cos_psi sin_psi restraint_phi_cos.bias restraint_phi_cos.force2 restraint_phi_cos.cos_phi_cntr restraint_phi_cos.cos_phi_work restraint_phi_cos.cos_phi_kappa restraint_phi_cos.work restraint_phi_sin.bias restraint_phi_sin.force2 restraint_phi_sin.sin_phi_cntr restraint_phi_sin.sin_phi_work restraint_phi_sin.sin_phi_kappa restraint_phi_sin.work restraint_psi_cos.bias restraint_psi_cos.force2 restraint_psi_cos.cos_psi_cntr restraint_psi_cos.cos_psi_work restraint_psi_cos.cos_psi_kappa restraint_psi_cos.work restraint_psi_sin.bias restraint_psi_sin.force2 restraint_psi_sin.sin_psi_cntr restraint_psi_sin.sin_psi_work restraint_psi_sin.sin_psi_kappa restraint_psi_sin.work
#! SET min_phi -pi
#! SET max_phi pi
#! SET min_psi -pi
#! SET max_psi pi
 0.000000 -0.999983 -0.005782 0.966116 0.258110 -1.576579 1.309731 -0.005782 -0.999983 0.258110 0.966116 0.000000 0.000000 -0.009747 0.000000 0.000000 0.000000 0.000000 0.000000 -0.999953 0.000000 0.000000 0.000000 0.000000 0.000000 0.256142 0.000000 0.000000 0.000000 0.000000 0.000000 0.966639 0.000000 0.000000 0.000000
 0.200000 -1.000000 -0.000270 0.834659 0.550766 -1.571067 0.987514 -0.000270 -1.000000 0.550766 0.834659 0.000898 0.035920 -0.009747 0.429322 20.000000 0.429322 0.000000 0.000001 -0.999953 0.008204 20.000000 0.008204 0.868034 34.721347 0.256142 0.437490 20.000000 0.437490 0.174186 6.967456 0.966639 0.079184 20.000000 0.079184
 0.400000 -0.998237 0.059353 0.982965 0.183791 -1.511408 1.385954 0.059353 -0.998237 0.183791 0.982965 0.095495 7.639617 -0.009747 0.576151 40.000000 0.576151 0.000059 0.004708 -0.999953 0.009175 40.000000 0.009175 0.104694 8.375539 0.256142 0.652615 40.000000 0.652615 0.005331 0.426475 0.966639 0.103851 40.000000 0.103851
 0.600000 -0.997905 0.064696 0.969722 0.244212 -1.506055 1.324090 0.064696 -0.997905 0.244212 0.969722 0.166252 19.950207 -0.009747 0.652738 60.000000 0.652738 0.000126 0.015092 -0.999953 0.009549 60.000000 0.009549 0.004270 0.512437 0.256142 0.812942 60.000000 0.812942 0.000285 0.034215 0.966639 0.126976 60.000000 0.126976
 0.800000 -0.999998 0.001896 0.948099 0.317975 -1.568900 1.247204 0.001896 -0.999998 0.317975 0.948099 0.005422 0.867516 -0.009747 0.745440 80.000000 0.745440 0.000000 0.000013 -0.999953 0.009931 80.000000 0.009931 0.152929 24.468694 0.256142 0.870387 80.000000 0.870387 0.013749 2.199849 0.966639 0.131254 80.000000 0.131254
 1.000000 -0.997908 -0.064647 0.983715 0.179733 -1.635488 1.390081 -0.064647 -0.997908 0.179733 0.983715 0.150702 30.140315 -0.009747 0.830209 100.000000 0.830209 0.000209 0.041791 -0.999953 0.010215 100.000000 0.010215 0.291921 58.384155 0.256142 0.906285 100.000000 0.906285 0.014580 2.916032 0.966639 0.133898 100.000000 0.133898
 1.200000 -0.998638 0.052178 0.985243 0.171159 -1.518594 1.398790 0.052178 -0.998638 0.171159 0.985243 0.230080 55.219214 -0.009747 0.926076 120.000000 0.926076 0.000104 0.024890 -0.999953 0.010632 120.000000 0.010632 0.433327 103.998443 0.256142 0.992004 120.000000 0.992004 0.020767 4.984124 0.966639 0.141237 120.000000 0.141237
 1.400000 -0.999101 0.042384 0.979961 0.199189 -1.528400 1.370266 0.042384 -0.999101 0.199189 0.979961 0.190230 53.264498 -0.009747 0.960915 140.000000 0.960915 0.000051 0.014198 -0.999953 0.010712 140.000000 0.010712 0.227056 63.575605 0.256142 1.092924 140.000000 1.092924 0.012423 3.478506 0.966639 0.149509 140.000000 0.149509
 1.600000 -0.999952 0.009813 0.961483 0.274866 -1.560983 1.292346 0.009813 -0.999952 0.274866 0.961483 0.030606 9.793775 -0.009747 1.006981 160.000000 1.006981 0.000000 0.000000 -0.999953 0.010844 160.000000 0.010844 0.028045 8.974410 0.256142 1.162377 160.000000 1.162377 0.002127 0.680674 0.966639 0.156236 160.000000 0.156236
 1.800000 -0.999841 -0.017822 0.970391 0.241538 -1.588620 1.326845 -0.017822 -0.999841 0.241538 0.970391 0.005870 2.113146 -0.009747 1.052342 180.000000 1.052342 0.000001 0.000402 -0.999953 0.010933 180.000000 0.010933 0.019195 6.910145 0.256142 1.193859 180.000000 1.193859 0.001267 0.456159 0.966639 0.158888 180.000000 0.158888
 2.000000 -0.986834 0.161737 0.941559 0.336847 -1.408346 1.227230 0.161737 -0.986834 0.336847 0.941559 2.940653 1176.261186 -0.009747 1.082518 200.000000 1.082518 0.017210 6.883876 -0.999953 0.011018 200.000000 0.011018 0.651327 260.530806 0.256142 1.220776 200.000000 1.220776 0.062899 25.159742 0.966639 0.161475 200.000000 0.161475
 2.200000 -0.989513 0.144442 0.872151 0.489238 -1.425847 1.059581 0.144442 -0.989513 0.489238 0.872151 0.815060 326.023964 0.054161 0.865132 200.000000 0.865132 0.279300 111.720152 -0.936664 0.374382 200.000000 0.374382 2.051169 820.467730 0.346018 1.105831 200.000000 1.105831 0.268039 107.215578 0.923923 0.180988 200.000000 0.180988
 2.400000 -0.989261 0.146158 0.855098 0.518467 -1.424113 1.025739 0.146158 -0.989261 0.518467 0.855098 0.078895 31.558029 0.118069 0.512057 200.000000 0.512057 1.342935 537.173873 -0.873376 1.477626 200.000000 1.477626 0.681817 272.726652 0.435895 0.985683 200.000000 0.985683 0.068170 27.267804 0.881207 0.268790 200.000000 0.268790
 2.600000 -0.999662 0.026013 0.804110 0.594481 -1.544780 0.934177 0.026013 -0.999662 0.594481 0.804110 2.432495 972.998010 0.181978 0.224819 200.000000 0.224819 3.593811 1437.524539 -0.810088 3.265849 200.000000 3.265849 0.472107 188.842777 0.525771 0.756796 200.000000 0.756796 0.118207 47.282713 0.838491 0.314592 200.000000 0.314592
 2.800000 -0.977015 0.213171 0.814673 0.579921 -1.355977 0.952164 0.213171 -0.977015 0.579921 0.814673 0.107024 42.809467 0.245886 -0.222457 200.000000 -0.222457 5.299891 2119.956504 -0.746800 5.632115 200.000000 5.632115 0.006184 2.473671 0.587785 1.010397 200.000000 1.010397 0.003198 1.279391 0.809017 0.421194 200.000000 0.421194
 3.000000 -0.942495 0.334220 0.806227 0.591607 -1.230019 0.937746 0.334220 -0.942495 0.591607 0.806227 0.059663 23.865357 0.309794 -0.990698 200.000000 -0.990698 6.707240 2682.895857 -0.683512 8.471382 200.000000 8.471382 0.001460 0.584149 0.587785 1.010397 200.000000 1.010397 0.000779 0.311433 0.809017 0.421194 200.000000 0.421194
 3.200000 -0.891029 0.453947 0.809003 0.587804 -1.099606 0.942454 0.453947 -0.891029 0.587804 0.809003 0.643934 257.573485 0.373702 -2.086218 200.000000 -2.086218 7.333534 2933.413492 -0.620224 11.632788 200.000000 11.632788 0.000000 0.000014 0.587785 1.010397 200.000000 1.010397 0.000000 0.000008 0.809017 0.421194 200.000000 0.421194
 3.400000 -0.856254 0.516554 0.733299 0.679906 -1.027974 0.823161 0.516554 -0.856254 0.679906 0.733299 0.623231 249.292269 0.437610 -3.283712 200.000000 -3.283712 8.959171 3583.668474 -0.556936 15.099478 200.000000 15.099478 0.848631 339.452512 0.587785 1.010397 200.000000 1.010397 0.573323 229.329361 0.809017 0.421194 200.000000 0.421194
 3.600000 -0.763900 0.645335 0.803319 0.595549 -0.869335 0.932848 0.645335 -0.763900 0.595549 0.803319 2.068336 827.334368 0.501518 -5.025540 200.000000 -5.025540 7.303644 2921.457710 -0.493647 18.478387 200.000000 18.478387 0.006027 2.410974 0.587785 1.010397 200.000000 1.010397 0.003247 1.298662 0.809017 0.421194 200.000000 0.421194
 3.800000 -0.700399 0.713752 0.787547 0.616255 -0.775956 0.906818 0.713752 -0.700399 0.616255 0.787547 2.200074 880.029639 0.565426 -7.268547 200.000000 -7.268547 7.292117 2916.846690 -0.430359 21.527606 200.000000 21.527606 0.081053 32.421031 0.587785 1.010397 200.000000 1.010397 0.046097 18.438956 0.809017 0.421194 200.000000 0.421194
 4.000000 -0.542742 0.839900 0.826101 0.563522 -0.573698 0.972154 0.839900 -0.542742 0.563522 0.826101 4.433803 1773.521098 0.629334 -9.557526 200.000000 -9.557526 3.086021 1234.408411 -0.367071 24.426816 200.000000 24.426816 0.058872 23.548779 0.587785 1.010397 200.000000 1.010397 0.029187 11.674877 0.809017 0.421194 200.000000 0.421194
 4.200000 -0.456892 0.889522 0.809696 0.586849 -0.474498 0.943634 0.889522 -0.456892 0.586849 0.809696 3.852601 1541.040347 0.693242 -12.180739 200.000000 -12.180739 2.344246 937.698401 -0.303783 26.427249 200.000000 26.427249 0.000088 0.035034 0.587785 1.010397 200.000000 1.010397 0.000046 0.018448 0.809017 0.421194 200.000000 0.421194
 4.400000 -0.362855 0.931846 0.766382 0.642386 -0.371330 0.873189 0.931846 -0.362855 0.642386 0.766382 3.051871 1220.748409 0.757150 -14.549145 200.000000 -14.549145 1.497199 598.879508 -0.240495 28.186071 200.000000 28.186071 0.298121 119.248341 0.587785 1.010397 200.000000 1.010397 0.181778 72.711386 0.809017 0.421194 200.000000 0.421194
 4.600000 -0.257960 0.966156 0.823250 0.567679 -0.260910 0.967112 0.966156 -0.257960 0.567679 0.823250 2.105346 842.138437 0.821058 -16.603245 200.000000 -16.603245 0.652103 260.841186 -0.177207 29.429399 200.000000 29.429399 0.040426 16.170251 0.587785 1.010397 200.000000 1.010397 0.020258 8.103032 0.809017 0.421194 200.000000 0.421194
 4.800000 -0.169545 0.985522 0.778188 0.628031 -0.170368 0.891776 0.985522 -0.169545 0.628031 0.778188 1.011168 404.467272 0.884966 -18.317056 200.000000 -18.317056 0.309429 123.771723 -0.113919 29.441889 200.000000 29.441889 0.161972 64.788822 0.587785 1.010397 200.000000 1.010397 0.095041 38.016292 0.809017 0.421194 200.000000 0.421194
 5.000000 -0.100037 0.994984 0.832256 0.554391 -0.100204 0.983165 0.994984 -0.100037 0.554391 0.832256 0.212615 85.045858 0.948874 -19.259295 200.000000 -19.259295 0.244097 97.638812 -0.050631 29.917873 200.000000 29.917873 0.111515 44.605863 0.587785 1.010397 200.000000 1.010397 0.054005 21.602144 0.809017 0.421194 200.000000 0.421194
 5.200000 0.049822 0.998758 0.814444 0.580243 0.049842 0.951770 0.998758 0.049822 0.580243 0.814444 0.000154 0.061689 1.000000 -19.489229 200.000000 -19.489229 0.248219 99.287742 0.000000 30.163339 200.000000 30.163339 0.005689 2.275683 0.587785 1.010397 200.000000 1.010397 0.002945 1.177971 0.809017 0.421194 200.000000 0.421194
 5.400000 0.045084 0.998983 0.833660 0.552277 0.045099 0.985703 0.998983 0.045084 0.552277 0.833660 0.000103 0.041355 1.000000 -19.489229 200.000000 -19.489229 0.203256 81.302507 0.000000 30.163339 200.000000 30.163339 0.126080 50.432061 0.587785 1.010397 200.000000 1.010397 0.060729 24.291799 0.809017 0.421194 200.000000 0.421194
 5.600000 -0.031535 0.999503 0.762441 0.647058 -0.031540 0.867077 0.999503 -0.031535 0.647058 0.762441 0.000025 0.009894 1.000000 -19.489229 200.000000 -19.489229 0.099445 39.778163 0.000000 30.163339 200.000000 30.163339 0.351327 140.530882 0.587785 1.010397 200.000000 1.010397 0.216935 86.774104 0.809017 0.421194 200.000000 0.421194
 5.800000 0.036385 0.999338 0.815788 0.578351 0.036393 0.954090 0.999338 0.036385 0.578351 0.815788 0.000044 0.017538 1.000000 -19.489229 200.000000 -19.489229 0.132388 52.955098 0.000000 30.163339 200.000000 30.163339 0.008900 3.559868 0.587785 1.010397 200.000000 1.010397 0.004584 1.833709 0.809017 0.421194 200.000000 0.421194
 6.000000 -0.032788 0.999462 0.835315 0.549772 -0.032794 0.988705 0.999462 -0.032788 0.549772 0.835315 0.000029 0.011564 1.000000 -19.489229 200.000000 -19.489229 0.107507 43.002992 0.000000 30.163339 200.000000 30.163339 0.144501 57.800371 0.587785 1.010397 200.000000 1.010397 0.069157 27.662934 0.809017 0.421194 200.000000 0.421194
 6.200000 0.014852 0.999890 0.804009 0.594618 0.014853 0.934006 0.999890 0.014852 0.594618 0.804009 0.000001 0.000487 1.000000 -19.489229 200.000000 -19.489229 0.022059 8.823517 0.000000 30.163339 200.000000 30.163339 0.004668 1.867301 0.587785 1.010397 200.000000 1.010397 0.002508 1.003374 0.809017 0.421194 200.000000 0.421194
 6.400000 -0.036847 0.999321 0.833203 0.552967 -0.036856 0.984875 0.999321 -0.036847 0.552967 0.833203 0.000046 0.018447 1.000000 -19.489229 200.000000 -19.489229 0.135773 54.309240 0.000000 30.163339 200.000000 30.163339 0.121232 48.492803 0.587785 1.010397 200.000000 1.010397 0.058497 23.398987 0.809017 0.421194 200.000000 0.421194
 6.600000 0.085890 0.996305 0.808703 0.588217 0.085996 0.941944 0.996305 0.085890 0.588217 0.808703 0.001366 0.546230 1.000000 -19.489229 200.000000 -19.489229 0.737709 295.083401 0.000000 30.163339 200.000000 30.163339 0.000019 0.007450 0.587785 1.010397 200.000000 1.010397 0.000010 0.003937 0.809017 0.421194 200.000000 0.421194
 6.800000 0.089747 0.995965 0.799411 0.600785 0.089868 0.926314 0.995965 0.089747 0.600785 0.799411 0.001628 0.651374 1.000000 -19.489229 200.000000 -19.489229 0.805449 322.179546 0.000000 30.163339 200.000000 30.163339 0.016899 6.759455 0.587785 1.010397 200.000000 1.010397 0.009228 3.691119 0.809017 0.421194 200.000000 0.421194
 7.000000 -0.102330 0.994751 0.828331 0.560239 -0.102509 0.976122 0.994751 -0.102330 0.560239 0.828331 0.002756 1.102278 1.000000 -19.489229 200.000000 -19.489229 1.047139 418.855405 0.000000 30.163339 200.000000 30.163339 0.075879 30.351674 0.587785 1.010397 200.000000 1.010397 0.037303 14.921170 0.809017 0.421194 200.000000 0.421194
 7.200000 0.050329 0.998733 0.776923 0.629596 0.050350 0.889763 0.998733 0.050329 0.629596 0.776923 0.000161 0.064241 1.000000 -19.489229 200.000000 -19.489229 0.253297 101.318922 0.000000 30.163339 200.000000 30.163339 0.174815 69.926034 0.587785 1.010397 200.000000 1.010397 0.103005 41.202062 0.809017 0.421194 200.000000 0.421194
 7.400000 0.090215 0.995922 0.800444 0.599407 0.090338 0.928036 0.995922 0.090215 0.599407 0.800444 0.001663 0.665110 1.000000 -19.489229 200.000000 -19.489229 0.813880 325.551937 0.000000 30.163339 200.000000 30.163339 0.013507 5.402988 0.587785 1.010397 200.000000 1.010397 0.007349 2.939784 0.809017 0.421194 200.000000 0.421194
 7.600000 -0.011253 0.999937 0.853456 0.521164 -0.011253 1.022582 0.999937 -0.011253 0.521164 0.853456 0.000000 0.000160 1.000000 -19.489229 200.000000 -19.489229 0.012663 5.065102 0.000000 30.163339 200.000000 30.163339 0.443837 177.534677 0.587785 1.010397 200.000000 1.010397 0.197486 78.994573 0.809017 0.421194 200.000000 0.421194
 7.800000 0.000394 1.000000 0.805166 0.593050 0.000394 0.935954 1.000000 0.000394 0.593050 0.805166 0.000000 0.000000 1.000000 -19.489229 200.000000 -19.489229 0.000015 0.006199 0.000000 30.163339 200.000000 30.163339 0.002772 1.108778 0.587785 1.010397 200.000000 1.010397 0.001483 0.593360 0.809017 0.421194 200.000000 0.421194
 8.000000 -0.001692 0.999999 0.803632 0.595126 -0.001692 0.933374 0.999999 -0.001692 0.595126 0.803632 0.000000 0.000000 1.000000 -19.489229 200.000000 -19.489229 0.000286 0.114554 0.000000 30.163339 200.000000 30.163339 0.005389 2.155415 0.587785 1.010397 200.000000 1.010397 0.002899 1.159725 0.809017 0.421194 200.000000 0.421194
 8.200000 -0.020501 0.999790 0.815533 0.578711 -0.020502 0.953649 0.999790 -0.020501 0.578711 0.815533 0.000004 0.001767 1.000000 -19.489229 200.000000 -19.489229 0.042028 16.811218 0.000000 30.163339 200.000000 30.163339 0.008234 3.293706 0.587785 1.010397 200.000000 1.010397 0.004245 1.698187 0.809017 0.421194 200.000000 0.421194
 8.400000 0.058226 0.998303 0.858758 0.512381 0.058259 1.032841 0.998303 0.058226 0.512381 0.858758 0.000288 0.115136 1.000000 -19.489229 200.000000 -19.489229 0.339029 135.611529 0.000000 30.163339 200.000000 30.163339 0.568580 227.432087 0.587785 1.010397 200.000000 1.010397 0.247419 98.967666 0.809017 0.421194 200.000000 0.421194
 8.600000 -0.102294 0.994754 0.815969 0.578096 -0.102473 0.954403 0.994754 -0.102294 0.578096 0.815969 0.002752 1.100715 1.000000 -19.489229 200.000000 -19.489229 1.046398 418.559056 0.000000 30.163339 200.000000 30.163339 0.009389 3.755573 0.587785 1.010397 200.000000 1.010397 0.004833 1.933238 0.809017 0.421194 200.000000 0.421194
 8.800000 -0.050904 0.998704 0.810906 0.585177 -0.050926 0.945698 0.998704 -0.050904 0.585177 0.810906 0.000168 0.067230 1.000000 -19.489229 200.000000 -19.489229 0.259120 103.648081 0.000000 30.163339 200.000000 30.163339 0.000680 0.272123 0.587785 1.010397 200.000000 1.010397 0.000357 0.142674 0.809017 0.421194 200.000000 0.421194
 9.000000 0.051603 0.998668 0.784661 0.619925 0.051626 0.902149 0.998668 0.051603 0.619925 0.784661 0.000178 0.071001 1.000000 -19.489229 200.000000 -19.489229 0.266283 106.513175 0.000000 30.163339 200.000000 30.163339 0.103299 41.319715 0.587785 1.010397 200.000000 1.010397 0.059323 23.729149 0.809017 0.421194 200.000000 0.421194
 9.200000 -0.039631 0.999214 0.865730 0.500511 -0.039641 1.046607 0.999214 -0.039631 0.500511 0.865730 0.000062 0.024687 1.000000 -19.489229 200.000000 -19.489229 0.157060 62.824144 0.000000 30.163339 200.000000 30.163339 0.761680 304.671823 0.587785 1.010397 200.000000 1.010397 0.321639 128.655409 0.809017 0.421194 200.000000 0.421194
 9.400000 -0.030314 0.999540 0.805274 0.592903 -0.030319 0.936137 0.999540 -0.030314 0.592903 0.805274 0.000021 0.008448 1.000000 -19.489229 200.000000 -19.489229 0.091894 36.757614 0.000000 30.163339 200.000000 30.163339 0.002619 1.047796 0.587785 1.010397 200.000000 1.010397 0.001401 0.560511 0.809017 0.421194 200.000000 0.421194
 9.600000 -0.003747 0.999993 0.796310 0.604888 -0.003747 0.921171 0.999993 -0.003747 0.604888 0.796310 0.000000 0.000002 1.000000 -19.489229 200.000000 -19.489229 0.001404 0.561458 0.000000 30.163339 200.000000 30.163339 0.029252 11.700671 0.587785 1.010397 200.000000 1.010397 0.016146 6.458428 0.809017 0.421194 200.000000 0.421194
 9.800000 -0.119896 0.992786 0.839364 0.543570 -0.120185 0.996112 0.992786 -0.119896 0.543570 0.839364 0.005204 2.081426 1.000000 -19.489229 200.000000 -19.489229 1.437511 575.004434 0.000000 30.163339 200.000000 30.163339 0.195497 78.198656 0.587785 1.010397 200.000000 1.010397 0.092092 36.836847 0.809017 0.421194 200.000000 0.421194
 10.000000 0.047025 0.998894 0.830708 0.556709 0.047042 0.980378 0.998894 0.047025 0.556709 0.830708 0.000122 0.048954 1.000000 -19.489229 200.000000 -19.489229 0.221133 88.453318 0.000000 30.163339 200.000000 30.163339 0.096574 38.629404 0.587785 1.010397 200.000000 1.010397 0.047048 18.819297 0.809017 0.421194 200.000000 0.421194
 10.200000 -0.028765 0.999586 0.840826 0.541305 -0.028769 0.998808 0.999586 -0.028765 0.541305 0.840826 0.000017 0.006849 1.000000 -19.489229 200.000000 -19.489229 0.082740 33.096192 0.000000 30.163339 200.000000 30.163339 0.216041 86.416498 0.587785 1.010397 200.000000 1.010397 0.101183 40.473298 0.809017 0.421194 200.000000 0.421194
 10.400000 -0.038982 0.999240 0.837227 0.546856 -0.038992 0.992192 0.999240 -0.038982 0.546856 0.837227 0.000058 0.023110 1.000000 -19.489229 200.000000 -19.489229 0.151962 60.784981 0.000000 30.163339 200.000000 30.163339 0.167520 67.008012 0.587785 1.010397 200.000000 1.010397 0.079578 31.831395 0.809017 0.421194 200.000000 0.421194
 10.600000 0.003096 0.999995 0.822357 0.568971 0.003096 0.965542 0.999995 0.003096 0.568971 0.822357 0.000000 0.000001 1.000000 -19.489229 200.000000 -19.489229 0.000959 0.383475 0.000000 30.163339 200.000000 30.163339 0.035396 14.158542 0.587785 1.010397 200.000000 1.010397 0.017797 7.118610 0.809017 0.421194 200.000000 0.421194
 10.800000 -0.053404 0.998573 0.844668 0.535290 -0.053429 1.005945 0.998573 -0.053404 0.535290 0.844668 0.000204 0.081453 1.000000 -19.489229 200.000000 -19.489229 0.285196 114.078466 0.000000 30.163339 200.000000 30.163339 0.275573 110.229053 0.587785 1.010397 200.000000 1.010397 0.127101 50.840323 0.809017 0.421194 200.000000 0.421194
 11.000000 -0.002590 0.999997 0.812890 0.582417 -0.002590 0.949098 0.999997 -0.002590 0.582417 0.812890 0.000000 0.000000 1.000000 -19.489229 200.000000 -19.489229 0.000671 0.268361 0.000000 30.163339 200.000000 30.163339 0.002882 1.152874 0.587785 1.010397 200.000000 1.010397 0.001500 0.600138 0.809017 0.421194 200.000000 0.421194
 11.200000 -0.016134 0.999870 0.818152 0.575001 -0.016135 0.958191 0.999870 -0.016134 0.575001 0.818152 0.000002 0.000678 1.000000 -19.489229 200.000000 -19.489229 0.026030 10.412002 0.000000 30.163339 200.000000 30.163339 0.016343 6.537138 0.587785 1.010397 200.000000 1.010397 0.008346 3.338275 0.809017 0.421194 200.000000 0.421194
 11.400000 -0.064865 0.997894 0.819244 0.573446 -0.064911 0.960091 0.997894 -0.064865 0.573446 0.819244 0.000444 0.177403 1.000000 -19.489229 200.000000 -19.489229 0.420748 168.299359 0.000000 30.163339 200.000000 30.163339 0.020563 8.225076 0.587785 1.010397 200.000000 1.010397 0.010458 4.183398 0.809017 0.421194 200.000000 0.421194
 11.600000 0.007565 0.999971 0.806611 0.591082 0.007565 0.938396 0.999971 0.007565 0.591082 0.806611 0.000000 0.000033 1.000000 -19.489229 200.000000 -19.489229 0.005723 2.289344 0.000000 30.163339 200.000000 30.163339 0.001087 0.434841 0.587785 1.010397 200.000000 1.010397 0.000579 0.231514 0.809017 0.421194 200.000000 0.421194
 11.800000 0.011039 0.999939 0.840739 0.541440 0.011040 0.998647 0.999939 0.011039 0.541440 0.840739 0.000000 0.000149 1.000000 -19.489229 200.000000 -19.489229 0.012187 4.874812 0.000000 30.163339 200.000000 30.163339 0.214786 85.914535 0.587785 1.010397 200.000000 1.010397 0.100630 40.252087 0.809017 0.421194 200.000000 0.421194
 12.000000 -0.016899 0.999857 0.803524 0.595272 -0.016900 0.933193 0.999857 -0.016899 0.595272 0.803524 0.000002 0.000816 1.000000 -19.489229 200.000000 -19.489229 0.028558 11.423368 0.000000 30.163339 200.000000 30.163339 0.005605 2.241912 0.587785 1.010397 200.000000 1.010397 0.003017 1.206725 0.809017 0.421194 200.000000 0.421194
 12.200000 0.020393 0.999792 0.785643 0.618680 0.020395 0.903735 0.999792 0.020393 0.618680 0.785643 0.000004 0.001730 1.000000 -19.489229 200.000000 -19.489229 0.041589 16.635717 0.000000 30.163339 200.000000 30.163339 0.095450 38.179965 0.587785 1.010397 200.000000 1.010397 0.054635 21.853911 0.809017 0.421194 200.000000 0.421194
 12.400000 0.033773 0.999430 0.786222 0.617944 0.033779 0.904671 0.999430 0.033773 0.617944 0.786222 0.000033 0.013018 1.000000 -19.489229 200.000000 -19.489229 0.114062 45.624744 0.000000 30.163339 200.000000 30.163339 0.090957 36.382731 0.587785 1.010397 200.000000 1.010397 0.051962 20.784695 0.809017 0.421194 200.000000 0.421194
 12.600000 -0.001146 0.999999 0.783991 0.620772 -0.001146 0.901069 0.999999 -0.001146 0.620772 0.783991 0.000000 0.000000 1.000000 -19.489229 200.000000 -19.489229 0.000131 0.052532 0.000000 30.163339 200.000000 30.163339 0.108813 43.525026 0.587785 1.010397 200.000000 1.010397 0.062629 25.051717 0.809017 0.421194 200.000000 0.421194
 12.800000 -0.007117 0.999975 0.827524 0.561430 -0.007117 0.974684 0.999975 -0.007117 0.561430 0.827524 0.000000 0.000026 1.000000 -19.489229 200.000000 -19.489229 0.005065 2.026118 0.000000 30.163339 200.000000 30.163339 0.069460 27.784150 0.587785 1.010397 200.000000 1.010397 0.034252 13.700799 0.809017 0.421194 200.000000 0.421194
 13.000000 -0.003064 0.999995 0.807623 0.589699 -0.003064 0.940110 0.999995 -0.003064 0.589699 0.807623 0.000000 0.000001 1.000000 -19.489229 200.000000 -19.489229 0.000939 0.375526 0.000000 30.163339 200.000000 30.163339 0.000366 0.146469 0.587785 1.010397 200.000000 1.010397 0.000194 0.077701 0.809017 0.421194 200.000000 0.421194
 13.200000 -0.018206 0.999834 0.841837 0.539731 -0.018207 1.000679 0.999834 -0.018206 0.539731 0.841837 0.000003 0.001099 1.000000 -19.489229 200.000000 -19.489229 0.033147 13.258936 0.000000 30.163339 200.000000 30.163339 0.230919 92.367684 0.587785 1.010397 200.000000 1.010397 0.107718 43.087201 0.809017 0.421194 200.000000 0.421194
 13.400000 0.072358 0.997379 0.824095 0.566451 0.072422 0.968603 0.997379 0.072358 0.566451 0.824095 0.000687 0.274850 1.000000 -19.489229 200.000000 -19.489229 0.523574 209.429585 0.000000 30.163339 200.000000 30.163339 0.045514 18.205557 0.587785 1.010397 200.000000 1.010397 0.022735 9.094138 0.809017 0.421194 200.000000 0.421194
 13.600000 0.101628 0.994822 0.786711 0.617321 0.101804 0.905463 0.994822 0.101628 0.617321 0.786711 0.002681 1.072275 1.000000 -19.489229 200.000000 -19.489229 1.032826 413.130580 0.000000 30.163339 200.000000 30.163339 0.087238 34.895031 0.587785 1.010397 200.000000 1.010397 0.049755 19.901996 0.809017 0.421194 200.000000 0.421194
 13.800000 -0.081521 0.996672 0.839778 0.542930 -0.081612 0.996874 0.996672 -0.081521 0.542930 0.839778 0.001108 0.443125 1.000000 -19.489229 200.000000 -19.489229 0.664568 265.827345 0.000000 30.163339 200.000000 30.163339 0.201202 80.480829 0.587785 1.010397 200.000000 1.010397 0.094625 37.849950 0.809017 0.421194 200.000000 0.421194
 14.000000 -0.001566 0.999999 0.842775 0.538266 -0.001566 1.002418 0.999999 -0.001566 0.538266 0.842775 0.000000 0.000000 1.000000 -19.489229 200.000000 -19.489229 0.000245 0.098041 0.000000 30.163339 200.000000 30.163339 0.245216 98.086263 0.587785 1.010397 200.000000 1.010397 0.113960 45.584142 0.809017 0.421194 200.000000 0.421194
 14.200000 0.113016 0.993593 0.756722 0.653737 0.113258 0.858284 0.993593 0.113016 0.653737 0.756722 0.004105 1.641899 1.000000 -19.489229 200.000000 -19.489229 1.277261 510.904536 0.000000 30.163339 200.000000 30.163339 0.434959 173.983588 0.587785 1.010397 200.000000 1.010397 0.273475 109.390163 0.809017 0.421194 200.000000 0.421194
 14.400000 -0.007781 0.999970 0.801227 0.598361 -0.007781 0.929342 0.999970 -0.007781 0.598361 0.801227 0.000000 0.000037 1.000000 -19.489229 200.000000 -19.489229 0.006055 2.421949 0.000000 30.163339 200.000000 30.163339 0.011185 4.473893 0.587785 1.010397 200.000000 1.010397 0.006069 2.427610 0.809017 0.421194 200.000000 0.421194
 14.600000 0.100645 0.994922 0.772706 0.634764 0.100816 0.883094 0.994922 0.100645 0.634764 0.772706 0.002578 1.031274 1.000000 -19.489229 200.000000 -19.489229 1.012938 405.175381 0.000000 30.163339 200.000000 30.163339 0.220696 88.278287 0.587785 1.010397 200.000000 1.010397 0.131845 52.738184 0.809017 0.421194 200.000000 0.421194
 14.800000 -0.032069 0.999486 0.831011 0.556256 -0.032075 0.980923 0.999486 -0.032069 0.556256 0.831011 0.000026 0.010583 1.000000 -19.489229 200.000000 -19.489229 0.102845 41.138081 0.000000 30.163339 200.000000 30.163339 0.099410 39.764171 0.587785 1.010397 200.000000 1.010397 0.048374 19.349627 0.809017 0.421194 200.000000 0.421194
 15.000000 -0.053979 0.998542 0.827942 0.560814 -0.054005 0.975428 0.998542 -0.053979 0.560814 0.827942 0.000213 0.085023 1.000000 -19.489229 200.000000 -19.489229 0.291375 116.550086 0.000000 30.163339 200.000000 30.163339 0.072745 29.098193 0.587785 1.010397 200.000000 1.010397 0.035815 14.326082 0.809017 0.421194 200.000000 0.421194
 15.200000 -0.030038 0.999549 0.837183 0.546923 -0.030042 0.992112 0.999549 -0.030038 0.546923 0.837183 0.000020 0.008144 1.000000 -19.489229 200.000000 -19.489229 0.090226 36.090581 0.000000 30.163339 200.000000 30.163339 0.166969 66.787743 0.587785 1.010397 200.000000 1.010397 0.079331 31.732220 0.809017 0.421194 200.000000 0.421194
 15.400000 0.003933 0.999992 0.835658 0.549250 0.003933 0.989329 0.999992 0.003933 0.549250 0.835658 0.000000 0.000002 1.000000 -19.489229 200.000000 -19.489229 0.001546 0.618585 0.000000 30.163339 200.000000 30.163339 0.148494 59.397679 0.587785 1.010397 200.000000 1.010397 0.070974 28.389481 0.809017 0.421194 200.000000 0.421194
 15.600000 -0.055490 0.998459 0.854845 0.518884 -0.055518 1.025252 0.998459 -0.055490 0.518884 0.854845 0.000237 0.094957 1.000000 -19.489229 200.000000 -19.489229 0.307913 123.165169 0.000000 30.163339 200.000000 30.163339 0.474741 189.896351 0.587785 1.010397 200.000000 1.010397 0.210019 84.007425 0.809017 0.421194 200.000000 0.421194
 15.800000 0.030859 0.999524 0.798727 0.601694 0.030864 0.925176 0.999524 0.030859 0.601694 0.798727 0.000023 0.009073 1.000000 -19.489229 200.000000 -19.489229 0.095230 38.091839 0.000000 30.163339 200.000000 30.163339 0.019346 7.738411 0.587785 1.010397 200.000000 1.010397 0.010589 4.235768 0.809017 0.421194 200.000000 0.421194
 16.000000 -0.025060 0.999686 0.773253 0.634098 -0.025063 0.883955 0.999686 -0.025060 0.634098 0.773253 0.000010 0.003945 1.000000 -19.489229 200.000000 -19.489229 0.062801 25.120567 0.000000 30.163339 200.000000 30.163339 0.214485 85.793820 0.587785 1.010397 200.000000 1.010397 0.127907 51.162776 0.809017 0.421194 200.000000 0.421194
 16.200000 -0.013970 0.999902 0.830344 0.557251 -0.013971 0.979725 0.999902 -0.013970 0.557251 0.830344 0.000001 0.000381 1.000000 -19.489229 200.000000 -19.489229 0.019517 7.806903 0.000000 30.163339 200.000000 30.163339 0.093235 37.294058 0.587785 1.010397 200.000000 1.010397 0.045485 18.194020 0.809017 0.421194 200.000000 0.421194
 16.400000 0.013411 0.999910 0.803911 0.594750 0.013412 0.933842 0.999910 0.013411 0.594750 0.803911 0.000001 0.000324 1.000000 -19.489229 200.000000 -19.489229 0.017986 7.194428 0.000000 30.163339 200.000000 30.163339 0.004850 1.940119 0.587785 1.010397 200.000000 1.010397 0.002607 1.042861 0.809017 0.421194 200.000000 0.421194
 16.600000 0.006532 0.999979 0.775533 0.631307 0.006532 0.887559 0.999979 0.006532 0.631307 0.775533 0.000000 0.000018 1.000000 -19.489229 200.000000 -19.489229 0.004266 1.706600 0.000000 30.163339 200.000000 30.163339 0.189412 75.764690 0.587785 1.010397 200.000000 1.010397 0.112116 44.846417 0.809017 0.421194 200.000000 0.421194
 16.800000 -0.025671 0.999670 0.827357 0.561677 -0.025674 0.974385 0.999670 -0.025671 0.561677 0.827357 0.000011 0.004344 1.000000 -19.489229 200.000000 -19.489229 0.065899 26.359704 0.000000 30.163339 200.000000 30.163339 0.068163 27.265346 0.587785 1.010397 200.000000 1.010397 0.033634 13.453512 0.809017 0.421194 200.000000 0.421194
 17.000000 -0.070341 0.997523 0.831554 0.555444 -0.070399 0.981900 0.997523 -0.070341 0.555444 0.831554 0.000614 0.245418 1.000000 -19.489229 200.000000 -19.489229 0.494783 197.913323 0.000000 30.163339 200.000000 30.163339 0.104596 41.838575 0.587785 1.010397 200.000000 1.010397 0.050792 20.316710 0.809017 0.421194 200.000000 0.421194
 17.200000 -0.020414 0.999792 0.839675 0.543090 -0.020415 0.996684 0.999792 -0.020414 0.543090 0.839675 0.000004 0.001737 1.000000 -19.489229 200.000000 -19.489229 0.041673 16.669167 0.000000 30.163339 200.000000 30.163339 0.199768 79.907226 0.587785 1.010397 200.000000 1.010397 0.093989 37.595553 0.809017 0.421194 200.000000 0.421194
 17.400000 0.063484 0.997983 0.827582 0.561344 0.063526 0.974787 0.997983 0.063484 0.561344 0.827582 0.000407 0.162752 1.000000 -19.489229 200.000000 -19.489229 0.403019 161.207466 0.000000 30.163339 200.000000 30.163339 0.069912 27.964690 0.587785 1.010397 200.000000 1.010397 0.034467 13.786797 0.809017 0.421194 200.000000 0.421194
 17.600000 0.010970 0.999940 0.798439 0.602076 0.010970 0.924698 0.999940 0.010970 0.602076 0.798439 0.000000 0.000145 1.000000 -19.489229 200.000000 -19.489229 0.012033 4.813378 0.000000 30.163339 200.000000 30.163339 0.020421 8.168586 0.587785 1.010397 200.000000 1.010397 0.011189 4.475700 0.809017 0.421194 200.000000 0.421194
 17.800000 0.007885 0.999969 0.821172 0.570681 0.007885 0.963461 0.999969 0.007885 0.570681 0.821172 0.000000 0.000039 1.000000 -19.489229 200.000000 -19.489229 0.006217 2.486799 0.000000 30.163339 200.000000 30.163339 0.029255 11.702083 0.587785 1.010397 200.000000 1.010397 0.014774 5.909547 0.809017 0.421194 200.000000 0.421194
 18.000000 0.030193 0.999544 0.818928 0.573896 0.030198 0.959541 0.999544 0.030193 0.573896 0.818928 0.000021 0.008315 1.000000 -19.489229 200.000000 -19.489229 0.091164 36.465429 0.000000 30.163339 200.000000 30.163339 0.019292 7.716879 0.587785 1.010397 200.000000 1.010397 0.009824 3.929485 0.809017 0.421194 200.000000 0.421194
 18.200000 -0.050427 0.998728 0.787952 0.615736 -0.050448 0.907476 0.998728 -0.050427 0.615736 0.787952 0.000162 0.064745 1.000000 -19.489229 200.000000 -19.489229 0.254288 101.715101 0.000000 30.163339 200.000000 30.163339 0.078127 31.250744 0.587785 1.010397 200.000000 1.010397 0.044373 17.749051 0.809017 0.421194 200.000000 0.421194
 18.400000 0.037203 0.999308 0.790024 0.613076 0.037211 0.910848 0.999308 0.037203 0.613076 0.790024 0.000048 0.019169 1.000000 -19.489229 200.000000 -19.489229 0.138403 55.361230 0.000000 30.163339 200.000000 30.163339 0.063961 25.584425 0.587785 1.010397 200.000000 1.010397 0.036073 14.429189 0.809017 0.421194 200.000000 0.421194
 18.600000 0.015371 0.999882 0.804396 0.594093 0.015371 0.934658 0.999882 0.015371 0.594093 0.804396 0.000001 0.000558 1.000000 -19.489229 200.000000 -19.489229 0.023626 9.450574 0.000000 30.163339 200.000000 30.163339 0.003979 1.591692 0.587785 1.010397 200.000000 1.010397 0.002135 0.854109 0.809017 0.421194 200.000000 0.421194
 18.800000 0.014739 0.999891 0.785936 0.618307 0.014739 0.904209 0.999891 0.014739 0.618307 0.785936 0.000001 0.000472 1.000000 -19.489229 200.000000 -19.489229 0.021722 8.688980 0.000000 30.163339 200.000000 30.163339 0.093160 37.263843 0.587785 1.010397 200.000000 1.010397 0.053271 21.308502 0.809017 0.421194 200.000000 0.421194
 19.000000 0.015052 0.999887 0.833150 0.553046 0.015053 0.984780 0.999887 0.015052 0.553046 0.833150 0.000001 0.000513 1.000000 -19.489229 200.000000 -19.489229 0.022657 9.062644 0.000000 30.163339 200.000000 30.163339 0.120679 48.271430 0.587785 1.010397 200.000000 1.010397 0.058242 23.296916 0.809017 0.421194 200.000000 0.421194
 19.200000 -0.065891 0.997827 0.807515 0.589847 -0.065939 0.939927 0.997827 -0.065891 0.589847 0.807515 0.000472 0.188913 1.000000 -19.489229 200.000000 -19.489229 0.434168 173.667387 0.000000 30.163339 200.000000 30.163339 0.000425 0.170048 0.587785 1.010397 200.000000 1.010397 0.000226 0.090245 0.809017 0.421194 200.000000 0.421194
 19.400000 -0.009985 0.999950 0.799357 0.600856 -0.009985 0.926224 0.999950 -0.009985 0.600856 0.799357 0.000000 0.000099 1.000000 -19.489229 200.000000 -19.489229 0.009970 3.987960 0.000000 30.163339 200.000000 30.163339 0.017085 6.834067 0.587785 1.010397 200.000000 1.010397 0.009331 3.732561 0.809017 0.421194 200.000000 0.421194
 19.600000 0.048296 0.998833 0.820542 0.571587 0.048315 0.962358 0.998833 0.048296 0.571587 0.820542 0.000136 0.054470 1.000000 -19.489229 200.000000 -19.489229 0.233251 93.300359 0.000000 30.163339 200.000000 30.163339 0.026240 10.495954 0.587785 1.010397 200.000000 1.010397 0.013282 5.312847 0.809017 0.421194 200.000000 0.421194
 19.800000 -0.036702 0.999326 0.840082 0.542459 -0.036710 0.997434 0.999326 -0.036702 0.542459 0.840082 0.000045 0.018158 1.000000 -19.489229 200.000000 -19.489229 0.134705 53.881928 0.000000 30.163339 200.000000 30.163339 0.205443 82.177077 0.587785 1.010397 200.000000 1.010397 0.096503 38.601326 0.809017 0.421194 200.000000 0.421194
 20.000000 0.007758 0.999970 0.840206 0.542268 0.007759 0.997662 0.999970 0.007758 0.542268 0.840206 0.000000 0.000036 1.000000 -19.489229 200.000000 -19.489229 0.006019 2.407749 0.000000 30.163339 200.000000 30.163339 0.207181 82.872472 0.587785 1.010397 200.000000 1.010397 0.097272 38.908965 0.809017 0.421194 200.000000 0.421194
