#! FIELDS time sin_phi cos_phi sin_psi cos_psi phi psi cos_phi sin_phi cos_psi sin_psi restraint_phi_cos.bias restraint_phi_cos.force2 restraint_phi_cos.cos_phi_cntr restraint_phi_cos.cos_phi_work restraint_phi_cos.cos_phi_kappa restraint_phi_cos.work restraint_phi_sin.bias restraint_phi_sin.force2 restraint_phi_sin.sin_phi_cntr restraint_phi_sin.sin_phi_work restraint_phi_sin.sin_phi_kappa restraint_phi_sin.work restraint_psi_cos.bias restraint_psi_cos.force2 restraint_psi_cos.cos_psi_cntr restraint_psi_cos.cos_psi_work restraint_psi_cos.cos_psi_kappa restraint_psi_cos.work restraint_psi_sin.bias restraint_psi_sin.force2 restraint_psi_sin.sin_psi_cntr restraint_psi_sin.sin_psi_work restraint_psi_sin.sin_psi_kappa restraint_psi_sin.work
#! SET min_phi -pi
#! SET max_phi pi
#! SET min_psi -pi
#! SET max_psi pi
 0.000000 -0.999983 -0.005782 0.966116 0.258110 -1.576579 1.309731 -0.005782 -0.999983 0.258110 0.966116 0.000000 0.000000 -0.009747 0.000000 0.000000 0.000000 0.000000 0.000000 -0.999953 0.000000 0.000000 0.000000 0.000000 0.000000 0.256142 0.000000 0.000000 0.000000 0.000000 0.000000 0.966639 0.000000 0.000000 0.000000
 0.200000 -1.000000 -0.000266 0.834656 0.550772 -1.571062 0.987508 -0.000266 -1.000000 0.550772 0.834656 0.000899 0.035955 -0.009747 0.429321 20.000000 0.429321 0.000000 0.000001 -0.999953 0.008204 20.000000 0.008204 0.868065 34.722587 0.256142 0.437497 20.000000 0.437497 0.174196 6.967822 0.966639 0.079186 20.000000 0.079186
 0.400000 -0.998237 0.059346 0.982967 0.183784 -1.511415 1.385962 0.059346 -0.998237 0.183784 0.982967 0.095476 7.638063 -0.009747 0.576152 40.000000 0.576152 0.000059 0.004706 -0.999953 0.009175 40.000000 0.009175 0.104715 8.377184 0.256142 0.652623 40.000000 0.652623 0.005332 0.426545 0.966639 0.103853 40.000000 0.103853
 0.600000 -0.997905 0.064694 0.969726 0.244195 -1.506057 1.324107 0.064694 -0.997905 0.244195 0.969726 0.166241 19.948918 -0.009747 0.652738 60.000000 0.652738 0.000126 0.015090 -0.999953 0.009549 60.000000 0.009549 0.004282 0.513884 0.256142 0.812950 60.000000 0.812950 0.000286 0.034310 0.966639 0.126978 60.000000 0.126978
 0.800000 -0.999998 0.001900 0.948099 0.317977 -1.568897 1.247202 0.001900 -0.999998 0.317977 0.948099 0.005425 0.868058 -0.009747 0.745436 80.000000 0.745436 0.000000 0.000013 -0.999953 0.009931 80.000000 0.009931 0.152938 24.470136 0.256142 0.870390 80.000000 0.870390 0.013750 2.199994 0.966639 0.131256 80.000000 0.131256
 1.000000 -0.997907 -0.064664 0.983714 0.179740 -1.635505 1.390074 -0.064664 -0.997907 0.179740 0.983714 0.150795 30.158950 -0.009747 0.830200 100.000000 0.830200 0.000209 0.041836 -0.999953 0.010215 100.000000 0.010215 0.291866 58.373296 0.256142 0.906285 100.000000 0.906285 0.014578 2.915589 0.966639 0.133900 100.000000 0.133900
 1.200000 -0.998632 0.052283 0.985233 0.171221 -1.518489 1.398728 0.052283 -0.998632 0.171221 0.985233 0.230861 55.406593 -0.009747 0.926076 120.000000 0.926076 0.000105 0.025098 -0.999953 0.010632 120.000000 0.010632 0.432703 103.848639 0.256142 0.992002 120.000000 0.992002 0.020743 4.978426 0.966639 0.141239 120.000000 0.141239
 1.400000 -0.999099 0.042450 0.979951 0.199238 -1.528334 1.370216 0.042450 -0.999099 0.199238 0.979951 0.190711 53.399045 -0.009747 0.960891 140.000000 0.960891 0.000051 0.014291 -0.999953 0.010712 140.000000 0.010712 0.226664 63.465860 0.256142 1.092922 140.000000 1.092922 0.012405 3.473287 0.966639 0.149514 140.000000 0.149514
 1.600000 -0.999952 0.009788 0.961509 0.274775 -1.561008 1.292441 0.009788 -0.999952 0.274775 0.961509 0.030528 9.768983 -0.009747 1.007034 160.000000 1.007034 0.000000 0.000000 -0.999953 0.010844 160.000000 0.010844 0.027774 8.887593 0.256142 1.162404 160.000000 1.162404 0.002106 0.673841 0.966639 0.156247 160.000000 0.156247
 1.800000 -0.999822 -0.018890 0.970255 0.242087 -1.589688 1.326281 -0.018890 -0.999822 0.242087 0.970255 0.007525 2.709001 -0.009747 1.052059 180.000000 1.052059 0.000002 0.000556 -0.999953 0.010933 180.000000 0.010933 0.017781 6.401157 0.256142 1.193843 180.000000 1.193843 0.001177 0.423550 0.966639 0.158902 180.000000 0.158902
 2.000000 -0.987244 0.159215 0.942677 0.333708 -1.410901 1.230562 0.159215 -0.987244 0.333708 0.942677 2.854784 1141.913410 -0.009747 1.082091 200.000000 1.082091 0.016151 6.460231 -0.999953 0.011014 200.000000 0.011014 0.601639 240.655703 0.256142 1.219996 200.000000 1.219996 0.057420 22.968050 0.966639 0.161398 200.000000 0.161398
 2.200000 -0.982429 0.186636 0.952919 0.303226 -1.383060 1.262721 0.186636 -0.982429 0.303226 0.952919 0.927813 371.125162 0.090313 0.769233 200.000000 0.769233 0.013730 5.492005 -0.994147 0.010318 200.000000 0.010318 1.992129 796.851779 0.162083 1.430024 200.000000 1.430024 0.004795 1.917983 0.945994 0.230088 200.000000 0.230088
 2.400000 -0.990641 0.136494 0.986738 0.162323 -1.433874 1.407752 0.136494 -0.990641 0.162323 0.986738 0.012457 4.982881 0.125333 0.650679 200.000000 0.650679 0.000217 0.086891 -0.992115 0.009310 200.000000 0.009310 0.889242 355.696996 0.068023 1.749056 200.000000 1.749056 0.376852 150.740899 0.925349 0.448600 200.000000 0.448600
 2.600000 -0.999321 0.036850 0.983197 0.182548 -1.533938 1.387219 0.036850 -0.999321 0.182548 0.983197 0.782931 313.172367 0.125333 0.650679 200.000000 0.650679 0.005193 2.077122 -0.992115 0.009310 200.000000 0.009310 4.350750 1740.300191 -0.026036 2.020776 200.000000 2.020776 0.616105 246.441887 0.904705 0.784753 200.000000 0.784753
 2.800000 -0.998094 0.061710 0.999520 -0.030990 -1.509048 1.601791 0.061710 -0.998094 -0.030990 0.999520 0.404797 161.918945 0.125333 0.650679 200.000000 0.650679 0.003575 1.430152 -0.992115 0.009310 200.000000 0.009310 0.793993 317.597040 -0.120096 1.933188 200.000000 1.933188 1.333100 533.239810 0.884060 1.198209 200.000000 1.198209
 3.000000 -0.997840 0.065690 0.995068 -0.099198 -1.505059 1.670158 0.065690 -0.997840 -0.099198 0.995068 0.355727 142.290800 0.125333 0.650679 200.000000 0.650679 0.003278 1.311187 -0.992115 0.009310 200.000000 0.009310 1.321528 528.611261 -0.214156 1.831840 200.000000 1.831840 1.733245 693.298076 0.863415 1.643196 200.000000 1.643196
 3.200000 -0.996907 0.078585 0.934664 -0.355534 -1.492130 1.934281 0.078585 -0.996907 -0.355534 0.934664 0.218541 87.416557 0.125333 0.650679 200.000000 0.650679 0.002297 0.918810 -0.992115 0.009310 200.000000 0.009310 0.223901 89.560406 -0.308215 1.128599 200.000000 1.128599 0.844440 337.775967 0.842770 2.051108 200.000000 2.051108
 3.400000 -0.982397 0.186807 0.943959 -0.330063 -1.382885 1.907166 0.186807 -0.982397 -0.330063 0.943959 0.377903 151.161114 0.125333 0.650679 200.000000 0.650679 0.009444 3.777639 -0.992115 0.009310 200.000000 0.009310 0.521463 208.585014 -0.402275 0.420292 200.000000 0.420292 1.484346 593.738518 0.822125 2.400156 200.000000 2.400156
 3.600000 -0.991180 0.132521 0.873141 -0.487468 -1.437884 2.079984 0.132521 -0.991180 -0.487468 0.873141 0.005166 2.066563 0.125333 0.650679 200.000000 0.650679 0.000087 0.034932 -0.992115 0.009310 200.000000 0.009310 0.007861 3.144515 -0.496335 -0.270479 200.000000 -0.270479 0.513520 205.407822 0.801480 2.647248 200.000000 2.647248
 3.800000 -0.999260 0.038465 0.829800 -0.558061 -1.532322 2.162843 0.038465 -0.999260 -0.558061 0.829800 0.754617 301.846957 0.125333 0.650679 200.000000 0.650679 0.005105 2.042193 -0.992115 0.009310 200.000000 0.009310 0.104546 41.818314 -0.590394 -0.718095 200.000000 -0.718095 0.239752 95.900951 0.780836 2.764918 200.000000 2.764918
 4.000000 -0.998033 0.062684 0.785580 -0.618760 -1.508071 2.237959 0.062684 -0.998033 -0.618760 0.785580 0.392495 156.998110 0.125333 0.650679 200.000000 0.650679 0.003503 1.401258 -0.992115 0.009310 200.000000 0.009310 0.034836 13.934202 -0.637424 -0.608434 200.000000 -0.608434 0.022702 9.080651 0.770513 2.806948 200.000000 2.806948
 4.200000 -0.998921 0.046440 0.803519 -0.595279 -1.524340 2.208409 0.046440 -0.998921 -0.595279 0.803519 0.622413 248.965376 0.125333 0.650679 200.000000 0.650679 0.004633 1.853071 -0.992115 0.009310 200.000000 0.009310 0.177624 71.049457 -0.637424 -0.608434 200.000000 -0.608434 0.108941 43.576254 0.770513 2.806948 200.000000 2.806948
 4.400000 -0.993626 0.112727 0.793834 -0.608135 -1.457830 2.224505 0.112727 -0.993626 -0.608135 0.793834 0.015893 6.357174 0.125333 0.650679 200.000000 0.650679 0.000228 0.091367 -0.992115 0.009310 200.000000 0.009310 0.085787 34.314752 -0.637424 -0.608434 200.000000 -0.608434 0.054385 21.754189 0.770513 2.806948 200.000000 2.806948
 4.600000 -0.985412 0.170189 0.849330 -0.527863 -1.399775 2.126878 0.170189 -0.985412 -0.527863 0.849330 0.201200 80.480073 0.125333 0.650679 200.000000 0.650679 0.004493 1.797310 -0.992115 0.009310 200.000000 0.009310 1.200370 480.147910 -0.637424 -0.608434 200.000000 -0.608434 0.621205 248.481857 0.770513 2.806948 200.000000 2.806948
 4.800000 -0.986449 0.164071 0.770327 -0.637649 -1.405980 2.262238 0.164071 -0.986449 -0.637649 0.770327 0.150061 60.024336 0.125333 0.650679 200.000000 0.650679 0.003211 1.284213 -0.992115 0.009310 200.000000 0.009310 0.000005 0.002021 -0.637424 -0.608434 200.000000 -0.608434 0.000003 0.001384 0.770513 2.806948 200.000000 2.806948
 5.000000 -0.997332 0.072993 0.791239 -0.611508 -1.497739 2.228761 0.072993 -0.997332 -0.611508 0.791239 0.273952 109.580641 0.125333 0.650679 200.000000 0.650679 0.002723 1.089002 -0.992115 0.009310 200.000000 0.009310 0.067166 26.866426 -0.637424 -0.608434 200.000000 -0.608434 0.042954 17.181581 0.770513 2.806948 200.000000 2.806948
 5.200000 -0.993160 0.116763 0.786850 -0.617144 -1.453766 2.235904 0.116763 -0.993160 -0.617144 0.786850 0.007345 2.938002 0.125333 0.650679 200.000000 0.650679 0.000109 0.043690 -0.992115 0.009310 200.000000 0.009310 0.041127 16.450997 -0.637424 -0.608434 200.000000 -0.608434 0.026690 10.675808 0.770513 2.806948 200.000000 2.806948
 5.400000 -0.994285 0.106760 0.740376 -0.672193 -1.463833 2.307963 0.106760 -0.994285 -0.672193 0.740376 0.034497 13.798762 0.125333 0.650679 200.000000 0.650679 0.000471 0.188379 -0.992115 0.009310 200.000000 0.009310 0.120886 48.354431 -0.637424 -0.608434 200.000000 -0.608434 0.090824 36.329485 0.770513 2.806948 200.000000 2.806948
 5.600000 -0.996273 0.086252 0.801806 -0.597584 -1.484437 2.211281 0.086252 -0.996273 -0.597584 0.801806 0.152735 61.093847 0.125333 0.650679 200.000000 0.650679 0.001729 0.691776 -0.992115 0.009310 200.000000 0.009310 0.158719 63.487469 -0.637424 -0.608434 200.000000 -0.608434 0.097923 39.169358 0.770513 2.806948 200.000000 2.806948
 5.800000 -0.998938 0.046064 0.742435 -0.669918 -1.524716 2.304895 0.046064 -0.998938 -0.669918 0.742435 0.628357 251.342980 0.125333 0.650679 200.000000 0.650679 0.004656 1.862558 -0.992115 0.009310 200.000000 0.009310 0.105587 42.234989 -0.637424 -0.608434 200.000000 -0.608434 0.078839 31.535729 0.770513 2.806948 200.000000 2.806948
 6.000000 -0.999981 0.006235 0.752668 -0.658400 -1.564561 2.289488 0.006235 -0.999981 -0.658400 0.752668 1.418439 567.375493 0.125333 0.650679 200.000000 0.650679 0.006187 2.474871 -0.992115 0.009310 200.000000 0.009310 0.044000 17.600001 -0.637424 -0.608434 200.000000 -0.608434 0.031845 12.738011 0.770513 2.806948 200.000000 2.806948
 6.200000 -0.981156 0.193217 0.827886 -0.560896 -1.376356 2.166264 0.193217 -0.981156 -0.560896 0.827886 0.460827 184.330893 0.125333 0.650679 200.000000 0.650679 0.012009 4.803768 -0.992115 0.009310 200.000000 0.009310 0.585650 234.259880 -0.637424 -0.608434 200.000000 -0.608434 0.329165 131.665838 0.770513 2.806948 200.000000 2.806948
 6.400000 -0.989088 0.147325 0.780093 -0.625664 -1.422933 2.246778 0.147325 -0.989088 -0.625664 0.780093 0.048365 19.346151 0.125333 0.650679 200.000000 0.650679 0.000916 0.366417 -0.992115 0.009310 200.000000 0.009310 0.013831 5.532205 -0.637424 -0.608434 200.000000 -0.608434 0.009177 3.670813 0.770513 2.806948 200.000000 2.806948
 6.600000 -0.989038 0.147661 0.759437 -0.650581 -1.422594 2.279146 0.147661 -0.989038 -0.650581 0.759437 0.049852 19.940619 0.125333 0.650679 200.000000 0.650679 0.000947 0.378624 -0.992115 0.009310 200.000000 0.009310 0.017311 6.924500 -0.637424 -0.608434 200.000000 -0.608434 0.012269 4.907601 0.770513 2.806948 200.000000 2.806948
 6.800000 -0.981680 0.190536 0.787117 -0.616804 -1.379089 2.235472 0.190536 -0.981680 -0.616804 0.787117 0.425135 170.054025 0.125333 0.650679 200.000000 0.650679 0.010888 4.355083 -0.992115 0.009310 200.000000 0.009310 0.042518 17.007395 -0.637424 -0.608434 200.000000 -0.608434 0.027568 11.027121 0.770513 2.806948 200.000000 2.806948
 7.000000 -0.981198 0.193002 0.756441 -0.654062 -1.376576 2.283738 0.193002 -0.981198 -0.654062 0.756441 0.457906 183.162436 0.125333 0.650679 200.000000 0.650679 0.011917 4.766656 -0.992115 0.009310 200.000000 0.009310 0.027682 11.072643 -0.637424 -0.608434 200.000000 -0.608434 0.019802 7.920971 0.770513 2.806948 200.000000 2.806948
 7.200000 -0.991017 0.133739 0.780459 -0.625206 -1.436655 2.246192 0.133739 -0.991017 -0.625206 0.780459 0.007066 2.826315 0.125333 0.650679 200.000000 0.650679 0.000121 0.048235 -0.992115 0.009310 200.000000 0.009310 0.014927 5.970718 -0.637424 -0.608434 200.000000 -0.608434 0.009893 3.957043 0.770513 2.806948 200.000000 2.806948
 7.400000 -0.998338 0.057635 0.774683 -0.632350 -1.513129 2.255379 0.057635 -0.998338 -0.632350 0.774683 0.458304 183.321552 0.125333 0.650679 200.000000 0.650679 0.003873 1.549037 -0.992115 0.009310 200.000000 0.009310 0.002575 1.029904 -0.637424 -0.608434 200.000000 -0.608434 0.001739 0.695476 0.770513 2.806948 200.000000 2.806948
 7.600000 -0.995095 0.098927 0.749013 -0.662555 -1.471708 2.295022 0.098927 -0.995095 -0.662555 0.749013 0.069731 27.892376 0.125333 0.650679 200.000000 0.650679 0.000888 0.355223 -0.992115 0.009310 200.000000 0.009310 0.063158 25.263316 -0.637424 -0.608434 200.000000 -0.608434 0.046226 18.490422 0.770513 2.806948 200.000000 2.806948
 7.800000 -0.999013 0.044427 0.775274 -0.631625 -1.526355 2.254443 0.044427 -0.999013 -0.631625 0.775274 0.654579 261.831577 0.125333 0.650679 200.000000 0.650679 0.004758 1.903254 -0.992115 0.009310 200.000000 0.009310 0.003363 1.345358 -0.637424 -0.608434 200.000000 -0.608434 0.002267 0.906765 0.770513 2.806948 200.000000 2.806948
 8.000000 -0.983170 0.182696 0.771569 -0.636145 -1.387069 2.260288 0.182696 -0.983170 -0.636145 0.771569 0.329044 131.617493 0.125333 0.650679 200.000000 0.650679 0.008002 3.200642 -0.992115 0.009310 200.000000 0.009310 0.000164 0.065426 -0.637424 -0.608434 200.000000 -0.608434 0.000112 0.044625 0.770513 2.806948 200.000000 2.806948
 8.200000 -0.979841 0.199778 0.774535 -0.632531 -1.369665 2.255613 0.199778 -0.979841 -0.632531 0.774535 0.554196 221.678456 0.125333 0.650679 200.000000 0.650679 0.015064 6.025483 -0.992115 0.009310 200.000000 0.009310 0.002394 0.957716 -0.637424 -0.608434 200.000000 -0.608434 0.001618 0.647037 0.770513 2.806948 200.000000 2.806948
 8.400000 -0.988563 0.150809 0.788437 -0.615116 -1.419410 2.233329 0.150809 -0.988563 -0.615116 0.788437 0.064901 25.960548 0.125333 0.650679 200.000000 0.650679 0.001262 0.504605 -0.992115 0.009310 200.000000 0.009310 0.049765 19.906180 -0.637424 -0.608434 200.000000 -0.608434 0.032125 12.850104 0.770513 2.806948 200.000000 2.806948
 8.600000 -0.992813 0.119680 0.742659 -0.669670 -1.450829 2.304561 0.119680 -0.992813 -0.669670 0.742659 0.003196 1.278524 0.125333 0.650679 200.000000 0.650679 0.000049 0.019480 -0.992115 0.009310 200.000000 0.009310 0.103981 41.592389 -0.637424 -0.608434 200.000000 -0.608434 0.077587 31.034945 0.770513 2.806948 200.000000 2.806948
 8.800000 -0.991518 0.129969 0.722188 -0.691696 -1.440459 2.334632 0.129969 -0.991518 -0.691696 0.722188 0.002149 0.859584 0.125333 0.650679 200.000000 0.650679 0.000036 0.014239 -0.992115 0.009310 200.000000 0.009310 0.294549 117.819583 -0.637424 -0.608434 200.000000 -0.608434 0.233529 93.411435 0.770513 2.806948 200.000000 2.806948
 9.000000 -0.983470 0.181073 0.773530 -0.633759 -1.388719 2.257200 0.181073 -0.983470 -0.633759 0.773530 0.310690 124.276039 0.125333 0.650679 200.000000 0.650679 0.007474 2.989447 -0.992115 0.009310 200.000000 0.009310 0.001343 0.537186 -0.637424 -0.608434 200.000000 -0.608434 0.000910 0.364101 0.770513 2.806948 200.000000 2.806948
 9.200000 -0.998672 0.051524 0.758276 -0.651933 -1.519249 2.280928 0.051524 -0.998672 -0.651933 0.758276 0.544779 217.911777 0.125333 0.650679 200.000000 0.650679 0.004299 1.719797 -0.992115 0.009310 200.000000 0.009310 0.021052 8.420990 -0.637424 -0.608434 200.000000 -0.608434 0.014975 5.989830 0.770513 2.806948 200.000000 2.806948
 9.400000 -0.996666 0.081594 0.777054 -0.629433 -1.489112 2.251620 0.081594 -0.996666 -0.629433 0.777054 0.191316 76.526531 0.125333 0.650679 200.000000 0.650679 0.002071 0.828460 -0.992115 0.009310 200.000000 0.009310 0.006385 2.553976 -0.637424 -0.608434 200.000000 -0.608434 0.004279 1.711484 0.770513 2.806948 200.000000 2.806948
 9.600000 -0.995048 0.099396 0.707826 -0.706387 -1.471236 2.355177 0.099396 -0.995048 -0.706387 0.707826 0.067275 26.909954 0.125333 0.650679 200.000000 0.650679 0.000860 0.344163 -0.992115 0.009310 200.000000 0.009310 0.475591 190.236275 -0.637424 -0.608434 200.000000 -0.608434 0.392972 157.188833 0.770513 2.806948 200.000000 2.806948
 9.800000 -0.985883 0.167433 0.768874 -0.639400 -1.402571 2.264514 0.167433 -0.985883 -0.639400 0.768874 0.177237 70.894859 0.125333 0.650679 200.000000 0.650679 0.003883 1.553117 -0.992115 0.009310 200.000000 0.009310 0.000390 0.156159 -0.637424 -0.608434 200.000000 -0.608434 0.000269 0.107432 0.770513 2.806948 200.000000 2.806948
 10.000000 -0.982074 0.188497 0.767321 -0.641264 -1.381165 2.266940 0.188497 -0.982074 -0.641264 0.767321 0.398968 159.587073 0.125333 0.650679 200.000000 0.650679 0.010082 4.032834 -0.992115 0.009310 200.000000 0.009310 0.001474 0.589692 -0.637424 -0.608434 200.000000 -0.608434 0.001019 0.407695 0.770513 2.806948 200.000000 2.806948
 10.200000 -0.974107 0.226090 0.751470 -0.659767 -1.342735 2.291305 0.226090 -0.974107 -0.659767 0.751470 1.015184 406.073498 0.125333 0.650679 200.000000 0.650679 0.032429 12.971785 -0.992115 0.009310 200.000000 0.009310 0.049920 19.967998 -0.637424 -0.608434 200.000000 -0.608434 0.036263 14.505151 0.770513 2.806948 200.000000 2.806948
 10.400000 -0.996657 0.081701 0.715917 -0.698185 -1.489004 2.343656 0.081701 -0.996657 -0.698185 0.715917 0.190379 76.151661 0.125333 0.650679 200.000000 0.650679 0.002063 0.825264 -0.992115 0.009310 200.000000 0.009310 0.369195 147.678025 -0.637424 -0.608434 200.000000 -0.608434 0.298075 119.230058 0.770513 2.806948 200.000000 2.806948
 10.600000 -0.982331 0.187154 0.758769 -0.651360 -1.382532 2.280171 0.187154 -0.982331 -0.651360 0.758769 0.382184 152.873659 0.125333 0.650679 200.000000 0.650679 0.009573 3.829198 -0.992115 0.009310 200.000000 0.009310 0.019420 7.768187 -0.637424 -0.608434 200.000000 -0.608434 0.013793 5.517018 0.770513 2.806948 200.000000 2.806948
 10.800000 -0.995510 0.094656 0.748796 -0.662800 -1.475998 2.295349 0.094656 -0.995510 -0.662800 0.748796 0.094106 37.642568 0.125333 0.650679 200.000000 0.650679 0.001153 0.461121 -0.992115 0.009310 200.000000 0.009310 0.064396 25.758416 -0.637424 -0.608434 200.000000 -0.608434 0.047163 18.865282 0.770513 2.806948 200.000000 2.806948
 11.000000 -0.992287 0.123963 0.778147 -0.628082 -1.446514 2.249883 0.123963 -0.992287 -0.628082 0.778147 0.000188 0.075123 0.125333 0.650679 200.000000 0.650679 0.000003 0.001186 -0.992115 0.009310 200.000000 0.009310 0.008726 3.490549 -0.637424 -0.608434 200.000000 -0.608434 0.005827 2.330829 0.770513 2.806948 200.000000 2.806948
 11.200000 -0.991005 0.133822 0.703455 -0.710739 -1.436571 2.361345 0.133822 -0.991005 -0.710739 0.703455 0.007206 2.882598 0.125333 0.650679 200.000000 0.650679 0.000123 0.049227 -0.992115 0.009310 200.000000 0.009310 0.537514 215.005585 -0.637424 -0.608434 200.000000 -0.608434 0.449674 179.869790 0.770513 2.806948 200.000000 2.806948
 11.400000 -0.989281 0.146026 0.719672 -0.694314 -1.424246 2.338263 0.146026 -0.989281 -0.694314 0.719672 0.042820 17.127856 0.125333 0.650679 200.000000 0.650679 0.000803 0.321255 -0.992115 0.009310 200.000000 0.009310 0.323650 129.460024 -0.637424 -0.608434 200.000000 -0.608434 0.258484 103.393425 0.770513 2.806948 200.000000 2.806948
 11.600000 -0.982784 0.184757 0.671843 -0.740694 -1.384972 2.404899 0.184757 -0.982784 -0.740694 0.671843 0.353120 141.247898 0.125333 0.650679 200.000000 0.650679 0.008706 3.482321 -0.992115 0.009310 200.000000 0.009310 1.066463 426.585149 -0.637424 -0.608434 200.000000 -0.608434 0.973584 389.433512 0.770513 2.806948 200.000000 2.806948
 11.800000 -0.997083 0.076328 0.744605 -0.667506 -1.494394 2.301650 0.076328 -0.997083 -0.667506 0.744605 0.240153 96.061232 0.125333 0.650679 200.000000 0.650679 0.002468 0.987271 -0.992115 0.009310 200.000000 0.009310 0.090491 36.196513 -0.637424 -0.608434 200.000000 -0.608434 0.067126 26.850239 0.770513 2.806948 200.000000 2.806948
 12.000000 -0.967309 0.253599 0.769146 -0.639073 -1.314397 2.264089 0.253599 -0.967309 -0.639073 0.769146 1.645218 658.087324 0.125333 0.650679 200.000000 0.650679 0.061530 24.612200 -0.992115 0.009310 200.000000 0.009310 0.000272 0.108782 -0.637424 -0.608434 200.000000 -0.608434 0.000187 0.074774 0.770513 2.806948 200.000000 2.806948
 12.200000 -0.991245 0.132036 0.744064 -0.668108 -1.438374 2.302460 0.132036 -0.991245 -0.668108 0.744064 0.004493 1.797108 0.125333 0.650679 200.000000 0.650679 0.000076 0.030261 -0.992115 0.009310 200.000000 0.009310 0.094152 37.660911 -0.637424 -0.608434 200.000000 -0.608434 0.069956 27.982280 0.770513 2.806948 200.000000 2.806948
 12.400000 -0.992322 0.123677 0.750031 -0.661403 -1.446801 2.293484 0.123677 -0.992322 -0.661403 0.750031 0.000274 0.109671 0.125333 0.650679 200.000000 0.650679 0.000004 0.001727 -0.992115 0.009310 200.000000 0.009310 0.057499 22.999682 -0.637424 -0.608434 200.000000 -0.608434 0.041953 16.781333 0.770513 2.806948 200.000000 2.806948
 12.600000 -0.983584 0.180450 0.797378 -0.603480 -1.389353 2.218655 0.180450 -0.983584 -0.603480 0.797378 0.303781 121.512289 0.125333 0.650679 200.000000 0.650679 0.007277 2.910749 -0.992115 0.009310 200.000000 0.009310 0.115219 46.087590 -0.637424 -0.608434 200.000000 -0.608434 0.072172 28.868784 0.770513 2.806948 200.000000 2.806948
 12.800000 -0.984134 0.177424 0.707398 -0.706815 -1.392428 2.355782 0.177424 -0.984134 -0.706815 0.707398 0.271346 108.538391 0.125333 0.650679 200.000000 0.650679 0.006368 2.547354 -0.992115 0.009310 200.000000 0.009310 0.481515 192.605820 -0.637424 -0.608434 200.000000 -0.608434 0.398351 159.340330 0.770513 2.806948 200.000000 2.806948
 13.000000 -0.999431 0.033724 0.731389 -0.681961 -1.537066 2.321237 0.033724 -0.999431 -0.681961 0.731389 0.839223 335.689101 0.125333 0.650679 200.000000 0.650679 0.005353 2.141234 -0.992115 0.009310 200.000000 0.009310 0.198354 79.341456 -0.637424 -0.608434 200.000000 -0.608434 0.153074 61.229408 0.770513 2.806948 200.000000 2.806948
 13.200000 -0.995046 0.099417 0.744314 -0.667830 -1.471215 2.302086 0.099417 -0.995046 -0.667830 0.744314 0.067167 26.866684 0.125333 0.650679 200.000000 0.650679 0.000859 0.343674 -0.992115 0.009310 200.000000 0.009310 0.092451 36.980401 -0.637424 -0.608434 200.000000 -0.608434 0.068640 27.455873 0.770513 2.806948 200.000000 2.806948
 13.400000 -0.999877 0.015694 0.708847 -0.705363 -1.555102 2.353731 0.015694 -0.999877 -0.705363 0.708847 1.202076 480.830373 0.125333 0.650679 200.000000 0.650679 0.006025 2.410033 -0.992115 0.009310 200.000000 0.009310 0.461567 184.626969 -0.637424 -0.608434 200.000000 -0.608434 0.380278 152.111348 0.770513 2.806948 200.000000 2.806948
 13.600000 -0.998155 0.060711 0.773512 -0.633781 -1.510047 2.257228 0.060711 -0.998155 -0.633781 0.773512 0.417597 167.038759 0.125333 0.650679 200.000000 0.650679 0.003649 1.459580 -0.992115 0.009310 200.000000 0.009310 0.001327 0.530773 -0.637424 -0.608434 200.000000 -0.608434 0.000899 0.359775 0.770513 2.806948 200.000000 2.806948
 13.800000 -0.990154 0.139984 0.794094 -0.607795 -1.430351 2.224077 0.139984 -0.990154 -0.607795 0.794094 0.021465 8.585979 0.125333 0.650679 200.000000 0.650679 0.000385 0.153814 -0.992115 0.009310 200.000000 0.009310 0.087789 35.115682 -0.637424 -0.608434 200.000000 -0.608434 0.055606 22.242400 0.770513 2.806948 200.000000 2.806948
 14.000000 -0.992390 0.123131 0.729642 -0.683829 -1.447352 2.323794 0.123131 -0.992390 -0.683829 0.729642 0.000485 0.193969 0.125333 0.650679 200.000000 0.650679 0.000008 0.003041 -0.992115 0.009310 200.000000 0.009310 0.215346 86.138345 -0.637424 -0.608434 200.000000 -0.608434 0.167046 66.818441 0.770513 2.806948 200.000000 2.806948
 14.200000 -0.978223 0.207557 0.828017 -0.560703 -1.361720 2.166031 0.207557 -0.978223 -0.560703 0.828017 0.676070 270.427863 0.125333 0.650679 200.000000 0.650679 0.019298 7.719184 -0.992115 0.009310 200.000000 0.009310 0.588616 235.446299 -0.637424 -0.608434 200.000000 -0.608434 0.330671 132.268225 0.770513 2.806948 200.000000 2.806948
 14.400000 -0.984174 0.177202 0.772463 -0.635060 -1.392653 2.258882 0.177202 -0.984174 -0.635060 0.772463 0.269039 107.615734 0.125333 0.650679 200.000000 0.650679 0.006305 2.521897 -0.992115 0.009310 200.000000 0.009310 0.000559 0.223550 -0.637424 -0.608434 200.000000 -0.608434 0.000380 0.152041 0.770513 2.806948 200.000000 2.806948
 14.600000 -0.995849 0.091019 0.785472 -0.618898 -1.479651 2.238135 0.091019 -0.995849 -0.618898 0.785472 0.117746 47.098572 0.125333 0.650679 200.000000 0.650679 0.001395 0.557845 -0.992115 0.009310 200.000000 0.009310 0.034322 13.728778 -0.637424 -0.608434 200.000000 -0.608434 0.022375 8.949999 0.770513 2.806948 200.000000 2.806948
 14.800000 -0.990362 0.138500 0.762454 -0.647043 -1.431850 2.274496 0.138500 -0.990362 -0.647043 0.762454 0.017337 6.934721 0.125333 0.650679 200.000000 0.650679 0.000307 0.122821 -0.992115 0.009310 200.000000 0.009310 0.009252 3.700869 -0.637424 -0.608434 200.000000 -0.608434 0.006496 2.598268 0.770513 2.806948 200.000000 2.806948
 15.000000 -0.999619 0.027592 0.748149 -0.663531 -1.543201 2.296324 0.027592 -0.999619 -0.663531 0.748149 0.955338 382.135317 0.125333 0.650679 200.000000 0.650679 0.005632 2.252744 -0.992115 0.009310 200.000000 0.009310 0.068155 27.262063 -0.637424 -0.608434 200.000000 -0.608434 0.050015 20.006008 0.770513 2.806948 200.000000 2.806948
 15.200000 -0.992239 0.124345 0.812712 -0.582666 -1.446128 2.192801 0.124345 -0.992239 -0.582666 0.812712 0.000098 0.039033 0.125333 0.650679 200.000000 0.650679 0.000002 0.000618 -0.992115 0.009310 200.000000 0.009310 0.299845 119.938022 -0.637424 -0.608434 200.000000 -0.608434 0.178072 71.228734 0.770513 2.806948 200.000000 2.806948
 15.400000 -0.996667 0.081575 0.736480 -0.676459 -1.489131 2.313741 0.081575 -0.996667 -0.676459 0.736480 0.191480 76.592197 0.125333 0.650679 200.000000 0.650679 0.002073 0.829019 -0.992115 0.009310 200.000000 0.009310 0.152376 60.950397 -0.637424 -0.608434 200.000000 -0.608434 0.115826 46.330562 0.770513 2.806948 200.000000 2.806948
 15.600000 -0.988474 0.151391 0.795571 -0.605860 -1.418821 2.221643 0.151391 -0.988474 -0.605860 0.795571 0.067899 27.159615 0.125333 0.650679 200.000000 0.650679 0.001325 0.530186 -0.992115 0.009310 200.000000 0.009310 0.099627 39.850977 -0.637424 -0.608434 200.000000 -0.608434 0.062790 25.115941 0.770513 2.806948 200.000000 2.806948
 15.800000 -0.991532 0.129864 0.780398 -0.625283 -1.440565 2.246290 0.129864 -0.991532 -0.625283 0.780398 0.002052 0.820953 0.125333 0.650679 200.000000 0.650679 0.000034 0.013588 -0.992115 0.009310 200.000000 0.009310 0.014741 5.896206 -0.637424 -0.608434 200.000000 -0.608434 0.009771 3.908443 0.770513 2.806948 200.000000 2.806948
 16.000000 -0.994185 0.107689 0.782542 -0.622598 -1.462898 2.242854 0.107689 -0.994185 -0.622598 0.782542 0.031132 12.452768 0.125333 0.650679 200.000000 0.650679 0.000428 0.171384 -0.992115 0.009310 200.000000 0.009310 0.021982 8.792988 -0.637424 -0.608434 200.000000 -0.608434 0.014470 5.787865 0.770513 2.806948 200.000000 2.806948
 16.200000 -0.993326 0.115340 0.819158 -0.573569 -1.455199 2.181652 0.115340 -0.993326 -0.573569 0.819158 0.009986 3.994360 0.125333 0.650679 200.000000 0.650679 0.000147 0.058693 -0.992115 0.009310 200.000000 0.009310 0.407751 163.100341 -0.637424 -0.608434 200.000000 -0.608434 0.236627 94.650624 0.770513 2.806948 200.000000 2.806948
 16.400000 -0.988661 0.150167 0.743232 -0.669034 -1.420059 2.303705 0.150167 -0.988661 -0.669034 0.743232 0.061674 24.669538 0.125333 0.650679 200.000000 0.650679 0.001193 0.477239 -0.992115 0.009310 200.000000 0.009310 0.099920 39.968011 -0.637424 -0.608434 200.000000 -0.608434 0.074428 29.771321 0.770513 2.806948 200.000000 2.806948
 16.600000 -0.984523 0.175257 0.810174 -0.586190 -1.394630 2.197144 0.175257 -0.984523 -0.586190 0.810174 0.249237 99.694680 0.125333 0.650679 200.000000 0.650679 0.005764 2.305511 -0.992115 0.009310 200.000000 0.009310 0.262493 104.997336 -0.637424 -0.608434 200.000000 -0.608434 0.157295 62.918062 0.770513 2.806948 200.000000 2.806948
 16.800000 -0.996290 0.086057 0.779642 -0.626226 -1.484633 2.247499 0.086057 -0.996290 -0.626226 0.779642 0.154262 61.704935 0.125333 0.650679 200.000000 0.650679 0.001743 0.697397 -0.992115 0.009310 200.000000 0.009310 0.012541 5.016203 -0.637424 -0.608434 200.000000 -0.608434 0.008333 3.333328 0.770513 2.806948 200.000000 2.806948
 17.000000 -0.992424 0.122860 0.772674 -0.634803 -1.447625 2.258549 0.122860 -0.992424 -0.634803 0.772674 0.000611 0.244590 0.125333 0.650679 200.000000 0.650679 0.000010 0.003826 -0.992115 0.009310 200.000000 0.009310 0.000687 0.274853 -0.637424 -0.608434 200.000000 -0.608434 0.000467 0.186807 0.770513 2.806948 200.000000 2.806948
 17.200000 -0.994830 0.101554 0.820750 -0.571288 -1.469067 2.178870 0.101554 -0.994830 -0.571288 0.820750 0.056543 22.617392 0.125333 0.650679 200.000000 0.650679 0.000737 0.294912 -0.992115 0.009310 200.000000 0.009310 0.437403 174.961116 -0.637424 -0.608434 200.000000 -0.608434 0.252373 100.949188 0.770513 2.806948 200.000000 2.806948
 17.400000 -0.997159 0.075321 0.760619 -0.649199 -1.495404 2.277327 0.075321 -0.997159 -0.649199 0.760619 0.250118 100.047271 0.125333 0.650679 200.000000 0.650679 0.002545 1.017922 -0.992115 0.009310 200.000000 0.009310 0.013865 5.546144 -0.637424 -0.608434 200.000000 -0.608434 0.009791 3.916235 0.770513 2.806948 200.000000 2.806948
 17.600000 -0.997002 0.077371 0.765633 -0.643277 -1.493348 2.269568 0.077371 -0.997002 -0.643277 0.765633 0.230041 92.016314 0.125333 0.650679 200.000000 0.650679 0.002389 0.955583 -0.992115 0.009310 200.000000 0.009310 0.003426 1.370524 -0.637424 -0.608434 200.000000 -0.608434 0.002382 0.952614 0.770513 2.806948 200.000000 2.806948
 17.800000 -0.999898 0.014263 0.810216 -0.586132 -1.556533 2.197072 0.014263 -0.999898 -0.586132 0.810216 1.233661 493.464401 0.125333 0.650679 200.000000 0.650679 0.006058 2.423363 -0.992115 0.009310 200.000000 0.009310 0.263090 105.235883 -0.637424 -0.608434 200.000000 -0.608434 0.157629 63.051655 0.770513 2.806948 200.000000 2.806948
 18.000000 -0.997350 0.072752 0.794574 -0.607167 -1.497980 2.223287 0.072752 -0.997350 -0.607167 0.794574 0.276480 110.591999 0.125333 0.650679 200.000000 0.650679 0.002741 1.096364 -0.992115 0.009310 200.000000 0.009310 0.091546 36.618489 -0.637424 -0.608434 200.000000 -0.608434 0.057892 23.156713 0.770513 2.806948 200.000000 2.806948
 18.200000 -0.997048 0.076787 0.802446 -0.596725 -1.493934 2.210209 0.076787 -0.997048 -0.596725 0.802446 0.235675 94.270151 0.125333 0.650679 200.000000 0.650679 0.002433 0.973313 -0.992115 0.009310 200.000000 0.009310 0.165644 66.257647 -0.637424 -0.608434 200.000000 -0.608434 0.101971 40.788328 0.770513 2.806948 200.000000 2.806948
 18.400000 -0.993707 0.112012 0.799034 -0.601287 -1.458549 2.215907 0.112012 -0.993707 -0.601287 0.799034 0.017745 7.098141 0.125333 0.650679 200.000000 0.650679 0.000253 0.101397 -0.992115 0.009310 200.000000 0.009310 0.130592 52.236718 -0.637424 -0.608434 200.000000 -0.608434 0.081341 32.536213 0.770513 2.806948 200.000000 2.806948
 18.600000 -0.991867 0.127275 0.794542 -0.607209 -1.443175 2.223340 0.127275 -0.991867 -0.607209 0.794542 0.000377 0.150810 0.125333 0.650679 200.000000 0.650679 0.000006 0.002445 -0.992115 0.009310 200.000000 0.009310 0.091294 36.517594 -0.637424 -0.608434 200.000000 -0.608434 0.057738 23.095398 0.770513 2.806948 200.000000 2.806948
 18.800000 -0.985896 0.167357 0.801401 -0.598128 -1.402648 2.211959 0.167357 -0.985896 -0.598128 0.801401 0.176600 70.640049 0.125333 0.650679 200.000000 0.650679 0.003867 1.546715 -0.992115 0.009310 200.000000 0.009310 0.154419 61.767563 -0.637424 -0.608434 200.000000 -0.608434 0.095404 38.161448 0.770513 2.806948 200.000000 2.806948
 19.000000 -0.986802 0.161931 0.812592 -0.582833 -1.408149 2.193008 0.161931 -0.986802 -0.582833 0.812592 0.133939 53.575622 0.125333 0.650679 200.000000 0.650679 0.002822 1.128951 -0.992115 0.009310 200.000000 0.009310 0.298012 119.204914 -0.637424 -0.608434 200.000000 -0.608434 0.177059 70.823560 0.770513 2.806948 200.000000 2.806948
 19.200000 -0.998323 0.057892 0.772903 -0.634525 -1.512872 2.258190 0.057892 -0.998323 -0.634525 0.772903 0.454835 181.934007 0.125333 0.650679 200.000000 0.650679 0.003854 1.541652 -0.992115 0.009310 200.000000 0.009310 0.000841 0.336263 -0.637424 -0.608434 200.000000 -0.608434 0.000571 0.228377 0.770513 2.806948 200.000000 2.806948
 19.400000 -0.997898 0.064808 0.775563 -0.631270 -1.505943 2.253986 0.064808 -0.997898 -0.631270 0.775563 0.366326 146.530346 0.125333 0.650679 200.000000 0.650679 0.003344 1.337736 -0.992115 0.009310 200.000000 0.009310 0.003787 1.514829 -0.637424 -0.608434 200.000000 -0.608434 0.002550 1.020036 0.770513 2.806948 200.000000 2.806948
 19.600000 -0.989331 0.145685 0.804352 -0.594153 -1.424591 2.207009 0.145685 -0.989331 -0.594153 0.804352 0.041419 16.567638 0.125333 0.650679 200.000000 0.650679 0.000775 0.309951 -0.992115 0.009310 200.000000 0.009310 0.187238 74.895170 -0.637424 -0.608434 200.000000 -0.608434 0.114506 45.802598 0.770513 2.806948 200.000000 2.806948
 19.800000 -0.999868 0.016250 0.808383 -0.588657 -1.554545 2.200192 0.016250 -0.999868 -0.588657 0.808383 1.189905 475.962015 0.125333 0.650679 200.000000 0.650679 0.006011 2.404516 -0.992115 0.009310 200.000000 0.009310 0.237825 95.130174 -0.637424 -0.608434 200.000000 -0.608434 0.143413 57.365274 0.770513 2.806948 200.000000 2.806948
 20.000000 -0.998067 0.062144 0.774885 -0.632103 -1.508613 2.255060 0.062144 -0.998067 -0.632103 0.774885 0.399291 159.716520 0.125333 0.650679 200.000000 0.650679 0.003543 1.417295 -0.992115 0.009310 200.000000 0.009310 0.002832 1.132650 -0.637424 -0.608434 200.000000 -0.608434 0.001911 0.764362 0.770513 2.806948 200.000000 2.806948
