#! FIELDS time sin_phi cos_phi sin_psi cos_psi phi psi cos_phi sin_phi cos_psi sin_psi restraint_phi_cos.bias restraint_phi_cos.force2 restraint_phi_cos.cos_phi_cntr restraint_phi_cos.cos_phi_work restraint_phi_cos.cos_phi_kappa restraint_phi_cos.work restraint_phi_sin.bias restraint_phi_sin.force2 restraint_phi_sin.sin_phi_cntr restraint_phi_sin.sin_phi_work restraint_phi_sin.sin_phi_kappa restraint_phi_sin.work restraint_psi_cos.bias restraint_psi_cos.force2 restraint_psi_cos.cos_psi_cntr restraint_psi_cos.cos_psi_work restraint_psi_cos.cos_psi_kappa restraint_psi_cos.work restraint_psi_sin.bias restraint_psi_sin.force2 restraint_psi_sin.sin_psi_cntr restraint_psi_sin.sin_psi_work restraint_psi_sin.sin_psi_kappa restraint_psi_sin.work
#! SET min_phi -pi
#! SET max_phi pi
#! SET min_psi -pi
#! SET max_psi pi
 0.000000 -0.999983 -0.005782 0.966116 0.258110 -1.576579 1.309731 -0.005782 -0.999983 0.258110 0.966116 0.000000 0.000000 -0.009747 0.000000 0.000000 0.000000 0.000000 0.000000 -0.999953 0.000000 0.000000 0.000000 0.000000 0.000000 0.256142 0.000000 0.000000 0.000000 0.000000 0.000000 0.966639 0.000000 0.000000 0.000000
 0.200000 -1.000000 -0.000266 0.834655 0.550773 -1.571062 0.987506 -0.000266 -1.000000 0.550773 0.834655 0.000899 0.035954 -0.009747 0.429322 20.000000 0.429322 0.000000 0.000001 -0.999953 0.008204 20.000000 0.008204 0.868072 34.722866 0.256142 0.437494 20.000000 0.437494 0.174198 6.967905 0.966639 0.079186 20.000000 0.079186
 0.400000 -0.998238 0.059333 0.982968 0.183778 -1.511428 1.385968 0.059333 -0.998238 0.183778 0.982968 0.095441 7.635246 -0.009747 0.576151 40.000000 0.576151 0.000059 0.004702 -0.999953 0.009175 40.000000 0.009175 0.104733 8.378618 0.256142 0.652620 40.000000 0.652620 0.005333 0.426605 0.966639 0.103852 40.000000 0.103852
 0.600000 -0.997905 0.064690 0.969721 0.244216 -1.506061 1.324085 0.064690 -0.997905 0.244216 0.969721 0.166224 19.946879 -0.009747 0.652738 60.000000 0.652738 0.000126 0.015086 -0.999953 0.009549 60.000000 0.009549 0.004267 0.512080 0.256142 0.812949 60.000000 0.812949 0.000285 0.034192 0.966639 0.126978 60.000000 0.126978
 0.800000 -0.999998 0.001894 0.948099 0.317975 -1.568902 1.247203 0.001894 -0.999998 0.317975 0.948099 0.005420 0.867200 -0.009747 0.745440 80.000000 0.745440 0.000000 0.000013 -0.999953 0.009931 80.000000 0.009931 0.152931 24.469032 0.256142 0.870396 80.000000 0.870396 0.013749 2.199883 0.966639 0.131256 80.000000 0.131256
 1.000000 -0.997905 -0.064690 0.983714 0.179740 -1.635531 1.390074 -0.064690 -0.997905 0.179740 0.983714 0.150938 30.187619 -0.009747 0.830208 100.000000 0.830208 0.000210 0.041905 -0.999953 0.010215 100.000000 0.010215 0.291867 58.373466 0.256142 0.906296 100.000000 0.906296 0.014578 2.915595 0.966639 0.133900 100.000000 0.133900
 1.200000 -0.998628 0.052357 0.985226 0.171262 -1.518415 1.398686 0.052357 -0.998628 0.171262 0.985226 0.231412 55.538994 -0.009747 0.926095 120.000000 0.926095 0.000105 0.025246 -0.999953 0.010633 120.000000 0.010633 0.432282 103.747643 0.256142 0.992025 120.000000 0.992025 0.020727 4.974582 0.966639 0.141240 120.000000 0.141240
 1.400000 -0.999098 0.042471 0.979939 0.199299 -1.528313 1.370154 0.042471 -0.999098 0.199299 0.979939 0.190866 53.442499 -0.009747 0.960898 140.000000 0.960898 0.000051 0.014321 -0.999953 0.010712 140.000000 0.010712 0.226180 63.330420 0.256142 1.092945 140.000000 1.092945 0.012382 3.466844 0.966639 0.149518 140.000000 0.149518
 1.600000 -0.999952 0.009779 0.961528 0.274706 -1.561018 1.292512 0.009779 -0.999952 0.274706 0.961528 0.030498 9.759450 -0.009747 1.007093 160.000000 1.007093 0.000000 0.000000 -0.999953 0.010845 160.000000 0.010845 0.027570 8.822428 0.256142 1.162447 160.000000 1.162447 0.002090 0.668714 0.966639 0.156254 160.000000 0.156254
 1.800000 -0.999816 -0.019191 0.970209 0.242271 -1.589988 1.326090 -0.019191 -0.999816 0.242271 0.970209 0.008027 2.889774 -0.009747 1.051966 180.000000 1.051966 0.000002 0.000605 -0.999953 0.010933 180.000000 0.010933 0.017316 6.233938 0.256142 1.193883 180.000000 1.193883 0.001147 0.412811 0.966639 0.158912 180.000000 0.158912
 2.000000 -0.987451 0.157923 0.943128 0.332430 -1.412209 1.231917 0.157923 -0.987451 0.332430 0.943128 2.811311 1124.524500 -0.009747 1.081900 200.000000 1.081900 0.015628 6.251093 -0.999953 0.011013 200.000000 0.011013 0.581986 232.794469 0.256142 1.219741 200.000000 1.219741 0.055278 22.111200 0.966639 0.161373 200.000000 0.161373
 2.200000 -0.995562 0.094104 0.873621 0.486608 -1.476553 1.062594 0.094104 -0.995562 0.486608 0.873621 0.857745 343.098028 0.001489 1.040183 200.000000 1.040183 0.414479 165.791485 -0.931182 0.447951 200.000000 0.447951 2.235548 894.219104 0.337090 1.051905 200.000000 1.051905 0.140996 56.398483 0.911170 0.257276 200.000000 0.257276
 2.400000 -0.999853 0.017133 0.862450 0.506142 -1.553663 1.040091 0.017133 -0.999853 0.506142 0.862450 0.001943 0.777015 0.012725 0.971827 200.000000 0.971827 1.889003 755.601271 -0.862412 1.843478 200.000000 1.843478 0.776219 310.487435 0.418038 0.768671 200.000000 0.768671 0.004556 1.822229 0.855701 0.593217 200.000000 0.593217
 2.600000 -0.993328 -0.115319 0.771651 0.636046 -1.686373 0.881433 -0.115319 -0.993328 0.636046 0.771651 1.939905 775.962153 0.023961 0.915521 200.000000 0.915521 3.987467 1594.986667 -0.793642 4.163902 200.000000 4.163902 1.878543 751.417247 0.498986 0.329240 200.000000 0.329240 0.081687 32.674665 0.800232 1.048034 200.000000 1.048034
 2.800000 -0.996527 0.083269 0.776135 0.630567 -1.487430 0.888513 0.083269 -0.996527 0.630567 0.776135 0.231094 92.437708 0.035197 0.850500 200.000000 0.850500 7.379652 2951.860697 -0.724872 7.421051 200.000000 7.421051 0.256368 102.547211 0.579934 -0.018406 200.000000 -0.018406 0.098420 39.368183 0.744763 1.622570 200.000000 1.622570
 3.000000 -0.998781 0.049351 0.713940 0.700207 -1.521425 0.795109 0.049351 -0.998781 0.700207 0.713940 0.000852 0.340623 0.046433 0.742859 200.000000 0.742859 11.742938 4697.175233 -0.656102 11.588424 200.000000 11.588424 0.154641 61.856528 0.660882 -0.534513 200.000000 -0.534513 0.060745 24.298065 0.689294 2.053709 200.000000 2.053709
 3.200000 -0.994244 0.107135 0.732057 0.681243 -1.463455 0.821337 0.107135 -0.994244 0.681243 0.732057 0.244692 97.876922 0.057669 0.620089 200.000000 0.620089 16.557803 6623.121082 -0.587332 16.666653 200.000000 16.666653 0.367082 146.832840 0.741830 -0.869325 200.000000 -0.869325 0.964970 385.987948 0.633825 2.336331 200.000000 2.336331
 3.400000 -0.980661 0.195712 0.621902 0.783095 -1.373812 0.671169 0.195712 -0.980661 0.783095 0.621902 1.608012 643.204743 0.068905 0.492503 200.000000 0.492503 21.353626 8541.450568 -0.518561 22.680271 200.000000 22.680271 0.067193 26.877286 0.809017 -0.942491 200.000000 -0.942491 0.116393 46.557200 0.587785 2.424184 200.000000 2.424184
 3.600000 -0.981702 0.190423 0.613045 0.790048 -1.379203 0.659909 0.190423 -0.981702 0.790048 0.613045 1.216223 486.489027 0.080141 0.294379 200.000000 0.294379 28.292900 11317.159982 -0.449791 29.558598 200.000000 29.558598 0.035982 14.392765 0.809017 -0.942491 200.000000 -0.942491 0.063805 25.521922 0.587785 2.424184 200.000000 2.424184
 3.800000 -0.973019 0.230724 0.614649 0.788800 -1.337974 0.661942 0.230724 -0.973019 0.788800 0.614649 1.941773 776.709266 0.091377 0.045412 200.000000 0.045412 35.046156 14018.462446 -0.381021 37.286622 200.000000 37.286622 0.040871 16.348484 0.809017 -0.942491 200.000000 -0.942491 0.072169 28.867471 0.587785 2.424184 200.000000 2.424184
 4.000000 -0.940615 0.339476 0.607346 0.794438 -1.224436 0.652715 0.339476 -0.940615 0.794438 0.607346 5.610432 2244.172823 0.102613 -0.308377 200.000000 -0.308377 39.484074 15793.629546 -0.312251 45.782194 200.000000 45.782194 0.021256 8.502421 0.809017 -0.942491 200.000000 -0.942491 0.038262 15.304700 0.587785 2.424184 200.000000 2.424184
 4.200000 -0.930432 0.366464 0.658462 0.752614 -1.195591 0.718774 0.366464 -0.930432 0.752614 0.658462 6.381441 2552.576259 0.113849 -0.793706 200.000000 -0.793706 47.190217 18876.086808 -0.243481 54.929407 200.000000 54.929407 0.318131 127.252493 0.809017 -0.942491 200.000000 -0.942491 0.499522 199.808776 0.587785 2.424184 200.000000 2.424184
 4.400000 -0.857043 0.515245 0.588792 0.808284 -1.029502 0.629564 0.515245 -0.857043 0.808284 0.588792 15.222531 6089.012342 0.125085 -1.422249 200.000000 -1.422249 46.557692 18623.076795 -0.174711 64.619540 200.000000 64.619540 0.000054 0.021468 0.809017 -0.942491 200.000000 -0.942491 0.000101 0.040564 0.587785 2.424184 200.000000 2.424184
 4.600000 -0.831034 0.556222 0.563341 0.826225 -0.980964 0.598424 0.556222 -0.831034 0.826225 0.563341 17.631705 7052.682143 0.136321 -2.241013 200.000000 -2.241013 52.576015 21030.406001 -0.105941 74.580154 200.000000 74.580154 0.029610 11.844098 0.809017 -0.942491 200.000000 -0.942491 0.059753 23.901221 0.587785 2.424184 200.000000 2.424184
 4.800000 -0.437314 0.899309 0.553275 0.832999 -0.452610 0.586291 0.899309 -0.437314 0.832999 0.553275 56.513132 22605.252677 0.147557 -3.433048 200.000000 -3.433048 16.011506 6404.602227 -0.037170 83.634163 200.000000 83.634163 0.057512 23.004789 0.809017 -0.942491 200.000000 -0.942491 0.119096 47.638234 0.587785 2.424184 200.000000 2.424184
 5.000000 0.125701 0.992068 0.590084 0.807342 0.126034 0.631163 0.992068 0.125701 0.807342 0.590084 69.434838 27773.935048 0.158793 -5.297804 200.000000 -5.297804 0.885499 354.199763 0.031600 84.906589 200.000000 84.906589 0.000281 0.112256 0.809017 -0.942491 200.000000 -0.942491 0.000528 0.211392 0.587785 2.424184 200.000000 2.424184
 5.200000 0.653197 0.757188 0.551811 0.833969 0.711798 0.584535 0.757188 0.653197 0.833969 0.551811 34.475682 13790.272936 0.170028 -6.832418 200.000000 -6.832418 30.561735 12224.694152 0.100370 78.712123 200.000000 78.712123 0.062260 24.904153 0.809017 -0.942491 200.000000 -0.942491 0.129413 51.765128 0.587785 2.424184 200.000000 2.424184
 5.400000 0.661538 0.749911 0.552334 0.833623 0.722868 0.585162 0.749911 0.661538 0.833623 0.552334 32.335925 12934.370192 0.181264 -8.036300 200.000000 -8.036300 24.245625 9698.250061 0.169140 70.973467 200.000000 70.973467 0.060544 24.217591 0.809017 -0.942491 200.000000 -0.942491 0.125677 50.270677 0.587785 2.424184 200.000000 2.424184
 5.600000 0.755115 0.655592 0.632850 0.774275 0.855830 0.685228 0.655592 0.755115 0.774275 0.632850 21.445382 8578.152757 0.192500 -9.186208 200.000000 -9.186208 26.750129 10700.051431 0.237910 63.998347 200.000000 63.998347 0.120703 48.281128 0.809017 -0.942491 200.000000 -0.942491 0.203080 81.232099 0.587785 2.424184 200.000000 2.424184
 5.800000 0.814826 0.579705 0.585794 0.810460 0.952430 0.625860 0.579705 0.814826 0.810460 0.585794 14.135261 5654.104548 0.203736 -10.081829 200.000000 -10.081829 25.821241 10328.496458 0.306680 56.729015 200.000000 56.729015 0.000208 0.083254 0.809017 -0.942491 200.000000 -0.942491 0.000396 0.158537 0.587785 2.424184 200.000000 2.424184
 6.000000 0.852246 0.523141 0.601492 0.798879 1.020264 0.645368 0.523141 0.852246 0.798879 0.601492 9.496793 3798.717130 0.214972 -10.896656 200.000000 -10.896656 22.733426 9093.370205 0.375450 50.178891 200.000000 50.178891 0.010279 4.111402 0.809017 -0.942491 200.000000 -0.942491 0.018788 7.515180 0.587785 2.424184 200.000000 2.424184
 6.200000 0.841395 0.540420 0.653167 0.757214 0.999860 0.711759 0.540420 0.841395 0.757214 0.653167 9.872917 3949.166916 0.226208 -11.552544 200.000000 -11.552544 15.774780 6309.911981 0.444221 44.048685 200.000000 44.048685 0.268353 107.341327 0.809017 -0.942491 200.000000 -0.942491 0.427473 170.989231 0.587785 2.424184 200.000000 2.424184
 6.400000 0.860060 0.510193 0.521300 0.853373 1.035388 0.548374 0.510193 0.860060 0.853373 0.521300 7.439175 2975.670069 0.237444 -12.152731 200.000000 -12.152731 12.045723 4818.289254 0.512991 38.745979 200.000000 38.745979 0.196747 78.698931 0.809017 -0.942491 200.000000 -0.942491 0.442023 176.809073 0.587785 2.424184 200.000000 2.424184
 6.600000 0.887961 0.459919 0.591389 0.806387 1.092892 0.632780 0.459919 0.887961 0.806387 0.591389 4.462195 1784.878061 0.248680 -12.591597 200.000000 -12.591597 9.375843 3750.337205 0.581761 33.961472 200.000000 33.961472 0.000692 0.276726 0.809017 -0.942491 200.000000 -0.942491 0.001298 0.519345 0.587785 2.424184 200.000000 2.424184
 6.800000 0.917429 0.397900 0.490002 0.871721 1.161569 0.512092 0.397900 0.917429 0.871721 0.490002 1.903965 761.585881 0.259916 -13.046001 200.000000 -13.046001 7.123440 2849.375990 0.650531 30.220827 200.000000 30.220827 0.393184 157.273704 0.809017 -0.942491 200.000000 -0.942491 0.956160 382.463860 0.587785 2.424184 200.000000 2.424184
 7.000000 0.932608 0.360890 0.509139 0.860684 1.201574 0.534184 0.360890 0.932608 0.860684 0.509139 0.805295 322.118167 0.271152 -13.368651 200.000000 -13.368651 4.549996 1819.998582 0.719301 27.109139 200.000000 27.109139 0.266952 106.780644 0.809017 -0.942491 200.000000 -0.942491 0.618525 247.409811 0.587785 2.424184 200.000000 2.424184
 7.200000 0.925341 0.379137 0.580609 0.814183 1.181933 0.619476 0.379137 0.925341 0.814183 0.580609 0.936034 374.413595 0.282388 -13.647233 200.000000 -13.647233 1.884289 753.715658 0.788071 24.901150 200.000000 24.901150 0.002669 1.067400 0.809017 -0.942491 200.000000 -0.942491 0.005150 2.060121 0.587785 2.424184 200.000000 2.424184
 7.400000 0.955071 0.296376 0.504250 0.863558 1.269901 0.528513 0.296376 0.955071 0.863558 0.504250 0.000757 0.302941 0.293624 -13.871447 200.000000 -13.871447 0.964913 385.965287 0.856841 23.553376 200.000000 23.553376 0.297471 118.988238 0.809017 -0.942491 200.000000 -0.942491 0.697818 279.127119 0.587785 2.424184 200.000000 2.424184
 7.600000 0.939462 0.342653 0.498476 0.866903 1.221057 0.521840 0.342653 0.939462 0.866903 0.498476 0.142830 57.131989 0.304860 -13.981467 200.000000 -13.981467 0.019184 7.673609 0.925612 22.942552 200.000000 22.942552 0.335082 134.032647 0.809017 -0.942491 200.000000 -0.942491 0.797606 319.042343 0.587785 2.424184 200.000000 2.424184
 7.800000 0.965866 0.259043 0.540521 0.841331 1.308765 0.571056 0.259043 0.965866 0.841331 0.540521 0.249737 99.894716 0.309017 -14.034879 200.000000 -14.034879 0.021931 8.772481 0.951057 22.996441 200.000000 22.996441 0.104418 41.767284 0.809017 -0.942491 200.000000 -0.942491 0.223395 89.358019 0.587785 2.424184 200.000000 2.424184
 8.000000 0.942264 0.334871 0.543782 0.839226 1.229328 0.574937 0.334871 0.942264 0.839226 0.543782 0.066841 26.736391 0.309017 -14.034879 200.000000 -14.034879 0.007731 3.092250 0.951057 22.996441 200.000000 22.996441 0.091261 36.504470 0.809017 -0.942491 200.000000 -0.942491 0.193628 77.451167 0.587785 2.424184 200.000000 2.424184
 8.200000 0.931833 0.362887 0.490441 0.871475 1.199432 0.512595 0.362887 0.931833 0.871475 0.490441 0.290201 116.080580 0.309017 -14.034879 200.000000 -14.034879 0.036954 14.781713 0.951057 22.996441 200.000000 22.996441 0.390095 156.037986 0.809017 -0.942491 200.000000 -0.942491 0.947597 379.038623 0.587785 2.424184 200.000000 2.424184
 8.400000 0.939078 0.343703 0.568536 0.822658 1.219939 0.604725 0.343703 0.939078 0.822658 0.568536 0.120314 48.125469 0.309017 -14.034879 200.000000 -14.034879 0.014348 5.739097 0.951057 22.996441 200.000000 22.996441 0.018608 7.443319 0.809017 -0.942491 200.000000 -0.942491 0.037052 14.820979 0.587785 2.424184 200.000000 2.424184
 8.600000 0.933532 0.358493 0.558847 0.829271 1.204143 0.592994 0.358493 0.933532 0.829271 0.558847 0.244786 97.914356 0.309017 -14.034879 200.000000 -14.034879 0.030709 12.283677 0.951057 22.996441 200.000000 22.996441 0.041022 16.408919 0.809017 -0.942491 200.000000 -0.942491 0.083744 33.497495 0.587785 2.424184 200.000000 2.424184
 8.800000 0.944517 0.328462 0.566841 0.823827 1.236121 0.602666 0.328462 0.944517 0.823827 0.566841 0.037811 15.124484 0.309017 -14.034879 200.000000 -14.034879 0.004276 1.710532 0.951057 22.996441 200.000000 22.996441 0.021934 8.773602 0.809017 -0.942491 200.000000 -0.942491 0.043866 17.546256 0.587785 2.424184 200.000000 2.424184
 9.000000 0.973762 0.227568 0.497790 0.867298 1.341217 0.521048 0.227568 0.973762 0.867298 0.497790 0.663399 265.359425 0.309017 -14.034879 200.000000 -14.034879 0.051555 20.622030 0.951057 22.996441 200.000000 22.996441 0.339666 135.866388 0.809017 -0.942491 200.000000 -0.942491 0.809923 323.969202 0.587785 2.424184 200.000000 2.424184
 9.200000 0.949105 0.314959 0.577083 0.816686 1.250383 0.615152 0.314959 0.949105 0.816686 0.577083 0.003531 1.412289 0.309017 -14.034879 200.000000 -14.034879 0.000381 0.152292 0.951057 22.996441 200.000000 22.996441 0.005881 2.352331 0.809017 -0.942491 200.000000 -0.942491 0.011454 4.581706 0.587785 2.424184 200.000000 2.424184
 9.400000 0.945166 0.326590 0.536045 0.844190 1.238103 0.565745 0.326590 0.945166 0.844190 0.536045 0.030880 12.351988 0.309017 -14.034879 200.000000 -14.034879 0.003470 1.387826 0.951057 22.996441 200.000000 22.996441 0.123711 49.484519 0.809017 -0.942491 200.000000 -0.942491 0.267709 107.083468 0.587785 2.424184 200.000000 2.424184
 9.600000 0.917537 0.397651 0.553050 0.833148 1.161841 0.586021 0.397651 0.917537 0.833148 0.553050 0.785599 314.239479 0.309017 -14.034879 200.000000 -14.034879 0.112357 44.942997 0.951057 22.996441 200.000000 22.996441 0.058230 23.291847 0.809017 -0.942491 200.000000 -0.942491 0.120651 48.260437 0.587785 2.424184 200.000000 2.424184
 9.800000 0.925082 0.379767 0.554548 0.832152 1.181252 0.587819 0.379767 0.925082 0.832152 0.554548 0.500556 200.222531 0.309017 -14.034879 200.000000 -14.034879 0.067467 26.986661 0.951057 22.996441 200.000000 22.996441 0.053522 21.408931 0.809017 -0.942491 200.000000 -0.942491 0.110473 44.189191 0.587785 2.424184 200.000000 2.424184
 10.000000 0.938376 0.345616 0.596485 0.802624 1.217901 0.639114 0.345616 0.938376 0.802624 0.596485 0.133949 53.579498 0.309017 -14.034879 200.000000 -14.034879 0.016079 6.431787 0.951057 22.996441 200.000000 22.996441 0.004087 1.634675 0.809017 -0.942491 200.000000 -0.942491 0.007568 3.027378 0.587785 2.424184 200.000000 2.424184
 10.200000 0.938263 0.345923 0.473694 0.880690 1.217574 0.493480 0.345923 0.938263 0.880690 0.473694 0.136206 54.482249 0.309017 -14.034879 200.000000 -14.034879 0.016368 6.547075 0.951057 22.996441 200.000000 22.996441 0.513698 205.479041 0.809017 -0.942491 200.000000 -0.942491 1.301690 520.675873 0.587785 2.424184 200.000000 2.424184
 10.400000 0.926690 0.375826 0.574213 0.818706 1.185508 0.611642 0.375826 0.926690 0.818706 0.574213 0.446344 178.537796 0.309017 -14.034879 200.000000 -14.034879 0.059372 23.748609 0.951057 22.996441 200.000000 22.996441 0.009388 3.755224 0.809017 -0.942491 200.000000 -0.942491 0.018422 7.368621 0.587785 2.424184 200.000000 2.424184
 10.600000 0.919744 0.392520 0.553309 0.832976 1.167427 0.586332 0.392520 0.919744 0.832976 0.553309 0.697268 278.907200 0.309017 -14.034879 200.000000 -14.034879 0.098050 39.219816 0.951057 22.996441 200.000000 22.996441 0.057404 22.961427 0.809017 -0.942491 200.000000 -0.942491 0.118861 47.544295 0.587785 2.424184 200.000000 2.424184
 10.800000 0.890386 0.455206 0.567586 0.823314 1.098193 0.603571 0.455206 0.890386 0.823314 0.567586 2.137116 854.846267 0.309017 -14.034879 200.000000 -14.034879 0.368088 147.235147 0.951057 22.996441 200.000000 22.996441 0.020441 8.176372 0.809017 -0.942491 200.000000 -0.942491 0.040801 16.320525 0.587785 2.424184 200.000000 2.424184
 11.000000 0.951136 0.308774 0.606800 0.794854 1.256893 0.652029 0.308774 0.951136 0.794854 0.606800 0.000006 0.002370 0.309017 -14.034879 200.000000 -14.034879 0.000001 0.000250 0.951057 22.996441 200.000000 22.996441 0.020058 8.023248 0.809017 -0.942491 200.000000 -0.942491 0.036157 14.462878 0.587785 2.424184 200.000000 2.424184
 11.200000 0.913525 0.406783 0.546897 0.837200 1.151867 0.578653 0.406783 0.913525 0.837200 0.546897 0.955815 382.326157 0.309017 -14.034879 200.000000 -14.034879 0.140862 56.344879 0.951057 22.996441 200.000000 22.996441 0.079428 31.771202 0.809017 -0.942491 200.000000 -0.942491 0.167186 66.874316 0.587785 2.424184 200.000000 2.424184
 11.400000 0.912824 0.408353 0.599141 0.800643 1.150147 0.642428 0.408353 0.912824 0.800643 0.599141 0.986766 394.706491 0.309017 -14.034879 200.000000 -14.034879 0.146172 58.468863 0.951057 22.996441 200.000000 22.996441 0.007012 2.804690 0.809017 -0.942491 200.000000 -0.942491 0.012896 5.158290 0.587785 2.424184 200.000000 2.424184
 11.600000 0.925015 0.379930 0.607545 0.794285 1.181075 0.652966 0.379930 0.925015 0.794285 0.607545 0.502868 201.147384 0.309017 -14.034879 200.000000 -14.034879 0.067815 27.126104 0.951057 22.996441 200.000000 22.996441 0.021702 8.680918 0.809017 -0.942491 200.000000 -0.942491 0.039045 15.617830 0.587785 2.424184 200.000000 2.424184
 11.800000 0.937610 0.347690 0.537897 0.843011 1.215690 0.567940 0.347690 0.937610 0.843011 0.537897 0.149557 59.822943 0.309017 -14.034879 200.000000 -14.034879 0.018082 7.232695 0.951057 22.996441 200.000000 22.996441 0.115557 46.222961 0.809017 -0.942491 200.000000 -0.942491 0.248886 99.554520 0.587785 2.424184 200.000000 2.424184
 12.000000 0.931338 0.364155 0.557929 0.829889 1.198071 0.591888 0.364155 0.931338 0.829889 0.557929 0.304019 121.607779 0.309017 -14.034879 200.000000 -14.034879 0.038881 15.552203 0.951057 22.996441 200.000000 22.996441 0.043563 17.425233 0.809017 -0.942491 200.000000 -0.942491 0.089140 35.656115 0.587785 2.424184 200.000000 2.424184
 12.200000 0.906483 0.422243 0.588375 0.808588 1.134878 0.629048 0.422243 0.906483 0.808588 0.588375 1.282008 512.803227 0.309017 -14.034879 200.000000 -14.034879 0.198682 79.472726 0.951057 22.996441 200.000000 22.996441 0.000018 0.007354 0.809017 -0.942491 200.000000 -0.942491 0.000035 0.013910 0.587785 2.424184 200.000000 2.424184
 12.400000 0.920297 0.391220 0.532240 0.846593 1.168840 0.561244 0.391220 0.920297 0.846593 0.532240 0.675730 270.291831 0.309017 -14.034879 200.000000 -14.034879 0.094613 37.845210 0.951057 22.996441 200.000000 22.996441 0.141199 56.479556 0.809017 -0.942491 200.000000 -0.942491 0.308526 123.410426 0.587785 2.424184 200.000000 2.424184
 12.600000 0.937529 0.347906 0.592013 0.805928 1.215459 0.633554 0.347906 0.937529 0.805928 0.592013 0.151238 60.495133 0.309017 -14.034879 200.000000 -14.034879 0.018299 7.319414 0.951057 22.996441 200.000000 22.996441 0.000954 0.381557 0.809017 -0.942491 200.000000 -0.942491 0.001787 0.714924 0.587785 2.424184 200.000000 2.424184
 12.800000 0.957426 0.288679 0.566536 0.824037 1.277949 0.602297 0.288679 0.957426 0.824037 0.566536 0.041363 16.545297 0.309017 -14.034879 200.000000 -14.034879 0.004057 1.622778 0.951057 22.996441 200.000000 22.996441 0.022559 9.023625 0.809017 -0.942491 200.000000 -0.942491 0.045151 18.060436 0.587785 2.424184 200.000000 2.424184
 13.000000 0.944290 0.329116 0.582690 0.812694 1.235429 0.622035 0.329116 0.944290 0.812694 0.582690 0.040396 16.158475 0.309017 -14.034879 200.000000 -14.034879 0.004579 1.831662 0.951057 22.996441 200.000000 22.996441 0.001352 0.540960 0.809017 -0.942491 200.000000 -0.942491 0.002596 1.038455 0.587785 2.424184 200.000000 2.424184
 13.200000 0.947260 0.320465 0.607240 0.794519 1.244576 0.652582 0.320465 0.947260 0.794519 0.607240 0.013106 5.242536 0.309017 -14.034879 200.000000 -14.034879 0.001441 0.576463 0.951057 22.996441 200.000000 22.996441 0.021020 8.408105 0.809017 -0.942491 200.000000 -0.942491 0.037848 15.139145 0.587785 2.424184 200.000000 2.424184
 13.400000 0.929445 0.368961 0.519193 0.854657 1.192906 0.545907 0.368961 0.929445 0.854657 0.519193 0.359326 143.730322 0.309017 -14.034879 200.000000 -14.034879 0.046706 18.682370 0.951057 22.996441 200.000000 22.996441 0.208299 83.319770 0.809017 -0.942491 200.000000 -0.942491 0.470485 188.194095 0.587785 2.424184 200.000000 2.424184
 13.600000 0.928699 0.370833 0.520807 0.853674 1.190890 0.547796 0.370833 0.928699 0.853674 0.520807 0.382127 152.850620 0.309017 -14.034879 200.000000 -14.034879 0.049984 19.993598 0.951057 22.996441 200.000000 22.996441 0.199429 79.771495 0.809017 -0.942491 200.000000 -0.942491 0.448608 179.443345 0.587785 2.424184 200.000000 2.424184
 13.800000 0.947239 0.320527 0.566612 0.823985 1.244510 0.602388 0.320527 0.947239 0.823985 0.566612 0.013248 5.299332 0.309017 -14.034879 200.000000 -14.034879 0.001457 0.582835 0.951057 22.996441 200.000000 22.996441 0.022403 8.961348 0.809017 -0.942491 200.000000 -0.942491 0.044831 17.932305 0.587785 2.424184 200.000000 2.424184
 14.000000 0.945849 0.324608 0.495152 0.868806 1.240199 0.518010 0.324608 0.945849 0.868806 0.495152 0.024308 9.723058 0.309017 -14.034879 200.000000 -14.034879 0.002712 1.084866 0.951057 22.996441 200.000000 22.996441 0.357476 142.990493 0.809017 -0.942491 200.000000 -0.942491 0.858090 343.236092 0.587785 2.424184 200.000000 2.424184
 14.200000 0.942805 0.333344 0.551624 0.834093 1.230948 0.584310 0.333344 0.942805 0.834093 0.551624 0.059183 23.673094 0.309017 -14.034879 200.000000 -14.034879 0.006809 2.723438 0.951057 22.996441 200.000000 22.996441 0.062880 25.151823 0.809017 -0.942491 200.000000 -0.942491 0.130762 52.304979 0.587785 2.424184 200.000000 2.424184
 14.400000 0.945720 0.324982 0.589874 0.807495 1.239804 0.630903 0.324982 0.945720 0.807495 0.589874 0.025487 10.194976 0.309017 -14.034879 200.000000 -14.034879 0.002848 1.139018 0.951057 22.996441 200.000000 22.996441 0.000232 0.092627 0.809017 -0.942491 200.000000 -0.942491 0.000436 0.174524 0.587785 2.424184 200.000000 2.424184
 14.600000 0.922407 0.386219 0.559074 0.829118 1.174268 0.593268 0.386219 0.922407 0.829118 0.559074 0.596008 238.403065 0.309017 -14.034879 200.000000 -14.034879 0.082078 32.831076 0.951057 22.996441 200.000000 22.996441 0.040405 16.162086 0.809017 -0.942491 200.000000 -0.942491 0.082436 32.974399 0.587785 2.424184 200.000000 2.424184
 14.800000 0.967097 0.254409 0.516825 0.856091 1.313559 0.543138 0.254409 0.967097 0.856091 0.516825 0.298200 119.280050 0.309017 -14.034879 200.000000 -14.034879 0.025729 10.291424 0.951057 22.996441 200.000000 22.996441 0.221596 88.638514 0.809017 -0.942491 200.000000 -0.942491 0.503534 201.413726 0.587785 2.424184 200.000000 2.424184
 15.000000 0.946268 0.323385 0.576952 0.816778 1.241492 0.614991 0.323385 0.946268 0.816778 0.576952 0.020644 8.257437 0.309017 -14.034879 200.000000 -14.034879 0.002293 0.917378 0.951057 22.996441 200.000000 22.996441 0.006024 2.409556 0.809017 -0.942491 200.000000 -0.942491 0.011737 4.694757 0.587785 2.424184 200.000000 2.424184
 15.200000 0.942507 0.334186 0.550313 0.834959 1.230055 0.582739 0.334186 0.942507 0.834959 0.550313 0.063347 25.338825 0.309017 -14.034879 200.000000 -14.034879 0.007309 2.923631 0.951057 22.996441 200.000000 22.996441 0.067296 26.918580 0.809017 -0.942491 200.000000 -0.942491 0.140418 56.167289 0.587785 2.424184 200.000000 2.424184
 15.400000 0.940583 0.339564 0.563556 0.826078 1.224343 0.598684 0.339564 0.940583 0.826078 0.563556 0.093312 37.324876 0.309017 -14.034879 200.000000 -14.034879 0.010970 4.387833 0.951057 22.996441 200.000000 22.996441 0.029108 11.643382 0.809017 -0.942491 200.000000 -0.942491 0.058708 23.483210 0.587785 2.424184 200.000000 2.424184
 15.600000 0.953837 0.300324 0.437045 0.899439 1.265764 0.452311 0.300324 0.953837 0.899439 0.437045 0.007557 3.022699 0.309017 -14.034879 200.000000 -14.034879 0.000773 0.309296 0.951057 22.996441 200.000000 22.996441 0.817623 327.049092 0.809017 -0.942491 200.000000 -0.942491 2.272253 908.901139 0.587785 2.424184 200.000000 2.424184
 15.800000 0.951942 0.306279 0.524164 0.851617 1.259514 0.551733 0.306279 0.951942 0.851617 0.524164 0.000750 0.299839 0.309017 -14.034879 200.000000 -14.034879 0.000078 0.031346 0.951057 22.996441 200.000000 22.996441 0.181480 72.591802 0.809017 -0.942491 200.000000 -0.942491 0.404768 161.907057 0.587785 2.424184 200.000000 2.424184
 16.000000 0.966746 0.255737 0.579109 0.815250 1.312186 0.617636 0.255737 0.966746 0.815250 0.579109 0.283873 113.549106 0.309017 -14.034879 200.000000 -14.034879 0.024617 9.846794 0.951057 22.996441 200.000000 22.996441 0.003885 1.554024 0.809017 -0.942491 200.000000 -0.942491 0.007527 3.010992 0.587785 2.424184 200.000000 2.424184
 16.200000 0.918789 0.394750 0.529913 0.848052 1.165001 0.558499 0.394750 0.918789 0.848052 0.529913 0.735007 294.002966 0.309017 -14.034879 200.000000 -14.034879 0.104121 41.648333 0.951057 22.996441 200.000000 22.996441 0.152371 60.948421 0.809017 -0.942491 200.000000 -0.942491 0.334915 133.965820 0.587785 2.424184 200.000000 2.424184
 16.400000 0.923648 0.383241 0.541230 0.840874 1.177493 0.571899 0.383241 0.923648 0.840874 0.541230 0.550923 220.369181 0.309017 -14.034879 200.000000 -14.034879 0.075121 30.048393 0.951057 22.996441 200.000000 22.996441 0.101490 40.595951 0.809017 -0.942491 200.000000 -0.942491 0.216737 86.694931 0.587785 2.424184 200.000000 2.424184
 16.600000 0.935781 0.352582 0.547196 0.837005 1.210467 0.579010 0.352582 0.935781 0.837005 0.547196 0.189792 75.916865 0.309017 -14.034879 200.000000 -14.034879 0.023335 9.333815 0.951057 22.996441 200.000000 22.996441 0.078330 31.332063 0.809017 -0.942491 200.000000 -0.942491 0.164749 65.899581 0.587785 2.424184 200.000000 2.424184
 16.800000 0.923046 0.384689 0.533263 0.845950 1.175926 0.562453 0.384689 0.923046 0.845950 0.533263 0.572621 229.048567 0.309017 -14.034879 200.000000 -14.034879 0.078457 31.382772 0.951057 22.996441 200.000000 22.996441 0.136401 54.560501 0.809017 -0.942491 200.000000 -0.942491 0.297268 118.907213 0.587785 2.424184 200.000000 2.424184
 17.000000 0.959357 0.282197 0.563019 0.826444 1.284713 0.598034 0.282197 0.959357 0.826444 0.563019 0.071932 28.772712 0.309017 -14.034879 200.000000 -14.034879 0.006889 2.755596 0.951057 22.996441 200.000000 22.996441 0.030370 12.147807 0.809017 -0.942491 200.000000 -0.942491 0.061336 24.534383 0.587785 2.424184 200.000000 2.424184
 17.200000 0.942876 0.333145 0.564718 0.825284 1.231159 0.600092 0.333145 0.942876 0.825284 0.564718 0.058215 23.285907 0.309017 -14.034879 200.000000 -14.034879 0.006693 2.677029 0.951057 22.996441 200.000000 22.996441 0.026460 10.584101 0.809017 -0.942491 200.000000 -0.942491 0.053208 21.283016 0.587785 2.424184 200.000000 2.424184
 17.400000 0.904518 0.426436 0.621910 0.783089 1.130248 0.671180 0.426436 0.904518 0.783089 0.621910 1.378713 551.485354 0.309017 -14.034879 200.000000 -14.034879 0.216584 86.633651 0.951057 22.996441 200.000000 22.996441 0.067228 26.891384 0.809017 -0.942491 200.000000 -0.942491 0.116451 46.580564 0.587785 2.424184 200.000000 2.424184
 17.600000 0.894560 0.446949 0.578219 0.815882 1.107445 0.616544 0.446949 0.894560 0.815882 0.578219 1.902519 761.007629 0.309017 -14.034879 200.000000 -14.034879 0.319191 127.676397 0.951057 22.996441 200.000000 22.996441 0.004713 1.885010 0.809017 -0.942491 200.000000 -0.942491 0.009152 3.660718 0.587785 2.424184 200.000000 2.424184
 17.800000 0.910549 0.413401 0.509633 0.860392 1.144611 0.534758 0.413401 0.910549 0.860392 0.509633 1.089596 435.838517 0.309017 -14.034879 200.000000 -14.034879 0.164084 65.633714 0.951057 22.996441 200.000000 22.996441 0.263938 105.575352 0.809017 -0.942491 200.000000 -0.942491 0.610778 244.311377 0.587785 2.424184 200.000000 2.424184
 18.000000 0.953992 0.299832 0.603354 0.797473 1.266280 0.647700 0.299832 0.953992 0.797473 0.603354 0.008436 3.374532 0.309017 -14.034879 200.000000 -14.034879 0.000862 0.344684 0.951057 22.996441 200.000000 22.996441 0.013325 5.330192 0.809017 -0.942491 200.000000 -0.942491 0.024239 9.695583 0.587785 2.424184 200.000000 2.424184
 18.200000 0.929502 0.368817 0.549285 0.835635 1.193061 0.581508 0.368817 0.929502 0.835635 0.549285 0.357601 143.040323 0.309017 -14.034879 200.000000 -14.034879 0.046459 18.583652 0.951057 22.996441 200.000000 22.996441 0.070853 28.341084 0.809017 -0.942491 200.000000 -0.942491 0.148228 59.291179 0.587785 2.424184 200.000000 2.424184
 18.400000 0.904989 0.425435 0.585002 0.811032 1.131354 0.624883 0.425435 0.904989 0.811032 0.585002 1.355308 542.123030 0.309017 -14.034879 200.000000 -14.034879 0.212220 84.888134 0.951057 22.996441 200.000000 22.996441 0.000406 0.162340 0.809017 -0.942491 200.000000 -0.942491 0.000774 0.309772 0.587785 2.424184 200.000000 2.424184
 18.600000 0.930381 0.366595 0.617298 0.786729 1.195450 0.665304 0.366595 0.930381 0.786729 0.617298 0.331518 132.607174 0.309017 -14.034879 200.000000 -14.034879 0.042749 17.099432 0.951057 22.996441 200.000000 22.996441 0.049674 19.869708 0.809017 -0.942491 200.000000 -0.942491 0.087101 34.840543 0.587785 2.424184 200.000000 2.424184
 18.800000 0.893621 0.448822 0.558636 0.829413 1.105350 0.592740 0.448822 0.893621 0.829413 0.558636 1.954542 781.816799 0.309017 -14.034879 200.000000 -14.034879 0.329881 131.952555 0.951057 22.996441 200.000000 22.996441 0.041600 16.640096 0.809017 -0.942491 200.000000 -0.942491 0.084970 33.987830 0.587785 2.424184 200.000000 2.424184
 19.000000 0.914057 0.405586 0.580991 0.813910 1.153176 0.619945 0.405586 0.914057 0.813910 0.580991 0.932563 373.025054 0.309017 -14.034879 200.000000 -14.034879 0.136898 54.759260 0.951057 22.996441 200.000000 22.996441 0.002394 0.957759 0.809017 -0.942491 200.000000 -0.942491 0.004617 1.846681 0.587785 2.424184 200.000000 2.424184
 19.200000 0.943590 0.331117 0.596421 0.802672 1.233309 0.639035 0.331117 0.943590 0.802672 0.596421 0.048842 19.536931 0.309017 -14.034879 200.000000 -14.034879 0.005575 2.230192 0.951057 22.996441 200.000000 22.996441 0.004026 1.610440 0.809017 -0.942491 200.000000 -0.942491 0.007457 2.982993 0.587785 2.424184 200.000000 2.424184
 19.400000 0.915302 0.402769 0.493437 0.869782 1.156257 0.516037 0.402769 0.915302 0.869782 0.493437 0.878938 351.575193 0.309017 -14.034879 200.000000 -14.034879 0.127840 51.135990 0.951057 22.996441 200.000000 22.996441 0.369234 147.693545 0.809017 -0.942491 200.000000 -0.942491 0.890162 356.064655 0.587785 2.424184 200.000000 2.424184
 19.600000 0.929293 0.369344 0.557847 0.829944 1.192494 0.591789 0.369344 0.929293 0.829944 0.557847 0.363932 145.572631 0.309017 -14.034879 200.000000 -14.034879 0.047366 18.946284 0.951057 22.996441 200.000000 22.996441 0.043794 17.517633 0.809017 -0.942491 200.000000 -0.942491 0.089632 35.852750 0.587785 2.424184 200.000000 2.424184
 19.800000 0.953508 0.301367 0.636998 0.770865 1.264670 0.690598 0.301367 0.953508 0.770865 0.636998 0.005852 2.340663 0.309017 -14.034879 200.000000 -14.034879 0.000601 0.240411 0.951057 22.996441 200.000000 22.996441 0.145555 58.222188 0.809017 -0.942491 200.000000 -0.942491 0.242192 96.876696 0.587785 2.424184 200.000000 2.424184
 20.000000 0.947757 0.318994 0.567793 0.823171 1.246128 0.603823 0.318994 0.947757 0.823171 0.567793 0.009955 3.981996 0.309017 -14.034879 200.000000 -14.034879 0.001089 0.435584 0.951057 22.996441 200.000000 22.996441 0.020034 8.013562 0.809017 -0.942491 200.000000 -0.942491 0.039968 15.987001 0.587785 2.424184 200.000000 2.424184
