#! FIELDS time sin_phi cos_phi sin_psi cos_psi phi psi cos_phi sin_phi cos_psi sin_psi restraint_phi_cos.bias restraint_phi_cos.force2 restraint_phi_cos.cos_phi_cntr restraint_phi_cos.cos_phi_work restraint_phi_cos.cos_phi_kappa restraint_phi_cos.work restraint_phi_sin.bias restraint_phi_sin.force2 restraint_phi_sin.sin_phi_cntr restraint_phi_sin.sin_phi_work restraint_phi_sin.sin_phi_kappa restraint_phi_sin.work restraint_psi_cos.bias restraint_psi_cos.force2 restraint_psi_cos.cos_psi_cntr restraint_psi_cos.cos_psi_work restraint_psi_cos.cos_psi_kappa restraint_psi_cos.work restraint_psi_sin.bias restraint_psi_sin.force2 restraint_psi_sin.sin_psi_cntr restraint_psi_sin.sin_psi_work restraint_psi_sin.sin_psi_kappa restraint_psi_sin.work
#! SET min_phi -pi
#! SET max_phi pi
#! SET min_psi -pi
#! SET max_psi pi
 0.000000 -0.999983 -0.005782 0.966116 0.258110 -1.576579 1.309731 -0.005782 -0.999983 0.258110 0.966116 0.000000 0.000000 -0.009747 0.000000 0.000000 0.000000 0.000000 0.000000 -0.999953 0.000000 0.000000 0.000000 0.000000 0.000000 0.256142 0.000000 0.000000 0.000000 0.000000 0.000000 0.966639 0.000000 0.000000 0.000000
 0.200000 -1.000000 -0.000267 0.834654 0.550775 -1.571064 0.987504 -0.000267 -1.000000 0.550775 0.834654 0.000899 0.035942 -0.009747 0.429324 20.000000 0.429324 0.000000 0.000001 -0.999953 0.008204 20.000000 0.008204 0.868082 34.723299 0.256142 0.437493 20.000000 0.437493 0.174201 6.968033 0.966639 0.079185 20.000000 0.079185
 0.400000 -0.998238 0.059343 0.982967 0.183783 -1.511419 1.385962 0.059343 -0.998238 0.183783 0.982967 0.095466 7.637286 -0.009747 0.576156 40.000000 0.576156 0.000059 0.004705 -0.999953 0.009175 40.000000 0.009175 0.104717 8.377331 0.256142 0.652624 40.000000 0.652624 0.005332 0.426551 0.966639 0.103852 40.000000 0.103852
 0.600000 -0.997906 0.064687 0.969725 0.244200 -1.506064 1.324102 0.064687 -0.997906 0.244200 0.969725 0.166209 19.945130 -0.009747 0.652743 60.000000 0.652743 0.000126 0.015083 -0.999953 0.009549 60.000000 0.009549 0.004279 0.513443 0.256142 0.812941 60.000000 0.812941 0.000286 0.034281 0.966639 0.126976 60.000000 0.126976
 0.800000 -0.999998 0.001893 0.948095 0.317988 -1.568903 1.247190 0.001893 -0.999998 0.317988 0.948095 0.005419 0.867082 -0.009747 0.745444 80.000000 0.745444 0.000000 0.000013 -0.999953 0.009931 80.000000 0.009931 0.152994 24.479022 0.256142 0.870380 80.000000 0.870380 0.013756 2.200888 0.966639 0.131254 80.000000 0.131254
 1.000000 -0.997908 -0.064647 0.983714 0.179739 -1.635489 1.390075 -0.064647 -0.997908 0.179739 0.983714 0.150704 30.140713 -0.009747 0.830214 100.000000 0.830214 0.000209 0.041792 -0.999953 0.010215 100.000000 0.010215 0.291876 58.375104 0.256142 0.906275 100.000000 0.906275 0.014578 2.915662 0.966639 0.133898 100.000000 0.133898
 1.200000 -0.998639 0.052155 0.985239 0.171187 -1.518618 1.398762 0.052155 -0.998639 0.171187 0.985239 0.229906 55.177492 -0.009747 0.926073 120.000000 0.926073 0.000104 0.024844 -0.999953 0.010632 120.000000 0.010632 0.433045 103.930862 0.256142 0.991977 120.000000 0.991977 0.020756 4.981554 0.966639 0.141235 120.000000 0.141235
 1.400000 -0.999102 0.042373 0.979966 0.199166 -1.528410 1.370290 0.042373 -0.999102 0.199166 0.979966 0.190152 53.242659 -0.009747 0.960912 140.000000 0.960912 0.000051 0.014183 -0.999953 0.010712 140.000000 0.010712 0.227243 63.628107 0.256142 1.092890 140.000000 1.092890 0.012432 3.481002 0.966639 0.149504 140.000000 0.149504
 1.600000 -0.999952 0.009764 0.961485 0.274857 -1.561032 1.292356 0.009764 -0.999952 0.274857 0.961485 0.030454 9.745356 -0.009747 1.006953 160.000000 1.006953 0.000000 0.000000 -0.999953 0.010843 160.000000 0.010843 0.028018 8.965902 0.256142 1.162325 160.000000 1.162325 0.002125 0.680004 0.966639 0.156230 160.000000 0.156230
 1.800000 -0.999851 -0.017243 0.970444 0.241325 -1.588040 1.327066 -0.017243 -0.999851 0.241325 0.970444 0.005058 1.820866 -0.009747 1.052436 180.000000 1.052436 0.000001 0.000332 -0.999953 0.010934 180.000000 0.010934 0.019761 7.113921 0.256142 1.193828 180.000000 1.193828 0.001303 0.469182 0.966639 0.158881 180.000000 0.158881
 2.000000 -0.986686 0.162638 0.941122 0.338066 -1.407433 1.225935 0.162638 -0.986686 0.338066 0.941122 2.971637 1188.654969 -0.009747 1.082637 200.000000 1.082637 0.017600 7.040183 -0.999953 0.011019 200.000000 0.011019 0.671152 268.460710 0.256142 1.221059 200.000000 1.221059 0.065110 26.044170 0.966639 0.161506 200.000000 0.161506
 2.200000 -0.987296 0.158894 0.927443 0.373964 -1.411226 1.187517 0.158894 -0.987296 0.373964 0.927443 0.837471 334.988437 0.067381 0.834098 200.000000 0.834098 0.166383 66.553178 -0.946506 0.263726 200.000000 0.263726 2.132479 852.991659 0.227933 1.268567 200.000000 1.268567 0.030583 12.233324 0.944931 0.204088 200.000000 0.204088
 2.400000 -0.987492 0.157672 0.959192 0.282755 -1.412464 1.284131 0.157672 -0.987492 0.282755 0.959192 0.017328 6.931074 0.144508 0.424663 200.000000 0.424663 0.891760 356.703824 -0.893059 1.009333 200.000000 1.009333 0.689402 275.760977 0.199725 1.356212 200.000000 1.356212 0.129372 51.748835 0.923224 0.362257 200.000000 0.362257
 2.600000 -0.994352 0.106135 0.943711 0.330770 -1.464461 1.233677 0.106135 -0.994352 0.330770 0.943711 1.334055 533.622168 0.221636 0.140935 200.000000 0.140935 2.394454 957.781453 -0.839612 2.192260 200.000000 2.192260 2.536197 1014.478744 0.171516 1.505565 200.000000 1.505565 0.178042 71.216989 0.901516 0.631555 200.000000 0.631555
 2.800000 -0.957683 0.287825 0.973488 0.228739 -1.278841 1.340015 0.287825 -0.957683 0.228739 0.973488 0.011964 4.785632 0.298763 -0.277306 200.000000 -0.277306 2.941855 1176.741873 -0.786165 3.712825 200.000000 3.712825 0.729860 291.944040 0.143307 1.611846 200.000000 1.611846 0.877579 351.031530 0.879809 1.030839 200.000000 1.030839
 3.000000 -0.951119 0.308824 0.984371 0.176104 -1.256840 1.393769 0.308824 -0.951119 0.176104 0.984371 0.449798 179.919005 0.375891 -0.955853 200.000000 -0.955853 4.769928 1907.971296 -0.732718 5.455893 200.000000 5.455893 0.372180 148.871974 0.115098 1.773739 200.000000 1.773739 1.594421 637.768410 0.858101 1.539431 200.000000 1.539431
 3.200000 -0.892477 0.451093 0.983193 0.182567 -1.102807 1.387200 0.451093 -0.892477 0.182567 0.983193 0.000371 0.148309 0.453018 -1.851174 200.000000 -1.851174 4.545700 1818.279986 -0.679271 7.277856 200.000000 7.277856 0.915421 366.168453 0.086889 1.884094 200.000000 1.884094 2.155023 862.009281 0.836394 2.157787 200.000000 2.157787
 3.400000 -0.815081 0.579347 0.972544 0.232717 -0.952869 1.335926 0.579347 -0.815081 0.232717 0.972544 0.242074 96.829484 0.530146 -2.841498 200.000000 -2.841498 3.581843 1432.737068 -0.625824 9.146176 200.000000 9.146176 3.028887 1211.554931 0.058680 1.922097 200.000000 1.922097 2.491933 996.773011 0.814686 2.887556 200.000000 2.887556
 3.600000 -0.719116 0.694890 0.994880 0.101065 -0.802530 1.469559 0.694890 -0.719116 0.101065 0.994880 0.767663 307.065321 0.607273 -4.022030 200.000000 -4.022030 2.153256 861.302366 -0.572377 10.878564 200.000000 10.878564 0.498343 199.337254 0.030471 1.988220 200.000000 1.988220 4.076423 1630.569221 0.792978 3.715017 200.000000 3.715017
 3.800000 -0.583487 0.812123 0.993223 0.116221 -0.623015 1.454312 0.812123 -0.583487 0.116221 0.993223 1.631293 652.517378 0.684401 -5.307427 200.000000 -5.307427 0.416759 166.703732 -0.518930 12.289878 200.000000 12.289878 1.298663 519.465264 0.002262 1.968720 200.000000 1.968720 4.926297 1970.518631 0.771271 4.642955 200.000000 4.642955
 4.000000 -0.536779 0.843723 0.999261 -0.038446 -0.566615 1.609251 0.843723 -0.536779 -0.038446 0.999261 0.675593 270.237204 0.761528 -6.286713 200.000000 -6.286713 0.508322 203.328896 -0.465483 13.567509 200.000000 13.567509 0.015622 6.248989 -0.025947 1.943241 200.000000 1.943241 6.234887 2493.954620 0.749563 5.671046 200.000000 5.671046
 4.200000 -0.405380 0.914148 0.990522 -0.137351 -0.417394 1.708583 0.914148 -0.405380 -0.137351 0.990522 0.569914 227.965691 0.838656 -7.047777 200.000000 -7.047777 0.004430 1.771968 -0.412036 14.422060 200.000000 14.422060 0.692151 276.860399 -0.054156 1.838367 200.000000 1.838367 6.899388 2759.755280 0.727856 6.787072 200.000000 6.787072
 4.400000 -0.389840 0.920883 0.975420 -0.220354 -0.400457 1.792973 0.920883 -0.389840 -0.220354 0.975420 0.002601 1.040275 0.915783 -7.295724 200.000000 -7.295724 0.097661 39.064597 -0.358589 15.076202 200.000000 15.076202 1.904101 761.640576 -0.082364 1.649856 200.000000 1.649856 7.250746 2900.298395 0.706148 7.983965 200.000000 7.983965
 4.600000 -0.230415 0.973092 0.995107 -0.098806 -0.232504 1.669764 0.973092 -0.230415 -0.098806 0.995107 0.111555 44.621851 0.939693 -7.219654 200.000000 -7.219654 1.245567 498.226795 -0.342020 15.262468 200.000000 15.262468 0.013847 5.538660 -0.110573 1.421821 200.000000 1.421821 9.651357 3860.542721 0.684440 9.260326 200.000000 9.260326
 4.800000 -0.402349 0.915486 0.918838 -0.394635 -0.414082 1.976467 0.915486 -0.402349 -0.394635 0.918838 0.058595 23.438019 0.939693 -7.219654 200.000000 -7.219654 0.363961 145.584563 -0.342020 15.262468 200.000000 15.262468 6.546081 2618.432446 -0.138782 1.113500 200.000000 1.113500 6.558979 2623.591766 0.662733 10.597161 200.000000 10.597161
 5.000000 -0.291599 0.956541 0.981505 -0.191436 -0.295898 1.763421 0.956541 -0.291599 -0.191436 0.981505 0.028386 11.354260 0.939693 -7.219654 200.000000 -7.219654 0.254229 101.691772 -0.342020 15.262468 200.000000 15.262468 0.059756 23.902307 -0.166991 0.651164 200.000000 0.651164 11.592655 4637.062103 0.641025 11.975019 200.000000 11.975019
 5.200000 -0.246202 0.969218 0.984261 -0.176721 -0.248760 1.748450 0.969218 -0.246202 -0.176721 0.984261 0.087178 34.871031 0.939693 -7.219654 200.000000 -7.219654 0.918107 367.242602 -0.342020 15.262468 200.000000 15.262468 0.034149 13.659579 -0.195200 0.111881 200.000000 0.111881 13.318373 5327.349204 0.619318 13.400363 200.000000 13.400363
 5.400000 -0.461842 0.886962 0.923487 -0.383629 -0.480071 1.964519 0.886962 -0.461842 -0.383629 0.923487 0.278049 111.219778 0.939693 -7.219654 200.000000 -7.219654 1.435727 574.290838 -0.342020 15.262468 200.000000 15.262468 2.567052 1026.820797 -0.223409 -0.476925 200.000000 -0.476925 10.619597 4247.838670 0.597610 14.871334 200.000000 14.871334
 5.600000 -0.358659 0.933469 0.956915 -0.290367 -0.366830 1.865406 0.933469 -0.358659 -0.290367 0.956915 0.003874 1.549418 0.939693 -7.219654 200.000000 -7.219654 0.027684 11.073406 -0.342020 15.262468 200.000000 15.262468 0.150147 60.058846 -0.251618 -1.210908 200.000000 -1.210908 14.517094 5806.837766 0.575902 16.348143 200.000000 16.348143
 5.800000 -0.334271 0.942477 0.914527 -0.404524 -0.340832 1.987255 0.942477 -0.334271 -0.404524 0.914527 0.000775 0.310079 0.939693 -7.219654 200.000000 -7.219654 0.006004 2.401713 -0.342020 15.262468 200.000000 15.262468 1.554940 621.975853 -0.279827 -2.084823 200.000000 -2.084823 12.983957 5193.582700 0.554195 17.825543 200.000000 17.825543
 6.000000 -0.281476 0.959568 0.886151 -0.463397 -0.285332 2.052621 0.959568 -0.281476 -0.463397 0.886151 0.039504 15.801627 0.939693 -7.219654 200.000000 -7.219654 0.366559 146.623443 -0.342020 15.262468 200.000000 15.262468 2.413703 965.481316 -0.308036 -3.026262 200.000000 -3.026262 12.507805 5003.122155 0.532487 19.316148 200.000000 19.316148
 6.200000 -0.403883 0.914811 0.857470 -0.514534 -0.415758 2.111260 0.914811 -0.403883 -0.514534 0.857470 0.061912 24.764657 0.939693 -7.219654 200.000000 -7.219654 0.382703 153.081394 -0.342020 15.262468 200.000000 15.262468 3.178708 1271.483219 -0.336245 -4.109961 200.000000 -4.109961 12.019425 4807.769974 0.510780 20.767159 200.000000 20.767159
 6.400000 -0.386857 0.922140 0.807051 -0.590482 -0.397221 2.202452 0.922140 -0.386857 -0.590482 0.807051 0.030811 12.324215 0.939693 -7.219654 200.000000 -7.219654 0.201035 80.413999 -0.342020 15.262468 200.000000 15.262468 5.108873 2043.549101 -0.364453 -5.262401 200.000000 -5.262401 10.111068 4044.427116 0.489072 22.203101 200.000000 22.203101
 6.600000 -0.349192 0.937051 0.798233 -0.602349 -0.356709 2.217237 0.937051 -0.349192 -0.602349 0.798233 0.000698 0.279072 0.939693 -7.219654 200.000000 -7.219654 0.005143 2.057326 -0.342020 15.262468 200.000000 15.262468 4.396865 1758.745848 -0.392662 -6.514455 200.000000 -6.514455 10.947371 4378.948447 0.467364 23.592363 200.000000 23.592363
 6.800000 -0.529839 0.848098 0.741180 -0.671307 -0.558410 2.306767 0.848098 -0.529839 -0.671307 0.741180 0.838951 335.580229 0.939693 -7.219654 200.000000 -7.219654 3.527584 1411.033785 -0.342020 15.262468 200.000000 15.262468 6.271792 2508.716787 -0.420871 -7.940681 200.000000 -7.940681 8.733373 3493.349144 0.445657 24.868760 200.000000 24.868760
 7.000000 -0.443685 0.896183 0.728067 -0.685506 -0.459707 2.326095 0.896183 -0.443685 -0.685506 0.728067 0.189311 75.724546 0.939693 -7.219654 200.000000 -7.219654 1.033579 413.431537 -0.342020 15.262468 200.000000 15.262468 5.589714 2235.885579 -0.449080 -9.237343 200.000000 -9.237343 9.248763 3699.505229 0.423949 26.219108 200.000000 26.219108
 7.200000 -0.429658 0.902992 0.765865 -0.643001 -0.444114 2.269207 0.902992 -0.429658 -0.643001 0.765865 0.134695 53.878014 0.939693 -7.219654 200.000000 -7.219654 0.768036 307.214244 -0.342020 15.262468 200.000000 15.262468 2.746061 1098.424210 -0.477289 -10.826416 200.000000 -10.826416 13.222188 5288.875091 0.402242 27.305557 200.000000 27.305557
 7.400000 -0.452001 0.892017 0.571657 -0.820493 -0.469008 2.533069 0.892017 -0.452001 -0.820493 0.571657 0.227294 90.917605 0.939693 -7.219654 200.000000 -7.219654 1.209586 483.834531 -0.342020 15.262468 200.000000 15.262468 9.922185 3968.873939 -0.505498 -12.262958 200.000000 -12.262958 3.652783 1461.113204 0.380534 28.482583 200.000000 28.482583
 7.600000 -0.464693 0.885472 0.629564 -0.776948 -0.483288 2.460600 0.885472 -0.464693 -0.776948 0.629564 0.293987 117.594941 0.939693 -7.219654 200.000000 -7.219654 1.504856 601.942204 -0.342020 15.262468 200.000000 15.262468 5.916638 2366.655157 -0.533707 -13.738734 200.000000 -13.738734 7.329904 2931.961753 0.358826 29.565416 200.000000 29.565416
 7.800000 -0.430476 0.902602 0.632809 -0.774308 -0.445020 2.456418 0.902602 -0.430476 -0.774308 0.632809 0.137572 55.028835 0.939693 -7.219654 200.000000 -7.219654 0.782448 312.979243 -0.342020 15.262468 200.000000 15.262468 4.511059 1804.423730 -0.561916 -15.331391 200.000000 -15.331391 8.743236 3497.294498 0.337119 30.460424 200.000000 30.460424
 8.000000 -0.364064 0.931374 0.553887 -0.832592 -0.372628 2.554567 0.931374 -0.364064 -0.832592 0.553887 0.006920 2.768116 0.939693 -7.219654 200.000000 -7.219654 0.048595 19.437896 -0.342020 15.262468 200.000000 15.262468 5.879041 2351.616489 -0.590125 -16.717565 200.000000 -16.717565 5.687055 2274.821820 0.315411 31.507229 200.000000 31.507229
 8.200000 -0.506800 0.862064 0.556466 -0.830870 -0.531469 2.551466 0.862064 -0.506800 -0.830870 0.556466 0.602626 241.050297 0.939693 -7.219654 200.000000 -7.219654 2.715241 1086.096398 -0.342020 15.262468 200.000000 15.262468 4.517183 1806.873384 -0.618334 -18.257677 200.000000 -18.257677 6.904414 2761.765451 0.293704 32.249781 200.000000 32.249781
 8.400000 -0.351241 0.936285 0.393805 -0.919194 -0.358896 2.736826 0.936285 -0.351241 -0.919194 0.393805 0.001161 0.464424 0.939693 -7.219654 200.000000 -7.219654 0.008502 3.400765 -0.342020 15.262468 200.000000 15.262468 7.433893 2973.557010 -0.646542 -19.704615 200.000000 -19.704615 1.483734 593.493495 0.271996 32.966584 200.000000 32.966584
 8.600000 -0.345136 0.938553 0.480279 -0.877116 -0.352384 2.640620 0.938553 -0.345136 -0.877116 0.480279 0.000130 0.051992 0.939693 -7.219654 200.000000 -7.219654 0.000971 0.388442 -0.342020 15.262468 200.000000 15.262468 4.095140 1638.055817 -0.674751 -21.030461 200.000000 -21.030461 5.289553 2115.821129 0.250289 33.739835 200.000000 33.739835
 8.800000 -0.434789 0.900532 0.498393 -0.866951 -0.449804 2.619848 0.900532 -0.434789 -0.866951 0.498393 0.153352 61.340922 0.939693 -7.219654 200.000000 -7.219654 0.860604 344.241798 -0.342020 15.262468 200.000000 15.262468 2.689294 1075.717755 -0.702960 -22.358015 200.000000 -22.358015 7.279880 2911.952003 0.228581 34.338092 200.000000 34.338092
 9.000000 -0.506183 0.862426 0.272544 -0.962143 -0.530753 2.865557 0.862426 -0.506183 -0.962143 0.272544 0.597012 238.804837 0.939693 -7.219654 200.000000 -7.219654 2.694946 1077.978467 -0.342020 15.262468 200.000000 15.262468 5.334909 2133.963770 -0.731169 -23.536792 200.000000 -23.536792 0.431260 172.503929 0.206873 35.002953 200.000000 35.002953
 9.200000 -0.461460 0.887161 0.308308 -0.951286 -0.479640 2.828178 0.887161 -0.461460 -0.951286 0.308308 0.275957 110.382989 0.939693 -7.219654 200.000000 -7.219654 1.426590 570.636091 -0.342020 15.262468 200.000000 15.262468 3.682883 1473.153294 -0.759378 -24.634090 200.000000 -24.634090 1.516411 606.564242 0.185166 35.602612 200.000000 35.602612
 9.400000 -0.430595 0.902545 0.255300 -0.966862 -0.445152 2.883435 0.902545 -0.430595 -0.966862 0.255300 0.137993 55.197187 0.939693 -7.219654 200.000000 -7.219654 0.784552 313.820859 -0.342020 15.262468 200.000000 15.262468 3.213954 1285.581502 -0.787587 -25.714650 200.000000 -25.714650 0.843484 337.393626 0.163458 35.958620 200.000000 35.958620
 9.600000 -0.466727 0.884402 0.281042 -0.959695 -0.485586 2.856713 0.884402 -0.466727 -0.959695 0.281042 0.305710 122.283846 0.939693 -7.219654 200.000000 -7.219654 1.555172 622.068843 -0.342020 15.262468 200.000000 15.262468 2.070707 828.282601 -0.815796 -26.592118 200.000000 -26.592118 1.940220 776.087847 0.141751 36.525493 200.000000 36.525493
 9.800000 -0.401175 0.916001 0.217592 -0.976040 -0.412799 2.922246 0.916001 -0.401175 -0.976040 0.217592 0.056127 22.450830 0.939693 -7.219654 200.000000 -7.219654 0.349929 139.971474 -0.342020 15.262468 200.000000 15.262468 1.743324 697.329685 -0.844005 -27.409757 200.000000 -27.409757 0.951584 380.633733 0.120043 36.904556 200.000000 36.904556
 10.000000 -0.397093 0.917778 0.130738 -0.991417 -0.408347 3.010479 0.917778 -0.397093 -0.991417 0.130738 0.048024 19.209400 0.939693 -7.219654 200.000000 -7.219654 0.303302 121.320997 -0.342020 15.262468 200.000000 15.262468 1.420941 568.376263 -0.872214 -28.104743 200.000000 -28.104743 0.104996 41.998371 0.098335 37.217039 200.000000 37.217039
 10.200000 -0.426721 0.904383 0.123557 -0.992337 -0.440864 3.017719 0.904383 -0.426721 -0.992337 0.123557 0.124675 49.869924 0.939693 -7.219654 200.000000 -7.219654 0.717424 286.969676 -0.342020 15.262468 200.000000 15.262468 0.844834 337.933793 -0.900423 -28.633103 200.000000 -28.633103 0.220237 88.094620 0.076628 37.666939 200.000000 37.666939
 10.400000 -0.419884 0.907578 0.088488 -0.996077 -0.433318 3.052988 0.907578 -0.419884 -0.996077 0.088488 0.103136 41.254568 0.939693 -7.219654 200.000000 -7.219654 0.606279 242.511460 -0.342020 15.262468 200.000000 15.262468 0.454893 181.957025 -0.928631 -29.047906 200.000000 -29.047906 0.112683 45.073081 0.054920 37.994363 200.000000 37.994363
 10.600000 -0.377955 0.925824 0.085365 -0.996350 -0.387587 3.056124 0.925824 -0.377955 -0.996350 0.085365 0.019234 7.693697 0.939693 -7.219654 200.000000 -7.219654 0.129133 51.653285 -0.342020 15.262468 200.000000 15.262468 0.156099 62.439645 -0.956840 -29.327259 200.000000 -29.327259 0.271985 108.794127 0.033213 38.266253 200.000000 38.266253
 10.800000 -0.464977 0.885323 0.038974 -0.999240 -0.483609 3.102609 0.885323 -0.464977 -0.999240 0.038974 0.295609 118.243489 0.939693 -7.219654 200.000000 -7.219654 1.511841 604.736487 -0.342020 15.262468 200.000000 15.262468 0.020138 8.055328 -0.985049 -29.452151 200.000000 -29.452151 0.075453 30.181085 0.011505 38.580668 200.000000 38.580668
 11.000000 -0.449463 0.893299 0.110906 -0.993831 -0.466164 3.030458 0.893299 -0.449463 -0.993831 0.110906 0.215235 86.094138 0.939693 -7.219654 200.000000 -7.219654 1.154388 461.755131 -0.342020 15.262468 200.000000 15.262468 0.003806 1.522290 -1.000000 -29.464620 200.000000 -29.464620 1.230005 492.002105 -0.000000 38.742315 200.000000 38.742315
 11.200000 -0.369115 0.929384 0.124064 -0.992274 -0.378057 3.017208 0.929384 -0.369115 -0.992274 0.124064 0.010627 4.250975 0.939693 -7.219654 200.000000 -7.219654 0.073414 29.365548 -0.342020 15.262468 200.000000 15.262468 0.005969 2.387498 -1.000000 -29.464620 200.000000 -29.464620 1.539184 615.673726 -0.000000 38.742315 200.000000 38.742315
 11.400000 -0.380934 0.924602 0.053567 -0.998564 -0.390807 3.088000 0.924602 -0.380934 -0.998564 0.053567 0.022772 9.108967 0.939693 -7.219654 200.000000 -7.219654 0.151432 60.572619 -0.342020 15.262468 200.000000 15.262468 0.000206 0.082454 -1.000000 -29.464620 200.000000 -29.464620 0.286941 114.776467 -0.000000 38.742315 200.000000 38.742315
 11.600000 -0.446963 0.894553 0.078816 -0.996889 -0.463367 3.062695 0.894553 -0.446963 -0.996889 0.078816 0.203763 81.505064 0.939693 -7.219654 200.000000 -7.219654 1.101296 440.518474 -0.342020 15.262468 200.000000 15.262468 0.000968 0.387094 -1.000000 -29.464620 200.000000 -29.464620 0.621201 248.480490 -0.000000 38.742315 200.000000 38.742315
 11.800000 -0.442062 0.896985 0.164270 -0.986415 -0.457896 2.976575 0.896985 -0.442062 -0.986415 0.164270 0.182397 72.958786 0.939693 -7.219654 200.000000 -7.219654 1.000831 400.332230 -0.342020 15.262468 200.000000 15.262468 0.018454 7.381676 -1.000000 -29.464620 200.000000 -29.464620 2.698470 1079.387919 -0.000000 38.742315 200.000000 38.742315
 12.000000 -0.496210 0.868202 -0.035677 -0.999363 -0.519228 -3.105908 0.868202 -0.496210 -0.999363 -0.035677 0.511086 204.434309 0.939693 -7.219654 200.000000 -7.219654 2.377461 950.984230 -0.342020 15.262468 200.000000 15.262468 0.000041 0.016212 -1.000000 -29.464620 200.000000 -29.464620 0.127285 50.913844 -0.000000 38.742315 200.000000 38.742315
 12.200000 -0.371661 0.928369 -0.063073 -0.998009 -0.380797 -3.078478 0.928369 -0.371661 -0.998009 -0.063073 0.012823 5.129333 0.939693 -7.219654 200.000000 -7.219654 0.087857 35.142687 -0.342020 15.262468 200.000000 15.262468 0.000396 0.158577 -1.000000 -29.464620 200.000000 -29.464620 0.397820 159.128145 -0.000000 38.742315 200.000000 38.742315
 12.400000 -0.407999 0.912982 0.099426 -0.995045 -0.420261 3.042002 0.912982 -0.407999 -0.995045 0.099426 0.071343 28.537339 0.939693 -7.219654 200.000000 -7.219654 0.435319 174.127546 -0.342020 15.262468 200.000000 15.262468 0.002455 0.982111 -1.000000 -29.464620 200.000000 -29.464620 0.988560 395.423897 -0.000000 38.742315 200.000000 38.742315
 12.600000 -0.404587 0.914500 0.029953 -0.999551 -0.416527 3.111636 0.914500 -0.404587 -0.999551 0.029953 0.063469 25.387560 0.939693 -7.219654 200.000000 -7.219654 0.391459 156.583637 -0.342020 15.262468 200.000000 15.262468 0.000020 0.008052 -1.000000 -29.464620 200.000000 -29.464620 0.089715 35.886167 -0.000000 38.742315 200.000000 38.742315
 12.800000 -0.420595 0.907249 -0.032419 -0.999474 -0.434101 -3.109168 0.907249 -0.420595 -0.999474 -0.032419 0.105261 42.104597 0.939693 -7.219654 200.000000 -7.219654 0.617398 246.959102 -0.342020 15.262468 200.000000 15.262468 0.000028 0.011052 -1.000000 -29.464620 200.000000 -29.464620 0.105102 42.040828 -0.000000 38.742315 200.000000 38.742315
 13.000000 -0.472019 0.881589 0.117812 -0.993036 -0.491579 3.023506 0.881589 -0.472019 -0.993036 0.117812 0.337608 135.043200 0.939693 -7.219654 200.000000 -7.219654 1.689961 675.984210 -0.342020 15.262468 200.000000 15.262468 0.004850 1.939946 -1.000000 -29.464620 200.000000 -29.464620 1.387969 555.187761 -0.000000 38.742315 200.000000 38.742315
 13.200000 -0.389586 0.920990 0.050056 -0.998746 -0.400182 3.091515 0.920990 -0.389586 -0.998746 0.050056 0.034978 13.991241 0.939693 -7.219654 200.000000 -7.219654 0.226249 90.499566 -0.342020 15.262468 200.000000 15.262468 0.000157 0.062861 -1.000000 -29.464620 200.000000 -29.464620 0.250564 100.225695 -0.000000 38.742315 200.000000 38.742315
 13.400000 -0.439441 0.898271 0.057388 -0.998352 -0.454976 3.084173 0.898271 -0.439441 -0.998352 0.057388 0.171571 68.628398 0.939693 -7.219654 200.000000 -7.219654 0.949081 379.632356 -0.342020 15.262468 200.000000 15.262468 0.000272 0.108644 -1.000000 -29.464620 200.000000 -29.464620 0.329340 131.736049 -0.000000 38.742315 200.000000 38.742315
 13.600000 -0.438056 0.898948 0.112313 -0.993673 -0.453435 3.029042 0.898948 -0.438056 -0.993673 0.112313 0.166016 66.406242 0.939693 -7.219654 200.000000 -7.219654 0.922292 368.916646 -0.342020 15.262468 200.000000 15.262468 0.004003 1.601315 -1.000000 -29.464620 200.000000 -29.464620 1.261427 504.570967 -0.000000 38.742315 200.000000 38.742315
 13.800000 -0.357408 0.933948 0.007186 -0.999974 -0.365491 3.134407 0.933948 -0.357408 -0.999974 0.007186 0.003300 1.319925 0.939693 -7.219654 200.000000 -7.219654 0.023680 9.471858 -0.342020 15.262468 200.000000 15.262468 0.000000 0.000027 -1.000000 -29.464620 200.000000 -29.464620 0.005163 2.065383 -0.000000 38.742315 200.000000 38.742315
 14.000000 -0.446238 0.894914 0.019718 -0.999806 -0.462557 3.121873 0.894914 -0.446238 -0.999806 0.019718 0.200510 80.204122 0.939693 -7.219654 200.000000 -7.219654 1.086140 434.455809 -0.342020 15.262468 200.000000 15.262468 0.000004 0.001512 -1.000000 -29.464620 200.000000 -29.464620 0.038882 15.552634 -0.000000 38.742315 200.000000 38.742315
 14.200000 -0.512502 0.858686 0.025248 -0.999681 -0.538096 3.116342 0.858686 -0.512502 -0.999681 0.025248 0.656210 262.484180 0.939693 -7.219654 200.000000 -7.219654 2.906419 1162.567745 -0.342020 15.262468 200.000000 15.262468 0.000010 0.004065 -1.000000 -29.464620 200.000000 -29.464620 0.063746 25.498280 -0.000000 38.742315 200.000000 38.742315
 14.400000 -0.407129 0.913371 -0.002018 -0.999998 -0.419309 -3.139575 0.913371 -0.407129 -0.999998 -0.002018 0.069285 27.714102 0.939693 -7.219654 200.000000 -7.219654 0.423920 169.568161 -0.342020 15.262468 200.000000 15.262468 0.000000 0.000000 -1.000000 -29.464620 200.000000 -29.464620 0.000407 0.162867 -0.000000 38.742315 200.000000 38.742315
 14.600000 -0.373210 0.927747 0.059857 -0.998207 -0.382467 3.081700 0.927747 -0.373210 -0.998207 0.059857 0.014270 5.707979 0.939693 -7.219654 200.000000 -7.219654 0.097280 38.912040 -0.342020 15.262468 200.000000 15.262468 0.000321 0.128598 -1.000000 -29.464620 200.000000 -29.464620 0.358284 143.313768 -0.000000 38.742315 200.000000 38.742315
 14.800000 -0.459689 0.888080 0.127951 -0.991781 -0.477645 3.013290 0.888080 -0.459689 -0.991781 0.127951 0.266389 106.555563 0.939693 -7.219654 200.000000 -7.219654 1.384606 553.842406 -0.342020 15.262468 200.000000 15.262468 0.006756 2.702387 -1.000000 -29.464620 200.000000 -29.464620 1.637138 654.855150 -0.000000 38.742315 200.000000 38.742315
 15.000000 -0.484236 0.874937 0.082078 -0.996626 -0.505490 3.059423 0.874937 -0.484236 -0.996626 0.082078 0.419327 167.730792 0.939693 -7.219654 200.000000 -7.219654 2.022549 809.019441 -0.342020 15.262468 200.000000 15.262468 0.001138 0.455373 -1.000000 -29.464620 200.000000 -29.464620 0.673675 269.469981 -0.000000 38.742315 200.000000 38.742315
 15.200000 -0.381210 0.924488 0.028011 -0.999608 -0.391105 3.113578 0.924488 -0.381210 -0.999608 0.028011 0.023117 9.246656 0.939693 -7.219654 200.000000 -7.219654 0.153585 61.433864 -0.342020 15.262468 200.000000 15.262468 0.000015 0.006158 -1.000000 -29.464620 200.000000 -29.464620 0.078460 31.384063 -0.000000 38.742315 200.000000 38.742315
 15.400000 -0.493754 0.869602 0.033095 -0.999452 -0.516401 3.108491 0.869602 -0.493754 -0.999452 0.033095 0.491273 196.509343 0.939693 -7.219654 200.000000 -7.219654 2.302311 920.924394 -0.342020 15.262468 200.000000 15.262468 0.000030 0.012003 -1.000000 -29.464620 200.000000 -29.464620 0.109530 43.812047 -0.000000 38.742315 200.000000 38.742315
 15.600000 -0.487849 0.872928 0.102842 -0.994698 -0.509624 3.038568 0.872928 -0.487849 -0.994698 0.102842 0.445754 178.301712 0.939693 -7.219654 200.000000 -7.219654 2.126618 850.647345 -0.342020 15.262468 200.000000 15.262468 0.002811 1.124588 -1.000000 -29.464620 200.000000 -29.464620 1.057654 423.061799 -0.000000 38.742315 200.000000 38.742315
 15.800000 -0.291133 0.956683 0.100984 -0.994888 -0.295410 3.040436 0.956683 -0.291133 -0.994888 0.100984 0.028866 11.546538 0.939693 -7.219654 200.000000 -7.219654 0.258954 103.581793 -0.342020 15.262468 200.000000 15.262468 0.002613 1.045296 -1.000000 -29.464620 200.000000 -29.464620 1.019784 407.913535 -0.000000 38.742315 200.000000 38.742315
 16.000000 -0.422691 0.906274 0.111943 -0.993715 -0.436412 3.029414 0.906274 -0.422691 -0.993715 0.111943 0.111680 44.671917 0.939693 -7.219654 200.000000 -7.219654 0.650771 260.308314 -0.342020 15.262468 200.000000 15.262468 0.003951 1.580237 -1.000000 -29.464620 200.000000 -29.464620 1.253124 501.249693 -0.000000 38.742315 200.000000 38.742315
 16.200000 -0.455841 0.890061 0.141584 -0.989926 -0.473317 2.999531 0.890061 -0.455841 -0.989926 0.141584 0.246329 98.531707 0.939693 -7.219654 200.000000 -7.219654 1.295526 518.210566 -0.342020 15.262468 200.000000 15.262468 0.010148 4.059267 -1.000000 -29.464620 200.000000 -29.464620 2.004614 801.845653 -0.000000 38.742315 200.000000 38.742315
 16.400000 -0.454562 0.890715 0.040540 -0.999178 -0.471881 3.101042 0.890715 -0.454562 -0.999178 0.040540 0.239880 95.952081 0.939693 -7.219654 200.000000 -7.219654 1.266569 506.627575 -0.342020 15.262468 200.000000 15.262468 0.000068 0.027032 -1.000000 -29.464620 200.000000 -29.464620 0.164345 65.738180 -0.000000 38.742315 200.000000 38.742315
 16.600000 -0.411532 0.911395 0.044757 -0.998998 -0.424135 3.096820 0.911395 -0.411532 -0.998998 0.044757 0.080075 32.029890 0.939693 -7.219654 200.000000 -7.219654 0.483195 193.277996 -0.342020 15.262468 200.000000 15.262468 0.000100 0.040170 -1.000000 -29.464620 200.000000 -29.464620 0.200323 80.129279 -0.000000 38.742315 200.000000 38.742315
 16.800000 -0.492826 0.870128 0.083244 -0.996529 -0.515334 3.058252 0.870128 -0.492826 -0.996529 0.083244 0.483924 193.569645 0.939693 -7.219654 200.000000 -7.219654 2.274236 909.694488 -0.342020 15.262468 200.000000 15.262468 0.001205 0.481866 -1.000000 -29.464620 200.000000 -29.464620 0.692961 277.184461 -0.000000 38.742315 200.000000 38.742315
 17.000000 -0.439399 0.898292 0.049849 -0.998757 -0.454929 3.091723 0.898292 -0.439399 -0.998757 0.049849 0.171401 68.560310 0.939693 -7.219654 200.000000 -7.219654 0.948262 379.304980 -0.342020 15.262468 200.000000 15.262468 0.000155 0.061823 -1.000000 -29.464620 200.000000 -29.464620 0.248488 99.395361 -0.000000 38.742315 200.000000 38.742315
 17.200000 -0.411177 0.911555 0.046251 -0.998930 -0.423745 3.095325 0.911555 -0.411177 -0.998930 0.046251 0.079170 31.668036 0.939693 -7.219654 200.000000 -7.219654 0.478270 191.307861 -0.342020 15.262468 200.000000 15.262468 0.000115 0.045810 -1.000000 -29.464620 200.000000 -29.464620 0.213919 85.567739 -0.000000 38.742315 200.000000 38.742315
 17.400000 -0.384423 0.923157 0.126550 -0.991960 -0.394583 3.014703 0.923157 -0.384423 -0.991960 0.126550 0.027342 10.936941 0.939693 -7.219654 200.000000 -7.219654 0.179799 71.919779 -0.342020 15.262468 200.000000 15.262468 0.006464 2.585485 -1.000000 -29.464620 200.000000 -29.464620 1.601481 640.592261 -0.000000 38.742315 200.000000 38.742315
 17.600000 -0.338367 0.941014 0.106086 -0.994357 -0.345181 3.035306 0.941014 -0.338367 -0.994357 0.106086 0.000175 0.069857 0.939693 -7.219654 200.000000 -7.219654 0.001334 0.533753 -0.342020 15.262468 200.000000 15.262468 0.003184 1.273775 -1.000000 -29.464620 200.000000 -29.464620 1.125432 450.172862 -0.000000 38.742315 200.000000 38.742315
 17.800000 -0.477591 0.878582 0.049493 -0.998774 -0.497910 3.092080 0.878582 -0.477591 -0.998774 0.049493 0.373446 149.378322 0.939693 -7.219654 200.000000 -7.219654 1.837940 735.175884 -0.342020 15.262468 200.000000 15.262468 0.000150 0.060075 -1.000000 -29.464620 200.000000 -29.464620 0.244952 97.980786 -0.000000 38.742315 200.000000 38.742315
 18.000000 -0.529419 0.848360 0.095004 -0.995477 -0.557916 3.046445 0.848360 -0.529419 -0.995477 0.095004 0.834160 333.664015 0.939693 -7.219654 200.000000 -7.219654 3.511847 1404.738838 -0.342020 15.262468 200.000000 15.262468 0.002046 0.818354 -1.000000 -29.464620 200.000000 -29.464620 0.902583 361.033384 -0.000000 38.742315 200.000000 38.742315
 18.200000 -0.463683 0.886001 0.073972 -0.997260 -0.482147 3.067553 0.886001 -0.463683 -0.997260 0.073972 0.288276 115.310580 0.939693 -7.219654 200.000000 -7.219654 1.480182 592.072772 -0.342020 15.262468 200.000000 15.262468 0.000751 0.300232 -1.000000 -29.464620 200.000000 -29.464620 0.547183 218.873397 -0.000000 38.742315 200.000000 38.742315
 18.400000 -0.341816 0.939767 0.133375 -0.991066 -0.348849 3.007819 0.939767 -0.341816 -0.991066 0.133375 0.000001 0.000221 0.939693 -7.219654 200.000000 -7.219654 0.000004 0.001667 -0.342020 15.262468 200.000000 15.262468 0.007982 3.192897 -1.000000 -29.464620 200.000000 -29.464620 1.778886 711.554279 -0.000000 38.742315 200.000000 38.742315
 18.600000 -0.462946 0.886386 0.097457 -0.995240 -0.481316 3.043981 0.886386 -0.462946 -0.995240 0.097457 0.284156 113.662527 0.939693 -7.219654 200.000000 -7.219654 1.462315 584.925827 -0.342020 15.262468 200.000000 15.262468 0.002266 0.906387 -1.000000 -29.464620 200.000000 -29.464620 0.949778 379.911078 -0.000000 38.742315 200.000000 38.742315
 18.800000 -0.401077 0.916044 0.037766 -0.999287 -0.412693 3.103818 0.916044 -0.401077 -0.999287 0.037766 0.055925 22.369836 0.939693 -7.219654 200.000000 -7.219654 0.348774 139.509612 -0.342020 15.262468 200.000000 15.262468 0.000051 0.020356 -1.000000 -29.464620 200.000000 -29.464620 0.142623 57.049395 -0.000000 38.742315 200.000000 38.742315
 19.000000 -0.383932 0.923361 0.103084 -0.994673 -0.394051 3.038325 0.923361 -0.383932 -0.994673 0.103084 0.026671 10.668340 0.939693 -7.219654 200.000000 -7.219654 0.175660 70.263841 -0.342020 15.262468 200.000000 15.262468 0.002838 1.135235 -1.000000 -29.464620 200.000000 -29.464620 1.062636 425.054316 -0.000000 38.742315 200.000000 38.742315
 19.200000 -0.415454 0.909614 0.056706 -0.998391 -0.428442 3.084856 0.909614 -0.415454 -0.998391 0.056706 0.090472 36.188864 0.939693 -7.219654 200.000000 -7.219654 0.539258 215.703299 -0.342020 15.262468 200.000000 15.262468 0.000259 0.103567 -1.000000 -29.464620 200.000000 -29.464620 0.321559 128.623713 -0.000000 38.742315 200.000000 38.742315
 19.400000 -0.420030 0.907510 -0.003115 -0.999995 -0.433478 -3.138478 0.907510 -0.420030 -0.999995 -0.003115 0.103569 41.427773 0.939693 -7.219654 200.000000 -7.219654 0.608547 243.418870 -0.342020 15.262468 200.000000 15.262468 0.000000 0.000001 -1.000000 -29.464620 200.000000 -29.464620 0.000970 0.388075 -0.000000 38.742315 200.000000 38.742315
 19.600000 -0.370105 0.928990 0.066329 -0.997798 -0.379122 3.075214 0.928990 -0.370105 -0.997798 0.066329 0.011455 4.581826 0.939693 -7.219654 200.000000 -7.219654 0.078875 31.549853 -0.342020 15.262468 200.000000 15.262468 0.000485 0.193992 -1.000000 -29.464620 200.000000 -29.464620 0.439960 175.984045 -0.000000 38.742315 200.000000 38.742315
 19.800000 -0.490859 0.871239 -0.004928 -0.999988 -0.513075 -3.136665 0.871239 -0.490859 -0.999988 -0.004928 0.468588 187.435204 0.939693 -7.219654 200.000000 -7.219654 2.215295 886.117988 -0.342020 15.262468 200.000000 15.262468 0.000000 0.000006 -1.000000 -29.464620 200.000000 -29.464620 0.002428 0.971272 -0.000000 38.742315 200.000000 38.742315
 20.000000 -0.455410 0.890282 0.062702 -0.998032 -0.472832 3.078850 0.890282 -0.455410 -0.998032 0.062702 0.244141 97.656538 0.939693 -7.219654 200.000000 -7.219654 1.285720 514.288037 -0.342020 15.262468 200.000000 15.262468 0.000387 0.154874 -1.000000 -29.464620 200.000000 -29.464620 0.393154 157.261458 -0.000000 38.742315 200.000000 38.742315
