#! FIELDS time sin_phi cos_phi sin_psi cos_psi phi psi cos_phi sin_phi cos_psi sin_psi restraint_phi_cos.bias restraint_phi_cos.force2 restraint_phi_cos.cos_phi_cntr restraint_phi_cos.cos_phi_work restraint_phi_cos.cos_phi_kappa restraint_phi_cos.work restraint_phi_sin.bias restraint_phi_sin.force2 restraint_phi_sin.sin_phi_cntr restraint_phi_sin.sin_phi_work restraint_phi_sin.sin_phi_kappa restraint_phi_sin.work restraint_psi_cos.bias restraint_psi_cos.force2 restraint_psi_cos.cos_psi_cntr restraint_psi_cos.cos_psi_work restraint_psi_cos.cos_psi_kappa restraint_psi_cos.work restraint_psi_sin.bias restraint_psi_sin.force2 restraint_psi_sin.sin_psi_cntr restraint_psi_sin.sin_psi_work restraint_psi_sin.sin_psi_kappa restraint_psi_sin.work
#! SET min_phi -pi
#! SET max_phi pi
#! SET min_psi -pi
#! SET max_psi pi
 0.000000 -0.999983 -0.005782 0.966116 0.258110 -1.576579 1.309731 -0.005782 -0.999983 0.258110 0.966116 0.000000 0.000000 -0.009747 0.000000 0.000000 0.000000 0.000000 0.000000 -0.999953 0.000000 0.000000 0.000000 0.000000 0.000000 0.256142 0.000000 0.000000 0.000000 0.000000 0.000000 0.966639 0.000000 0.000000 0.000000
 0.200000 -1.000000 -0.000266 0.834654 0.550774 -1.571062 0.987505 -0.000266 -1.000000 0.550774 0.834654 0.000899 0.035952 -0.009747 0.429322 20.000000 0.429322 0.000000 0.000001 -0.999953 0.008204 20.000000 0.008204 0.868079 34.723159 0.256142 0.437494 20.000000 0.437494 0.174200 6.967991 0.966639 0.079186 20.000000 0.079186
 0.400000 -0.998238 0.059344 0.982966 0.183790 -1.511418 1.385956 0.059344 -0.998238 0.183790 0.982966 0.095469 7.637512 -0.009747 0.576150 40.000000 0.576150 0.000059 0.004705 -0.999953 0.009175 40.000000 0.009175 0.104699 8.375897 0.256142 0.652622 40.000000 0.652622 0.005331 0.426490 0.966639 0.103852 40.000000 0.103852
 0.600000 -0.997904 0.064712 0.969719 0.244224 -1.506039 1.324077 0.064712 -0.997904 0.244224 0.969719 0.166321 19.958503 -0.009747 0.652735 60.000000 0.652735 0.000126 0.015107 -0.999953 0.009549 60.000000 0.009549 0.004261 0.511338 0.256142 0.812947 60.000000 0.812947 0.000285 0.034144 0.966639 0.126978 60.000000 0.126978
 0.800000 -0.999998 0.001903 0.948101 0.317970 -1.568894 1.247209 0.001903 -0.999998 0.317970 0.948101 0.005428 0.868524 -0.009747 0.745436 80.000000 0.745436 0.000000 0.000013 -0.999953 0.009931 80.000000 0.009931 0.152906 24.464912 0.256142 0.870390 80.000000 0.870390 0.013747 2.199469 0.966639 0.131255 80.000000 0.131255
 1.000000 -0.997910 -0.064626 0.983712 0.179754 -1.635467 1.390060 -0.064626 -0.997910 0.179754 0.983712 0.150586 30.117270 -0.009747 0.830203 100.000000 0.830203 0.000209 0.041736 -0.999953 0.010215 100.000000 0.010215 0.291759 58.351722 0.256142 0.906282 100.000000 0.906282 0.014574 2.914707 0.966639 0.133899 100.000000 0.133899
 1.200000 -0.998631 0.052315 0.985228 0.171251 -1.518457 1.398698 0.052315 -0.998631 0.171251 0.985228 0.231101 55.464312 -0.009747 0.926071 120.000000 0.926071 0.000105 0.025163 -0.999953 0.010632 120.000000 0.010632 0.432397 103.775384 0.256142 0.991998 120.000000 0.991998 0.020732 4.975638 0.966639 0.141238 120.000000 0.141238
 1.400000 -0.999098 0.042454 0.979946 0.199264 -1.528329 1.370189 0.042454 -0.999098 0.199264 0.979946 0.190745 53.408626 -0.009747 0.960889 140.000000 0.960889 0.000051 0.014298 -0.999953 0.010712 140.000000 0.010712 0.226460 63.408817 0.256142 1.092913 140.000000 1.092913 0.012395 3.470574 0.966639 0.149512 140.000000 0.149512
 1.600000 -0.999952 0.009799 0.961502 0.274796 -1.560997 1.292419 0.009799 -0.999952 0.274796 0.961502 0.030562 9.779723 -0.009747 1.007028 160.000000 1.007028 0.000000 0.000000 -0.999953 0.010844 160.000000 0.010844 0.027837 8.907908 0.256142 1.162388 160.000000 1.162388 0.002111 0.675440 0.966639 0.156244 160.000000 0.156244
 1.800000 -0.999823 -0.018803 0.970268 0.242032 -1.589600 1.326336 -0.018803 -0.999823 0.242032 0.970268 0.007382 2.657428 -0.009747 1.052093 180.000000 1.052093 0.000002 0.000542 -0.999953 0.010933 180.000000 0.010933 0.017919 6.450699 0.256142 1.193826 180.000000 1.193826 0.001185 0.426729 0.966639 0.158898 180.000000 0.158898
 2.000000 -0.987192 0.159534 0.942534 0.334111 -1.410577 1.230134 0.159534 -0.987192 0.334111 0.942534 2.865606 1146.242258 -0.009747 1.082144 200.000000 1.082144 0.016282 6.512852 -0.999953 0.011015 200.000000 0.011015 0.607915 243.165831 0.256142 1.220068 200.000000 1.220068 0.058107 23.242855 0.966639 0.161405 200.000000 0.161405
 2.200000 -0.982633 0.185559 0.953658 0.300893 -1.384156 1.265167 0.185559 -0.982633 0.300893 0.953658 0.922480 368.992112 0.089513 0.768508 200.000000 0.768508 0.004389 1.755674 -0.989258 0.014988 200.000000 0.014988 1.935776 774.310303 0.161761 1.423190 200.000000 1.423190 0.004689 1.875724 0.946810 0.226304 200.000000 0.226304
 2.400000 -0.980285 0.197588 0.988255 0.152811 -1.371899 1.417384 0.197588 -0.980285 0.152811 0.988255 0.007772 3.108634 0.188773 0.461288 200.000000 0.461288 0.000296 0.118491 -0.978564 0.020596 200.000000 0.020596 0.729848 291.939100 0.067380 1.716422 200.000000 1.716422 0.375458 150.183114 0.926981 0.432469 200.000000 0.432469
 2.600000 -0.994782 0.102021 0.984791 0.173743 -1.468598 1.396168 0.102021 -0.994782 0.173743 0.984791 1.452024 580.809727 0.222521 0.466628 200.000000 0.466628 0.039419 15.767788 -0.974928 0.020600 200.000000 0.020600 4.029801 1611.920420 -0.027001 2.008679 200.000000 2.008679 0.602788 241.115372 0.907152 0.746749 200.000000 0.746749
 2.800000 -0.984196 0.177081 0.999780 -0.020980 -1.392776 1.591778 0.177081 -0.984196 -0.020980 0.999780 0.206477 82.590946 0.222521 0.466628 200.000000 0.466628 0.008590 3.436086 -0.974928 0.020600 200.000000 0.020600 1.008056 403.222419 -0.121382 1.911148 200.000000 1.911148 1.264666 505.866553 0.887323 1.131273 200.000000 1.131273
 3.000000 -0.992077 0.125628 0.985801 -0.167918 -1.444835 1.739514 0.125628 -0.992077 -0.167918 0.985801 0.938817 375.526777 0.222521 0.466628 200.000000 0.466628 0.029410 11.764160 -0.974928 0.020600 200.000000 0.020600 0.228917 91.566765 -0.215763 1.795818 200.000000 1.795818 1.399669 559.867480 0.867493 1.545608 200.000000 1.545608
 3.200000 -0.992214 0.124544 0.930840 -0.365427 -1.445928 1.944888 0.124544 -0.992214 -0.365427 0.930840 0.959950 383.979917 0.222521 0.466628 200.000000 0.466628 0.029881 11.952488 -0.974928 0.020600 200.000000 0.020600 0.305615 122.246037 -0.310144 1.341860 200.000000 1.341860 0.691822 276.728652 0.847664 1.936292 200.000000 1.936292
 3.400000 -0.965875 0.259008 0.938015 -0.346594 -1.308802 1.924734 0.259008 -0.965875 -0.346594 0.938015 0.133129 53.251560 0.222521 0.466628 200.000000 0.466628 0.008195 3.278036 -0.974928 0.020600 200.000000 0.020600 0.335611 134.244250 -0.404526 0.504754 200.000000 0.504754 1.213970 485.587808 0.827835 2.240129 200.000000 2.240129
 3.600000 -0.975117 0.221691 0.844473 -0.535598 -1.347248 2.136013 0.221691 -0.975117 -0.535598 0.844473 0.000069 0.027559 0.222521 0.466628 200.000000 0.466628 0.000004 0.001430 -0.974928 0.020600 200.000000 0.020600 0.134628 53.851270 -0.498907 -0.010552 200.000000 -0.010552 0.132983 53.193303 0.808006 2.465995 200.000000 2.465995
 3.800000 -0.986928 0.161163 0.808415 -0.588612 -1.408927 2.200137 0.161163 -0.986928 -0.588612 0.808415 0.376478 150.591300 0.222521 0.466628 200.000000 0.466628 0.014400 5.759877 -0.974928 0.020600 200.000000 0.020600 0.002186 0.874440 -0.593288 -0.331270 200.000000 -0.331270 0.040960 16.384169 0.788177 2.569832 200.000000 2.569832
 4.000000 -0.982844 0.184437 0.801557 -0.597918 -1.385297 2.211698 0.184437 -0.982844 -0.597918 0.801557 0.145036 58.014268 0.222521 0.466628 200.000000 0.466628 0.006267 2.506746 -0.974928 0.020600 200.000000 0.020600 0.065391 26.156217 -0.623490 -0.189156 200.000000 -0.189156 0.038910 15.564008 0.781831 2.598631 200.000000 2.598631
 4.200000 -0.981691 0.190481 0.801388 -0.598145 -1.379144 2.211981 0.190481 -0.981691 -0.598145 0.801388 0.102654 41.061473 0.222521 0.466628 200.000000 0.466628 0.004574 1.829477 -0.974928 0.020600 200.000000 0.020600 0.064237 25.694607 -0.623490 -0.189156 200.000000 -0.189156 0.038246 15.298274 0.781831 2.598631 200.000000 2.598631
 4.400000 -0.944869 0.327450 0.820093 -0.572230 -1.237193 2.180019 0.327450 -0.944869 -0.572230 0.820093 1.101005 440.401891 0.222521 0.466628 200.000000 0.466628 0.090356 36.142466 -0.974928 0.020600 200.000000 0.020600 0.262753 105.101005 -0.623490 -0.189156 200.000000 -0.189156 0.146394 58.557428 0.781831 2.598631 200.000000 2.598631
 4.600000 -0.965074 0.261978 0.835758 -0.549098 -1.305726 2.152081 0.261978 -0.965074 -0.549098 0.835758 0.155683 62.273142 0.222521 0.466628 200.000000 0.466628 0.009710 3.884020 -0.974928 0.020600 200.000000 0.020600 0.553413 221.365370 -0.623490 -0.189156 200.000000 -0.189156 0.290806 116.322534 0.781831 2.598631 200.000000 2.598631
 4.800000 -0.986810 0.161880 0.810924 -0.585151 -1.408200 2.195863 0.161880 -0.986810 -0.585151 0.810924 0.367727 147.090685 0.222521 0.466628 200.000000 0.466628 0.014119 5.647717 -0.974928 0.020600 200.000000 0.020600 0.146984 58.793654 -0.623490 -0.189156 200.000000 -0.189156 0.084638 33.855316 0.781831 2.598631 200.000000 2.598631
 5.000000 -0.975633 0.219409 0.772490 -0.635027 -1.349588 2.258839 0.219409 -0.975633 -0.635027 0.772490 0.000969 0.387403 0.222521 0.466628 200.000000 0.466628 0.000050 0.019886 -0.974928 0.020600 200.000000 0.020600 0.013310 5.323955 -0.623490 -0.189156 200.000000 -0.189156 0.008726 3.490361 0.781831 2.598631 200.000000 2.598631
 5.200000 -0.970183 0.242373 0.775498 -0.631350 -1.325985 2.254090 0.242373 -0.970183 -0.631350 0.775498 0.039412 15.764869 0.222521 0.466628 200.000000 0.466628 0.002251 0.900555 -0.974928 0.020600 200.000000 0.020600 0.006179 2.471574 -0.623490 -0.189156 200.000000 -0.189156 0.004012 1.604685 0.781831 2.598631 200.000000 2.598631
 5.400000 -0.960672 0.277686 0.775736 -0.631058 -1.289412 2.253713 0.277686 -0.960672 -0.631058 0.775736 0.304319 121.727562 0.222521 0.466628 200.000000 0.466628 0.020323 8.129377 -0.974928 0.020600 200.000000 0.020600 0.005728 2.291094 -0.623490 -0.189156 200.000000 -0.189156 0.003716 1.486359 0.781831 2.598631 200.000000 2.598631
 5.600000 -0.977574 0.210593 0.809969 -0.586472 -1.358615 2.197493 0.210593 -0.977574 -0.586472 0.809969 0.014228 5.691163 0.222521 0.466628 200.000000 0.466628 0.000700 0.280041 -0.974928 0.020600 200.000000 0.020600 0.137029 54.811593 -0.623490 -0.189156 200.000000 -0.189156 0.079173 31.669312 0.781831 2.598631 200.000000 2.598631
 5.800000 -0.989401 0.145208 0.752205 -0.658930 -1.425073 2.290191 0.145208 -0.989401 -0.658930 0.752205 0.597728 239.091029 0.222521 0.466628 200.000000 0.466628 0.020947 8.378970 -0.974928 0.020600 200.000000 0.020600 0.125598 50.239306 -0.623490 -0.189156 200.000000 -0.189156 0.087775 35.110151 0.781831 2.598631 200.000000 2.598631
 6.000000 -0.987962 0.154699 0.781362 -0.624078 -1.415473 2.244747 0.154699 -0.987962 -0.624078 0.781362 0.459979 183.991777 0.222521 0.466628 200.000000 0.466628 0.016988 6.795107 -0.974928 0.020600 200.000000 0.020600 0.000035 0.013837 -0.623490 -0.189156 200.000000 -0.189156 0.000022 0.008813 0.781831 2.598631 200.000000 2.598631
 6.200000 -0.961060 0.276341 0.776734 -0.629829 -1.290812 2.252129 0.276341 -0.961060 -0.629829 0.776734 0.289658 115.863296 0.222521 0.466628 200.000000 0.466628 0.019233 7.693097 -0.974928 0.020600 200.000000 0.020600 0.004018 1.607180 -0.623490 -0.189156 200.000000 -0.189156 0.002598 1.039291 0.781831 2.598631 200.000000 2.598631
 6.400000 -0.979176 0.203014 0.827184 -0.561932 -1.366361 2.167516 0.203014 -0.979176 -0.561932 0.827184 0.038053 15.221090 0.222521 0.466628 200.000000 0.466628 0.001805 0.721806 -0.974928 0.020600 200.000000 0.020600 0.378940 151.576065 -0.623490 -0.189156 200.000000 -0.189156 0.205682 82.272741 0.781831 2.598631 200.000000 2.598631
 6.600000 -0.983703 0.179800 0.771359 -0.636400 -1.390013 2.260618 0.179800 -0.983703 -0.636400 0.771359 0.182506 73.002483 0.222521 0.466628 200.000000 0.466628 0.007700 3.080194 -0.974928 0.020600 200.000000 0.020600 0.016666 6.666593 -0.623490 -0.189156 200.000000 -0.189156 0.010966 4.386510 0.781831 2.598631 200.000000 2.598631
 6.800000 -0.979340 0.202222 0.789638 -0.613573 -1.367171 2.231374 0.202222 -0.979340 -0.613573 0.789638 0.041207 16.482675 0.222521 0.466628 200.000000 0.466628 0.001946 0.778594 -0.974928 0.020600 200.000000 0.020600 0.009835 3.933874 -0.623490 -0.189156 200.000000 -0.189156 0.006094 2.437765 0.781831 2.598631 200.000000 2.598631
 7.000000 -0.958795 0.284100 0.759330 -0.650706 -1.282729 2.279310 0.284100 -0.958795 -0.650706 0.759330 0.379197 151.678911 0.222521 0.466628 200.000000 0.466628 0.026028 10.411253 -0.974928 0.020600 200.000000 0.020600 0.074071 29.628420 -0.623490 -0.189156 200.000000 -0.189156 0.050632 20.252770 0.781831 2.598631 200.000000 2.598631
 7.200000 -0.975828 0.218541 0.804413 -0.594070 -1.350477 2.206906 0.218541 -0.975828 -0.594070 0.804413 0.001584 0.633546 0.222521 0.466628 200.000000 0.466628 0.000081 0.032387 -0.974928 0.020600 200.000000 0.020600 0.086551 34.620413 -0.623490 -0.189156 200.000000 -0.189156 0.050993 20.397300 0.781831 2.598631 200.000000 2.598631
 7.400000 -0.975811 0.218617 0.783987 -0.620777 -1.350400 2.240529 0.218617 -0.975811 -0.620777 0.783987 0.001524 0.609757 0.222521 0.466628 200.000000 0.466628 0.000078 0.031182 -0.974928 0.020600 200.000000 0.020600 0.000736 0.294450 -0.623490 -0.189156 200.000000 -0.189156 0.000465 0.185932 0.781831 2.598631 200.000000 2.598631
 7.600000 -0.987245 0.159207 0.747217 -0.664580 -1.410909 2.297729 0.159207 -0.987245 -0.664580 0.747217 0.400864 160.345533 0.222521 0.466628 200.000000 0.466628 0.015172 6.068626 -0.974928 0.020600 200.000000 0.020600 0.168844 67.537658 -0.623490 -0.189156 200.000000 -0.189156 0.119818 47.927276 0.781831 2.598631 200.000000 2.598631
 7.800000 -0.978060 0.208326 0.769235 -0.638966 -1.360934 2.263950 0.208326 -0.978060 -0.638966 0.769235 0.020150 8.060199 0.222521 0.466628 200.000000 0.466628 0.000981 0.392276 -0.974928 0.020600 200.000000 0.020600 0.023951 9.580557 -0.623490 -0.189156 200.000000 -0.189156 0.015867 6.346910 0.781831 2.598631 200.000000 2.598631
 8.000000 -0.980206 0.197980 0.737112 -0.675770 -1.371500 2.312805 0.197980 -0.980206 -0.675770 0.737112 0.060228 24.091249 0.222521 0.466628 200.000000 0.466628 0.002786 1.114395 -0.974928 0.020600 200.000000 0.020600 0.273324 109.329605 -0.623490 -0.189156 200.000000 -0.189156 0.199980 79.991986 0.781831 2.598631 200.000000 2.598631
 8.200000 -0.963313 0.268381 0.793394 -0.608709 -1.299084 2.225228 0.268381 -0.963313 -0.608709 0.793394 0.210316 84.126501 0.222521 0.466628 200.000000 0.466628 0.013491 5.396438 -0.974928 0.020600 200.000000 0.020600 0.021848 8.739209 -0.623490 -0.189156 200.000000 -0.189156 0.013369 5.347467 0.781831 2.598631 200.000000 2.598631
 8.400000 -0.972830 0.231519 0.758157 -0.652072 -1.337157 2.281110 0.231519 -0.972830 -0.652072 0.758157 0.008097 3.238629 0.222521 0.466628 200.000000 0.466628 0.000440 0.175986 -0.974928 0.020600 200.000000 0.020600 0.081692 32.676787 -0.623490 -0.189156 200.000000 -0.189156 0.056046 22.418519 0.781831 2.598631 200.000000 2.598631
 8.600000 -0.975661 0.219284 0.783806 -0.621005 -1.349716 2.240821 0.219284 -0.975661 -0.621005 0.783806 0.001048 0.419228 0.222521 0.466628 200.000000 0.466628 0.000054 0.021507 -0.974928 0.020600 200.000000 0.020600 0.000617 0.246892 -0.623490 -0.189156 200.000000 -0.189156 0.000390 0.155995 0.781831 2.598631 200.000000 2.598631
 8.800000 -0.967189 0.254059 0.766197 -0.642605 -1.313922 2.268690 0.254059 -0.967189 -0.642605 0.766197 0.099465 39.785996 0.222521 0.466628 200.000000 0.466628 0.005990 2.395803 -0.974928 0.020600 200.000000 0.020600 0.036541 14.616367 -0.623490 -0.189156 200.000000 -0.189156 0.024443 9.777193 0.781831 2.598631 200.000000 2.598631
 9.000000 -0.971109 0.238634 0.743521 -0.668712 -1.329837 2.303272 0.238634 -0.971109 -0.668712 0.743521 0.025965 10.385875 0.222521 0.466628 200.000000 0.466628 0.001458 0.583224 -0.974928 0.020600 200.000000 0.020600 0.204507 81.802817 -0.623490 -0.189156 200.000000 -0.189156 0.146767 58.706815 0.781831 2.598631 200.000000 2.598631
 9.200000 -0.983600 0.180365 0.768159 -0.640259 -1.389439 2.265631 0.180365 -0.983600 -0.640259 0.768159 0.177714 71.085710 0.222521 0.466628 200.000000 0.466628 0.007520 3.008060 -0.974928 0.020600 200.000000 0.020600 0.028119 11.247775 -0.623490 -0.189156 200.000000 -0.189156 0.018693 7.477039 0.781831 2.598631 200.000000 2.598631
 9.400000 -0.965516 0.260344 0.760531 -0.649302 -1.307418 2.277462 0.260344 -0.965516 -0.649302 0.760531 0.143055 57.221906 0.222521 0.466628 200.000000 0.466628 0.008858 3.543322 -0.974928 0.020600 200.000000 0.020600 0.066624 26.649791 -0.623490 -0.189156 200.000000 -0.189156 0.045371 18.148272 0.781831 2.598631 200.000000 2.598631
 9.600000 -0.982658 0.185429 0.744666 -0.667437 -1.384288 2.301558 0.185429 -0.982658 -0.667437 0.744666 0.137578 55.031366 0.222521 0.466628 200.000000 0.466628 0.005975 2.389920 -0.974928 0.020600 200.000000 0.020600 0.193134 77.253468 -0.623490 -0.189156 200.000000 -0.189156 0.138124 55.249534 0.781831 2.598631 200.000000 2.598631
 9.800000 -0.977289 0.211910 0.737587 -0.675253 -1.357267 2.312103 0.211910 -0.977289 -0.675253 0.737587 0.011258 4.503334 0.222521 0.466628 200.000000 0.466628 0.000558 0.223008 -0.974928 0.020600 200.000000 0.020600 0.267938 107.175129 -0.623490 -0.189156 200.000000 -0.189156 0.195761 78.304261 0.781831 2.598631 200.000000 2.598631
 10.000000 -0.975449 0.220227 0.751890 -0.659289 -1.348749 2.290669 0.220227 -0.975449 -0.659289 0.751890 0.000526 0.210445 0.222521 0.466628 200.000000 0.466628 0.000027 0.010845 -0.974928 0.020600 200.000000 0.020600 0.128158 51.263125 -0.623490 -0.189156 200.000000 -0.189156 0.089651 35.860452 0.781831 2.598631 200.000000 2.598631
 10.200000 -0.974944 0.222450 0.744948 -0.667123 -1.346470 2.301136 0.222450 -0.974944 -0.667123 0.744948 0.000001 0.000204 0.222521 0.466628 200.000000 0.466628 0.000000 0.000011 -0.974928 0.020600 200.000000 0.020600 0.190383 76.153368 -0.623490 -0.189156 200.000000 -0.189156 0.136041 54.416219 0.781831 2.598631 200.000000 2.598631
 10.400000 -0.976163 0.217037 0.751509 -0.659723 -1.352018 2.291247 0.217037 -0.976163 -0.659723 0.751509 0.003007 1.202739 0.222521 0.466628 200.000000 0.466628 0.000153 0.061045 -0.974928 0.020600 200.000000 0.020600 0.131286 52.514489 -0.623490 -0.189156 200.000000 -0.189156 0.091947 36.778979 0.781831 2.598631 200.000000 2.598631
 10.600000 -0.970882 0.239559 0.721827 -0.692073 -1.328885 2.335154 0.239559 -0.970882 -0.692073 0.721827 0.029029 11.611714 0.222521 0.466628 200.000000 0.466628 0.001637 0.654832 -0.974928 0.020600 200.000000 0.020600 0.470368 188.147189 -0.623490 -0.189156 200.000000 -0.189156 0.360050 144.019867 0.781831 2.598631 200.000000 2.598631
 10.800000 -0.975817 0.218591 0.764295 -0.644866 -1.350426 2.271645 0.218591 -0.975817 -0.644866 0.764295 0.001545 0.617840 0.222521 0.466628 200.000000 0.466628 0.000079 0.031592 -0.974928 0.020600 200.000000 0.020600 0.045696 18.278295 -0.623490 -0.189156 200.000000 -0.189156 0.030752 12.300646 0.781831 2.598631 200.000000 2.598631
 11.000000 -0.975984 0.217843 0.790009 -0.613096 -1.351192 2.230769 0.217843 -0.975984 -0.613096 0.790009 0.002188 0.875269 0.222521 0.466628 200.000000 0.466628 0.000111 0.044595 -0.974928 0.020600 200.000000 0.020600 0.010804 4.321622 -0.623490 -0.189156 200.000000 -0.189156 0.006687 2.674719 0.781831 2.598631 200.000000 2.598631
 11.200000 -0.983757 0.179505 0.736629 -0.676297 -1.390313 2.313521 0.179505 -0.983757 -0.676297 0.736629 0.185039 74.015557 0.222521 0.466628 200.000000 0.466628 0.007795 3.118182 -0.974928 0.020600 200.000000 0.020600 0.278862 111.544715 -0.623490 -0.189156 200.000000 -0.189156 0.204327 81.730927 0.781831 2.598631 200.000000 2.598631
 11.400000 -0.952863 0.303402 0.742835 -0.669475 -1.262535 2.304298 0.303402 -0.952863 -0.669475 0.742835 0.654182 261.672701 0.222521 0.466628 200.000000 0.466628 0.048688 19.475280 -0.974928 0.020600 200.000000 0.020600 0.211461 84.584295 -0.623490 -0.189156 200.000000 -0.189156 0.152073 60.829363 0.781831 2.598631 200.000000 2.598631
 11.600000 -0.984639 0.174601 0.756404 -0.654105 -1.395295 2.283795 0.174601 -0.984639 -0.654105 0.756404 0.229628 91.851322 0.222521 0.466628 200.000000 0.466628 0.009431 3.772365 -0.974928 0.020600 200.000000 0.020600 0.093730 37.491908 -0.623490 -0.189156 200.000000 -0.189156 0.064657 25.862973 0.781831 2.598631 200.000000 2.598631
 11.800000 -0.971027 0.238971 0.739190 -0.673497 -1.329490 2.309726 0.238971 -0.971027 -0.673497 0.739190 0.027060 10.824121 0.222521 0.466628 200.000000 0.466628 0.001522 0.608773 -0.974928 0.020600 200.000000 0.020600 0.250071 100.028352 -0.623490 -0.189156 200.000000 -0.189156 0.181829 72.731648 0.781831 2.598631 200.000000 2.598631
 12.000000 -0.944034 0.329849 0.748946 -0.662631 -1.234652 2.295123 0.329849 -0.944034 -0.662631 0.748946 1.151937 460.774998 0.222521 0.466628 200.000000 0.466628 0.095446 38.178326 -0.974928 0.020600 200.000000 0.020600 0.153204 61.281563 -0.623490 -0.189156 200.000000 -0.189156 0.108146 43.258285 0.781831 2.598631 200.000000 2.598631
 12.200000 -0.979228 0.202762 0.735112 -0.677945 -1.366618 2.315760 0.202762 -0.979228 -0.677945 0.735112 0.039041 15.616247 0.222521 0.466628 200.000000 0.466628 0.001849 0.739630 -0.974928 0.020600 200.000000 0.020600 0.296540 118.615996 -0.623490 -0.189156 200.000000 -0.189156 0.218268 87.307042 0.781831 2.598631 200.000000 2.598631
 12.400000 -0.977193 0.212353 0.782712 -0.622384 -1.356814 2.242581 0.212353 -0.977193 -0.622384 0.782712 0.010339 4.135538 0.222521 0.466628 200.000000 0.466628 0.000513 0.205232 -0.974928 0.020600 200.000000 0.020600 0.000122 0.048927 -0.623490 -0.189156 200.000000 -0.189156 0.000078 0.031026 0.781831 2.598631 200.000000 2.598631
 12.600000 -0.956579 0.291473 0.774360 -0.632745 -1.275030 2.255890 0.291473 -0.956579 -0.632745 0.774360 0.475444 190.177639 0.222521 0.466628 200.000000 0.466628 0.033668 13.467395 -0.974928 0.020600 200.000000 0.020600 0.008567 3.426611 -0.623490 -0.189156 200.000000 -0.189156 0.005582 2.232959 0.781831 2.598631 200.000000 2.598631
 12.800000 -0.978237 0.207491 0.741585 -0.670859 -1.361787 2.306163 0.207491 -0.978237 -0.670859 0.741585 0.022590 9.035987 0.222521 0.466628 200.000000 0.466628 0.001095 0.437985 -0.974928 0.020600 200.000000 0.020600 0.224387 89.754735 -0.623490 -0.189156 200.000000 -0.189156 0.161981 64.792257 0.781831 2.598631 200.000000 2.598631
 13.000000 -0.989176 0.146731 0.855634 -0.517582 -1.423534 2.114819 0.146731 -0.989176 -0.517582 0.855634 0.574414 229.765464 0.222521 0.466628 200.000000 0.466628 0.020302 8.120838 -0.974928 0.020600 200.000000 0.020600 1.121645 448.657808 -0.623490 -0.189156 200.000000 -0.189156 0.544675 217.869865 0.781831 2.598631 200.000000 2.598631
 13.200000 -0.967493 0.252898 0.752009 -0.659153 -1.315122 2.290488 0.252898 -0.967493 -0.659153 0.752009 0.092277 36.910882 0.222521 0.466628 200.000000 0.466628 0.005528 2.211164 -0.974928 0.020600 200.000000 0.020600 0.127187 50.874949 -0.623490 -0.189156 200.000000 -0.189156 0.088940 35.575851 0.781831 2.598631 200.000000 2.598631
 13.400000 -0.971862 0.235551 0.765108 -0.643902 -1.333011 2.270384 0.235551 -0.971862 -0.643902 0.765108 0.016977 6.790934 0.222521 0.466628 200.000000 0.466628 0.000940 0.375974 -0.974928 0.020600 200.000000 0.020600 0.041665 16.666180 -0.623490 -0.189156 200.000000 -0.189156 0.027967 11.186935 0.781831 2.598631 200.000000 2.598631
 13.600000 -0.986157 0.165816 0.761104 -0.648630 -1.404211 2.276579 0.165816 -0.986157 -0.648630 0.761104 0.321541 128.616591 0.222521 0.466628 200.000000 0.466628 0.012608 5.043389 -0.974928 0.020600 200.000000 0.020600 0.063202 25.280638 -0.623490 -0.189156 200.000000 -0.189156 0.042962 17.184950 0.781831 2.598631 200.000000 2.598631
 13.800000 -0.967858 0.251498 0.777787 -0.628527 -1.316568 2.250455 0.251498 -0.967858 -0.628527 0.777787 0.083969 33.587599 0.222521 0.466628 200.000000 0.466628 0.004999 1.999499 -0.974928 0.020600 200.000000 0.020600 0.002538 1.015083 -0.623490 -0.189156 200.000000 -0.189156 0.001635 0.654162 0.781831 2.598631 200.000000 2.598631
 14.000000 -0.974913 0.222587 0.791589 -0.611053 -1.346329 2.228187 0.222587 -0.974913 -0.611053 0.791589 0.000000 0.000177 0.222521 0.466628 200.000000 0.466628 0.000000 0.000009 -0.974928 0.020600 200.000000 0.020600 0.015467 6.186633 -0.623490 -0.189156 200.000000 -0.189156 0.009522 3.808703 0.781831 2.598631 200.000000 2.598631
 14.200000 -0.981408 0.191935 0.815183 -0.579204 -1.377663 2.188548 0.191935 -0.981408 -0.579204 0.815183 0.093550 37.419894 0.222521 0.466628 200.000000 0.466628 0.004199 1.679472 -0.974928 0.020600 200.000000 0.020600 0.196124 78.449589 -0.623490 -0.189156 200.000000 -0.189156 0.111230 44.492132 0.781831 2.598631 200.000000 2.598631
 14.400000 -0.975292 0.220920 0.793083 -0.609114 -1.348039 2.225739 0.220920 -0.975292 -0.609114 0.793083 0.000256 0.102523 0.222521 0.466628 200.000000 0.466628 0.000013 0.005301 -0.974928 0.020600 200.000000 0.020600 0.020666 8.266379 -0.623490 -0.189156 200.000000 -0.189156 0.012659 5.063476 0.781831 2.598631 200.000000 2.598631
 14.600000 -0.984530 0.175216 0.809927 -0.586530 -1.394671 2.197564 0.175216 -0.984530 -0.586530 0.809927 0.223774 89.509447 0.222521 0.466628 200.000000 0.466628 0.009220 3.687987 -0.974928 0.020600 200.000000 0.020600 0.136602 54.640841 -0.623490 -0.189156 200.000000 -0.189156 0.078938 31.575323 0.781831 2.598631 200.000000 2.598631
 14.800000 -0.980383 0.197100 0.829826 -0.558022 -1.372397 2.162797 0.197100 -0.980383 -0.558022 0.829826 0.064623 25.849122 0.222521 0.466628 200.000000 0.466628 0.002976 1.190496 -0.974928 0.020600 200.000000 0.020600 0.428600 171.439986 -0.623490 -0.189156 200.000000 -0.189156 0.230347 92.138884 0.781831 2.598631 200.000000 2.598631
 15.000000 -0.983314 0.181917 0.758888 -0.651222 -1.387860 2.279989 0.181917 -0.983314 -0.651222 0.758888 0.164865 65.946131 0.222521 0.466628 200.000000 0.466628 0.007032 2.812945 -0.974928 0.020600 200.000000 0.020600 0.076905 30.761973 -0.623490 -0.189156 200.000000 -0.189156 0.052642 21.056730 0.781831 2.598631 200.000000 2.598631
 15.200000 -0.964516 0.264023 0.771126 -0.636682 -1.303605 2.260984 0.264023 -0.964516 -0.636682 0.771126 0.172243 68.897059 0.222521 0.466628 200.000000 0.466628 0.010840 4.336010 -0.974928 0.020600 200.000000 0.020600 0.017403 6.961383 -0.623490 -0.189156 200.000000 -0.189156 0.011460 4.583906 0.781831 2.598631 200.000000 2.598631
 15.400000 -0.975485 0.220066 0.778772 -0.627307 -1.348914 2.248887 0.220066 -0.975485 -0.627307 0.778772 0.000603 0.241066 0.222521 0.466628 200.000000 0.466628 0.000031 0.012413 -0.974928 0.020600 200.000000 0.020600 0.001457 0.582797 -0.623490 -0.189156 200.000000 -0.189156 0.000936 0.374374 0.781831 2.598631 200.000000 2.598631
 15.600000 -0.992417 0.122915 0.805109 -0.593127 -1.447570 2.205733 0.122915 -0.992417 -0.593127 0.805109 0.992141 396.856372 0.222521 0.466628 200.000000 0.466628 0.030588 12.235069 -0.974928 0.020600 200.000000 0.020600 0.092191 36.876525 -0.623490 -0.189156 200.000000 -0.189156 0.054185 21.673854 0.781831 2.598631 200.000000 2.598631
 15.800000 -0.982987 0.183675 0.778724 -0.627367 -1.386073 2.248963 0.183675 -0.982987 -0.627367 0.778724 0.150904 60.361644 0.222521 0.466628 200.000000 0.466628 0.006495 2.598027 -0.974928 0.020600 200.000000 0.020600 0.001503 0.601155 -0.623490 -0.189156 200.000000 -0.189156 0.000966 0.386227 0.781831 2.598631 200.000000 2.598631
 16.000000 -0.988393 0.151919 0.788587 -0.614924 -1.418287 2.233085 0.151919 -0.988393 -0.614924 0.788587 0.498465 199.385930 0.222521 0.466628 200.000000 0.466628 0.018131 7.252304 -0.974928 0.020600 200.000000 0.020600 0.007338 2.935245 -0.623490 -0.189156 200.000000 -0.189156 0.004563 1.825345 0.781831 2.598631 200.000000 2.598631
 16.200000 -0.989961 0.141343 0.806776 -0.590857 -1.428979 2.202917 0.141343 -0.989961 -0.590857 0.806776 0.658990 263.596094 0.222521 0.466628 200.000000 0.466628 0.022599 9.039417 -0.974928 0.020600 200.000000 0.020600 0.106489 42.595777 -0.623490 -0.189156 200.000000 -0.189156 0.062224 24.889646 0.781831 2.598631 200.000000 2.598631
 16.400000 -0.981756 0.190146 0.813416 -0.581682 -1.379486 2.191592 0.190146 -0.981756 -0.581682 0.813416 0.104815 41.926180 0.222521 0.466628 200.000000 0.466628 0.004662 1.864845 -0.974928 0.020600 200.000000 0.020600 0.174786 69.914575 -0.623490 -0.189156 200.000000 -0.189156 0.099758 39.903384 0.781831 2.598631 200.000000 2.598631
 16.600000 -0.983172 0.182683 0.806275 -0.591541 -1.387081 2.203765 0.182683 -0.983172 -0.591541 0.806275 0.158704 63.481407 0.222521 0.466628 200.000000 0.466628 0.006796 2.718472 -0.974928 0.020600 200.000000 0.020600 0.102071 40.828272 -0.623490 -0.189156 200.000000 -0.189156 0.059747 23.898834 0.781831 2.598631 200.000000 2.598631
 16.800000 -0.980082 0.198594 0.836712 -0.547643 -1.370874 2.150341 0.198594 -0.980082 -0.547643 0.836712 0.057251 22.900512 0.222521 0.466628 200.000000 0.466628 0.002656 1.062547 -0.974928 0.020600 200.000000 0.020600 0.575270 230.107983 -0.623490 -0.189156 200.000000 -0.189156 0.301186 120.474588 0.781831 2.598631 200.000000 2.598631
 17.000000 -0.984485 0.175468 0.810042 -0.586372 -1.394415 2.197369 0.175468 -0.984485 -0.586372 0.810042 0.221398 88.559146 0.222521 0.466628 200.000000 0.466628 0.009134 3.653620 -0.974928 0.020600 200.000000 0.020600 0.137773 55.109190 -0.623490 -0.189156 200.000000 -0.189156 0.079583 31.833071 0.781831 2.598631 200.000000 2.598631
 17.200000 -0.972657 0.232248 0.773729 -0.633516 -1.336409 2.256886 0.232248 -0.972657 -0.633516 0.773729 0.009461 3.784291 0.222521 0.466628 200.000000 0.466628 0.000516 0.206335 -0.974928 0.020600 200.000000 0.020600 0.010053 4.021228 -0.623490 -0.189156 200.000000 -0.189156 0.006564 2.625787 0.781831 2.598631 200.000000 2.598631
 17.400000 -0.983154 0.182778 0.801292 -0.598274 -1.386985 2.212141 0.182778 -0.983154 -0.598274 0.801292 0.157951 63.180210 0.222521 0.466628 200.000000 0.466628 0.006767 2.706887 -0.974928 0.020600 200.000000 0.020600 0.063585 25.433846 -0.623490 -0.189156 200.000000 -0.189156 0.037870 15.148059 0.781831 2.598631 200.000000 2.598631
 17.600000 -0.967282 0.253703 0.818241 -0.574876 -1.314289 2.183249 0.253703 -0.967282 -0.574876 0.818241 0.097234 38.893562 0.222521 0.466628 200.000000 0.466628 0.005846 2.338343 -0.974928 0.020600 200.000000 0.020600 0.236331 94.532214 -0.623490 -0.189156 200.000000 -0.189156 0.132562 53.024861 0.781831 2.598631 200.000000 2.598631
 17.800000 -0.975585 0.219622 0.750331 -0.661063 -1.349369 2.293031 0.219622 -0.975585 -0.661063 0.750331 0.000840 0.336153 0.222521 0.466628 200.000000 0.466628 0.000043 0.017273 -0.974928 0.020600 200.000000 0.020600 0.141173 56.469061 -0.623490 -0.189156 200.000000 -0.189156 0.099230 39.692174 0.781831 2.598631 200.000000 2.598631
 18.000000 -0.962385 0.271690 0.814147 -0.580659 -1.295648 2.190334 0.271690 -0.962385 -0.580659 0.814147 0.241756 96.702500 0.222521 0.466628 200.000000 0.466628 0.015733 6.293066 -0.974928 0.020600 200.000000 0.020600 0.183450 73.380133 -0.623490 -0.189156 200.000000 -0.189156 0.104430 41.771924 0.781831 2.598631 200.000000 2.598631
 18.200000 -0.964907 0.262591 0.799642 -0.600477 -1.305090 2.214894 0.262591 -0.964907 -0.600477 0.799642 0.160562 64.224847 0.222521 0.466628 200.000000 0.466628 0.010041 4.016591 -0.974928 0.020600 200.000000 0.020600 0.052959 21.183545 -0.623490 -0.189156 200.000000 -0.189156 0.031722 12.688611 0.781831 2.598631 200.000000 2.598631
 18.400000 -0.985312 0.170761 0.836096 -0.548582 -1.399194 2.151464 0.170761 -0.985312 -0.548582 0.836096 0.267910 107.163927 0.222521 0.466628 200.000000 0.466628 0.010784 4.313579 -0.974928 0.020600 200.000000 0.020600 0.561111 224.444505 -0.623490 -0.189156 200.000000 -0.189156 0.294469 117.787549 0.781831 2.598631 200.000000 2.598631
 18.600000 -0.970167 0.242436 0.756706 -0.653755 -1.325920 2.283333 0.242436 -0.970167 -0.653755 0.756706 0.039661 15.864521 0.222521 0.466628 200.000000 0.466628 0.002266 0.906506 -0.974928 0.020600 200.000000 0.020600 0.091601 36.640302 -0.623490 -0.189156 200.000000 -0.189156 0.063129 25.251751 0.781831 2.598631 200.000000 2.598631
 18.800000 -0.982013 0.188815 0.753020 -0.657998 -1.380841 2.288953 0.188815 -0.982013 -0.657998 0.753020 0.113607 45.442797 0.222521 0.466628 200.000000 0.466628 0.005019 2.007723 -0.974928 0.020600 200.000000 0.020600 0.119081 47.632403 -0.623490 -0.189156 200.000000 -0.189156 0.083012 33.204643 0.781831 2.598631 200.000000 2.598631
 19.000000 -0.971818 0.235731 0.835564 -0.549393 -1.332825 2.152433 0.235731 -0.971818 -0.549393 0.835564 0.017451 6.980537 0.222521 0.466628 200.000000 0.466628 0.000967 0.386794 -0.974928 0.020600 200.000000 0.020600 0.549041 219.616385 -0.623490 -0.189156 200.000000 -0.189156 0.288723 115.489084 0.781831 2.598631 200.000000 2.598631
 19.200000 -0.984760 0.173918 0.733892 -0.679266 -1.395990 2.317559 0.173918 -0.984760 -0.679266 0.733892 0.236227 94.490719 0.222521 0.466628 200.000000 0.466628 0.009667 3.866939 -0.974928 0.020600 200.000000 0.020600 0.311103 124.441285 -0.623490 -0.189156 200.000000 -0.189156 0.229822 91.928671 0.781831 2.598631 200.000000 2.598631
 19.400000 -0.988313 0.152438 0.787184 -0.616719 -1.417762 2.235364 0.152438 -0.988313 -0.616719 0.787184 0.491168 196.467049 0.222521 0.466628 200.000000 0.466628 0.017916 7.166530 -0.974928 0.020600 200.000000 0.020600 0.004585 1.833976 -0.623490 -0.189156 200.000000 -0.189156 0.002865 1.145852 0.781831 2.598631 200.000000 2.598631
 19.600000 -0.987173 0.159656 0.731778 -0.681543 -1.410454 2.320666 0.159656 -0.987173 -0.681543 0.731778 0.395200 158.079814 0.222521 0.466628 200.000000 0.466628 0.014993 5.997398 -0.974928 0.020600 200.000000 0.020600 0.337021 134.808303 -0.623490 -0.189156 200.000000 -0.189156 0.250537 100.214861 0.781831 2.598631 200.000000 2.598631
 19.800000 -0.988770 0.149444 0.804868 -0.593454 -1.420790 2.206140 0.149444 -0.988770 -0.593454 0.804868 0.534019 213.607699 0.222521 0.466628 200.000000 0.466628 0.019161 7.664295 -0.974928 0.020600 200.000000 0.020600 0.090216 36.086350 -0.623490 -0.189156 200.000000 -0.189156 0.053068 21.227289 0.781831 2.598631 200.000000 2.598631
 20.000000 -0.979913 0.199424 0.774683 -0.632350 -1.370027 2.255379 0.199424 -0.979913 -0.632350 0.774683 0.053349 21.339524 0.222521 0.466628 200.000000 0.466628 0.002485 0.994197 -0.974928 0.020600 200.000000 0.020600 0.007850 3.140116 -0.623490 -0.189156 200.000000 -0.189156 0.005110 2.044127 0.781831 2.598631 200.000000 2.598631
