#! FIELDS time sin_phi cos_phi sin_psi cos_psi phi psi cos_phi sin_phi cos_psi sin_psi restraint_phi_cos.bias restraint_phi_cos.force2 restraint_phi_cos.cos_phi_cntr restraint_phi_cos.cos_phi_work restraint_phi_cos.cos_phi_kappa restraint_phi_cos.work restraint_phi_sin.bias restraint_phi_sin.force2 restraint_phi_sin.sin_phi_cntr restraint_phi_sin.sin_phi_work restraint_phi_sin.sin_phi_kappa restraint_phi_sin.work restraint_psi_cos.bias restraint_psi_cos.force2 restraint_psi_cos.cos_psi_cntr restraint_psi_cos.cos_psi_work restraint_psi_cos.cos_psi_kappa restraint_psi_cos.work restraint_psi_sin.bias restraint_psi_sin.force2 restraint_psi_sin.sin_psi_cntr restraint_psi_sin.sin_psi_work restraint_psi_sin.sin_psi_kappa restraint_psi_sin.work
#! SET min_phi -pi
#! SET max_phi pi
#! SET min_psi -pi
#! SET max_psi pi
 0.000000 -0.999983 -0.005782 0.966116 0.258110 -1.576579 1.309731 -0.005782 -0.999983 0.258110 0.966116 0.000000 0.000000 -0.009747 0.000000 0.000000 0.000000 0.000000 0.000000 -0.999953 0.000000 0.000000 0.000000 0.000000 0.000000 0.256142 0.000000 0.000000 0.000000 0.000000 0.000000 0.966639 0.000000 0.000000 0.000000
 0.200000 -1.000000 -0.000267 0.834656 0.550772 -1.571063 0.987508 -0.000267 -1.000000 0.550772 0.834656 0.000899 0.035948 -0.009747 0.429323 20.000000 0.429323 0.000000 0.000001 -0.999953 0.008204 20.000000 0.008204 0.868064 34.722547 0.256142 0.437490 20.000000 0.437490 0.174195 6.967810 0.966639 0.079184 20.000000 0.079184
 0.400000 -0.998238 0.059344 0.982966 0.183785 -1.511417 1.385960 0.059344 -0.998238 0.183785 0.982966 0.095470 7.637587 -0.009747 0.576154 40.000000 0.576154 0.000059 0.004705 -0.999953 0.009175 40.000000 0.009175 0.104710 8.376839 0.256142 0.652617 40.000000 0.652617 0.005332 0.426530 0.966639 0.103851 40.000000 0.103851
 0.600000 -0.997906 0.064680 0.969721 0.244216 -1.506071 1.324085 0.064680 -0.997906 0.244216 0.969721 0.166180 19.941551 -0.009747 0.652741 60.000000 0.652741 0.000126 0.015077 -0.999953 0.009549 60.000000 0.009549 0.004267 0.512065 0.256142 0.812944 60.000000 0.812944 0.000285 0.034191 0.966639 0.126977 60.000000 0.126977
 0.800000 -0.999998 0.001902 0.948093 0.317994 -1.568894 1.247184 0.001902 -0.999998 0.317994 0.948093 0.005427 0.868381 -0.009747 0.745441 80.000000 0.745441 0.000000 0.000013 -0.999953 0.009931 80.000000 0.009931 0.153024 24.483797 0.256142 0.870390 80.000000 0.870390 0.013759 2.201368 0.966639 0.131254 80.000000 0.131254
 1.000000 -0.997908 -0.064646 0.983715 0.179737 -1.635487 1.390077 -0.064646 -0.997908 0.179737 0.983715 0.150695 30.139069 -0.009747 0.830208 100.000000 0.830208 0.000209 0.041788 -0.999953 0.010215 100.000000 0.010215 0.291889 58.377783 0.256142 0.906284 100.000000 0.906284 0.014579 2.915772 0.966639 0.133898 100.000000 0.133898
 1.200000 -0.998639 0.052161 0.985238 0.171190 -1.518612 1.398759 0.052161 -0.998639 0.171190 0.985238 0.229952 55.188547 -0.009747 0.926072 120.000000 0.926072 0.000104 0.024856 -0.999953 0.010632 120.000000 0.010632 0.433013 103.923142 0.256142 0.991996 120.000000 0.991996 0.020755 4.981260 0.966639 0.141236 120.000000 0.141236
 1.400000 -0.999100 0.042415 0.979964 0.199175 -1.528369 1.370280 0.042415 -0.999100 0.199175 0.979964 0.190458 53.328269 -0.009747 0.960907 140.000000 0.960907 0.000051 0.014242 -0.999953 0.010712 140.000000 0.010712 0.227170 63.607668 0.256142 1.092918 140.000000 1.092918 0.012429 3.480030 0.966639 0.149508 140.000000 0.149508
 1.600000 -0.999952 0.009799 0.961483 0.274866 -1.560997 1.292347 0.009799 -0.999952 0.274866 0.961483 0.030562 9.779977 -0.009747 1.006971 160.000000 1.006971 0.000000 0.000000 -0.999953 0.010844 160.000000 0.010844 0.028044 8.974219 0.256142 1.162367 160.000000 1.162367 0.002127 0.680659 0.966639 0.156235 160.000000 0.156235
 1.800000 -0.999845 -0.017625 0.970413 0.241453 -1.588422 1.326934 -0.017625 -0.999845 0.241453 0.970413 0.005586 2.010870 -0.009747 1.052368 180.000000 1.052368 0.000001 0.000377 -0.999953 0.010933 180.000000 0.010933 0.019421 6.991447 0.256142 1.193858 180.000000 1.193858 0.001282 0.461357 0.966639 0.158887 180.000000 0.158887
 2.000000 -0.986780 0.162067 0.941411 0.337263 -1.408011 1.226789 0.162067 -0.986780 0.337263 0.941411 2.951990 1180.796033 -0.009747 1.082555 200.000000 1.082555 0.017352 6.940857 -0.999953 0.011018 200.000000 0.011018 0.658048 263.219125 0.256142 1.220872 200.000000 1.220872 0.063647 25.458942 0.966639 0.161486 200.000000 0.161486
 2.200000 -0.991910 0.126942 0.935854 0.352388 -1.443510 1.210675 0.126942 -0.991910 0.352388 0.935854 0.842797 337.118837 0.035138 0.924770 200.000000 0.924770 0.392186 156.874258 -0.929285 0.473463 200.000000 0.473463 1.686549 674.619617 0.222521 1.247547 200.000000 1.247547 0.152678 61.071006 0.974928 0.164162 200.000000 0.164162
 2.400000 -0.994964 0.100233 0.956487 0.291774 -1.470395 1.274715 0.100233 -0.994964 0.291774 0.956487 0.040841 16.336579 0.080023 0.643606 200.000000 0.643606 1.859018 743.607148 -0.858618 1.895401 200.000000 1.895401 0.479600 191.839955 0.222521 1.247547 200.000000 1.247547 0.034006 13.602302 0.974928 0.164162 200.000000 0.164162
 2.600000 -0.999867 0.016295 0.924247 0.381794 -1.554500 1.179059 0.016295 -0.999867 0.381794 0.924247 1.179679 471.871633 0.124908 0.390715 200.000000 0.390715 4.490845 1796.337972 -0.787951 4.236790 200.000000 4.236790 2.536805 1014.721838 0.222521 1.247547 200.000000 1.247547 0.256853 102.741103 0.974928 0.164162 200.000000 0.164162
 2.800000 -0.979253 0.202644 0.955683 0.294399 -1.366739 1.271970 0.202644 -0.979253 0.294399 0.955683 0.107916 43.166452 0.169793 0.037086 200.000000 0.037086 6.862753 2745.101140 -0.717284 7.442917 200.000000 7.442917 0.516640 206.656064 0.222521 1.247547 200.000000 1.247547 0.037038 14.815103 0.974928 0.164162 200.000000 0.164162
 3.000000 -0.989305 0.145865 0.972081 0.234647 -1.424409 1.333941 0.145865 -0.989305 0.234647 0.972081 0.473528 189.411165 0.214678 -0.581379 200.000000 -0.581379 11.743488 4697.395043 -0.646617 11.412072 200.000000 11.412072 0.014705 5.882038 0.222521 1.247547 200.000000 1.247547 0.000811 0.324298 0.974928 0.164162 200.000000 0.164162
 3.200000 -0.971719 0.236141 0.980986 0.194077 -1.332403 1.375480 0.236141 -0.971719 0.194077 0.980986 0.054858 21.943342 0.259563 -1.383809 200.000000 -1.383809 15.663316 6265.326288 -0.575950 16.067162 200.000000 16.067162 0.080908 32.363107 0.222521 1.247547 200.000000 1.247547 0.003670 1.468196 0.974928 0.164162 200.000000 0.164162
 3.400000 -0.850041 0.526716 0.956849 0.290586 -1.016064 1.275957 0.526716 -0.850041 0.290586 0.956849 4.940309 1976.123562 0.304448 -2.552673 200.000000 -2.552673 11.885858 4754.343292 -0.505283 21.235099 200.000000 21.235099 0.463285 185.314016 0.222521 1.247547 200.000000 1.247547 0.032685 13.074049 0.974928 0.164162 200.000000 0.164162
 3.600000 -0.812329 0.583199 0.969313 0.245831 -0.948135 1.322419 0.583199 -0.812329 0.245831 0.969313 5.469346 2187.738470 0.349333 -4.285030 200.000000 -4.285030 14.266764 5706.705600 -0.434615 26.617794 200.000000 26.617794 0.054337 21.734827 0.222521 1.247547 200.000000 1.247547 0.003153 1.261250 0.974928 0.164162 200.000000 0.164162
 3.800000 -0.707933 0.706279 0.972103 0.234552 -0.786568 1.334038 0.706279 -0.707933 0.234552 0.972103 9.738218 3895.287225 0.394218 -6.476888 200.000000 -6.476888 11.832584 4733.033763 -0.363948 31.998111 200.000000 31.998111 0.014476 5.790259 0.222521 1.247547 200.000000 1.247547 0.000798 0.319098 0.974928 0.164162 200.000000 0.164162
 4.000000 -0.645354 0.763884 0.971817 0.235737 -0.701486 1.332819 0.763884 -0.645354 0.235737 0.971817 10.548281 4219.312357 0.439103 -9.064368 200.000000 -9.064368 12.395499 4958.199619 -0.293281 37.266295 200.000000 37.266295 0.017467 6.986954 0.222521 1.247547 200.000000 1.247547 0.000968 0.387160 0.974928 0.164162 200.000000 0.164162
 4.200000 -0.387028 0.922068 0.977208 0.212282 -0.397406 1.356887 0.922068 -0.387028 0.212282 0.977208 19.191426 7676.570581 0.483988 -12.336599 200.000000 -12.336599 2.703194 1081.277662 -0.222614 41.385188 200.000000 41.385188 0.010484 4.193438 0.222521 1.247547 200.000000 1.247547 0.000520 0.208034 0.974928 0.164162 200.000000 0.164162
 4.400000 -0.303612 0.952796 0.990774 0.135527 -0.308482 1.434851 0.952796 -0.303612 0.135527 0.990774 17.971065 7188.425900 0.528873 -15.882231 200.000000 -15.882231 2.300241 920.096496 -0.151947 44.697829 200.000000 44.697829 0.756802 302.720895 0.222521 1.247547 200.000000 1.247547 0.025109 10.043578 0.974928 0.164162 200.000000 0.164162
 4.600000 -0.016516 0.999864 0.982233 0.187667 -0.016516 1.382010 0.999864 -0.016516 0.187667 0.982233 18.156627 7262.650790 0.573758 -19.477174 200.000000 -19.477174 0.419440 167.775812 -0.081280 47.033351 200.000000 47.033351 0.121481 48.592402 0.222521 1.247547 200.000000 1.247547 0.005336 2.134424 0.974928 0.164162 200.000000 0.164162
 4.800000 0.113204 0.993572 0.985161 0.171633 0.113448 1.398309 0.993572 0.113204 0.171633 0.985161 14.057183 5622.873345 0.618643 -23.046452 200.000000 -23.046452 1.533065 613.226146 -0.010613 47.408875 200.000000 47.408875 0.258958 103.583123 0.222521 1.247547 200.000000 1.247547 0.010472 4.188604 0.974928 0.164162 200.000000 0.164162
 5.000000 0.150520 0.988607 0.970164 0.242449 0.151094 1.325907 0.988607 0.150520 0.242449 0.970164 10.567665 4227.065959 0.663528 -26.229113 200.000000 -26.229113 0.818395 327.358131 0.060055 47.637901 200.000000 47.637901 0.039713 15.885302 0.222521 1.247547 200.000000 1.247547 0.002269 0.907748 0.974928 0.164162 200.000000 0.164162
 5.200000 0.256165 0.966633 0.989438 0.144958 0.259052 1.425326 0.966633 0.256165 0.144958 0.989438 6.667792 2667.116916 0.708412 -28.958256 200.000000 -28.958256 1.573592 629.436885 0.130722 47.283656 200.000000 47.283656 0.601599 240.639440 0.222521 1.247547 200.000000 1.247547 0.021054 8.421460 0.974928 0.164162 200.000000 0.164162
 5.400000 0.190132 0.981759 0.978978 0.203967 0.191296 1.365388 0.981759 0.190132 0.203967 0.978978 5.219452 2087.780886 0.753297 -31.106534 200.000000 -31.106534 0.012673 5.069097 0.201389 46.352053 200.000000 46.352053 0.034425 13.770138 0.222521 1.247547 200.000000 1.247547 0.001640 0.656061 0.974928 0.164162 200.000000 0.164162
 5.600000 0.336906 0.941538 0.981193 0.193031 0.343629 1.376547 0.941538 0.336906 0.193031 0.981193 2.055094 822.037568 0.798182 -32.740771 200.000000 -32.740771 0.420550 168.220066 0.272056 45.687804 200.000000 45.687804 0.086969 34.787403 0.222521 1.247547 200.000000 1.247547 0.003925 1.569930 0.974928 0.164162 200.000000 0.164162
 5.800000 0.491410 0.870929 0.981130 0.193350 0.513707 1.376220 0.870929 0.491410 0.193350 0.981130 0.077625 31.050127 0.843067 -33.738783 200.000000 -33.738783 2.210765 884.305998 0.342723 44.965055 200.000000 44.965055 0.085092 34.036658 0.222521 1.247547 200.000000 1.247547 0.003846 1.538515 0.974928 0.164162 200.000000 0.164162
 6.000000 0.456417 0.889766 0.974073 0.226235 0.473965 1.342585 0.889766 0.456417 0.226235 0.974073 0.000329 0.131554 0.887952 -34.156073 200.000000 -34.156073 0.185134 74.053585 0.413390 44.562345 200.000000 44.562345 0.001380 0.551853 0.222521 1.247547 200.000000 1.247547 0.000073 0.029256 0.974928 0.164162 200.000000 0.164162
 6.200000 0.460729 0.887541 0.976430 0.215834 0.478817 1.353250 0.887541 0.460729 0.215834 0.976430 0.018031 7.212547 0.900969 -34.183539 200.000000 -34.183539 0.072068 28.827097 0.433884 44.562492 200.000000 44.562492 0.004471 1.788510 0.222521 1.247547 200.000000 1.247547 0.000226 0.090255 0.974928 0.164162 200.000000 0.164162
 6.400000 0.347946 0.937514 0.974774 0.223192 0.355380 1.345708 0.937514 0.347946 0.223192 0.974774 0.133558 53.423049 0.900969 -34.183539 200.000000 -34.183539 0.738522 295.408610 0.433884 44.562492 200.000000 44.562492 0.000045 0.018014 0.222521 1.247547 200.000000 1.247547 0.000002 0.000941 0.974928 0.164162 200.000000 0.164162
 6.600000 0.501842 0.864959 0.966799 0.255538 0.525727 1.312392 0.864959 0.501842 0.255538 0.966799 0.129668 51.867257 0.900969 -34.183539 200.000000 -34.183539 0.461830 184.732115 0.433884 44.562492 200.000000 44.562492 0.109011 43.604465 0.222521 1.247547 200.000000 1.247547 0.006608 2.643121 0.974928 0.164162 200.000000 0.164162
 6.800000 0.525869 0.850566 0.973258 0.229716 0.553736 1.339011 0.850566 0.525869 0.229716 0.973258 0.254047 101.618791 0.900969 -34.183539 200.000000 -34.183539 0.846122 338.448895 0.433884 44.562492 200.000000 44.562492 0.005176 2.070490 0.222521 1.247547 200.000000 1.247547 0.000279 0.111569 0.974928 0.164162 200.000000 0.164162
 7.000000 0.396428 0.918066 0.964464 0.264214 0.407623 1.303407 0.918066 0.396428 0.264214 0.964464 0.029230 11.692054 0.900969 -34.183539 200.000000 -34.183539 0.140291 56.116434 0.433884 44.562492 200.000000 44.562492 0.173833 69.533370 0.222521 1.247547 200.000000 1.247547 0.010949 4.379733 0.974928 0.164162 200.000000 0.164162
 7.200000 0.410875 0.911692 0.977432 0.211250 0.423413 1.357943 0.911692 0.410875 0.211250 0.977432 0.011498 4.599341 0.900969 -34.183539 200.000000 -34.183539 0.052942 21.176969 0.433884 44.562492 200.000000 44.562492 0.012703 5.081334 0.222521 1.247547 200.000000 1.247547 0.000627 0.250830 0.974928 0.164162 200.000000 0.164162
 7.400000 0.339879 0.940469 0.978832 0.204667 0.346788 1.364672 0.940469 0.339879 0.204667 0.978832 0.156028 62.411136 0.900969 -34.183539 200.000000 -34.183539 0.883692 353.476768 0.433884 44.562492 200.000000 44.562492 0.031875 12.749904 0.222521 1.247547 200.000000 1.247547 0.001524 0.609542 0.974928 0.164162 200.000000 0.164162
 7.600000 0.476735 0.879047 0.957761 0.287566 0.496936 1.279111 0.879047 0.476735 0.287566 0.957761 0.048056 19.222424 0.900969 -34.183539 200.000000 -34.183539 0.183621 73.448513 0.433884 44.562492 200.000000 44.562492 0.423092 169.236788 0.222521 1.247547 200.000000 1.247547 0.029471 11.788544 0.974928 0.164162 200.000000 0.164162
 7.800000 0.490843 0.871248 0.965181 0.261582 0.513057 1.306135 0.871248 0.490843 0.261582 0.965181 0.088331 35.332548 0.900969 -34.183539 200.000000 -34.183539 0.324431 129.772413 0.433884 44.562492 200.000000 44.562492 0.152578 61.031353 0.222521 1.247547 200.000000 1.247547 0.009500 3.799938 0.974928 0.164162 200.000000 0.164162
 8.000000 0.503743 0.863853 0.955258 0.295773 0.527926 1.270532 0.863853 0.503743 0.295773 0.955258 0.137755 55.102169 0.900969 -34.183539 200.000000 -34.183539 0.488034 195.213798 0.433884 44.562492 200.000000 44.562492 0.536589 214.635419 0.222521 1.247547 200.000000 1.247547 0.038690 15.475885 0.974928 0.164162 200.000000 0.164162
 8.200000 0.474654 0.880173 0.971289 0.237902 0.494571 1.330591 0.880173 0.474654 0.237902 0.971289 0.043249 17.299538 0.900969 -34.183539 200.000000 -34.183539 0.166221 66.488328 0.433884 44.562492 200.000000 44.562492 0.023657 9.462937 0.222521 1.247547 200.000000 1.247547 0.001324 0.529611 0.974928 0.164162 200.000000 0.164162
 8.400000 0.464673 0.885482 0.967166 0.254144 0.483265 1.313834 0.885482 0.464673 0.254144 0.967166 0.023983 9.593255 0.900969 -34.183539 200.000000 -34.183539 0.094798 37.919042 0.433884 44.562492 200.000000 44.562492 0.100000 40.000135 0.222521 1.247547 200.000000 1.247547 0.006024 2.409610 0.974928 0.164162 200.000000 0.164162
 8.600000 0.444063 0.895996 0.950158 0.311769 0.460128 1.253742 0.895996 0.444063 0.311769 0.950158 0.002473 0.989370 0.900969 -34.183539 200.000000 -34.183539 0.010362 4.144776 0.433884 44.562492 200.000000 44.562492 0.796526 318.610236 0.222521 1.247547 200.000000 1.247547 0.061356 24.542223 0.974928 0.164162 200.000000 0.164162
 8.800000 0.398719 0.917073 0.966020 0.258467 0.410119 1.309361 0.917073 0.398719 0.258467 0.966020 0.025935 10.374071 0.900969 -34.183539 200.000000 -34.183539 0.123658 49.463147 0.433884 44.562492 200.000000 44.562492 0.129213 51.685301 0.222521 1.247547 200.000000 1.247547 0.007935 3.174008 0.974928 0.164162 200.000000 0.164162
 9.000000 0.430765 0.902464 0.978831 0.204669 0.445341 1.364671 0.902464 0.430765 0.204669 0.978831 0.000224 0.089417 0.900969 -34.183539 200.000000 -34.183539 0.000972 0.388991 0.433884 44.562492 200.000000 44.562492 0.031870 12.748197 0.222521 1.247547 200.000000 1.247547 0.001524 0.609464 0.974928 0.164162 200.000000 0.164162
 9.200000 0.437784 0.899080 0.957413 0.288723 0.453132 1.277904 0.899080 0.437784 0.288723 0.957413 0.000357 0.142662 0.900969 -34.183539 200.000000 -34.183539 0.001521 0.608382 0.433884 44.562492 200.000000 44.562492 0.438265 175.306091 0.222521 1.247547 200.000000 1.247547 0.030678 12.271146 0.974928 0.164162 200.000000 0.164162
 9.400000 0.400807 0.916163 0.957806 0.287416 0.412398 1.279268 0.916163 0.400807 0.287416 0.957806 0.023085 9.233883 0.900969 -34.183539 200.000000 -34.183539 0.109407 43.762876 0.433884 44.562492 200.000000 44.562492 0.421141 168.456592 0.222521 1.247547 200.000000 1.247547 0.029317 11.726746 0.974928 0.164162 200.000000 0.164162
 9.600000 0.449751 0.893154 0.963931 0.266152 0.466486 1.301397 0.893154 0.449751 0.266152 0.963931 0.006107 2.442831 0.900969 -34.183539 200.000000 -34.183539 0.025176 10.070535 0.433884 44.562492 200.000000 44.562492 0.190368 76.147058 0.222521 1.247547 200.000000 1.247547 0.012093 4.837237 0.974928 0.164162 200.000000 0.164162
 9.800000 0.455628 0.890170 0.955282 0.295697 0.473078 1.270611 0.890170 0.455628 0.295697 0.955282 0.011661 4.664549 0.900969 -34.183539 200.000000 -34.183539 0.047283 18.913175 0.433884 44.562492 200.000000 44.562492 0.535475 214.190045 0.222521 1.247547 200.000000 1.247547 0.038597 15.438864 0.974928 0.164162 200.000000 0.164162
 10.000000 0.479155 0.877730 0.970741 0.240128 0.499692 1.328299 0.877730 0.479155 0.240128 0.970741 0.054003 21.601037 0.900969 -34.183539 200.000000 -34.183539 0.204947 81.978776 0.433884 44.562492 200.000000 44.562492 0.031000 12.400113 0.222521 1.247547 200.000000 1.247547 0.001753 0.701117 0.974928 0.164162 200.000000 0.164162
 10.200000 0.392665 0.919682 0.967599 0.252491 0.403527 1.315543 0.919682 0.392665 0.252491 0.967599 0.035017 14.006732 0.900969 -34.183539 200.000000 -34.183539 0.169900 67.959982 0.433884 44.562492 200.000000 44.562492 0.089818 35.927213 0.222521 1.247547 200.000000 1.247547 0.005371 2.148313 0.974928 0.164162 200.000000 0.164162
 10.400000 0.315120 0.949052 0.960485 0.278330 0.320583 1.288741 0.949052 0.315120 0.278330 0.960485 0.231196 92.478471 0.900969 -34.183539 200.000000 -34.183539 1.410475 564.190066 0.433884 44.562492 200.000000 44.562492 0.311468 124.587090 0.222521 1.247547 200.000000 1.247547 0.020858 8.343398 0.974928 0.164162 200.000000 0.164162
 10.600000 0.479216 0.877697 0.966235 0.257662 0.499761 1.310194 0.877697 0.479216 0.257662 0.966235 0.054157 21.662843 0.900969 -34.183539 200.000000 -34.183539 0.205498 82.199311 0.433884 44.562492 200.000000 44.562492 0.123491 49.396422 0.222521 1.247547 200.000000 1.247547 0.007557 3.022633 0.974928 0.164162 200.000000 0.164162
 10.800000 0.489314 0.872108 0.974464 0.224544 0.511302 1.344321 0.872108 0.489314 0.224544 0.974464 0.083295 33.318176 0.900969 -34.183539 200.000000 -34.183539 0.307247 122.898687 0.433884 44.562492 200.000000 44.562492 0.000409 0.163704 0.222521 1.247547 200.000000 1.247547 0.000022 0.008610 0.974928 0.164162 200.000000 0.164162
 11.000000 0.410493 0.911864 0.946585 0.322454 0.422995 1.242475 0.911864 0.410493 0.322454 0.946585 0.011870 4.747813 0.900969 -34.183539 200.000000 -34.183539 0.054711 21.884476 0.433884 44.562492 200.000000 44.562492 0.998666 399.466205 0.222521 1.247547 200.000000 1.247547 0.080332 32.132665 0.974928 0.164162 200.000000 0.164162
 11.200000 0.371889 0.928277 0.960676 0.277672 0.381043 1.289426 0.928277 0.371889 0.277672 0.960676 0.074575 29.829879 0.900969 -34.183539 200.000000 -34.183539 0.384336 153.734279 0.433884 44.562492 200.000000 44.562492 0.304168 121.667149 0.222521 1.247547 200.000000 1.247547 0.020312 8.124865 0.974928 0.164162 200.000000 0.164162
 11.400000 0.385937 0.922525 0.967782 0.251789 0.396223 1.316268 0.922525 0.385937 0.251789 0.967782 0.046468 18.587101 0.900969 -34.183539 200.000000 -34.183539 0.229891 91.956594 0.433884 44.562492 200.000000 44.562492 0.085663 34.265211 0.222521 1.247547 200.000000 1.247547 0.005106 2.042501 0.974928 0.164162 200.000000 0.164162
 11.600000 0.463158 0.886276 0.968265 0.249926 0.481555 1.318192 0.886276 0.463158 0.249926 0.968265 0.021589 8.635557 0.900969 -34.183539 200.000000 -34.183539 0.085698 34.279383 0.433884 44.562492 200.000000 44.562492 0.075104 30.041616 0.222521 1.247547 200.000000 1.247547 0.004440 1.775815 0.974928 0.164162 200.000000 0.164162
 11.800000 0.426894 0.904302 0.965785 0.259346 0.441055 1.308452 0.904302 0.426894 0.259346 0.965785 0.001111 0.444349 0.900969 -34.183539 200.000000 -34.183539 0.004886 1.954460 0.433884 44.562492 200.000000 44.562492 0.135607 54.242981 0.222521 1.247547 200.000000 1.247547 0.008360 3.344068 0.974928 0.164162 200.000000 0.164162
 12.000000 0.411877 0.911240 0.963408 0.268038 0.424513 1.299440 0.911240 0.411877 0.268038 0.963408 0.010549 4.219482 0.900969 -34.183539 200.000000 -34.183539 0.048431 19.372275 0.433884 44.562492 200.000000 44.562492 0.207182 82.872844 0.222521 1.247547 200.000000 1.247547 0.013270 5.308071 0.974928 0.164162 200.000000 0.164162
 12.200000 0.440098 0.897950 0.949889 0.312587 0.455708 1.252881 0.897950 0.440098 0.312587 0.949889 0.000912 0.364647 0.900969 -34.183539 200.000000 -34.183539 0.003862 1.544864 0.433884 44.562492 200.000000 44.562492 0.811195 324.478057 0.222521 1.247547 200.000000 1.247547 0.062695 25.077818 0.974928 0.164162 200.000000 0.164162
 12.400000 0.477392 0.878691 0.946882 0.321580 0.497684 1.243398 0.878691 0.477392 0.321580 0.946882 0.049632 19.852665 0.900969 -34.183539 200.000000 -34.183539 0.189293 75.717023 0.433884 44.562492 200.000000 44.562492 0.981279 392.511609 0.222521 1.247547 200.000000 1.247547 0.078656 31.462354 0.974928 0.164162 200.000000 0.164162
 12.600000 0.468042 0.883706 0.961139 0.276066 0.487074 1.291098 0.883706 0.468042 0.276066 0.961139 0.029801 11.920218 0.900969 -34.183539 200.000000 -34.183539 0.116681 46.672442 0.433884 44.562492 200.000000 44.562492 0.286703 114.681030 0.222521 1.247547 200.000000 1.247547 0.019014 7.605573 0.974928 0.164162 200.000000 0.164162
 12.800000 0.356548 0.934277 0.967985 0.251007 0.364570 1.317076 0.934277 0.356548 0.251007 0.967985 0.110944 44.377506 0.900969 -34.183539 200.000000 -34.183539 0.598085 239.234022 0.433884 44.562492 200.000000 44.562492 0.081145 32.458121 0.222521 1.247547 200.000000 1.247547 0.004820 1.928003 0.974928 0.164162 200.000000 0.164162
 13.000000 0.365112 0.930964 0.958696 0.284432 0.373753 1.282382 0.930964 0.365112 0.284432 0.958696 0.089970 35.987806 0.900969 -34.183539 200.000000 -34.183539 0.472962 189.184682 0.433884 44.562492 200.000000 44.562492 0.383302 153.320708 0.222521 1.247547 200.000000 1.247547 0.026347 10.538834 0.974928 0.164162 200.000000 0.164162
 13.200000 0.468776 0.883317 0.958326 0.285678 0.487904 1.281082 0.883317 0.468776 0.285678 0.958326 0.031158 12.463168 0.900969 -34.183539 200.000000 -34.183539 0.121745 48.697832 0.433884 44.562492 200.000000 44.562492 0.398887 159.554852 0.222521 1.247547 200.000000 1.247547 0.027564 11.025561 0.974928 0.164162 200.000000 0.164162
 13.400000 0.487087 0.873354 0.956788 0.290785 0.508751 1.275749 0.873354 0.487087 0.290785 0.956788 0.076260 30.503942 0.900969 -34.183539 200.000000 -34.183539 0.283054 113.221741 0.433884 44.562492 200.000000 44.562492 0.465995 186.398094 0.222521 1.247547 200.000000 1.247547 0.032904 13.161547 0.974928 0.164162 200.000000 0.164162
 13.600000 0.477791 0.878473 0.960702 0.277580 0.498139 1.289522 0.878473 0.477791 0.277580 0.960702 0.050604 20.241727 0.900969 -34.183539 200.000000 -34.183539 0.192786 77.114389 0.433884 44.562492 200.000000 44.562492 0.303151 121.260506 0.222521 1.247547 200.000000 1.247547 0.020236 8.094500 0.974928 0.164162 200.000000 0.164162
 13.800000 0.434000 0.900913 0.964690 0.263388 0.448928 1.304264 0.900913 0.434000 0.263388 0.964690 0.000000 0.000125 0.900969 -34.183539 200.000000 -34.183539 0.000001 0.000539 0.433884 44.562492 200.000000 44.562492 0.167009 66.803660 0.222521 1.247547 200.000000 1.247547 0.010481 4.192539 0.974928 0.164162 200.000000 0.164162
 14.000000 0.437591 0.899174 0.951194 0.308593 0.452918 1.257083 0.899174 0.437591 0.308593 0.951194 0.000322 0.128860 0.900969 -34.183539 200.000000 -34.183539 0.001375 0.549822 0.433884 44.562492 200.000000 44.562492 0.740838 296.335086 0.222521 1.247547 200.000000 1.247547 0.056329 22.531526 0.974928 0.164162 200.000000 0.164162
 14.200000 0.429879 0.902887 0.965577 0.260116 0.444358 1.307654 0.902887 0.429879 0.260116 0.965577 0.000368 0.147120 0.900969 -34.183539 200.000000 -34.183539 0.001604 0.641632 0.433884 44.562492 200.000000 44.562492 0.141336 56.534272 0.222521 1.247547 200.000000 1.247547 0.008743 3.497216 0.974928 0.164162 200.000000 0.164162
 14.400000 0.467567 0.883957 0.982442 0.186568 0.486537 1.383129 0.883957 0.467567 0.186568 0.982442 0.028939 11.575519 0.900969 -34.183539 200.000000 -34.183539 0.113458 45.383372 0.433884 44.562492 200.000000 44.562492 0.129263 51.705233 0.222521 1.247547 200.000000 1.247547 0.005646 2.258518 0.974928 0.164162 200.000000 0.164162
 14.600000 0.378107 0.925762 0.983230 0.182370 0.387751 1.387400 0.925762 0.378107 0.182370 0.983230 0.061469 24.587593 0.900969 -34.183539 200.000000 -34.183539 0.311102 124.440759 0.433884 44.562492 200.000000 44.562492 0.161207 64.482840 0.222521 1.247547 200.000000 1.247547 0.006892 2.756929 0.974928 0.164162 200.000000 0.164162
 14.800000 0.376606 0.926374 0.979865 0.199660 0.386130 1.369785 0.926374 0.376606 0.199660 0.979865 0.064540 25.815954 0.900969 -34.183539 200.000000 -34.183539 0.328075 131.229996 0.433884 44.562492 200.000000 44.562492 0.052261 20.904402 0.222521 1.247547 200.000000 1.247547 0.002438 0.975066 0.974928 0.164162 200.000000 0.164162
 15.000000 0.406433 0.913681 0.984603 0.174807 0.418547 1.395086 0.913681 0.406433 0.174807 0.984603 0.016159 6.463485 0.900969 -34.183539 200.000000 -34.183539 0.075354 30.141586 0.433884 44.562492 200.000000 44.562492 0.227661 91.064451 0.222521 1.247547 200.000000 1.247547 0.009360 3.744063 0.974928 0.164162 200.000000 0.164162
 15.200000 0.469855 0.882744 0.976901 0.213692 0.489126 1.355444 0.882744 0.469855 0.213692 0.976901 0.033215 13.286019 0.900969 -34.183539 200.000000 -34.183539 0.129390 51.755841 0.433884 44.562492 200.000000 44.562492 0.007796 3.118253 0.222521 1.247547 200.000000 1.247547 0.000389 0.155749 0.974928 0.164162 200.000000 0.164162
 15.400000 0.478289 0.878203 0.994660 0.103201 0.498705 1.467411 0.878203 0.478289 0.103201 0.994660 0.051830 20.732096 0.900969 -34.183539 200.000000 -34.183539 0.197181 78.872362 0.433884 44.562492 200.000000 44.562492 1.423715 569.486136 0.222521 1.247547 200.000000 1.247547 0.038937 15.574971 0.974928 0.164162 200.000000 0.164162
 15.600000 0.382091 0.924125 0.985544 0.169419 0.392058 1.400556 0.924125 0.382091 0.169419 0.985544 0.053619 21.447708 0.900969 -34.183539 200.000000 -34.183539 0.268249 107.299506 0.433884 44.562492 200.000000 44.562492 0.281980 112.791961 0.222521 1.247547 200.000000 1.247547 0.011270 4.508128 0.974928 0.164162 200.000000 0.164162
 15.800000 0.403877 0.914813 0.986731 0.162363 0.415751 1.407712 0.914813 0.403877 0.162363 0.986731 0.019167 7.666681 0.900969 -34.183539 200.000000 -34.183539 0.090040 36.015939 0.433884 44.562492 200.000000 44.562492 0.361901 144.760299 0.222521 1.247547 200.000000 1.247547 0.013932 5.572645 0.974928 0.164162 200.000000 0.164162
 16.000000 0.435164 0.900351 0.976544 0.215319 0.450221 1.353778 0.900351 0.435164 0.215319 0.976544 0.000038 0.015264 0.900969 -34.183539 200.000000 -34.183539 0.000164 0.065577 0.433884 44.562492 200.000000 44.562492 0.005187 2.074757 0.222521 1.247547 200.000000 1.247547 0.000261 0.104442 0.974928 0.164162 200.000000 0.164162
 16.200000 0.429934 0.902860 0.974695 0.223537 0.444420 1.345354 0.902860 0.429934 0.223537 0.974695 0.000358 0.143099 0.900969 -34.183539 200.000000 -34.183539 0.001560 0.623999 0.433884 44.562492 200.000000 44.562492 0.000103 0.041336 0.222521 1.247547 200.000000 1.247547 0.000005 0.002164 0.974928 0.164162 200.000000 0.164162
 16.400000 0.430248 0.902711 0.984811 0.173633 0.444768 1.396279 0.902711 0.430248 0.173633 0.984811 0.000303 0.121346 0.900969 -34.183539 200.000000 -34.183539 0.001322 0.528669 0.433884 44.562492 200.000000 44.562492 0.239007 95.602987 0.222521 1.247547 200.000000 1.247547 0.009767 3.906629 0.974928 0.164162 200.000000 0.164162
 16.600000 0.408654 0.912690 0.965050 0.262066 0.420978 1.305634 0.912690 0.408654 0.262066 0.965050 0.013737 5.494994 0.900969 -34.183539 200.000000 -34.183539 0.063656 25.462433 0.433884 44.562492 200.000000 44.562492 0.156378 62.551069 0.222521 1.247547 200.000000 1.247547 0.009757 3.902867 0.974928 0.164162 200.000000 0.164162
 16.800000 0.450769 0.892641 0.977410 0.211352 0.467627 1.357838 0.892641 0.450769 0.211352 0.977410 0.006936 2.774431 0.900969 -34.183539 200.000000 -34.183539 0.028512 11.404698 0.433884 44.562492 200.000000 44.562492 0.012474 4.989698 0.222521 1.247547 200.000000 1.247547 0.000616 0.246428 0.974928 0.164162 200.000000 0.164162
 17.000000 0.491050 0.871131 0.983332 0.181816 0.513295 1.387963 0.871131 0.491050 0.181816 0.983332 0.089027 35.610966 0.900969 -34.183539 200.000000 -34.183539 0.326798 130.719123 0.433884 44.562492 200.000000 44.562492 0.165685 66.274120 0.222521 1.247547 200.000000 1.247547 0.007064 2.825472 0.974928 0.164162 200.000000 0.164162
 17.200000 0.390596 0.920562 0.961018 0.276485 0.401279 1.290662 0.920562 0.390596 0.276485 0.961018 0.038390 15.356036 0.900969 -34.183539 200.000000 -34.183539 0.187384 74.953597 0.433884 44.562492 200.000000 44.562492 0.291213 116.485315 0.222521 1.247547 200.000000 1.247547 0.019348 7.739204 0.974928 0.164162 200.000000 0.164162
 17.400000 0.417769 0.908553 0.970050 0.242904 0.430989 1.325438 0.908553 0.417769 0.242904 0.970050 0.005752 2.300868 0.900969 -34.183539 200.000000 -34.183539 0.025968 10.387097 0.433884 44.562492 200.000000 44.562492 0.041547 16.618874 0.222521 1.247547 200.000000 1.247547 0.002379 0.951637 0.974928 0.164162 200.000000 0.164162
 17.600000 0.455541 0.890215 0.979310 0.202364 0.472980 1.367025 0.890215 0.455541 0.202364 0.979310 0.011565 4.626114 0.900969 -34.183539 200.000000 -34.183539 0.046905 18.761945 0.433884 44.562492 200.000000 44.562492 0.040629 16.251780 0.222521 1.247547 200.000000 1.247547 0.001921 0.768226 0.974928 0.164162 200.000000 0.164162
 17.800000 0.482163 0.876082 0.958809 0.284053 0.503122 1.282778 0.876082 0.482163 0.284053 0.958809 0.061938 24.775055 0.900969 -34.183539 200.000000 -34.183539 0.233088 93.235006 0.433884 44.562492 200.000000 44.562492 0.378622 151.448713 0.222521 1.247547 200.000000 1.247547 0.025983 10.393385 0.974928 0.164162 200.000000 0.164162
 18.000000 0.470939 0.882166 0.966151 0.257978 0.490355 1.309867 0.882166 0.470939 0.257978 0.966151 0.035355 14.142036 0.900969 -34.183539 200.000000 -34.183539 0.137307 54.922910 0.433884 44.562492 200.000000 44.562492 0.125722 50.288943 0.222521 1.247547 200.000000 1.247547 0.007704 3.081567 0.974928 0.164162 200.000000 0.164162
 18.200000 0.393986 0.919116 0.980107 0.198470 0.404965 1.371000 0.919116 0.393986 0.198470 0.980107 0.032933 13.173254 0.900969 -34.183539 200.000000 -34.183539 0.159181 63.672556 0.433884 44.562492 200.000000 44.562492 0.057845 23.137918 0.222521 1.247547 200.000000 1.247547 0.002682 1.072904 0.974928 0.164162 200.000000 0.164162
 18.400000 0.391445 0.920202 0.954763 0.297369 0.402201 1.268861 0.920202 0.391445 0.297369 0.954763 0.036989 14.795798 0.900969 -34.183539 200.000000 -34.183539 0.180105 72.041984 0.433884 44.562492 200.000000 44.562492 0.560221 224.088445 0.222521 1.247547 200.000000 1.247547 0.040664 16.265472 0.974928 0.164162 200.000000 0.164162
 18.600000 0.464711 0.885462 0.976445 0.215765 0.483309 1.353321 0.885462 0.464711 0.215765 0.976445 0.024046 9.618319 0.900969 -34.183539 200.000000 -34.183539 0.095035 38.013992 0.433884 44.562492 200.000000 44.562492 0.004564 1.825481 0.222521 1.247547 200.000000 1.247547 0.000230 0.092090 0.974928 0.164162 200.000000 0.164162
 18.800000 0.516140 0.856504 0.959392 0.282076 0.542338 1.284839 0.856504 0.516140 0.282076 0.959392 0.197710 79.084177 0.900969 -34.183539 200.000000 -34.183539 0.676609 270.643777 0.433884 44.562492 200.000000 44.562492 0.354676 141.870549 0.222521 1.247547 200.000000 1.247547 0.024136 9.654375 0.974928 0.164162 200.000000 0.164162
 19.000000 0.408316 0.912841 0.957932 0.286997 0.420608 1.279706 0.912841 0.408316 0.286997 0.957932 0.014094 5.637749 0.900969 -34.183539 200.000000 -34.183539 0.065373 26.149264 0.433884 44.562492 200.000000 44.562492 0.415714 166.285566 0.222521 1.247547 200.000000 1.247547 0.028888 11.555072 0.974928 0.164162 200.000000 0.164162
 19.200000 0.391298 0.920264 0.977383 0.211478 0.402042 1.357709 0.920264 0.391298 0.211478 0.977383 0.037230 14.891857 0.900969 -34.183539 200.000000 -34.183539 0.181351 72.540427 0.433884 44.562492 200.000000 44.562492 0.012194 4.877569 0.222521 1.247547 200.000000 1.247547 0.000603 0.241037 0.974928 0.164162 200.000000 0.164162
 19.400000 0.428456 0.903563 0.978851 0.204576 0.442783 1.364766 0.903563 0.428456 0.204576 0.978851 0.000673 0.269136 0.900969 -34.183539 200.000000 -34.183539 0.002946 1.178541 0.433884 44.562492 200.000000 44.562492 0.032203 12.881221 0.222521 1.247547 200.000000 1.247547 0.001539 0.615543 0.974928 0.164162 200.000000 0.164162
 19.600000 0.485849 0.874043 0.984131 0.177444 0.507334 1.392407 0.874043 0.485849 0.177444 0.984131 0.072501 29.000508 0.900969 -34.183539 200.000000 -34.183539 0.270038 108.015187 0.433884 44.562492 200.000000 44.562492 0.203190 81.276192 0.222521 1.247547 200.000000 1.247547 0.008469 3.387762 0.974928 0.164162 200.000000 0.164162
 19.800000 0.461423 0.887180 0.970911 0.239441 0.479598 1.329007 0.887180 0.461423 0.239441 0.970911 0.019012 7.604861 0.900969 -34.183539 200.000000 -34.183539 0.075839 30.335797 0.433884 44.562492 200.000000 44.562492 0.028628 11.451231 0.222521 1.247547 200.000000 1.247547 0.001614 0.645432 0.974928 0.164162 200.000000 0.164162
 20.000000 0.389289 0.921115 0.975204 0.221307 0.399860 1.347642 0.921115 0.389289 0.221307 0.975204 0.040589 16.235448 0.900969 -34.183539 200.000000 -34.183539 0.198865 79.546084 0.433884 44.562492 200.000000 44.562492 0.000147 0.058918 0.222521 1.247547 200.000000 1.247547 0.000008 0.003052 0.974928 0.164162 200.000000 0.164162
