#! FIELDS time sin_phi cos_phi sin_psi cos_psi phi psi cos_phi sin_phi cos_psi sin_psi restraint_phi_cos.bias restraint_phi_cos.force2 restraint_phi_cos.cos_phi_cntr restraint_phi_cos.cos_phi_work restraint_phi_cos.cos_phi_kappa restraint_phi_cos.work restraint_phi_sin.bias restraint_phi_sin.force2 restraint_phi_sin.sin_phi_cntr restraint_phi_sin.sin_phi_work restraint_phi_sin.sin_phi_kappa restraint_phi_sin.work restraint_psi_cos.bias restraint_psi_cos.force2 restraint_psi_cos.cos_psi_cntr restraint_psi_cos.cos_psi_work restraint_psi_cos.cos_psi_kappa restraint_psi_cos.work restraint_psi_sin.bias restraint_psi_sin.force2 restraint_psi_sin.sin_psi_cntr restraint_psi_sin.sin_psi_work restraint_psi_sin.sin_psi_kappa restraint_psi_sin.work
#! SET min_phi -pi
#! SET max_phi pi
#! SET min_psi -pi
#! SET max_psi pi
 0.000000 -0.999983 -0.005782 0.966116 0.258110 -1.576579 1.309731 -0.005782 -0.999983 0.258110 0.966116 0.000000 0.000000 -0.009747 0.000000 0.000000 0.000000 0.000000 0.000000 -0.999953 0.000000 0.000000 0.000000 0.000000 0.000000 0.256142 0.000000 0.000000 0.000000 0.000000 0.000000 0.966639 0.000000 0.000000 0.000000
 0.200000 -1.000000 -0.000266 0.834655 0.550773 -1.571062 0.987506 -0.000266 -1.000000 0.550773 0.834655 0.000899 0.035954 -0.009747 0.429322 20.000000 0.429322 0.000000 0.000001 -0.999953 0.008204 20.000000 0.008204 0.868072 34.722866 0.256142 0.437494 20.000000 0.437494 0.174198 6.967905 0.966639 0.079186 20.000000 0.079186
 0.400000 -0.998238 0.059333 0.982968 0.183778 -1.511428 1.385968 0.059333 -0.998238 0.183778 0.982968 0.095441 7.635246 -0.009747 0.576151 40.000000 0.576151 0.000059 0.004702 -0.999953 0.009175 40.000000 0.009175 0.104733 8.378618 0.256142 0.652620 40.000000 0.652620 0.005333 0.426605 0.966639 0.103852 40.000000 0.103852
 0.600000 -0.997905 0.064690 0.969721 0.244216 -1.506061 1.324085 0.064690 -0.997905 0.244216 0.969721 0.166224 19.946879 -0.009747 0.652738 60.000000 0.652738 0.000126 0.015086 -0.999953 0.009549 60.000000 0.009549 0.004267 0.512080 0.256142 0.812949 60.000000 0.812949 0.000285 0.034192 0.966639 0.126978 60.000000 0.126978
 0.800000 -0.999998 0.001894 0.948099 0.317975 -1.568902 1.247203 0.001894 -0.999998 0.317975 0.948099 0.005420 0.867200 -0.009747 0.745440 80.000000 0.745440 0.000000 0.000013 -0.999953 0.009931 80.000000 0.009931 0.152931 24.469032 0.256142 0.870396 80.000000 0.870396 0.013749 2.199883 0.966639 0.131256 80.000000 0.131256
 1.000000 -0.997905 -0.064690 0.983714 0.179740 -1.635531 1.390074 -0.064690 -0.997905 0.179740 0.983714 0.150938 30.187619 -0.009747 0.830208 100.000000 0.830208 0.000210 0.041905 -0.999953 0.010215 100.000000 0.010215 0.291867 58.373466 0.256142 0.906296 100.000000 0.906296 0.014578 2.915595 0.966639 0.133900 100.000000 0.133900
 1.200000 -0.998628 0.052357 0.985226 0.171262 -1.518415 1.398686 0.052357 -0.998628 0.171262 0.985226 0.231412 55.538994 -0.009747 0.926095 120.000000 0.926095 0.000105 0.025246 -0.999953 0.010633 120.000000 0.010633 0.432282 103.747643 0.256142 0.992025 120.000000 0.992025 0.020727 4.974582 0.966639 0.141240 120.000000 0.141240
 1.400000 -0.999098 0.042471 0.979939 0.199299 -1.528313 1.370154 0.042471 -0.999098 0.199299 0.979939 0.190866 53.442499 -0.009747 0.960898 140.000000 0.960898 0.000051 0.014321 -0.999953 0.010712 140.000000 0.010712 0.226180 63.330420 0.256142 1.092945 140.000000 1.092945 0.012382 3.466844 0.966639 0.149518 140.000000 0.149518
 1.600000 -0.999952 0.009779 0.961528 0.274706 -1.561018 1.292512 0.009779 -0.999952 0.274706 0.961528 0.030498 9.759450 -0.009747 1.007093 160.000000 1.007093 0.000000 0.000000 -0.999953 0.010845 160.000000 0.010845 0.027570 8.822428 0.256142 1.162447 160.000000 1.162447 0.002090 0.668714 0.966639 0.156254 160.000000 0.156254
 1.800000 -0.999816 -0.019191 0.970209 0.242271 -1.589988 1.326090 -0.019191 -0.999816 0.242271 0.970209 0.008027 2.889774 -0.009747 1.051966 180.000000 1.051966 0.000002 0.000605 -0.999953 0.010933 180.000000 0.010933 0.017316 6.233938 0.256142 1.193883 180.000000 1.193883 0.001147 0.412811 0.966639 0.158912 180.000000 0.158912
 2.000000 -0.987451 0.157923 0.943128 0.332430 -1.412209 1.231917 0.157923 -0.987451 0.332430 0.943128 2.811311 1124.524500 -0.009747 1.081900 200.000000 1.081900 0.015628 6.251093 -0.999953 0.011013 200.000000 0.011013 0.581986 232.794469 0.256142 1.219741 200.000000 1.219741 0.055278 22.111200 0.966639 0.161373 200.000000 0.161373
 2.200000 -0.995242 0.097433 0.952126 0.305705 -1.473209 1.260117 0.097433 -0.995242 0.305705 0.952126 0.949316 379.726225 0.000000 0.896595 200.000000 0.896595 0.002264 0.905503 -1.000000 0.011060 200.000000 0.011060 2.011519 804.607630 0.163877 1.439518 200.000000 1.439518 0.010705 4.282065 0.941780 0.252684 200.000000 0.252684
 2.400000 -0.999888 0.014958 0.983161 0.182744 -1.555838 1.387020 0.014958 -0.999888 0.182744 0.983161 0.022374 8.949683 0.000000 0.896595 200.000000 0.896595 0.000001 0.000501 -1.000000 0.011060 200.000000 0.011060 1.235025 494.010062 0.071612 1.780837 200.000000 1.780837 0.438779 175.511487 0.916920 0.543545 200.000000 0.543545
 2.600000 -0.996419 -0.084553 0.981361 0.192174 -1.655451 1.377419 -0.084553 -0.996419 0.192174 0.981361 0.714927 285.970640 0.000000 0.896595 200.000000 0.896595 0.001282 0.512955 -1.000000 0.011060 200.000000 0.011060 4.529562 1811.824776 -0.020653 1.952439 200.000000 1.952439 0.797449 318.979483 0.892061 0.999742 200.000000 0.999742
 2.800000 -0.998906 -0.046761 0.998668 -0.051592 -1.617574 1.622411 -0.046761 -0.998906 -0.051592 0.998668 0.218658 87.463271 0.000000 0.896595 200.000000 0.896595 0.000120 0.047864 -1.000000 0.011060 200.000000 0.011060 0.376096 150.438459 -0.112919 1.790363 200.000000 1.790363 1.728353 691.341225 0.867201 1.569114 200.000000 1.569114
 3.000000 -0.999115 -0.042074 0.993389 -0.114795 -1.612883 1.685845 -0.042074 -0.999115 -0.114795 0.993389 0.177021 70.808383 0.000000 0.896595 200.000000 0.896595 0.000078 0.031364 -1.000000 0.011060 200.000000 0.011060 0.817013 326.805189 -0.205184 1.554018 200.000000 1.554018 2.281526 912.610268 0.842342 2.198835 200.000000 2.198835
 3.200000 -0.998175 -0.060390 0.932796 -0.360404 -1.631223 1.939497 -0.060390 -0.998175 -0.360404 0.932796 0.364689 145.875704 0.000000 0.896595 200.000000 0.896595 0.000333 0.133241 -1.000000 0.011060 200.000000 0.011060 0.396328 158.531161 -0.297449 0.874152 200.000000 0.874152 1.329729 531.891437 0.817483 2.822485 200.000000 2.822485
 3.400000 -0.999818 0.019087 0.937035 -0.349237 -1.551708 1.927553 0.019087 -0.999818 -0.349237 0.937035 0.036431 14.572331 0.000000 0.896595 200.000000 0.896595 0.000003 0.001327 -1.000000 0.011060 200.000000 0.011060 0.163844 65.537572 -0.389714 -0.162691 200.000000 -0.162691 2.085465 834.185804 0.792623 3.363097 200.000000 3.363097
 3.600000 -0.999541 0.030279 0.848294 -0.529526 -1.540513 2.128838 0.030279 -0.999541 -0.529526 0.848294 0.091680 36.671873 0.000000 0.896595 200.000000 0.896595 0.000021 0.008409 -1.000000 0.011060 200.000000 0.011060 0.226069 90.427683 -0.481980 -1.108541 200.000000 -1.108541 0.648504 259.401679 0.767764 3.814250 200.000000 3.814250
 3.800000 -0.995140 -0.098474 0.749281 -0.662252 -1.669431 2.294617 -0.098474 -0.995140 -0.662252 0.749281 0.969722 387.888895 0.000000 0.896595 200.000000 0.896595 0.002362 0.944948 -1.000000 0.011060 200.000000 0.011060 0.774527 309.810997 -0.574245 -1.892855 200.000000 -1.892855 0.004066 1.626533 0.742904 4.125829 200.000000 4.125829
 4.000000 -0.999765 -0.021686 0.730177 -0.683258 -1.592484 2.323012 -0.021686 -0.999765 -0.683258 0.730177 0.047028 18.811292 0.000000 0.896595 200.000000 0.896595 0.000006 0.002212 -1.000000 0.011060 200.000000 0.011060 0.028051 11.220223 -0.666510 -2.373906 200.000000 -2.373906 0.014718 5.887188 0.718045 4.276233 200.000000 4.276233
 4.200000 -0.995268 -0.097172 0.696862 -0.717205 -1.668121 2.370580 -0.097172 -0.995268 -0.717205 0.696862 0.944231 377.692494 0.000000 0.896595 200.000000 0.896595 0.002240 0.895807 -1.000000 0.011060 200.000000 0.011060 0.010198 4.079362 -0.707107 -2.289886 200.000000 -2.289886 0.010496 4.198440 0.707107 4.326750 200.000000 4.326750
 4.400000 -0.999938 -0.011137 0.749335 -0.662192 -1.581933 2.294536 -0.011137 -0.999938 -0.662192 0.749335 0.012403 4.961058 0.000000 0.896595 200.000000 0.896595 0.000000 0.000154 -1.000000 0.011060 200.000000 0.011060 0.201738 80.695040 -0.707107 -2.289886 200.000000 -2.289886 0.178319 71.327500 0.707107 4.326750 200.000000 4.326750
 4.600000 -0.999349 -0.036070 0.707031 -0.707183 -1.606874 2.356302 -0.036070 -0.999349 -0.707183 0.707031 0.130104 52.041479 0.000000 0.896595 200.000000 0.896595 0.000042 0.016938 -1.000000 0.011060 200.000000 0.011060 0.000001 0.000232 -0.707107 -2.289886 200.000000 -2.289886 0.000001 0.000232 0.707107 4.326750 200.000000 4.326750
 4.800000 -0.997737 0.067236 0.677519 -0.735505 -1.503509 2.397208 0.067236 -0.997737 -0.735505 0.677519 0.452074 180.829634 0.000000 0.896595 200.000000 0.896595 0.000512 0.204834 -1.000000 0.011060 200.000000 0.011060 0.080647 32.258805 -0.707107 -2.289886 200.000000 -2.289886 0.087543 35.017285 0.707107 4.326750 200.000000 4.326750
 5.000000 -0.997227 0.074426 0.745307 -0.666721 -1.496301 2.300597 0.074426 -0.997227 -0.666721 0.745307 0.553930 221.572012 0.000000 0.896595 200.000000 0.896595 0.000769 0.307691 -1.000000 0.011060 200.000000 0.011060 0.163100 65.240135 -0.707107 -2.289886 200.000000 -2.289886 0.145928 58.371197 0.707107 4.326750 200.000000 4.326750
 5.200000 -0.994571 -0.104062 0.668518 -0.743696 -1.675047 2.409378 -0.104062 -0.994571 -0.743696 0.668518 1.082888 433.155317 0.000000 0.896595 200.000000 0.896595 0.002948 1.179040 -1.000000 0.011060 200.000000 0.011060 0.133875 53.549995 -0.707107 -2.289886 200.000000 -2.289886 0.148907 59.562904 0.707107 4.326750 200.000000 4.326750
 5.400000 -0.999087 -0.042720 0.691137 -0.722724 -1.613529 2.378532 -0.042720 -0.999087 -0.722724 0.691137 0.182496 72.998544 0.000000 0.896595 200.000000 0.896595 0.000083 0.033335 -1.000000 0.011060 200.000000 0.011060 0.024390 9.755970 -0.707107 -2.289886 200.000000 -2.289886 0.025504 10.201738 0.707107 4.326750 200.000000 4.326750
 5.600000 -0.999811 -0.019421 0.717470 -0.696589 -1.590219 2.341429 -0.019421 -0.999811 -0.696589 0.717470 0.037719 15.087433 0.000000 0.896595 200.000000 0.896595 0.000004 0.001423 -1.000000 0.011060 200.000000 0.011060 0.011062 4.424942 -0.707107 -2.289886 200.000000 -2.289886 0.010740 4.296171 0.707107 4.326750 200.000000 4.326750
 5.800000 -0.999461 -0.032836 0.668260 -0.743928 -1.603638 2.409726 -0.032836 -0.999461 -0.743928 0.668260 0.107820 43.127993 0.000000 0.896595 200.000000 0.896595 0.000029 0.011631 -1.000000 0.011060 200.000000 0.011060 0.135580 54.231966 -0.707107 -2.289886 200.000000 -2.289886 0.150909 60.363446 0.707107 4.326750 200.000000 4.326750
 6.000000 -0.997025 -0.077080 0.693066 -0.720874 -1.647953 2.375860 -0.077080 -0.997025 -0.720874 0.693066 0.594127 237.650911 0.000000 0.896595 200.000000 0.896595 0.000885 0.354040 -1.000000 0.011060 200.000000 0.011060 0.018955 7.581935 -0.707107 -2.289886 200.000000 -2.289886 0.019715 7.886095 0.707107 4.326750 200.000000 4.326750
 6.200000 -0.999974 -0.007277 0.689042 -0.724721 -1.578073 2.381426 -0.007277 -0.999974 -0.724721 0.689042 0.005295 2.118052 0.000000 0.896595 200.000000 0.896595 0.000000 0.000028 -1.000000 0.011060 200.000000 0.011060 0.031026 12.410599 -0.707107 -2.289886 200.000000 -2.289886 0.032633 13.053014 0.707107 4.326750 200.000000 4.326750
 6.400000 -0.999748 -0.022464 0.683693 -0.729769 -1.593263 2.388781 -0.022464 -0.999748 -0.729769 0.683693 0.050465 20.185804 0.000000 0.896595 200.000000 0.896595 0.000006 0.002547 -1.000000 0.011060 200.000000 0.011060 0.051359 20.543588 -0.707107 -2.289886 200.000000 -2.289886 0.054818 21.927313 0.707107 4.326750 200.000000 4.326750
 6.600000 -0.998233 0.059427 0.708340 -0.705871 -1.511334 2.354449 0.059427 -0.998233 -0.705871 0.708340 0.353161 141.264483 0.000000 0.896595 200.000000 0.896595 0.000312 0.124944 -1.000000 0.011060 200.000000 0.011060 0.000153 0.061069 -0.707107 -2.289886 200.000000 -2.289886 0.000152 0.060856 0.707107 4.326750 200.000000 4.326750
 6.800000 -0.999455 -0.033018 0.715210 -0.698910 -1.603821 2.344668 -0.033018 -0.999455 -0.698910 0.715210 0.109021 43.608499 0.000000 0.896595 200.000000 0.896595 0.000030 0.011892 -1.000000 0.011060 200.000000 0.011060 0.006720 2.687816 -0.707107 -2.289886 200.000000 -2.289886 0.006566 2.626561 0.707107 4.326750 200.000000 4.326750
 7.000000 -0.999144 -0.041371 0.704913 -0.709294 -1.612179 2.359293 -0.041371 -0.999144 -0.709294 0.704913 0.171156 68.462327 0.000000 0.896595 200.000000 0.896595 0.000073 0.029319 -1.000000 0.011060 200.000000 0.011060 0.000478 0.191378 -0.707107 -2.289886 200.000000 -2.289886 0.000481 0.192568 0.707107 4.326750 200.000000 4.326750
 7.200000 -0.998770 -0.049582 0.679766 -0.733429 -1.620399 2.394150 -0.049582 -0.998770 -0.733429 0.679766 0.245837 98.334946 0.000000 0.896595 200.000000 0.896595 0.000151 0.060510 -1.000000 0.011060 200.000000 0.011060 0.069288 27.715087 -0.707107 -2.289886 200.000000 -2.289886 0.074753 29.901398 0.707107 4.326750 200.000000 4.326750
 7.400000 -0.999999 -0.001697 0.743451 -0.668791 -1.572493 2.303377 -0.001697 -0.999999 -0.668791 0.743451 0.000288 0.115145 0.000000 0.896595 200.000000 0.896595 0.000000 0.000000 -1.000000 0.011060 200.000000 0.011060 0.146813 58.725188 -0.707107 -2.289886 200.000000 -2.289886 0.132089 52.835588 0.707107 4.326750 200.000000 4.326750
 7.600000 -0.997001 -0.077386 0.629370 -0.777106 -1.648260 2.460851 -0.077386 -0.997001 -0.777106 0.629370 0.598867 239.546729 0.000000 0.896595 200.000000 0.896595 0.000899 0.359719 -1.000000 0.011060 200.000000 0.011060 0.489989 195.995469 -0.707107 -2.289886 200.000000 -2.289886 0.604304 241.721713 0.707107 4.326750 200.000000 4.326750
 7.800000 -0.995427 -0.095524 0.711654 -0.702530 -1.666467 2.349742 -0.095524 -0.995427 -0.702530 0.711654 0.912491 364.996259 0.000000 0.896595 200.000000 0.896595 0.002091 0.836460 -1.000000 0.011060 200.000000 0.011060 0.002095 0.837972 -0.707107 -2.289886 200.000000 -2.289886 0.002068 0.827228 0.707107 4.326750 200.000000 4.326750
 8.000000 -0.999943 -0.010706 0.620291 -0.784372 -1.581503 2.472479 -0.010706 -0.999943 -0.784372 0.620291 0.011462 4.584945 0.000000 0.896595 200.000000 0.896595 0.000000 0.000131 -1.000000 0.011060 200.000000 0.011060 0.596987 238.794859 -0.707107 -2.289886 200.000000 -2.289886 0.753697 301.478786 0.707107 4.326750 200.000000 4.326750
 8.200000 -0.998504 -0.054671 0.666846 -0.745196 -1.625494 2.411625 -0.054671 -0.998504 -0.745196 0.666846 0.298889 119.555421 0.000000 0.896595 200.000000 0.896595 0.000224 0.089468 -1.000000 0.011060 200.000000 0.011060 0.145076 58.030504 -0.707107 -2.289886 200.000000 -2.289886 0.162094 64.837601 0.707107 4.326750 200.000000 4.326750
 8.400000 -0.999853 0.017165 0.729353 -0.684137 -1.553630 2.324217 0.017165 -0.999853 -0.684137 0.729353 0.029464 11.785789 0.000000 0.896595 200.000000 0.896595 0.000002 0.000868 -1.000000 0.011060 200.000000 0.011060 0.052759 21.103631 -0.707107 -2.289886 200.000000 -2.289886 0.049490 19.795976 0.707107 4.326750 200.000000 4.326750
 8.600000 -0.999940 -0.010924 0.731658 -0.681672 -1.581720 2.320842 -0.010924 -0.999940 -0.681672 0.731658 0.011933 4.773211 0.000000 0.896595 200.000000 0.896595 0.000000 0.000142 -1.000000 0.011060 200.000000 0.011060 0.064692 25.876936 -0.707107 -2.289886 200.000000 -2.289886 0.060275 24.110131 0.707107 4.326750 200.000000 4.326750
 8.800000 -0.999796 -0.020215 0.651068 -0.759019 -1.591013 2.432601 -0.020215 -0.999796 -0.759019 0.651068 0.040864 16.345568 0.000000 0.896595 200.000000 0.896595 0.000004 0.001670 -1.000000 0.011060 200.000000 0.011060 0.269488 107.795230 -0.707107 -2.289886 200.000000 -2.289886 0.314029 125.611791 0.707107 4.326750 200.000000 4.326750
 9.000000 -0.994462 0.105099 0.730734 -0.682662 -1.465503 2.322196 0.105099 -0.994462 -0.682662 0.730734 1.104573 441.829009 0.000000 0.896595 200.000000 0.896595 0.003067 1.226866 -1.000000 0.011060 200.000000 0.011060 0.059753 23.901119 -0.707107 -2.289886 200.000000 -2.289886 0.055824 22.329657 0.707107 4.326750 200.000000 4.326750
 9.200000 -0.997569 -0.069687 0.638018 -0.770022 -1.640539 2.449671 -0.069687 -0.997569 -0.770022 0.638018 0.485623 194.249149 0.000000 0.896595 200.000000 0.896595 0.000591 0.236404 -1.000000 0.011060 200.000000 0.011060 0.395828 158.331121 -0.707107 -2.289886 200.000000 -2.289886 0.477329 190.931587 0.707107 4.326750 200.000000 4.326750
 9.400000 -0.998588 0.053114 0.675069 -0.737754 -1.517658 2.400534 0.053114 -0.998588 -0.737754 0.675069 0.282107 112.842642 0.000000 0.896595 200.000000 0.896595 0.000199 0.079697 -1.000000 0.011060 200.000000 0.011060 0.093927 37.570795 -0.707107 -2.289886 200.000000 -2.289886 0.102640 41.055921 0.707107 4.326750 200.000000 4.326750
 9.600000 -0.999817 0.019139 0.705475 -0.708735 -1.551656 2.358500 0.019139 -0.999817 -0.708735 0.705475 0.036629 14.651679 0.000000 0.896595 200.000000 0.896595 0.000003 0.001342 -1.000000 0.011060 200.000000 0.011060 0.000265 0.106050 -0.707107 -2.289886 200.000000 -2.289886 0.000266 0.106540 0.707107 4.326750 200.000000 4.326750
 9.800000 -0.999820 0.018981 0.650137 -0.759817 -1.551814 2.433829 0.018981 -0.999820 -0.759817 0.650137 0.036030 14.411822 0.000000 0.896595 200.000000 0.896595 0.000003 0.001298 -1.000000 0.011060 200.000000 0.011060 0.277841 111.136458 -0.707107 -2.289886 200.000000 -2.289886 0.324561 129.824449 0.707107 4.326750 200.000000 4.326750
 10.000000 -0.997909 0.064629 0.746841 -0.665002 -1.506122 2.298293 0.064629 -0.997909 -0.665002 0.746841 0.417696 167.078511 0.000000 0.896595 200.000000 0.896595 0.000437 0.174836 -1.000000 0.011060 200.000000 0.011060 0.177279 70.911690 -0.707107 -2.289886 200.000000 -2.289886 0.157884 63.153473 0.707107 4.326750 200.000000 4.326750
 10.200000 -0.998890 0.047100 0.726896 -0.686747 -1.523679 2.327801 0.047100 -0.998890 -0.686747 0.726896 0.221838 88.735376 0.000000 0.896595 200.000000 0.896595 0.000123 0.049267 -1.000000 0.011060 200.000000 0.011060 0.041452 16.580613 -0.707107 -2.289886 200.000000 -2.289886 0.039163 15.665161 0.707107 4.326750 200.000000 4.326750
 10.400000 -0.999983 0.005871 0.597783 -0.801658 -1.564926 2.500859 0.005871 -0.999983 -0.801658 0.597783 0.003447 1.378642 0.000000 0.896595 200.000000 0.896595 0.000000 0.000012 -1.000000 0.011060 200.000000 0.011060 0.893986 357.594411 -0.707107 -2.289886 200.000000 -2.289886 1.195159 478.063525 0.707107 4.326750 200.000000 4.326750
 10.600000 -0.999801 -0.019974 0.741890 -0.670521 -1.590771 2.305707 -0.019974 -0.999801 -0.670521 0.741890 0.039894 15.957700 0.000000 0.896595 200.000000 0.896595 0.000004 0.001592 -1.000000 0.011060 200.000000 0.011060 0.133851 53.540261 -0.707107 -2.289886 200.000000 -2.289886 0.120990 48.395982 0.707107 4.326750 200.000000 4.326750
 10.800000 -0.999505 -0.031450 0.692809 -0.721121 -1.602251 2.376215 -0.031450 -0.999505 -0.721121 0.692809 0.098908 39.563318 0.000000 0.896595 200.000000 0.896595 0.000024 0.009788 -1.000000 0.011060 200.000000 0.011060 0.019639 7.855752 -0.707107 -2.289886 200.000000 -2.289886 0.020442 8.176711 0.707107 4.326750 200.000000 4.326750
 11.000000 -0.997738 -0.067226 0.672251 -0.740324 -1.638073 2.404348 -0.067226 -0.997738 -0.740324 0.672251 0.451933 180.773150 0.000000 0.896595 200.000000 0.896595 0.000512 0.204706 -1.000000 0.011060 200.000000 0.011060 0.110336 44.134318 -0.707107 -2.289886 200.000000 -2.289886 0.121495 48.597973 0.707107 4.326750 200.000000 4.326750
 11.200000 -0.999910 -0.013385 0.758769 -0.651359 -1.584182 2.280171 -0.013385 -0.999910 -0.651359 0.758769 0.017916 7.166328 0.000000 0.896595 200.000000 0.896595 0.000001 0.000321 -1.000000 0.011060 200.000000 0.011060 0.310777 124.310774 -0.707107 -2.289886 200.000000 -2.289886 0.266902 106.760819 0.707107 4.326750 200.000000 4.326750
 11.400000 -0.999950 0.009962 0.700714 -0.713443 -1.560834 2.365195 0.009962 -0.999950 -0.713443 0.700714 0.009924 3.969720 0.000000 0.896595 200.000000 0.896595 0.000000 0.000098 -1.000000 0.011060 200.000000 0.011060 0.004014 1.605741 -0.707107 -2.289886 200.000000 -2.289886 0.004087 1.634909 0.707107 4.326750 200.000000 4.326750
 11.600000 -0.997988 -0.063407 0.777684 -0.628655 -1.634246 2.250619 -0.063407 -0.997988 -0.628655 0.777684 0.402044 160.817510 0.000000 0.896595 200.000000 0.896595 0.000405 0.161965 -1.000000 0.011060 200.000000 0.011060 0.615465 246.185871 -0.707107 -2.289886 200.000000 -2.289886 0.498116 199.246497 0.707107 4.326750 200.000000 4.326750
 11.800000 -0.998514 0.054492 0.718491 -0.695536 -1.516277 2.339963 0.054492 -0.998514 -0.695536 0.718491 0.296938 118.775247 0.000000 0.896595 200.000000 0.896595 0.000221 0.088303 -1.000000 0.011060 200.000000 0.011060 0.013387 5.354905 -0.707107 -2.289886 200.000000 -2.289886 0.012960 5.183848 0.707107 4.326750 200.000000 4.326750
 12.000000 -0.999353 0.035959 0.694499 -0.719494 -1.534829 2.373869 0.035959 -0.999353 -0.719494 0.694499 0.129307 51.722904 0.000000 0.896595 200.000000 0.896595 0.000042 0.016731 -1.000000 0.011060 200.000000 0.011060 0.015344 6.137512 -0.707107 -2.289886 200.000000 -2.289886 0.015896 6.358364 0.707107 4.326750 200.000000 4.326750
 12.200000 -0.999998 -0.002054 0.715140 -0.698981 -1.572851 2.344768 -0.002054 -0.999998 -0.698981 0.715140 0.000422 0.168837 0.000000 0.896595 200.000000 0.896595 0.000000 0.000000 -1.000000 0.011060 200.000000 0.011060 0.006602 2.640980 -0.707107 -2.289886 200.000000 -2.289886 0.006453 2.581310 0.707107 4.326750 200.000000 4.326750
 12.400000 -0.999777 -0.021129 0.714563 -0.699571 -1.591927 2.345593 -0.021129 -0.999777 -0.699571 0.714563 0.044645 17.858071 0.000000 0.896595 200.000000 0.896595 0.000005 0.001994 -1.000000 0.011060 200.000000 0.011060 0.005679 2.271769 -0.707107 -2.289886 200.000000 -2.289886 0.005560 2.224105 0.707107 4.326750 200.000000 4.326750
 12.600000 -0.995988 0.089486 0.730393 -0.683027 -1.481190 2.322696 0.089486 -0.995988 -0.683027 0.730393 0.800783 320.313103 0.000000 0.896595 200.000000 0.896595 0.001610 0.643833 -1.000000 0.011060 200.000000 0.011060 0.057981 23.192598 -0.707107 -2.289886 200.000000 -2.289886 0.054223 21.689396 0.707107 4.326750 200.000000 4.326750
 12.800000 -0.999845 0.017610 0.683553 -0.729901 -1.553186 2.388973 0.017610 -0.999845 -0.729901 0.683553 0.031010 12.404089 0.000000 0.896595 200.000000 0.896595 0.000002 0.000962 -1.000000 0.011060 200.000000 0.011060 0.051957 20.782697 -0.707107 -2.289886 200.000000 -2.289886 0.055478 22.191067 0.707107 4.326750 200.000000 4.326750
 13.000000 -0.995236 -0.097493 0.683487 -0.729963 -1.668444 2.389064 -0.097493 -0.995236 -0.729963 0.683487 0.950482 380.192943 0.000000 0.896595 200.000000 0.896595 0.002269 0.907736 -1.000000 0.011060 200.000000 0.011060 0.052241 20.896422 -0.707107 -2.289886 200.000000 -2.289886 0.055791 22.316568 0.707107 4.326750 200.000000 4.326750
 13.200000 -0.999991 0.004303 0.699127 -0.714998 -1.566494 2.367417 0.004303 -0.999991 -0.714998 0.699127 0.001851 0.740567 0.000000 0.896595 200.000000 0.896595 0.000000 0.000003 -1.000000 0.011060 200.000000 0.011060 0.006227 2.490742 -0.707107 -2.289886 200.000000 -2.289886 0.006368 2.547282 0.707107 4.326750 200.000000 4.326750
 13.400000 -0.999628 -0.027276 0.733024 -0.680203 -1.598076 2.318836 -0.027276 -0.999628 -0.680203 0.733024 0.074399 29.759759 0.000000 0.896595 200.000000 0.896595 0.000014 0.005537 -1.000000 0.011060 200.000000 0.011060 0.072381 28.952223 -0.707107 -2.289886 200.000000 -2.289886 0.067168 26.867376 0.707107 4.326750 200.000000 4.326750
 13.600000 -0.999413 -0.034268 0.596794 -0.802395 -1.605071 2.502093 -0.034268 -0.999413 -0.802395 0.596794 0.117427 46.970786 0.000000 0.896595 200.000000 0.896595 0.000034 0.013797 -1.000000 0.011060 200.000000 0.011060 0.907977 363.190661 -0.707107 -2.289886 200.000000 -2.289886 1.216894 486.757545 0.707107 4.326750 200.000000 4.326750
 13.800000 -0.998987 0.044992 0.707922 -0.706291 -1.525789 2.355041 0.044992 -0.998987 -0.706291 0.707922 0.202432 80.972616 0.000000 0.896595 200.000000 0.896595 0.000103 0.041020 -1.000000 0.011060 200.000000 0.011060 0.000067 0.026635 -0.707107 -2.289886 200.000000 -2.289886 0.000066 0.026574 0.707107 4.326750 200.000000 4.326750
 14.000000 -0.999995 0.003164 0.662214 -0.749315 -1.567633 2.417823 0.003164 -0.999995 -0.749315 0.662214 0.001001 0.400365 0.000000 0.896595 200.000000 0.896595 0.000000 0.000001 -1.000000 0.011060 200.000000 0.011060 0.178152 71.260884 -0.707107 -2.289886 200.000000 -2.289886 0.201537 80.614863 0.707107 4.326750 200.000000 4.326750
 14.200000 -0.999449 0.033178 0.703028 -0.711162 -1.537612 2.361946 0.033178 -0.999449 -0.711162 0.703028 0.110077 44.030987 0.000000 0.896595 200.000000 0.896595 0.000030 0.012124 -1.000000 0.011060 200.000000 0.011060 0.001644 0.657773 -0.707107 -2.289886 200.000000 -2.289886 0.001663 0.665383 0.707107 4.326750 200.000000 4.326750
 14.400000 -0.997357 0.072657 0.731159 -0.682207 -1.498075 2.321573 0.072657 -0.997357 -0.682207 0.731159 0.527906 211.162557 0.000000 0.896595 200.000000 0.896595 0.000699 0.279423 -1.000000 0.011060 200.000000 0.011060 0.062001 24.800421 -0.707107 -2.289886 200.000000 -2.289886 0.057852 23.140947 0.707107 4.326750 200.000000 4.326750
 14.600000 -0.999993 -0.003768 0.695394 -0.718629 -1.574565 2.372625 -0.003768 -0.999993 -0.718629 0.695394 0.001420 0.568025 0.000000 0.896595 200.000000 0.896595 0.000000 0.000002 -1.000000 0.011060 200.000000 0.011060 0.013275 5.310148 -0.707107 -2.289886 200.000000 -2.289886 0.013719 5.487548 0.707107 4.326750 200.000000 4.326750
 14.800000 -0.998780 -0.049389 0.655839 -0.754901 -1.620206 2.426299 -0.049389 -0.998780 -0.754901 0.655839 0.243932 97.572772 0.000000 0.896595 200.000000 0.896595 0.000149 0.059575 -1.000000 0.011060 200.000000 0.011060 0.228426 91.370509 -0.707107 -2.289886 200.000000 -2.289886 0.262838 105.135180 0.707107 4.326750 200.000000 4.326750
 15.000000 -0.999999 -0.001549 0.724437 -0.689341 -1.572345 2.331376 -0.001549 -0.999999 -0.689341 0.724437 0.000240 0.095983 0.000000 0.896595 200.000000 0.896595 0.000000 0.000000 -1.000000 0.011060 200.000000 0.011060 0.031561 12.624330 -0.707107 -2.289886 200.000000 -2.289886 0.030032 12.012930 0.707107 4.326750 200.000000 4.326750
 15.200000 -0.999773 -0.021296 0.713064 -0.701099 -1.592094 2.347734 -0.021296 -0.999773 -0.701099 0.713064 0.045354 18.141549 0.000000 0.896595 200.000000 0.896595 0.000005 0.002057 -1.000000 0.011060 200.000000 0.011060 0.003610 1.443806 -0.707107 -2.289886 200.000000 -2.289886 0.003549 1.419580 0.707107 4.326750 200.000000 4.326750
 15.400000 -0.999815 0.019211 0.760640 -0.649173 -1.551584 2.277294 0.019211 -0.999815 -0.649173 0.760640 0.036907 14.762634 0.000000 0.896595 200.000000 0.896595 0.000003 0.001362 -1.000000 0.011060 200.000000 0.011060 0.335627 134.250677 -0.707107 -2.289886 200.000000 -2.289886 0.286585 114.633848 0.707107 4.326750 200.000000 4.326750
 15.600000 -0.999892 -0.014668 0.700308 -0.713841 -1.585465 2.365764 -0.014668 -0.999892 -0.713841 0.700308 0.021516 8.606569 0.000000 0.896595 200.000000 0.896595 0.000001 0.000463 -1.000000 0.011060 200.000000 0.011060 0.004535 1.814106 -0.707107 -2.289886 200.000000 -2.289886 0.004623 1.849162 0.707107 4.326750 200.000000 4.326750
 15.800000 -0.998462 0.055444 0.714946 -0.699179 -1.515324 2.345045 0.055444 -0.998462 -0.699179 0.714946 0.307403 122.961368 0.000000 0.896595 200.000000 0.896595 0.000237 0.094642 -1.000000 0.011060 200.000000 0.011060 0.006285 2.513828 -0.707107 -2.289886 200.000000 -2.289886 0.006146 2.458393 0.707107 4.326750 200.000000 4.326750
 16.000000 -0.999727 0.023346 0.698820 -0.715298 -1.547449 2.367846 0.023346 -0.999727 -0.715298 0.698820 0.054502 21.800835 0.000000 0.896595 200.000000 0.896595 0.000007 0.002971 -1.000000 0.011060 200.000000 0.011060 0.006709 2.683516 -0.707107 -2.289886 200.000000 -2.289886 0.006867 2.746786 0.707107 4.326750 200.000000 4.326750
 16.200000 -0.998335 -0.057680 0.674835 -0.737969 -1.628509 2.400852 -0.057680 -0.998335 -0.737969 0.674835 0.332703 133.081315 0.000000 0.896595 200.000000 0.896595 0.000277 0.110876 -1.000000 0.011060 200.000000 0.011060 0.095247 38.098770 -0.707107 -2.289886 200.000000 -2.289886 0.104148 41.659379 0.707107 4.326750 200.000000 4.326750
 16.400000 -0.999627 0.027303 0.688315 -0.725411 -1.543490 2.382428 0.027303 -0.999627 -0.725411 0.688315 0.074545 29.818190 0.000000 0.896595 200.000000 0.896595 0.000014 0.005559 -1.000000 0.011060 200.000000 0.011060 0.033506 13.402460 -0.707107 -2.289886 200.000000 -2.289886 0.035311 14.124516 0.707107 4.326750 200.000000 4.326750
 16.600000 -0.999896 -0.014416 0.674252 -0.738502 -1.585213 2.401642 -0.014416 -0.999896 -0.738502 0.674252 0.020781 8.312514 0.000000 0.896595 200.000000 0.896595 0.000001 0.000432 -1.000000 0.011060 200.000000 0.011060 0.098564 39.425500 -0.707107 -2.289886 200.000000 -2.289886 0.107946 43.178323 0.707107 4.326750 200.000000 4.326750
 16.800000 -0.999990 0.004426 0.713095 -0.701068 -1.566370 2.347690 0.004426 -0.999990 -0.701068 0.713095 0.001959 0.783627 0.000000 0.896595 200.000000 0.896595 0.000000 0.000004 -1.000000 0.011060 200.000000 0.011060 0.003647 1.458815 -0.707107 -2.289886 200.000000 -2.289886 0.003586 1.434212 0.707107 4.326750 200.000000 4.326750
 17.000000 -0.998809 0.048784 0.680566 -0.732687 -1.521993 2.393058 0.048784 -0.998809 -0.732687 0.680566 0.237986 95.194439 0.000000 0.896595 200.000000 0.896595 0.000142 0.056705 -1.000000 0.011060 200.000000 0.011060 0.065435 26.173967 -0.707107 -2.289886 200.000000 -2.289886 0.070443 28.177093 0.707107 4.326750 200.000000 4.326750
 17.200000 -0.998480 -0.055117 0.647375 -0.762171 -1.625942 2.437457 -0.055117 -0.998480 -0.762171 0.647375 0.303794 121.517462 0.000000 0.896595 200.000000 0.896595 0.000231 0.092431 -1.000000 0.011060 200.000000 0.011060 0.303210 121.284009 -0.707107 -2.289886 200.000000 -2.289886 0.356784 142.713461 0.707107 4.326750 200.000000 4.326750
 17.400000 -0.999942 0.010778 0.720234 -0.693731 -1.560018 2.337453 0.010778 -0.999942 -0.693731 0.720234 0.011617 4.646818 0.000000 0.896595 200.000000 0.896595 0.000000 0.000135 -1.000000 0.011060 200.000000 0.011060 0.017891 7.156555 -0.707107 -2.289886 200.000000 -2.289886 0.017233 6.893251 0.707107 4.326750 200.000000 4.326750
 17.600000 -0.999984 -0.005715 0.733049 -0.680176 -1.576512 2.318799 -0.005715 -0.999984 -0.680176 0.733049 0.003266 1.306530 0.000000 0.896595 200.000000 0.896595 0.000000 0.000011 -1.000000 0.011060 200.000000 0.011060 0.072528 29.011355 -0.707107 -2.289886 200.000000 -2.289886 0.067301 26.920231 0.707107 4.326750 200.000000 4.326750
 17.800000 -0.998960 -0.045602 0.710659 -0.703536 -1.616414 2.351158 -0.045602 -0.998960 -0.703536 0.710659 0.207950 83.179967 0.000000 0.896595 200.000000 0.896595 0.000108 0.043288 -1.000000 0.011060 200.000000 0.011060 0.001275 0.509943 -0.707107 -2.289886 200.000000 -2.289886 0.001262 0.504832 0.707107 4.326750 200.000000 4.326750
 18.000000 -0.995674 0.092911 0.736094 -0.676879 -1.477751 2.314311 0.092911 -0.995674 -0.676879 0.736094 0.863246 345.298335 0.000000 0.896595 200.000000 0.896595 0.001871 0.748427 -1.000000 0.011060 200.000000 0.011060 0.091370 36.548185 -0.707107 -2.289886 200.000000 -2.289886 0.084026 33.610552 0.707107 4.326750 200.000000 4.326750
 18.200000 -0.999769 0.021486 0.717735 -0.696316 -1.549309 2.341048 0.021486 -0.999769 -0.696316 0.717735 0.046164 18.465426 0.000000 0.896595 200.000000 0.896595 0.000005 0.002132 -1.000000 0.011060 200.000000 0.011060 0.011644 4.657426 -0.707107 -2.289886 200.000000 -2.289886 0.011296 4.518454 0.707107 4.326750 200.000000 4.326750
 18.400000 -0.999662 0.025984 0.739265 -0.673415 -1.544810 2.309615 0.025984 -0.999662 -0.673415 0.739265 0.067516 27.006380 0.000000 0.896595 200.000000 0.896595 0.000011 0.004560 -1.000000 0.011060 200.000000 0.011060 0.113515 45.406196 -0.707107 -2.289886 200.000000 -2.289886 0.103415 41.365820 0.707107 4.326750 200.000000 4.326750
 18.600000 -0.999998 0.002165 0.769786 -0.638303 -1.568631 2.263087 0.002165 -0.999998 -0.638303 0.769786 0.000469 0.187518 0.000000 0.896595 200.000000 0.896595 0.000000 0.000000 -1.000000 0.011060 200.000000 0.011060 0.473402 189.360835 -0.707107 -2.289886 200.000000 -2.289886 0.392863 157.145283 0.707107 4.326750 200.000000 4.326750
 18.800000 -0.997569 -0.069692 0.753931 -0.656954 -1.640545 2.287568 -0.069692 -0.997569 -0.656954 0.753931 0.485699 194.279607 0.000000 0.896595 200.000000 0.896595 0.000591 0.236478 -1.000000 0.011060 200.000000 0.011060 0.251531 100.612274 -0.707107 -2.289886 200.000000 -2.289886 0.219248 87.699205 0.707107 4.326750 200.000000 4.326750
 19.000000 -0.995822 0.091315 0.759324 -0.650712 -1.479354 2.279318 0.091315 -0.995822 -0.650712 0.759324 0.833834 333.533597 0.000000 0.896595 200.000000 0.896595 0.001745 0.698193 -1.000000 0.011060 200.000000 0.011060 0.318035 127.213919 -0.707107 -2.289886 200.000000 -2.289886 0.272669 109.067406 0.707107 4.326750 200.000000 4.326750
 19.200000 -0.999995 -0.003245 0.740482 -0.672076 -1.574042 2.307805 -0.003245 -0.999995 -0.672076 0.740482 0.001053 0.421312 0.000000 0.896595 200.000000 0.896595 0.000000 0.000001 -1.000000 0.011060 200.000000 0.011060 0.122715 49.086019 -0.707107 -2.289886 200.000000 -2.289886 0.111391 44.556496 0.707107 4.326750 200.000000 4.326750
 19.400000 -0.994950 -0.100371 0.720154 -0.693814 -1.671336 2.337568 -0.100371 -0.994950 -0.693814 0.720154 1.007425 402.970037 0.000000 0.896595 200.000000 0.896595 0.002550 1.020050 -1.000000 0.011060 200.000000 0.011060 0.017670 7.067860 -0.707107 -2.289886 200.000000 -2.289886 0.017023 6.809393 0.707107 4.326750 200.000000 4.326750
 19.600000 -0.997738 0.067228 0.802560 -0.596571 -1.503518 2.210018 0.067228 -0.997738 -0.596571 0.802560 0.451960 180.783902 0.000000 0.896595 200.000000 0.896595 0.000512 0.204731 -1.000000 0.011060 200.000000 0.011060 1.221814 488.725404 -0.707107 -2.289886 200.000000 -2.289886 0.911136 364.454391 0.707107 4.326750 200.000000 4.326750
 19.800000 -0.999838 -0.018016 0.680858 -0.732416 -1.588813 2.392659 -0.018016 -0.999838 -0.732416 0.680858 0.032456 12.982552 0.000000 0.896595 200.000000 0.896595 0.000003 0.001054 -1.000000 0.011060 200.000000 0.011060 0.064054 25.621402 -0.707107 -2.289886 200.000000 -2.289886 0.068901 27.560235 0.707107 4.326750 200.000000 4.326750
 20.000000 -0.998889 0.047129 0.683544 -0.729909 -1.523650 2.388985 0.047129 -0.998889 -0.729909 0.683544 0.222110 88.843977 0.000000 0.896595 200.000000 0.896595 0.000123 0.049388 -1.000000 0.011060 200.000000 0.011060 0.051995 20.798054 -0.707107 -2.289886 200.000000 -2.289886 0.055520 22.208012 0.707107 4.326750 200.000000 4.326750
