#! FIELDS time sin_phi cos_phi sin_psi cos_psi phi psi cos_phi sin_phi cos_psi sin_psi restraint_phi_cos.bias restraint_phi_cos.force2 restraint_phi_cos.cos_phi_cntr restraint_phi_cos.cos_phi_work restraint_phi_cos.cos_phi_kappa restraint_phi_cos.work restraint_phi_sin.bias restraint_phi_sin.force2 restraint_phi_sin.sin_phi_cntr restraint_phi_sin.sin_phi_work restraint_phi_sin.sin_phi_kappa restraint_phi_sin.work restraint_psi_cos.bias restraint_psi_cos.force2 restraint_psi_cos.cos_psi_cntr restraint_psi_cos.cos_psi_work restraint_psi_cos.cos_psi_kappa restraint_psi_cos.work restraint_psi_sin.bias restraint_psi_sin.force2 restraint_psi_sin.sin_psi_cntr restraint_psi_sin.sin_psi_work restraint_psi_sin.sin_psi_kappa restraint_psi_sin.work
#! SET min_phi -pi
#! SET max_phi pi
#! SET min_psi -pi
#! SET max_psi pi
 0.000000 -0.999983 -0.005782 0.966116 0.258110 -1.576579 1.309731 -0.005782 -0.999983 0.258110 0.966116 0.000000 0.000000 -0.009747 0.000000 0.000000 0.000000 0.000000 0.000000 -0.999953 0.000000 0.000000 0.000000 0.000000 0.000000 0.256142 0.000000 0.000000 0.000000 0.000000 0.000000 0.966639 0.000000 0.000000 0.000000
 0.200000 -1.000000 -0.000266 0.834656 0.550772 -1.571062 0.987508 -0.000266 -1.000000 0.550772 0.834656 0.000899 0.035955 -0.009747 0.429321 20.000000 0.429321 0.000000 0.000001 -0.999953 0.008204 20.000000 0.008204 0.868065 34.722587 0.256142 0.437497 20.000000 0.437497 0.174196 6.967822 0.966639 0.079186 20.000000 0.079186
 0.400000 -0.998237 0.059346 0.982967 0.183784 -1.511415 1.385962 0.059346 -0.998237 0.183784 0.982967 0.095476 7.638063 -0.009747 0.576152 40.000000 0.576152 0.000059 0.004706 -0.999953 0.009175 40.000000 0.009175 0.104715 8.377184 0.256142 0.652623 40.000000 0.652623 0.005332 0.426545 0.966639 0.103853 40.000000 0.103853
 0.600000 -0.997905 0.064694 0.969726 0.244195 -1.506057 1.324107 0.064694 -0.997905 0.244195 0.969726 0.166241 19.948918 -0.009747 0.652738 60.000000 0.652738 0.000126 0.015090 -0.999953 0.009549 60.000000 0.009549 0.004282 0.513884 0.256142 0.812950 60.000000 0.812950 0.000286 0.034310 0.966639 0.126978 60.000000 0.126978
 0.800000 -0.999998 0.001900 0.948099 0.317977 -1.568897 1.247202 0.001900 -0.999998 0.317977 0.948099 0.005425 0.868058 -0.009747 0.745436 80.000000 0.745436 0.000000 0.000013 -0.999953 0.009931 80.000000 0.009931 0.152938 24.470136 0.256142 0.870390 80.000000 0.870390 0.013750 2.199994 0.966639 0.131256 80.000000 0.131256
 1.000000 -0.997907 -0.064664 0.983714 0.179740 -1.635505 1.390074 -0.064664 -0.997907 0.179740 0.983714 0.150795 30.158950 -0.009747 0.830200 100.000000 0.830200 0.000209 0.041836 -0.999953 0.010215 100.000000 0.010215 0.291866 58.373296 0.256142 0.906285 100.000000 0.906285 0.014578 2.915589 0.966639 0.133900 100.000000 0.133900
 1.200000 -0.998632 0.052283 0.985233 0.171221 -1.518489 1.398728 0.052283 -0.998632 0.171221 0.985233 0.230861 55.406593 -0.009747 0.926076 120.000000 0.926076 0.000105 0.025098 -0.999953 0.010632 120.000000 0.010632 0.432703 103.848639 0.256142 0.992002 120.000000 0.992002 0.020743 4.978426 0.966639 0.141239 120.000000 0.141239
 1.400000 -0.999099 0.042450 0.979951 0.199238 -1.528334 1.370216 0.042450 -0.999099 0.199238 0.979951 0.190711 53.399045 -0.009747 0.960891 140.000000 0.960891 0.000051 0.014291 -0.999953 0.010712 140.000000 0.010712 0.226664 63.465860 0.256142 1.092922 140.000000 1.092922 0.012405 3.473287 0.966639 0.149514 140.000000 0.149514
 1.600000 -0.999952 0.009788 0.961509 0.274775 -1.561008 1.292441 0.009788 -0.999952 0.274775 0.961509 0.030528 9.768983 -0.009747 1.007034 160.000000 1.007034 0.000000 0.000000 -0.999953 0.010844 160.000000 0.010844 0.027774 8.887593 0.256142 1.162404 160.000000 1.162404 0.002106 0.673841 0.966639 0.156247 160.000000 0.156247
 1.800000 -0.999822 -0.018890 0.970255 0.242087 -1.589688 1.326281 -0.018890 -0.999822 0.242087 0.970255 0.007525 2.709001 -0.009747 1.052059 180.000000 1.052059 0.000002 0.000556 -0.999953 0.010933 180.000000 0.010933 0.017781 6.401157 0.256142 1.193843 180.000000 1.193843 0.001177 0.423550 0.966639 0.158902 180.000000 0.158902
 2.000000 -0.987244 0.159215 0.942677 0.333708 -1.410901 1.230562 0.159215 -0.987244 0.333708 0.942677 2.854784 1141.913410 -0.009747 1.082091 200.000000 1.082091 0.016151 6.460231 -0.999953 0.011014 200.000000 0.011014 0.601639 240.655703 0.256142 1.219996 200.000000 1.219996 0.057420 22.968050 0.966639 0.161398 200.000000 0.161398
 2.200000 -0.999969 0.007935 0.900839 0.434154 -1.562861 1.121697 0.007935 -0.999969 0.434154 0.900839 0.658029 263.211618 -0.073184 1.332267 200.000000 1.332267 0.410554 164.221505 -0.935894 0.374433 200.000000 0.374433 2.235410 894.164172 0.284641 1.135229 200.000000 1.135229 0.020519 8.207750 0.886514 0.619498 200.000000 0.619498
 2.400000 -0.994111 -0.108368 0.896112 0.443828 -1.679378 1.110931 -0.108368 -0.994111 0.443828 0.896112 0.079821 31.928252 -0.136621 1.690875 200.000000 1.690875 1.495123 598.049316 -0.871836 1.551592 200.000000 1.551592 1.707938 683.175162 0.313140 0.939242 200.000000 0.939242 0.805020 322.008150 0.806389 2.096459 200.000000 2.096459
 2.600000 -0.954614 -0.297844 0.781147 0.624347 -1.873230 0.896501 -0.297844 -0.954614 0.624347 0.781147 0.956218 382.487239 -0.200058 1.720453 200.000000 1.720453 2.156120 862.448093 -0.807777 3.387549 200.000000 3.387549 7.992429 3196.971597 0.341638 0.569637 200.000000 0.569637 0.301211 120.484481 0.726264 4.488158 200.000000 4.488158
 2.800000 -0.962920 -0.269786 0.849511 0.527571 -1.843967 1.015057 -0.269786 -0.962920 0.527571 0.849511 0.003957 1.582936 -0.263495 1.335006 200.000000 1.335006 4.804938 1921.975396 -0.743719 5.792326 200.000000 5.792326 2.478555 991.422038 0.370137 0.009617 200.000000 0.009617 4.135996 1654.398262 0.646139 7.694451 200.000000 7.694451
 3.000000 -0.905142 -0.425110 0.848575 0.529075 -2.009879 1.013287 -0.425110 -0.905142 0.529075 0.848575 0.963880 385.551957 -0.326932 0.796834 200.000000 0.796834 5.084200 2033.679914 -0.679660 8.704459 200.000000 8.704459 1.701425 680.570053 0.398636 -0.815060 200.000000 -0.815060 7.984079 3193.631502 0.566014 11.532096 200.000000 11.532096
 3.200000 -0.882214 -0.470849 0.840795 0.541353 -2.061049 0.998751 -0.470849 -0.882214 0.541353 0.840795 0.647698 259.079251 -0.390369 -0.714544 200.000000 -0.714544 7.108200 2843.280060 -0.615602 11.626476 200.000000 11.626476 1.304589 521.835506 0.427135 -2.090033 200.000000 -2.090033 12.595831 5038.332401 0.485889 15.385403 200.000000 15.385403
 3.400000 -0.815722 -0.578444 0.682065 0.731291 -2.187617 0.750583 -0.578444 -0.815722 0.731291 0.682065 1.553464 621.385509 -0.453806 -2.469447 200.000000 -2.469447 6.979028 2791.611257 -0.551543 14.738279 200.000000 14.738279 7.598734 3039.493793 0.455633 -3.600831 200.000000 -3.600831 7.634225 3053.690186 0.405764 19.451690 200.000000 19.451690
 3.600000 -0.707056 -0.707158 0.590894 0.806749 -2.356266 0.632167 -0.707158 -0.707056 0.806749 0.590894 3.606739 1442.695695 -0.517243 -4.907070 200.000000 -4.907070 4.821144 1928.457620 -0.487485 17.451373 200.000000 17.451373 10.408174 4163.269753 0.484132 -5.382246 200.000000 -5.382246 7.036023 2814.409060 0.325639 23.352084 200.000000 23.352084
 3.800000 -0.684824 -0.728708 0.485328 0.874332 -2.387230 0.506738 -0.728708 -0.684824 0.874332 0.485328 2.191223 876.489333 -0.580681 -7.523901 200.000000 -7.523901 6.832875 2733.149954 -0.423426 19.952596 200.000000 19.952596 13.082821 5233.128526 0.512631 -7.348071 200.000000 -7.348071 5.751034 2300.413550 0.245514 27.301101 200.000000 27.301101
 4.000000 -0.545050 -0.838403 0.329316 0.944220 -2.565144 0.335579 -0.838403 -0.545050 0.944220 0.329316 3.774689 1509.875444 -0.644118 -10.281571 200.000000 -10.281571 3.447795 1379.118112 -0.359368 22.011646 200.000000 22.011646 16.248205 6499.282128 0.541129 -9.648579 200.000000 -9.648579 2.687178 1074.871232 0.165389 29.775320 200.000000 29.775320
 4.200000 -0.402889 -0.915249 0.227547 0.973767 -2.726921 0.229558 -0.915249 -0.402889 0.973767 0.227547 4.313678 1725.471264 -0.707555 -12.843782 200.000000 -12.843782 1.157336 462.934507 -0.295309 23.846332 200.000000 23.846332 16.332845 6533.137822 0.569628 -12.031726 200.000000 -12.031726 2.024429 809.771507 0.085264 31.347048 200.000000 31.347048
 4.400000 -0.305331 -0.952246 -0.022540 0.999746 -2.831306 -0.022542 -0.952246 -0.305331 0.999746 -0.022540 3.285307 1314.122915 -0.770992 -15.163731 200.000000 -15.163731 0.548790 219.516041 -0.231251 25.347437 200.000000 25.347437 16.129802 6451.920998 0.598127 -14.355115 200.000000 -14.355115 0.076618 30.647129 0.005139 32.434384 200.000000 32.434384
 4.600000 -0.224800 -0.974405 0.012705 0.999919 -2.914855 0.012705 -0.974405 -0.224800 0.999919 0.012705 1.959323 783.729319 -0.834429 -17.128907 200.000000 -17.128907 0.331861 132.744350 -0.167193 26.371254 200.000000 26.371254 13.934835 5573.933991 0.626625 -16.532914 200.000000 -16.532914 0.768962 307.584683 -0.074985 32.068889 200.000000 32.068889
 4.800000 -0.246221 -0.969214 -0.217974 0.975955 -2.892814 -0.219738 -0.969214 -0.246221 0.975955 -0.217974 0.509047 203.618960 -0.897866 -18.495360 200.000000 -18.495360 2.047377 818.950722 -0.103134 27.367662 200.000000 27.367662 10.293220 4117.287805 0.655124 -18.480628 200.000000 -18.480628 0.395185 158.073934 -0.155110 31.087632 200.000000 31.087632
 5.000000 -0.071061 -0.997472 -0.357393 0.933954 -3.070472 -0.365475 -0.997472 -0.071061 0.933954 -0.357393 0.130817 52.326723 -0.961303 -19.284392 200.000000 -19.284392 0.102307 40.922842 -0.039076 27.830277 200.000000 27.830277 6.266577 2506.630994 0.683623 -20.081071 200.000000 -20.081071 1.492248 596.899306 -0.235235 29.294636 200.000000 29.294636
 5.200000 0.060322 -0.998179 -0.408669 0.912683 3.081234 -0.420996 -0.998179 0.060322 0.912683 -0.408669 0.000332 0.132649 -1.000000 -19.398993 200.000000 -19.398993 0.363878 145.551327 -0.000000 28.363110 200.000000 28.363110 4.022474 1608.989529 0.712121 -21.409062 200.000000 -21.409062 0.870657 348.262726 -0.315360 27.899152 200.000000 27.899152
 5.400000 -0.042792 -0.999084 -0.460631 0.887592 -3.098788 -0.478706 -0.999084 -0.042792 0.887592 -0.460631 0.000084 0.033561 -1.000000 -19.398993 200.000000 -19.398993 0.183111 73.244544 -0.000000 28.363110 200.000000 28.363110 2.160058 864.023327 0.740620 -22.291290 200.000000 -22.291290 0.424401 169.760585 -0.395485 26.060825 200.000000 26.060825
 5.600000 -0.082391 -0.996600 -0.539408 0.842045 -3.059109 -0.569733 -0.996600 -0.082391 0.842045 -0.539408 0.001156 0.462370 -1.000000 -19.398993 200.000000 -19.398993 0.678822 271.528706 -0.000000 28.363110 200.000000 28.363110 0.531821 212.728205 0.769119 -22.933669 200.000000 -22.933669 0.407008 162.803382 -0.475610 25.111869 200.000000 25.111869
 5.800000 -0.045285 -0.998974 -0.568521 0.822669 -3.096292 -0.604707 -0.998974 -0.045285 0.822669 -0.568521 0.000105 0.042098 -1.000000 -19.398993 200.000000 -19.398993 0.205072 82.028749 -0.000000 28.363110 200.000000 28.363110 0.062758 25.103057 0.797618 -23.202239 200.000000 -23.202239 0.016347 6.538639 -0.555735 24.478881 200.000000 24.478881
 6.000000 -0.023716 -0.999719 -0.623233 0.782036 -3.117874 -0.672870 -0.999719 -0.023716 0.782036 -0.623233 0.000008 0.003165 -1.000000 -19.398993 200.000000 -19.398993 0.056246 22.498583 -0.000000 28.363110 200.000000 28.363110 0.072796 29.118321 0.809017 -23.183825 200.000000 -23.183825 0.125653 50.261389 -0.587785 24.268008 200.000000 24.268008
 6.200000 0.003385 -0.999994 -0.646384 0.763012 3.138208 -0.702836 -0.999994 0.003385 0.763012 -0.646384 0.000000 0.000001 -1.000000 -19.398993 200.000000 -19.398993 0.001146 0.458347 -0.000000 28.363110 200.000000 28.363110 0.211643 84.657070 0.809017 -23.183825 200.000000 -23.183825 0.343380 137.352055 -0.587785 24.268008 200.000000 24.268008
 6.400000 -0.031072 -0.999517 -0.623768 0.781610 -3.110516 -0.673554 -0.999517 -0.031072 0.781610 -0.623768 0.000023 0.009326 -1.000000 -19.398993 200.000000 -19.398993 0.096547 38.618858 -0.000000 28.363110 200.000000 28.363110 0.075115 30.046196 0.809017 -23.183825 200.000000 -23.183825 0.129474 51.789447 -0.587785 24.268008 200.000000 24.268008
 6.600000 -0.045003 -0.998987 -0.638323 0.769769 -3.096575 -0.692318 -0.998987 -0.045003 0.769769 -0.638323 0.000103 0.041058 -1.000000 -19.398993 200.000000 -19.398993 0.202526 81.010522 -0.000000 28.363110 200.000000 28.363110 0.154044 61.617514 0.809017 -23.183825 200.000000 -23.183825 0.255407 102.162803 -0.587785 24.268008 200.000000 24.268008
 6.800000 -0.061754 -0.998091 -0.570293 0.821441 -3.079799 -0.606862 -0.998091 -0.061754 0.821441 -0.570293 0.000364 0.145713 -1.000000 -19.398993 200.000000 -19.398993 0.381359 152.543780 -0.000000 28.363110 200.000000 28.363110 0.015437 6.174649 0.809017 -23.183825 200.000000 -23.183825 0.030598 12.239284 -0.587785 24.268008 200.000000 24.268008
 7.000000 -0.078491 -0.996915 -0.591355 0.806411 -3.063021 -0.632739 -0.996915 -0.078491 0.806411 -0.591355 0.000952 0.380728 -1.000000 -19.398993 200.000000 -19.398993 0.616079 246.431761 -0.000000 28.363110 200.000000 28.363110 0.000679 0.271646 0.809017 -23.183825 200.000000 -23.183825 0.001275 0.509856 -0.587785 24.268008 200.000000 24.268008
 7.200000 -0.004070 -0.999992 -0.575539 0.817775 -3.137523 -0.613263 -0.999992 -0.004070 0.817775 -0.575539 0.000000 0.000003 -1.000000 -19.398993 200.000000 -19.398993 0.001657 0.662603 -0.000000 28.363110 200.000000 28.363110 0.007670 3.067808 0.809017 -23.183825 200.000000 -23.183825 0.014998 5.999163 -0.587785 24.268008 200.000000 24.268008
 7.400000 -0.000184 -1.000000 -0.561637 0.827384 -3.141408 -0.596363 -1.000000 -0.000184 0.827384 -0.561637 0.000000 0.000000 -1.000000 -19.398993 200.000000 -19.398993 0.000003 0.001359 -0.000000 28.363110 200.000000 28.363110 0.033734 13.493638 0.809017 -23.183825 200.000000 -23.183825 0.068374 27.349496 -0.587785 24.268008 200.000000 24.268008
 7.600000 -0.020456 -0.999791 -0.546737 0.837305 -3.121135 -0.578462 -0.999791 -0.020456 0.837305 -0.546737 0.000004 0.001751 -1.000000 -19.398993 200.000000 -19.398993 0.041844 16.737587 -0.000000 28.363110 200.000000 28.363110 0.080019 32.007447 0.809017 -23.183825 200.000000 -23.183825 0.168498 67.399165 -0.587785 24.268008 200.000000 24.268008
 7.800000 -0.007088 -0.999975 -0.594075 0.804410 -3.134504 -0.636115 -0.999975 -0.007088 0.804410 -0.594075 0.000000 0.000025 -1.000000 -19.398993 200.000000 -19.398993 0.005024 2.009678 -0.000000 28.363110 200.000000 28.363110 0.002123 0.849037 0.809017 -23.183825 200.000000 -23.183825 0.003956 1.582315 -0.587785 24.268008 200.000000 24.268008
 8.000000 -0.102513 -0.994732 -0.567718 0.823223 -3.038899 -0.603731 -0.994732 -0.102513 0.823223 -0.567718 0.002776 1.110232 -1.000000 -19.398993 200.000000 -19.398993 1.050900 420.359924 -0.000000 28.363110 200.000000 28.363110 0.020181 8.072574 0.809017 -23.183825 200.000000 -23.183825 0.040270 16.107858 -0.587785 24.268008 200.000000 24.268008
 8.200000 -0.054961 -0.998488 -0.626429 0.779479 -3.086604 -0.676963 -0.998488 -0.054961 0.779479 -0.626429 0.000228 0.091386 -1.000000 -19.398993 200.000000 -19.398993 0.302073 120.829212 -0.000000 28.363110 200.000000 28.363110 0.087252 34.900601 0.809017 -23.183825 200.000000 -23.183825 0.149333 59.733014 -0.587785 24.268008 200.000000 24.268008
 8.400000 0.003592 -0.999994 -0.597917 0.801558 3.138001 -0.640900 -0.999994 0.003592 0.801558 -0.597917 0.000000 0.000002 -1.000000 -19.398993 200.000000 -19.398993 0.001290 0.516019 -0.000000 28.363110 200.000000 28.363110 0.005564 2.225446 0.809017 -23.183825 200.000000 -23.183825 0.010265 4.106084 -0.587785 24.268008 200.000000 24.268008
 8.600000 0.018936 -0.999821 -0.673299 0.739370 3.122655 -0.738662 -0.999821 0.018936 0.739370 -0.673299 0.000003 0.001286 -1.000000 -19.398993 200.000000 -19.398993 0.035859 14.343571 -0.000000 28.363110 200.000000 28.363110 0.485071 194.028434 0.809017 -23.183825 200.000000 -23.183825 0.731267 292.506756 -0.587785 24.268008 200.000000 24.268008
 8.800000 -0.076972 -0.997033 -0.590182 0.807270 -3.064544 -0.631285 -0.997033 -0.076972 0.807270 -0.590182 0.000880 0.352063 -1.000000 -19.398993 200.000000 -19.398993 0.592469 236.987591 -0.000000 28.363110 200.000000 28.363110 0.000305 0.122085 0.809017 -23.183825 200.000000 -23.183825 0.000575 0.229844 -0.587785 24.268008 200.000000 24.268008
 9.000000 0.005679 -0.999984 -0.618275 0.785962 3.135913 -0.666546 -0.999984 0.005679 0.785962 -0.618275 0.000000 0.000010 -1.000000 -19.398993 200.000000 -19.398993 0.003226 1.290268 -0.000000 28.363110 200.000000 28.363110 0.053153 21.261199 0.809017 -23.183825 200.000000 -23.183825 0.092961 37.184325 -0.587785 24.268008 200.000000 24.268008
 9.200000 -0.083990 -0.996467 -0.651949 0.758263 -3.057504 -0.710151 -0.996467 -0.083990 0.758263 -0.651949 0.001248 0.499394 -1.000000 -19.398993 200.000000 -19.398993 0.705429 282.171740 -0.000000 28.363110 200.000000 28.363110 0.257595 103.038144 0.809017 -23.183825 200.000000 -23.183825 0.411694 164.677532 -0.587785 24.268008 200.000000 24.268008
 9.400000 -0.069883 -0.997555 -0.583470 0.812135 -3.071653 -0.622995 -0.997555 -0.069883 0.812135 -0.583470 0.000598 0.239078 -1.000000 -19.398993 200.000000 -19.398993 0.488358 195.343330 -0.000000 28.363110 200.000000 28.363110 0.000972 0.388766 0.809017 -23.183825 200.000000 -23.183825 0.001862 0.744787 -0.587785 24.268008 200.000000 24.268008
 9.600000 -0.034703 -0.999398 -0.639885 0.768471 -3.106882 -0.694349 -0.999398 -0.034703 0.768471 -0.639885 0.000036 0.014513 -1.000000 -19.398993 200.000000 -19.398993 0.120432 48.172933 -0.000000 28.363110 200.000000 28.363110 0.164401 65.760200 0.809017 -23.183825 200.000000 -23.183825 0.271439 108.575437 -0.587785 24.268008 200.000000 24.268008
 9.800000 -0.058119 -0.998310 -0.605367 0.795946 -3.083441 -0.650227 -0.998310 -0.058119 0.795946 -0.605367 0.000286 0.114288 -1.000000 -19.398993 200.000000 -19.398993 0.337779 135.111797 -0.000000 28.363110 200.000000 28.363110 0.017085 6.833830 0.809017 -23.183825 200.000000 -23.183825 0.030913 12.365234 -0.587785 24.268008 200.000000 24.268008
 10.000000 -0.126246 -0.991999 -0.577315 0.816522 -3.015009 -0.615436 -0.991999 -0.126246 0.816522 -0.577315 0.006402 2.560649 -1.000000 -19.398993 200.000000 -19.398993 1.593801 637.520416 -0.000000 28.363110 200.000000 28.363110 0.005632 2.252896 0.809017 -23.183825 200.000000 -23.183825 0.010964 4.385403 -0.587785 24.268008 200.000000 24.268008
 10.200000 -0.064541 -0.997915 -0.537203 0.843453 -3.077007 -0.567118 -0.997915 -0.064541 0.843453 -0.537203 0.000435 0.173875 -1.000000 -19.398993 200.000000 -19.398993 0.416548 166.619239 -0.000000 28.363110 200.000000 28.363110 0.118583 47.433204 0.809017 -23.183825 200.000000 -23.183825 0.255855 102.341896 -0.587785 24.268008 200.000000 24.268008
 10.400000 -0.006666 -0.999978 -0.501706 0.865038 -3.134926 -0.525570 -0.999978 -0.006666 0.865038 -0.501706 0.000000 0.000020 -1.000000 -19.398993 200.000000 -19.398993 0.004444 1.777570 -0.000000 28.363110 200.000000 28.363110 0.313836 125.534520 0.809017 -23.183825 200.000000 -23.183825 0.740960 296.384171 -0.587785 24.268008 200.000000 24.268008
 10.600000 0.033795 -0.999429 -0.555929 0.831230 3.107792 -0.589480 -0.999429 0.033795 0.831230 -0.555929 0.000033 0.013051 -1.000000 -19.398993 200.000000 -19.398993 0.114207 45.682984 -0.000000 28.363110 200.000000 28.363110 0.049342 19.736885 0.809017 -23.183825 200.000000 -23.183825 0.101485 40.594057 -0.587785 24.268008 200.000000 24.268008
 10.800000 -0.021513 -0.999769 -0.523070 0.852290 -3.120078 -0.550449 -0.999769 -0.021513 0.852290 -0.523070 0.000005 0.002142 -1.000000 -19.398993 200.000000 -19.398993 0.046280 18.512194 -0.000000 28.363110 200.000000 28.363110 0.187252 74.900618 0.809017 -23.183825 200.000000 -23.183825 0.418803 167.521216 -0.587785 24.268008 200.000000 24.268008
 11.000000 0.030383 -0.999538 -0.595186 0.803588 3.111205 -0.637497 -0.999538 0.030383 0.803588 -0.595186 0.000021 0.008526 -1.000000 -19.398993 200.000000 -19.398993 0.092312 36.924957 -0.000000 28.363110 200.000000 28.363110 0.002947 1.178864 0.809017 -23.183825 200.000000 -23.183825 0.005477 2.190644 -0.587785 24.268008 200.000000 24.268008
 11.200000 0.011420 -0.999935 -0.635757 0.771889 3.130173 -0.688989 -0.999935 0.011420 0.771889 -0.635757 0.000000 0.000170 -1.000000 -19.398993 200.000000 -19.398993 0.013041 5.216393 -0.000000 28.363110 200.000000 28.363110 0.137848 55.139262 0.809017 -23.183825 200.000000 -23.183825 0.230131 92.052374 -0.587785 24.268008 200.000000 24.268008
 11.400000 -0.032868 -0.999460 -0.612850 0.790199 -3.108718 -0.659663 -0.999460 -0.032868 0.790199 -0.612850 0.000029 0.011677 -1.000000 -19.398993 200.000000 -19.398993 0.108033 43.213029 -0.000000 28.363110 200.000000 28.363110 0.035412 14.164737 0.809017 -23.183825 200.000000 -23.183825 0.062826 25.130450 -0.587785 24.268008 200.000000 24.268008
 11.600000 -0.079541 -0.996832 -0.636499 0.771277 -3.061968 -0.689951 -0.996832 -0.079541 0.771277 -0.636499 0.001004 0.401551 -1.000000 -19.398993 200.000000 -19.398993 0.632677 253.070715 -0.000000 28.363110 200.000000 28.363110 0.142428 56.971385 0.809017 -23.183825 200.000000 -23.183825 0.237306 94.922244 -0.587785 24.268008 200.000000 24.268008
 11.800000 -0.059282 -0.998241 -0.619407 0.785070 -3.082276 -0.667987 -0.998241 -0.059282 0.785070 -0.619407 0.000309 0.123721 -1.000000 -19.398993 200.000000 -19.398993 0.351431 140.572325 -0.000000 28.363110 200.000000 28.363110 0.057344 22.937521 0.809017 -23.183825 200.000000 -23.183825 0.099990 39.996153 -0.587785 24.268008 200.000000 24.268008
 12.000000 -0.023056 -0.999734 -0.569647 0.821889 -3.118535 -0.606076 -0.999734 -0.023056 0.821889 -0.569647 0.000007 0.002827 -1.000000 -19.398993 200.000000 -19.398993 0.053158 21.263260 -0.000000 28.363110 200.000000 28.363110 0.016570 6.627950 0.809017 -23.183825 200.000000 -23.183825 0.032899 13.159703 -0.587785 24.268008 200.000000 24.268008
 12.200000 0.004727 -0.999989 -0.545921 0.837837 3.136866 -0.577488 -0.999989 0.004727 0.837837 -0.545921 0.000000 0.000005 -1.000000 -19.398993 200.000000 -19.398993 0.002234 0.893634 -0.000000 28.363110 200.000000 28.363110 0.083058 33.223147 0.809017 -23.183825 200.000000 -23.183825 0.175263 70.105142 -0.587785 24.268008 200.000000 24.268008
 12.400000 0.005142 -0.999987 -0.542140 0.840288 3.136451 -0.572982 -0.999987 0.005142 0.840288 -0.542140 0.000000 0.000007 -1.000000 -19.398993 200.000000 -19.398993 0.002644 1.057490 -0.000000 28.363110 200.000000 28.363110 0.097788 39.115240 0.809017 -23.183825 200.000000 -23.183825 0.208348 83.339031 -0.587785 24.268008 200.000000 24.268008
 12.600000 0.007998 -0.999968 -0.602903 0.797814 3.133594 -0.647135 -0.999968 0.007998 0.797814 -0.602903 0.000000 0.000041 -1.000000 -19.398993 200.000000 -19.398993 0.006397 2.558778 -0.000000 28.363110 200.000000 28.363110 0.012550 5.020141 0.809017 -23.183825 200.000000 -23.183825 0.022856 9.142394 -0.587785 24.268008 200.000000 24.268008
 12.800000 -0.040378 -0.999184 -0.567557 0.823334 -3.101204 -0.603536 -0.999184 -0.040378 0.823334 -0.567557 0.000067 0.026603 -1.000000 -19.398993 200.000000 -19.398993 0.163038 65.215359 -0.000000 28.363110 200.000000 28.363110 0.020497 8.198988 0.809017 -23.183825 200.000000 -23.183825 0.040917 16.366876 -0.587785 24.268008 200.000000 24.268008
 13.000000 -0.036543 -0.999332 -0.542053 0.840344 -3.105042 -0.572878 -0.999332 -0.036543 0.840344 -0.542053 0.000045 0.017844 -1.000000 -19.398993 200.000000 -19.398993 0.133537 53.414726 -0.000000 28.363110 200.000000 28.363110 0.098139 39.255669 0.809017 -23.183825 200.000000 -23.183825 0.209142 83.656791 -0.587785 24.268008 200.000000 24.268008
 13.200000 0.016411 -0.999865 -0.622794 0.782386 3.125181 -0.672309 -0.999865 0.016411 0.782386 -0.622794 0.000002 0.000725 -1.000000 -19.398993 200.000000 -19.398993 0.026931 10.772425 -0.000000 28.363110 200.000000 28.363110 0.070922 28.368961 0.809017 -23.183825 200.000000 -23.183825 0.122562 49.024939 -0.587785 24.268008 200.000000 24.268008
 13.400000 -0.101813 -0.994804 -0.640982 0.767556 -3.039602 -0.695777 -0.994804 -0.101813 0.767556 -0.640982 0.002700 1.080142 -1.000000 -19.398993 200.000000 -19.398993 1.036599 414.639417 -0.000000 28.363110 200.000000 28.363110 0.171905 68.761961 0.809017 -23.183825 200.000000 -23.183825 0.282994 113.197451 -0.587785 24.268008 200.000000 24.268008
 13.600000 -0.089777 -0.995962 -0.611629 0.791145 -3.051695 -0.658118 -0.995962 -0.089777 0.791145 -0.611629 0.001631 0.652245 -1.000000 -19.398993 200.000000 -19.398993 0.805986 322.394456 -0.000000 28.363110 200.000000 28.363110 0.031942 12.776879 0.809017 -23.183825 200.000000 -23.183825 0.056853 22.741230 -0.587785 24.268008 200.000000 24.268008
 13.800000 -0.004683 -0.999989 -0.664975 0.746865 -3.136910 -0.727461 -0.999989 -0.004683 0.746865 -0.664975 0.000000 0.000005 -1.000000 -19.398993 200.000000 -19.398993 0.002193 0.877264 -0.000000 28.363110 200.000000 28.363110 0.386282 154.512882 0.809017 -23.183825 200.000000 -23.183825 0.595830 238.331866 -0.587785 24.268008 200.000000 24.268008
 14.000000 -0.061463 -0.998109 -0.635028 0.772489 -3.080091 -0.688045 -0.998109 -0.061463 0.772489 -0.635028 0.000357 0.142982 -1.000000 -19.398993 200.000000 -19.398993 0.377772 151.108614 -0.000000 28.363110 200.000000 28.363110 0.133428 53.371292 0.809017 -23.183825 200.000000 -23.183825 0.223187 89.274877 -0.587785 24.268008 200.000000 24.268008
 14.200000 -0.170146 -0.985419 -0.627347 0.778740 -2.970615 -0.678142 -0.985419 -0.170146 0.778740 -0.627347 0.021261 8.504421 -1.000000 -19.398993 200.000000 -19.398993 2.894973 1157.989227 -0.000000 28.363110 200.000000 28.363110 0.091671 36.668345 0.809017 -23.183825 200.000000 -23.183825 0.156514 62.605448 -0.587785 24.268008 200.000000 24.268008
 14.400000 -0.030275 -0.999542 -0.563482 0.826128 -3.111313 -0.598595 -0.999542 -0.030275 0.826128 -0.563482 0.000021 0.008405 -1.000000 -19.398993 200.000000 -19.398993 0.091659 36.663444 -0.000000 28.363110 200.000000 28.363110 0.029279 11.711724 0.809017 -23.183825 200.000000 -23.183825 0.059064 23.625499 -0.587785 24.268008 200.000000 24.268008
 14.600000 -0.001090 -0.999999 -0.564961 0.825118 -3.140502 -0.600386 -0.999999 -0.001090 0.825118 -0.564961 0.000000 0.000000 -1.000000 -19.398993 200.000000 -19.398993 0.000119 0.047540 -0.000000 28.363110 200.000000 28.363110 0.025924 10.369426 0.809017 -23.183825 200.000000 -23.183825 0.052096 20.838345 -0.587785 24.268008 200.000000 24.268008
 14.800000 -0.035178 -0.999381 -0.581263 0.813716 -3.106407 -0.620280 -0.999381 -0.035178 0.813716 -0.581263 0.000038 0.015324 -1.000000 -19.398993 200.000000 -19.398993 0.123751 49.500209 -0.000000 28.363110 200.000000 28.363110 0.002208 0.883227 0.809017 -23.183825 200.000000 -23.183825 0.004254 1.701774 -0.587785 24.268008 200.000000 24.268008
 15.000000 -0.036753 -0.999324 -0.525140 0.851016 -3.104831 -0.552879 -0.999324 -0.036753 0.851016 -0.525140 0.000046 0.018259 -1.000000 -19.398993 200.000000 -19.398993 0.135078 54.031384 -0.000000 28.363110 200.000000 28.363110 0.176391 70.556431 0.809017 -23.183825 200.000000 -23.183825 0.392444 156.977756 -0.587785 24.268008 200.000000 24.268008
 15.200000 -0.023079 -0.999734 -0.515959 0.856613 -3.118511 -0.542127 -0.999734 -0.023079 0.856613 -0.515959 0.000007 0.002838 -1.000000 -19.398993 200.000000 -19.398993 0.053265 21.306198 -0.000000 28.363110 200.000000 28.363110 0.226541 90.616506 0.809017 -23.183825 200.000000 -23.183825 0.515903 206.361054 -0.587785 24.268008 200.000000 24.268008
 15.400000 -0.015191 -0.999885 -0.619018 0.785377 -3.126401 -0.667492 -0.999885 -0.015191 0.785377 -0.619018 0.000001 0.000533 -1.000000 -19.398993 200.000000 -19.398993 0.023077 9.230693 -0.000000 28.363110 200.000000 28.363110 0.055887 22.354671 0.809017 -23.183825 200.000000 -23.183825 0.097550 39.019912 -0.587785 24.268008 200.000000 24.268008
 15.600000 -0.066660 -0.997776 -0.633378 0.773843 -3.074883 -0.685910 -0.997776 -0.066660 0.773843 -0.633378 0.000495 0.197895 -1.000000 -19.398993 200.000000 -19.398993 0.444359 177.743683 -0.000000 28.363110 200.000000 28.363110 0.123723 49.489034 0.809017 -23.183825 200.000000 -23.183825 0.207867 83.147000 -0.587785 24.268008 200.000000 24.268008
 15.800000 -0.042723 -0.999087 -0.559634 0.828740 -3.098857 -0.593944 -0.999087 -0.042723 0.828740 -0.559634 0.000083 0.033346 -1.000000 -19.398993 200.000000 -19.398993 0.182525 73.010018 -0.000000 28.363110 200.000000 28.363110 0.038900 15.559811 0.809017 -23.183825 200.000000 -23.183825 0.079250 31.699985 -0.587785 24.268008 200.000000 24.268008
 16.000000 -0.052339 -0.998629 -0.631358 0.775492 -3.089229 -0.683303 -0.998629 -0.052339 0.775492 -0.631358 0.000188 0.075146 -1.000000 -19.398993 200.000000 -19.398993 0.273941 109.576227 -0.000000 28.363110 200.000000 28.363110 0.112394 44.957456 0.809017 -23.183825 200.000000 -23.183825 0.189855 75.941971 -0.587785 24.268008 200.000000 24.268008
 16.200000 -0.067723 -0.997704 -0.536213 0.844083 -3.073818 -0.565944 -0.997704 -0.067723 0.844083 -0.536213 0.000527 0.210837 -1.000000 -19.398993 200.000000 -19.398993 0.458643 183.457145 -0.000000 28.363110 200.000000 28.363110 0.122961 49.184542 0.809017 -23.183825 200.000000 -23.183825 0.265972 106.388746 -0.587785 24.268008 200.000000 24.268008
 16.400000 -0.020068 -0.999799 -0.585076 0.810978 -3.121523 -0.624974 -0.999799 -0.020068 0.810978 -0.585076 0.000004 0.001622 -1.000000 -19.398993 200.000000 -19.398993 0.040274 16.109614 -0.000000 28.363110 200.000000 28.363110 0.000385 0.153897 0.809017 -23.183825 200.000000 -23.183825 0.000734 0.293605 -0.587785 24.268008 200.000000 24.268008
 16.600000 -0.069354 -0.997592 -0.611909 0.790928 -3.072183 -0.658472 -0.997592 -0.069354 0.790928 -0.611909 0.000580 0.231922 -1.000000 -19.398993 200.000000 -19.398993 0.481003 192.401226 -0.000000 28.363110 200.000000 28.363110 0.032720 13.088170 0.809017 -23.183825 200.000000 -23.183825 0.058195 23.278126 -0.587785 24.268008 200.000000 24.268008
 16.800000 -0.000852 -1.000000 -0.584751 0.811213 -3.140741 -0.624573 -1.000000 -0.000852 0.811213 -0.584751 0.000000 0.000000 -1.000000 -19.398993 200.000000 -19.398993 0.000073 0.029018 -0.000000 28.363110 200.000000 28.363110 0.000482 0.192849 0.809017 -23.183825 200.000000 -23.183825 0.000921 0.368229 -0.587785 24.268008 200.000000 24.268008
 17.000000 -0.072338 -0.997380 -0.558964 0.829192 -3.069191 -0.593136 -0.997380 -0.072338 0.829192 -0.558964 0.000686 0.274541 -1.000000 -19.398993 200.000000 -19.398993 0.523280 209.312124 -0.000000 28.363110 200.000000 28.363110 0.040702 16.280979 0.809017 -23.183825 200.000000 -23.183825 0.083066 33.226303 -0.587785 24.268008 200.000000 24.268008
 17.200000 0.001596 -0.999999 -0.554830 0.831964 3.139997 -0.588158 -0.999999 0.001596 0.831964 -0.554830 0.000000 0.000000 -1.000000 -19.398993 200.000000 -19.398993 0.000255 0.101828 -0.000000 28.363110 200.000000 28.363110 0.052656 21.062324 0.809017 -23.183825 200.000000 -23.183825 0.108606 43.442358 -0.587785 24.268008 200.000000 24.268008
 17.400000 -0.039238 -0.999230 -0.588253 0.808677 -3.102345 -0.628897 -0.999230 -0.039238 0.808677 -0.588253 0.000059 0.023723 -1.000000 -19.398993 200.000000 -19.398993 0.153962 61.584761 -0.000000 28.363110 200.000000 28.363110 0.000012 0.004627 0.809017 -23.183825 200.000000 -23.183825 0.000022 0.008754 -0.587785 24.268008 200.000000 24.268008
 17.600000 -0.087024 -0.996206 -0.604154 0.796867 -3.054458 -0.648704 -0.996206 -0.087024 0.796867 -0.604154 0.001439 0.575722 -1.000000 -19.398993 200.000000 -19.398993 0.757324 302.929543 -0.000000 28.363110 200.000000 28.363110 0.014762 5.904648 0.809017 -23.183825 200.000000 -23.183825 0.026795 10.718004 -0.587785 24.268008 200.000000 24.268008
 17.800000 -0.045160 -0.998980 -0.575841 0.817562 -3.096417 -0.613632 -0.998980 -0.045160 0.817562 -0.575841 0.000104 0.041635 -1.000000 -19.398993 200.000000 -19.398993 0.203943 81.577311 -0.000000 28.363110 200.000000 28.363110 0.007302 2.920674 0.809017 -23.183825 200.000000 -23.183825 0.014267 5.706984 -0.587785 24.268008 200.000000 24.268008
 18.000000 -0.004957 -0.999988 -0.583122 0.812384 -3.136636 -0.622567 -0.999988 -0.004957 0.812384 -0.583122 0.000000 0.000006 -1.000000 -19.398993 200.000000 -19.398993 0.002457 0.982817 -0.000000 28.363110 200.000000 28.363110 0.001134 0.453536 0.809017 -23.183825 200.000000 -23.183825 0.002174 0.869655 -0.587785 24.268008 200.000000 24.268008
 18.200000 -0.034126 -0.999418 -0.575065 0.818108 -3.107460 -0.612683 -0.999418 -0.034126 0.818108 -0.575065 0.000034 0.013571 -1.000000 -19.398993 200.000000 -19.398993 0.116461 46.584221 -0.000000 28.363110 200.000000 28.363110 0.008265 3.305854 0.809017 -23.183825 200.000000 -23.183825 0.016181 6.472591 -0.587785 24.268008 200.000000 24.268008
 18.400000 -0.037987 -0.999278 -0.596816 0.802378 -3.103597 -0.639527 -0.999278 -0.037987 0.802378 -0.596816 0.000052 0.020837 -1.000000 -19.398993 200.000000 -19.398993 0.144298 57.719154 -0.000000 28.363110 200.000000 28.363110 0.004408 1.763118 0.809017 -23.183825 200.000000 -23.183825 0.008156 3.262426 -0.587785 24.268008 200.000000 24.268008
 18.600000 -0.016115 -0.999870 -0.584223 0.811593 -3.125477 -0.623922 -0.999870 -0.016115 0.811593 -0.584223 0.000002 0.000674 -1.000000 -19.398993 200.000000 -19.398993 0.025968 10.387211 -0.000000 28.363110 200.000000 28.363110 0.000664 0.265505 0.809017 -23.183825 200.000000 -23.183825 0.001269 0.507654 -0.587785 24.268008 200.000000 24.268008
 18.800000 -0.087342 -0.996178 -0.611422 0.791305 -3.054139 -0.657856 -0.996178 -0.087342 0.791305 -0.611422 0.001460 0.584197 -1.000000 -19.398993 200.000000 -19.398993 0.762867 305.146897 -0.000000 28.363110 200.000000 28.363110 0.031371 12.548499 0.809017 -23.183825 200.000000 -23.183825 0.055867 22.346958 -0.587785 24.268008 200.000000 24.268008
 19.000000 0.029872 -0.999554 -0.672658 0.739954 3.111717 -0.737794 -0.999554 0.029872 0.739954 -0.672658 0.000020 0.007966 -1.000000 -19.398993 200.000000 -19.398993 0.089231 35.692443 -0.000000 28.363110 200.000000 28.363110 0.476971 190.788374 0.809017 -23.183825 200.000000 -23.183825 0.720331 288.132420 -0.587785 24.268008 200.000000 24.268008
 19.200000 -0.038479 -0.999259 -0.599218 0.800586 -3.103105 -0.642524 -0.999259 -0.038479 0.800586 -0.599218 0.000055 0.021938 -1.000000 -19.398993 200.000000 -19.398993 0.148060 59.223855 -0.000000 28.363110 200.000000 28.363110 0.007109 2.843431 0.809017 -23.183825 200.000000 -23.183825 0.013071 5.228488 -0.587785 24.268008 200.000000 24.268008
 19.400000 -0.023061 -0.999734 -0.597127 0.802147 -3.118530 -0.639914 -0.999734 -0.023061 0.802147 -0.597127 0.000007 0.002829 -1.000000 -19.398993 200.000000 -19.398993 0.053180 21.272089 -0.000000 28.363110 200.000000 28.363110 0.004720 1.887951 0.809017 -23.183825 200.000000 -23.183825 0.008726 3.490582 -0.587785 24.268008 200.000000 24.268008
 19.600000 -0.065642 -0.997843 -0.640681 0.767807 -3.075904 -0.695385 -0.997843 -0.065642 0.767807 -0.640681 0.000465 0.186062 -1.000000 -19.398993 200.000000 -19.398993 0.430884 172.353500 -0.000000 28.363110 200.000000 28.363110 0.169828 67.931065 0.809017 -23.183825 200.000000 -23.183825 0.279800 111.920086 -0.587785 24.268008 200.000000 24.268008
 19.800000 0.022213 -0.999753 -0.561951 0.827171 3.119378 -0.596742 -0.999753 0.022213 0.827171 -0.561951 0.000006 0.002435 -1.000000 -19.398993 200.000000 -19.398993 0.049340 19.736152 -0.000000 28.363110 200.000000 28.363110 0.032955 13.182102 0.809017 -23.183825 200.000000 -23.183825 0.066741 26.696509 -0.587785 24.268008 200.000000 24.268008
 20.000000 -0.104301 -0.994546 -0.563706 0.825975 -3.037102 -0.598866 -0.994546 -0.104301 0.825975 -0.563706 0.002975 1.189930 -1.000000 -19.398993 200.000000 -19.398993 1.087864 435.145691 -0.000000 28.363110 200.000000 28.363110 0.028759 11.503537 0.809017 -23.183825 200.000000 -23.183825 0.057980 23.192177 -0.587785 24.268008 200.000000 24.268008
