#! FIELDS time sin_phi cos_phi sin_psi cos_psi phi psi cos_phi sin_phi cos_psi sin_psi restraint_phi_cos.bias restraint_phi_cos.force2 restraint_phi_cos.cos_phi_cntr restraint_phi_cos.cos_phi_work restraint_phi_cos.cos_phi_kappa restraint_phi_cos.work restraint_phi_sin.bias restraint_phi_sin.force2 restraint_phi_sin.sin_phi_cntr restraint_phi_sin.sin_phi_work restraint_phi_sin.sin_phi_kappa restraint_phi_sin.work restraint_psi_cos.bias restraint_psi_cos.force2 restraint_psi_cos.cos_psi_cntr restraint_psi_cos.cos_psi_work restraint_psi_cos.cos_psi_kappa restraint_psi_cos.work restraint_psi_sin.bias restraint_psi_sin.force2 restraint_psi_sin.sin_psi_cntr restraint_psi_sin.sin_psi_work restraint_psi_sin.sin_psi_kappa restraint_psi_sin.work
#! SET min_phi -pi
#! SET max_phi pi
#! SET min_psi -pi
#! SET max_psi pi
 0.000000 -0.999983 -0.005782 0.966116 0.258110 -1.576579 1.309731 -0.005782 -0.999983 0.258110 0.966116 0.000000 0.000000 -0.009747 0.000000 0.000000 0.000000 0.000000 0.000000 -0.999953 0.000000 0.000000 0.000000 0.000000 0.000000 0.256142 0.000000 0.000000 0.000000 0.000000 0.000000 0.966639 0.000000 0.000000 0.000000
 0.200000 -1.000000 -0.000269 0.834653 0.550777 -1.571065 0.987502 -0.000269 -1.000000 0.550777 0.834653 0.000898 0.035930 -0.009747 0.429321 20.000000 0.429321 0.000000 0.000001 -0.999953 0.008204 20.000000 0.008204 0.868094 34.723758 0.256142 0.437493 20.000000 0.437493 0.174204 6.968168 0.966639 0.079185 20.000000 0.079185
 0.400000 -0.998238 0.059345 0.982965 0.183791 -1.511417 1.385954 0.059345 -0.998238 0.183791 0.982965 0.095472 7.637740 -0.009747 0.576151 40.000000 0.576151 0.000059 0.004706 -0.999953 0.009175 40.000000 0.009175 0.104693 8.375479 0.256142 0.652620 40.000000 0.652620 0.005331 0.426473 0.966639 0.103851 40.000000 0.103851
 0.600000 -0.997904 0.064705 0.969720 0.244219 -1.506046 1.324082 0.064705 -0.997904 0.244219 0.969720 0.166292 19.955036 -0.009747 0.652739 60.000000 0.652739 0.000126 0.015101 -0.999953 0.009549 60.000000 0.009549 0.004265 0.511768 0.256142 0.812940 60.000000 0.812940 0.000285 0.034172 0.966639 0.126975 60.000000 0.126975
 0.800000 -0.999998 0.001925 0.948094 0.317991 -1.568871 1.247187 0.001925 -0.999998 0.317991 0.948094 0.005449 0.871841 -0.009747 0.745443 80.000000 0.745443 0.000000 0.000013 -0.999953 0.009931 80.000000 0.009931 0.153010 24.481642 0.256142 0.870379 80.000000 0.870379 0.013757 2.201151 0.966639 0.131252 80.000000 0.131252
 1.000000 -0.997904 -0.064705 0.983710 0.179762 -1.635547 1.390051 -0.064705 -0.997904 0.179762 0.983710 0.151024 30.204734 -0.009747 0.830215 100.000000 0.830215 0.000210 0.041947 -0.999953 0.010215 100.000000 0.010215 0.291695 58.338907 0.256142 0.906277 100.000000 0.906277 0.014571 2.914184 0.966639 0.133896 100.000000 0.133896
 1.200000 -0.998624 0.052449 0.985221 0.171287 -1.518324 1.398660 0.052449 -0.998624 0.171287 0.985221 0.232094 55.702602 -0.009747 0.926110 120.000000 0.926110 0.000106 0.025429 -0.999953 0.010633 120.000000 0.010633 0.432021 103.685076 0.256142 0.992012 120.000000 0.992012 0.020718 4.972200 0.966639 0.141238 120.000000 0.141238
 1.400000 -0.999097 0.042484 0.979932 0.199333 -1.528300 1.370119 0.042484 -0.999097 0.199333 0.979932 0.190959 53.468542 -0.009747 0.960901 140.000000 0.960901 0.000051 0.014339 -0.999953 0.010712 140.000000 0.010712 0.225909 63.254428 0.256142 1.092935 140.000000 1.092935 0.012369 3.463227 0.966639 0.149519 140.000000 0.149519
 1.600000 -0.999952 0.009837 0.961545 0.274649 -1.560959 1.292572 0.009837 -0.999952 0.274649 0.961545 0.030681 9.817993 -0.009747 1.007175 160.000000 1.007175 0.000000 0.000000 -0.999953 0.010845 160.000000 0.010845 0.027399 8.767813 0.256142 1.162484 160.000000 1.162484 0.002076 0.664419 0.966639 0.156259 160.000000 0.156259
 1.800000 -0.999812 -0.019407 0.970171 0.242420 -1.590205 1.325937 -0.019407 -0.999812 0.242420 0.970171 0.008399 3.023750 -0.009747 1.051778 180.000000 1.051778 0.000002 0.000643 -0.999953 0.010933 180.000000 0.010933 0.016948 6.101303 0.256142 1.193982 180.000000 1.193982 0.001123 0.404284 0.966639 0.158929 180.000000 0.158929
 2.000000 -0.987849 0.155414 0.943925 0.330160 -1.414750 1.234323 0.155414 -0.987849 0.330160 0.943925 2.727798 1091.119271 -0.009747 1.081509 200.000000 1.081509 0.014648 5.859370 -0.999953 0.011009 200.000000 0.011009 0.547860 219.143957 0.256142 1.219368 200.000000 1.219368 0.051593 20.637140 0.966639 0.161333 200.000000 0.161333
 2.200000 -0.999943 -0.010670 0.954822 0.297180 -1.581466 1.269059 -0.010670 -0.999943 0.297180 0.954822 0.793143 317.257104 -0.099728 1.435718 200.000000 1.435718 0.142711 57.084425 -0.962166 0.120173 200.000000 0.120173 1.776955 710.781975 0.163877 1.420033 200.000000 1.420033 0.017009 6.803694 0.941780 0.253885 200.000000 0.253885
 2.400000 -0.989953 -0.141398 0.980835 0.194839 -1.712670 1.374703 -0.141398 -0.989953 0.194839 0.980835 0.233412 93.364733 -0.189710 1.893664 200.000000 1.893664 0.429988 171.995116 -0.924379 0.482041 200.000000 0.482041 1.518482 607.392846 0.071612 1.623274 200.000000 1.623274 0.408514 163.405509 0.916920 0.549120 200.000000 0.549120
 2.600000 -0.920213 -0.391419 0.987887 0.155177 -1.972969 1.414990 -0.391419 -0.920213 0.155177 0.987887 1.248274 499.309798 -0.279692 1.892171 200.000000 1.892171 0.113029 45.211785 -0.886593 0.960387 200.000000 0.960387 3.091630 1236.651891 -0.020653 1.627877 200.000000 1.627877 0.918260 367.303883 0.892061 1.007465 200.000000 1.007465
 2.800000 -0.932416 -0.361388 0.999741 -0.022756 -1.940552 1.593555 -0.361388 -0.932416 -0.022756 0.999741 0.006866 2.746553 -0.369674 1.558320 200.000000 1.558320 0.699050 279.619869 -0.848806 1.489283 200.000000 1.489283 0.812921 325.168466 -0.112919 1.146109 200.000000 1.146109 1.756675 702.670146 0.867201 1.569025 200.000000 1.569025
 3.000000 -0.873519 -0.486790 0.981262 -0.192677 -2.079207 1.764686 -0.486790 -0.873519 -0.192677 0.981262 0.073623 29.449102 -0.459656 1.264992 200.000000 1.264992 0.390616 156.246595 -0.811020 2.017357 200.000000 2.017357 0.015642 6.256963 -0.205184 0.515493 200.000000 0.515493 1.929884 771.953589 0.842342 2.170297 200.000000 2.170297
 3.200000 -0.830468 -0.557067 0.905754 -0.423804 -2.161646 2.008438 -0.557067 -0.830468 -0.423804 0.905754 0.005518 2.207189 -0.549638 0.850416 200.000000 0.850416 0.327579 131.031797 -0.773233 2.434017 200.000000 2.434017 1.596568 638.627324 -0.297449 -0.174519 200.000000 -0.174519 0.779179 311.671634 0.817483 2.791865 200.000000 2.791865
 3.400000 -0.730526 -0.682885 0.894206 -0.447656 -2.322501 2.034939 -0.682885 -0.730526 -0.447656 0.894206 0.187186 74.874505 -0.639620 0.378932 200.000000 0.378932 0.002422 0.968693 -0.735447 2.640878 200.000000 2.640878 0.335728 134.291182 -0.389714 -1.566924 200.000000 -1.566924 1.031900 412.760170 0.792623 3.287209 200.000000 3.287209
 3.600000 -0.729136 -0.684369 0.779596 -0.626282 -2.324535 2.247572 -0.684369 -0.729136 -0.626282 0.779596 0.051699 20.679714 -0.707107 0.270599 200.000000 0.270599 0.048527 19.410672 -0.707107 2.686305 200.000000 2.686305 2.082333 832.933005 -0.481980 -2.721862 200.000000 -2.721862 0.014001 5.600289 0.767764 3.700023 200.000000 3.700023
 3.800000 -0.796476 -0.604671 0.763732 -0.645534 -2.220149 2.272518 -0.604671 -0.796476 -0.645534 0.763732 1.049317 419.726951 -0.707107 0.270599 200.000000 0.270599 0.798680 319.471876 -0.707107 2.686305 200.000000 2.686305 0.508213 203.285352 -0.574245 -3.772383 200.000000 -3.772383 0.043378 17.351005 0.742904 3.967053 200.000000 3.967053
 4.000000 -0.675429 -0.737425 0.714783 -0.699347 -2.400046 2.345279 -0.737425 -0.675429 -0.699347 0.714783 0.091917 36.766901 -0.707107 0.270599 200.000000 0.270599 0.100346 40.138209 -0.707107 2.686305 200.000000 2.686305 0.107824 43.129692 -0.666510 -4.349840 200.000000 -4.349840 0.001064 0.425698 0.718045 4.101498 200.000000 4.101498
 4.200000 -0.602275 -0.798289 0.699779 -0.714359 -2.495245 2.366504 -0.798289 -0.602275 -0.714359 0.699779 0.831418 332.567077 -0.707107 0.270599 200.000000 0.270599 1.098976 439.590371 -0.707107 2.686305 200.000000 2.686305 0.005260 2.103843 -0.707107 -4.641119 200.000000 -4.641119 0.005369 2.147674 0.707107 4.050249 200.000000 4.050249
 4.400000 -0.650561 -0.759454 0.727551 -0.686053 -2.433270 2.326847 -0.759454 -0.650561 -0.686053 0.727551 0.274025 109.609831 -0.707107 0.270599 200.000000 0.270599 0.319744 127.897719 -0.707107 2.686305 200.000000 2.686305 0.044324 17.729726 -0.707107 -4.641119 200.000000 -4.641119 0.041797 16.718889 0.707107 4.050249 200.000000 4.050249
 4.600000 -0.721626 -0.692283 0.732885 -0.680353 -2.335445 2.319040 -0.692283 -0.721626 -0.680353 0.732885 0.021974 8.789481 -0.707107 0.270599 200.000000 0.270599 0.021080 8.432160 -0.707107 2.686305 200.000000 2.686305 0.071579 28.631512 -0.707107 -4.641119 200.000000 -4.641119 0.066452 26.580602 0.707107 4.050249 200.000000 4.050249
 4.800000 -0.757542 -0.652787 0.718348 -0.695684 -2.282054 2.340168 -0.652787 -0.757542 -0.695684 0.718348 0.295065 118.026148 -0.707107 0.270599 200.000000 0.270599 0.254367 101.746939 -0.707107 2.686305 200.000000 2.686305 0.013048 5.219140 -0.707107 -4.641119 200.000000 -4.641119 0.012636 5.054498 0.707107 4.050249 200.000000 4.050249
 5.000000 -0.719745 -0.694239 0.690732 -0.723111 -2.338158 2.379092 -0.694239 -0.719745 -0.723111 0.690732 0.016559 6.623584 -0.707107 0.270599 200.000000 0.270599 0.015972 6.388895 -0.707107 2.686305 200.000000 2.686305 0.025613 10.245131 -0.707107 -4.641119 200.000000 -4.641119 0.026813 10.725253 0.707107 4.050249 200.000000 4.050249
 5.200000 -0.728688 -0.684846 0.618701 -0.785626 -2.325189 2.474504 -0.684846 -0.728688 -0.785626 0.618701 0.049553 19.821251 -0.707107 0.270599 200.000000 0.270599 0.046573 18.629265 -0.707107 2.686305 200.000000 2.686305 0.616533 246.613388 -0.707107 -4.641119 200.000000 -4.641119 0.781555 312.622197 0.707107 4.050249 200.000000 4.050249
 5.400000 -0.703113 -0.711078 0.724403 -0.689377 -2.361827 2.331425 -0.711078 -0.703113 -0.689377 0.724403 0.001577 0.630936 -0.707107 0.270599 200.000000 0.270599 0.001595 0.638084 -0.707107 2.686305 200.000000 2.686305 0.031435 12.573817 -0.707107 -4.641119 200.000000 -4.641119 0.029915 11.966040 0.707107 4.050249 200.000000 4.050249
 5.600000 -0.640492 -0.767965 0.698637 -0.715477 -2.446454 2.368102 -0.767965 -0.640492 -0.715477 0.698637 0.370368 148.147065 -0.707107 0.270599 200.000000 0.270599 0.443749 177.499751 -0.707107 2.686305 200.000000 2.686305 0.007005 2.802184 -0.707107 -4.641119 200.000000 -4.641119 0.007174 2.869724 0.707107 4.050249 200.000000 4.050249
 5.800000 -0.682931 -0.730483 0.741670 -0.670765 -2.389825 2.306036 -0.730483 -0.682931 -0.670765 0.741670 0.054643 21.857238 -0.707107 0.270599 200.000000 0.270599 0.058446 23.378231 -0.707107 2.686305 200.000000 2.686305 0.132071 52.828360 -0.707107 -4.641119 200.000000 -4.641119 0.119460 47.783953 0.707107 4.050249 200.000000 4.050249
 6.000000 -0.631227 -0.775598 0.709063 -0.705145 -2.458458 2.353424 -0.775598 -0.631227 -0.705145 0.709063 0.469103 187.641122 -0.707107 0.270599 200.000000 0.270599 0.575769 230.307571 -0.707107 2.686305 200.000000 2.686305 0.000385 0.153935 -0.707107 -4.641119 200.000000 -4.641119 0.000383 0.153084 0.707107 4.050249 200.000000 4.050249
 6.200000 -0.710165 -0.704035 0.753043 -0.657971 -2.351860 2.288918 -0.704035 -0.710165 -0.657971 0.753043 0.000943 0.377353 -0.707107 0.270599 200.000000 0.270599 0.000935 0.374096 -0.707107 2.686305 200.000000 2.686305 0.241430 96.571806 -0.707107 -4.641119 200.000000 -4.641119 0.211014 84.405457 0.707107 4.050249 200.000000 4.050249
 6.400000 -0.777063 -0.629422 0.706436 -0.707777 -2.251606 2.357143 -0.629422 -0.777063 -0.707777 0.706436 0.603488 241.395202 -0.707107 0.270599 200.000000 0.270599 0.489393 195.757329 -0.707107 2.686305 200.000000 2.686305 0.000045 0.017962 -0.707107 -4.641119 200.000000 -4.641119 0.000045 0.017996 0.707107 4.050249 200.000000 4.050249
 6.600000 -0.780831 -0.624742 0.675589 -0.737279 -2.245597 2.399830 -0.624742 -0.780831 -0.737279 0.675589 0.678395 271.357929 -0.707107 0.270599 200.000000 0.270599 0.543529 217.411607 -0.707107 2.686305 200.000000 2.686305 0.091034 36.413791 -0.707107 -4.641119 200.000000 -4.641119 0.099339 39.735531 0.707107 4.050249 200.000000 4.050249
 6.800000 -0.684006 -0.729477 0.598665 -0.800999 -2.388353 2.499759 -0.729477 -0.684006 -0.800999 0.598665 0.050041 20.016232 -0.707107 0.270599 200.000000 0.270599 0.053365 21.346141 -0.707107 2.686305 200.000000 2.686305 0.881580 352.632162 -0.707107 -4.641119 200.000000 -4.641119 1.175956 470.382274 0.707107 4.050249 200.000000 4.050249
 7.000000 -0.764502 -0.644621 0.783940 -0.620836 -2.271324 2.240605 -0.644621 -0.764502 -0.620836 0.783940 0.390448 156.179122 -0.707107 0.270599 200.000000 0.270599 0.329425 131.769983 -0.707107 2.686305 200.000000 2.686305 0.744265 297.705810 -0.707107 -4.641119 200.000000 -4.641119 0.590341 236.136563 0.707107 4.050249 200.000000 4.050249
 7.200000 -0.692980 -0.720957 0.699077 -0.715046 -2.375978 2.367487 -0.720957 -0.692980 -0.715046 0.699077 0.019182 7.672820 -0.707107 0.270599 200.000000 0.270599 0.019956 7.982521 -0.707107 2.686305 200.000000 2.686305 0.006304 2.521459 -0.707107 -4.641119 200.000000 -4.641119 0.006448 2.579054 0.707107 4.050249 200.000000 4.050249
 7.400000 -0.608434 -0.793604 0.683138 -0.730289 -2.487507 2.389542 -0.793604 -0.608434 -0.730289 0.683138 0.748185 299.273908 -0.707107 0.270599 200.000000 0.270599 0.973631 389.452479 -0.707107 2.686305 200.000000 2.686305 0.053743 21.497180 -0.707107 -4.641119 200.000000 -4.641119 0.057450 22.980097 0.707107 4.050249 200.000000 4.050249
 7.600000 -0.701705 -0.712468 0.713427 -0.700729 -2.363805 2.347216 -0.712468 -0.701705 -0.700729 0.713427 0.002874 1.149513 -0.707107 0.270599 200.000000 0.270599 0.002918 1.167143 -0.707107 2.686305 200.000000 2.686305 0.004067 1.626870 -0.707107 -4.641119 200.000000 -4.641119 0.003995 1.597915 0.707107 4.050249 200.000000 4.050249
 7.800000 -0.752211 -0.658923 0.755147 -0.655556 -2.290182 2.285715 -0.658923 -0.752211 -0.655556 0.755147 0.232172 92.868667 -0.707107 0.270599 200.000000 0.270599 0.203437 81.374752 -0.707107 2.686305 200.000000 2.686305 0.265748 106.299027 -0.707107 -4.641119 200.000000 -4.641119 0.230781 92.312585 0.707107 4.050249 200.000000 4.050249
 8.000000 -0.713342 -0.700816 0.659042 -0.752107 -2.347337 2.422049 -0.700816 -0.713342 -0.752107 0.659042 0.003957 1.582934 -0.707107 0.270599 200.000000 0.270599 0.003888 1.555140 -0.707107 2.686305 200.000000 2.686305 0.202498 80.999159 -0.707107 -4.641119 200.000000 -4.641119 0.231027 92.410727 0.707107 4.050249 200.000000 4.050249
 8.200000 -0.688507 -0.725229 0.641304 -0.767287 -2.382164 2.445397 -0.725229 -0.688507 -0.767287 0.641304 0.032842 13.136939 -0.707107 0.270599 200.000000 0.270599 0.034593 13.837359 -0.707107 2.686305 200.000000 2.686305 0.362169 144.867602 -0.707107 -4.641119 200.000000 -4.641119 0.433006 173.202539 0.707107 4.050249 200.000000 4.050249
 8.400000 -0.736256 -0.676703 0.700355 -0.713794 -2.314071 2.365698 -0.676703 -0.736256 -0.713794 0.700355 0.092441 36.976436 -0.707107 0.270599 200.000000 0.270599 0.084970 33.988059 -0.707107 2.686305 200.000000 2.686305 0.004472 1.788977 -0.707107 -4.641119 200.000000 -4.641119 0.004558 1.823304 0.707107 4.050249 200.000000 4.050249
 8.600000 -0.700647 -0.713508 0.756119 -0.654434 -2.365289 2.284230 -0.713508 -0.700647 -0.654434 0.756119 0.004098 1.639125 -0.707107 0.270599 200.000000 0.270599 0.004173 1.669212 -0.707107 2.686305 200.000000 2.686305 0.277440 110.976052 -0.707107 -4.641119 200.000000 -4.641119 0.240219 96.087752 0.707107 4.050249 200.000000 4.050249
 8.800000 -0.662336 -0.749207 0.647940 -0.761691 -2.417660 2.436716 -0.749207 -0.662336 -0.761691 0.647940 0.177241 70.896505 -0.707107 0.270599 200.000000 0.270599 0.200441 80.176440 -0.707107 2.686305 200.000000 2.686305 0.297948 119.179230 -0.707107 -4.641119 200.000000 -4.641119 0.350071 140.028446 0.707107 4.050249 200.000000 4.050249
 9.000000 -0.741950 -0.670455 0.685427 -0.728141 -2.305618 2.386402 -0.670455 -0.741950 -0.728141 0.685427 0.134336 53.734269 -0.707107 0.270599 200.000000 0.270599 0.121407 48.562667 -0.707107 2.686305 200.000000 2.686305 0.044245 17.697840 -0.707107 -4.641119 200.000000 -4.641119 0.047001 18.800203 0.707107 4.050249 200.000000 4.050249
 9.200000 -0.697350 -0.716731 0.711047 -0.703144 -2.369900 2.350606 -0.716731 -0.697350 -0.703144 0.711047 0.009263 3.705083 -0.707107 0.270599 200.000000 0.270599 0.009520 3.808048 -0.707107 2.686305 200.000000 2.686305 0.001570 0.628047 -0.707107 -4.641119 200.000000 -4.641119 0.001553 0.621066 0.707107 4.050249 200.000000 4.050249
 9.400000 -0.630909 -0.775857 0.659751 -0.751484 -2.458868 2.421105 -0.775857 -0.630909 -0.751484 0.659751 0.472654 189.061723 -0.707107 0.270599 200.000000 0.270599 0.580606 232.242586 -0.707107 2.686305 200.000000 2.686305 0.196935 78.774038 -0.707107 -4.641119 200.000000 -4.641119 0.224256 89.702258 0.707107 4.050249 200.000000 4.050249
 9.600000 -0.761359 -0.648330 0.678723 -0.734394 -2.276185 2.395570 -0.648330 -0.761359 -0.734394 0.678723 0.345469 138.187619 -0.707107 0.270599 200.000000 0.270599 0.294334 117.733466 -0.707107 2.686305 200.000000 2.686305 0.074461 29.784340 -0.707107 -4.641119 200.000000 -4.641119 0.080563 32.225383 0.707107 4.050249 200.000000 4.050249
 9.800000 -0.712321 -0.701854 0.694734 -0.719267 -2.348793 2.373543 -0.701854 -0.712321 -0.719267 0.694734 0.002759 1.103732 -0.707107 0.270599 200.000000 0.270599 0.002719 1.087514 -0.707107 2.686305 200.000000 2.686305 0.014787 5.914929 -0.707107 -4.641119 200.000000 -4.641119 0.015309 6.123773 0.707107 4.050249 200.000000 4.050249
 10.000000 -0.627320 -0.778762 0.672537 -0.740063 -2.463486 2.403961 -0.778762 -0.627320 -0.740063 0.672537 0.513444 205.377697 -0.707107 0.270599 200.000000 0.270599 0.636597 254.638903 -0.707107 2.686305 200.000000 2.686305 0.108613 43.445281 -0.707107 -4.641119 200.000000 -4.641119 0.119505 47.802178 0.707107 4.050249 200.000000 4.050249
 10.200000 -0.716987 -0.697086 0.732423 -0.680850 -2.342122 2.319719 -0.697086 -0.716987 -0.680850 0.732423 0.010041 4.016456 -0.707107 0.270599 200.000000 0.270599 0.009762 3.904984 -0.707107 2.686305 200.000000 2.686305 0.068941 27.576330 -0.707107 -4.641119 200.000000 -4.641119 0.064090 25.635828 0.707107 4.050249 200.000000 4.050249
 10.400000 -0.760869 -0.648905 0.704562 -0.709642 -2.276941 2.359787 -0.648905 -0.760869 -0.709642 0.704562 0.338745 135.497936 -0.707107 0.270599 200.000000 0.270599 0.289042 115.616962 -0.707107 2.686305 200.000000 2.686305 0.000643 0.257175 -0.707107 -4.641119 200.000000 -4.641119 0.000648 0.259030 0.707107 4.050249 200.000000 4.050249
 10.600000 -0.731828 -0.681490 0.648762 -0.760991 -2.320593 2.435636 -0.681490 -0.731828 -0.760991 0.648762 0.065624 26.249487 -0.707107 0.270599 200.000000 0.270599 0.061113 24.445045 -0.707107 2.686305 200.000000 2.686305 0.290351 116.140310 -0.707107 -4.641119 200.000000 -4.641119 0.340406 136.162441 0.707107 4.050249 200.000000 4.050249
 10.800000 -0.706430 -0.707783 0.697340 -0.716740 -2.357151 2.369912 -0.707783 -0.706430 -0.716740 0.697340 0.000046 0.018294 -0.707107 0.270599 200.000000 0.270599 0.000046 0.018329 -0.707107 2.686305 200.000000 2.686305 0.009280 3.711980 -0.707107 -4.641119 200.000000 -4.641119 0.009538 3.815235 0.707107 4.050249 200.000000 4.050249
 11.000000 -0.716952 -0.697123 0.719872 -0.694106 -2.342173 2.337974 -0.697123 -0.716952 -0.694106 0.719872 0.009968 3.987117 -0.707107 0.270599 200.000000 0.270599 0.009692 3.876856 -0.707107 2.686305 200.000000 2.686305 0.016901 6.760347 -0.707107 -4.641119 200.000000 -4.641119 0.016296 6.518418 0.707107 4.050249 200.000000 4.050249
 11.200000 -0.737483 -0.675366 0.660768 -0.750590 -2.312257 2.419751 -0.675366 -0.737483 -0.750590 0.660768 0.100749 40.299476 -0.707107 0.270599 200.000000 0.270599 0.092271 36.908253 -0.707107 2.686305 200.000000 2.686305 0.189077 75.630901 -0.707107 -4.641119 200.000000 -4.641119 0.214724 85.889596 0.707107 4.050249 200.000000 4.050249
 11.400000 -0.652021 -0.758201 0.710790 -0.703404 -2.431346 2.350972 -0.758201 -0.652021 -0.703404 0.710790 0.261061 104.424530 -0.707107 0.270599 200.000000 0.270599 0.303445 121.377910 -0.707107 2.686305 200.000000 2.686305 0.001371 0.548331 -0.707107 -4.641119 200.000000 -4.641119 0.001357 0.542633 0.707107 4.050249 200.000000 4.050249
 11.600000 -0.697432 -0.716651 0.726525 -0.687140 -2.369785 2.328342 -0.716651 -0.697432 -0.687140 0.726525 0.009109 3.643795 -0.707107 0.270599 200.000000 0.270599 0.009360 3.744199 -0.707107 2.686305 200.000000 2.686305 0.039866 15.946416 -0.707107 -4.641119 200.000000 -4.641119 0.037706 15.082297 0.707107 4.050249 200.000000 4.050249
 11.800000 -0.677787 -0.735258 0.676604 -0.736347 -2.396844 2.398451 -0.735258 -0.677787 -0.736347 0.676604 0.079251 31.700429 -0.707107 0.270599 200.000000 0.270599 0.085965 34.386080 -0.707107 2.686305 200.000000 2.686305 0.085497 34.198774 -0.707107 -4.641119 200.000000 -4.641119 0.093039 37.215610 0.707107 4.050249 200.000000 4.050249
 12.000000 -0.692402 -0.721512 0.674777 -0.738022 -2.376780 2.400930 -0.721512 -0.692402 -0.738022 0.674777 0.020752 8.300689 -0.707107 0.270599 200.000000 0.270599 0.021624 8.649599 -0.707107 2.686305 200.000000 2.686305 0.095573 38.229101 -0.707107 -4.641119 200.000000 -4.641119 0.104521 41.808432 0.707107 4.050249 200.000000 4.050249
 12.200000 -0.735813 -0.677185 0.698055 -0.716044 -2.314726 2.368915 -0.677185 -0.735813 -0.716044 0.698055 0.089534 35.813465 -0.707107 0.270599 200.000000 0.270599 0.082406 32.962254 -0.707107 2.686305 200.000000 2.686305 0.007988 3.195016 -0.707107 -4.641119 200.000000 -4.641119 0.008193 3.277346 0.707107 4.050249 200.000000 4.050249
 12.400000 -0.664562 -0.747233 0.728345 -0.685210 -2.414686 2.325689 -0.747233 -0.664562 -0.685210 0.728345 0.161015 64.405908 -0.707107 0.270599 200.000000 0.270599 0.181009 72.403479 -0.707107 2.686305 200.000000 2.686305 0.047946 19.178237 -0.707107 -4.641119 200.000000 -4.641119 0.045107 18.042952 0.707107 4.050249 200.000000 4.050249
 12.600000 -0.683199 -0.730232 0.645175 -0.764035 -2.389458 2.440341 -0.730232 -0.683199 -0.764035 0.645175 0.053479 21.391445 -0.707107 0.270599 200.000000 0.270599 0.057158 22.863245 -0.707107 2.686305 200.000000 2.686305 0.324083 129.633049 -0.707107 -4.641119 200.000000 -4.641119 0.383558 153.423039 0.707107 4.050249 200.000000 4.050249
 12.800000 -0.739874 -0.672745 0.675950 -0.736947 -2.308709 2.399340 -0.672745 -0.739874 -0.736947 0.675950 0.118071 47.228484 -0.707107 0.270599 200.000000 0.270599 0.107370 42.948049 -0.707107 2.686305 200.000000 2.686305 0.089046 35.618554 -0.707107 -4.641119 200.000000 -4.641119 0.097074 38.829627 0.707107 4.050249 200.000000 4.050249
 13.000000 -0.726291 -0.687387 0.748925 -0.662655 -2.328681 2.295155 -0.687387 -0.726291 -0.662655 0.748925 0.038887 15.554804 -0.707107 0.270599 200.000000 0.270599 0.036805 14.721906 -0.707107 2.686305 200.000000 2.686305 0.197596 79.038547 -0.707107 -4.641119 200.000000 -4.641119 0.174875 69.949950 0.707107 4.050249 200.000000 4.050249
 13.200000 -0.684075 -0.729412 0.762927 -0.646485 -2.388258 2.273765 -0.729412 -0.684075 -0.646485 0.762927 0.049752 19.900913 -0.707107 0.270599 200.000000 0.270599 0.053048 21.219155 -0.707107 2.686305 200.000000 2.686305 0.367498 146.999121 -0.707107 -4.641119 200.000000 -4.641119 0.311585 124.633823 0.707107 4.050249 200.000000 4.050249
 13.400000 -0.672467 -0.740127 0.640221 -0.768191 -2.404056 2.446807 -0.740127 -0.672467 -0.768191 0.640221 0.109036 43.614329 -0.707107 0.270599 200.000000 0.270599 0.119993 47.997332 -0.707107 2.686305 200.000000 2.686305 0.373126 149.250493 -0.707107 -4.641119 200.000000 -4.641119 0.447372 178.948713 0.707107 4.050249 200.000000 4.050249
 13.600000 -0.751755 -0.659442 0.672431 -0.740160 -2.290873 2.404104 -0.659442 -0.751755 -0.740160 0.672431 0.227189 90.875764 -0.707107 0.270599 200.000000 0.270599 0.199347 79.738901 -0.707107 2.686305 200.000000 2.686305 0.109248 43.699352 -0.707107 -4.641119 200.000000 -4.641119 0.120239 48.095506 0.707107 4.050249 200.000000 4.050249
 13.800000 -0.741134 -0.671357 0.707662 -0.706551 -2.306834 2.355408 -0.671357 -0.741134 -0.706551 0.707662 0.127807 51.122869 -0.707107 0.270599 200.000000 0.270599 0.115788 46.315239 -0.707107 2.686305 200.000000 2.686305 0.000031 0.012370 -0.707107 -4.641119 200.000000 -4.641119 0.000031 0.012351 0.707107 4.050249 200.000000 4.050249
 14.000000 -0.653097 -0.757274 0.712922 -0.701243 -2.429926 2.347936 -0.757274 -0.653097 -0.701243 0.712922 0.251679 100.671599 -0.707107 0.270599 200.000000 0.270599 0.291707 116.682947 -0.707107 2.686305 200.000000 2.686305 0.003438 1.375167 -0.707107 -4.641119 200.000000 -4.641119 0.003382 1.352641 0.707107 4.050249 200.000000 4.050249
 14.200000 -0.688670 -0.725075 0.648909 -0.760866 -2.381940 2.435443 -0.725075 -0.688670 -0.760866 0.648909 0.032287 12.914807 -0.707107 0.270599 200.000000 0.270599 0.033993 13.597303 -0.707107 2.686305 200.000000 2.686305 0.289003 115.601052 -0.707107 -4.641119 200.000000 -4.641119 0.338694 135.477741 0.707107 4.050249 200.000000 4.050249
 14.400000 -0.734826 -0.678255 0.697475 -0.716610 -2.316182 2.369725 -0.678255 -0.734826 -0.716610 0.697475 0.083241 33.296292 -0.707107 0.270599 200.000000 0.270599 0.076837 30.734931 -0.707107 2.686305 200.000000 2.686305 0.009030 3.612100 -0.707107 -4.641119 200.000000 -4.641119 0.009278 3.711188 0.707107 4.050249 200.000000 4.050249
 14.600000 -0.699265 -0.714863 0.680264 -0.732967 -2.367224 2.393470 -0.714863 -0.699265 -0.732967 0.680264 0.006016 2.406284 -0.707107 0.270599 200.000000 0.270599 0.006150 2.459957 -0.707107 2.686305 200.000000 2.686305 0.066875 26.750012 -0.707107 -4.641119 200.000000 -4.641119 0.072052 28.820946 0.707107 4.050249 200.000000 4.050249
 14.800000 -0.680764 -0.732503 0.666163 -0.745806 -2.392788 2.412541 -0.732503 -0.680764 -0.745806 0.666163 0.064498 25.799156 -0.707107 0.270599 200.000000 0.270599 0.069396 27.758590 -0.707107 2.686305 200.000000 2.686305 0.149765 59.905913 -0.707107 -4.641119 200.000000 -4.641119 0.167640 67.055937 0.707107 4.050249 200.000000 4.050249
 15.000000 -0.729264 -0.684232 0.671329 -0.741160 -2.324347 2.405592 -0.684232 -0.729264 -0.741160 0.671329 0.052325 20.929959 -0.707107 0.270599 200.000000 0.270599 0.049095 19.638167 -0.707107 2.686305 200.000000 2.686305 0.115959 46.383614 -0.707107 -4.641119 200.000000 -4.641119 0.128005 51.202175 0.707107 4.050249 200.000000 4.050249
 15.200000 -0.733649 -0.679529 0.717738 -0.696313 -2.317916 2.341045 -0.679529 -0.733649 -0.696313 0.717738 0.076055 30.421984 -0.707107 0.270599 200.000000 0.270599 0.070448 28.179383 -0.707107 2.686305 200.000000 2.686305 0.011650 4.659829 -0.707107 -4.641119 200.000000 -4.641119 0.011302 4.520750 0.707107 4.050249 200.000000 4.050249
 15.400000 -0.747815 -0.663907 0.664214 -0.747542 -2.296828 2.415150 -0.663907 -0.747815 -0.747542 0.664214 0.186620 74.647949 -0.707107 0.270599 200.000000 0.270599 0.165715 66.286096 -0.707107 2.686305 200.000000 2.686305 0.163501 65.400409 -0.707107 -4.641119 200.000000 -4.641119 0.183975 73.589924 0.707107 4.050249 200.000000 4.050249
 15.600000 -0.711755 -0.702427 0.739661 -0.672980 -2.349599 2.309026 -0.702427 -0.711755 -0.672980 0.739661 0.002190 0.875867 -0.707107 0.270599 200.000000 0.270599 0.002161 0.864388 -0.707107 2.686305 200.000000 2.686305 0.116466 46.586490 -0.707107 -4.641119 200.000000 -4.641119 0.105978 42.391119 0.707107 4.050249 200.000000 4.050249
 15.800000 -0.718264 -0.695771 0.690927 -0.722925 -2.340289 2.378822 -0.695771 -0.718264 -0.722925 0.690927 0.012851 5.140379 -0.707107 0.270599 200.000000 0.270599 0.012449 4.979420 -0.707107 2.686305 200.000000 2.686305 0.025020 10.008077 -0.707107 -4.641119 200.000000 -4.641119 0.026179 10.471441 0.707107 4.050249 200.000000 4.050249
 16.000000 -0.703509 -0.710686 0.681618 -0.731708 -2.361269 2.391621 -0.710686 -0.703509 -0.731708 0.681618 0.001281 0.512439 -0.707107 0.270599 200.000000 0.270599 0.001294 0.517666 -0.707107 2.686305 200.000000 2.686305 0.060523 24.209327 -0.707107 -4.641119 200.000000 -4.641119 0.064968 25.987250 0.707107 4.050249 200.000000 4.050249
 16.200000 -0.705644 -0.708566 0.675574 -0.737292 -2.358261 2.399849 -0.708566 -0.705644 -0.737292 0.675574 0.000213 0.085219 -0.707107 0.270599 200.000000 0.270599 0.000214 0.085572 -0.707107 2.686305 200.000000 2.686305 0.091114 36.445710 -0.707107 -4.641119 200.000000 -4.641119 0.099430 39.771920 0.707107 4.050249 200.000000 4.050249
 16.400000 -0.704413 -0.709791 0.679488 -0.733687 -2.359997 2.394528 -0.709791 -0.704413 -0.733687 0.679488 0.000720 0.288110 -0.707107 0.270599 200.000000 0.270599 0.000726 0.290309 -0.707107 2.686305 200.000000 2.686305 0.070649 28.259738 -0.707107 -4.641119 200.000000 -4.641119 0.076280 30.512133 0.707107 4.050249 200.000000 4.050249
 16.600000 -0.652937 -0.757412 0.701781 -0.712393 -2.430137 2.363699 -0.757412 -0.652937 -0.712393 0.701781 0.253065 101.225941 -0.707107 0.270599 200.000000 0.270599 0.293438 117.375165 -0.707107 2.686305 200.000000 2.686305 0.002794 1.117778 -0.707107 -4.641119 200.000000 -4.641119 0.002837 1.134680 0.707107 4.050249 200.000000 4.050249
 16.800000 -0.679547 -0.733632 0.725837 -0.687867 -2.394448 2.329342 -0.733632 -0.679547 -0.687867 0.725837 0.070358 28.143201 -0.707107 0.270599 200.000000 0.270599 0.075953 30.381398 -0.707107 2.686305 200.000000 2.686305 0.037019 14.807485 -0.707107 -4.641119 200.000000 -4.641119 0.035083 14.033134 0.707107 4.050249 200.000000 4.050249
 17.000000 -0.684534 -0.728981 0.754159 -0.656692 -2.387629 2.287220 -0.728981 -0.684534 -0.656692 0.754159 0.047849 19.139620 -0.707107 0.270599 200.000000 0.270599 0.050954 20.381742 -0.707107 2.686305 200.000000 2.686305 0.254164 101.665559 -0.707107 -4.641119 200.000000 -4.641119 0.221389 88.555639 0.707107 4.050249 200.000000 4.050249
 17.200000 -0.726936 -0.686706 0.695914 -0.718126 -2.327744 2.371901 -0.686706 -0.726936 -0.718126 0.695914 0.041621 16.648206 -0.707107 0.270599 200.000000 0.270599 0.039318 15.727227 -0.707107 2.686305 200.000000 2.686305 0.012141 4.856492 -0.707107 -4.641119 200.000000 -4.641119 0.012529 5.011480 0.707107 4.050249 200.000000 4.050249
 17.400000 -0.753599 -0.657335 0.642759 -0.766068 -2.288073 2.443498 -0.657335 -0.753599 -0.766068 0.642759 0.247725 99.090184 -0.707107 0.270599 200.000000 0.270599 0.216150 86.459988 -0.707107 2.686305 200.000000 2.686305 0.347647 139.058854 -0.707107 -4.641119 200.000000 -4.641119 0.414063 165.625120 0.707107 4.050249 200.000000 4.050249
 17.600000 -0.713868 -0.700281 0.716667 -0.697416 -2.346587 2.342582 -0.700281 -0.713868 -0.697416 0.716667 0.004660 1.863807 -0.707107 0.270599 200.000000 0.270599 0.004571 1.828335 -0.707107 2.686305 200.000000 2.686305 0.009391 3.756471 -0.707107 -4.641119 200.000000 -4.641119 0.009139 3.655577 0.707107 4.050249 200.000000 4.050249
 17.800000 -0.707367 -0.706847 0.658666 -0.752436 -2.355827 2.422549 -0.706847 -0.707367 -0.752436 0.658666 0.000007 0.002704 -0.707107 0.270599 200.000000 0.270599 0.000007 0.002702 -0.707107 2.686305 200.000000 2.686305 0.205471 82.188498 -0.707107 -4.641119 200.000000 -4.641119 0.234654 93.861572 0.707107 4.050249 200.000000 4.050249
 18.000000 -0.649874 -0.760042 0.708102 -0.706110 -2.434173 2.354786 -0.760042 -0.649874 -0.706110 0.708102 0.280209 112.083716 -0.707107 0.270599 200.000000 0.270599 0.327554 131.021602 -0.707107 2.686305 200.000000 2.686305 0.000099 0.039712 -0.707107 -4.641119 200.000000 -4.641119 0.000099 0.039601 0.707107 4.050249 200.000000 4.050249
 18.200000 -0.695758 -0.718276 0.743968 -0.668216 -2.372118 2.302604 -0.718276 -0.695758 -0.668216 0.743968 0.012476 4.990315 -0.707107 0.270599 200.000000 0.270599 0.012880 5.151807 -0.707107 2.686305 200.000000 2.686305 0.151253 60.501268 -0.707107 -4.641119 200.000000 -4.641119 0.135873 54.349304 0.707107 4.050249 200.000000 4.050249
 18.400000 -0.681711 -0.731622 0.729104 -0.684403 -2.391494 2.324581 -0.731622 -0.681711 -0.684403 0.729104 0.060098 24.039177 -0.707107 0.270599 200.000000 0.270599 0.064495 25.798045 -0.707107 2.686305 200.000000 2.686305 0.051546 20.618467 -0.707107 -4.641119 200.000000 -4.641119 0.048387 19.354973 0.707107 4.050249 200.000000 4.050249
 18.600000 -0.652527 -0.757765 0.712214 -0.701963 -2.430678 2.348946 -0.757765 -0.652527 -0.701963 0.712214 0.256629 102.651473 -0.707107 0.270599 200.000000 0.270599 0.297893 119.157281 -0.707107 2.686305 200.000000 2.686305 0.002646 1.058439 -0.707107 -4.641119 200.000000 -4.641119 0.002608 1.043205 0.707107 4.050249 200.000000 4.050249
 18.800000 -0.680049 -0.733167 0.707336 -0.706877 -2.393764 2.355870 -0.733167 -0.680049 -0.706877 0.707336 0.067913 27.165356 -0.707107 0.270599 200.000000 0.270599 0.073214 29.285675 -0.707107 2.686305 200.000000 2.686305 0.000005 0.002111 -0.707107 -4.641119 200.000000 -4.641119 0.000005 0.002109 0.707107 4.050249 200.000000 4.050249
 19.000000 -0.725610 -0.688106 0.666378 -0.745614 -2.329673 2.412252 -0.688106 -0.725610 -0.745614 0.666378 0.036101 14.440469 -0.707107 0.270599 200.000000 0.270599 0.034236 13.694367 -0.707107 2.686305 200.000000 2.686305 0.148280 59.311955 -0.707107 -4.641119 200.000000 -4.641119 0.165882 66.352709 0.707107 4.050249 200.000000 4.050249
 19.200000 -0.785942 -0.618300 0.670385 -0.742014 -2.237374 2.406865 -0.618300 -0.785942 -0.742014 0.670385 0.788670 315.468100 -0.707107 0.270599 200.000000 0.270599 0.621506 248.602426 -0.707107 2.686305 200.000000 2.686305 0.121849 48.739630 -0.707107 -4.641119 200.000000 -4.641119 0.134851 53.940296 0.707107 4.050249 200.000000 4.050249
 19.400000 -0.687569 -0.726119 0.730995 -0.682383 -2.383457 2.321814 -0.726119 -0.687569 -0.682383 0.730995 0.036147 14.458902 -0.707107 0.270599 200.000000 0.270599 0.038173 15.269270 -0.707107 2.686305 200.000000 2.686305 0.061126 24.450219 -0.707107 -4.641119 200.000000 -4.641119 0.057063 22.825199 0.707107 4.050249 200.000000 4.050249
 19.600000 -0.677102 -0.735889 0.661226 -0.750187 -2.397775 2.419141 -0.735889 -0.677102 -0.750187 0.661226 0.082843 33.137232 -0.707107 0.270599 200.000000 0.270599 0.090029 36.011678 -0.707107 2.686305 200.000000 2.686305 0.185592 74.236704 -0.707107 -4.641119 200.000000 -4.641119 0.210509 84.203434 0.707107 4.050249 200.000000 4.050249
 19.800000 -0.657844 -0.753154 0.626050 -0.779783 -2.423640 2.465115 -0.753154 -0.657844 -0.779783 0.626050 0.212035 84.814032 -0.707107 0.270599 200.000000 0.270599 0.242680 97.072112 -0.707107 2.686305 200.000000 2.686305 0.528183 211.273121 -0.707107 -4.641119 200.000000 -4.641119 0.657021 262.808478 0.707107 4.050249 200.000000 4.050249
 20.000000 -0.774552 -0.632511 0.690768 -0.723076 -2.255587 2.379042 -0.632511 -0.774552 -0.723076 0.690768 0.556460 222.583983 -0.707107 0.270599 200.000000 0.270599 0.454882 181.952976 -0.707107 2.686305 200.000000 2.686305 0.025503 10.201263 -0.707107 -4.641119 200.000000 -4.641119 0.026696 10.678267 0.707107 4.050249 200.000000 4.050249
