#! FIELDS time sin_phi cos_phi sin_psi cos_psi phi psi cos_phi sin_phi cos_psi sin_psi restraint_phi_cos.bias restraint_phi_cos.force2 restraint_phi_cos.cos_phi_cntr restraint_phi_cos.cos_phi_work restraint_phi_cos.cos_phi_kappa restraint_phi_cos.work restraint_phi_sin.bias restraint_phi_sin.force2 restraint_phi_sin.sin_phi_cntr restraint_phi_sin.sin_phi_work restraint_phi_sin.sin_phi_kappa restraint_phi_sin.work restraint_psi_cos.bias restraint_psi_cos.force2 restraint_psi_cos.cos_psi_cntr restraint_psi_cos.cos_psi_work restraint_psi_cos.cos_psi_kappa restraint_psi_cos.work restraint_psi_sin.bias restraint_psi_sin.force2 restraint_psi_sin.sin_psi_cntr restraint_psi_sin.sin_psi_work restraint_psi_sin.sin_psi_kappa restraint_psi_sin.work
#! SET min_phi -pi
#! SET max_phi pi
#! SET min_psi -pi
#! SET max_psi pi
 0.000000 -0.999983 -0.005782 0.966116 0.258110 -1.576579 1.309731 -0.005782 -0.999983 0.258110 0.966116 0.000000 0.000000 -0.009747 0.000000 0.000000 0.000000 0.000000 0.000000 -0.999953 0.000000 0.000000 0.000000 0.000000 0.000000 0.256142 0.000000 0.000000 0.000000 0.000000 0.000000 0.966639 0.000000 0.000000 0.000000
 0.200000 -1.000000 -0.000266 0.834655 0.550773 -1.571062 0.987506 -0.000266 -1.000000 0.550773 0.834655 0.000899 0.035954 -0.009747 0.429322 20.000000 0.429322 0.000000 0.000001 -0.999953 0.008204 20.000000 0.008204 0.868072 34.722866 0.256142 0.437494 20.000000 0.437494 0.174198 6.967905 0.966639 0.079186 20.000000 0.079186
 0.400000 -0.998238 0.059333 0.982968 0.183778 -1.511428 1.385968 0.059333 -0.998238 0.183778 0.982968 0.095441 7.635246 -0.009747 0.576151 40.000000 0.576151 0.000059 0.004702 -0.999953 0.009175 40.000000 0.009175 0.104733 8.378618 0.256142 0.652620 40.000000 0.652620 0.005333 0.426605 0.966639 0.103852 40.000000 0.103852
 0.600000 -0.997905 0.064690 0.969721 0.244216 -1.506061 1.324085 0.064690 -0.997905 0.244216 0.969721 0.166224 19.946879 -0.009747 0.652738 60.000000 0.652738 0.000126 0.015086 -0.999953 0.009549 60.000000 0.009549 0.004267 0.512080 0.256142 0.812949 60.000000 0.812949 0.000285 0.034192 0.966639 0.126978 60.000000 0.126978
 0.800000 -0.999998 0.001894 0.948099 0.317975 -1.568902 1.247203 0.001894 -0.999998 0.317975 0.948099 0.005420 0.867200 -0.009747 0.745440 80.000000 0.745440 0.000000 0.000013 -0.999953 0.009931 80.000000 0.009931 0.152931 24.469032 0.256142 0.870396 80.000000 0.870396 0.013749 2.199883 0.966639 0.131256 80.000000 0.131256
 1.000000 -0.997905 -0.064690 0.983714 0.179740 -1.635531 1.390074 -0.064690 -0.997905 0.179740 0.983714 0.150938 30.187619 -0.009747 0.830208 100.000000 0.830208 0.000210 0.041905 -0.999953 0.010215 100.000000 0.010215 0.291867 58.373466 0.256142 0.906296 100.000000 0.906296 0.014578 2.915595 0.966639 0.133900 100.000000 0.133900
 1.200000 -0.998628 0.052357 0.985226 0.171262 -1.518415 1.398686 0.052357 -0.998628 0.171262 0.985226 0.231412 55.538994 -0.009747 0.926095 120.000000 0.926095 0.000105 0.025246 -0.999953 0.010633 120.000000 0.010633 0.432282 103.747643 0.256142 0.992025 120.000000 0.992025 0.020727 4.974582 0.966639 0.141240 120.000000 0.141240
 1.400000 -0.999098 0.042471 0.979939 0.199299 -1.528313 1.370154 0.042471 -0.999098 0.199299 0.979939 0.190866 53.442499 -0.009747 0.960898 140.000000 0.960898 0.000051 0.014321 -0.999953 0.010712 140.000000 0.010712 0.226180 63.330420 0.256142 1.092945 140.000000 1.092945 0.012382 3.466844 0.966639 0.149518 140.000000 0.149518
 1.600000 -0.999952 0.009779 0.961528 0.274706 -1.561018 1.292512 0.009779 -0.999952 0.274706 0.961528 0.030498 9.759450 -0.009747 1.007093 160.000000 1.007093 0.000000 0.000000 -0.999953 0.010845 160.000000 0.010845 0.027570 8.822428 0.256142 1.162447 160.000000 1.162447 0.002090 0.668714 0.966639 0.156254 160.000000 0.156254
 1.800000 -0.999816 -0.019191 0.970209 0.242271 -1.589988 1.326090 -0.019191 -0.999816 0.242271 0.970209 0.008027 2.889774 -0.009747 1.051966 180.000000 1.051966 0.000002 0.000605 -0.999953 0.010933 180.000000 0.010933 0.017316 6.233938 0.256142 1.193883 180.000000 1.193883 0.001147 0.412811 0.966639 0.158912 180.000000 0.158912
 2.000000 -0.987451 0.157923 0.943128 0.332430 -1.412209 1.231917 0.157923 -0.987451 0.332430 0.943128 2.811311 1124.524500 -0.009747 1.081900 200.000000 1.081900 0.015628 6.251093 -0.999953 0.011013 200.000000 0.011013 0.581986 232.794469 0.256142 1.219741 200.000000 1.219741 0.055278 22.111200 0.966639 0.161373 200.000000 0.161373
 2.200000 -0.999893 -0.014654 0.927278 0.374372 -1.585451 1.187076 -0.014654 -0.999893 0.374372 0.927278 0.768488 307.395270 -0.102317 1.468834 200.000000 1.468834 0.107841 43.136589 -0.967053 0.089785 200.000000 0.089785 2.044143 817.657096 0.231399 1.283540 200.000000 1.283540 0.009649 3.859499 0.917456 0.375627 200.000000 0.375627
 2.400000 -0.986064 -0.166369 0.941238 0.337745 -1.737943 1.226276 -0.166369 -0.986064 0.337745 0.941238 0.081332 32.532632 -0.194888 2.023619 200.000000 2.023619 0.269457 107.782789 -0.934154 0.359734 200.000000 0.359734 1.718446 687.378304 0.206655 1.405525 200.000000 1.405525 0.532396 212.958460 0.868272 1.099676 200.000000 1.099676
 2.600000 -0.923612 -0.383328 0.906331 0.422569 -1.964193 1.134519 -0.383328 -0.923612 0.422569 0.906331 0.919094 367.637657 -0.287458 2.141639 200.000000 2.141639 0.049984 19.993689 -0.901255 0.696660 200.000000 0.696660 5.791581 2316.632275 0.181912 1.538943 200.000000 1.538943 0.761117 304.446800 0.819089 2.359661 200.000000 2.359661
 2.800000 -0.942263 -0.334875 0.962068 0.272809 -1.912269 1.294485 -0.334875 -0.942263 0.272809 0.962068 0.203892 81.556798 -0.380029 1.992172 200.000000 1.992172 0.546218 218.487296 -0.868356 1.049055 200.000000 1.049055 1.337276 534.910499 0.157168 1.695897 200.000000 1.695897 3.692656 1477.062263 0.769905 4.144085 200.000000 4.144085
 3.000000 -0.867639 -0.497195 0.977355 0.211607 -2.091159 1.357577 -0.497195 -0.867639 0.211607 0.977355 0.060491 24.196234 -0.472600 2.187341 200.000000 2.187341 0.103569 41.427493 -0.835457 1.415541 200.000000 1.415541 0.626985 250.793825 0.132425 1.891224 200.000000 1.891224 6.586041 2634.416574 0.720722 6.444790 200.000000 6.444790
 3.200000 -0.834366 -0.551211 0.998635 0.052233 -2.154611 1.518539 -0.551211 -0.834366 0.052233 0.998635 0.019486 7.794491 -0.565170 2.154975 200.000000 2.154975 0.101175 40.469891 -0.802558 1.628174 200.000000 1.628174 0.307450 122.979819 0.107681 2.177560 200.000000 2.177560 10.699203 4279.681384 0.671539 9.251220 200.000000 9.251220
 3.400000 -0.821466 -0.570257 0.999912 0.013244 -2.177616 1.557552 -0.570257 -0.821466 0.013244 0.999912 0.283368 113.347338 -0.623490 2.036384 200.000000 2.036384 0.157090 62.835902 -0.781831 1.637322 200.000000 1.637322 0.485718 194.287356 0.082938 2.402182 200.000000 2.402182 14.254941 5701.976377 0.622355 12.597373 200.000000 12.597373
 3.600000 -0.835393 -0.549653 0.992879 0.119129 -2.152745 1.451384 -0.549653 -0.835393 0.119129 0.992879 0.545194 218.077640 -0.623490 2.036384 200.000000 2.036384 0.286888 114.755034 -0.781831 1.637322 200.000000 1.637322 0.371304 148.521452 0.058194 2.729784 200.000000 2.729784 17.615404 7046.161489 0.573172 16.449246 200.000000 16.449246
 3.800000 -0.813187 -0.582002 0.986796 0.161966 -2.191985 1.408114 -0.582002 -0.813187 0.161966 0.986796 0.172121 68.848573 -0.623490 2.036384 200.000000 2.036384 0.098318 39.327120 -0.781831 1.637322 200.000000 1.637322 1.651609 660.643473 0.033451 2.731194 200.000000 2.731194 21.419135 8567.653829 0.523988 20.855084 200.000000 20.855084
 4.000000 -0.779344 -0.626597 0.998385 -0.056819 -2.247975 1.627646 -0.626597 -0.779344 -0.056819 0.998385 0.000965 0.386123 -0.623490 2.036384 200.000000 2.036384 0.000619 0.247573 -0.781831 1.637322 200.000000 1.637322 0.429366 171.746302 0.008707 2.817334 200.000000 2.817334 27.413563 10965.425207 0.474805 25.750550 200.000000 25.750550
 4.200000 -0.785551 -0.618797 0.999989 -0.004631 -2.238007 1.575428 -0.618797 -0.785551 -0.004631 0.999989 0.002202 0.880908 -0.623490 2.036384 200.000000 2.036384 0.001383 0.553381 -0.781831 1.637322 200.000000 1.637322 0.013007 5.202829 -0.016036 2.707648 200.000000 2.707648 32.989839 13195.935699 0.425621 31.131475 200.000000 31.131475
 4.400000 -0.733429 -0.679766 0.979335 -0.202246 -2.318240 1.774447 -0.679766 -0.733429 -0.202246 0.979335 0.316701 126.680527 -0.623490 2.036384 200.000000 2.036384 0.234280 93.711868 -0.781831 1.637322 200.000000 1.637322 2.607138 1042.855293 -0.040780 2.228646 200.000000 2.228646 36.348439 14539.375762 0.376438 36.881533 200.000000 36.881533
 4.600000 -0.710078 -0.704123 0.977687 -0.210069 -2.351983 1.782442 -0.704123 -0.710078 -0.210069 0.977687 0.650168 260.067231 -0.623490 2.036384 200.000000 2.036384 0.514853 205.941224 -0.781831 1.637322 200.000000 1.637322 2.089336 835.734481 -0.065523 2.035042 200.000000 2.035042 42.306178 16922.471365 0.327255 43.108695 200.000000 43.108695
 4.800000 -0.782157 -0.623082 0.999846 -0.017576 -2.243473 1.588373 -0.623082 -0.782157 -0.017576 0.999846 0.000017 0.006658 -0.623490 2.036384 200.000000 2.036384 0.000011 0.004230 -0.781831 1.637322 200.000000 1.637322 0.528397 211.358986 -0.090267 0.751177 200.000000 0.751177 52.095819 20838.327523 0.278071 49.214753 200.000000 49.214753
 5.000000 -0.815978 -0.578082 0.809673 -0.586881 -2.187173 2.197998 -0.578082 -0.815978 -0.586881 0.809673 0.206184 82.473697 -0.623490 2.036384 200.000000 2.036384 0.116602 46.640681 -0.781831 1.637322 200.000000 1.637322 22.266193 8906.477072 -0.115010 -0.777020 200.000000 -0.777020 33.731162 13492.464702 0.228888 55.439989 200.000000 55.439989
 5.200000 -0.850113 -0.526601 0.809918 -0.586544 -2.125394 2.197581 -0.526601 -0.850113 -0.586544 0.809918 0.938745 375.498071 -0.623490 2.036384 200.000000 2.036384 0.466231 186.492500 -0.781831 1.637322 200.000000 1.637322 19.962091 7984.836592 -0.139754 -3.020563 200.000000 -3.020563 39.716887 15886.754611 0.179704 61.412341 200.000000 61.412341
 5.400000 -0.784453 -0.620189 0.512041 -0.858961 -2.239780 2.604033 -0.620189 -0.784453 -0.858961 0.512041 0.001090 0.435865 -0.623490 2.036384 200.000000 2.036384 0.000687 0.274807 -0.781831 1.637322 200.000000 1.637322 48.227932 19291.172947 -0.164497 -5.866368 200.000000 -5.866368 14.555780 5822.312100 0.130521 66.507548 200.000000 66.507548
 5.600000 -0.732397 -0.680878 0.427680 -0.903930 -2.319757 2.699668 -0.680878 -0.732397 -0.903930 0.427680 0.329339 131.735499 -0.623490 2.036384 200.000000 2.036384 0.244377 97.750737 -0.781831 1.637322 200.000000 1.637322 51.078085 20431.234108 -0.189241 -9.153877 200.000000 -9.153877 11.995291 4798.116530 0.081338 70.744202 200.000000 70.744202
 5.800000 -0.760434 -0.649415 0.295974 -0.955196 -2.277612 2.841117 -0.649415 -0.760434 -0.955196 0.295974 0.067214 26.885621 -0.623490 2.036384 200.000000 2.036384 0.045786 18.314459 -0.781831 1.637322 200.000000 1.637322 54.939426 21975.770583 -0.213985 -12.914024 200.000000 -12.914024 6.960115 2784.045930 0.032154 72.675680 200.000000 72.675680
 6.000000 -0.745332 -0.666693 -0.093654 -0.995605 -2.300559 -3.047801 -0.666693 -0.745332 -0.995605 -0.093654 0.186652 74.660802 -0.623490 2.036384 200.000000 2.036384 0.133218 53.287321 -0.781831 1.637322 200.000000 1.637322 57.286239 22914.495542 -0.238728 -16.652381 200.000000 -16.652381 0.587139 234.855486 -0.017029 73.827844 200.000000 73.827844
 6.200000 -0.776138 -0.630563 0.034199 -0.999415 -2.253075 3.107387 -0.630563 -0.776138 -0.999415 0.034199 0.005004 2.001424 -0.623490 2.036384 200.000000 2.036384 0.003242 1.296741 -0.781831 1.637322 200.000000 1.637322 54.161280 21664.512078 -0.263472 -20.335909 200.000000 -20.335909 1.008251 403.300538 -0.066213 73.498148 200.000000 73.498148
 6.400000 -0.753396 -0.657567 -0.545072 -0.838389 -2.288381 -2.565118 -0.657567 -0.753396 -0.838389 -0.545072 0.116127 46.450603 -0.623490 2.036384 200.000000 2.036384 0.080858 32.343185 -0.781831 1.637322 200.000000 1.637322 30.269162 12107.664622 -0.288215 -23.673652 200.000000 -23.673652 18.462131 7384.852347 -0.115396 72.155880 200.000000 72.155880
 6.600000 -0.784862 -0.619671 -0.245252 -0.969459 -2.239120 -2.893813 -0.619671 -0.784862 -0.969459 -0.245252 0.001458 0.583306 -0.623490 2.036384 200.000000 2.036384 0.000918 0.367268 -0.781831 1.637322 200.000000 1.637322 43.099338 17239.735355 -0.312959 -26.875404 200.000000 -26.875404 0.650797 260.318821 -0.164580 70.733115 200.000000 70.733115
 6.800000 -0.758933 -0.651168 -0.453744 -0.891132 -2.279919 -2.670630 -0.651168 -0.758933 -0.891132 -0.453744 0.076611 30.644324 -0.623490 2.036384 200.000000 2.036384 0.052433 20.973212 -0.781831 1.637322 200.000000 1.637322 30.628454 12251.381757 -0.337702 -29.444380 200.000000 -29.444380 5.759102 2303.640954 -0.213763 67.483633 200.000000 67.483633
 7.000000 -0.740814 -0.671710 -0.638942 -0.769255 -2.307311 -2.448471 -0.671710 -0.740814 -0.769255 -0.638942 0.232518 93.007323 -0.623490 2.036384 200.000000 2.036384 0.168241 67.296568 -0.781831 1.637322 200.000000 1.637322 16.549398 6619.759393 -0.362446 -32.172161 200.000000 -32.172161 14.137245 5654.897950 -0.262946 65.688178 200.000000 65.688178
 7.200000 -0.771804 -0.635860 -0.546440 -0.837498 -2.259919 -2.563485 -0.635860 -0.771804 -0.837498 -0.546440 0.015302 6.120814 -0.623490 2.036384 200.000000 2.036384 0.010054 4.021642 -0.781831 1.637322 200.000000 1.637322 20.277815 8111.126181 -0.387189 -34.259056 200.000000 -34.259056 5.490135 2196.053867 -0.312130 62.672709 200.000000 62.672709
 7.400000 -0.708822 -0.705387 -0.752192 -0.658944 -2.353766 -2.290210 -0.705387 -0.708822 -0.658944 -0.752192 0.670719 268.287600 -0.623490 2.036384 200.000000 2.036384 0.533036 213.214486 -0.781831 1.637322 200.000000 1.637322 6.101446 2440.578468 -0.411933 -36.178292 200.000000 -36.178292 15.278637 6111.454740 -0.361313 60.001383 200.000000 60.001383
 7.600000 -0.776907 -0.629616 -0.695694 -0.718338 -2.251855 -2.372207 -0.629616 -0.776907 -0.718338 -0.695694 0.003753 1.501168 -0.623490 2.036384 200.000000 2.036384 0.002425 0.970194 -0.781831 1.637322 200.000000 1.637322 7.933347 3173.338664 -0.436676 -38.045431 200.000000 -38.045431 8.133756 3253.502449 -0.410497 57.995258 200.000000 57.995258
 7.800000 -0.762281 -0.647246 -0.634762 -0.772708 -2.274762 -2.453892 -0.647246 -0.762281 -0.772708 -0.634762 0.056434 22.573793 -0.623490 2.036384 200.000000 2.036384 0.038221 15.288216 -0.781831 1.637322 200.000000 1.637322 9.690025 3876.009837 -0.461420 -39.428270 200.000000 -39.428270 3.065365 1226.145820 -0.459680 55.562895 200.000000 55.562895
 8.000000 -0.770899 -0.636958 -0.710218 -0.703982 -2.261342 -2.351785 -0.636958 -0.770899 -0.703982 -0.710218 0.018138 7.255244 -0.623490 2.036384 200.000000 2.036384 0.011952 4.780897 -0.781831 1.637322 200.000000 1.637322 4.744498 1897.799029 -0.486163 -40.671142 200.000000 -40.671142 4.054358 1621.743328 -0.508864 53.609394 200.000000 53.609394
 8.200000 -0.795998 -0.605299 -0.677331 -0.735678 -2.220938 -2.397464 -0.605299 -0.795998 -0.735678 -0.677331 0.033090 13.235834 -0.623490 2.036384 200.000000 2.036384 0.020069 8.027603 -0.781831 1.637322 200.000000 1.637322 5.052220 2020.888150 -0.510907 -41.757996 200.000000 -41.757996 1.422874 569.149459 -0.558047 52.024584 200.000000 52.024584
 8.400000 -0.760852 -0.648925 -0.712630 -0.701540 -2.276967 -2.348353 -0.648925 -0.760852 -0.701540 -0.712630 0.064696 25.878312 -0.623490 2.036384 200.000000 2.036384 0.044013 17.605148 -0.781831 1.637322 200.000000 1.637322 2.751946 1100.778413 -0.535650 -42.501868 200.000000 -42.501868 1.110906 444.362447 -0.607230 50.516581 200.000000 50.516581
 8.600000 -0.752440 -0.658661 -0.762625 -0.646840 -2.289834 -2.274230 -0.658661 -0.752440 -0.646840 -0.762625 0.123698 49.479355 -0.623490 2.036384 200.000000 2.036384 0.086385 34.553929 -0.781831 1.637322 200.000000 1.637322 0.747299 298.919796 -0.560394 -43.149521 200.000000 -43.149521 1.128093 451.237106 -0.656414 49.555764 200.000000 49.555764
 8.800000 -0.744151 -0.668012 -0.764414 -0.644726 -2.302330 -2.271461 -0.668012 -0.744151 -0.644726 -0.764414 0.198219 79.287603 -0.623490 2.036384 200.000000 2.036384 0.141983 56.793160 -0.781831 1.637322 200.000000 1.637322 0.355080 142.032059 -0.585137 -43.671095 200.000000 -43.671095 0.345939 138.375769 -0.705597 49.039444 200.000000 49.039444
 9.000000 -0.739049 -0.673651 -0.773678 -0.633579 -2.309935 -2.256966 -0.673651 -0.739049 -0.633579 -0.773678 0.251619 100.647610 -0.623490 2.036384 200.000000 2.036384 0.183032 73.212917 -0.781831 1.637322 200.000000 1.637322 0.056158 22.463307 -0.609881 -43.846999 200.000000 -43.846999 0.035712 14.284963 -0.754781 48.627335 200.000000 48.627335
 9.200000 -0.810420 -0.585849 -0.731285 -0.682072 -2.196724 -2.321389 -0.585849 -0.810420 -0.682072 -0.731285 0.141681 56.672234 -0.623490 2.036384 200.000000 2.036384 0.081730 32.692130 -0.781831 1.637322 200.000000 1.637322 0.343187 137.274759 -0.623490 -43.968289 200.000000 -43.968289 0.255494 102.197617 -0.781831 48.735276 200.000000 48.735276
 9.400000 -0.782399 -0.622777 -0.637537 -0.770420 -2.243084 -2.450296 -0.622777 -0.782399 -0.770420 -0.637537 0.000051 0.020297 -0.623490 2.036384 200.000000 2.036384 0.000032 0.012884 -0.781831 1.637322 200.000000 1.637322 2.158851 863.540318 -0.623490 -43.968289 200.000000 -43.968289 2.082102 832.840731 -0.781831 48.735276 200.000000 48.735276
 9.600000 -0.775354 -0.631527 -0.722615 -0.691250 -2.254317 -2.334014 -0.631527 -0.775354 -0.691250 -0.722615 0.006459 2.583639 -0.623490 2.036384 200.000000 2.036384 0.004196 1.678224 -0.781831 1.637322 200.000000 1.637322 0.459149 183.659547 -0.623490 -43.968289 200.000000 -43.968289 0.350655 140.261875 -0.781831 48.735276 200.000000 48.735276
 9.800000 -0.723400 -0.690429 -0.800417 -0.599443 -2.332879 -2.213602 -0.690429 -0.723400 -0.599443 -0.800417 0.448088 179.235390 -0.623490 2.036384 200.000000 2.036384 0.341424 136.569714 -0.781831 1.637322 200.000000 1.637322 0.057823 23.129002 -0.623490 -43.968289 200.000000 -43.968289 0.034542 13.816976 -0.781831 48.735276 200.000000 48.735276
 10.000000 -0.714589 -0.699544 -0.824213 -0.566280 -2.345556 -2.172782 -0.699544 -0.714589 -0.566280 -0.824213 0.578427 231.370746 -0.623490 2.036384 200.000000 2.036384 0.452150 180.860179 -0.781831 1.637322 200.000000 1.637322 0.327291 130.916240 -0.623490 -43.968289 200.000000 -43.968289 0.179616 71.846371 -0.781831 48.735276 200.000000 48.735276
 10.200000 -0.770774 -0.637108 -0.791387 -0.611316 -2.261537 -2.228518 -0.637108 -0.770774 -0.611316 -0.791387 0.018546 7.418471 -0.623490 2.036384 200.000000 2.036384 0.012226 4.890409 -0.781831 1.637322 200.000000 1.637322 0.014821 5.928442 -0.623490 -43.968289 200.000000 -43.968289 0.009131 3.652243 -0.781831 48.735276 200.000000 48.735276
 10.400000 -0.824214 -0.566279 -0.824209 -0.566285 -2.172780 -2.172788 -0.566279 -0.824214 -0.566285 -0.824209 0.327308 130.923264 -0.623490 2.036384 200.000000 2.036384 0.179625 71.849946 -0.781831 1.637322 200.000000 1.637322 0.327239 130.895488 -0.623490 -43.968289 200.000000 -43.968289 0.179590 71.835809 -0.781831 48.735276 200.000000 48.735276
 10.600000 -0.805858 -0.592109 -0.767909 -0.640559 -2.204469 -2.266022 -0.592109 -0.805858 -0.640559 -0.767909 0.098478 39.391141 -0.623490 2.036384 200.000000 2.036384 0.057728 23.091258 -0.781831 1.637322 200.000000 1.637322 0.029135 11.653869 -0.623490 -43.968289 200.000000 -43.968289 0.019383 7.753174 -0.781831 48.735276 200.000000 48.735276
 10.800000 -0.772162 -0.635425 -0.687045 -0.726615 -2.259355 -2.384178 -0.635425 -0.772162 -0.726615 -0.687045 0.014246 5.698201 -0.623490 2.036384 200.000000 2.036384 0.009349 3.739659 -0.781831 1.637322 200.000000 1.637322 1.063481 425.392500 -0.623490 -43.968289 200.000000 -43.968289 0.898451 359.380374 -0.781831 48.735276 200.000000 48.735276
 11.000000 -0.803207 -0.595700 -0.767198 -0.641411 -2.208934 -2.267132 -0.595700 -0.803207 -0.641411 -0.767198 0.077225 30.889937 -0.623490 2.036384 200.000000 2.036384 0.045690 18.275974 -0.781831 1.637322 200.000000 1.637322 0.032116 12.846390 -0.623490 -43.968289 200.000000 -43.968289 0.021415 8.565933 -0.781831 48.735276 200.000000 48.735276
 11.200000 -0.707132 -0.707081 -0.719474 -0.694519 -2.356158 -2.338547 -0.707081 -0.707132 -0.694519 -0.719474 0.698753 279.501092 -0.623490 2.036384 200.000000 2.036384 0.557996 223.198542 -0.781831 1.637322 200.000000 1.637322 0.504513 201.805244 -0.623490 -43.968289 200.000000 -43.968289 0.388840 155.535877 -0.781831 48.735276 200.000000 48.735276
 11.400000 -0.736044 -0.676934 -0.732890 -0.680348 -2.314386 -2.319033 -0.676934 -0.736044 -0.680348 -0.732890 0.285630 114.251947 -0.623490 2.036384 200.000000 2.036384 0.209653 83.861279 -0.781831 1.637322 200.000000 1.637322 0.323282 129.312662 -0.623490 -43.968289 200.000000 -43.968289 0.239532 95.812609 -0.781831 48.735276 200.000000 48.735276
 11.600000 -0.735644 -0.677368 -0.796674 -0.604409 -2.314976 -2.219820 -0.677368 -0.735644 -0.604409 -0.796674 0.290290 116.116169 -0.623490 2.036384 200.000000 2.036384 0.213329 85.331480 -0.781831 1.637322 200.000000 1.637322 0.036409 14.563681 -0.623490 -43.968289 200.000000 -43.968289 0.022031 8.812590 -0.781831 48.735276 200.000000 48.735276
 11.800000 -0.726938 -0.686704 -0.791459 -0.611222 -2.327741 -2.228400 -0.686704 -0.726938 -0.611222 -0.791459 0.399597 159.838915 -0.623490 2.036384 200.000000 2.036384 0.301334 120.533487 -0.781831 1.637322 200.000000 1.637322 0.015050 6.020030 -0.623490 -43.968289 200.000000 -43.968289 0.009269 3.707762 -0.781831 48.735276 200.000000 48.735276
 12.000000 -0.797289 -0.603598 -0.809143 -0.587611 -2.218803 -2.198900 -0.603598 -0.797289 -0.587611 -0.809143 0.039568 15.827391 -0.623490 2.036384 200.000000 2.036384 0.023893 9.557189 -0.781831 1.637322 200.000000 1.637322 0.128727 51.490602 -0.623490 -43.968289 200.000000 -43.968289 0.074594 29.837482 -0.781831 48.735276 200.000000 48.735276
 12.200000 -0.821094 -0.570793 -0.795643 -0.605766 -2.178268 -2.221525 -0.570793 -0.821094 -0.605766 -0.795643 0.277695 111.077946 -0.623490 2.036384 200.000000 2.036384 0.154154 61.661712 -0.781831 1.637322 200.000000 1.637322 0.031414 12.565410 -0.623490 -43.968289 200.000000 -43.968289 0.019076 7.630211 -0.781831 48.735276 200.000000 48.735276
 12.400000 -0.792764 -0.609528 -0.726677 -0.686979 -2.226262 -2.328120 -0.609528 -0.792764 -0.686979 -0.726677 0.019492 7.796801 -0.623490 2.036384 200.000000 2.036384 0.011952 4.780984 -0.781831 1.637322 200.000000 1.637322 0.403087 161.234678 -0.623490 -43.968289 200.000000 -43.968289 0.304198 121.679118 -0.781831 48.735276 200.000000 48.735276
 12.600000 -0.784954 -0.619553 -0.753280 -0.657701 -2.238970 -2.288558 -0.619553 -0.784954 -0.657701 -0.753280 0.001549 0.619795 -0.623490 2.036384 200.000000 2.036384 0.000975 0.390123 -0.781831 1.637322 200.000000 1.637322 0.117037 46.814927 -0.623490 -43.968289 200.000000 -43.968289 0.081521 32.608595 -0.781831 48.735276 200.000000 48.735276
 12.800000 -0.758586 -0.651573 -0.774435 -0.632654 -2.280452 -2.255772 -0.651573 -0.758586 -0.632654 -0.774435 0.078866 31.546581 -0.623490 2.036384 200.000000 2.036384 0.054035 21.614171 -0.781831 1.637322 200.000000 1.637322 0.008398 3.359199 -0.623490 -43.968289 200.000000 -43.968289 0.005471 2.188500 -0.781831 48.735276 200.000000 48.735276
 13.000000 -0.761994 -0.647584 -0.728609 -0.684930 -2.275206 -2.325304 -0.647584 -0.761994 -0.684930 -0.728609 0.058052 23.220820 -0.623490 2.036384 200.000000 2.036384 0.039352 15.740640 -0.781831 1.637322 200.000000 1.637322 0.377493 150.997348 -0.623490 -43.968289 200.000000 -43.968289 0.283267 113.306996 -0.781831 48.735276 200.000000 48.735276
 13.200000 -0.784018 -0.620738 -0.768387 -0.639985 -2.240480 -2.265275 -0.620738 -0.784018 -0.639985 -0.768387 0.000757 0.302899 -0.623490 2.036384 200.000000 2.036384 0.000478 0.191249 -0.781831 1.637322 200.000000 1.637322 0.027210 10.883979 -0.623490 -43.968289 200.000000 -43.968289 0.018075 7.229947 -0.781831 48.735276 200.000000 48.735276
 13.400000 -0.758125 -0.652109 -0.820618 -0.571478 -2.281160 -2.179102 -0.652109 -0.758125 -0.571478 -0.820618 0.081908 32.763336 -0.623490 2.036384 200.000000 2.036384 0.056200 22.480181 -0.781831 1.637322 200.000000 1.637322 0.270525 108.209818 -0.623490 -43.968289 200.000000 -43.968289 0.150436 60.174227 -0.781831 48.735276 200.000000 48.735276
 13.600000 -0.772532 -0.634976 -0.739245 -0.673436 -2.258773 -2.309644 -0.634976 -0.772532 -0.673436 -0.739245 0.013192 5.276884 -0.623490 2.036384 200.000000 2.036384 0.008648 3.459034 -0.781831 1.637322 200.000000 1.637322 0.249466 99.786443 -0.623490 -43.968289 200.000000 -43.968289 0.181359 72.543726 -0.781831 48.735276 200.000000 48.735276
 13.800000 -0.799843 -0.600209 -0.756049 -0.654515 -2.214559 -2.284337 -0.600209 -0.799843 -0.654515 -0.756049 0.054198 21.679384 -0.623490 2.036384 200.000000 2.036384 0.032442 12.976631 -0.781831 1.637322 200.000000 1.637322 0.096254 38.501600 -0.623490 -43.968289 200.000000 -43.968289 0.066472 26.588763 -0.781831 48.735276 200.000000 48.735276
 14.000000 -0.754525 -0.656271 -0.736512 -0.676424 -2.286662 -2.313693 -0.656271 -0.754525 -0.676424 -0.736512 0.107460 42.984058 -0.623490 2.036384 200.000000 2.036384 0.074563 29.825022 -0.781831 1.637322 200.000000 1.637322 0.280208 112.083192 -0.623490 -43.968289 200.000000 -43.968289 0.205386 82.154217 -0.781831 48.735276 200.000000 48.735276
 14.200000 -0.741933 -0.670474 -0.761150 -0.648575 -2.305644 -2.276508 -0.670474 -0.741933 -0.648575 -0.761150 0.220756 88.302408 -0.623490 2.036384 200.000000 2.036384 0.159192 63.676864 -0.781831 1.637322 200.000000 1.637322 0.062929 25.171599 -0.623490 -43.968289 200.000000 -43.968289 0.042771 17.108343 -0.781831 48.735276 200.000000 48.735276
 14.400000 -0.772562 -0.634939 -0.748665 -0.662949 -2.258726 -2.295547 -0.634939 -0.772562 -0.662949 -0.748665 0.013109 5.243410 -0.623490 2.036384 200.000000 2.036384 0.008592 3.436759 -0.781831 1.637322 200.000000 1.637322 0.155703 62.281255 -0.623490 -43.968289 200.000000 -43.968289 0.110005 44.001881 -0.781831 48.735276 200.000000 48.735276
 14.600000 -0.821674 -0.569957 -0.780126 -0.625622 -2.177250 -2.246725 -0.569957 -0.821674 -0.625622 -0.780126 0.286571 114.628538 -0.623490 2.036384 200.000000 2.036384 0.158744 63.497729 -0.781831 1.637322 200.000000 1.637322 0.000455 0.181889 -0.623490 -43.968289 200.000000 -43.968289 0.000291 0.116324 -0.781831 48.735276 200.000000 48.735276
 14.800000 -0.788985 -0.614413 -0.761397 -0.648286 -2.232438 -2.276128 -0.614413 -0.788985 -0.648286 -0.761397 0.008239 3.295581 -0.623490 2.036384 200.000000 2.036384 0.005117 2.046701 -0.781831 1.637322 200.000000 1.637322 0.061486 24.594255 -0.623490 -43.968289 200.000000 -43.968289 0.041758 16.703001 -0.781831 48.735276 200.000000 48.735276
 15.000000 -0.723806 -0.690004 -0.814198 -0.580587 -2.332291 -2.190246 -0.690004 -0.723806 -0.580587 -0.814198 0.442412 176.964665 -0.623490 2.036384 200.000000 2.036384 0.336699 134.679606 -0.781831 1.637322 200.000000 1.637322 0.184061 73.624545 -0.623490 -43.968289 200.000000 -43.968289 0.104759 41.903427 -0.781831 48.735276 200.000000 48.735276
 15.200000 -0.736369 -0.676581 -0.778495 -0.627651 -2.313906 -2.249328 -0.676581 -0.736369 -0.627651 -0.778495 0.281864 112.745690 -0.623490 2.036384 200.000000 2.036384 0.206688 82.675301 -0.781831 1.637322 200.000000 1.637322 0.001732 0.692607 -0.623490 -43.968289 200.000000 -43.968289 0.001113 0.445316 -0.781831 48.735276 200.000000 48.735276
 15.400000 -0.750672 -0.660675 -0.730313 -0.683112 -2.292513 -2.322812 -0.660675 -0.750672 -0.683112 -0.730313 0.138271 55.308337 -0.623490 2.036384 200.000000 2.036384 0.097089 38.835479 -0.781831 1.637322 200.000000 1.637322 0.355484 142.193434 -0.623490 -43.968289 200.000000 -43.968289 0.265411 106.164521 -0.781831 48.735276 200.000000 48.735276
 15.600000 -0.815964 -0.578103 -0.739176 -0.673513 -2.187198 -2.309747 -0.578103 -0.815964 -0.673513 -0.739176 0.205996 82.398210 -0.623490 2.036384 200.000000 2.036384 0.116501 46.600462 -0.781831 1.637322 200.000000 1.637322 0.250230 100.091918 -0.623490 -43.968289 200.000000 -43.968289 0.181953 72.781035 -0.781831 48.735276 200.000000 48.735276
 15.800000 -0.719563 -0.694427 -0.760620 -0.649197 -2.338419 -2.277325 -0.694427 -0.719563 -0.649197 -0.760620 0.503205 201.282090 -0.623490 2.036384 200.000000 2.036384 0.387732 155.092611 -0.781831 1.637322 200.000000 1.637322 0.066088 26.435259 -0.623490 -43.968289 200.000000 -43.968289 0.044993 17.997158 -0.781831 48.735276 200.000000 48.735276
 16.000000 -0.785447 -0.618929 -0.711863 -0.702318 -2.238174 -2.349445 -0.618929 -0.785447 -0.702318 -0.711863 0.002080 0.832181 -0.623490 2.036384 200.000000 2.036384 0.001307 0.522951 -0.781831 1.637322 200.000000 1.637322 0.621389 248.555597 -0.623490 -43.968289 200.000000 -43.968289 0.489554 195.821770 -0.781831 48.735276 200.000000 48.735276
 16.200000 -0.838313 -0.545189 -0.754052 -0.656815 -2.147410 -2.287384 -0.545189 -0.838313 -0.656815 -0.754052 0.613107 245.242667 -0.623490 2.036384 200.000000 2.036384 0.319020 127.608155 -0.781831 1.637322 200.000000 1.637322 0.111058 44.423169 -0.623490 -43.968289 200.000000 -43.968289 0.077172 30.868823 -0.781831 48.735276 200.000000 48.735276
 16.400000 -0.741950 -0.670455 -0.812304 -0.583234 -2.305619 -2.193501 -0.670455 -0.741950 -0.583234 -0.812304 0.220576 88.230375 -0.623490 2.036384 200.000000 2.036384 0.159054 63.621588 -0.781831 1.637322 200.000000 1.637322 0.162053 64.821369 -0.623490 -43.968289 200.000000 -43.968289 0.092859 37.143543 -0.781831 48.735276 200.000000 48.735276
 16.600000 -0.742931 -0.669368 -0.810479 -0.585768 -2.304154 -2.196624 -0.669368 -0.742931 -0.585768 -0.810479 0.210481 84.192579 -0.623490 2.036384 200.000000 2.036384 0.151325 60.530046 -0.781831 1.637322 200.000000 1.637322 0.142292 56.916959 -0.623490 -43.968289 200.000000 -43.968289 0.082066 32.826475 -0.781831 48.735276 200.000000 48.735276
 16.800000 -0.740187 -0.672401 -0.759004 -0.651086 -2.308244 -2.279811 -0.672401 -0.740187 -0.651086 -0.759004 0.239232 95.692906 -0.623490 2.036384 200.000000 2.036384 0.173427 69.370828 -0.781831 1.637322 200.000000 1.637322 0.076158 30.463085 -0.623490 -43.968289 200.000000 -43.968289 0.052111 20.844586 -0.781831 48.735276 200.000000 48.735276
 17.000000 -0.801181 -0.598422 -0.769500 -0.638646 -2.212326 -2.263534 -0.598422 -0.801181 -0.638646 -0.769500 0.062842 25.136683 -0.623490 2.036384 200.000000 2.036384 0.037442 14.976781 -0.781831 1.637322 200.000000 1.637322 0.022972 9.188964 -0.623490 -43.968289 200.000000 -43.968289 0.015206 6.082325 -0.781831 48.735276 200.000000 48.735276
 17.200000 -0.750793 -0.660538 -0.749295 -0.662237 -2.292331 -2.294596 -0.660538 -0.750793 -0.662237 -0.749295 0.137256 54.902434 -0.623490 2.036384 200.000000 2.036384 0.096341 38.536212 -0.781831 1.637322 200.000000 1.637322 0.150132 60.052849 -0.623490 -43.968289 200.000000 -43.968289 0.105864 42.345652 -0.781831 48.735276 200.000000 48.735276
 17.400000 -0.776424 -0.630211 -0.782900 -0.622148 -2.252621 -2.242279 -0.630211 -0.776424 -0.622148 -0.782900 0.004517 1.806939 -0.623490 2.036384 200.000000 2.036384 0.002924 1.169644 -0.781831 1.637322 200.000000 1.637322 0.000180 0.072047 -0.623490 -43.968289 200.000000 -43.968289 0.000114 0.045658 -0.781831 48.735276 200.000000 48.735276
 17.600000 -0.787269 -0.616610 -0.777725 -0.628604 -2.235226 -2.250554 -0.616610 -0.787269 -0.628604 -0.777725 0.004733 1.893289 -0.623490 2.036384 200.000000 2.036384 0.002956 1.182575 -0.781831 1.637322 200.000000 1.637322 0.002616 1.046345 -0.623490 -43.968289 200.000000 -43.968289 0.001686 0.674445 -0.781831 48.735276 200.000000 48.735276
 17.800000 -0.816485 -0.577366 -0.730604 -0.682802 -2.186296 -2.322387 -0.577366 -0.816485 -0.682802 -0.730604 0.212738 85.095280 -0.623490 2.036384 200.000000 2.036384 0.120089 48.035428 -0.781831 1.637322 200.000000 1.637322 0.351790 140.715920 -0.623490 -43.968289 200.000000 -43.968289 0.262428 104.971120 -0.781831 48.735276 200.000000 48.735276
 18.000000 -0.826014 -0.563650 -0.737515 -0.675331 -2.169594 -2.312210 -0.563650 -0.826014 -0.675331 -0.737515 0.358085 143.234113 -0.623490 2.036384 200.000000 2.036384 0.195210 78.083856 -0.781831 1.637322 200.000000 1.637322 0.268752 107.500731 -0.623490 -43.968289 200.000000 -43.968289 0.196398 78.559094 -0.781831 48.735276 200.000000 48.735276
 18.200000 -0.779682 -0.626175 -0.803724 -0.595002 -2.247434 -2.208064 -0.626175 -0.779682 -0.595002 -0.803724 0.000721 0.288465 -0.623490 2.036384 200.000000 2.036384 0.000462 0.184752 -0.781831 1.637322 200.000000 1.637322 0.081157 32.462705 -0.623490 -43.968289 200.000000 -43.968289 0.047930 19.171967 -0.781831 48.735276 200.000000 48.735276
 18.400000 -0.691567 -0.722312 -0.798394 -0.602135 -2.377936 -2.216969 -0.722312 -0.691567 -0.602135 -0.798394 0.976585 390.634175 -0.623490 2.036384 200.000000 2.036384 0.814764 325.905725 -0.781831 1.637322 200.000000 1.637322 0.045603 18.241103 -0.623490 -43.968289 200.000000 -43.968289 0.027433 10.973063 -0.781831 48.735276 200.000000 48.735276
 18.600000 -0.719033 -0.694976 -0.773152 -0.634221 -2.339183 -2.257796 -0.694976 -0.719033 -0.634221 -0.773152 0.511032 204.412806 -0.623490 2.036384 200.000000 2.036384 0.394369 157.747792 -0.781831 1.637322 200.000000 1.637322 0.011515 4.606025 -0.623490 -43.968289 200.000000 -43.968289 0.007533 3.013256 -0.781831 48.735276 200.000000 48.735276
 18.800000 -0.799039 -0.601279 -0.760554 -0.649275 -2.215897 -2.277427 -0.601279 -0.799039 -0.649275 -0.760554 0.049331 19.732475 -0.623490 2.036384 200.000000 2.036384 0.029610 11.843971 -0.781831 1.637322 200.000000 1.637322 0.066486 26.594229 -0.623490 -43.968289 200.000000 -43.968289 0.045273 18.109128 -0.781831 48.735276 200.000000 48.735276
 19.000000 -0.762474 -0.647019 -0.741534 -0.670915 -2.274464 -2.306239 -0.647019 -0.762474 -0.670915 -0.741534 0.055362 22.144606 -0.623490 2.036384 200.000000 2.036384 0.037471 14.988451 -0.781831 1.637322 200.000000 1.637322 0.224917 89.966636 -0.623490 -43.968289 200.000000 -43.968289 0.162388 64.955144 -0.781831 48.735276 200.000000 48.735276
 19.200000 -0.754419 -0.656393 -0.768934 -0.639328 -2.286824 -2.264421 -0.656393 -0.754419 -0.639328 -0.768934 0.108261 43.304523 -0.623490 2.036384 200.000000 2.036384 0.075143 30.057260 -0.781831 1.637322 200.000000 1.637322 0.025086 10.034534 -0.623490 -43.968289 200.000000 -43.968289 0.016635 6.654061 -0.781831 48.735276 200.000000 48.735276
 19.400000 -0.748970 -0.662604 -0.777618 -0.628737 -2.295086 -2.250724 -0.662604 -0.748970 -0.628737 -0.777618 0.152989 61.195668 -0.623490 2.036384 200.000000 2.036384 0.107986 43.194439 -0.781831 1.637322 200.000000 1.637322 0.002753 1.101357 -0.623490 -43.968289 200.000000 -43.968289 0.001775 0.710152 -0.781831 48.735276 200.000000 48.735276
 19.600000 -0.805584 -0.592482 -0.730407 -0.683012 -2.204932 -2.322675 -0.592482 -0.805584 -0.683012 -0.730407 0.096151 38.460358 -0.623490 2.036384 200.000000 2.036384 0.056418 22.567260 -0.781831 1.637322 200.000000 1.637322 0.354290 141.715970 -0.623490 -43.968289 200.000000 -43.968289 0.264447 105.778702 -0.781831 48.735276 200.000000 48.735276
 19.800000 -0.751978 -0.659188 -0.718943 -0.695069 -2.290535 -2.339312 -0.659188 -0.751978 -0.695069 -0.718943 0.127438 50.975207 -0.623490 2.036384 200.000000 2.036384 0.089123 35.649343 -0.781831 1.637322 200.000000 1.637322 0.512353 204.941392 -0.623490 -43.968289 200.000000 -43.968289 0.395492 158.196691 -0.781831 48.735276 200.000000 48.735276
 20.000000 -0.728301 -0.685257 -0.776404 -0.630235 -2.325753 -2.252652 -0.685257 -0.728301 -0.630235 -0.776404 0.381518 152.607152 -0.623490 2.036384 200.000000 2.036384 0.286547 114.618780 -0.781831 1.637322 200.000000 1.637322 0.004550 1.819991 -0.623490 -43.968289 200.000000 -43.968289 0.002945 1.178169 -0.781831 48.735276 200.000000 48.735276
