#! FIELDS time sin_phi cos_phi sin_psi cos_psi phi psi cos_phi sin_phi cos_psi sin_psi restraint_phi_cos.bias restraint_phi_cos.force2 restraint_phi_cos.cos_phi_cntr restraint_phi_cos.cos_phi_work restraint_phi_cos.cos_phi_kappa restraint_phi_cos.work restraint_phi_sin.bias restraint_phi_sin.force2 restraint_phi_sin.sin_phi_cntr restraint_phi_sin.sin_phi_work restraint_phi_sin.sin_phi_kappa restraint_phi_sin.work restraint_psi_cos.bias restraint_psi_cos.force2 restraint_psi_cos.cos_psi_cntr restraint_psi_cos.cos_psi_work restraint_psi_cos.cos_psi_kappa restraint_psi_cos.work restraint_psi_sin.bias restraint_psi_sin.force2 restraint_psi_sin.sin_psi_cntr restraint_psi_sin.sin_psi_work restraint_psi_sin.sin_psi_kappa restraint_psi_sin.work
#! SET min_phi -pi
#! SET max_phi pi
#! SET min_psi -pi
#! SET max_psi pi
 0.000000 -0.999983 -0.005782 0.966116 0.258110 -1.576579 1.309731 -0.005782 -0.999983 0.258110 0.966116 0.000000 0.000000 -0.009747 0.000000 0.000000 0.000000 0.000000 0.000000 -0.999953 0.000000 0.000000 0.000000 0.000000 0.000000 0.256142 0.000000 0.000000 0.000000 0.000000 0.000000 0.966639 0.000000 0.000000 0.000000
 0.200000 -1.000000 -0.000266 0.834655 0.550773 -1.571062 0.987506 -0.000266 -1.000000 0.550773 0.834655 0.000899 0.035954 -0.009747 0.429322 20.000000 0.429322 0.000000 0.000001 -0.999953 0.008204 20.000000 0.008204 0.868072 34.722866 0.256142 0.437494 20.000000 0.437494 0.174198 6.967905 0.966639 0.079186 20.000000 0.079186
 0.400000 -0.998238 0.059333 0.982968 0.183778 -1.511428 1.385968 0.059333 -0.998238 0.183778 0.982968 0.095441 7.635246 -0.009747 0.576151 40.000000 0.576151 0.000059 0.004702 -0.999953 0.009175 40.000000 0.009175 0.104733 8.378618 0.256142 0.652620 40.000000 0.652620 0.005333 0.426605 0.966639 0.103852 40.000000 0.103852
 0.600000 -0.997905 0.064690 0.969721 0.244216 -1.506061 1.324085 0.064690 -0.997905 0.244216 0.969721 0.166224 19.946879 -0.009747 0.652738 60.000000 0.652738 0.000126 0.015086 -0.999953 0.009549 60.000000 0.009549 0.004267 0.512080 0.256142 0.812949 60.000000 0.812949 0.000285 0.034192 0.966639 0.126978 60.000000 0.126978
 0.800000 -0.999998 0.001894 0.948099 0.317975 -1.568902 1.247203 0.001894 -0.999998 0.317975 0.948099 0.005420 0.867200 -0.009747 0.745440 80.000000 0.745440 0.000000 0.000013 -0.999953 0.009931 80.000000 0.009931 0.152931 24.469032 0.256142 0.870396 80.000000 0.870396 0.013749 2.199883 0.966639 0.131256 80.000000 0.131256
 1.000000 -0.997905 -0.064690 0.983714 0.179740 -1.635531 1.390074 -0.064690 -0.997905 0.179740 0.983714 0.150938 30.187619 -0.009747 0.830208 100.000000 0.830208 0.000210 0.041905 -0.999953 0.010215 100.000000 0.010215 0.291867 58.373466 0.256142 0.906296 100.000000 0.906296 0.014578 2.915595 0.966639 0.133900 100.000000 0.133900
 1.200000 -0.998628 0.052357 0.985226 0.171262 -1.518415 1.398686 0.052357 -0.998628 0.171262 0.985226 0.231412 55.538994 -0.009747 0.926095 120.000000 0.926095 0.000105 0.025246 -0.999953 0.010633 120.000000 0.010633 0.432282 103.747643 0.256142 0.992025 120.000000 0.992025 0.020727 4.974582 0.966639 0.141240 120.000000 0.141240
 1.400000 -0.999098 0.042471 0.979939 0.199299 -1.528313 1.370154 0.042471 -0.999098 0.199299 0.979939 0.190866 53.442499 -0.009747 0.960898 140.000000 0.960898 0.000051 0.014321 -0.999953 0.010712 140.000000 0.010712 0.226180 63.330420 0.256142 1.092945 140.000000 1.092945 0.012382 3.466844 0.966639 0.149518 140.000000 0.149518
 1.600000 -0.999952 0.009779 0.961528 0.274706 -1.561018 1.292512 0.009779 -0.999952 0.274706 0.961528 0.030498 9.759450 -0.009747 1.007093 160.000000 1.007093 0.000000 0.000000 -0.999953 0.010845 160.000000 0.010845 0.027570 8.822428 0.256142 1.162447 160.000000 1.162447 0.002090 0.668714 0.966639 0.156254 160.000000 0.156254
 1.800000 -0.999816 -0.019191 0.970209 0.242271 -1.589988 1.326090 -0.019191 -0.999816 0.242271 0.970209 0.008027 2.889774 -0.009747 1.051966 180.000000 1.051966 0.000002 0.000605 -0.999953 0.010933 180.000000 0.010933 0.017316 6.233938 0.256142 1.193883 180.000000 1.193883 0.001147 0.412811 0.966639 0.158912 180.000000 0.158912
 2.000000 -0.987451 0.157923 0.943128 0.332430 -1.412209 1.231917 0.157923 -0.987451 0.332430 0.943128 2.811311 1124.524500 -0.009747 1.081900 200.000000 1.081900 0.015628 6.251093 -0.999953 0.011013 200.000000 0.011013 0.581986 232.794469 0.256142 1.219741 200.000000 1.219741 0.055278 22.111200 0.966639 0.161373 200.000000 0.161373
 2.200000 -0.995581 0.093910 0.891501 0.453018 -1.476747 1.100648 0.093910 -0.995581 0.453018 0.891501 0.854166 341.666255 0.001489 1.040557 200.000000 1.040557 0.414714 165.885576 -0.931182 0.447877 200.000000 0.447877 2.073632 829.452953 0.309017 1.463131 200.000000 1.463131 0.354682 141.872908 0.951057 0.174049 200.000000 0.174049
 2.400000 -0.999672 0.025616 0.920912 0.389771 -1.545178 1.170413 0.025616 -0.999672 0.389771 0.920912 0.016617 6.646674 0.012725 0.974139 200.000000 0.974139 1.884021 753.608428 -0.862412 1.843662 200.000000 1.843662 0.652122 260.848907 0.309017 1.463131 200.000000 1.463131 0.090871 36.348209 0.951057 0.174049 200.000000 0.174049
 2.600000 -0.993789 -0.111281 0.893950 0.448166 -1.682308 1.106083 -0.111281 -0.993789 0.448166 0.893950 1.829034 731.613758 0.023961 0.920537 200.000000 0.920537 4.005881 1602.352386 -0.793642 4.164625 200.000000 4.164625 1.936248 774.499389 0.309017 1.463131 200.000000 1.463131 0.326112 130.444869 0.951057 0.174049 200.000000 0.174049
 2.800000 -0.997962 0.063817 0.938115 0.346324 -1.506936 1.217147 0.063817 -0.997962 0.346324 0.938115 0.081911 32.764473 0.035197 0.865203 200.000000 0.865203 7.457797 2983.118802 -0.724872 7.422540 200.000000 7.422540 0.139179 55.671540 0.309017 1.463131 200.000000 1.463131 0.016748 6.699227 0.951057 0.174049 200.000000 0.174049
 3.000000 -0.999758 -0.022012 0.941345 0.337445 -1.592810 1.226595 -0.022012 -0.999758 0.337445 0.941345 0.468473 187.389109 0.046433 0.746170 200.000000 0.746170 11.809940 4723.976005 -0.656102 11.598073 200.000000 11.598073 0.080818 32.327008 0.309017 1.463131 200.000000 1.463131 0.009431 3.772467 0.951057 0.174049 200.000000 0.174049
 3.200000 -0.999941 -0.010872 0.982299 0.187320 -1.581669 1.382363 -0.010872 -0.999941 0.187320 0.982299 0.469794 187.917598 0.057669 0.653157 200.000000 0.653157 17.024640 6809.856150 -0.587332 16.690018 200.000000 16.690018 1.481006 592.402387 0.309017 1.463131 200.000000 1.463131 0.097608 39.043381 0.951057 0.174049 200.000000 0.174049
 3.400000 -0.981240 0.192788 0.972335 0.233592 -1.376793 1.335027 0.192788 -0.981240 0.233592 0.972335 1.534704 613.881484 0.068905 0.532514 200.000000 0.532514 21.407177 8562.870918 -0.518561 22.694702 200.000000 22.694702 0.568900 227.559956 0.309017 1.463131 200.000000 1.463131 0.045277 18.110639 0.951057 0.174049 200.000000 0.174049
 3.600000 -0.977245 0.212116 0.956068 0.293145 -1.357057 1.273282 0.212116 -0.977245 0.293145 0.956068 1.741739 696.695677 0.080141 0.310407 200.000000 0.310407 27.820684 11128.273765 -0.449791 29.553758 200.000000 29.553758 0.025193 10.077206 0.309017 1.463131 200.000000 1.463131 0.002512 1.004635 0.951057 0.174049 200.000000 0.174049
 3.800000 -0.976663 0.214779 0.934780 0.355227 -1.354330 1.207639 0.214779 -0.976663 0.355227 0.934780 1.522817 609.126790 0.091377 0.094730 200.000000 0.094730 35.478867 14191.546940 -0.381021 37.325385 200.000000 37.325385 0.213540 85.416056 0.309017 1.463131 200.000000 1.463131 0.026493 10.597106 0.951057 0.174049 200.000000 0.174049
 4.000000 -0.944902 0.327354 0.954627 0.297805 -1.237294 1.268404 0.327354 -0.944902 0.297805 0.954627 5.050855 2020.341962 0.102613 -0.253973 200.000000 -0.253973 40.024697 16009.878920 -0.312251 45.829497 200.000000 45.829497 0.012570 5.028189 0.309017 1.463131 200.000000 1.463131 0.001275 0.509839 0.951057 0.174049 200.000000 0.174049
 4.200000 -0.889177 0.457563 0.934508 0.355942 -1.095543 1.206875 0.457563 -0.889177 0.355942 0.934508 11.813968 4725.587311 0.113849 -0.666670 200.000000 -0.666670 41.692350 16676.940017 -0.243481 55.113269 200.000000 55.113269 0.220193 88.077127 0.309017 1.463131 200.000000 1.463131 0.027385 10.953921 0.951057 0.174049 200.000000 0.174049
 4.400000 -0.937385 0.348295 0.968779 0.247925 -1.215045 1.320259 0.348295 -0.937385 0.247925 0.968779 4.982276 1992.910398 0.125085 -1.217093 200.000000 -1.217093 58.167205 23266.881977 -0.174711 64.991843 200.000000 64.991843 0.373226 149.290255 0.309017 1.463131 200.000000 1.463131 0.031410 12.563855 0.951057 0.174049 200.000000 0.174049
 4.600000 -0.783488 0.621407 0.937948 0.346776 -0.900259 1.216665 0.621407 -0.783488 0.346776 0.937948 23.530904 9412.361451 0.136321 -2.022903 200.000000 -2.022903 45.907007 18362.802645 -0.105941 74.991271 200.000000 74.991271 0.142573 57.029257 0.309017 1.463131 200.000000 1.463131 0.017183 6.873296 0.951057 0.174049 200.000000 0.174049
 4.800000 -0.676855 0.736117 0.920318 0.391171 -0.743482 1.168893 0.736117 -0.676855 0.391171 0.920318 34.640280 13856.111940 0.147557 -3.188414 200.000000 -3.188414 40.919608 16367.843230 -0.037170 84.238849 200.000000 84.238849 0.674922 269.968752 0.309017 1.463131 200.000000 1.463131 0.094485 37.793825 0.951057 0.174049 200.000000 0.174049
 5.000000 0.335792 0.941936 0.913614 0.406583 0.342446 1.152086 0.941936 0.335792 0.406583 0.913614 61.331402 24532.560637 0.158793 -4.949274 200.000000 -4.949274 9.253290 3701.316126 0.031600 85.612734 200.000000 85.612734 0.951904 380.761796 0.309017 1.463131 200.000000 1.463131 0.140194 56.077585 0.951057 0.174049 200.000000 0.174049
 5.200000 0.594674 0.803967 0.940491 0.339819 0.636860 1.224072 0.803967 0.594674 0.339819 0.940491 40.187813 16075.125122 0.170028 -6.555038 200.000000 -6.555038 24.433647 9773.458968 0.100370 80.260968 200.000000 80.260968 0.094874 37.949678 0.309017 1.463131 200.000000 1.463131 0.011163 4.465221 0.951057 0.174049 200.000000 0.174049
 5.400000 0.727858 0.685728 0.937600 0.347715 0.815193 1.215663 0.685728 0.727858 0.347715 0.937600 25.448339 10179.335742 0.181264 -7.965846 200.000000 -7.965846 31.216586 12486.634304 0.169140 74.147704 200.000000 74.147704 0.149754 59.901452 0.309017 1.463131 200.000000 1.463131 0.018107 7.242819 0.951057 0.174049 200.000000 0.174049
 5.600000 0.836614 0.547793 0.929047 0.369963 0.991072 1.191827 0.547793 0.836614 0.369963 0.929047 12.623309 5049.323558 0.192500 -9.132643 200.000000 -9.132643 35.844600 14337.840089 0.237910 67.356304 200.000000 67.356304 0.371440 148.575874 0.309017 1.463131 200.000000 1.463131 0.048444 19.377544 0.951057 0.174049 200.000000 0.174049
 5.800000 0.693819 0.720149 0.913994 0.405729 0.766779 1.153020 0.720149 0.693819 0.405729 0.913994 26.668218 10667.287307 0.203736 -10.043105 200.000000 -10.043105 14.987669 5995.067590 0.306680 60.181585 200.000000 60.181585 0.935315 374.126077 0.309017 1.463131 200.000000 1.463131 0.137366 54.946504 0.951057 0.174049 200.000000 0.174049
 6.000000 0.803904 0.594760 0.946016 0.324121 0.933830 1.240714 0.594760 0.803904 0.324121 0.946016 14.423849 5769.539496 0.214972 -10.920153 200.000000 -10.920153 18.357213 7342.885369 0.375450 53.992013 200.000000 53.992013 0.022813 9.125374 0.309017 1.463131 200.000000 1.463131 0.002541 1.016436 0.951057 0.174049 200.000000 0.174049
 6.200000 0.882711 0.469916 0.926128 0.377209 1.081601 1.184016 0.469916 0.882711 0.377209 0.926128 5.939347 2375.738754 0.226208 -11.596544 200.000000 -11.596544 19.227405 7690.961877 0.444221 47.951185 200.000000 47.951185 0.465010 186.003938 0.309017 1.463131 200.000000 1.463131 0.062142 24.856611 0.951057 0.174049 200.000000 0.174049
 6.400000 0.810662 0.585514 0.963041 0.269355 0.945283 1.298073 0.585514 0.810662 0.269355 0.963041 12.115248 4846.099264 0.237444 -12.183189 200.000000 -12.183189 8.860850 3544.339960 0.512991 42.609917 200.000000 42.609917 0.157306 62.922224 0.309017 1.463131 200.000000 1.463131 0.014363 5.745011 0.951057 0.174049 200.000000 0.174049
 6.600000 0.933601 0.358315 0.951947 0.306262 1.204334 1.259532 0.358315 0.933601 0.306262 0.951947 1.201991 480.796222 0.248680 -12.670718 200.000000 -12.670718 12.379123 4951.649245 0.581761 37.963642 200.000000 37.963642 0.000759 0.303601 0.309017 1.463131 200.000000 1.463131 0.000079 0.031737 0.951057 0.174049 200.000000 0.174049
 6.800000 0.909624 0.415433 0.959128 0.282972 1.142377 1.283905 0.415433 0.909624 0.282972 0.959128 2.418568 967.427117 0.259916 -13.034650 200.000000 -13.034650 6.712898 2685.159302 0.650531 33.963858 200.000000 33.963858 0.067832 27.132789 0.309017 1.463131 200.000000 1.463131 0.006515 2.605983 0.951057 0.174049 200.000000 0.174049
 7.000000 0.949503 0.313758 0.922144 0.386846 1.251648 1.173588 0.313758 0.949503 0.386846 0.922144 0.181526 72.610213 0.271152 -13.401731 200.000000 -13.401731 5.299294 2119.717616 0.719301 30.990525 200.000000 30.990525 0.605730 242.292065 0.309017 1.463131 200.000000 1.463131 0.083591 33.436245 0.951057 0.174049 200.000000 0.174049
 7.200000 0.923706 0.383102 0.940668 0.339329 1.177644 1.224592 0.383102 0.923706 0.339329 0.940668 1.014344 405.737460 0.282388 -13.651390 200.000000 -13.651390 1.839674 735.869618 0.788071 28.713352 200.000000 28.713352 0.091885 36.753920 0.309017 1.463131 200.000000 1.463131 0.010793 4.317202 0.951057 0.174049 200.000000 0.174049
 7.400000 0.934499 0.355966 0.948017 0.318218 1.206849 1.246947 0.355966 0.934499 0.318218 0.948017 0.388651 155.460259 0.293624 -13.851233 200.000000 -13.851233 0.603071 241.228341 0.856841 27.300775 200.000000 27.300775 0.008466 3.386554 0.309017 1.463131 200.000000 1.463131 0.000924 0.369433 0.951057 0.174049 200.000000 0.174049
 7.600000 0.959843 0.280538 0.933864 0.357628 1.286441 1.205070 0.280538 0.959843 0.357628 0.933864 0.059153 23.661038 0.304860 -13.981810 200.000000 -13.981810 0.117178 46.871119 0.925612 26.738071 200.000000 26.738071 0.236301 94.520217 0.309017 1.463131 200.000000 1.463131 0.029557 11.822993 0.951057 0.174049 200.000000 0.174049
 7.800000 0.917611 0.397480 0.971867 0.235531 1.162027 1.333032 0.397480 0.917611 0.235531 0.971867 0.782571 313.028506 0.309017 -14.018189 200.000000 -14.018189 0.111861 44.744597 0.951057 26.756045 200.000000 26.756045 0.540022 216.008935 0.309017 1.463131 200.000000 1.463131 0.043307 17.322865 0.951057 0.174049 200.000000 0.174049
 8.000000 0.936630 0.350320 0.928908 0.370312 1.212884 1.191452 0.350320 0.936630 0.370312 0.928908 0.170593 68.237332 0.309017 -14.018189 200.000000 -14.018189 0.020812 8.324862 0.951057 26.756045 200.000000 26.756045 0.375705 150.282182 0.309017 1.463131 200.000000 1.463131 0.049058 19.623139 0.951057 0.174049 200.000000 0.174049
 8.200000 0.925705 0.378247 0.942211 0.335021 1.182894 1.229169 0.378247 0.925705 0.335021 0.942211 0.479282 191.712622 0.309017 -14.018189 200.000000 -14.018189 0.064272 25.708698 0.951057 26.756045 200.000000 26.756045 0.067621 27.048470 0.309017 1.463131 200.000000 1.463131 0.007825 3.129983 0.951057 0.174049 200.000000 0.174049
 8.400000 0.957127 0.289670 0.963162 0.268921 1.276914 1.298524 0.289670 0.957127 0.268921 0.963162 0.037430 14.972192 0.309017 -14.018189 200.000000 -14.018189 0.003685 1.473822 0.951057 26.756045 200.000000 26.756045 0.160772 64.308811 0.309017 1.463131 200.000000 1.463131 0.014655 5.862046 0.951057 0.174049 200.000000 0.174049
 8.600000 0.942827 0.333282 0.924700 0.380697 1.231014 1.180246 0.333282 0.942827 0.380697 0.924700 0.058880 23.552084 0.309017 -14.018189 200.000000 -14.018189 0.006772 2.708929 0.951057 26.756045 200.000000 26.756045 0.513808 205.523156 0.309017 1.463131 200.000000 1.463131 0.069468 27.787313 0.951057 0.174049 200.000000 0.174049
 8.800000 0.930107 0.367288 0.935887 0.352301 1.194705 1.210767 0.367288 0.930107 0.352301 0.935887 0.339548 135.819032 0.309017 -14.018189 200.000000 -14.018189 0.043887 17.554650 0.951057 26.756045 200.000000 26.756045 0.187355 74.941906 0.309017 1.463131 200.000000 1.463131 0.023013 9.205099 0.951057 0.174049 200.000000 0.174049
 9.000000 0.944450 0.328655 0.948138 0.317858 1.235917 1.247327 0.328655 0.944450 0.317858 0.948138 0.038565 15.425918 0.309017 -14.018189 200.000000 -14.018189 0.004365 1.745802 0.951057 26.756045 200.000000 26.756045 0.007817 3.126680 0.309017 1.463131 200.000000 1.463131 0.000852 0.340649 0.951057 0.174049 200.000000 0.174049
 9.200000 0.938257 0.345940 0.910195 0.414180 1.217556 1.143754 0.345940 0.938257 0.414180 0.910195 0.136330 54.531964 0.309017 -14.018189 200.000000 -14.018189 0.016384 6.553429 0.951057 26.756045 200.000000 26.756045 1.105932 442.372798 0.309017 1.463131 200.000000 1.463131 0.166967 66.786999 0.951057 0.174049 200.000000 0.174049
 9.400000 0.945749 0.324897 0.945455 0.325752 1.239894 1.238990 0.324897 0.945749 0.325752 0.945455 0.025217 10.086768 0.309017 -14.018189 200.000000 -14.018189 0.002816 1.126592 0.951057 26.756045 200.000000 26.756045 0.028005 11.201805 0.309017 1.463131 200.000000 1.463131 0.003137 1.254896 0.951057 0.174049 200.000000 0.174049
 9.600000 0.939515 0.342508 0.959453 0.281868 1.221211 1.285056 0.342508 0.939515 0.281868 0.959453 0.112168 44.867212 0.309017 -14.018189 200.000000 -14.018189 0.013321 5.328510 0.951057 26.756045 200.000000 26.756045 0.073708 29.483131 0.309017 1.463131 200.000000 1.463131 0.007051 2.820205 0.951057 0.174049 200.000000 0.174049
 9.800000 0.906917 0.421310 0.950370 0.311123 1.135907 1.254422 0.421310 0.906917 0.311123 0.950370 1.260963 504.385156 0.309017 -14.018189 200.000000 -14.018189 0.194831 77.932309 0.951057 26.756045 200.000000 26.756045 0.000444 0.177464 0.309017 1.463131 200.000000 1.463131 0.000047 0.018877 0.951057 0.174049 200.000000 0.174049
 10.000000 0.932712 0.360623 0.957056 0.289903 1.201860 1.276671 0.360623 0.932712 0.289903 0.957056 0.266322 106.528690 0.309017 -14.018189 200.000000 -14.018189 0.033654 13.461547 0.951057 26.756045 200.000000 26.756045 0.036534 14.613676 0.309017 1.463131 200.000000 1.463131 0.003599 1.439757 0.951057 0.174049 200.000000 0.174049
 10.200000 0.943005 0.332779 0.954344 0.298711 1.231547 1.267454 0.332779 0.943005 0.298711 0.954344 0.056464 22.585703 0.309017 -14.018189 200.000000 -14.018189 0.006483 2.593223 0.951057 26.756045 200.000000 26.756045 0.010621 4.248248 0.309017 1.463131 200.000000 1.463131 0.001080 0.432172 0.951057 0.174049 200.000000 0.174049
 10.400000 0.922555 0.385866 0.948528 0.316693 1.174650 1.248556 0.385866 0.922555 0.316693 0.948528 0.590574 236.229553 0.309017 -14.018189 200.000000 -14.018189 0.081234 32.493634 0.951057 26.756045 200.000000 26.756045 0.005892 2.356736 0.309017 1.463131 200.000000 1.463131 0.000639 0.255705 0.951057 0.174049 200.000000 0.174049
 10.600000 0.902085 0.431558 0.968123 0.250474 1.124577 1.317626 0.431558 0.902085 0.250474 0.968123 1.501626 600.650445 0.309017 -14.018189 200.000000 -14.018189 0.239818 95.927344 0.951057 26.756045 200.000000 26.756045 0.342727 137.090959 0.309017 1.463131 200.000000 1.463131 0.029128 11.651016 0.951057 0.174049 200.000000 0.174049
 10.800000 0.929544 0.368710 0.955647 0.294514 1.193175 1.271849 0.368710 0.929544 0.294514 0.955647 0.356326 142.530503 0.309017 -14.018189 200.000000 -14.018189 0.046277 18.510756 0.951057 26.756045 200.000000 26.756045 0.021033 8.413368 0.309017 1.463131 200.000000 1.463131 0.002107 0.842952 0.951057 0.174049 200.000000 0.174049
 11.000000 0.961873 0.273495 0.925301 0.379232 1.293772 1.181830 0.273495 0.961873 0.379232 0.925301 0.126181 50.472342 0.309017 -14.018189 200.000000 -14.018189 0.011701 4.680208 0.951057 26.756045 200.000000 26.756045 0.493021 197.208387 0.309017 1.463131 200.000000 1.463131 0.066332 26.532962 0.951057 0.174049 200.000000 0.174049
 11.200000 0.946259 0.323411 0.910757 0.412943 1.241464 1.145113 0.323411 0.946259 0.412943 0.910757 0.020719 8.287704 0.309017 -14.018189 200.000000 -14.018189 0.002302 0.920826 0.951057 26.756045 200.000000 26.756045 1.080061 432.024275 0.309017 1.463131 200.000000 1.463131 0.162406 64.962401 0.951057 0.174049 200.000000 0.174049
 11.400000 0.904418 0.426647 0.917874 0.396873 1.130014 1.162689 0.426647 0.904418 0.396873 0.917874 1.383685 553.474143 0.309017 -14.018189 200.000000 -14.018189 0.217514 87.005449 0.951057 26.756045 200.000000 26.756045 0.771862 308.744752 0.309017 1.463131 200.000000 1.463131 0.110110 44.044031 0.951057 0.174049 200.000000 0.174049
 11.600000 0.883165 0.469062 0.889217 0.457485 1.082568 1.095632 0.469062 0.883165 0.457485 0.889217 2.561443 1024.577386 0.309017 -14.018189 200.000000 -14.018189 0.460923 184.369297 0.951057 26.756045 200.000000 26.756045 2.204269 881.707426 0.309017 1.463131 200.000000 1.463131 0.382407 152.962817 0.951057 0.174049 200.000000 0.174049
 11.800000 0.948347 0.317235 0.937139 0.348957 1.247984 1.214339 0.317235 0.948347 0.348957 0.937139 0.006754 2.701639 0.309017 -14.018189 200.000000 -14.018189 0.000734 0.293692 0.951057 26.756045 200.000000 26.756045 0.159519 63.807585 0.309017 1.463131 200.000000 1.463131 0.019370 7.748109 0.951057 0.174049 200.000000 0.174049
 12.000000 0.952747 0.303764 0.923811 0.382849 1.262156 1.177918 0.303764 0.952747 0.382849 0.923811 0.002760 1.103869 0.309017 -14.018189 200.000000 -14.018189 0.000286 0.114362 0.951057 26.756045 200.000000 26.756045 0.545112 218.044983 0.309017 1.463131 200.000000 1.463131 0.074232 29.692621 0.951057 0.174049 200.000000 0.174049
 12.200000 0.921820 0.387619 0.960754 0.277401 1.172749 1.289708 0.387619 0.921820 0.277401 0.960754 0.617826 247.130409 0.309017 -14.018189 200.000000 -14.018189 0.085479 34.191624 0.951057 26.756045 200.000000 26.756045 0.099957 39.982859 0.309017 1.463131 200.000000 1.463131 0.009405 3.761825 0.951057 0.174049 200.000000 0.174049
 12.400000 0.924627 0.380875 0.975502 0.219991 1.180054 1.348991 0.380875 0.924627 0.219991 0.975502 0.516354 206.541782 0.309017 -14.018189 200.000000 -14.018189 0.069854 27.941578 0.951057 26.756045 200.000000 26.756045 0.792567 317.026971 0.309017 1.463131 200.000000 1.463131 0.059758 23.903190 0.951057 0.174049 200.000000 0.174049
 12.600000 0.927894 0.372845 0.931533 0.363656 1.188723 1.198606 0.372845 0.927894 0.363656 0.931533 0.407398 162.959120 0.309017 -14.018189 200.000000 -14.018189 0.053651 21.460543 0.951057 26.756045 200.000000 26.756045 0.298547 119.418651 0.309017 1.463131 200.000000 1.463131 0.038116 15.246471 0.951057 0.174049 200.000000 0.174049
 12.800000 0.906562 0.422073 0.947131 0.320848 1.135066 1.244172 0.422073 0.906562 0.320848 0.947131 1.278158 511.263294 0.309017 -14.018189 200.000000 -14.018189 0.197976 79.190451 0.951057 26.756045 200.000000 26.756045 0.013997 5.598926 0.309017 1.463131 200.000000 1.463131 0.001541 0.616484 0.951057 0.174049 200.000000 0.174049
 13.000000 0.923123 0.384505 0.931521 0.363688 1.176124 1.198572 0.384505 0.923123 0.363688 0.931521 0.569848 227.939377 0.309017 -14.018189 200.000000 -14.018189 0.078029 31.211737 0.951057 26.756045 200.000000 26.756045 0.298893 119.557056 0.309017 1.463131 200.000000 1.463131 0.038164 15.265779 0.951057 0.174049 200.000000 0.174049
 13.200000 0.950719 0.310055 0.930671 0.365856 1.255546 1.196244 0.310055 0.950719 0.365856 0.930671 0.000108 0.043092 0.309017 -14.018189 200.000000 -14.018189 0.000011 0.004566 0.951057 26.756045 200.000000 26.756045 0.323069 129.227476 0.309017 1.463131 200.000000 1.463131 0.041555 16.622083 0.951057 0.174049 200.000000 0.174049
 13.400000 0.948588 0.316514 0.934353 0.356350 1.248744 1.206438 0.316514 0.948588 0.356350 0.934353 0.005621 2.248243 0.309017 -14.018189 200.000000 -14.018189 0.000609 0.243779 0.951057 26.756045 200.000000 26.756045 0.224041 89.616393 0.309017 1.463131 200.000000 1.463131 0.027902 11.160888 0.951057 0.174049 200.000000 0.174049
 13.600000 0.899600 0.436715 0.930185 0.367091 1.118852 1.194917 0.436715 0.899600 0.367091 0.930185 1.630684 652.273470 0.309017 -14.018189 200.000000 -14.018189 0.264779 105.911708 0.951057 26.756045 200.000000 26.756045 0.337259 134.903515 0.309017 1.463131 200.000000 1.463131 0.043562 17.424738 0.951057 0.174049 200.000000 0.174049
 13.800000 0.943327 0.331866 0.918040 0.396487 1.232516 1.163109 0.331866 0.943327 0.396487 0.918040 0.052206 20.882444 0.309017 -14.018189 200.000000 -14.018189 0.005975 2.390026 0.951057 26.756045 200.000000 26.756045 0.765105 306.041936 0.309017 1.463131 200.000000 1.463131 0.109008 43.603029 0.951057 0.174049 200.000000 0.174049
 14.000000 0.923529 0.383528 0.944449 0.328658 1.177183 1.235914 0.383528 0.923529 0.328658 0.944449 0.555187 222.074814 0.309017 -14.018189 200.000000 -14.018189 0.075775 30.309898 0.951057 26.756045 200.000000 26.756045 0.038576 15.430583 0.309017 1.463131 200.000000 1.463131 0.004366 1.746348 0.951057 0.174049 200.000000 0.174049
 14.200000 0.953815 0.300394 0.974671 0.223645 1.265691 1.345244 0.300394 0.953815 0.223645 0.974671 0.007436 2.974576 0.309017 -14.018189 200.000000 -14.018189 0.000761 0.304448 0.951057 26.756045 200.000000 26.756045 0.728844 291.537588 0.309017 1.463131 200.000000 1.463131 0.055763 22.305287 0.951057 0.174049 200.000000 0.174049
 14.400000 0.934123 0.356952 0.945262 0.326312 1.205793 1.238397 0.356952 0.934123 0.326312 0.945262 0.229780 91.911854 0.309017 -14.018189 200.000000 -14.018189 0.028676 11.470299 0.951057 26.756045 200.000000 26.756045 0.029911 11.964208 0.309017 1.463131 200.000000 1.463131 0.003357 1.342945 0.951057 0.174049 200.000000 0.174049
 14.600000 0.922945 0.384933 0.937923 0.346844 1.175661 1.216592 0.384933 0.922945 0.346844 0.937923 0.576320 230.528121 0.309017 -14.018189 200.000000 -14.018189 0.079028 31.611147 0.951057 26.756045 200.000000 26.756045 0.143087 57.234783 0.309017 1.463131 200.000000 1.463131 0.017249 6.899680 0.951057 0.174049 200.000000 0.174049
 14.800000 0.937411 0.348224 0.963675 0.267076 1.215120 1.300439 0.348224 0.937411 0.267076 0.963675 0.153722 61.488639 0.309017 -14.018189 200.000000 -14.018189 0.018619 7.447757 0.951057 26.756045 200.000000 26.756045 0.175903 70.361344 0.309017 1.463131 200.000000 1.463131 0.015924 6.369474 0.951057 0.174049 200.000000 0.174049
 15.000000 0.937068 0.349146 0.937291 0.348549 1.214136 1.214774 0.349146 0.937068 0.348549 0.937291 0.161037 64.414880 0.309017 -14.018189 200.000000 -14.018189 0.019567 7.826946 0.951057 26.756045 200.000000 26.756045 0.156277 62.510652 0.309017 1.463131 200.000000 1.463131 0.018950 7.579993 0.951057 0.174049 200.000000 0.174049
 15.200000 0.932217 0.361900 0.914245 0.405161 1.200491 1.153642 0.361900 0.932217 0.405161 0.914245 0.279659 111.863662 0.309017 -14.018189 200.000000 -14.018189 0.035493 14.197098 0.951057 26.756045 200.000000 26.756045 0.924365 369.746042 0.309017 1.463131 200.000000 1.463131 0.135506 54.202345 0.951057 0.174049 200.000000 0.174049
 15.400000 0.931625 0.363420 0.932203 0.361936 1.198860 1.200453 0.363420 0.931625 0.361936 0.932203 0.295970 118.387929 0.309017 -14.018189 200.000000 -14.018189 0.037757 15.102779 0.951057 26.756045 200.000000 26.756045 0.280041 112.016530 0.309017 1.463131 200.000000 1.463131 0.035546 14.218241 0.951057 0.174049 200.000000 0.174049
 15.600000 0.956078 0.293111 0.905787 0.423733 1.273317 1.133233 0.293111 0.956078 0.423733 0.905787 0.025299 10.119463 0.309017 -14.018189 200.000000 -14.018189 0.002522 1.008725 0.951057 26.756045 200.000000 26.756045 1.315982 526.392873 0.309017 1.463131 200.000000 1.463131 0.204933 81.973096 0.951057 0.174049 200.000000 0.174049
 15.800000 0.924360 0.381523 0.936806 0.349850 1.179353 1.213386 0.381523 0.924360 0.349850 0.936806 0.525707 210.282644 0.309017 -14.018189 200.000000 -14.018189 0.071273 28.509223 0.951057 26.756045 200.000000 26.756045 0.166729 66.691794 0.309017 1.463131 200.000000 1.463131 0.020308 8.123189 0.951057 0.174049 200.000000 0.174049
 16.000000 0.951664 0.307143 0.921345 0.388747 1.258607 1.171526 0.307143 0.951664 0.388747 0.921345 0.000351 0.140549 0.309017 -14.018189 200.000000 -14.018189 0.000037 0.014739 0.951057 26.756045 200.000000 26.756045 0.635680 254.271867 0.309017 1.463131 200.000000 1.463131 0.088279 35.311565 0.951057 0.174049 200.000000 0.174049
 16.200000 0.929150 0.369704 0.952445 0.304712 1.192106 1.261161 0.369704 0.929150 0.304712 0.952445 0.368290 147.316182 0.309017 -14.018189 200.000000 -14.018189 0.047991 19.196498 0.951057 26.756045 200.000000 26.756045 0.001854 0.741472 0.309017 1.463131 200.000000 1.463131 0.000193 0.077080 0.951057 0.174049 200.000000 0.174049
 16.400000 0.915798 0.401639 0.970646 0.240511 1.157490 1.327904 0.401639 0.915798 0.240511 0.970646 0.857884 343.153485 0.309017 -14.018189 200.000000 -14.018189 0.124316 49.726316 0.951057 26.756045 200.000000 26.756045 0.469309 187.723723 0.309017 1.463131 200.000000 1.463131 0.038377 15.350624 0.951057 0.174049 200.000000 0.174049
 16.600000 0.945247 0.326357 0.962569 0.271037 1.238350 1.296326 0.326357 0.945247 0.271037 0.962569 0.030067 12.026774 0.309017 -14.018189 200.000000 -14.018189 0.003375 1.350182 0.951057 26.756045 200.000000 26.756045 0.144249 57.699458 0.309017 1.463131 200.000000 1.463131 0.013254 5.301449 0.951057 0.174049 200.000000 0.174049
 16.800000 0.941572 0.336810 0.961391 0.275185 1.227269 1.292014 0.336810 0.941572 0.275185 0.961391 0.077247 30.898966 0.309017 -14.018189 200.000000 -14.018189 0.008995 3.597874 0.951057 26.756045 200.000000 26.756045 0.114460 45.783864 0.309017 1.463131 200.000000 1.463131 0.010681 4.272278 0.951057 0.174049 200.000000 0.174049
 17.000000 0.942820 0.333304 0.956435 0.291945 1.230991 1.274536 0.333304 0.942820 0.291945 0.956435 0.058984 23.593526 0.309017 -14.018189 200.000000 -14.018189 0.006785 2.713897 0.951057 26.756045 200.000000 26.756045 0.029145 11.658037 0.309017 1.463131 200.000000 1.463131 0.002893 1.157162 0.951057 0.174049 200.000000 0.174049
 17.200000 0.913138 0.407650 0.923023 0.384744 1.150918 1.175866 0.407650 0.913138 0.384744 0.923023 0.972841 389.136398 0.309017 -14.018189 200.000000 -14.018189 0.143778 57.511363 0.951057 26.756045 200.000000 26.756045 0.573458 229.383249 0.309017 1.463131 200.000000 1.463131 0.078586 31.434409 0.951057 0.174049 200.000000 0.174049
 17.400000 0.946190 0.323611 0.916132 0.400876 1.241253 1.158323 0.323611 0.946190 0.400876 0.916132 0.021297 8.518887 0.309017 -14.018189 200.000000 -14.018189 0.002368 0.947177 0.951057 26.756045 200.000000 26.756045 0.843809 337.523476 0.309017 1.463131 200.000000 1.463131 0.121970 48.788038 0.951057 0.174049 200.000000 0.174049
 17.600000 0.948713 0.316137 0.908144 0.418658 1.249141 1.138829 0.316137 0.948713 0.418658 0.908144 0.005070 2.027891 0.309017 -14.018189 200.000000 -14.018189 0.000549 0.219592 0.951057 26.756045 200.000000 26.756045 1.202121 480.848435 0.309017 1.463131 200.000000 1.463131 0.184150 73.659887 0.951057 0.174049 200.000000 0.174049
 17.800000 0.913406 0.407049 0.930548 0.366169 1.151576 1.195908 0.407049 0.913406 0.366169 0.930548 0.961024 384.409607 0.309017 -14.018189 200.000000 -14.018189 0.141753 56.701249 0.951057 26.756045 200.000000 26.756045 0.326634 130.653690 0.309017 1.463131 200.000000 1.463131 0.042058 16.823314 0.951057 0.174049 200.000000 0.174049
 18.000000 0.970591 0.240733 0.925798 0.378018 1.327675 1.183141 0.240733 0.970591 0.378018 0.925798 0.466270 186.508006 0.309017 -14.018189 200.000000 -14.018189 0.038161 15.264422 0.951057 26.756045 200.000000 26.756045 0.476119 190.447475 0.309017 1.463131 200.000000 1.463131 0.063799 25.519497 0.951057 0.174049 200.000000 0.174049
 18.200000 0.944618 0.328173 0.895416 0.445230 1.236428 1.109365 0.328173 0.944618 0.445230 0.895416 0.036695 14.677990 0.309017 -14.018189 200.000000 -14.018189 0.004146 1.658353 0.951057 26.756045 200.000000 26.756045 1.855395 742.158104 0.309017 1.463131 200.000000 1.463131 0.309583 123.833357 0.951057 0.174049 200.000000 0.174049
 18.400000 0.939584 0.342318 0.964760 0.263131 1.221414 1.304530 0.342318 0.939584 0.263131 0.964760 0.110893 44.357198 0.309017 -14.018189 200.000000 -14.018189 0.013161 5.264466 0.951057 26.756045 200.000000 26.756045 0.210552 84.220801 0.309017 1.463131 200.000000 1.463131 0.018779 7.511529 0.951057 0.174049 200.000000 0.174049
 18.600000 0.937965 0.346729 0.964845 0.262820 1.216714 1.304853 0.346729 0.937965 0.262820 0.964845 0.142223 56.889068 0.309017 -14.018189 200.000000 -14.018189 0.017138 6.855305 0.951057 26.756045 200.000000 26.756045 0.213417 85.366859 0.309017 1.463131 200.000000 1.463131 0.019012 7.604792 0.951057 0.174049 200.000000 0.174049
 18.800000 0.921154 0.389197 0.961344 0.275352 1.171036 1.291841 0.389197 0.921154 0.275352 0.961344 0.642891 257.156349 0.309017 -14.018189 200.000000 -14.018189 0.089414 35.765592 0.951057 26.756045 200.000000 26.756045 0.113334 45.333626 0.309017 1.463131 200.000000 1.463131 0.010582 4.232891 0.951057 0.174049 200.000000 0.174049
 19.000000 0.923448 0.383724 0.970926 0.239381 1.176971 1.329068 0.383724 0.923448 0.239381 0.970926 0.558113 223.245362 0.309017 -14.018189 200.000000 -14.018189 0.076224 30.489570 0.951057 26.756045 200.000000 26.756045 0.484915 193.966192 0.309017 1.463131 200.000000 1.463131 0.039478 15.791349 0.951057 0.174049 200.000000 0.174049
 19.200000 0.900293 0.435283 0.942934 0.332979 1.120443 1.231335 0.435283 0.900293 0.332979 0.942934 1.594322 637.728892 0.309017 -14.018189 200.000000 -14.018189 0.257689 103.075541 0.951057 26.756045 200.000000 26.756045 0.057419 22.967800 0.309017 1.463131 200.000000 1.463131 0.006597 2.638936 0.951057 0.174049 200.000000 0.174049
 19.400000 0.955685 0.294390 0.918438 0.395566 1.271979 1.164112 0.294390 0.955685 0.395566 0.918438 0.021394 8.557685 0.309017 -14.018189 200.000000 -14.018189 0.002143 0.857025 0.951057 26.756045 200.000000 26.756045 0.749071 299.628572 0.309017 1.463131 200.000000 1.463131 0.106399 42.559765 0.951057 0.174049 200.000000 0.174049
 19.600000 0.963280 0.268499 0.940790 0.338989 1.298962 1.224954 0.268499 0.963280 0.338989 0.940790 0.164170 65.668162 0.309017 -14.018189 200.000000 -14.018189 0.014941 5.976493 0.951057 26.756045 200.000000 26.756045 0.089832 35.932962 0.309017 1.463131 200.000000 1.463131 0.010539 4.215792 0.951057 0.174049 200.000000 0.174049
 19.800000 0.952570 0.304319 0.913582 0.406655 1.261573 1.152007 0.304319 0.952570 0.406655 0.913582 0.002207 0.882865 0.309017 -14.018189 200.000000 -14.018189 0.000229 0.091649 0.951057 26.756045 200.000000 26.756045 0.953316 381.326428 0.309017 1.463131 200.000000 1.463131 0.140435 56.174032 0.951057 0.174049 200.000000 0.174049
 20.000000 0.927889 0.372857 0.888886 0.458129 1.188711 1.094907 0.372857 0.927889 0.458129 0.888886 0.407549 163.019518 0.309017 -14.018189 200.000000 -14.018189 0.053673 21.469350 0.951057 26.756045 200.000000 26.756045 2.223438 889.375317 0.309017 1.463131 200.000000 1.463131 0.386521 154.608265 0.951057 0.174049 200.000000 0.174049
