#! FIELDS time sin_phi cos_phi sin_psi cos_psi phi psi cos_phi sin_phi cos_psi sin_psi restraint_phi_cos.bias restraint_phi_cos.force2 restraint_phi_cos.cos_phi_cntr restraint_phi_cos.cos_phi_work restraint_phi_cos.cos_phi_kappa restraint_phi_cos.work restraint_phi_sin.bias restraint_phi_sin.force2 restraint_phi_sin.sin_phi_cntr restraint_phi_sin.sin_phi_work restraint_phi_sin.sin_phi_kappa restraint_phi_sin.work restraint_psi_cos.bias restraint_psi_cos.force2 restraint_psi_cos.cos_psi_cntr restraint_psi_cos.cos_psi_work restraint_psi_cos.cos_psi_kappa restraint_psi_cos.work restraint_psi_sin.bias restraint_psi_sin.force2 restraint_psi_sin.sin_psi_cntr restraint_psi_sin.sin_psi_work restraint_psi_sin.sin_psi_kappa restraint_psi_sin.work
#! SET min_phi -pi
#! SET max_phi pi
#! SET min_psi -pi
#! SET max_psi pi
 0.000000 -0.999983 -0.005782 0.966116 0.258110 -1.576579 1.309731 -0.005782 -0.999983 0.258110 0.966116 0.000000 0.000000 -0.009747 0.000000 0.000000 0.000000 0.000000 0.000000 -0.999953 0.000000 0.000000 0.000000 0.000000 0.000000 0.256142 0.000000 0.000000 0.000000 0.000000 0.000000 0.966639 0.000000 0.000000 0.000000
 0.200000 -1.000000 -0.000266 0.834656 0.550772 -1.571062 0.987508 -0.000266 -1.000000 0.550772 0.834656 0.000899 0.035955 -0.009747 0.429321 20.000000 0.429321 0.000000 0.000001 -0.999953 0.008204 20.000000 0.008204 0.868065 34.722587 0.256142 0.437497 20.000000 0.437497 0.174196 6.967822 0.966639 0.079186 20.000000 0.079186
 0.400000 -0.998237 0.059346 0.982967 0.183784 -1.511415 1.385962 0.059346 -0.998237 0.183784 0.982967 0.095476 7.638063 -0.009747 0.576152 40.000000 0.576152 0.000059 0.004706 -0.999953 0.009175 40.000000 0.009175 0.104715 8.377184 0.256142 0.652623 40.000000 0.652623 0.005332 0.426545 0.966639 0.103853 40.000000 0.103853
 0.600000 -0.997905 0.064694 0.969726 0.244195 -1.506057 1.324107 0.064694 -0.997905 0.244195 0.969726 0.166241 19.948918 -0.009747 0.652738 60.000000 0.652738 0.000126 0.015090 -0.999953 0.009549 60.000000 0.009549 0.004282 0.513884 0.256142 0.812950 60.000000 0.812950 0.000286 0.034310 0.966639 0.126978 60.000000 0.126978
 0.800000 -0.999998 0.001900 0.948099 0.317977 -1.568897 1.247202 0.001900 -0.999998 0.317977 0.948099 0.005425 0.868058 -0.009747 0.745436 80.000000 0.745436 0.000000 0.000013 -0.999953 0.009931 80.000000 0.009931 0.152938 24.470136 0.256142 0.870390 80.000000 0.870390 0.013750 2.199994 0.966639 0.131256 80.000000 0.131256
 1.000000 -0.997907 -0.064664 0.983714 0.179740 -1.635505 1.390074 -0.064664 -0.997907 0.179740 0.983714 0.150795 30.158950 -0.009747 0.830200 100.000000 0.830200 0.000209 0.041836 -0.999953 0.010215 100.000000 0.010215 0.291866 58.373296 0.256142 0.906285 100.000000 0.906285 0.014578 2.915589 0.966639 0.133900 100.000000 0.133900
 1.200000 -0.998632 0.052283 0.985233 0.171221 -1.518489 1.398728 0.052283 -0.998632 0.171221 0.985233 0.230861 55.406593 -0.009747 0.926076 120.000000 0.926076 0.000105 0.025098 -0.999953 0.010632 120.000000 0.010632 0.432703 103.848639 0.256142 0.992002 120.000000 0.992002 0.020743 4.978426 0.966639 0.141239 120.000000 0.141239
 1.400000 -0.999099 0.042450 0.979951 0.199238 -1.528334 1.370216 0.042450 -0.999099 0.199238 0.979951 0.190711 53.399045 -0.009747 0.960891 140.000000 0.960891 0.000051 0.014291 -0.999953 0.010712 140.000000 0.010712 0.226664 63.465860 0.256142 1.092922 140.000000 1.092922 0.012405 3.473287 0.966639 0.149514 140.000000 0.149514
 1.600000 -0.999952 0.009788 0.961509 0.274775 -1.561008 1.292441 0.009788 -0.999952 0.274775 0.961509 0.030528 9.768983 -0.009747 1.007034 160.000000 1.007034 0.000000 0.000000 -0.999953 0.010844 160.000000 0.010844 0.027774 8.887593 0.256142 1.162404 160.000000 1.162404 0.002106 0.673841 0.966639 0.156247 160.000000 0.156247
 1.800000 -0.999822 -0.018890 0.970255 0.242087 -1.589688 1.326281 -0.018890 -0.999822 0.242087 0.970255 0.007525 2.709001 -0.009747 1.052059 180.000000 1.052059 0.000002 0.000556 -0.999953 0.010933 180.000000 0.010933 0.017781 6.401157 0.256142 1.193843 180.000000 1.193843 0.001177 0.423550 0.966639 0.158902 180.000000 0.158902
 2.000000 -0.987244 0.159215 0.942677 0.333708 -1.410901 1.230562 0.159215 -0.987244 0.333708 0.942677 2.854784 1141.913410 -0.009747 1.082091 200.000000 1.082091 0.016151 6.460231 -0.999953 0.011014 200.000000 0.011014 0.601639 240.655703 0.256142 1.219996 200.000000 1.219996 0.057420 22.968050 0.966639 0.161398 200.000000 0.161398
 2.200000 -0.986071 0.166327 0.953803 0.300432 -1.403693 1.265651 0.166327 -0.986071 0.300432 0.953803 0.912986 365.194542 0.070777 0.807349 200.000000 0.807349 0.130816 52.326323 -0.949902 0.230307 200.000000 0.230307 1.922953 769.181348 0.161761 1.425683 200.000000 1.425683 0.004891 1.956284 0.946810 0.226167 200.000000 0.226167
 2.400000 -0.986264 0.165179 0.987788 0.155801 -1.404857 1.414358 0.165179 -0.986264 0.155801 0.987788 0.019263 7.705298 0.151300 0.385115 200.000000 0.385115 0.746699 298.679444 -0.899852 0.872786 200.000000 0.872786 0.781833 312.733251 0.067380 1.754048 200.000000 1.754048 0.369757 147.902614 0.926981 0.430830 200.000000 0.430830
 2.600000 -0.990181 0.139793 0.981890 0.189452 -1.430544 1.380192 0.139793 -0.990181 0.189452 0.981890 0.846944 338.777544 0.231823 0.078908 200.000000 0.078908 1.970630 788.251827 -0.849802 1.872860 200.000000 1.872860 4.685200 1874.080124 -0.027001 2.007254 200.000000 2.007254 0.558581 223.432526 0.907152 0.745950 200.000000 0.745950
 2.800000 -0.968874 0.247555 0.998772 -0.049540 -1.320641 1.620357 0.247555 -0.968874 -0.049540 0.998772 0.419784 167.913528 0.312346 -0.392214 200.000000 -0.392214 2.860243 1144.097258 -0.799751 3.135399 200.000000 3.135399 0.516128 206.451075 -0.121382 1.929220 200.000000 1.929220 1.242102 496.840786 0.887323 1.130986 200.000000 1.130986
 3.000000 -0.925461 0.378842 0.995001 -0.099866 -1.182252 1.670829 0.378842 -0.925461 -0.099866 0.995001 0.019675 7.869970 0.392869 -1.129308 200.000000 -1.129308 3.089171 1235.668210 -0.749701 4.545349 200.000000 4.545349 1.343217 537.286816 -0.215763 1.742200 200.000000 1.742200 1.625817 650.326749 0.867493 1.541518 200.000000 1.541518
 3.200000 -0.907078 0.420962 0.929582 -0.368615 -1.136290 1.948315 0.420962 -0.907078 -0.368615 0.929582 0.274881 109.952505 0.473392 -2.000235 200.000000 -2.000235 4.302607 1721.042927 -0.699651 5.979124 200.000000 5.979124 0.341884 136.753745 -0.310144 1.163083 200.000000 1.163083 0.671053 268.421073 0.847664 1.919116 200.000000 1.919116
 3.400000 -0.783956 0.620816 0.932563 -0.361006 -0.901013 1.940143 0.620816 -0.783956 -0.361006 0.932563 0.447583 179.033259 0.553915 -2.860433 200.000000 -2.860433 1.805143 722.057010 -0.649600 7.438923 200.000000 7.438923 0.189394 75.757574 -0.404526 0.365477 200.000000 0.365477 1.096803 438.721064 0.827835 2.217693 200.000000 2.217693
 3.600000 -0.715046 0.699078 0.855353 -0.518045 -0.796690 2.115360 0.699078 -0.715046 -0.518045 0.855353 0.417833 167.133204 0.634438 -3.820775 200.000000 -3.820775 1.333922 533.568884 -0.599550 8.735971 200.000000 8.735971 0.036628 14.651084 -0.498907 -0.152205 200.000000 -0.152205 0.224177 89.670957 0.808006 2.440112 200.000000 2.440112
 3.800000 -0.679797 0.733400 0.778270 -0.627929 -0.747486 2.249686 0.733400 -0.679797 -0.627929 0.778270 0.034001 13.600311 0.714961 -4.707472 200.000000 -4.707472 1.697743 679.097152 -0.549500 9.798203 200.000000 9.798203 0.120004 48.001416 -0.593288 -0.382000 200.000000 -0.382000 0.009814 3.925529 0.788177 2.549962 200.000000 2.549962
 4.000000 -0.640728 0.767768 0.807423 -0.589974 -0.695446 2.201822 0.767768 -0.640728 -0.589974 0.807423 0.076815 30.725890 0.795484 -5.113741 200.000000 -5.113741 1.995948 798.379393 -0.499450 10.753548 200.000000 10.753548 0.112334 44.933510 -0.623490 -0.198010 200.000000 -0.198010 0.065490 26.196124 0.781831 2.587824 200.000000 2.587824
 4.200000 -0.615686 0.787991 0.774338 -0.632772 -0.663256 2.255924 0.787991 -0.615686 -0.632772 0.774338 0.774669 309.867609 0.876007 -5.082413 200.000000 -5.082413 2.765132 1106.052759 -0.449399 11.468479 200.000000 11.468479 0.008616 3.446505 -0.623490 -0.198010 200.000000 -0.198010 0.005615 2.246082 0.781831 2.587824 200.000000 2.587824
 4.400000 -0.493450 0.869774 0.846218 -0.532837 -0.516052 2.132746 0.869774 -0.493450 -0.532837 0.846218 0.097311 38.924200 0.900969 -4.941015 200.000000 -4.941015 0.354812 141.924970 -0.433884 11.672528 200.000000 11.672528 0.821786 328.714338 -0.623490 -0.198010 200.000000 -0.198010 0.414558 165.823133 0.781831 2.587824 200.000000 2.587824
 4.600000 -0.480905 0.876773 0.809076 -0.587704 -0.501687 2.199014 0.876773 -0.480905 -0.587704 0.809076 0.058546 23.418270 0.900969 -4.941015 200.000000 -4.941015 0.221101 88.440325 -0.433884 11.672528 200.000000 11.672528 0.128065 51.226181 -0.623490 -0.198010 200.000000 -0.198010 0.074228 29.691280 0.781831 2.587824 200.000000 2.587824
 4.800000 -0.445461 0.895301 0.797851 -0.602855 -0.461689 2.217871 0.895301 -0.445461 -0.602855 0.797851 0.003212 1.284785 0.900969 -4.941015 200.000000 -4.941015 0.013403 5.361124 -0.433884 11.672528 200.000000 11.672528 0.042579 17.031793 -0.623490 -0.198010 200.000000 -0.198010 0.025662 10.264696 0.781831 2.587824 200.000000 2.587824
 5.000000 -0.371858 0.928290 0.766312 -0.642469 -0.381010 2.268512 0.928290 -0.371858 -0.642469 0.766312 0.074643 29.857035 0.900969 -4.941015 200.000000 -4.941015 0.384720 153.888170 -0.433884 11.672528 200.000000 11.672528 0.036020 14.407859 -0.623490 -0.198010 200.000000 -0.198010 0.024086 9.634207 0.781831 2.587824 200.000000 2.587824
 5.200000 -0.521504 0.853249 0.748855 -0.662734 -0.548612 2.295260 0.853249 -0.521504 -0.662734 0.748855 0.227718 91.087065 0.900969 -4.941015 200.000000 -4.941015 0.767724 307.089436 -0.433884 11.672528 200.000000 11.672528 0.154011 61.604309 -0.623490 -0.198010 200.000000 -0.198010 0.108746 43.498247 0.781831 2.587824 200.000000 2.587824
 5.400000 -0.347480 0.937687 0.767849 -0.640631 -0.354883 2.266116 0.937687 -0.347480 -0.640631 0.767849 0.134824 53.929790 0.900969 -4.941015 200.000000 -4.941015 0.746557 298.622862 -0.433884 11.672528 200.000000 11.672528 0.029381 11.752383 -0.623490 -0.198010 200.000000 -0.198010 0.019551 7.820211 0.781831 2.587824 200.000000 2.587824
 5.600000 -0.492250 0.870454 0.758003 -0.652251 -0.514673 2.281347 0.870454 -0.492250 -0.652251 0.758003 0.093118 37.247215 0.900969 -4.941015 200.000000 -4.941015 0.340667 136.266873 -0.433884 11.672528 200.000000 11.672528 0.082723 33.089070 -0.623490 -0.198010 200.000000 -0.198010 0.056781 22.712333 0.781831 2.587824 200.000000 2.587824
 5.800000 -0.433068 0.901361 0.770141 -0.637874 -0.447894 2.262530 0.901361 -0.433068 -0.637874 0.770141 0.000015 0.006161 0.900969 -4.941015 200.000000 -4.941015 0.000067 0.026626 -0.433884 11.672528 200.000000 11.672528 0.020689 8.275717 -0.623490 -0.198010 200.000000 -0.198010 0.013667 5.466608 0.781831 2.587824 200.000000 2.587824
 6.000000 -0.439904 0.898045 0.808689 -0.588237 -0.455492 2.199673 0.898045 -0.439904 -0.588237 0.808689 0.000855 0.342051 0.900969 -4.941015 200.000000 -4.941015 0.003625 1.449931 -0.433884 11.672528 200.000000 11.672528 0.124279 49.711611 -0.623490 -0.198010 200.000000 -0.198010 0.072132 28.852834 0.781831 2.587824 200.000000 2.587824
 6.200000 -0.528765 0.848768 0.789155 -0.614194 -0.557145 2.232161 0.848768 -0.528765 -0.614194 0.789155 0.272492 108.996833 0.900969 -4.941015 200.000000 -4.941015 0.900251 360.100284 -0.433884 11.672528 200.000000 11.672528 0.008641 3.456422 -0.623490 -0.198010 200.000000 -0.198010 0.005363 2.145366 0.781831 2.587824 200.000000 2.587824
 6.400000 -0.533729 0.845656 0.792336 -0.610086 -0.563004 2.226965 0.845656 -0.533729 -0.610086 0.792336 0.305954 122.381789 0.900969 -4.941015 200.000000 -4.941015 0.996903 398.761278 -0.433884 11.672528 200.000000 11.672528 0.017967 7.186958 -0.623490 -0.198010 200.000000 -0.198010 0.011034 4.413416 0.781831 2.587824 200.000000 2.587824
 6.600000 -0.543227 0.839586 0.815755 -0.578398 -0.574276 2.187560 0.839586 -0.543227 -0.578398 0.815755 0.376790 150.715999 0.900969 -4.941015 200.000000 -4.941015 1.195602 478.240927 -0.433884 11.672528 200.000000 11.672528 0.203328 81.331307 -0.623490 -0.198010 200.000000 -0.198010 0.115079 46.031683 0.781831 2.587824 200.000000 2.587824
 6.800000 -0.509427 0.860514 0.746195 -0.665728 -0.534519 2.299265 0.860514 -0.509427 -0.665728 0.746195 0.163661 65.464511 0.900969 -4.941015 200.000000 -4.941015 0.570680 228.272185 -0.433884 11.672528 200.000000 11.672528 0.178404 71.361416 -0.623490 -0.198010 200.000000 -0.198010 0.126997 50.798882 0.781831 2.587824 200.000000 2.587824
 7.000000 -0.408307 0.912845 0.788714 -0.614760 -0.420598 2.232878 0.912845 -0.408307 -0.614760 0.788714 0.014104 5.641538 0.900969 -4.941015 200.000000 -4.941015 0.065419 26.167503 -0.433884 11.672528 200.000000 11.672528 0.007621 3.048396 -0.623490 -0.198010 200.000000 -0.198010 0.004737 1.894902 0.781831 2.587824 200.000000 2.587824
 7.200000 -0.416393 0.909185 0.759880 -0.650064 -0.429475 2.278464 0.909185 -0.416393 -0.650064 0.759880 0.006750 2.699963 0.900969 -4.941015 200.000000 -4.941015 0.030592 12.236801 -0.433884 11.672528 200.000000 11.672528 0.070617 28.246610 -0.623490 -0.198010 200.000000 -0.198010 0.048188 19.275006 0.781831 2.587824 200.000000 2.587824
 7.400000 -0.452207 0.891913 0.686651 -0.726987 -0.469238 2.384720 0.891913 -0.452207 -0.726987 0.686651 0.008201 3.280329 0.900969 -4.941015 200.000000 -4.941015 0.033574 13.429639 -0.433884 11.672528 200.000000 11.672528 1.071168 428.467375 -0.623490 -0.198010 200.000000 -0.198010 0.905930 362.371831 0.781831 2.587824 200.000000 2.587824
 7.600000 -0.418732 0.908110 0.779146 -0.626843 -0.432049 2.248291 0.908110 -0.418732 -0.626843 0.779146 0.005099 2.039720 0.900969 -4.941015 200.000000 -4.941015 0.022957 9.182875 -0.433884 11.672528 200.000000 11.672528 0.001124 0.449766 -0.623490 -0.198010 200.000000 -0.198010 0.000721 0.288566 0.781831 2.587824 200.000000 2.587824
 7.800000 -0.443758 0.896147 0.727527 -0.686079 -0.459788 2.326882 0.896147 -0.443758 -0.686079 0.727527 0.002325 0.930196 0.900969 -4.941015 200.000000 -4.941015 0.009751 3.900242 -0.433884 11.672528 200.000000 11.672528 0.391736 156.694559 -0.623490 -0.198010 200.000000 -0.198010 0.294894 117.957431 0.781831 2.587824 200.000000 2.587824
 8.000000 -0.495463 0.868629 0.747743 -0.663988 -0.518367 2.296936 0.868629 -0.495463 -0.663988 0.747743 0.104585 41.834087 0.900969 -4.941015 200.000000 -4.941015 0.379197 151.678607 -0.433884 11.672528 200.000000 11.672528 0.164014 65.605499 -0.623490 -0.198010 200.000000 -0.198010 0.116203 46.481361 0.781831 2.587824 200.000000 2.587824
 8.200000 -0.520661 0.853763 0.840493 -0.541823 -0.547625 2.143400 0.853763 -0.520661 -0.541823 0.840493 0.222836 89.134469 0.900969 -4.941015 200.000000 -4.941015 0.753034 301.213585 -0.433884 11.672528 200.000000 11.672528 0.666954 266.781774 -0.623490 -0.198010 200.000000 -0.198010 0.344116 137.646583 0.781831 2.587824 200.000000 2.587824
 8.400000 -0.439439 0.898272 0.833523 -0.552485 -0.454975 2.156139 0.898272 -0.439439 -0.552485 0.833523 0.000727 0.290876 0.900969 -4.941015 200.000000 -4.941015 0.003087 1.234629 -0.433884 11.672528 200.000000 11.672528 0.504166 201.666208 -0.623490 -0.198010 200.000000 -0.198010 0.267198 106.879343 0.781831 2.587824 200.000000 2.587824
 8.600000 -0.493280 0.869870 0.819232 -0.573462 -0.515857 2.181522 0.869870 -0.493280 -0.573462 0.819232 0.096711 38.684346 0.900969 -4.941015 200.000000 -4.941015 0.352794 141.117401 -0.433884 11.672528 200.000000 11.672528 0.250280 100.112081 -0.623490 -0.198010 200.000000 -0.198010 0.139882 55.952873 0.781831 2.587824 200.000000 2.587824
 8.800000 -0.436096 0.899900 0.810888 -0.585201 -0.451256 2.195924 0.899900 -0.436096 -0.585201 0.810888 0.000114 0.045694 0.900969 -4.941015 200.000000 -4.941015 0.000489 0.195798 -0.433884 11.672528 200.000000 11.672528 0.146603 58.641326 -0.623490 -0.198010 200.000000 -0.198010 0.084430 33.771898 0.781831 2.587824 200.000000 2.587824
 9.000000 -0.467031 0.884241 0.776666 -0.629913 -0.485930 2.252237 0.884241 -0.467031 -0.629913 0.776666 0.027982 11.192710 0.900969 -4.941015 200.000000 -4.941015 0.109872 43.948778 -0.433884 11.672528 200.000000 11.672528 0.004125 1.650132 -0.623490 -0.198010 200.000000 -0.198010 0.002668 1.067303 0.781831 2.587824 200.000000 2.587824
 9.200000 -0.496488 0.868044 0.714812 -0.699317 -0.519548 2.345238 0.868044 -0.496488 -0.699317 0.714812 0.108407 43.362723 0.900969 -4.941015 200.000000 -4.941015 0.391927 156.770919 -0.433884 11.672528 200.000000 11.672528 0.574973 229.989243 -0.623490 -0.198010 200.000000 -0.198010 0.449163 179.665035 0.781831 2.587824 200.000000 2.587824
 9.400000 -0.373898 0.927470 0.752034 -0.659124 -0.383208 2.290450 0.927470 -0.373898 -0.659124 0.752034 0.070230 28.091914 0.900969 -4.941015 200.000000 -4.941015 0.359827 143.930848 -0.433884 11.672528 200.000000 11.672528 0.126981 50.792451 -0.623490 -0.198010 200.000000 -0.198010 0.088788 35.515385 0.781831 2.587824 200.000000 2.587824
 9.600000 -0.412710 0.910863 0.731674 -0.681655 -0.425427 2.320819 0.910863 -0.412710 -0.681655 0.731674 0.009788 3.915399 0.900969 -4.941015 200.000000 -4.941015 0.044833 17.933358 -0.433884 11.672528 200.000000 11.672528 0.338320 135.327947 -0.623490 -0.198010 200.000000 -0.198010 0.251581 100.632237 0.781831 2.587824 200.000000 2.587824
 9.800000 -0.427215 0.904150 0.799642 -0.600478 -0.441410 2.214895 0.904150 -0.427215 -0.600478 0.799642 0.001012 0.404816 0.900969 -4.941015 200.000000 -4.941015 0.004447 1.778949 -0.433884 11.672528 200.000000 11.672528 0.052956 21.182479 -0.623490 -0.198010 200.000000 -0.198010 0.031720 12.687991 0.781831 2.587824 200.000000 2.587824
 10.000000 -0.534027 0.845467 0.756755 -0.653698 -0.563357 2.283258 0.845467 -0.534027 -0.653698 0.756755 0.308044 123.217632 0.900969 -4.941015 200.000000 -4.941015 1.002876 401.150384 -0.433884 11.672528 200.000000 11.672528 0.091256 36.502202 -0.623490 -0.198010 200.000000 -0.198010 0.062882 25.152714 0.781831 2.587824 200.000000 2.587824
 10.200000 -0.483128 0.875550 0.797498 -0.603321 -0.504223 2.218455 0.875550 -0.483128 -0.603321 0.797498 0.064612 25.844758 0.900969 -4.941015 200.000000 -4.941015 0.242495 96.998001 -0.433884 11.672528 200.000000 11.672528 0.040678 16.271128 -0.623490 -0.198010 200.000000 -0.198010 0.024545 9.818094 0.781831 2.587824 200.000000 2.587824
 10.400000 -0.470420 0.882442 0.832605 -0.553868 -0.489767 2.157799 0.882442 -0.470420 -0.553868 0.832605 0.034323 13.729143 0.900969 -4.941015 200.000000 -4.941015 0.133493 53.397071 -0.433884 11.672528 200.000000 11.672528 0.484725 193.890046 -0.623490 -0.198010 200.000000 -0.198010 0.257793 103.117020 0.781831 2.587824 200.000000 2.587824
 10.600000 -0.558369 0.829593 0.770050 -0.637983 -0.592419 2.262673 0.829593 -0.558369 -0.637983 0.770050 0.509458 203.783281 0.900969 -4.941015 200.000000 -4.941015 1.549665 619.865872 -0.433884 11.672528 200.000000 11.672528 0.021006 8.402287 -0.623490 -0.198010 200.000000 -0.198010 0.013880 5.551830 0.781831 2.587824 200.000000 2.587824
 10.800000 -0.498914 0.866651 0.761518 -0.648144 -0.522346 2.275941 0.866651 -0.498914 -0.648144 0.761518 0.117769 47.107690 0.900969 -4.941015 200.000000 -4.941015 0.422897 169.158767 -0.433884 11.672528 200.000000 11.672528 0.060782 24.312750 -0.623490 -0.198010 200.000000 -0.198010 0.041264 16.505532 0.781831 2.587824 200.000000 2.587824
 11.000000 -0.505228 0.862986 0.824461 -0.565918 -0.529646 2.172343 0.862986 -0.505228 -0.565918 0.824461 0.144270 57.707927 0.900969 -4.941015 200.000000 -4.941015 0.508998 203.599182 -0.433884 11.672528 200.000000 11.672528 0.331447 132.578972 -0.623490 -0.198010 200.000000 -0.198010 0.181730 72.692070 0.781831 2.587824 200.000000 2.587824
 11.200000 -0.450554 0.892749 0.719166 -0.694838 -0.467386 2.338991 0.892749 -0.450554 -0.694838 0.719166 0.006756 2.702529 0.900969 -4.941015 200.000000 -4.941015 0.027790 11.115888 -0.433884 11.672528 200.000000 11.672528 0.509060 203.623933 -0.623490 -0.198010 200.000000 -0.198010 0.392695 157.078168 0.781831 2.587824 200.000000 2.587824
 11.400000 -0.456830 0.889554 0.799558 -0.600589 -0.474428 2.215033 0.889554 -0.456830 -0.600589 0.799558 0.013030 5.211954 0.900969 -4.941015 200.000000 -4.941015 0.052653 21.061245 -0.433884 11.672528 200.000000 11.672528 0.052446 20.978444 -0.623490 -0.198010 200.000000 -0.198010 0.031423 12.569385 0.781831 2.587824 200.000000 2.587824
 11.600000 -0.467502 0.883992 0.733229 -0.679982 -0.486463 2.318534 0.883992 -0.467502 -0.679982 0.733229 0.028821 11.528404 0.900969 -4.941015 200.000000 -4.941015 0.113017 45.206976 -0.433884 11.672528 200.000000 11.672528 0.319133 127.653372 -0.623490 -0.198010 200.000000 -0.198010 0.236219 94.487723 0.781831 2.587824 200.000000 2.587824
 11.800000 -0.391752 0.920071 0.790420 -0.612566 -0.402536 2.230099 0.920071 -0.391752 -0.612566 0.790420 0.036488 14.595121 0.900969 -4.941015 200.000000 -4.941015 0.177504 71.001734 -0.433884 11.672528 200.000000 11.672528 0.011934 4.773599 -0.623490 -0.198010 200.000000 -0.198010 0.007376 2.950379 0.781831 2.587824 200.000000 2.587824
 12.000000 -0.445526 0.895269 0.735720 -0.677286 -0.461762 2.314864 0.895269 -0.445526 -0.677286 0.735720 0.003249 1.299607 0.900969 -4.941015 200.000000 -4.941015 0.013555 5.421967 -0.433884 11.672528 200.000000 11.672528 0.289404 115.761587 -0.623490 -0.198010 200.000000 -0.198010 0.212629 85.051641 0.781831 2.587824 200.000000 2.587824
 12.200000 -0.427639 0.903949 0.817054 -0.576561 -0.441880 2.185309 0.903949 -0.427639 -0.576561 0.817054 0.000888 0.355342 0.900969 -4.941015 200.000000 -4.941015 0.003899 1.559650 -0.433884 11.672528 200.000000 11.672528 0.220235 88.093870 -0.623490 -0.198010 200.000000 -0.198010 0.124065 49.626057 0.781831 2.587824 200.000000 2.587824
 12.400000 -0.497680 0.867360 0.747969 -0.663734 -0.520922 2.296596 0.867360 -0.497680 -0.663734 0.747969 0.112952 45.180976 0.900969 -4.941015 200.000000 -4.941015 0.407002 162.800732 -0.433884 11.672528 200.000000 11.672528 0.161958 64.783092 -0.623490 -0.198010 200.000000 -0.198010 0.114667 45.866976 0.781831 2.587824 200.000000 2.587824
 12.600000 -0.411198 0.911546 0.824234 -0.566249 -0.423767 2.172745 0.911546 -0.411198 -0.566249 0.824234 0.011188 4.475242 0.900969 -4.941015 200.000000 -4.941015 0.051466 20.586516 -0.433884 11.672528 200.000000 11.672528 0.327646 131.058546 -0.623490 -0.198010 200.000000 -0.198010 0.179797 71.918797 0.781831 2.587824 200.000000 2.587824
 12.800000 -0.462120 0.886817 0.832132 -0.554578 -0.480384 2.158652 0.886817 -0.462120 -0.554578 0.832132 0.020026 8.010596 0.900969 -4.941015 200.000000 -4.941015 0.079729 31.891600 -0.433884 11.672528 200.000000 11.672528 0.474883 189.953143 -0.623490 -0.198010 200.000000 -0.198010 0.253011 101.204506 0.781831 2.587824 200.000000 2.587824
 13.000000 -0.474159 0.880439 0.830527 -0.556979 -0.494009 2.161540 0.880439 -0.474159 -0.556979 0.830527 0.042147 16.858687 0.900969 -4.941015 200.000000 -4.941015 0.162210 64.884049 -0.433884 11.672528 200.000000 11.672528 0.442368 176.947120 -0.623490 -0.198010 200.000000 -0.198010 0.237121 94.848313 0.781831 2.587824 200.000000 2.587824
 13.200000 -0.495396 0.868667 0.803763 -0.594950 -0.518291 2.208000 0.868667 -0.495396 -0.594950 0.803763 0.104339 41.735721 0.900969 -4.941015 200.000000 -4.941015 0.378375 151.350190 -0.433884 11.672528 200.000000 11.672528 0.081450 32.580199 -0.623490 -0.198010 200.000000 -0.198010 0.048097 19.238805 0.781831 2.587824 200.000000 2.587824
 13.400000 -0.498510 0.866884 0.760573 -0.649252 -0.521880 2.277397 0.866884 -0.498510 -0.649252 0.760573 0.116180 46.471885 0.900969 -4.941015 200.000000 -4.941015 0.417660 167.064173 -0.433884 11.672528 200.000000 11.672528 0.066369 26.547662 -0.623490 -0.198010 200.000000 -0.198010 0.045191 18.076325 0.781831 2.587824 200.000000 2.587824
 13.600000 -0.450576 0.892738 0.793561 -0.608491 -0.467410 2.224954 0.892738 -0.450576 -0.608491 0.793561 0.006775 2.709815 0.900969 -4.941015 200.000000 -4.941015 0.027863 11.145165 -0.433884 11.672528 200.000000 11.672528 0.022496 8.998382 -0.623490 -0.198010 200.000000 -0.198010 0.013757 5.502944 0.781831 2.587824 200.000000 2.587824
 13.800000 -0.532202 0.846618 0.750015 -0.661421 -0.561199 2.293508 0.846618 -0.532202 -0.661421 0.750015 0.295405 118.162091 0.900969 -4.941015 200.000000 -4.941015 0.966640 386.655857 -0.433884 11.672528 200.000000 11.672528 0.143878 57.551292 -0.623490 -0.198010 200.000000 -0.198010 0.101230 40.492141 0.781831 2.587824 200.000000 2.587824
 14.000000 -0.426642 0.904421 0.750648 -0.660702 -0.440776 2.292550 0.904421 -0.426642 -0.660702 0.750648 0.001192 0.476613 0.900969 -4.941015 200.000000 -4.941015 0.005245 2.097878 -0.433884 11.672528 200.000000 11.672528 0.138476 55.390416 -0.623490 -0.198010 200.000000 -0.198010 0.097240 38.896015 0.781831 2.587824 200.000000 2.587824
 14.200000 -0.431590 0.902070 0.755787 -0.654817 -0.446254 2.284737 0.902070 -0.431590 -0.654817 0.755787 0.000121 0.048510 0.900969 -4.941015 200.000000 -4.941015 0.000526 0.210541 -0.433884 11.672528 200.000000 11.672528 0.098141 39.256422 -0.623490 -0.198010 200.000000 -0.198010 0.067830 27.132124 0.781831 2.587824 200.000000 2.587824
 14.400000 -0.412211 0.911088 0.736422 -0.676522 -0.424880 2.313826 0.911088 -0.412211 -0.676522 0.736422 0.010240 4.096032 0.900969 -4.941015 200.000000 -4.941015 0.046969 18.787485 -0.433884 11.672528 200.000000 11.672528 0.281244 112.497577 -0.623490 -0.198010 200.000000 -0.198010 0.206200 82.480110 0.781831 2.587824 200.000000 2.587824
 14.600000 -0.478717 0.877969 0.787883 -0.615825 -0.499193 2.234229 0.877969 -0.478717 -0.615825 0.787883 0.052898 21.159283 0.900969 -4.941015 200.000000 -4.941015 0.201002 80.400914 -0.433884 11.672528 200.000000 11.672528 0.005874 2.349743 -0.623490 -0.198010 200.000000 -0.198010 0.003662 1.464680 0.781831 2.587824 200.000000 2.587824
 14.800000 -0.426118 0.904667 0.819280 -0.573394 -0.440198 2.181438 0.904667 -0.426118 -0.573394 0.819280 0.001368 0.547167 0.900969 -4.941015 200.000000 -4.941015 0.006030 2.412021 -0.433884 11.672528 200.000000 11.672528 0.250963 100.385390 -0.623490 -0.198010 200.000000 -0.198010 0.140240 56.095882 0.781831 2.587824 200.000000 2.587824
 15.000000 -0.429512 0.903061 0.777739 -0.628587 -0.443952 2.250532 0.903061 -0.429512 -0.628587 0.777739 0.000438 0.175134 0.900969 -4.941015 200.000000 -4.941015 0.001912 0.764609 -0.433884 11.672528 200.000000 11.672528 0.002599 1.039421 -0.623490 -0.198010 200.000000 -0.198010 0.001675 0.669952 0.781831 2.587824 200.000000 2.587824
 15.200000 -0.507396 0.861713 0.759894 -0.650046 -0.532160 2.278442 0.861713 -0.507396 -0.650046 0.759894 0.154101 61.640313 0.900969 -4.941015 200.000000 -4.941015 0.540400 216.160178 -0.433884 11.672528 200.000000 11.672528 0.070526 28.210216 -0.623490 -0.198010 200.000000 -0.198010 0.048123 19.249288 0.781831 2.587824 200.000000 2.587824
 15.400000 -0.419544 0.907735 0.873620 -0.486608 -0.432943 2.078999 0.907735 -0.419544 -0.486608 0.873620 0.004578 1.831300 0.900969 -4.941015 200.000000 -4.941015 0.020564 8.225483 -0.433884 11.672528 200.000000 11.672528 1.873661 749.464299 -0.623490 -0.198010 200.000000 -0.198010 0.842520 337.008128 0.781831 2.587824 200.000000 2.587824
 15.600000 -0.506896 0.862007 0.758129 -0.652104 -0.531580 2.281153 0.862007 -0.506896 -0.652104 0.758129 0.151803 60.721017 0.900969 -4.941015 200.000000 -4.941015 0.533084 213.233563 -0.433884 11.672528 200.000000 11.672528 0.081879 32.751738 -0.623490 -0.198010 200.000000 -0.198010 0.056180 22.471918 0.781831 2.587824 200.000000 2.587824
 15.800000 -0.491761 0.870730 0.795968 -0.605338 -0.514111 2.220987 0.870730 -0.491761 -0.605338 0.795968 0.091436 36.574592 0.900969 -4.941015 200.000000 -4.941015 0.334974 133.989613 -0.433884 11.672528 200.000000 11.672528 0.032947 13.178940 -0.623490 -0.198010 200.000000 -0.198010 0.019985 7.993907 0.781831 2.587824 200.000000 2.587824
 16.000000 -0.506074 0.862490 0.790601 -0.612332 -0.530626 2.229803 0.862490 -0.506074 -0.612332 0.790601 0.148061 59.224277 0.900969 -4.941015 200.000000 -4.941015 0.521140 208.455867 -0.433884 11.672528 200.000000 11.672528 0.012450 4.979964 -0.623490 -0.198010 200.000000 -0.198010 0.007690 3.076054 0.781831 2.587824 200.000000 2.587824
 16.200000 -0.468677 0.883369 0.728913 -0.684606 -0.487793 2.324860 0.883369 -0.468677 -0.684606 0.728913 0.030974 12.389700 0.900969 -4.941015 200.000000 -4.941015 0.121060 48.424130 -0.433884 11.672528 200.000000 11.672528 0.373520 149.408137 -0.623490 -0.198010 200.000000 -0.198010 0.280034 112.013733 0.781831 2.587824 200.000000 2.587824
 16.400000 -0.485065 0.874478 0.769315 -0.638869 -0.506437 2.263824 0.874478 -0.485065 -0.638869 0.769315 0.070176 28.070281 0.900969 -4.941015 200.000000 -4.941015 0.261951 104.780328 -0.433884 11.672528 200.000000 11.672528 0.023653 9.461374 -0.623490 -0.198010 200.000000 -0.198010 0.015666 6.266347 0.781831 2.587824 200.000000 2.587824
 16.600000 -0.401780 0.915736 0.755627 -0.655002 -0.413460 2.284982 0.915736 -0.401780 -0.655002 0.755627 0.021807 8.722803 0.900969 -4.941015 200.000000 -4.941015 0.103063 41.225068 -0.433884 11.672528 200.000000 11.672528 0.099303 39.721230 -0.623490 -0.198010 200.000000 -0.198010 0.068668 27.467045 0.781831 2.587824 200.000000 2.587824
 16.800000 -0.456633 0.889655 0.761373 -0.648315 -0.474207 2.276165 0.889655 -0.456633 -0.648315 0.761373 0.012800 5.119975 0.900969 -4.941015 200.000000 -4.941015 0.051753 20.701059 -0.433884 11.672528 200.000000 11.672528 0.061627 24.650734 -0.623490 -0.198010 200.000000 -0.198010 0.041857 16.742632 0.781831 2.587824 200.000000 2.587824
 17.000000 -0.457787 0.889062 0.737450 -0.675401 -0.475504 2.312305 0.889062 -0.457787 -0.675401 0.737450 0.014177 5.670833 0.900969 -4.941015 200.000000 -4.941015 0.057135 22.853849 -0.433884 11.672528 200.000000 11.672528 0.269482 107.792747 -0.623490 -0.198010 200.000000 -0.198010 0.196969 78.787710 0.781831 2.587824 200.000000 2.587824
 17.200000 -0.473328 0.880886 0.794410 -0.607382 -0.493065 2.223557 0.880886 -0.473328 -0.607382 0.794410 0.040332 16.132665 0.900969 -4.941015 200.000000 -4.941015 0.155587 62.234795 -0.433884 11.672528 200.000000 11.672528 0.025947 10.378760 -0.623490 -0.198010 200.000000 -0.198010 0.015822 6.328859 0.781831 2.587824 200.000000 2.587824
 17.400000 -0.428739 0.903428 0.788599 -0.614908 -0.443097 2.233065 0.903428 -0.428739 -0.614908 0.788599 0.000605 0.241942 0.900969 -4.941015 200.000000 -4.941015 0.002647 1.058603 -0.433884 11.672528 200.000000 11.672528 0.007365 2.945989 -0.623490 -0.198010 200.000000 -0.198010 0.004580 1.831951 0.781831 2.587824 200.000000 2.587824
 17.600000 -0.506411 0.862292 0.802472 -0.596690 -0.531017 2.210167 0.862292 -0.506411 -0.596690 0.802472 0.149587 59.834807 0.900969 -4.941015 200.000000 -4.941015 0.526017 210.406644 -0.433884 11.672528 200.000000 11.672528 0.071822 28.728705 -0.623490 -0.198010 200.000000 -0.198010 0.042602 17.040695 0.781831 2.587824 200.000000 2.587824
 17.800000 -0.487847 0.872929 0.848812 -0.528695 -0.509622 2.127859 0.872929 -0.487847 -0.528695 0.848812 0.078623 31.449191 0.900969 -4.941015 200.000000 -4.941015 0.291205 116.481906 -0.433884 11.672528 200.000000 11.672528 0.898608 359.443131 -0.623490 -0.198010 200.000000 -0.198010 0.448638 179.455332 0.781831 2.587824 200.000000 2.587824
 18.000000 -0.460221 0.887805 0.862295 -0.506407 -0.478244 2.101809 0.887805 -0.460221 -0.506407 0.862295 0.017330 6.931986 0.900969 -4.941015 200.000000 -4.941015 0.069364 27.745452 -0.433884 11.672528 200.000000 11.672528 1.370848 548.339305 -0.623490 -0.198010 200.000000 -0.198010 0.647435 258.974048 0.781831 2.587824 200.000000 2.587824
 18.200000 -0.510678 0.859772 0.760635 -0.649180 -0.535974 2.277302 0.859772 -0.510678 -0.649180 0.760635 0.169720 67.888029 0.900969 -4.941015 200.000000 -4.941015 0.589743 235.897232 -0.433884 11.672528 200.000000 11.672528 0.065996 26.398438 -0.623490 -0.198010 200.000000 -0.198010 0.044928 17.971228 0.781831 2.587824 200.000000 2.587824
 18.400000 -0.470716 0.882285 0.738923 -0.673790 -0.490102 2.310122 0.882285 -0.470716 -0.673790 0.738923 0.034909 13.963555 0.900969 -4.941015 200.000000 -4.941015 0.135659 54.263737 -0.433884 11.672528 200.000000 11.672528 0.253010 101.204167 -0.623490 -0.198010 200.000000 -0.198010 0.184114 73.645717 0.781831 2.587824 200.000000 2.587824
 18.600000 -0.459756 0.888045 0.799018 -0.601307 -0.477721 2.215932 0.888045 -0.459756 -0.601307 0.799018 0.016702 6.680908 0.900969 -4.941015 200.000000 -4.941015 0.066939 26.775509 -0.433884 11.672528 200.000000 11.672528 0.049207 19.682664 -0.623490 -0.198010 200.000000 -0.198010 0.029537 11.814929 0.781831 2.587824 200.000000 2.587824
 18.800000 -0.472005 0.881596 0.679939 -0.733269 -0.491564 2.393914 0.881596 -0.472005 -0.733269 0.679939 0.037531 15.012506 0.900969 -4.941015 200.000000 -4.941015 0.145323 58.129169 -0.433884 11.672528 200.000000 11.672528 1.205149 482.059797 -0.623490 -0.198010 200.000000 -0.198010 1.038217 415.286841 0.781831 2.587824 200.000000 2.587824
 19.000000 -0.510972 0.859598 0.712483 -0.701690 -0.536315 2.348562 0.859598 -0.510972 -0.701690 0.712483 0.171159 68.463508 0.900969 -4.941015 200.000000 -4.941015 0.594256 237.702210 -0.433884 11.672528 200.000000 11.672528 0.611521 244.608269 -0.623490 -0.198010 200.000000 -0.198010 0.480924 192.369667 0.781831 2.587824 200.000000 2.587824
 19.200000 -0.465793 0.884894 0.745136 -0.666912 -0.484530 2.300853 0.884894 -0.465793 -0.666912 0.745136 0.025840 10.336125 0.900969 -4.941015 200.000000 -4.941015 0.101817 40.726904 -0.433884 11.672528 200.000000 11.672528 0.188549 75.419607 -0.623490 -0.198010 200.000000 -0.198010 0.134652 53.860995 0.781831 2.587824 200.000000 2.587824
 19.400000 -0.499124 0.866530 0.737366 -0.675494 -0.522588 2.312430 0.866530 -0.499124 -0.675494 0.737366 0.118601 47.440565 0.900969 -4.941015 200.000000 -4.941015 0.425635 170.254022 -0.433884 11.672528 200.000000 11.672528 0.270441 108.176576 -0.623490 -0.198010 200.000000 -0.198010 0.197721 79.088307 0.781831 2.587824 200.000000 2.587824
 19.600000 -0.464856 0.885386 0.812585 -0.582842 -0.483472 2.193019 0.885386 -0.464856 -0.582842 0.812585 0.024282 9.712846 0.900969 -4.941015 200.000000 -4.941015 0.095930 38.371952 -0.433884 11.672528 200.000000 11.672528 0.165222 66.088619 -0.623490 -0.198010 200.000000 -0.198010 0.094579 37.831781 0.781831 2.587824 200.000000 2.587824
 19.800000 -0.447016 0.894526 0.820940 -0.571014 -0.463426 2.178537 0.894526 -0.447016 -0.571014 0.820940 0.004151 1.660392 0.900969 -4.941015 200.000000 -4.941015 0.017245 6.898049 -0.433884 11.672528 200.000000 11.672528 0.275368 110.147100 -0.623490 -0.198010 200.000000 -0.198010 0.152948 61.179383 0.781831 2.587824 200.000000 2.587824
 20.000000 -0.507085 0.861896 0.798511 -0.601980 -0.531800 2.216774 0.861896 -0.507085 -0.601980 0.798511 0.152669 61.067746 0.900969 -4.941015 200.000000 -4.941015 0.535845 214.338084 -0.433884 11.672528 200.000000 11.672528 0.046269 18.507576 -0.623490 -0.198010 200.000000 -0.198010 0.027822 11.128888 0.781831 2.587824 200.000000 2.587824
