#! FIELDS time sin_phi cos_phi sin_psi cos_psi phi psi cos_phi sin_phi cos_psi sin_psi restraint_phi_cos.bias restraint_phi_cos.force2 restraint_phi_cos.cos_phi_cntr restraint_phi_cos.cos_phi_work restraint_phi_cos.cos_phi_kappa restraint_phi_cos.work restraint_phi_sin.bias restraint_phi_sin.force2 restraint_phi_sin.sin_phi_cntr restraint_phi_sin.sin_phi_work restraint_phi_sin.sin_phi_kappa restraint_phi_sin.work restraint_psi_cos.bias restraint_psi_cos.force2 restraint_psi_cos.cos_psi_cntr restraint_psi_cos.cos_psi_work restraint_psi_cos.cos_psi_kappa restraint_psi_cos.work restraint_psi_sin.bias restraint_psi_sin.force2 restraint_psi_sin.sin_psi_cntr restraint_psi_sin.sin_psi_work restraint_psi_sin.sin_psi_kappa restraint_psi_sin.work
#! SET min_phi -pi
#! SET max_phi pi
#! SET min_psi -pi
#! SET max_psi pi
 0.000000 -0.999983 -0.005782 0.966116 0.258110 -1.576579 1.309731 -0.005782 -0.999983 0.258110 0.966116 0.000000 0.000000 -0.009747 0.000000 0.000000 0.000000 0.000000 0.000000 -0.999953 0.000000 0.000000 0.000000 0.000000 0.000000 0.256142 0.000000 0.000000 0.000000 0.000000 0.000000 0.966639 0.000000 0.000000 0.000000
 0.200000 -1.000000 -0.000266 0.834655 0.550773 -1.571062 0.987506 -0.000266 -1.000000 0.550773 0.834655 0.000899 0.035954 -0.009747 0.429322 20.000000 0.429322 0.000000 0.000001 -0.999953 0.008204 20.000000 0.008204 0.868072 34.722866 0.256142 0.437494 20.000000 0.437494 0.174198 6.967905 0.966639 0.079186 20.000000 0.079186
 0.400000 -0.998238 0.059333 0.982968 0.183778 -1.511428 1.385968 0.059333 -0.998238 0.183778 0.982968 0.095441 7.635246 -0.009747 0.576151 40.000000 0.576151 0.000059 0.004702 -0.999953 0.009175 40.000000 0.009175 0.104733 8.378618 0.256142 0.652620 40.000000 0.652620 0.005333 0.426605 0.966639 0.103852 40.000000 0.103852
 0.600000 -0.997905 0.064690 0.969721 0.244216 -1.506061 1.324085 0.064690 -0.997905 0.244216 0.969721 0.166224 19.946879 -0.009747 0.652738 60.000000 0.652738 0.000126 0.015086 -0.999953 0.009549 60.000000 0.009549 0.004267 0.512080 0.256142 0.812949 60.000000 0.812949 0.000285 0.034192 0.966639 0.126978 60.000000 0.126978
 0.800000 -0.999998 0.001894 0.948099 0.317975 -1.568902 1.247203 0.001894 -0.999998 0.317975 0.948099 0.005420 0.867200 -0.009747 0.745440 80.000000 0.745440 0.000000 0.000013 -0.999953 0.009931 80.000000 0.009931 0.152931 24.469032 0.256142 0.870396 80.000000 0.870396 0.013749 2.199883 0.966639 0.131256 80.000000 0.131256
 1.000000 -0.997905 -0.064690 0.983714 0.179740 -1.635531 1.390074 -0.064690 -0.997905 0.179740 0.983714 0.150938 30.187619 -0.009747 0.830208 100.000000 0.830208 0.000210 0.041905 -0.999953 0.010215 100.000000 0.010215 0.291867 58.373466 0.256142 0.906296 100.000000 0.906296 0.014578 2.915595 0.966639 0.133900 100.000000 0.133900
 1.200000 -0.998628 0.052357 0.985226 0.171262 -1.518415 1.398686 0.052357 -0.998628 0.171262 0.985226 0.231412 55.538994 -0.009747 0.926095 120.000000 0.926095 0.000105 0.025246 -0.999953 0.010633 120.000000 0.010633 0.432282 103.747643 0.256142 0.992025 120.000000 0.992025 0.020727 4.974582 0.966639 0.141240 120.000000 0.141240
 1.400000 -0.999098 0.042471 0.979939 0.199299 -1.528313 1.370154 0.042471 -0.999098 0.199299 0.979939 0.190866 53.442499 -0.009747 0.960898 140.000000 0.960898 0.000051 0.014321 -0.999953 0.010712 140.000000 0.010712 0.226180 63.330420 0.256142 1.092945 140.000000 1.092945 0.012382 3.466844 0.966639 0.149518 140.000000 0.149518
 1.600000 -0.999952 0.009779 0.961528 0.274706 -1.561018 1.292512 0.009779 -0.999952 0.274706 0.961528 0.030498 9.759450 -0.009747 1.007093 160.000000 1.007093 0.000000 0.000000 -0.999953 0.010845 160.000000 0.010845 0.027570 8.822428 0.256142 1.162447 160.000000 1.162447 0.002090 0.668714 0.966639 0.156254 160.000000 0.156254
 1.800000 -0.999816 -0.019191 0.970209 0.242271 -1.589988 1.326090 -0.019191 -0.999816 0.242271 0.970209 0.008027 2.889774 -0.009747 1.051966 180.000000 1.051966 0.000002 0.000605 -0.999953 0.010933 180.000000 0.010933 0.017316 6.233938 0.256142 1.193883 180.000000 1.193883 0.001147 0.412811 0.966639 0.158912 180.000000 0.158912
 2.000000 -0.987451 0.157923 0.943128 0.332430 -1.412209 1.231917 0.157923 -0.987451 0.332430 0.943128 2.811311 1124.524500 -0.009747 1.081900 200.000000 1.081900 0.015628 6.251093 -0.999953 0.011013 200.000000 0.011013 0.581986 232.794469 0.256142 1.219741 200.000000 1.219741 0.055278 22.111200 0.966639 0.161373 200.000000 0.161373
 2.200000 -0.999952 0.009770 0.913456 0.406938 -1.561027 1.151697 0.009770 -0.999952 0.406938 0.913456 0.688124 275.249401 -0.073184 1.328132 200.000000 1.328132 0.410346 164.138280 -0.935894 0.374256 200.000000 0.374256 2.312231 924.892537 0.254877 1.223698 200.000000 1.223698 0.039454 15.781573 0.893593 0.591434 200.000000 0.591434
 2.400000 -0.992486 -0.122359 0.917842 0.396947 -1.693463 1.162608 -0.122359 -0.992486 0.396947 0.917842 0.020339 8.135739 -0.136621 1.681249 200.000000 1.681249 1.455649 582.259781 -0.871836 1.551803 200.000000 1.551803 2.054475 821.790086 0.253613 1.232729 200.000000 1.232729 0.946628 378.651202 0.820547 1.994176 200.000000 1.994176
 2.600000 -0.944161 -0.329485 0.852901 0.522073 -1.906554 1.021517 -0.329485 -0.944161 0.522073 0.852901 1.675126 670.050568 -0.200058 1.664115 200.000000 1.664115 1.860055 744.021964 -0.807777 3.379501 200.000000 3.379501 7.275160 2910.063858 0.252348 1.245825 200.000000 1.245825 1.110925 444.369980 0.747501 4.396451 200.000000 4.396451
 2.800000 -0.966115 -0.258113 0.911231 0.411897 -1.831864 1.146262 -0.258113 -0.966115 0.411897 0.911231 0.002897 1.158839 -0.263495 1.215542 200.000000 1.215542 4.946006 1978.402437 -0.743719 5.767851 200.000000 5.767851 2.586108 1034.443139 0.251083 1.265349 200.000000 1.265349 5.606297 2242.518935 0.674454 7.743039 200.000000 7.743039
 3.000000 -0.895048 -0.445971 0.940168 0.340712 -2.033055 1.223122 -0.445971 -0.895048 0.340712 0.940168 1.417017 566.806770 -0.326932 0.684079 200.000000 0.684079 4.639172 1855.668662 -0.679660 8.680603 200.000000 8.680603 0.826173 330.469337 0.249818 1.294444 200.000000 1.294444 11.475800 4590.319998 0.601408 11.978406 200.000000 11.978406
 3.200000 -0.903212 -0.429194 0.970662 0.240446 -2.014397 1.327971 -0.429194 -0.903212 0.240446 0.970662 0.150739 60.295673 -0.390369 -0.688443 200.000000 -0.688443 8.271973 3308.789120 -0.615602 11.675566 200.000000 11.675566 0.006571 2.628561 0.248553 1.338074 200.000000 1.338074 19.562956 7825.182413 0.528362 16.919697 200.000000 16.919697
 3.400000 -0.833561 -0.552427 0.872072 0.489377 -2.156069 1.059421 -0.552427 -0.833561 0.489377 0.872072 0.972602 389.040793 -0.453806 -2.584002 200.000000 -2.584002 7.953415 3181.366071 -0.551543 14.677977 200.000000 14.677977 5.860728 2344.291388 0.247288 1.390531 200.000000 1.390531 17.368571 6947.428557 0.455316 22.682672 200.000000 22.682672
 3.600000 -0.712557 -0.701614 0.809611 0.586967 -2.348457 0.943489 -0.701614 -0.712557 0.586967 0.809611 3.399264 1359.705763 -0.517243 -4.851255 200.000000 -4.851255 5.065738 2026.295079 -0.487485 17.565334 200.000000 17.565334 11.624259 4649.703767 0.246023 1.458706 200.000000 1.458706 18.262056 7304.822580 0.382270 28.978301 200.000000 28.978301
 3.800000 -0.707231 -0.706982 0.729963 0.683486 -2.356019 0.818268 -0.706982 -0.707231 0.683486 0.729963 1.595212 638.084897 -0.580681 -7.566941 200.000000 -7.566941 8.054517 3221.806859 -0.423426 19.971952 200.000000 19.971952 19.248239 7699.295753 0.244758 1.531944 200.000000 1.531944 17.702192 7080.876858 0.309224 36.210402 200.000000 36.210402
 4.000000 -0.522268 -0.852781 0.693588 0.720372 -2.592084 0.766457 -0.852781 -0.522268 0.720372 0.693588 4.354045 1741.617875 -0.644118 -10.346923 200.000000 -10.346923 2.653653 1061.461253 -0.359368 21.968075 200.000000 21.968075 22.741368 9096.547333 0.243493 1.641962 200.000000 1.641962 20.922401 8368.960243 0.236177 42.895967 200.000000 42.895967
 4.200000 -0.375199 -0.926944 0.649133 0.760675 -2.756981 0.706444 -0.926944 -0.375199 0.760675 0.649133 4.813167 1925.266979 -0.707555 -12.884305 200.000000 -12.884305 0.638237 255.294963 -0.295309 23.904377 200.000000 23.904377 26.878673 10751.469217 0.242228 1.781035 200.000000 1.781035 23.619784 9447.913785 0.163131 48.836356 200.000000 48.836356
 4.400000 -0.335412 -0.942072 0.255414 0.966832 -2.799550 0.258276 -0.942072 -0.335412 0.966832 0.255414 2.926823 1170.729067 -0.770992 -15.247425 200.000000 -15.247425 1.084949 433.979452 -0.231251 25.342698 200.000000 25.342698 52.688484 21075.393404 0.240963 1.937953 200.000000 1.937953 2.733370 1093.347904 0.090085 54.164658 200.000000 54.164658
 4.600000 -0.203711 -0.979031 0.168191 0.985754 -2.936446 0.168995 -0.979031 -0.203711 0.985754 0.168191 2.090973 836.389233 -0.834429 -17.203968 200.000000 -17.203968 0.133359 53.343572 -0.167193 26.457164 200.000000 26.457164 55.659938 22263.975347 0.239698 2.122823 200.000000 2.122823 2.284704 913.881576 0.017039 56.727961 200.000000 56.727961
 4.800000 -0.186820 -0.982394 -0.357579 0.933883 -2.953669 -0.365675 -0.982394 -0.186820 0.933883 -0.357579 0.714498 285.799302 -0.897866 -18.582638 200.000000 -18.582638 0.700327 280.130615 -0.103134 27.490519 200.000000 27.490519 48.364954 19345.981501 0.238434 2.311654 200.000000 2.311654 9.094581 3637.832315 -0.056007 56.501875 200.000000 56.501875
 5.000000 -0.093110 -0.995656 -0.484481 0.874802 -3.048348 -0.505769 -0.995656 -0.093110 0.874802 -0.484481 0.118009 47.203753 -0.961303 -19.385551 200.000000 -19.385551 0.291969 116.787432 -0.039076 27.947895 200.000000 27.947895 40.657631 16263.052343 0.237169 2.479210 200.000000 2.479210 12.632851 5053.140234 -0.129053 51.552283 200.000000 51.552283
 5.200000 -0.016785 -0.999859 -0.711321 0.702867 -3.124807 -0.791376 -0.999859 -0.016785 0.702867 -0.711321 0.000002 0.000794 -1.000000 -19.512594 200.000000 -19.512594 0.028173 11.269378 -0.000000 28.285357 200.000000 28.285357 21.805501 8722.200215 0.235904 2.624337 200.000000 2.624337 25.930647 10372.258773 -0.202100 45.525227 200.000000 45.525227
 5.400000 -0.039303 -0.999227 -0.774201 0.632940 -3.102279 -0.885452 -0.999227 -0.039303 0.632940 -0.774201 0.000060 0.023881 -1.000000 -19.512594 200.000000 -19.512594 0.154475 61.789812 -0.000000 28.285357 200.000000 28.285357 15.864371 6345.748546 0.234639 2.743241 200.000000 2.743241 24.905618 9962.247057 -0.275146 38.700513 200.000000 38.700513
 5.600000 -0.031286 -0.999510 -0.785020 0.619471 -3.110301 -0.902728 -0.999510 -0.031286 0.619471 -0.785020 0.000024 0.009586 -1.000000 -19.512594 200.000000 -19.512594 0.097882 39.152921 -0.000000 28.285357 200.000000 28.285357 14.907060 5962.823807 0.233374 2.841132 200.000000 2.841132 19.081877 7632.750650 -0.348192 31.841111 200.000000 31.841111
 5.800000 0.015609 -0.999878 -0.922842 0.385179 3.125983 -1.175394 -0.999878 0.015609 0.385179 -0.922842 0.000001 0.000594 -1.000000 -19.512594 200.000000 -19.512594 0.024363 9.745051 -0.000000 28.285357 200.000000 28.285357 2.343049 937.219474 0.232109 2.917911 200.000000 2.917911 25.160637 10064.254618 -0.421238 25.188365 200.000000 25.188365
 6.000000 -0.048087 -0.998843 -0.899903 0.436090 -3.093487 -1.119547 -0.998843 -0.048087 0.436090 -0.899903 0.000134 0.053533 -1.000000 -19.512594 200.000000 -19.512594 0.231238 92.495041 -0.000000 28.285357 200.000000 28.285357 4.212609 1685.043525 0.230844 2.981658 200.000000 2.981658 16.452649 6581.059679 -0.494284 19.115100 200.000000 19.115100
 6.200000 -0.041657 -0.999132 -0.961450 0.274981 -3.099924 -1.292227 -0.999132 -0.041657 0.274981 -0.961450 0.000075 0.030139 -1.000000 -19.512594 200.000000 -19.512594 0.173531 69.412517 -0.000000 28.285357 200.000000 28.285357 0.206131 82.452223 0.229579 3.026479 200.000000 3.026479 15.533010 6213.203982 -0.567330 13.558832 200.000000 13.558832
 6.400000 -0.045588 -0.998960 -0.947982 0.318325 -3.095989 -1.246834 -0.998960 -0.045588 0.318325 -0.947982 0.000108 0.043238 -1.000000 -19.512594 200.000000 -19.512594 0.207829 83.131798 -0.000000 28.285357 200.000000 28.285357 0.810195 324.077982 0.228314 3.066396 200.000000 3.066396 9.462091 3784.836516 -0.640376 8.940401 200.000000 8.940401
 6.600000 -0.081438 -0.996678 -0.962882 0.269922 -3.060064 -1.297485 -0.996678 -0.081438 0.269922 -0.962882 0.001103 0.441321 -1.000000 -19.512594 200.000000 -19.512594 0.663216 265.286585 -0.000000 28.285357 200.000000 28.285357 0.183803 73.521351 0.227049 3.091349 200.000000 3.091349 6.223011 2489.204523 -0.713423 5.049865 200.000000 5.049865
 6.800000 -0.055467 -0.998461 -0.975734 0.218959 -3.086097 -1.350049 -0.998461 -0.055467 0.218959 -0.975734 0.000237 0.094800 -1.000000 -19.512594 200.000000 -19.512594 0.307660 123.063848 -0.000000 28.285357 200.000000 28.285357 0.004659 1.863557 0.225784 3.114813 200.000000 3.114813 3.582135 1432.853975 -0.786469 2.201820 200.000000 2.201820
 7.000000 -0.049897 -0.998754 -0.987678 0.156499 -3.091675 -1.413651 -0.998754 -0.049897 0.156499 -0.987678 0.000155 0.062065 -1.000000 -19.512594 200.000000 -19.512594 0.248972 99.588970 -0.000000 28.285357 200.000000 28.285357 0.462675 185.069914 0.224520 3.128742 200.000000 3.128742 1.642578 657.031137 -0.859515 0.230362 200.000000 0.230362
 7.200000 -0.070395 -0.997519 -0.992782 0.119931 -3.071139 -1.450576 -0.997519 -0.070395 0.119931 -0.992782 0.000615 0.246181 -1.000000 -19.512594 200.000000 -19.512594 0.495551 198.220348 -0.000000 28.285357 200.000000 28.285357 1.067574 427.029548 0.223255 3.137510 200.000000 3.137510 0.362658 145.063123 -0.932561 -0.767822 200.000000 -0.767822
 7.400000 -0.033911 -0.999425 -0.990941 0.134298 -3.107675 -1.436091 -0.999425 -0.033911 0.134298 -0.990941 0.000033 0.013232 -1.000000 -19.512594 200.000000 -19.512594 0.114999 45.999566 -0.000000 28.285357 200.000000 28.285357 0.778325 311.329838 0.222521 3.136730 200.000000 3.136730 0.025642 10.256708 -0.974928 -0.943567 200.000000 -0.943567
 7.600000 -0.031870 -0.999492 -0.958514 0.285045 -3.109717 -1.281743 -0.999492 -0.031870 0.285045 -0.958514 0.000026 0.010322 -1.000000 -19.512594 200.000000 -19.512594 0.101570 40.627818 -0.000000 28.285357 200.000000 28.285357 0.390920 156.368037 0.222521 3.136730 200.000000 3.136730 0.026941 10.776302 -0.974928 -0.943567 200.000000 -0.943567
 7.800000 -0.013195 -0.999913 -0.948476 0.316848 -3.128397 -1.248392 -0.999913 -0.013195 0.316848 -0.948476 0.000001 0.000303 -1.000000 -19.512594 200.000000 -19.512594 0.017412 6.964646 -0.000000 28.285357 200.000000 28.285357 0.889760 355.903845 0.222521 3.136730 200.000000 3.136730 0.069969 27.987455 -0.974928 -0.943567 200.000000 -0.943567
 8.000000 -0.065842 -0.997830 -0.954943 0.296789 -3.075703 -1.269468 -0.997830 -0.065842 0.296789 -0.954943 0.000471 0.188341 -1.000000 -19.512594 200.000000 -19.512594 0.433512 173.404933 -0.000000 28.285357 200.000000 28.285357 0.551576 220.630583 0.222521 3.136730 200.000000 3.136730 0.039940 15.975801 -0.974928 -0.943567 200.000000 -0.943567
 8.200000 -0.108485 -0.994098 -0.969146 0.246489 -3.032894 -1.321740 -0.994098 -0.108485 0.246489 -0.969146 0.003483 1.393307 -1.000000 -19.512594 200.000000 -19.512594 1.176901 470.760426 -0.000000 28.285357 200.000000 28.285357 0.057448 22.979185 0.222521 3.136730 200.000000 3.136730 0.003344 1.337438 -0.974928 -0.943567 200.000000 -0.943567
 8.400000 -0.037861 -0.999283 -0.983184 0.182620 -3.103723 -1.387146 -0.999283 -0.037861 0.182620 -0.983184 0.000051 0.020563 -1.000000 -19.512594 200.000000 -19.512594 0.143345 57.338001 -0.000000 28.285357 200.000000 28.285357 0.159210 63.683908 0.222521 3.136730 200.000000 3.136730 0.006816 2.726257 -0.974928 -0.943567 200.000000 -0.943567
 8.600000 0.035327 -0.999376 -0.990669 0.136291 3.106258 -1.434080 -0.999376 0.035327 0.136291 -0.990669 0.000039 0.015584 -1.000000 -19.512594 200.000000 -19.512594 0.124799 49.919543 -0.000000 28.285357 200.000000 28.285357 0.743560 297.424122 0.222521 3.136730 200.000000 3.136730 0.024778 9.911082 -0.974928 -0.943567 200.000000 -0.943567
 8.800000 -0.041664 -0.999132 -0.984133 0.177431 -3.099916 -1.392421 -0.999132 -0.041664 0.177431 -0.984133 0.000075 0.030160 -1.000000 -19.512594 200.000000 -19.512594 0.173591 69.436490 -0.000000 28.285357 200.000000 28.285357 0.203310 81.324052 0.222521 3.136730 200.000000 3.136730 0.008474 3.389523 -0.974928 -0.943567 200.000000 -0.943567
 9.000000 0.002568 -0.999997 -0.978474 0.206370 3.139025 -1.362933 -0.999997 0.002568 0.206370 -0.978474 0.000000 0.000000 -1.000000 -19.512594 200.000000 -19.512594 0.000659 0.263702 -0.000000 28.285357 200.000000 28.285357 0.026086 10.434520 0.222521 3.136730 200.000000 3.136730 0.001258 0.503017 -0.974928 -0.943567 200.000000 -0.943567
 9.200000 -0.072672 -0.997356 -0.955438 0.295193 -3.068856 -1.271139 -0.997356 -0.072672 0.295193 -0.955438 0.000699 0.279659 -1.000000 -19.512594 200.000000 -19.512594 0.528129 211.251466 -0.000000 28.285357 200.000000 28.285357 0.528126 211.250367 0.222521 3.136730 200.000000 3.136730 0.037987 15.194921 -0.974928 -0.943567 200.000000 -0.943567
 9.400000 -0.014184 -0.999899 -0.960988 0.276591 -3.127408 -1.290551 -0.999899 -0.014184 0.276591 -0.960988 0.000001 0.000405 -1.000000 -19.512594 200.000000 -19.512594 0.020120 8.047912 -0.000000 28.285357 200.000000 28.285357 0.292360 116.944063 0.222521 3.136730 200.000000 3.136730 0.019433 7.773234 -0.974928 -0.943567 200.000000 -0.943567
 9.600000 -0.121925 -0.992539 -0.952938 0.303164 -3.019363 -1.262785 -0.992539 -0.121925 0.303164 -0.952938 0.005566 2.226489 -1.000000 -19.512594 200.000000 -19.512594 1.486576 594.630482 -0.000000 28.285357 200.000000 28.285357 0.650334 260.133405 0.222521 3.136730 200.000000 3.136730 0.048354 19.341658 -0.974928 -0.943567 200.000000 -0.943567
 9.800000 -0.011757 -0.999931 -0.976507 0.215485 -3.129835 -1.353607 -0.999931 -0.011757 0.215485 -0.976507 0.000000 0.000191 -1.000000 -19.512594 200.000000 -19.512594 0.013823 5.529072 -0.000000 28.285357 200.000000 28.285357 0.004950 1.979946 0.222521 3.136730 200.000000 3.136730 0.000249 0.099748 -0.974928 -0.943567 200.000000 -0.943567
 10.000000 -0.046076 -0.998938 -0.972249 0.233948 -3.095501 -1.334660 -0.998938 -0.046076 0.233948 -0.972249 0.000113 0.045117 -1.000000 -19.512594 200.000000 -19.512594 0.212296 84.918303 -0.000000 28.285357 200.000000 28.285357 0.013057 5.222930 0.222521 3.136730 200.000000 3.136730 0.000718 0.287029 -0.974928 -0.943567 200.000000 -0.943567
 10.200000 -0.078328 -0.996928 -0.982942 0.183914 -3.063184 -1.385829 -0.996928 -0.078328 0.183914 -0.982942 0.000944 0.377576 -1.000000 -19.512594 200.000000 -19.512594 0.613529 245.411406 -0.000000 28.285357 200.000000 28.285357 0.149047 59.618719 0.222521 3.136730 200.000000 3.136730 0.006423 2.569199 -0.974928 -0.943567 200.000000 -0.943567
 10.400000 -0.015351 -0.999882 -0.985515 0.169591 -3.126241 -1.400382 -0.999882 -0.015351 0.169591 -0.985515 0.000001 0.000555 -1.000000 -19.512594 200.000000 -19.512594 0.023566 9.426518 -0.000000 28.285357 200.000000 28.285357 0.280159 112.063606 0.222521 3.136730 200.000000 3.136730 0.011208 4.483078 -0.974928 -0.943567 200.000000 -0.943567
 10.600000 -0.131752 -0.991283 -0.966181 0.257864 -3.009457 -1.309986 -0.991283 -0.131752 0.257864 -0.966181 0.007599 3.039614 -1.000000 -19.512594 200.000000 -19.512594 1.735850 694.339956 -0.000000 28.285357 200.000000 28.285357 0.124913 49.965219 0.222521 3.136730 200.000000 3.136730 0.007650 3.060177 -0.974928 -0.943567 200.000000 -0.943567
 10.800000 -0.087555 -0.996160 -0.989955 0.141383 -3.053926 -1.428938 -0.996160 -0.087555 0.141383 -0.989955 0.001475 0.589907 -1.000000 -19.512594 200.000000 -19.512594 0.766579 306.631717 -0.000000 28.285357 200.000000 28.285357 0.658338 263.335291 0.222521 3.136730 200.000000 3.136730 0.022581 9.032521 -0.974928 -0.943567 200.000000 -0.943567
 11.000000 -0.077457 -0.996996 -0.950957 0.309324 -3.064058 -1.256314 -0.996996 -0.077457 0.309324 -0.950957 0.000903 0.361031 -1.000000 -19.512594 200.000000 -19.512594 0.599956 239.982452 -0.000000 28.285357 200.000000 28.285357 0.753485 301.393801 0.222521 3.136730 200.000000 3.136730 0.057463 22.985004 -0.974928 -0.943567 200.000000 -0.943567
 11.200000 0.045532 -0.998963 -0.972227 0.234041 3.096045 -1.334564 -0.998963 0.045532 0.234041 -0.972227 0.000108 0.043025 -1.000000 -19.512594 200.000000 -19.512594 0.207317 82.926934 -0.000000 28.285357 200.000000 28.285357 0.013271 5.308558 0.222521 3.136730 200.000000 3.136730 0.000730 0.291860 -0.974928 -0.943567 200.000000 -0.943567
 11.400000 -0.060245 -0.998184 -0.965273 0.261242 -3.081312 -1.306487 -0.998184 -0.060245 0.261242 -0.965273 0.000330 0.131965 -1.000000 -19.512594 200.000000 -19.512594 0.362940 145.176175 -0.000000 28.285357 200.000000 28.285357 0.149935 59.973908 0.222521 3.136730 200.000000 3.136730 0.009321 3.728504 -0.974928 -0.943567 200.000000 -0.943567
 11.600000 -0.021951 -0.999759 -0.971548 0.236841 -3.119640 -1.331683 -0.999759 -0.021951 0.236841 -0.971548 0.000006 0.002322 -1.000000 -19.512594 200.000000 -19.512594 0.048186 19.274466 -0.000000 28.285357 200.000000 28.285357 0.020507 8.202736 0.222521 3.136730 200.000000 3.136730 0.001142 0.456847 -0.974928 -0.943567 200.000000 -0.943567
 11.800000 -0.120342 -0.992732 -0.973529 0.228565 -3.020958 -1.340193 -0.992732 -0.120342 0.228565 -0.973529 0.005282 2.112696 -1.000000 -19.512594 200.000000 -19.512594 1.448230 579.291890 -0.000000 28.285357 200.000000 28.285357 0.003652 1.460998 0.222521 3.136730 200.000000 3.136730 0.000196 0.078304 -0.974928 -0.943567 200.000000 -0.943567
 12.000000 -0.008394 -0.999965 -0.987964 0.154685 -3.133199 -1.415488 -0.999965 -0.008394 0.154685 -0.987964 0.000000 0.000050 -1.000000 -19.512594 200.000000 -19.512594 0.007045 2.818141 -0.000000 28.285357 200.000000 28.285357 0.460177 184.070711 0.222521 3.136730 200.000000 3.136730 0.016994 6.797482 -0.974928 -0.943567 200.000000 -0.943567
 12.200000 -0.033013 -0.999455 -0.965436 0.260642 -3.108574 -1.307109 -0.999455 -0.033013 0.260642 -0.965436 0.000030 0.011884 -1.000000 -19.512594 200.000000 -19.512594 0.108984 43.593792 -0.000000 28.285357 200.000000 28.285357 0.145321 58.128463 0.222521 3.136730 200.000000 3.136730 0.009011 3.604208 -0.974928 -0.943567 200.000000 -0.943567
 12.400000 0.065563 -0.997848 -0.979088 0.203437 3.075982 -1.365929 -0.997848 0.065563 0.203437 -0.979088 0.000463 0.185174 -1.000000 -19.512594 200.000000 -19.512594 0.429856 171.942244 -0.000000 28.285357 200.000000 28.285357 0.036418 14.567367 0.222521 3.136730 200.000000 3.136730 0.001731 0.692244 -0.974928 -0.943567 200.000000 -0.943567
 12.600000 -0.005730 -0.999984 -0.966850 0.255344 -3.135862 -1.312593 -0.999984 -0.005730 0.255344 -0.966850 0.000000 0.000011 -1.000000 -19.512594 200.000000 -19.512594 0.003284 1.313476 -0.000000 28.285357 200.000000 28.285357 0.107737 43.094903 0.222521 3.136730 200.000000 3.136730 0.006525 2.609982 -0.974928 -0.943567 200.000000 -0.943567
 12.800000 -0.092386 -0.995723 -0.964872 0.262719 -3.049075 -1.304958 -0.995723 -0.092386 0.262719 -0.964872 0.001829 0.731611 -1.000000 -19.512594 200.000000 -19.512594 0.853514 341.405467 -0.000000 28.285357 200.000000 28.285357 0.161586 64.634311 0.222521 3.136730 200.000000 3.136730 0.010111 4.044469 -0.974928 -0.943567 200.000000 -0.943567
 13.000000 -0.119530 -0.992831 -0.963415 0.268014 -3.021776 -1.299466 -0.992831 -0.119530 0.268014 -0.963415 0.005140 2.056014 -1.000000 -19.512594 200.000000 -19.512594 1.428741 571.496341 -0.000000 28.285357 200.000000 28.285357 0.206959 82.783744 0.222521 3.136730 200.000000 3.136730 0.013254 5.301798 -0.974928 -0.943567 200.000000 -0.943567
 13.200000 -0.004729 -0.999989 -0.966788 0.255579 -3.136864 -1.312350 -0.999989 -0.004729 0.255579 -0.966788 0.000000 0.000005 -1.000000 -19.512594 200.000000 -19.512594 0.002236 0.894494 -0.000000 28.285357 200.000000 28.285357 0.109281 43.712316 0.222521 3.136730 200.000000 3.136730 0.006625 2.650141 -0.974928 -0.943567 200.000000 -0.943567
 13.400000 -0.020221 -0.999796 -0.980108 0.198467 -3.121371 -1.371003 -0.999796 -0.020221 0.198467 -0.980108 0.000004 0.001672 -1.000000 -19.512594 200.000000 -19.512594 0.040888 16.355084 -0.000000 28.285357 200.000000 28.285357 0.057858 23.143317 0.222521 3.136730 200.000000 3.136730 0.002683 1.073139 -0.974928 -0.943567 200.000000 -0.943567
 13.600000 -0.024816 -0.999692 -0.975235 0.221172 -3.116774 -1.347781 -0.999692 -0.024816 0.221172 -0.975235 0.000009 0.003794 -1.000000 -19.512594 200.000000 -19.512594 0.061583 24.633135 -0.000000 28.285357 200.000000 28.285357 0.000182 0.072830 0.222521 3.136730 200.000000 3.136730 0.000009 0.003770 -0.974928 -0.943567 200.000000 -0.943567
 13.800000 -0.063891 -0.997957 -0.976568 0.215209 -3.077658 -1.353890 -0.997957 -0.063891 0.215209 -0.976568 0.000417 0.166973 -1.000000 -19.512594 200.000000 -19.512594 0.408205 163.282121 -0.000000 28.285357 200.000000 28.285357 0.005346 2.138512 0.222521 3.136730 200.000000 3.136730 0.000269 0.107594 -0.974928 -0.943567 200.000000 -0.943567
 14.000000 -0.057399 -0.998351 -0.977307 0.211827 -3.084162 -1.357353 -0.998351 -0.057399 0.211827 -0.977307 0.000272 0.108726 -1.000000 -19.512594 200.000000 -19.512594 0.329465 131.785899 -0.000000 28.285357 200.000000 28.285357 0.011437 4.574625 0.222521 3.136730 200.000000 3.136730 0.000566 0.226447 -0.974928 -0.943567 200.000000 -0.943567
 14.200000 -0.147636 -0.989042 -0.948805 0.315861 -2.993415 -1.249432 -0.989042 -0.147636 0.315861 -0.948805 0.012008 4.803287 -1.000000 -19.512594 200.000000 -19.512594 2.179632 871.852816 -0.000000 28.285357 200.000000 28.285357 0.871240 348.495997 0.222521 3.136730 200.000000 3.136730 0.068238 27.295389 -0.974928 -0.943567 200.000000 -0.943567
 14.400000 -0.072120 -0.997396 -0.972362 0.233480 -3.069410 -1.335141 -0.997396 -0.072120 0.233480 -0.972362 0.000678 0.271243 -1.000000 -19.512594 200.000000 -19.512594 0.520132 208.052920 -0.000000 28.285357 200.000000 28.285357 0.012011 4.804378 0.222521 3.136730 200.000000 3.136730 0.000659 0.263456 -0.974928 -0.943567 200.000000 -0.943567
 14.600000 -0.056099 -0.998425 -0.960808 0.277214 -3.085464 -1.289903 -0.998425 -0.056099 0.277214 -0.960808 0.000248 0.099199 -1.000000 -19.512594 200.000000 -19.512594 0.314711 125.884276 -0.000000 28.285357 200.000000 28.285357 0.299131 119.652322 0.222521 3.136730 200.000000 3.136730 0.019936 7.974581 -0.974928 -0.943567 200.000000 -0.943567
 14.800000 0.001207 -0.999999 -0.958974 0.283493 3.140386 -1.283362 -0.999999 0.001207 0.283493 -0.958974 0.000000 0.000000 -1.000000 -19.512594 200.000000 -19.512594 0.000146 0.058266 -0.000000 28.285357 200.000000 28.285357 0.371754 148.701614 0.222521 3.136730 200.000000 3.136730 0.025451 10.180540 -0.974928 -0.943567 200.000000 -0.943567
 15.000000 -0.040101 -0.999196 -0.984889 0.173186 -3.101481 -1.396733 -0.999196 -0.040101 0.173186 -0.984889 0.000065 0.025880 -1.000000 -19.512594 200.000000 -19.512594 0.160807 64.322650 -0.000000 28.285357 200.000000 28.285357 0.243396 97.358470 0.222521 3.136730 200.000000 3.136730 0.009923 3.969076 -0.974928 -0.943567 200.000000 -0.943567
 15.200000 -0.034661 -0.999399 -0.966772 0.255642 -3.106924 -1.312285 -0.999399 -0.034661 0.255642 -0.966772 0.000036 0.014442 -1.000000 -19.512594 200.000000 -19.512594 0.120141 48.056201 -0.000000 28.285357 200.000000 28.285357 0.109697 43.878926 0.222521 3.136730 200.000000 3.136730 0.006652 2.660988 -0.974928 -0.943567 200.000000 -0.943567
 15.400000 -0.038054 -0.999276 -0.969018 0.246990 -3.103529 -1.321224 -0.999276 -0.038054 0.246990 -0.969018 0.000052 0.020986 -1.000000 -19.512594 200.000000 -19.512594 0.144814 57.925416 -0.000000 28.285357 200.000000 28.285357 0.059873 23.949387 0.222521 3.136730 200.000000 3.136730 0.003493 1.397068 -0.974928 -0.943567 200.000000 -0.943567
 15.600000 -0.052256 -0.998634 -0.977025 0.213123 -3.089313 -1.356026 -0.998634 -0.052256 0.213123 -0.977025 0.000187 0.074667 -1.000000 -19.512594 200.000000 -19.512594 0.273066 109.226554 -0.000000 28.285357 200.000000 28.285357 0.008832 3.532882 0.222521 3.136730 200.000000 3.136730 0.000440 0.175976 -0.974928 -0.943567 200.000000 -0.943567
 15.800000 -0.057148 -0.998366 -0.961740 0.273963 -3.084413 -1.293285 -0.998366 -0.057148 0.273963 -0.961740 0.000267 0.106837 -1.000000 -19.512594 200.000000 -19.512594 0.326592 130.636887 -0.000000 28.285357 200.000000 28.285357 0.264631 105.852447 0.222521 3.136730 200.000000 3.136730 0.017392 6.956669 -0.974928 -0.943567 200.000000 -0.943567
 16.000000 -0.024333 -0.999704 -0.965022 0.262169 -3.117257 -1.305528 -0.999704 -0.024333 0.262169 -0.965022 0.000009 0.003507 -1.000000 -19.512594 200.000000 -19.512594 0.059210 23.684055 -0.000000 28.285357 200.000000 28.285357 0.157194 62.877569 0.222521 3.136730 200.000000 3.136730 0.009813 3.925021 -0.974928 -0.943567 200.000000 -0.943567
 16.200000 0.027478 -0.999622 -0.964971 0.262358 3.114111 -1.305331 -0.999622 0.027478 0.262358 -0.964971 0.000014 0.005703 -1.000000 -19.512594 200.000000 -19.512594 0.075504 30.201416 -0.000000 28.285357 200.000000 28.285357 0.158702 63.480636 0.222521 3.136730 200.000000 3.136730 0.009915 3.965979 -0.974928 -0.943567 200.000000 -0.943567
 16.400000 0.022927 -0.999737 -0.962358 0.271786 3.118664 -1.295548 -0.999737 0.022927 0.271786 -0.962358 0.000007 0.002764 -1.000000 -19.512594 200.000000 -19.512594 0.052563 21.025123 -0.000000 28.285357 200.000000 28.285357 0.242708 97.083211 0.222521 3.136730 200.000000 3.136730 0.015801 6.320492 -0.974928 -0.943567 200.000000 -0.943567
 16.600000 -0.064702 -0.997905 -0.973542 0.228508 -3.076845 -1.340251 -0.997905 -0.064702 0.228508 -0.973542 0.000439 0.175626 -1.000000 -19.512594 200.000000 -19.512594 0.418639 167.455456 -0.000000 28.285357 200.000000 28.285357 0.003585 1.433940 0.222521 3.136730 200.000000 3.136730 0.000192 0.076834 -0.974928 -0.943567 200.000000 -0.943567
 16.800000 -0.003787 -0.999993 -0.982093 0.188395 -3.137805 -1.381268 -0.999993 -0.003787 0.188395 -0.982093 0.000000 0.000002 -1.000000 -19.512594 200.000000 -19.512594 0.001434 0.573762 -0.000000 28.285357 200.000000 28.285357 0.116455 46.581932 0.222521 3.136730 200.000000 3.136730 0.005134 2.053683 -0.974928 -0.943567 200.000000 -0.943567
 17.000000 -0.047810 -0.998856 -0.970957 0.239252 -3.093764 -1.329201 -0.998856 -0.047810 0.239252 -0.970957 0.000131 0.052309 -1.000000 -19.512594 200.000000 -19.512594 0.228580 91.431926 -0.000000 28.285357 200.000000 28.285357 0.027993 11.197336 0.222521 3.136730 200.000000 3.136730 0.001576 0.630576 -0.974928 -0.943567 200.000000 -0.943567
 17.200000 0.033593 -0.999436 -0.983628 0.180211 3.107993 -1.389595 -0.999436 0.033593 0.180211 -0.983628 0.000032 0.012742 -1.000000 -19.512594 200.000000 -19.512594 0.112850 45.140127 -0.000000 28.285357 200.000000 28.285357 0.179010 71.603933 0.222521 3.136730 200.000000 3.136730 0.007569 3.027596 -0.974928 -0.943567 200.000000 -0.943567
 17.400000 -0.097250 -0.995260 -0.946884 0.321575 -3.044189 -1.243404 -0.995260 -0.097250 0.321575 -0.946884 0.002247 0.898711 -1.000000 -19.512594 200.000000 -19.512594 0.945757 378.302682 -0.000000 28.285357 200.000000 28.285357 0.981177 392.470913 0.222521 3.136730 200.000000 3.136730 0.078646 31.458441 -0.974928 -0.943567 200.000000 -0.943567
 17.600000 -0.078482 -0.996916 -0.975097 0.221780 -3.063030 -1.347156 -0.996916 -0.078482 0.221780 -0.975097 0.000951 0.380549 -1.000000 -19.512594 200.000000 -19.512594 0.615935 246.374106 -0.000000 28.285357 200.000000 28.285357 0.000055 0.021934 0.222521 3.136730 200.000000 3.136730 0.000003 0.001139 -0.974928 -0.943567 200.000000 -0.943567
 17.800000 -0.149548 -0.988755 -0.941902 0.335888 -2.991482 -1.228248 -0.988755 -0.149548 0.335888 -0.941902 0.012646 5.058447 -1.000000 -19.512594 200.000000 -19.512594 2.236453 894.581192 -0.000000 28.285357 200.000000 28.285357 1.285212 514.084697 0.222521 3.136730 200.000000 3.136730 0.109072 43.628719 -0.974928 -0.943567 200.000000 -0.943567
 18.000000 -0.000701 -1.000000 -0.979367 0.202088 -3.140892 -1.367306 -1.000000 -0.000701 0.202088 -0.979367 0.000000 0.000000 -1.000000 -19.512594 200.000000 -19.512594 0.000049 0.019662 -0.000000 28.285357 200.000000 28.285357 0.041749 16.699439 0.222521 3.136730 200.000000 3.136730 0.001971 0.788317 -0.974928 -0.943567 200.000000 -0.943567
 18.200000 -0.079855 -0.996806 -0.976666 0.214766 -3.061652 -1.354345 -0.996806 -0.079855 0.214766 -0.976666 0.001020 0.407947 -1.000000 -19.512594 200.000000 -19.512594 0.637687 255.074827 -0.000000 28.285357 200.000000 28.285357 0.006015 2.405849 0.222521 3.136730 200.000000 3.136730 0.000302 0.120787 -0.974928 -0.943567 200.000000 -0.943567
 18.400000 0.000049 -1.000000 -0.988535 0.150993 3.141544 -1.419224 -1.000000 0.000049 0.150993 -0.988535 0.000000 0.000000 -1.000000 -19.512594 200.000000 -19.512594 0.000000 0.000096 -0.000000 28.285357 200.000000 28.285357 0.511631 204.652515 0.222521 3.136730 200.000000 3.136730 0.018515 7.406009 -0.974928 -0.943567 200.000000 -0.943567
 18.600000 -0.039926 -0.999203 -0.973646 0.228063 -3.101656 -1.340708 -0.999203 -0.039926 0.228063 -0.973646 0.000064 0.025430 -1.000000 -19.512594 200.000000 -19.512594 0.159406 63.762265 -0.000000 28.285357 200.000000 28.285357 0.003072 1.228670 0.222521 3.136730 200.000000 3.136730 0.000164 0.065698 -0.974928 -0.943567 200.000000 -0.943567
 18.800000 -0.055078 -0.998482 -0.972349 0.233533 -3.086486 -1.335086 -0.998482 -0.055078 0.233533 -0.972349 0.000230 0.092168 -1.000000 -19.512594 200.000000 -19.512594 0.303362 121.344690 -0.000000 28.285357 200.000000 28.285357 0.012128 4.851034 0.222521 3.136730 200.000000 3.136730 0.000665 0.266080 -0.974928 -0.943567 200.000000 -0.943567
 19.000000 -0.072624 -0.997359 -0.954455 0.298355 -3.068904 -1.267827 -0.997359 -0.072624 0.298355 -0.954455 0.000697 0.278916 -1.000000 -19.512594 200.000000 -19.512594 0.527428 210.971009 -0.000000 28.285357 200.000000 28.285357 0.575087 230.034891 0.222521 3.136730 200.000000 3.136730 0.041915 16.765876 -0.974928 -0.943567 200.000000 -0.943567
 19.200000 -0.090381 -0.995907 -0.958327 0.285673 -3.051088 -1.281088 -0.995907 -0.090381 0.285673 -0.958327 0.001675 0.670031 -1.000000 -19.512594 200.000000 -19.512594 0.816879 326.751621 -0.000000 28.285357 200.000000 28.285357 0.398812 159.524872 0.222521 3.136730 200.000000 3.136730 0.027558 11.023212 -0.974928 -0.943567 200.000000 -0.943567
 19.400000 -0.036833 -0.999321 -0.981869 0.189561 -3.104752 -1.380081 -0.999321 -0.036833 0.189561 -0.981869 0.000046 0.018417 -1.000000 -19.512594 200.000000 -19.512594 0.135664 54.265786 -0.000000 28.285357 200.000000 28.285357 0.108636 43.454288 0.222521 3.136730 200.000000 3.136730 0.004818 1.927118 -0.974928 -0.943567 200.000000 -0.943567
 19.600000 0.008976 -0.999960 -0.977385 0.211468 3.132617 -1.357719 -0.999960 0.008976 0.211468 -0.977385 0.000000 0.000065 -1.000000 -19.512594 200.000000 -19.512594 0.008057 3.222655 -0.000000 28.285357 200.000000 28.285357 0.012216 4.886454 0.222521 3.136730 200.000000 3.136730 0.000604 0.241464 -0.974928 -0.943567 200.000000 -0.943567
 19.800000 -0.042142 -0.999112 -0.987440 0.157992 -3.099438 -1.412139 -0.999112 -0.042142 0.157992 -0.987440 0.000079 0.031568 -1.000000 -19.512594 200.000000 -19.512594 0.177596 71.038464 -0.000000 28.285357 200.000000 28.285357 0.416394 166.557694 0.222521 3.136730 200.000000 3.136730 0.015656 6.262435 -0.974928 -0.943567 200.000000 -0.943567
 20.000000 -0.038443 -0.999261 -0.970605 0.240680 -3.103141 -1.327730 -0.999261 -0.038443 0.240680 -0.970605 0.000055 0.021856 -1.000000 -19.512594 200.000000 -19.512594 0.147783 59.113146 -0.000000 28.285357 200.000000 28.285357 0.032974 13.189652 0.222521 3.136730 200.000000 3.136730 0.001869 0.747644 -0.974928 -0.943567 200.000000 -0.943567
