#! FIELDS time sin_phi cos_phi sin_psi cos_psi phi psi cos_phi sin_phi cos_psi sin_psi restraint_phi_cos.bias restraint_phi_cos.force2 restraint_phi_cos.cos_phi_cntr restraint_phi_cos.cos_phi_work restraint_phi_cos.cos_phi_kappa restraint_phi_cos.work restraint_phi_sin.bias restraint_phi_sin.force2 restraint_phi_sin.sin_phi_cntr restraint_phi_sin.sin_phi_work restraint_phi_sin.sin_phi_kappa restraint_phi_sin.work restraint_psi_cos.bias restraint_psi_cos.force2 restraint_psi_cos.cos_psi_cntr restraint_psi_cos.cos_psi_work restraint_psi_cos.cos_psi_kappa restraint_psi_cos.work restraint_psi_sin.bias restraint_psi_sin.force2 restraint_psi_sin.sin_psi_cntr restraint_psi_sin.sin_psi_work restraint_psi_sin.sin_psi_kappa restraint_psi_sin.work
#! SET min_phi -pi
#! SET max_phi pi
#! SET min_psi -pi
#! SET max_psi pi
 0.000000 -0.999983 -0.005782 0.966116 0.258110 -1.576579 1.309731 -0.005782 -0.999983 0.258110 0.966116 0.000000 0.000000 -0.009747 0.000000 0.000000 0.000000 0.000000 0.000000 -0.999953 0.000000 0.000000 0.000000 0.000000 0.000000 0.256142 0.000000 0.000000 0.000000 0.000000 0.000000 0.966639 0.000000 0.000000 0.000000
 0.200000 -1.000000 -0.000270 0.834659 0.550766 -1.571067 0.987514 -0.000270 -1.000000 0.550766 0.834659 0.000898 0.035920 -0.009747 0.429322 20.000000 0.429322 0.000000 0.000001 -0.999953 0.008204 20.000000 0.008204 0.868034 34.721347 0.256142 0.437490 20.000000 0.437490 0.174186 6.967456 0.966639 0.079184 20.000000 0.079184
 0.400000 -0.998237 0.059353 0.982965 0.183791 -1.511408 1.385954 0.059353 -0.998237 0.183791 0.982965 0.095495 7.639617 -0.009747 0.576151 40.000000 0.576151 0.000059 0.004708 -0.999953 0.009175 40.000000 0.009175 0.104694 8.375539 0.256142 0.652615 40.000000 0.652615 0.005331 0.426475 0.966639 0.103851 40.000000 0.103851
 0.600000 -0.997905 0.064696 0.969722 0.244212 -1.506055 1.324090 0.064696 -0.997905 0.244212 0.969722 0.166252 19.950207 -0.009747 0.652738 60.000000 0.652738 0.000126 0.015092 -0.999953 0.009549 60.000000 0.009549 0.004270 0.512437 0.256142 0.812942 60.000000 0.812942 0.000285 0.034215 0.966639 0.126976 60.000000 0.126976
 0.800000 -0.999998 0.001896 0.948099 0.317975 -1.568900 1.247204 0.001896 -0.999998 0.317975 0.948099 0.005422 0.867516 -0.009747 0.745440 80.000000 0.745440 0.000000 0.000013 -0.999953 0.009931 80.000000 0.009931 0.152929 24.468694 0.256142 0.870387 80.000000 0.870387 0.013749 2.199849 0.966639 0.131254 80.000000 0.131254
 1.000000 -0.997908 -0.064647 0.983715 0.179733 -1.635488 1.390081 -0.064647 -0.997908 0.179733 0.983715 0.150702 30.140315 -0.009747 0.830209 100.000000 0.830209 0.000209 0.041791 -0.999953 0.010215 100.000000 0.010215 0.291921 58.384155 0.256142 0.906285 100.000000 0.906285 0.014580 2.916032 0.966639 0.133898 100.000000 0.133898
 1.200000 -0.998638 0.052178 0.985243 0.171159 -1.518594 1.398790 0.052178 -0.998638 0.171159 0.985243 0.230080 55.219214 -0.009747 0.926076 120.000000 0.926076 0.000104 0.024890 -0.999953 0.010632 120.000000 0.010632 0.433327 103.998443 0.256142 0.992004 120.000000 0.992004 0.020767 4.984124 0.966639 0.141237 120.000000 0.141237
 1.400000 -0.999101 0.042384 0.979961 0.199189 -1.528400 1.370266 0.042384 -0.999101 0.199189 0.979961 0.190230 53.264498 -0.009747 0.960915 140.000000 0.960915 0.000051 0.014198 -0.999953 0.010712 140.000000 0.010712 0.227056 63.575605 0.256142 1.092924 140.000000 1.092924 0.012423 3.478506 0.966639 0.149509 140.000000 0.149509
 1.600000 -0.999952 0.009813 0.961483 0.274866 -1.560983 1.292346 0.009813 -0.999952 0.274866 0.961483 0.030606 9.793775 -0.009747 1.006981 160.000000 1.006981 0.000000 0.000000 -0.999953 0.010844 160.000000 0.010844 0.028045 8.974410 0.256142 1.162377 160.000000 1.162377 0.002127 0.680674 0.966639 0.156236 160.000000 0.156236
 1.800000 -0.999841 -0.017822 0.970391 0.241538 -1.588620 1.326845 -0.017822 -0.999841 0.241538 0.970391 0.005870 2.113146 -0.009747 1.052342 180.000000 1.052342 0.000001 0.000402 -0.999953 0.010933 180.000000 0.010933 0.019195 6.910145 0.256142 1.193859 180.000000 1.193859 0.001267 0.456159 0.966639 0.158888 180.000000 0.158888
 2.000000 -0.986834 0.161737 0.941559 0.336847 -1.408346 1.227230 0.161737 -0.986834 0.336847 0.941559 2.940653 1176.261186 -0.009747 1.082518 200.000000 1.082518 0.017210 6.883876 -0.999953 0.011018 200.000000 0.011018 0.651327 260.530806 0.256142 1.220776 200.000000 1.220776 0.062899 25.159742 0.966639 0.161475 200.000000 0.161475
 2.200000 -0.999980 0.006383 0.960034 0.279883 -1.564413 1.287124 0.006383 -0.999980 0.279883 0.960034 0.633082 253.232659 -0.073184 1.324529 200.000000 1.324529 0.410696 164.278485 -0.935894 0.374942 200.000000 0.374942 1.450439 580.175640 0.159449 1.366295 200.000000 1.366295 0.003920 1.568107 0.953773 0.197302 200.000000 0.197302
 2.400000 -0.995509 -0.094669 0.984061 0.177830 -1.665607 1.392016 -0.094669 -0.995509 0.177830 0.984061 0.175996 70.398261 -0.136621 1.626732 200.000000 1.626732 1.529507 611.802639 -0.871836 1.544194 200.000000 1.544194 1.324205 529.682032 0.062756 1.571673 200.000000 1.571673 0.186232 74.492809 0.940907 0.306484 200.000000 0.306484
 2.600000 -0.933622 -0.358259 0.988876 0.148744 -1.937199 1.421498 -0.358259 -0.933622 0.148744 0.988876 2.502753 1001.101005 -0.200058 1.489344 200.000000 1.489344 1.583701 633.480471 -0.807777 3.347501 200.000000 3.347501 3.337272 1334.908783 -0.033938 1.638186 200.000000 1.638186 0.370093 148.037023 0.928040 0.467669 200.000000 0.467669
 2.800000 -0.936626 -0.350331 0.997130 -0.075708 -1.928721 1.646577 -0.350331 -0.936626 -0.075708 0.997130 0.754054 301.621408 -0.263495 0.926628 200.000000 0.926628 3.721318 1488.527288 -0.743719 5.696957 200.000000 5.696957 0.301653 120.661175 -0.130631 1.368568 200.000000 1.368568 0.671674 268.669693 0.915174 0.649243 200.000000 0.649243
 3.000000 -0.875373 -0.483449 0.983955 -0.178415 -2.075387 1.750172 -0.483449 -0.875373 -0.178415 0.983955 2.449748 979.899061 -0.326932 0.077946 200.000000 0.077946 3.830334 1532.133792 -0.679660 8.486659 200.000000 8.486659 0.239216 95.686474 -0.227325 0.932671 200.000000 0.932671 0.666628 266.651069 0.902308 0.822758 200.000000 0.822758
 3.200000 -0.903001 -0.429638 0.943414 -0.331619 -2.014889 1.908815 -0.429638 -0.903001 -0.331619 0.943414 0.154207 61.682686 -0.390369 -1.459018 200.000000 -1.459018 8.259833 3303.933149 -0.615602 11.385589 200.000000 11.385589 0.005777 2.310730 -0.324018 0.485530 200.000000 0.485530 0.291294 116.517652 0.889442 0.964826 200.000000 0.964826
 3.400000 -0.772896 -0.634533 0.922893 -0.385057 -2.258201 1.966066 -0.634533 -0.772896 -0.385057 0.922893 3.266216 1306.486592 -0.453806 -3.470733 200.000000 -3.470733 4.899686 1959.874407 -0.551543 14.307874 200.000000 14.307874 0.127124 50.849408 -0.420711 -0.261455 200.000000 -0.261455 0.214527 85.810936 0.876576 1.029573 200.000000 1.029573
 3.600000 -0.686775 -0.726870 0.823055 -0.567961 -2.384550 2.174823 -0.726870 -0.686775 -0.567961 0.823055 4.394331 1757.732322 -0.517243 -6.018750 200.000000 -6.018750 3.971655 1588.662193 -0.487485 16.927367 200.000000 16.927367 0.461870 184.748107 -0.500000 -0.371011 200.000000 -0.371011 0.184642 73.856707 0.866025 1.053875 200.000000 1.053875
 3.800000 -0.591138 -0.806570 0.819601 -0.572935 -2.509123 2.180879 -0.806570 -0.591138 -0.572935 0.819601 5.102616 2041.046458 -0.580681 -8.722490 200.000000 -8.722490 2.812723 1125.089165 -0.423426 19.349560 200.000000 19.349560 0.531956 212.782451 -0.500000 -0.371011 200.000000 -0.371011 0.215526 86.210558 0.866025 1.053875 200.000000 1.053875
 4.000000 -0.499829 -0.866124 0.877874 -0.478892 -2.618192 2.070189 -0.866124 -0.499829 -0.478892 0.877874 4.928689 1971.475769 -0.644118 -11.580273 200.000000 -11.580273 1.972923 789.169394 -0.359368 21.271546 200.000000 21.271546 0.044554 17.821730 -0.500000 -0.371011 200.000000 -0.371011 0.014038 5.615349 0.866025 1.053875 200.000000 1.053875
 4.200000 -0.446640 -0.894714 0.868230 -0.496162 -2.678586 2.089969 -0.894714 -0.446640 -0.496162 0.868230 3.502839 1401.135630 -0.707555 -14.173007 200.000000 -14.173007 2.290102 916.040938 -0.295309 23.135103 200.000000 23.135103 0.001473 0.589310 -0.500000 -0.371011 200.000000 -0.371011 0.000486 0.194436 0.866025 1.053875 200.000000 1.053875
 4.400000 -0.269464 -0.963011 0.825595 -0.564263 -2.868757 2.170337 -0.963011 -0.269464 -0.564263 0.825595 3.687113 1474.845049 -0.770992 -16.633902 200.000000 -16.633902 0.146021 58.408361 -0.231251 24.333628 200.000000 24.333628 0.412975 165.189965 -0.500000 -0.371011 200.000000 -0.371011 0.163462 65.384658 0.866025 1.053875 200.000000 1.053875
 4.600000 -0.149741 -0.988725 0.828804 -0.559539 -2.991286 2.164626 -0.988725 -0.149741 -0.559539 0.828804 2.380728 952.291110 -0.834429 -18.645159 200.000000 -18.645159 0.030454 12.181607 -0.167193 25.250917 200.000000 25.250917 0.354495 141.797866 -0.500000 -0.371011 200.000000 -0.371011 0.138545 55.418163 0.866025 1.053875 200.000000 1.053875
 4.800000 -0.156028 -0.987753 0.877968 -0.478719 -2.984925 2.069992 -0.987753 -0.156028 -0.478719 0.877968 0.807958 323.183007 -0.897866 -20.049272 200.000000 -20.049272 0.279772 111.908986 -0.103134 26.132433 200.000000 26.132433 0.045287 18.114740 -0.500000 -0.371011 200.000000 -0.371011 0.014263 5.705040 0.866025 1.053875 200.000000 1.053875
 5.000000 -0.048274 -0.998834 0.828904 -0.559390 -3.093300 2.164446 -0.998834 -0.048274 -0.559390 0.828904 0.140856 56.342365 -0.961303 -20.817265 200.000000 -20.817265 0.008461 3.384377 -0.039076 26.888446 200.000000 26.888446 0.352720 141.088141 -0.500000 -0.371011 200.000000 -0.371011 0.137797 55.118707 0.866025 1.053875 200.000000 1.053875
 5.200000 -0.041093 -0.999155 0.856843 -0.515577 -3.100488 2.112477 -0.999155 -0.041093 -0.515577 0.856843 0.000071 0.028538 -1.000000 -20.940572 200.000000 -20.940572 0.168862 67.544638 -0.000000 27.277836 200.000000 27.277836 0.024264 9.705710 -0.500000 -0.371011 200.000000 -0.371011 0.008431 3.372475 0.866025 1.053875 200.000000 1.053875
 5.400000 -0.002871 -0.999996 0.858336 -0.513088 -3.138722 2.109575 -0.999996 -0.002871 -0.513088 0.858336 0.000000 0.000001 -1.000000 -20.940572 200.000000 -20.940572 0.000824 0.329716 -0.000000 27.277836 200.000000 27.277836 0.017129 6.851510 -0.500000 -0.371011 200.000000 -0.371011 0.005912 2.364959 0.866025 1.053875 200.000000 1.053875
 5.600000 -0.087700 -0.996147 0.812351 -0.583169 -3.053780 2.193421 -0.996147 -0.087700 -0.583169 0.812351 0.001485 0.593834 -1.000000 -20.940572 200.000000 -20.940572 0.769122 307.648709 -0.000000 27.277836 200.000000 27.277836 0.691713 276.685188 -0.500000 -0.371011 200.000000 -0.371011 0.288098 115.239146 0.866025 1.053875 200.000000 1.053875
 5.800000 -0.055456 -0.998461 0.879034 -0.476759 -3.086108 2.067760 -0.998461 -0.055456 -0.476759 0.879034 0.000237 0.094723 -1.000000 -20.940572 200.000000 -20.940572 0.307534 123.013461 -0.000000 27.277836 200.000000 27.277836 0.054015 21.605845 -0.500000 -0.371011 200.000000 -0.371011 0.016923 6.769017 0.866025 1.053875 200.000000 1.053875
 6.000000 -0.046019 -0.998941 0.874054 -0.485828 -3.095557 2.078107 -0.998941 -0.046019 -0.485828 0.874054 0.000112 0.044897 -1.000000 -20.940572 200.000000 -20.940572 0.211776 84.710386 -0.000000 27.277836 200.000000 27.277836 0.020084 8.033615 -0.500000 -0.371011 200.000000 -0.371011 0.006446 2.578548 0.866025 1.053875 200.000000 1.053875
 6.200000 -0.149216 -0.988805 0.849123 -0.528196 -2.991817 2.127270 -0.988805 -0.149216 -0.528196 0.849123 0.012534 5.013488 -1.000000 -20.940572 200.000000 -20.940572 2.226548 890.619330 -0.000000 27.277836 200.000000 27.277836 0.079499 31.799674 -0.500000 -0.371011 200.000000 -0.371011 0.028570 11.428017 0.866025 1.053875 200.000000 1.053875
 6.400000 -0.093481 -0.995621 0.884542 -0.466460 -3.047975 2.056081 -0.995621 -0.093481 -0.466460 0.884542 0.001918 0.767002 -1.000000 -20.940572 200.000000 -20.940572 0.873869 349.547598 -0.000000 27.277836 200.000000 27.277836 0.112494 44.997705 -0.500000 -0.371011 200.000000 -0.371011 0.034288 13.715136 0.866025 1.053875 200.000000 1.053875
 6.600000 -0.059362 -0.998237 0.832482 -0.554052 -3.082196 2.158020 -0.998237 -0.059362 -0.554052 0.832482 0.000311 0.124395 -1.000000 -20.940572 200.000000 -20.940572 0.352386 140.954436 -0.000000 27.277836 200.000000 27.277836 0.292163 116.865334 -0.500000 -0.371011 200.000000 -0.371011 0.112516 45.006477 0.866025 1.053875 200.000000 1.053875
 6.800000 -0.075159 -0.997172 0.776234 -0.630445 -3.066363 2.252923 -0.997172 -0.075159 -0.630445 0.776234 0.000800 0.320002 -1.000000 -20.940572 200.000000 -20.940572 0.564887 225.954704 -0.000000 27.277836 200.000000 27.277836 1.701586 680.634538 -0.500000 -0.371011 200.000000 -0.371011 0.806249 322.499634 0.866025 1.053875 200.000000 1.053875
 7.000000 -0.135513 -0.990776 0.860832 -0.508889 -3.005662 2.104690 -0.990776 -0.135513 -0.508889 0.860832 0.008509 3.403577 -1.000000 -20.940572 200.000000 -20.940572 1.836370 734.547893 -0.000000 27.277836 200.000000 27.277836 0.007902 3.160609 -0.500000 -0.371011 200.000000 -0.371011 0.002697 1.078809 0.866025 1.053875 200.000000 1.053875
 7.200000 -0.058743 -0.998273 0.870055 -0.492955 -3.082816 2.086280 -0.998273 -0.058743 -0.492955 0.870055 0.000298 0.119280 -1.000000 -20.940572 200.000000 -20.940572 0.345071 138.028508 -0.000000 27.277836 200.000000 27.277836 0.004963 1.985099 -0.500000 -0.371011 200.000000 -0.371011 0.001623 0.649385 0.866025 1.053875 200.000000 1.053875
 7.400000 -0.044784 -0.998997 0.808097 -0.589049 -3.096794 2.200678 -0.998997 -0.044784 -0.589049 0.808097 0.000101 0.040264 -1.000000 -20.940572 200.000000 -20.940572 0.200558 80.223172 -0.000000 27.277836 200.000000 27.277836 0.792980 317.192036 -0.500000 -0.371011 200.000000 -0.371011 0.335570 134.227975 0.866025 1.053875 200.000000 1.053875
 7.600000 -0.106850 -0.994275 0.863577 -0.504216 -3.034539 2.099271 -0.994275 -0.106850 -0.504216 0.863577 0.003277 1.310939 -1.000000 -20.940572 200.000000 -20.940572 1.141685 456.673987 -0.000000 27.277836 200.000000 27.277836 0.001778 0.711128 -0.500000 -0.371011 200.000000 -0.371011 0.000599 0.239723 0.866025 1.053875 200.000000 1.053875
 7.800000 0.000559 -1.000000 0.864456 -0.502708 3.141034 2.097525 -1.000000 0.000559 -0.502708 0.864456 0.000000 0.000000 -1.000000 -20.940572 200.000000 -20.940572 0.000031 0.012491 -0.000000 27.277836 200.000000 27.277836 0.000733 0.293377 -0.500000 -0.371011 200.000000 -0.371011 0.000246 0.098501 0.866025 1.053875 200.000000 1.053875
 8.000000 0.002675 -0.999996 0.848591 -0.529050 3.138918 2.128277 -0.999996 0.002675 -0.529050 0.848591 0.000000 0.000001 -1.000000 -20.940572 200.000000 -20.940572 0.000715 0.286192 -0.000000 27.277836 200.000000 27.277836 0.084388 33.755123 -0.500000 -0.371011 200.000000 -0.371011 0.030396 12.158455 0.866025 1.053875 200.000000 1.053875
 8.200000 0.023563 -0.999722 0.876406 -0.481573 3.118028 2.073245 -0.999722 0.023563 -0.481573 0.876406 0.000008 0.003083 -1.000000 -20.940572 200.000000 -20.940572 0.055519 22.207794 -0.000000 27.277836 200.000000 27.277836 0.033955 13.582190 -0.500000 -0.371011 200.000000 -0.371011 0.010776 4.310262 0.866025 1.053875 200.000000 1.053875
 8.400000 -0.059085 -0.998253 0.832075 -0.554663 -3.082474 2.158754 -0.998253 -0.059085 -0.554663 0.832075 0.000305 0.122083 -1.000000 -20.940572 200.000000 -20.940572 0.349099 139.639400 -0.000000 27.277836 200.000000 27.277836 0.298799 119.519670 -0.500000 -0.371011 200.000000 -0.371011 0.115260 46.104092 0.866025 1.053875 200.000000 1.053875
 8.600000 -0.148545 -0.988906 0.857726 -0.514107 -2.992496 2.110763 -0.988906 -0.148545 -0.514107 0.857726 0.012308 4.923340 -1.000000 -20.940572 200.000000 -20.940572 2.206552 882.620658 -0.000000 27.277836 200.000000 27.277836 0.019902 7.960634 -0.500000 -0.371011 200.000000 -0.371011 0.006888 2.755283 0.866025 1.053875 200.000000 1.053875
 8.800000 -0.058665 -0.998278 0.902765 -0.430133 -3.082894 2.015437 -0.998278 -0.058665 -0.430133 0.902765 0.000297 0.118647 -1.000000 -20.940572 200.000000 -20.940572 0.344155 137.662156 -0.000000 27.277836 200.000000 27.277836 0.488133 195.253205 -0.500000 -0.371011 200.000000 -0.371011 0.134982 53.992798 0.866025 1.053875 200.000000 1.053875
 9.000000 -0.032854 -0.999460 0.853349 -0.521340 -3.108732 2.119217 -0.999460 -0.032854 -0.521340 0.853349 0.000029 0.011658 -1.000000 -20.940572 200.000000 -20.940572 0.107942 43.176674 -0.000000 27.277836 200.000000 27.277836 0.045539 18.215751 -0.500000 -0.371011 200.000000 -0.371011 0.016069 6.427570 0.866025 1.053875 200.000000 1.053875
 9.200000 -0.112873 -0.993609 0.792837 -0.609434 -3.028479 2.226142 -0.993609 -0.112873 -0.609434 0.792837 0.004084 1.633551 -1.000000 -20.940572 200.000000 -20.940572 1.274020 509.608177 -0.000000 27.277836 200.000000 27.277836 1.197571 479.028438 -0.500000 -0.371011 200.000000 -0.371011 0.535653 214.261000 0.866025 1.053875 200.000000 1.053875
 9.400000 -0.008162 -0.999967 0.862434 -0.506169 -3.133431 2.101534 -0.999967 -0.008162 -0.506169 0.862434 0.000000 0.000044 -1.000000 -20.940572 200.000000 -20.940572 0.006661 2.664475 -0.000000 27.277836 200.000000 27.277836 0.003806 1.522412 -0.500000 -0.371011 200.000000 -0.371011 0.001290 0.515889 0.866025 1.053875 200.000000 1.053875
 9.600000 -0.015232 -0.999884 0.874147 -0.485661 -3.126360 2.077916 -0.999884 -0.015232 -0.485661 0.874147 0.000001 0.000538 -1.000000 -20.940572 200.000000 -20.940572 0.023200 9.280082 -0.000000 27.277836 200.000000 27.277836 0.020560 8.223835 -0.500000 -0.371011 200.000000 -0.371011 0.006596 2.638428 0.866025 1.053875 200.000000 1.053875
 9.800000 -0.093699 -0.995601 0.912769 -0.408475 -3.047756 1.991579 -0.995601 -0.093699 -0.408475 0.912769 0.001935 0.774191 -1.000000 -20.940572 200.000000 -20.940572 0.877946 351.178405 -0.000000 27.277836 200.000000 27.277836 0.837682 335.072764 -0.500000 -0.371011 200.000000 -0.371011 0.218501 87.400391 0.866025 1.053875 200.000000 1.053875
 10.000000 -0.094857 -0.995491 0.845527 -0.533932 -3.046593 2.134041 -0.995491 -0.094857 -0.533932 0.845527 0.002033 0.813266 -1.000000 -20.940572 200.000000 -20.940572 0.899780 359.911864 -0.000000 27.277836 200.000000 27.277836 0.115139 46.055679 -0.500000 -0.371011 200.000000 -0.371011 0.042017 16.806865 0.866025 1.053875 200.000000 1.053875
 10.200000 -0.009960 -0.999950 0.835434 -0.549591 -3.131632 2.152671 -0.999950 -0.009960 -0.549591 0.835434 0.000000 0.000098 -1.000000 -20.940572 200.000000 -20.940572 0.009921 3.968417 -0.000000 27.277836 200.000000 27.277836 0.245930 98.372079 -0.500000 -0.371011 200.000000 -0.371011 0.093586 37.434268 0.866025 1.053875 200.000000 1.053875
 10.400000 -0.040474 -0.999181 0.879115 -0.476610 -3.101108 2.067591 -0.999181 -0.040474 -0.476610 0.879115 0.000067 0.026857 -1.000000 -20.940572 200.000000 -20.940572 0.163813 65.525234 -0.000000 27.277836 200.000000 27.277836 0.054709 21.883695 -0.500000 -0.371011 200.000000 -0.371011 0.017133 6.853341 0.866025 1.053875 200.000000 1.053875
 10.600000 -0.049319 -0.998783 0.834794 -0.550562 -3.092254 2.153834 -0.998783 -0.049319 -0.550562 0.834794 0.000148 0.059234 -1.000000 -20.940572 200.000000 -20.940572 0.243233 97.293012 -0.000000 27.277836 200.000000 27.277836 0.255656 102.262397 -0.500000 -0.371011 200.000000 -0.371011 0.097540 39.016051 0.866025 1.053875 200.000000 1.053875
 10.800000 -0.018668 -0.999826 0.806432 -0.591327 -3.122924 2.203500 -0.999826 -0.018668 -0.591327 0.806432 0.000003 0.001215 -1.000000 -20.940572 200.000000 -20.940572 0.034848 13.939283 -0.000000 27.277836 200.000000 27.277836 0.834065 333.625900 -0.500000 -0.371011 200.000000 -0.371011 0.355140 142.056026 0.866025 1.053875 200.000000 1.053875
 11.000000 -0.083359 -0.996520 0.852604 -0.522558 -3.058137 2.120644 -0.996520 -0.083359 -0.522558 0.852604 0.001211 0.484525 -1.000000 -20.940572 200.000000 -20.940572 0.694867 277.946876 -0.000000 27.277836 200.000000 27.277836 0.050885 20.353952 -0.500000 -0.371011 200.000000 -0.371011 0.018014 7.205431 0.866025 1.053875 200.000000 1.053875
 11.200000 -0.051494 -0.998673 0.881408 -0.472357 -3.090076 2.062759 -0.998673 -0.051494 -0.472357 0.881408 0.000176 0.070406 -1.000000 -20.940572 200.000000 -20.940572 0.265165 106.066006 -0.000000 27.277836 200.000000 27.277836 0.076416 30.566477 -0.500000 -0.371011 200.000000 -0.371011 0.023661 9.464450 0.866025 1.053875 200.000000 1.053875
 11.400000 -0.012113 -0.999927 0.891301 -0.453413 -3.129480 2.041387 -0.999927 -0.012113 -0.453413 0.891301 0.000001 0.000215 -1.000000 -20.940572 200.000000 -20.940572 0.014672 5.868646 -0.000000 27.277836 200.000000 27.277836 0.217037 86.814617 -0.500000 -0.371011 200.000000 -0.371011 0.063884 25.553485 0.866025 1.053875 200.000000 1.053875
 11.600000 0.012472 -0.999922 0.883677 -0.468097 3.129120 2.057932 -0.999922 0.012472 -0.468097 0.883677 0.000001 0.000242 -1.000000 -20.940572 200.000000 -20.940572 0.015556 6.222505 -0.000000 27.277836 200.000000 27.277836 0.101781 40.712598 -0.500000 -0.371011 200.000000 -0.371011 0.031159 12.463439 0.866025 1.053875 200.000000 1.053875
 11.800000 -0.015135 -0.999885 0.854191 -0.519960 -3.126457 2.117600 -0.999885 -0.015135 -0.519960 0.854191 0.000001 0.000525 -1.000000 -20.940572 200.000000 -20.940572 0.022906 9.162498 -0.000000 27.277836 200.000000 27.277836 0.039839 15.935469 -0.500000 -0.371011 200.000000 -0.371011 0.014006 5.602279 0.866025 1.053875 200.000000 1.053875
 12.000000 -0.082431 -0.996597 0.840343 -0.542056 -3.059068 2.143678 -0.996597 -0.082431 -0.542056 0.840343 0.001158 0.463275 -1.000000 -20.940572 200.000000 -20.940572 0.679485 271.794047 -0.000000 27.277836 200.000000 27.277836 0.176867 70.746852 -0.500000 -0.371011 200.000000 -0.371011 0.065960 26.384172 0.866025 1.053875 200.000000 1.053875
 12.200000 -0.060814 -0.998149 0.823555 -0.567236 -3.080741 2.173942 -0.998149 -0.060814 -0.567236 0.823555 0.000343 0.137030 -1.000000 -20.940572 200.000000 -20.940572 0.369834 147.933441 -0.000000 27.277836 200.000000 27.277836 0.452069 180.827591 -0.500000 -0.371011 200.000000 -0.371011 0.180371 72.148588 0.866025 1.053875 200.000000 1.053875
 12.400000 -0.032953 -0.999457 0.802617 -0.596495 -3.108634 2.209923 -0.999457 -0.032953 -0.596495 0.802617 0.000029 0.011798 -1.000000 -20.940572 200.000000 -20.940572 0.108588 43.435104 -0.000000 27.277836 200.000000 27.277836 0.931119 372.447623 -0.500000 -0.371011 200.000000 -0.371011 0.402061 160.824236 0.866025 1.053875 200.000000 1.053875
 12.600000 -0.077730 -0.996974 0.894865 -0.446337 -3.063784 2.033464 -0.996974 -0.077730 -0.446337 0.894865 0.000915 0.366161 -1.000000 -20.940572 200.000000 -20.940572 0.604197 241.678827 -0.000000 27.277836 200.000000 27.277836 0.287976 115.190499 -0.500000 -0.371011 200.000000 -0.371011 0.083173 33.269263 0.866025 1.053875 200.000000 1.053875
 12.800000 -0.087212 -0.996190 0.869271 -0.494335 -3.054269 2.087866 -0.996190 -0.087212 -0.494335 0.869271 0.001452 0.580725 -1.000000 -20.940572 200.000000 -20.940572 0.760601 304.240445 -0.000000 27.277836 200.000000 27.277836 0.003209 1.283668 -0.500000 -0.371011 200.000000 -0.371011 0.001054 0.421474 0.866025 1.053875 200.000000 1.053875
 13.000000 -0.098676 -0.995120 0.869877 -0.493269 -3.042756 2.086641 -0.995120 -0.098676 -0.493269 0.869877 0.002382 0.952722 -1.000000 -20.940572 200.000000 -20.940572 0.973693 389.477151 -0.000000 27.277836 200.000000 27.277836 0.004530 1.812004 -0.500000 -0.371011 200.000000 -0.371011 0.001483 0.593257 0.866025 1.053875 200.000000 1.053875
 13.200000 -0.127508 -0.991838 0.877890 -0.478862 -3.013736 2.070154 -0.991838 -0.127508 -0.478862 0.877890 0.006663 2.665053 -1.000000 -20.940572 200.000000 -20.940572 1.625837 650.334608 -0.000000 27.277836 200.000000 27.277836 0.044681 17.872541 -0.500000 -0.371011 200.000000 -0.371011 0.014077 5.630907 0.866025 1.053875 200.000000 1.053875
 13.400000 -0.009283 -0.999957 0.862959 -0.505275 -3.132309 2.100497 -0.999957 -0.009283 -0.505275 0.862959 0.000000 0.000074 -1.000000 -20.940572 200.000000 -20.940572 0.008618 3.447201 -0.000000 27.277836 200.000000 27.277836 0.002782 1.112904 -0.500000 -0.371011 200.000000 -0.371011 0.000941 0.376223 0.866025 1.053875 200.000000 1.053875
 13.600000 0.064074 -0.997945 0.810640 -0.585544 3.077475 2.196348 -0.997945 0.064074 -0.585544 0.810640 0.000422 0.168893 -1.000000 -20.940572 200.000000 -20.940572 0.410544 164.217635 -0.000000 27.277836 200.000000 27.277836 0.731781 292.712542 -0.500000 -0.371011 200.000000 -0.371011 0.306749 122.699649 0.866025 1.053875 200.000000 1.053875
 13.800000 -0.060241 -0.998184 0.834386 -0.551180 -3.081315 2.154574 -0.998184 -0.060241 -0.551180 0.834386 0.000330 0.131931 -1.000000 -20.940572 200.000000 -20.940572 0.362894 145.157551 -0.000000 27.277836 200.000000 27.277836 0.261942 104.776668 -0.500000 -0.371011 200.000000 -0.371011 0.100104 40.041546 0.866025 1.053875 200.000000 1.053875
 14.000000 -0.092199 -0.995741 0.855180 -0.518332 -3.049263 2.115695 -0.995741 -0.092199 -0.518332 0.855180 0.001814 0.725695 -1.000000 -20.940572 200.000000 -20.940572 0.850063 340.025294 -0.000000 27.277836 200.000000 27.277836 0.033606 13.442230 -0.500000 -0.371011 200.000000 -0.371011 0.011763 4.705272 0.866025 1.053875 200.000000 1.053875
 14.200000 -0.091859 -0.995772 0.870680 -0.491850 -3.049604 2.085010 -0.995772 -0.091859 -0.491850 0.870680 0.001788 0.715038 -1.000000 -20.940572 200.000000 -20.940572 0.843812 337.524669 -0.000000 27.277836 200.000000 27.277836 0.006642 2.656672 -0.500000 -0.371011 200.000000 -0.371011 0.002166 0.866519 0.866025 1.053875 200.000000 1.053875
 14.400000 -0.109688 -0.993966 0.868485 -0.495715 -3.031684 2.089454 -0.993966 -0.109688 -0.495715 0.868485 0.003641 1.456309 -1.000000 -20.940572 200.000000 -20.940572 1.203136 481.254278 -0.000000 27.277836 200.000000 27.277836 0.001836 0.734581 -0.500000 -0.371011 200.000000 -0.371011 0.000605 0.242078 0.866025 1.053875 200.000000 1.053875
 14.600000 -0.065011 -0.997885 0.836075 -0.548615 -3.076536 2.151503 -0.997885 -0.065011 -0.548615 0.836075 0.000448 0.179000 -1.000000 -20.940572 200.000000 -20.940572 0.422637 169.054625 -0.000000 27.277836 200.000000 27.277836 0.236341 94.536204 -0.500000 -0.371011 200.000000 -0.371011 0.089702 35.880603 0.866025 1.053875 200.000000 1.053875
 14.800000 -0.062582 -0.998040 0.815117 -0.579296 -3.078970 2.188662 -0.998040 -0.062582 -0.579296 0.815117 0.000384 0.153692 -1.000000 -20.940572 200.000000 -20.940572 0.391651 156.660476 -0.000000 27.277836 200.000000 27.277836 0.628792 251.516655 -0.500000 -0.371011 200.000000 -0.371011 0.259167 103.666681 0.866025 1.053875 200.000000 1.053875
 15.000000 -0.144268 -0.989539 0.824571 -0.565759 -2.996819 2.172149 -0.989539 -0.144268 -0.565759 0.824571 0.010944 4.377590 -1.000000 -20.940572 200.000000 -20.940572 2.081325 832.530005 -0.000000 27.277836 200.000000 27.277836 0.432419 172.967447 -0.500000 -0.371011 200.000000 -0.371011 0.171847 68.738834 0.866025 1.053875 200.000000 1.053875
 15.200000 -0.049073 -0.998795 0.839082 -0.544004 -3.092500 2.145998 -0.998795 -0.049073 -0.544004 0.839082 0.000145 0.058062 -1.000000 -20.940572 200.000000 -20.940572 0.240816 96.326529 -0.000000 27.277836 200.000000 27.277836 0.193639 77.455445 -0.500000 -0.371011 200.000000 -0.371011 0.072593 29.037079 0.866025 1.053875 200.000000 1.053875
 15.400000 -0.039119 -0.999235 0.875121 -0.483904 -3.102463 2.075907 -0.999235 -0.039119 -0.483904 0.875121 0.000059 0.023436 -1.000000 -20.940572 200.000000 -20.940572 0.153031 61.212454 -0.000000 27.277836 200.000000 27.277836 0.025908 10.363293 -0.500000 -0.371011 200.000000 -0.371011 0.008273 3.309273 0.866025 1.053875 200.000000 1.053875
 15.600000 -0.124071 -0.992273 0.848644 -0.528964 -3.017201 2.128175 -0.992273 -0.124071 -0.528964 0.848644 0.005970 2.388062 -1.000000 -20.940572 200.000000 -20.940572 1.539365 615.746184 -0.000000 27.277836 200.000000 27.277836 0.083890 33.556165 -0.500000 -0.371011 200.000000 -0.371011 0.030210 12.084024 0.866025 1.053875 200.000000 1.053875
 15.800000 -0.062309 -0.998057 0.835917 -0.548856 -3.079243 2.151792 -0.998057 -0.062309 -0.548856 0.835917 0.000378 0.151023 -1.000000 -20.940572 200.000000 -20.940572 0.388239 155.295600 -0.000000 27.277836 200.000000 27.277836 0.238693 95.477151 -0.500000 -0.371011 200.000000 -0.371011 0.090653 36.261165 0.866025 1.053875 200.000000 1.053875
 16.000000 -0.048508 -0.998823 0.890691 -0.454610 -3.093065 2.042731 -0.998823 -0.048508 -0.454610 0.890691 0.000139 0.055434 -1.000000 -20.940572 200.000000 -20.940572 0.235306 94.122521 -0.000000 27.277836 200.000000 27.277836 0.206024 82.409678 -0.500000 -0.371011 200.000000 -0.371011 0.060837 24.334767 0.866025 1.053875 200.000000 1.053875
 16.200000 0.023077 -0.999734 0.876848 -0.480768 3.118513 2.072327 -0.999734 0.023077 -0.480768 0.876848 0.000007 0.002837 -1.000000 -20.940572 200.000000 -20.940572 0.053255 21.302194 -0.000000 27.277836 200.000000 27.277836 0.036987 14.794713 -0.500000 -0.371011 200.000000 -0.371011 0.011712 4.684978 0.866025 1.053875 200.000000 1.053875
 16.400000 -0.011402 -0.999935 0.840498 -0.541814 -3.130190 2.143391 -0.999935 -0.011402 -0.541814 0.840498 0.000000 0.000169 -1.000000 -20.940572 200.000000 -20.940572 0.013001 5.200587 -0.000000 27.277836 200.000000 27.277836 0.174844 69.937650 -0.500000 -0.371011 200.000000 -0.371011 0.065164 26.065564 0.866025 1.053875 200.000000 1.053875
 16.600000 -0.046522 -0.998917 0.847252 -0.531190 -3.095053 2.130801 -0.998917 -0.046522 -0.531190 0.847252 0.000117 0.046894 -1.000000 -20.940572 200.000000 -20.940572 0.216434 86.573621 -0.000000 27.277836 200.000000 27.277836 0.097285 38.913890 -0.500000 -0.371011 200.000000 -0.371011 0.035243 14.097005 0.866025 1.053875 200.000000 1.053875
 16.800000 -0.013160 -0.999913 0.884923 -0.465738 -3.128432 2.055265 -0.999913 -0.013160 -0.465738 0.884923 0.000001 0.000300 -1.000000 -20.940572 200.000000 -20.940572 0.017319 6.927595 -0.000000 27.277836 200.000000 27.277836 0.117390 46.955848 -0.500000 -0.371011 200.000000 -0.371011 0.035711 14.284387 0.866025 1.053875 200.000000 1.053875
 17.000000 -0.028112 -0.999605 0.851711 -0.524011 -3.113477 2.122350 -0.999605 -0.028112 -0.524011 0.851711 0.000016 0.006248 -1.000000 -20.940572 200.000000 -20.940572 0.079030 31.611894 -0.000000 27.277836 200.000000 27.277836 0.057654 23.061745 -0.500000 -0.371011 200.000000 -0.371011 0.020489 8.195746 0.866025 1.053875 200.000000 1.053875
 17.200000 -0.096718 -0.995312 0.820659 -0.571418 -3.044723 2.179029 -0.995312 -0.096718 -0.571418 0.820659 0.002198 0.879154 -1.000000 -20.940572 200.000000 -20.940572 0.935434 374.173729 -0.000000 27.277836 200.000000 27.277836 0.510055 204.022033 -0.500000 -0.371011 200.000000 -0.371011 0.205810 82.324171 0.866025 1.053875 200.000000 1.053875
 17.400000 0.036709 -0.999326 0.831458 -0.555587 3.104876 2.159865 -0.999326 0.036709 -0.555587 0.831458 0.000045 0.018171 -1.000000 -20.940572 200.000000 -20.940572 0.134753 53.901226 -0.000000 27.277836 200.000000 27.277836 0.308991 123.596290 -0.500000 -0.371011 200.000000 -0.371011 0.119487 47.794964 0.866025 1.053875 200.000000 1.053875
 17.600000 -0.009634 -0.999954 0.836554 -0.547885 -3.131958 2.150630 -0.999954 -0.009634 -0.547885 0.836554 0.000000 0.000086 -1.000000 -20.940572 200.000000 -20.940572 0.009282 3.712625 -0.000000 27.277836 200.000000 27.277836 0.229296 91.718580 -0.500000 -0.371011 200.000000 -0.371011 0.086858 34.743205 0.866025 1.053875 200.000000 1.053875
 17.800000 -0.039278 -0.999228 0.860022 -0.510258 -3.102305 2.106281 -0.999228 -0.039278 -0.510258 0.860022 0.000060 0.023819 -1.000000 -20.940572 200.000000 -20.940572 0.154273 61.709284 -0.000000 27.277836 200.000000 27.277836 0.010522 4.208861 -0.500000 -0.371011 200.000000 -0.371011 0.003605 1.441862 0.866025 1.053875 200.000000 1.053875
 18.000000 -0.079510 -0.996834 0.874308 -0.485371 -3.061998 2.077584 -0.996834 -0.079510 -0.485371 0.874308 0.001002 0.400928 -1.000000 -20.940572 200.000000 -20.940572 0.632187 252.874695 -0.000000 27.277836 200.000000 27.277836 0.021399 8.559745 -0.500000 -0.371011 200.000000 -0.371011 0.006860 2.744074 0.866025 1.053875 200.000000 1.053875
 18.200000 -0.123381 -0.992359 0.863188 -0.504882 -3.017897 2.100042 -0.992359 -0.123381 -0.504882 0.863188 0.005838 2.335143 -1.000000 -20.940572 200.000000 -20.940572 1.522279 608.911785 -0.000000 27.277836 200.000000 27.277836 0.002384 0.953444 -0.500000 -0.371011 200.000000 -0.371011 0.000805 0.321979 0.866025 1.053875 200.000000 1.053875
 18.400000 0.018090 -0.999836 0.895344 -0.445375 3.123502 2.032389 -0.999836 0.018090 -0.445375 0.895344 0.000003 0.001071 -1.000000 -20.940572 200.000000 -20.940572 0.032725 13.090075 -0.000000 27.277836 200.000000 27.277836 0.298388 119.355259 -0.500000 -0.371011 200.000000 -0.371011 0.085959 34.383408 0.866025 1.053875 200.000000 1.053875
 18.600000 -0.048936 -0.998802 0.850369 -0.526187 -3.092637 2.124906 -0.998802 -0.048936 -0.526187 0.850369 0.000144 0.057418 -1.000000 -20.940572 200.000000 -20.940572 0.239477 95.790949 -0.000000 27.277836 200.000000 27.277836 0.068574 27.429411 -0.500000 -0.371011 200.000000 -0.371011 0.024512 9.804712 0.866025 1.053875 200.000000 1.053875
 18.800000 -0.149873 -0.988705 0.856761 -0.515713 -2.991153 2.112636 -0.988705 -0.149873 -0.515713 0.856761 0.012757 5.102856 -1.000000 -20.940572 200.000000 -20.940572 2.246193 898.477182 -0.000000 27.277836 200.000000 27.277836 0.024691 9.876437 -0.500000 -0.371011 200.000000 -0.371011 0.008583 3.433047 0.866025 1.053875 200.000000 1.053875
 19.000000 -0.086810 -0.996225 0.817101 -0.576494 -3.054674 2.185228 -0.996225 -0.086810 -0.576494 0.817101 0.001425 0.570051 -1.000000 -20.940572 200.000000 -20.940572 0.753592 301.436940 -0.000000 27.277836 200.000000 27.277836 0.585138 234.055270 -0.500000 -0.371011 200.000000 -0.371011 0.239358 95.743295 0.866025 1.053875 200.000000 1.053875
 19.200000 -0.048524 -0.998822 0.849969 -0.526832 -3.093049 2.125666 -0.998822 -0.048524 -0.526832 0.849969 0.000139 0.055506 -1.000000 -20.940572 200.000000 -20.940572 0.235459 94.183547 -0.000000 27.277836 200.000000 27.277836 0.071998 28.799081 -0.500000 -0.371011 200.000000 -0.371011 0.025780 10.312071 0.866025 1.053875 200.000000 1.053875
 19.400000 -0.075863 -0.997118 0.845750 -0.533580 -3.065657 2.133624 -0.997118 -0.075863 -0.533580 0.845750 0.000830 0.332178 -1.000000 -20.940572 200.000000 -20.940572 0.575518 230.207284 -0.000000 27.277836 200.000000 27.277836 0.112761 45.104386 -0.500000 -0.371011 200.000000 -0.371011 0.041111 16.444228 0.866025 1.053875 200.000000 1.053875
 19.600000 0.008279 -0.999966 0.838394 -0.545064 3.133314 2.147262 -0.999966 0.008279 -0.545064 0.838394 0.000000 0.000047 -1.000000 -20.940572 200.000000 -20.940572 0.006854 2.741585 -0.000000 27.277836 200.000000 27.277836 0.203078 81.231250 -0.500000 -0.371011 200.000000 -0.371011 0.076348 30.539081 0.866025 1.053875 200.000000 1.053875
 19.800000 -0.107027 -0.994256 0.874747 -0.484580 -3.034361 2.076680 -0.994256 -0.107027 -0.484580 0.874747 0.003299 1.319669 -1.000000 -20.940572 200.000000 -20.940572 1.145469 458.187661 -0.000000 27.277836 200.000000 27.277836 0.023777 9.510784 -0.500000 -0.371011 200.000000 -0.371011 0.007606 3.042528 0.866025 1.053875 200.000000 1.053875
 20.000000 -0.063584 -0.997977 0.896067 -0.443919 -3.077966 2.030764 -0.997977 -0.063584 -0.443919 0.896067 0.000409 0.163782 -1.000000 -20.940572 200.000000 -20.940572 0.404290 161.716023 -0.000000 27.277836 200.000000 27.277836 0.314509 125.803543 -0.500000 -0.371011 200.000000 -0.371011 0.090250 36.099809 0.866025 1.053875 200.000000 1.053875
