#! FIELDS time sin_phi cos_phi sin_psi cos_psi phi psi cos_phi sin_phi cos_psi sin_psi restraint_phi_cos.bias restraint_phi_cos.force2 restraint_phi_cos.cos_phi_cntr restraint_phi_cos.cos_phi_work restraint_phi_cos.cos_phi_kappa restraint_phi_cos.work restraint_phi_sin.bias restraint_phi_sin.force2 restraint_phi_sin.sin_phi_cntr restraint_phi_sin.sin_phi_work restraint_phi_sin.sin_phi_kappa restraint_phi_sin.work restraint_psi_cos.bias restraint_psi_cos.force2 restraint_psi_cos.cos_psi_cntr restraint_psi_cos.cos_psi_work restraint_psi_cos.cos_psi_kappa restraint_psi_cos.work restraint_psi_sin.bias restraint_psi_sin.force2 restraint_psi_sin.sin_psi_cntr restraint_psi_sin.sin_psi_work restraint_psi_sin.sin_psi_kappa restraint_psi_sin.work
#! SET min_phi -pi
#! SET max_phi pi
#! SET min_psi -pi
#! SET max_psi pi
 0.000000 -0.999983 -0.005782 0.966116 0.258110 -1.576579 1.309731 -0.005782 -0.999983 0.258110 0.966116 0.000000 0.000000 -0.009747 0.000000 0.000000 0.000000 0.000000 0.000000 -0.999953 0.000000 0.000000 0.000000 0.000000 0.000000 0.256142 0.000000 0.000000 0.000000 0.000000 0.000000 0.966639 0.000000 0.000000 0.000000
 0.200000 -1.000000 -0.000266 0.834655 0.550773 -1.571062 0.987506 -0.000266 -1.000000 0.550773 0.834655 0.000899 0.035954 -0.009747 0.429322 20.000000 0.429322 0.000000 0.000001 -0.999953 0.008204 20.000000 0.008204 0.868072 34.722866 0.256142 0.437494 20.000000 0.437494 0.174198 6.967905 0.966639 0.079186 20.000000 0.079186
 0.400000 -0.998238 0.059333 0.982968 0.183778 -1.511428 1.385968 0.059333 -0.998238 0.183778 0.982968 0.095441 7.635246 -0.009747 0.576151 40.000000 0.576151 0.000059 0.004702 -0.999953 0.009175 40.000000 0.009175 0.104733 8.378618 0.256142 0.652620 40.000000 0.652620 0.005333 0.426605 0.966639 0.103852 40.000000 0.103852
 0.600000 -0.997905 0.064690 0.969721 0.244216 -1.506061 1.324085 0.064690 -0.997905 0.244216 0.969721 0.166224 19.946879 -0.009747 0.652738 60.000000 0.652738 0.000126 0.015086 -0.999953 0.009549 60.000000 0.009549 0.004267 0.512080 0.256142 0.812949 60.000000 0.812949 0.000285 0.034192 0.966639 0.126978 60.000000 0.126978
 0.800000 -0.999998 0.001894 0.948099 0.317975 -1.568902 1.247203 0.001894 -0.999998 0.317975 0.948099 0.005420 0.867200 -0.009747 0.745440 80.000000 0.745440 0.000000 0.000013 -0.999953 0.009931 80.000000 0.009931 0.152931 24.469032 0.256142 0.870396 80.000000 0.870396 0.013749 2.199883 0.966639 0.131256 80.000000 0.131256
 1.000000 -0.997905 -0.064690 0.983714 0.179740 -1.635531 1.390074 -0.064690 -0.997905 0.179740 0.983714 0.150938 30.187619 -0.009747 0.830208 100.000000 0.830208 0.000210 0.041905 -0.999953 0.010215 100.000000 0.010215 0.291867 58.373466 0.256142 0.906296 100.000000 0.906296 0.014578 2.915595 0.966639 0.133900 100.000000 0.133900
 1.200000 -0.998628 0.052357 0.985226 0.171262 -1.518415 1.398686 0.052357 -0.998628 0.171262 0.985226 0.231412 55.538994 -0.009747 0.926095 120.000000 0.926095 0.000105 0.025246 -0.999953 0.010633 120.000000 0.010633 0.432282 103.747643 0.256142 0.992025 120.000000 0.992025 0.020727 4.974582 0.966639 0.141240 120.000000 0.141240
 1.400000 -0.999098 0.042471 0.979939 0.199299 -1.528313 1.370154 0.042471 -0.999098 0.199299 0.979939 0.190866 53.442499 -0.009747 0.960898 140.000000 0.960898 0.000051 0.014321 -0.999953 0.010712 140.000000 0.010712 0.226180 63.330420 0.256142 1.092945 140.000000 1.092945 0.012382 3.466844 0.966639 0.149518 140.000000 0.149518
 1.600000 -0.999952 0.009779 0.961528 0.274706 -1.561018 1.292512 0.009779 -0.999952 0.274706 0.961528 0.030498 9.759450 -0.009747 1.007093 160.000000 1.007093 0.000000 0.000000 -0.999953 0.010845 160.000000 0.010845 0.027570 8.822428 0.256142 1.162447 160.000000 1.162447 0.002090 0.668714 0.966639 0.156254 160.000000 0.156254
 1.800000 -0.999816 -0.019191 0.970209 0.242271 -1.589988 1.326090 -0.019191 -0.999816 0.242271 0.970209 0.008027 2.889774 -0.009747 1.051966 180.000000 1.051966 0.000002 0.000605 -0.999953 0.010933 180.000000 0.010933 0.017316 6.233938 0.256142 1.193883 180.000000 1.193883 0.001147 0.412811 0.966639 0.158912 180.000000 0.158912
 2.000000 -0.987451 0.157923 0.943128 0.332430 -1.412209 1.231917 0.157923 -0.987451 0.332430 0.943128 2.811311 1124.524500 -0.009747 1.081900 200.000000 1.081900 0.015628 6.251093 -0.999953 0.011013 200.000000 0.011013 0.581986 232.794469 0.256142 1.219741 200.000000 1.219741 0.055278 22.111200 0.966639 0.161373 200.000000 0.161373
 2.200000 -0.997189 0.074925 0.918312 0.395858 -1.495801 1.163794 0.074925 -0.997189 0.395858 0.918312 0.802833 321.133147 -0.014676 1.100168 200.000000 1.100168 0.324088 129.635095 -0.940260 0.335751 200.000000 0.335751 2.364679 945.871800 0.242083 1.262143 200.000000 1.262143 0.024049 9.619796 0.902804 0.504714 200.000000 0.504714
 2.400000 -0.999907 -0.013618 0.934887 0.354945 -1.584415 1.207941 -0.013618 -0.999907 0.354945 0.934887 0.003585 1.433847 -0.019605 1.130237 200.000000 1.130237 1.424176 569.670381 -0.880568 1.390487 200.000000 1.390487 1.610890 644.355827 0.228024 1.356671 200.000000 1.356671 0.920044 368.017605 0.838968 1.637188 200.000000 1.637188
 2.600000 -0.992428 -0.122829 0.881513 0.472160 -1.693937 1.079057 -0.122829 -0.992428 0.472160 0.881513 0.966187 386.474966 -0.024535 1.149038 200.000000 1.149038 2.942988 1177.195354 -0.820876 3.141843 200.000000 3.141843 6.666488 2666.595392 0.213965 1.492195 200.000000 1.492195 1.131666 452.666420 0.775133 3.579272 200.000000 3.579272
 2.800000 -0.999178 -0.040545 0.957967 0.286878 -1.611353 1.279830 -0.040545 -0.999178 0.286878 0.957967 0.012280 4.911804 -0.029464 1.163903 200.000000 1.163903 5.664083 2265.633392 -0.761184 5.615544 200.000000 5.615544 0.756416 302.566397 0.199905 1.669315 200.000000 1.669315 6.084588 2433.835399 0.711298 6.335636 200.000000 6.335636
 3.000000 -0.998893 -0.047038 0.949989 0.312284 -1.617852 1.253200 -0.047038 -0.998893 0.312284 0.949989 0.015988 6.395321 -0.034393 1.197273 200.000000 1.197273 8.844723 3537.889288 -0.701492 8.806585 200.000000 8.806585 1.598643 639.457340 0.185846 1.928471 200.000000 1.928471 9.152234 3660.893687 0.647462 9.876735 200.000000 9.876735
 3.200000 -0.999214 0.039649 0.973983 0.226621 -1.531137 1.342189 0.039649 -0.999214 0.226621 0.973983 0.623660 249.464043 -0.039323 1.206251 200.000000 1.206251 12.774432 5109.772922 -0.641800 12.685247 200.000000 12.685247 0.300679 120.271403 0.171787 2.261597 200.000000 2.261597 15.237784 6095.113709 0.583627 14.171512 200.000000 14.171512
 3.400000 -0.994581 0.103961 0.974644 0.223761 -1.466648 1.345124 0.103961 -0.994581 0.223761 0.974644 2.196699 878.679644 -0.044252 1.201769 200.000000 1.201769 17.013413 6805.365194 -0.582108 17.278211 200.000000 17.278211 0.436044 174.417526 0.157728 2.646528 200.000000 2.646528 20.689068 8275.627345 0.519792 19.257508 200.000000 19.257508
 3.600000 -0.999223 -0.039418 0.985517 0.169575 -1.610225 1.400397 -0.039418 -0.999223 0.169575 0.985517 0.009532 3.812803 -0.049182 1.204757 200.000000 1.204757 22.734453 9093.781233 -0.522416 22.601473 200.000000 22.601473 0.067117 26.846716 0.143669 3.107041 200.000000 3.107041 28.043483 11217.393385 0.455956 25.092333 200.000000 25.092333
 3.800000 -0.987530 -0.157431 0.958797 0.284093 -1.728885 1.282736 -0.157431 -0.987530 0.284093 0.958797 1.067497 426.998832 -0.054111 1.206408 200.000000 1.206408 27.542122 11016.848756 -0.462724 28.614658 200.000000 28.614658 2.386515 954.606040 0.129609 3.581744 200.000000 3.581744 32.112159 12844.863560 0.392121 31.769042 200.000000 31.769042
 4.000000 -0.990923 -0.134434 0.935905 0.352252 -1.705638 1.210820 -0.134434 -0.990923 0.352252 0.935905 0.568417 227.366971 -0.059040 1.195459 200.000000 1.195459 34.561520 13824.607922 -0.403032 35.336319 200.000000 35.336319 5.602770 2241.107835 0.115550 4.139445 200.000000 4.139445 36.920176 14768.070496 0.328286 39.246500 200.000000 39.246500
 4.200000 -0.996105 -0.088180 0.971648 0.236433 -1.659091 1.332103 -0.088180 -0.996105 0.236433 0.971648 0.058613 23.445256 -0.063970 1.170737 200.000000 1.170737 42.610148 17044.059174 -0.343340 42.763180 200.000000 42.763180 1.820934 728.373743 0.101491 4.907375 200.000000 4.907375 50.012854 20005.141645 0.264450 47.237213 200.000000 47.237213
 4.400000 -0.968882 -0.247522 0.902798 0.430065 -1.820918 1.126231 -0.247522 -0.968882 0.430065 0.902798 3.190627 1276.250824 -0.068899 1.093082 200.000000 1.093082 46.954585 18781.834033 -0.283648 50.811632 200.000000 50.811632 11.739782 4695.912886 0.087432 5.806863 200.000000 5.806863 49.306093 19722.437311 0.200615 55.766052 200.000000 55.766052
 4.600000 -0.992762 -0.120097 0.936022 0.351942 -1.691184 1.211151 -0.120097 -0.992762 0.351942 0.936022 0.214080 85.632051 -0.073828 1.024428 200.000000 1.024428 59.106287 23642.514696 -0.223956 59.567473 200.000000 59.567473 7.760097 3104.038624 0.073372 6.649606 200.000000 6.649606 63.878840 25551.536047 0.136779 65.389831 200.000000 65.389831
 4.800000 -0.924737 -0.380606 0.764889 0.644162 -1.961248 0.870869 -0.380606 -0.924737 0.644162 0.764889 9.111230 3644.492077 -0.078758 0.831052 200.000000 0.831052 57.831975 23132.790001 -0.164264 68.683922 200.000000 68.683922 34.204800 13681.919990 0.059313 8.156383 200.000000 8.156383 47.878799 19151.519741 0.072944 74.136050 200.000000 74.136050
 5.000000 -0.960908 -0.276866 0.577334 0.816508 -1.851328 0.615460 -0.276866 -0.960908 0.816508 0.577334 3.731816 1492.726214 -0.083687 0.531375 200.000000 0.531375 73.331228 29332.491249 -0.104572 78.040337 200.000000 78.040337 59.483300 23793.320092 0.045254 9.703219 200.000000 9.703219 32.287984 12915.193589 0.009109 83.697969 200.000000 83.697969
 5.200000 -0.557036 -0.830488 -0.590246 0.807224 -2.550780 -0.631363 -0.830488 -0.557036 0.807224 -0.590246 55.037339 22014.935634 -0.088616 0.049752 200.000000 0.049752 26.230435 10492.173919 -0.044880 86.773311 200.000000 86.773311 60.222065 24088.825975 0.031195 12.186569 200.000000 12.186569 28.678086 11471.234384 -0.054727 85.194482 200.000000 85.194482
 5.400000 -0.265084 -0.964225 -0.990738 -0.135784 -2.873302 -1.707001 -0.964225 -0.265084 -0.135784 -0.990738 75.808280 30323.311941 -0.093546 -0.803047 200.000000 -0.803047 7.834176 3133.670346 0.014812 89.163952 200.000000 89.163952 2.338438 935.375255 0.017136 12.641791 200.000000 12.641791 76.069182 30427.672900 -0.118562 74.377816 200.000000 74.377816
 5.600000 -0.074320 -0.997234 -0.887499 0.460810 -3.067204 -1.091888 -0.997234 -0.074320 0.460810 -0.887499 80.776815 32310.725837 -0.098475 -1.689069 200.000000 -1.689069 2.214857 885.942629 0.074504 90.428518 200.000000 90.428518 20.952052 8380.820785 0.003076 12.434743 200.000000 12.434743 49.716779 19886.711626 -0.182397 63.909629 200.000000 63.909629
 5.800000 0.762448 -0.647049 -0.945220 -0.326433 2.274504 -1.903324 -0.647049 0.762448 -0.326433 -0.945220 29.554948 11821.979375 -0.103405 -2.469324 200.000000 -2.469324 39.470058 15788.023009 0.134196 87.258738 200.000000 87.258738 9.950890 3980.355991 -0.010983 12.841393 200.000000 12.841393 48.858362 19543.344958 -0.246233 54.618511 200.000000 54.618511
 6.000000 0.999595 0.028459 -0.994984 0.100037 1.542333 -1.470592 0.028459 0.999595 0.100037 -0.994984 1.871232 748.492693 -0.108334 -2.698750 200.000000 -2.698750 64.916330 25966.531963 0.193888 78.473727 200.000000 78.473727 1.564476 625.790412 -0.025042 12.700785 200.000000 12.700785 46.910950 18764.379866 -0.310068 45.630710 200.000000 45.630710
 6.200000 0.869818 -0.493373 -0.992743 -0.120254 2.086760 -1.691342 -0.493373 0.869818 -0.120254 -0.992743 14.448331 5779.332426 -0.113263 -2.633164 200.000000 -2.633164 37.974875 15189.950044 0.253580 69.507273 200.000000 69.507273 0.658575 263.429843 -0.039101 12.714244 200.000000 12.714244 38.296265 15318.505805 -0.373903 37.255606 200.000000 37.255606
 6.400000 0.999997 0.002412 -0.996706 -0.081099 1.568384 -1.651985 0.002412 0.999997 -0.081099 -0.996706 1.454557 581.822660 -0.118193 -2.880673 200.000000 -2.880673 47.159090 18863.635946 0.313272 62.360994 200.000000 62.360994 0.078057 31.222792 -0.053161 12.339384 200.000000 12.339384 31.244441 12497.776419 -0.437739 29.942195 200.000000 29.942195
 6.600000 0.973998 -0.226558 -0.977023 -0.213133 1.799338 -1.785577 -0.226558 0.973998 -0.213133 -0.977023 1.069892 427.956941 -0.123122 -2.807029 200.000000 -2.807029 36.124112 14449.644889 0.372964 54.579763 200.000000 54.579763 2.129069 851.627549 -0.067220 12.401162 200.000000 12.401162 22.605181 9042.072210 -0.501574 23.305594 200.000000 23.305594
 6.800000 0.995696 -0.092682 -0.997826 0.065900 1.663612 -1.504849 -0.092682 0.995696 0.065900 -0.997826 0.125099 50.039733 -0.128051 -2.903937 200.000000 -2.903937 31.701331 12680.532281 0.432656 47.874271 200.000000 47.874271 2.166168 866.467257 -0.081279 12.262935 200.000000 12.262935 18.698426 7479.370293 -0.565409 17.553765 200.000000 17.553765
 7.000000 0.968905 -0.247432 -0.991737 -0.128291 1.820825 -1.699441 -0.247432 0.968905 -0.128291 -0.991737 1.309901 523.960260 -0.132981 -2.879453 200.000000 -2.879453 22.710647 9084.258623 0.492348 41.563980 200.000000 41.563980 0.108585 43.434109 -0.095338 12.164050 200.000000 12.164050 13.140031 5256.012228 -0.629245 12.537733 200.000000 12.537733
 7.200000 0.999483 -0.032136 -0.994073 -0.108719 1.602938 -1.679730 -0.032136 0.999483 -0.108719 -0.994073 1.118808 447.523354 -0.137910 -2.830451 200.000000 -2.830451 20.020525 8008.209901 0.552040 35.955025 200.000000 35.955025 0.000046 0.018428 -0.109398 12.074342 200.000000 12.074342 9.059641 3623.856241 -0.693080 8.406299 200.000000 8.406299
 7.400000 0.996284 -0.086126 -0.990920 -0.134455 1.657030 -1.705659 -0.086126 0.996284 -0.134455 -0.990920 0.321639 128.655435 -0.142840 -2.858562 200.000000 -2.858562 14.788001 5915.200412 0.611733 31.155674 200.000000 31.155674 0.012095 4.838051 -0.123457 11.960064 200.000000 11.960064 5.475798 2190.319210 -0.756916 5.072136 200.000000 5.072136
 7.600000 0.992906 -0.118903 -0.996639 -0.081924 1.689981 -1.652812 -0.118903 0.992906 -0.081924 -0.996639 0.083324 33.329619 -0.147769 -2.765417 200.000000 -2.765417 10.335023 4134.009371 0.671425 26.928122 200.000000 26.928122 0.309049 123.619685 -0.137516 12.000914 200.000000 12.000914 3.093649 1237.459447 -0.820751 2.472412 200.000000 2.472412
 7.800000 0.989495 -0.144565 -0.990103 -0.140346 1.715869 -1.711607 -0.144565 0.989495 -0.140346 -0.990103 0.006616 2.646268 -0.152698 -2.758090 200.000000 -2.758090 6.675958 2670.383394 0.731117 23.511123 200.000000 23.511123 0.012609 5.043798 -0.151575 11.926781 200.000000 11.926781 1.113368 445.347384 -0.884586 0.809552 200.000000 0.809552
 8.000000 0.969870 -0.243624 -0.989030 -0.147714 1.816897 -1.719053 -0.243624 0.969870 -0.147714 -0.989030 0.739534 295.813617 -0.157628 -2.681343 200.000000 -2.681343 3.206290 1282.515923 0.790809 20.738212 200.000000 20.738212 0.032114 12.845746 -0.165634 11.970286 200.000000 11.970286 0.164905 65.962098 -0.948422 -0.112588 200.000000 -0.112588
 8.200000 0.996937 -0.078210 -0.999869 0.016191 1.649086 -1.554605 -0.078210 0.996937 0.016191 -0.999869 0.711447 284.578966 -0.162557 -2.646076 200.000000 -2.646076 2.144358 857.743112 0.850501 18.705953 200.000000 18.705953 3.603892 1441.556887 -0.173648 11.946854 200.000000 11.946854 0.022684 9.073546 -0.984808 -0.224720 200.000000 -0.224720
 8.400000 0.988483 -0.151329 -0.992502 -0.122225 1.722709 -1.693328 -0.151329 0.988483 -0.122225 -0.992502 0.026107 10.442860 -0.167486 -2.575540 200.000000 -2.575540 0.612945 245.177869 0.910193 17.355468 200.000000 17.355468 0.264435 105.773814 -0.173648 11.946854 200.000000 11.946854 0.005921 2.368316 -0.984808 -0.224720 200.000000 -0.224720
 8.600000 0.998316 -0.058006 -0.992491 -0.122314 1.628835 -1.693417 -0.058006 0.998316 -0.122314 -0.992491 1.308966 523.586238 -0.172416 -2.491125 200.000000 -2.491125 0.080835 32.334013 0.969885 16.697505 200.000000 16.697505 0.263520 105.408092 -0.173648 11.946854 200.000000 11.946854 0.005904 2.361573 -0.984808 -0.224720 200.000000 -0.224720
 8.800000 0.999959 0.009057 -0.994085 -0.108605 1.561740 -1.679616 0.009057 0.999959 -0.108605 -0.994085 3.338104 1335.241439 -0.173648 -2.470363 200.000000 -2.470363 0.022956 9.182397 0.984808 16.645051 200.000000 16.645051 0.423058 169.223287 -0.173648 11.946854 200.000000 11.946854 0.008607 3.442660 -0.984808 -0.224720 200.000000 -0.224720
 9.000000 0.990939 -0.134314 -0.978791 -0.204860 1.705518 -1.777117 -0.134314 0.990939 -0.204860 -0.978791 0.154716 61.886458 -0.173648 -2.470363 200.000000 -2.470363 0.003759 1.503587 0.984808 16.645051 200.000000 16.645051 0.097417 38.966694 -0.173648 11.946854 200.000000 11.946854 0.003620 1.447898 -0.984808 -0.224720 200.000000 -0.224720
 9.200000 0.998984 -0.045074 -0.990539 -0.137231 1.615886 -1.708462 -0.045074 0.998984 -0.137231 -0.990539 1.653129 661.251771 -0.173648 -2.470363 200.000000 -2.470363 0.020096 8.038238 0.984808 16.645051 200.000000 16.645051 0.132621 53.048348 -0.173648 11.946854 200.000000 11.946854 0.003285 1.313919 -0.984808 -0.224720 200.000000 -0.224720
 9.400000 0.980665 -0.195696 -0.981613 -0.190884 1.767763 -1.762859 -0.195696 0.980665 -0.190884 -0.981613 0.048611 19.444206 -0.173648 -2.470363 200.000000 -2.470363 0.001717 0.686624 0.984808 16.645051 200.000000 16.645051 0.029706 11.882552 -0.173648 11.946854 200.000000 11.946854 0.001021 0.408346 -0.984808 -0.224720 200.000000 -0.224720
 9.600000 0.992080 -0.125608 -0.978009 -0.208563 1.696737 -1.780902 -0.125608 0.992080 -0.208563 -0.978009 0.230787 92.314616 -0.173648 -2.470363 200.000000 -2.470363 0.005289 2.115400 0.984808 16.645051 200.000000 16.645051 0.121905 48.761831 -0.173648 11.946854 200.000000 11.946854 0.004622 1.848959 -0.984808 -0.224720 200.000000 -0.224720
 9.800000 0.999982 0.005966 -0.990014 -0.140966 1.564830 -1.712233 0.005966 0.999982 -0.140966 -0.990014 3.226131 1290.452485 -0.173648 -2.470363 200.000000 -2.470363 0.023026 9.210556 0.984808 16.645051 200.000000 16.645051 0.106814 42.725447 -0.173648 11.946854 200.000000 11.946854 0.002711 1.084393 -0.984808 -0.224720 200.000000 -0.224720
 10.000000 0.994882 -0.101047 -0.969269 -0.246004 1.672016 -1.819352 -0.101047 0.994882 -0.246004 -0.969269 0.527091 210.836370 -0.173648 -2.470363 200.000000 -2.470363 0.010148 4.059326 0.984808 16.645051 200.000000 16.645051 0.523539 209.415406 -0.173648 11.946854 200.000000 11.946854 0.024146 9.658390 -0.984808 -0.224720 200.000000 -0.224720
 10.200000 0.997492 -0.070778 -0.983390 -0.181505 1.641634 -1.753313 -0.070778 0.997492 -0.181505 -0.983390 1.058217 423.286950 -0.173648 -2.470363 200.000000 -2.470363 0.016089 6.435664 0.984808 16.645051 200.000000 16.645051 0.006173 2.469189 -0.173648 11.946854 200.000000 11.946854 0.000201 0.080399 -0.984808 -0.224720 200.000000 -0.224720
 10.400000 0.989254 -0.146210 -0.976883 -0.213773 1.717533 -1.786232 -0.146210 0.989254 -0.213773 -0.976883 0.075284 30.113434 -0.173648 -2.470363 200.000000 -2.470363 0.001976 0.790596 0.984808 16.645051 200.000000 16.645051 0.161002 64.400737 -0.173648 11.946854 200.000000 11.946854 0.006280 2.511868 -0.984808 -0.224720 200.000000 -0.224720
 10.600000 0.997473 -0.071053 -0.963935 -0.266138 1.641909 -1.840181 -0.071053 0.997473 -0.266138 -0.963935 1.052576 421.030598 -0.173648 -2.470363 200.000000 -2.470363 0.016040 6.415873 0.984808 16.645051 200.000000 16.645051 0.855436 342.174255 -0.173648 11.946854 200.000000 11.946854 0.043567 17.426949 -0.984808 -0.224720 200.000000 -0.224720
 10.800000 0.984675 -0.174400 -0.992531 -0.121992 1.746093 -1.693093 -0.174400 0.984675 -0.121992 -0.992531 0.000057 0.022619 -0.173648 -2.470363 200.000000 -2.470363 0.000002 0.000706 0.984808 16.645051 200.000000 16.645051 0.266832 106.732963 -0.173648 11.946854 200.000000 11.946854 0.005965 2.385966 -0.984808 -0.224720 200.000000 -0.224720
 11.000000 0.999700 -0.024482 -0.986611 -0.163092 1.595280 -1.734620 -0.024482 0.999700 -0.163092 -0.986611 2.225069 890.027637 -0.173648 -2.470363 200.000000 -2.470363 0.022179 8.871498 0.984808 16.645051 200.000000 16.645051 0.011143 4.457120 -0.173648 11.946854 200.000000 11.946854 0.000325 0.130043 -0.984808 -0.224720 200.000000 -0.224720
 11.200000 0.990475 -0.137695 -0.984527 -0.175231 1.708930 -1.746937 -0.137695 0.990475 -0.175231 -0.984527 0.129262 51.704968 -0.173648 -2.470363 200.000000 -2.470363 0.003211 1.284555 0.984808 16.645051 200.000000 16.645051 0.000251 0.100273 -0.173648 11.946854 200.000000 11.946854 0.000008 0.003147 -0.984808 -0.224720 200.000000 -0.224720
 11.400000 0.993001 -0.118102 -0.990802 -0.135320 1.689175 -1.706532 -0.118102 0.993001 -0.135320 -0.990802 0.308537 123.414834 -0.173648 -2.470363 200.000000 -2.470363 0.006714 2.685474 0.984808 16.645051 200.000000 16.645051 0.146907 58.762833 -0.173648 11.946854 200.000000 11.946854 0.003593 1.437233 -0.984808 -0.224720 200.000000 -0.224720
 11.600000 0.999985 0.005515 -0.997388 -0.072235 1.565282 -1.643094 0.005515 0.999985 -0.072235 -0.997388 3.209927 1283.970853 -0.173648 -2.470363 200.000000 -2.470363 0.023034 9.213704 0.984808 16.645051 200.000000 16.645051 1.028469 411.387556 -0.173648 11.946854 200.000000 11.946854 0.015825 6.330163 -0.984808 -0.224720 200.000000 -0.224720
 11.800000 0.996970 -0.077789 -0.991022 -0.133696 1.648664 -1.704894 -0.077789 0.996970 -0.133696 -0.991022 0.918900 367.559985 -0.173648 -2.470363 200.000000 -2.470363 0.014792 5.916666 0.984808 16.645051 200.000000 16.645051 0.159617 63.846930 -0.173648 11.946854 200.000000 11.946854 0.003862 1.544866 -0.984808 -0.224720 200.000000 -0.224720
 12.000000 0.996620 -0.082147 -0.985767 -0.168117 1.653036 -1.739716 -0.082147 0.996620 -0.168117 -0.985767 0.837239 334.895563 -0.173648 -2.470363 200.000000 -2.470363 0.013953 5.581346 0.984808 16.645051 200.000000 16.645051 0.003059 1.223698 -0.173648 11.946854 200.000000 11.946854 0.000092 0.036808 -0.984808 -0.224720 200.000000 -0.224720
 12.200000 0.996324 -0.085666 -0.986963 -0.160945 1.656568 -1.732445 -0.085666 0.996324 -0.160945 -0.986963 0.774083 309.633333 -0.173648 -2.470363 200.000000 -2.470363 0.013262 5.304863 0.984808 16.645051 200.000000 16.645051 0.016137 6.454685 -0.173648 11.946854 200.000000 11.946854 0.000465 0.185865 -0.984808 -0.224720 200.000000 -0.224720
 12.400000 0.990349 -0.138598 -0.989453 -0.144851 1.709842 -1.716159 -0.138598 0.990349 -0.144851 -0.989453 0.122851 49.140330 -0.173648 -2.470363 200.000000 -2.470363 0.003070 1.228088 0.984808 16.645051 200.000000 16.645051 0.082927 33.170776 -0.173648 11.946854 200.000000 11.946854 0.002158 0.863303 -0.984808 -0.224720 200.000000 -0.224720
 12.600000 0.991084 -0.133240 -0.991787 -0.127902 1.704434 -1.699050 -0.133240 0.991084 -0.127902 -0.991787 0.163279 65.311451 -0.173648 -2.470363 200.000000 -2.470363 0.003939 1.575523 0.984808 16.645051 200.000000 16.645051 0.209272 83.708917 -0.173648 11.946854 200.000000 11.946854 0.004871 1.948298 -0.984808 -0.224720 200.000000 -0.224720
 12.800000 0.998800 -0.048966 -0.995908 -0.090368 1.619782 -1.661288 -0.048966 0.998800 -0.090368 -0.995908 1.554571 621.828362 -0.173648 -2.470363 200.000000 -2.470363 0.019580 7.831832 0.984808 16.645051 200.000000 16.645051 0.693555 277.421857 -0.173648 11.946854 200.000000 11.946854 0.012322 4.928992 -0.984808 -0.224720 200.000000 -0.224720
 13.000000 0.993477 -0.114032 -0.995521 -0.094538 1.685077 -1.665476 -0.114032 0.993477 -0.094538 -0.995521 0.355412 142.164708 -0.173648 -2.470363 200.000000 -2.470363 0.007516 3.006307 0.984808 16.645051 200.000000 16.645051 0.625844 250.337483 -0.173648 11.946854 200.000000 11.946854 0.011478 4.591173 -0.984808 -0.224720 200.000000 -0.224720
 13.200000 0.998415 -0.056277 -0.986326 -0.164803 1.627103 -1.736355 -0.056277 0.998415 -0.164803 -0.986326 1.377608 551.043172 -0.173648 -2.470363 200.000000 -2.470363 0.018516 7.406520 0.984808 16.645051 200.000000 16.645051 0.007823 3.129165 -0.173648 11.946854 200.000000 11.946854 0.000231 0.092255 -0.984808 -0.224720 200.000000 -0.224720
 13.400000 0.992564 -0.121723 -0.989607 -0.143796 1.692822 -1.715092 -0.121723 0.992564 -0.143796 -0.989607 0.269622 107.848843 -0.173648 -2.470363 200.000000 -2.470363 0.006016 2.406440 0.984808 16.645051 200.000000 16.645051 0.089116 35.646507 -0.173648 11.946854 200.000000 11.946854 0.002304 0.921455 -0.984808 -0.224720 200.000000 -0.224720
 13.600000 0.994577 -0.104004 -0.952703 -0.303902 1.674989 -1.879582 -0.104004 0.994577 -0.303902 -0.952703 0.485028 194.011173 -0.173648 -2.470363 200.000000 -2.470363 0.009544 3.817414 0.984808 16.645051 200.000000 16.645051 1.696603 678.641138 -0.173648 11.946854 200.000000 11.946854 0.103069 41.227747 -0.984808 -0.224720 200.000000 -0.224720
 13.800000 0.996154 -0.087622 -0.991113 -0.133025 1.658531 -1.704217 -0.087622 0.996154 -0.133025 -0.991113 0.740043 296.017251 -0.173648 -2.470363 200.000000 -2.470363 0.012873 5.149274 0.984808 16.645051 200.000000 16.645051 0.165021 66.008353 -0.173648 11.946854 200.000000 11.946854 0.003975 1.590057 -0.984808 -0.224720 200.000000 -0.224720
 14.000000 0.985289 -0.170895 -0.964701 -0.263347 1.742534 -1.837286 -0.170895 0.985289 -0.263347 -0.964701 0.000758 0.303161 -0.173648 -2.470363 200.000000 -2.470363 0.000023 0.009272 0.984808 16.645051 200.000000 16.645051 0.804589 321.835620 -0.173648 11.946854 200.000000 11.946854 0.040428 16.171008 -0.984808 -0.224720 200.000000 -0.224720
 14.200000 0.995195 -0.097913 -0.995920 -0.090242 1.668866 -1.661161 -0.097913 0.995195 -0.090242 -0.995920 0.573581 229.432428 -0.173648 -2.470363 200.000000 -2.470363 0.010789 4.315774 0.984808 16.645051 200.000000 16.645051 0.695656 278.262395 -0.173648 11.946854 200.000000 11.946854 0.012348 4.939148 -0.984808 -0.224720 200.000000 -0.224720
 14.400000 0.998815 -0.048675 -0.973790 -0.227448 1.619490 -1.800253 -0.048675 0.998815 -0.227448 -0.973790 1.561832 624.732774 -0.173648 -2.470363 200.000000 -2.470363 0.019619 7.847754 0.984808 16.645051 200.000000 16.645051 0.289446 115.778275 -0.173648 11.946854 200.000000 11.946854 0.012139 4.855504 -0.984808 -0.224720 200.000000 -0.224720
 14.600000 0.985020 -0.172438 -0.982647 -0.185488 1.744100 -1.757365 -0.172438 0.985020 -0.185488 -0.982647 0.000146 0.058599 -0.173648 -2.470363 200.000000 -2.470363 0.000005 0.001809 0.984808 16.645051 200.000000 16.645051 0.014018 5.607271 -0.173648 11.946854 200.000000 11.946854 0.000467 0.186836 -0.984808 -0.224720 200.000000 -0.224720
 14.800000 0.990152 -0.140000 -0.975120 -0.221679 1.711258 -1.794332 -0.140000 0.990152 -0.221679 -0.975120 0.113220 45.287948 -0.173648 -2.470363 200.000000 -2.470363 0.002856 1.142226 0.984808 16.645051 200.000000 16.645051 0.230697 92.278833 -0.173648 11.946854 200.000000 11.946854 0.009386 3.754358 -0.984808 -0.224720 200.000000 -0.224720
 15.000000 0.964765 -0.263113 -0.983738 -0.179610 1.837044 -1.751387 -0.263113 0.964765 -0.179610 -0.983738 0.800391 320.156366 -0.173648 -2.470363 200.000000 -2.470363 0.040171 16.068331 0.984808 16.645051 200.000000 16.645051 0.003555 1.421901 -0.173648 11.946854 200.000000 11.946854 0.000114 0.045789 -0.984808 -0.224720 200.000000 -0.224720
 15.200000 0.985050 -0.172268 -0.985314 -0.170750 1.743928 -1.742387 -0.172268 0.985050 -0.170750 -0.985314 0.000191 0.076223 -0.173648 -2.470363 200.000000 -2.470363 0.000006 0.002350 0.984808 16.645051 200.000000 16.645051 0.000840 0.335946 -0.173648 11.946854 200.000000 11.946854 0.000026 0.010266 -0.984808 -0.224720 200.000000 -0.224720
 15.400000 0.996617 -0.082185 -0.995165 -0.098222 1.653074 -1.669177 -0.082185 0.996617 -0.098222 -0.995165 0.836559 334.623706 -0.173648 -2.470363 200.000000 -2.470363 0.013946 5.578452 0.984808 16.645051 200.000000 16.645051 0.568916 227.566245 -0.173648 11.946854 200.000000 11.946854 0.010726 4.290538 -0.984808 -0.224720 200.000000 -0.224720
 15.600000 0.991777 -0.127976 -0.992826 -0.119571 1.699125 -1.690654 -0.127976 0.991777 -0.119571 -0.992826 0.208590 83.436189 -0.173648 -2.470363 200.000000 -2.470363 0.004857 1.942930 0.984808 16.645051 200.000000 16.645051 0.292438 116.975237 -0.173648 11.946854 200.000000 11.946854 0.006429 2.571497 -0.984808 -0.224720 200.000000 -0.224720
 15.800000 0.996278 -0.086203 -0.996504 -0.083539 1.657106 -1.654433 -0.086203 0.996278 -0.083539 -0.996504 0.764671 305.868552 -0.173648 -2.470363 200.000000 -2.470363 0.013156 5.262314 0.984808 16.645051 200.000000 16.645051 0.811961 324.784533 -0.173648 11.946854 200.000000 11.946854 0.013681 5.472542 -0.984808 -0.224720 200.000000 -0.224720
 16.000000 0.992707 -0.120550 -0.990045 -0.140753 1.691640 -1.712018 -0.120550 0.992707 -0.140753 -0.990045 0.281942 112.776889 -0.173648 -2.470363 200.000000 -2.470363 0.006240 2.496090 0.984808 16.645051 200.000000 16.645051 0.108211 43.284337 -0.173648 11.946854 200.000000 11.946854 0.002743 1.097057 -0.984808 -0.224720 200.000000 -0.224720
 16.200000 0.987346 -0.158579 -0.990671 -0.136273 1.730048 -1.707495 -0.158579 0.987346 -0.136273 -0.990671 0.022708 9.083294 -0.173648 -2.470363 200.000000 -2.470363 0.000644 0.257770 0.984808 16.645051 200.000000 16.645051 0.139691 55.876599 -0.173648 11.946854 200.000000 11.946854 0.003438 1.375268 -0.984808 -0.224720 200.000000 -0.224720
 16.400000 0.986354 -0.164638 -0.986425 -0.164212 1.736188 -1.735756 -0.164638 0.986354 -0.164212 -0.986425 0.008117 3.246994 -0.173648 -2.470363 200.000000 -2.470363 0.000239 0.095633 0.984808 16.645051 200.000000 16.645051 0.008904 3.561536 -0.173648 11.946854 200.000000 11.946854 0.000262 0.104625 -0.984808 -0.224720 200.000000 -0.224720
 16.600000 0.994001 -0.109370 -0.983184 -0.182618 1.680385 -1.754445 -0.109370 0.994001 -0.182618 -0.983184 0.413174 165.269688 -0.173648 -2.470363 200.000000 -2.470363 0.008452 3.380748 0.984808 16.645051 200.000000 16.645051 0.008045 3.218076 -0.173648 11.946854 200.000000 11.946854 0.000264 0.105463 -0.984808 -0.224720 200.000000 -0.224720
 16.800000 0.998127 -0.061174 -0.997449 -0.071383 1.632008 -1.642240 -0.061174 0.998127 -0.071383 -0.997449 1.265051 506.020389 -0.173648 -2.470363 200.000000 -2.470363 0.017741 7.096238 0.984808 16.645051 200.000000 16.645051 1.045824 418.329445 -0.173648 11.946854 200.000000 11.946854 0.015980 6.392049 -0.984808 -0.224720 200.000000 -0.224720
 17.000000 0.997897 -0.064822 -0.996903 -0.078641 1.635663 -1.649519 -0.064822 0.997897 -0.078641 -0.996903 1.184324 473.729618 -0.173648 -2.470363 200.000000 -2.470363 0.017133 6.853003 0.984808 16.645051 200.000000 16.645051 0.902628 361.051009 -0.173648 11.946854 200.000000 11.946854 0.014629 5.851765 -0.984808 -0.224720 200.000000 -0.224720
 17.200000 0.992959 -0.118455 -0.998274 -0.058728 1.689530 -1.629558 -0.118455 0.992959 -0.058728 -0.998274 0.304625 121.849942 -0.173648 -2.470363 200.000000 -2.470363 0.006645 2.657961 0.984808 16.645051 200.000000 16.645051 1.320672 528.268934 -0.173648 11.946854 200.000000 11.946854 0.018134 7.253636 -0.984808 -0.224720 200.000000 -0.224720
 17.400000 0.992084 -0.125574 -0.979988 -0.199058 1.696703 -1.771193 -0.125574 0.992084 -0.199058 -0.979988 0.231110 92.444056 -0.173648 -2.470363 200.000000 -2.470363 0.005295 2.117880 0.984808 16.645051 200.000000 16.645051 0.064567 25.826841 -0.173648 11.946854 200.000000 11.946854 0.002323 0.929331 -0.984808 -0.224720 200.000000 -0.224720
 17.600000 0.983704 -0.179796 -0.994342 -0.106224 1.751575 -1.677222 -0.179796 0.983704 -0.106224 -0.994342 0.003779 1.511648 -0.173648 -2.470363 200.000000 -2.470363 0.000122 0.048732 0.984808 16.645051 200.000000 16.645051 0.454597 181.838646 -0.173648 11.946854 200.000000 11.946854 0.009091 3.636214 -0.984808 -0.224720 200.000000 -0.224720
 17.800000 0.990982 -0.133998 -0.992494 -0.122292 1.705198 -1.693395 -0.133998 0.990982 -0.122292 -0.992494 0.157216 62.886496 -0.173648 -2.470363 200.000000 -2.470363 0.003812 1.524678 0.984808 16.645051 200.000000 16.645051 0.263746 105.498426 -0.173648 11.946854 200.000000 11.946854 0.005908 2.363240 -0.984808 -0.224720 200.000000 -0.224720
 18.000000 0.989247 -0.146255 -0.997678 -0.068107 1.717578 -1.638956 -0.146255 0.989247 -0.068107 -0.997678 0.075040 30.016126 -0.173648 -2.470363 200.000000 -2.470363 0.001971 0.788266 0.984808 16.645051 200.000000 16.645051 1.113895 445.557882 -0.173648 11.946854 200.000000 11.946854 0.016564 6.625756 -0.984808 -0.224720 200.000000 -0.224720
 18.200000 0.992464 -0.122539 -0.986311 -0.164893 1.693644 -1.736446 -0.122539 0.992464 -0.164893 -0.986311 0.261219 104.487558 -0.173648 -2.470363 200.000000 -2.470363 0.005861 2.344571 0.984808 16.645051 200.000000 16.645051 0.007665 3.065960 -0.173648 11.946854 200.000000 11.946854 0.000226 0.090441 -0.984808 -0.224720 200.000000 -0.224720
 18.400000 0.988840 -0.148979 -0.987108 -0.160057 1.720332 -1.731545 -0.148979 0.988840 -0.160057 -0.987108 0.060856 24.342263 -0.173648 -2.470363 200.000000 -2.470363 0.001626 0.650465 0.984808 16.645051 200.000000 16.645051 0.018471 7.388476 -0.173648 11.946854 200.000000 11.946854 0.000529 0.211595 -0.984808 -0.224720 200.000000 -0.224720
 18.600000 0.991878 -0.127196 -0.991263 -0.131904 1.698338 -1.703086 -0.127196 0.991878 -0.131904 -0.991263 0.215778 86.311336 -0.173648 -2.470363 200.000000 -2.470363 0.004998 1.999294 0.984808 16.645051 200.000000 16.645051 0.174259 69.703574 -0.173648 11.946854 200.000000 11.946854 0.004166 1.666559 -0.984808 -0.224720 200.000000 -0.224720
 18.800000 0.990730 -0.135846 -0.972109 -0.234528 1.707064 -1.807530 -0.135846 0.990730 -0.234528 -0.972109 0.142900 57.160066 -0.173648 -2.470363 200.000000 -2.470363 0.003507 1.402901 0.984808 16.645051 200.000000 16.645051 0.370639 148.255708 -0.173648 11.946854 200.000000 11.946854 0.016125 6.450043 -0.984808 -0.224720 200.000000 -0.224720
 19.000000 0.998610 -0.052699 -0.992016 -0.126115 1.623519 -1.697248 -0.052699 0.998610 -0.126115 -0.992016 1.462880 585.151849 -0.173648 -2.470363 200.000000 -2.470363 0.019051 7.620592 0.984808 16.645051 200.000000 16.645051 0.225938 90.375366 -0.173648 11.946854 200.000000 11.946854 0.005195 2.078124 -0.984808 -0.224720 200.000000 -0.224720
 19.200000 0.977055 -0.212985 -0.973781 -0.227489 1.785426 -1.800295 -0.212985 0.977055 -0.227489 -0.973781 0.154741 61.896295 -0.173648 -2.470363 200.000000 -2.470363 0.006010 2.403954 0.984808 16.645051 200.000000 16.645051 0.289889 115.955516 -0.173648 11.946854 200.000000 11.946854 0.012160 4.863983 -0.984808 -0.224720 200.000000 -0.224720
 19.400000 0.994247 -0.107107 -0.992167 -0.124920 1.678109 -1.696044 -0.107107 0.994247 -0.124920 -0.992167 0.442772 177.108870 -0.173648 -2.470363 200.000000 -2.470363 0.008911 3.564349 0.984808 16.645051 200.000000 16.645051 0.237441 94.976322 -0.173648 11.946854 200.000000 11.946854 0.005416 2.166212 -0.984808 -0.224720 200.000000 -0.224720
 19.600000 0.996184 -0.087278 -0.967024 -0.254686 1.658186 -1.828320 -0.087278 0.996184 -0.254686 -0.967024 0.745974 298.389580 -0.173648 -2.470363 200.000000 -2.470363 0.012942 5.176723 0.984808 16.645051 200.000000 16.645051 0.656718 262.687282 -0.173648 11.946854 200.000000 11.946854 0.031627 12.650874 -0.984808 -0.224720 200.000000 -0.224720
 19.800000 0.983604 -0.180341 -0.979058 -0.203581 1.752129 -1.775810 -0.180341 0.983604 -0.203581 -0.979058 0.004479 1.791540 -0.173648 -2.470363 200.000000 -2.470363 0.000145 0.057939 0.984808 16.645051 200.000000 16.645051 0.089596 35.838292 -0.173648 11.946854 200.000000 11.946854 0.003306 1.322311 -0.984808 -0.224720 200.000000 -0.224720
 20.000000 0.998200 -0.059980 -0.987697 -0.156377 1.630813 -1.727818 -0.059980 0.998200 -0.156377 -0.987697 1.292041 516.816414 -0.173648 -2.470363 200.000000 -2.470363 0.017934 7.173628 0.984808 16.645051 200.000000 16.645051 0.029828 11.931238 -0.173648 11.946854 200.000000 11.946854 0.000835 0.333998 -0.984808 -0.224720 200.000000 -0.224720
