#! FIELDS time sin_phi cos_phi sin_psi cos_psi phi psi cos_phi sin_phi cos_psi sin_psi restraint_phi_cos.bias restraint_phi_cos.force2 restraint_phi_cos.cos_phi_cntr restraint_phi_cos.cos_phi_work restraint_phi_cos.cos_phi_kappa restraint_phi_cos.work restraint_phi_sin.bias restraint_phi_sin.force2 restraint_phi_sin.sin_phi_cntr restraint_phi_sin.sin_phi_work restraint_phi_sin.sin_phi_kappa restraint_phi_sin.work restraint_psi_cos.bias restraint_psi_cos.force2 restraint_psi_cos.cos_psi_cntr restraint_psi_cos.cos_psi_work restraint_psi_cos.cos_psi_kappa restraint_psi_cos.work restraint_psi_sin.bias restraint_psi_sin.force2 restraint_psi_sin.sin_psi_cntr restraint_psi_sin.sin_psi_work restraint_psi_sin.sin_psi_kappa restraint_psi_sin.work
#! SET min_phi -pi
#! SET max_phi pi
#! SET min_psi -pi
#! SET max_psi pi
 0.000000 -0.999983 -0.005782 0.966116 0.258110 -1.576579 1.309731 -0.005782 -0.999983 0.258110 0.966116 0.000000 0.000000 -0.009747 0.000000 0.000000 0.000000 0.000000 0.000000 -0.999953 0.000000 0.000000 0.000000 0.000000 0.000000 0.256142 0.000000 0.000000 0.000000 0.000000 0.000000 0.966639 0.000000 0.000000 0.000000
 0.200000 -1.000000 -0.000270 0.834659 0.550766 -1.571067 0.987514 -0.000270 -1.000000 0.550766 0.834659 0.000898 0.035920 -0.009747 0.429322 20.000000 0.429322 0.000000 0.000001 -0.999953 0.008204 20.000000 0.008204 0.868034 34.721347 0.256142 0.437490 20.000000 0.437490 0.174186 6.967456 0.966639 0.079184 20.000000 0.079184
 0.400000 -0.998237 0.059353 0.982965 0.183791 -1.511408 1.385954 0.059353 -0.998237 0.183791 0.982965 0.095495 7.639617 -0.009747 0.576151 40.000000 0.576151 0.000059 0.004708 -0.999953 0.009175 40.000000 0.009175 0.104694 8.375539 0.256142 0.652615 40.000000 0.652615 0.005331 0.426475 0.966639 0.103851 40.000000 0.103851
 0.600000 -0.997905 0.064696 0.969722 0.244212 -1.506055 1.324090 0.064696 -0.997905 0.244212 0.969722 0.166252 19.950207 -0.009747 0.652738 60.000000 0.652738 0.000126 0.015092 -0.999953 0.009549 60.000000 0.009549 0.004270 0.512437 0.256142 0.812942 60.000000 0.812942 0.000285 0.034215 0.966639 0.126976 60.000000 0.126976
 0.800000 -0.999998 0.001896 0.948099 0.317975 -1.568900 1.247204 0.001896 -0.999998 0.317975 0.948099 0.005422 0.867516 -0.009747 0.745440 80.000000 0.745440 0.000000 0.000013 -0.999953 0.009931 80.000000 0.009931 0.152929 24.468694 0.256142 0.870387 80.000000 0.870387 0.013749 2.199849 0.966639 0.131254 80.000000 0.131254
 1.000000 -0.997908 -0.064647 0.983715 0.179733 -1.635488 1.390081 -0.064647 -0.997908 0.179733 0.983715 0.150702 30.140315 -0.009747 0.830209 100.000000 0.830209 0.000209 0.041791 -0.999953 0.010215 100.000000 0.010215 0.291921 58.384155 0.256142 0.906285 100.000000 0.906285 0.014580 2.916032 0.966639 0.133898 100.000000 0.133898
 1.200000 -0.998638 0.052178 0.985243 0.171159 -1.518594 1.398790 0.052178 -0.998638 0.171159 0.985243 0.230080 55.219214 -0.009747 0.926076 120.000000 0.926076 0.000104 0.024890 -0.999953 0.010632 120.000000 0.010632 0.433327 103.998443 0.256142 0.992004 120.000000 0.992004 0.020767 4.984124 0.966639 0.141237 120.000000 0.141237
 1.400000 -0.999101 0.042384 0.979961 0.199189 -1.528400 1.370266 0.042384 -0.999101 0.199189 0.979961 0.190230 53.264498 -0.009747 0.960915 140.000000 0.960915 0.000051 0.014198 -0.999953 0.010712 140.000000 0.010712 0.227056 63.575605 0.256142 1.092924 140.000000 1.092924 0.012423 3.478506 0.966639 0.149509 140.000000 0.149509
 1.600000 -0.999952 0.009813 0.961483 0.274866 -1.560983 1.292346 0.009813 -0.999952 0.274866 0.961483 0.030606 9.793775 -0.009747 1.006981 160.000000 1.006981 0.000000 0.000000 -0.999953 0.010844 160.000000 0.010844 0.028045 8.974410 0.256142 1.162377 160.000000 1.162377 0.002127 0.680674 0.966639 0.156236 160.000000 0.156236
 1.800000 -0.999841 -0.017822 0.970391 0.241538 -1.588620 1.326845 -0.017822 -0.999841 0.241538 0.970391 0.005870 2.113146 -0.009747 1.052342 180.000000 1.052342 0.000001 0.000402 -0.999953 0.010933 180.000000 0.010933 0.019195 6.910145 0.256142 1.193859 180.000000 1.193859 0.001267 0.456159 0.966639 0.158888 180.000000 0.158888
 2.000000 -0.986834 0.161737 0.941559 0.336847 -1.408346 1.227230 0.161737 -0.986834 0.336847 0.941559 2.940653 1176.261186 -0.009747 1.082518 200.000000 1.082518 0.017210 6.883876 -0.999953 0.011018 200.000000 0.011018 0.651327 260.530806 0.256142 1.220776 200.000000 1.220776 0.062899 25.159742 0.966639 0.161475 200.000000 0.161475
 2.200000 -0.999763 -0.021759 0.905360 0.424646 -1.592557 1.132226 -0.021759 -0.999763 0.424646 0.905360 0.607926 243.170560 -0.099728 1.445567 200.000000 1.445567 0.141356 56.542252 -0.962166 0.119800 200.000000 0.119800 2.160840 864.336055 0.277648 1.161779 200.000000 1.161779 0.034361 13.744548 0.886823 0.640957 200.000000 0.640957
 2.400000 -0.987112 -0.160030 0.898244 0.439497 -1.731518 1.115758 -0.160030 -0.987112 0.439497 0.898244 0.088091 35.236382 -0.189710 2.009095 200.000000 2.009095 0.393539 157.415586 -0.924379 0.487600 200.000000 0.487600 1.969644 787.857520 0.299153 1.009857 200.000000 1.009857 0.832428 332.971232 0.807007 2.159402 200.000000 2.159402
 2.600000 -0.935186 -0.354158 0.777949 0.628327 -1.932810 0.891395 -0.354158 -0.935186 0.628327 0.777949 0.554509 221.803404 -0.279692 2.193997 200.000000 2.193997 0.236126 94.450515 -0.886593 0.985656 200.000000 0.985656 9.466031 3786.412249 0.320658 0.724452 200.000000 0.724452 0.257645 103.058028 0.727190 4.630183 200.000000 4.630183
 2.800000 -0.936314 -0.351164 0.860199 0.509959 -1.929610 1.035659 -0.351164 -0.936314 0.509959 0.860199 0.034263 13.705163 -0.369674 2.004016 200.000000 2.004016 0.765758 306.303106 -0.848806 1.536711 200.000000 1.536711 2.815548 1126.219245 0.342163 0.329683 200.000000 0.329683 4.529420 1811.768170 0.647374 8.045242 200.000000 8.045242
 3.000000 -0.861894 -0.507088 0.848824 0.528675 -2.102599 1.013757 -0.507088 -0.861894 0.528675 0.848824 0.224976 89.990442 -0.459656 2.025641 200.000000 2.025641 0.258821 103.528592 -0.811020 2.126634 200.000000 2.126634 2.722724 1089.089618 0.363668 -0.270700 200.000000 -0.270700 7.911064 3164.425629 0.567558 12.184054 200.000000 12.184054
 3.200000 -0.834850 -0.550477 0.825004 0.565127 -2.153732 0.970209 -0.550477 -0.834850 0.565127 0.825004 0.000070 0.028151 -0.549638 1.585519 200.000000 1.585519 0.379665 151.865862 -0.773233 2.540231 200.000000 2.540231 3.238337 1295.334921 0.385174 -1.247857 200.000000 -1.247857 11.374549 4549.819798 0.487742 16.468974 200.000000 16.468974
 3.400000 -0.746330 -0.665576 0.703933 0.710266 -2.299061 0.780920 -0.665576 -0.746330 0.710266 0.703933 0.067368 26.947292 -0.639620 1.372785 200.000000 1.372785 0.011845 4.738164 -0.735447 2.833974 200.000000 2.833974 9.216518 3686.607252 0.406679 -2.403608 200.000000 -2.403608 8.762054 3504.821710 0.407926 21.149509 200.000000 21.149509
 3.600000 -0.702321 -0.711860 0.578593 0.815616 -2.362939 0.617002 -0.711860 -0.702321 0.815616 0.578593 0.002259 0.903733 -0.707107 1.332393 200.000000 1.332393 0.002290 0.916007 -0.707107 2.900114 200.000000 2.900114 15.010384 6004.153783 0.428184 -3.813301 200.000000 -3.813301 6.274197 2509.678975 0.328109 25.680123 200.000000 25.680123
 3.800000 -0.727558 -0.686047 0.482870 0.875692 -2.326837 0.503929 -0.686047 -0.727558 0.875692 0.482870 0.044353 17.741353 -0.707107 1.332393 200.000000 1.332393 0.041824 16.729536 -0.707107 2.900114 200.000000 2.900114 18.147840 7259.135995 0.449689 -5.372891 200.000000 -5.372891 5.502618 2201.047350 0.248293 30.483179 200.000000 30.483179
 4.000000 -0.683862 -0.729611 0.402848 0.915267 -2.388550 0.414626 -0.729611 -0.683862 0.915267 0.402848 0.050646 20.258446 -0.707107 1.332393 200.000000 1.332393 0.054032 21.612980 -0.707107 2.900114 200.000000 2.900114 19.720034 7888.013640 0.471195 -7.336702 200.000000 -7.336702 5.492965 2197.186054 0.168477 33.375778 200.000000 33.375778
 4.200000 -0.639306 -0.768952 0.284755 0.958600 -2.447997 0.288751 -0.768952 -0.639306 0.958600 0.284755 0.382485 152.994176 -0.707107 1.332393 200.000000 1.332393 0.459691 183.876267 -0.707107 2.900114 200.000000 2.900114 21.706332 8682.532605 0.492700 -9.424410 200.000000 -9.424410 3.845296 1538.118445 0.088661 35.158234 200.000000 35.158234
 4.400000 -0.723867 -0.689940 -0.010117 0.999949 -2.332202 -0.010117 -0.689940 -0.723867 0.999949 -0.010117 0.029471 11.788236 -0.707107 1.332393 200.000000 1.332393 0.028090 11.235887 -0.707107 2.900114 200.000000 2.900114 23.594708 9437.883075 0.514205 -11.505847 200.000000 -11.505847 0.035953 14.381347 0.008845 36.590031 200.000000 36.590031
 4.600000 -0.689241 -0.724532 0.037361 0.999302 -2.381152 0.037369 -0.724532 -0.689241 0.999302 0.037361 0.030365 12.145951 -0.707107 1.332393 200.000000 1.332393 0.031919 12.767667 -0.707107 2.900114 200.000000 2.900114 21.491721 8596.688524 0.535710 -13.529807 200.000000 -13.529807 1.173588 469.435256 -0.070972 36.147338 200.000000 36.147338
 4.800000 -0.718042 -0.696000 -0.256831 0.966456 -2.340607 -0.259742 -0.696000 -0.718042 0.966456 -0.256831 0.012337 4.934833 -0.707107 1.332393 200.000000 1.332393 0.011958 4.783360 -0.707107 2.900114 200.000000 2.900114 16.747809 6699.123473 0.557215 -15.369215 200.000000 -15.369215 1.124519 449.807620 -0.150788 35.062203 200.000000 35.062203
 5.000000 -0.718524 -0.695503 -0.462897 0.886412 -2.339915 -0.481260 -0.695503 -0.718524 0.886412 -0.462897 0.013466 5.386365 -0.707107 1.332393 200.000000 1.332393 0.013035 5.213811 -0.707107 2.900114 200.000000 2.900114 9.467412 3786.964611 0.578721 -17.006986 200.000000 -17.006986 5.395989 2158.395555 -0.230604 33.493120 200.000000 33.493120
 5.200000 -0.683602 -0.729855 -0.434016 0.900905 -2.388905 -0.448945 -0.729855 -0.683602 0.900905 -0.434016 0.051746 20.698430 -0.707107 1.332393 200.000000 1.332393 0.055245 22.098097 -0.707107 2.900114 200.000000 2.900114 9.040817 3616.326753 0.600226 -18.449119 200.000000 -18.449119 1.527581 611.032361 -0.310420 31.813523 200.000000 31.813523
 5.400000 -0.744513 -0.667608 -0.530681 0.847572 -2.301788 -0.559403 -0.667608 -0.744513 0.847572 -0.530681 0.156014 62.405514 -0.707107 1.332393 200.000000 1.332393 0.139921 55.968371 -0.707107 2.900114 200.000000 2.900114 5.100406 2040.162432 0.621731 -19.533975 200.000000 -19.533975 1.972457 788.982976 -0.390236 29.454035 200.000000 29.454035
 5.600000 -0.676070 -0.736837 -0.586336 0.810068 -2.399177 -0.626529 -0.736837 -0.676070 0.810068 -0.586336 0.088391 35.356331 -0.707107 1.332393 200.000000 1.332393 0.096328 38.531205 -0.707107 2.900114 200.000000 2.900114 2.783271 1113.308452 0.643236 -20.432178 200.000000 -20.432178 1.352191 540.876367 -0.470053 27.710572 200.000000 27.710572
 5.800000 -0.706274 -0.707938 -0.681843 0.731499 -2.357371 -0.750279 -0.707938 -0.706274 0.731499 -0.681843 0.000069 0.027669 -0.707107 1.332393 200.000000 1.332393 0.000069 0.027734 -0.707107 2.900114 200.000000 2.900114 0.445653 178.261003 0.664742 -21.031261 200.000000 -21.031261 1.741713 696.685104 -0.549869 26.165717 200.000000 26.165717
 6.000000 -0.702999 -0.711191 -0.671460 0.741041 -2.361988 -0.736178 -0.711191 -0.702999 0.741041 -0.671460 0.001668 0.667328 -0.707107 1.332393 200.000000 1.332393 0.001688 0.675105 -0.707107 2.900114 200.000000 2.900114 0.300236 120.094596 0.686247 -21.377115 200.000000 -21.377115 0.174517 69.806706 -0.629685 25.166951 200.000000 25.166951
 6.200000 -0.696678 -0.717384 -0.687030 0.726629 -2.370837 -0.757394 -0.717384 -0.696678 0.726629 -0.687030 0.010563 4.225013 -0.707107 1.332393 200.000000 1.332393 0.010876 4.350574 -0.707107 2.900114 200.000000 2.900114 0.038112 15.244787 0.707107 -21.540692 200.000000 -21.540692 0.040308 16.123113 -0.707107 25.052027 200.000000 25.052027
 6.400000 -0.772184 -0.635399 -0.681143 0.732150 -2.259321 -0.749323 -0.635399 -0.772184 0.732150 -0.681143 0.514201 205.680391 -0.707107 1.332393 200.000000 1.332393 0.423505 169.401828 -0.707107 2.900114 200.000000 2.900114 0.062716 25.086502 0.707107 -21.540692 200.000000 -21.540692 0.067410 26.963805 -0.707107 25.052027 200.000000 25.052027
 6.600000 -0.696383 -0.717670 -0.684314 0.729188 -2.371247 -0.753662 -0.717670 -0.696383 0.729188 -0.684314 0.011159 4.463544 -0.707107 1.332393 200.000000 1.332393 0.011500 4.599971 -0.707107 2.900114 200.000000 2.900114 0.048757 19.502967 0.707107 -21.540692 200.000000 -21.540692 0.051953 20.781222 -0.707107 25.052027 200.000000 25.052027
 6.800000 -0.691326 -0.722543 -0.713770 0.700380 -2.378270 -0.794867 -0.722543 -0.691326 0.700380 -0.713770 0.023828 9.531087 -0.707107 1.332393 200.000000 1.332393 0.024903 9.961359 -0.707107 2.900114 200.000000 2.900114 0.004525 1.810153 0.707107 -21.540692 200.000000 -21.540692 0.004440 1.776195 -0.707107 25.052027 200.000000 25.052027
 7.000000 -0.704728 -0.709478 -0.703354 0.710840 -2.359553 -0.780105 -0.709478 -0.704728 0.710840 -0.703354 0.000562 0.224899 -0.707107 1.332393 200.000000 1.332393 0.000566 0.226415 -0.707107 2.900114 200.000000 2.900114 0.001393 0.557374 0.707107 -21.540692 200.000000 -21.540692 0.001408 0.563306 -0.707107 25.052027 200.000000 25.052027
 7.200000 -0.636723 -0.771093 -0.741947 0.670458 -2.451352 -0.835970 -0.771093 -0.636723 0.670458 -0.741947 0.409423 163.769211 -0.707107 1.332393 200.000000 1.332393 0.495393 198.157374 -0.707107 2.900114 200.000000 2.900114 0.134312 53.724634 0.707107 -21.540692 200.000000 -21.540692 0.121386 48.554391 -0.707107 25.052027 200.000000 25.052027
 7.400000 -0.796125 -0.605132 -0.699062 0.715061 -2.220728 -0.774084 -0.605132 -0.796125 0.715061 -0.699062 1.039893 415.957199 -0.707107 1.332393 200.000000 1.332393 0.792432 316.972799 -0.707107 2.900114 200.000000 2.900114 0.006328 2.531009 0.707107 -21.540692 200.000000 -21.540692 0.006472 2.588934 -0.707107 25.052027 200.000000 25.052027
 7.600000 -0.707358 -0.706856 -0.710074 0.704127 -2.355840 -0.789603 -0.706856 -0.707358 0.704127 -0.710074 0.000006 0.002517 -0.707107 1.332393 200.000000 1.332393 0.000006 0.002516 -0.707107 2.900114 200.000000 2.900114 0.000888 0.355048 0.707107 -21.540692 200.000000 -21.540692 0.000880 0.352075 -0.707107 25.052027 200.000000 25.052027
 7.800000 -0.734693 -0.678399 -0.732394 0.680881 -2.316378 -0.821832 -0.678399 -0.734693 0.680881 -0.732394 0.082411 32.964432 -0.707107 1.332393 200.000000 1.332393 0.076101 30.440551 -0.707107 2.900114 200.000000 2.900114 0.068782 27.512643 0.707107 -21.540692 200.000000 -21.540692 0.063947 25.578743 -0.707107 25.052027 200.000000 25.052027
 8.000000 -0.678870 -0.734259 -0.695616 0.718414 -2.395370 -0.769277 -0.734259 -0.678870 0.718414 -0.695616 0.073722 29.488739 -0.707107 1.332393 200.000000 1.332393 0.079732 31.892788 -0.707107 2.900114 200.000000 2.900114 0.012785 5.113873 0.707107 -21.540692 200.000000 -21.540692 0.013204 5.281449 -0.707107 25.052027 200.000000 25.052027
 8.200000 -0.624540 -0.780993 -0.717486 0.696573 -2.467051 -0.800186 -0.780993 -0.624540 0.696573 -0.717486 0.545918 218.367291 -0.707107 1.332393 200.000000 1.332393 0.681732 272.692902 -0.707107 2.900114 200.000000 2.900114 0.011095 4.438167 0.707107 -21.540692 200.000000 -21.540692 0.010772 4.308823 -0.707107 25.052027 200.000000 25.052027
 8.400000 -0.764120 -0.645074 -0.666990 0.745067 -2.271916 -0.730161 -0.645074 -0.764120 0.745067 -0.666990 0.384810 153.923944 -0.707107 1.332393 200.000000 1.332393 0.325054 130.021776 -0.707107 2.900114 200.000000 2.900114 0.144097 57.638771 0.707107 -21.540692 200.000000 -21.540692 0.160938 64.375014 -0.707107 25.052027 200.000000 25.052027
 8.600000 -0.715392 -0.698724 -0.745129 0.666921 -2.344408 -0.840728 -0.698724 -0.715392 0.666921 -0.745129 0.007028 2.811135 -0.707107 1.332393 200.000000 1.332393 0.006864 2.745642 -0.707107 2.900114 200.000000 2.900114 0.161493 64.597018 0.707107 -21.540692 200.000000 -21.540692 0.144567 57.826799 -0.707107 25.052027 200.000000 25.052027
 8.800000 -0.701193 -0.712972 -0.746999 0.664825 -2.364524 -0.843537 -0.712972 -0.701193 0.664825 -0.746999 0.003440 1.376010 -0.707107 1.332393 200.000000 1.332393 0.003498 1.399125 -0.707107 2.900114 200.000000 2.900114 0.178775 71.510022 0.707107 -21.540692 200.000000 -21.540692 0.159140 63.656072 -0.707107 25.052027 200.000000 25.052027
 9.000000 -0.776155 -0.630542 -0.684300 0.729201 -2.253048 -0.753643 -0.630542 -0.776155 0.729201 -0.684300 0.586216 234.486412 -0.707107 1.332393 200.000000 1.332393 0.476767 190.706822 -0.707107 2.900114 200.000000 2.900114 0.048814 19.525707 0.707107 -21.540692 200.000000 -21.540692 0.052016 20.806234 -0.707107 25.052027 200.000000 25.052027
 9.200000 -0.721818 -0.692082 -0.751619 0.659597 -2.335166 -0.850513 -0.692082 -0.721818 0.659597 -0.751619 0.022573 9.029190 -0.707107 1.332393 200.000000 1.332393 0.021643 8.657305 -0.707107 2.900114 200.000000 2.900114 0.225714 90.285532 0.707107 -21.540692 200.000000 -21.540692 0.198134 79.253758 -0.707107 25.052027 200.000000 25.052027
 9.400000 -0.653524 -0.756906 -0.757961 0.652300 -2.429362 -0.860182 -0.756906 -0.653524 0.652300 -0.757961 0.247997 99.198979 -0.707107 1.332393 200.000000 1.332393 0.287116 114.846211 -0.707107 2.900114 200.000000 2.900114 0.300379 120.151750 0.707107 -21.540692 200.000000 -21.540692 0.258615 103.445948 -0.707107 25.052027 200.000000 25.052027
 9.600000 -0.738861 -0.673858 -0.736453 0.676489 -2.310214 -0.827812 -0.673858 -0.738861 0.676489 -0.736453 0.110548 44.219381 -0.707107 1.332393 200.000000 1.332393 0.100833 40.333012 -0.707107 2.900114 200.000000 2.900114 0.093747 37.498960 0.707107 -21.540692 200.000000 -21.540692 0.086121 34.448301 -0.707107 25.052027 200.000000 25.052027
 9.800000 -0.679668 -0.733520 -0.720226 0.693740 -2.394282 -0.804128 -0.733520 -0.679668 0.693740 -0.720226 0.069764 27.905495 -0.707107 1.332393 200.000000 1.332393 0.075287 30.114830 -0.707107 2.900114 200.000000 2.900114 0.017868 7.147238 0.707107 -21.540692 200.000000 -21.540692 0.017211 6.884444 -0.707107 25.052027 200.000000 25.052027
 10.000000 -0.758657 -0.651491 -0.691882 0.722011 -2.280344 -0.764092 -0.651491 -0.758657 0.722011 -0.691882 0.309314 123.725601 -0.707107 1.332393 200.000000 1.332393 0.265738 106.295168 -0.707107 2.900114 200.000000 2.900114 0.022213 8.885156 0.707107 -21.540692 200.000000 -21.540692 0.023180 9.271982 -0.707107 25.052027 200.000000 25.052027
 10.200000 -0.694631 -0.719366 -0.751581 0.659641 -2.373686 -0.850456 -0.719366 -0.694631 0.659641 -0.751581 0.015030 6.011810 -0.707107 1.332393 200.000000 1.332393 0.015565 6.225853 -0.707107 2.900114 200.000000 2.900114 0.225302 90.120974 0.707107 -21.540692 200.000000 -21.540692 0.197796 79.118446 -0.707107 25.052027 200.000000 25.052027
 10.400000 -0.682969 -0.730447 -0.748196 0.663477 -2.389772 -0.845339 -0.730447 -0.682969 0.663477 -0.748196 0.054476 21.790482 -0.707107 1.332393 200.000000 1.332393 0.058261 23.304390 -0.707107 2.900114 200.000000 2.900114 0.190352 76.140850 0.707107 -21.540692 200.000000 -21.540692 0.168835 67.533967 -0.707107 25.052027 200.000000 25.052027
 10.600000 -0.753415 -0.657545 -0.736356 0.676594 -2.288352 -0.827669 -0.657545 -0.753415 0.676594 -0.736356 0.245636 98.254302 -0.707107 1.332393 200.000000 1.332393 0.214447 85.778644 -0.707107 2.900114 200.000000 2.900114 0.093101 37.240579 0.707107 -21.540692 200.000000 -21.540692 0.085552 34.220768 -0.707107 25.052027 200.000000 25.052027
 10.800000 -0.707484 -0.706730 -0.721788 0.692115 -2.355661 -0.806382 -0.706730 -0.707484 0.692115 -0.721788 0.000014 0.005689 -0.707107 1.332393 200.000000 1.332393 0.000014 0.005683 -0.707107 2.900114 200.000000 2.900114 0.022477 8.990718 0.707107 -21.540692 200.000000 -21.540692 0.021553 8.621183 -0.707107 25.052027 200.000000 25.052027
 11.000000 -0.729981 -0.683468 -0.672696 0.739919 -2.323299 -0.737846 -0.683468 -0.729981 0.739919 -0.672696 0.055881 22.352414 -0.707107 1.332393 200.000000 1.332393 0.052322 20.928900 -0.707107 2.900114 200.000000 2.900114 0.107666 43.066465 0.707107 -21.540692 200.000000 -21.540692 0.118413 47.365066 -0.707107 25.052027 200.000000 25.052027
 11.200000 -0.674264 -0.738491 -0.744169 0.667992 -2.401625 -0.839289 -0.738491 -0.674264 0.667992 -0.744169 0.098495 39.397835 -0.707107 1.332393 200.000000 1.332393 0.107867 43.146613 -0.707107 2.900114 200.000000 2.900114 0.152998 61.199052 0.707107 -21.540692 200.000000 -21.540692 0.137358 54.943050 -0.707107 25.052027 200.000000 25.052027
 11.400000 -0.647183 -0.762335 -0.679591 0.733591 -2.437710 -0.747205 -0.762335 -0.647183 0.733591 -0.679591 0.305016 122.006300 -0.707107 1.332393 200.000000 1.332393 0.359091 143.636257 -0.707107 2.900114 200.000000 2.900114 0.070143 28.057035 0.707107 -21.540692 200.000000 -21.540692 0.075712 30.284755 -0.707107 25.052027 200.000000 25.052027
 11.600000 -0.759802 -0.650155 -0.671875 0.740664 -2.278584 -0.736738 -0.650155 -0.759802 0.740664 -0.671875 0.324353 129.741245 -0.707107 1.332393 200.000000 1.332393 0.277676 111.070585 -0.707107 2.900114 200.000000 2.900114 0.112612 45.044718 0.707107 -21.540692 200.000000 -21.540692 0.124127 49.650845 -0.707107 25.052027 200.000000 25.052027
 11.800000 -0.645090 -0.764107 -0.675803 0.737082 -2.440452 -0.742053 -0.764107 -0.645090 0.737082 -0.675803 0.324902 129.960659 -0.707107 1.332393 200.000000 1.332393 0.384613 153.845177 -0.707107 2.900114 200.000000 2.900114 0.089854 35.941709 0.707107 -21.540692 200.000000 -21.540692 0.097994 39.197592 -0.707107 25.052027 200.000000 25.052027
 12.000000 -0.612790 -0.790246 -0.730285 0.683143 -2.482007 -0.818739 -0.790246 -0.612790 0.683143 -0.730285 0.691214 276.485560 -0.707107 1.332393 200.000000 1.332393 0.889572 355.828750 -0.707107 2.900114 200.000000 2.900114 0.057428 22.971241 0.707107 -21.540692 200.000000 -21.540692 0.053723 21.489167 -0.707107 25.052027 200.000000 25.052027
 12.200000 -0.764772 -0.644302 -0.685168 0.728385 -2.270906 -0.754835 -0.644302 -0.764772 0.728385 -0.685168 0.394450 157.779986 -0.707107 1.332393 200.000000 1.332393 0.332523 133.009069 -0.707107 2.900114 200.000000 2.900114 0.045275 18.110051 0.707107 -21.540692 200.000000 -21.540692 0.048129 19.251776 -0.707107 25.052027 200.000000 25.052027
 12.400000 -0.674062 -0.738674 -0.653775 0.756689 -2.401898 -0.712563 -0.738674 -0.674062 0.756689 -0.653775 0.099651 39.860414 -0.707107 1.332393 200.000000 1.332393 0.109193 43.677029 -0.707107 2.900114 200.000000 2.900114 0.245840 98.335884 0.707107 -21.540692 200.000000 -21.540692 0.284428 113.771167 -0.707107 25.052027 200.000000 25.052027
 12.600000 -0.748979 -0.662594 -0.725622 0.688094 -2.295074 -0.811938 -0.662594 -0.748979 0.688094 -0.725622 0.198137 79.254655 -0.707107 1.332393 200.000000 1.332393 0.175325 70.129813 -0.707107 2.900114 200.000000 2.900114 0.036150 14.460147 0.707107 -21.540692 200.000000 -21.540692 0.034281 13.712538 -0.707107 25.052027 200.000000 25.052027
 12.800000 -0.660994 -0.750391 -0.704445 0.709758 -2.419450 -0.781641 -0.750391 -0.660994 0.709758 -0.704445 0.187353 74.941090 -0.707107 1.332393 200.000000 1.332393 0.212637 85.054941 -0.707107 2.900114 200.000000 2.900114 0.000703 0.281210 0.707107 -21.540692 200.000000 -21.540692 0.000708 0.283331 -0.707107 25.052027 200.000000 25.052027
 13.000000 -0.653566 -0.756870 -0.711714 0.702469 -2.429306 -0.791935 -0.756870 -0.653566 0.702469 -0.711714 0.247634 99.053446 -0.707107 1.332393 200.000000 1.332393 0.286662 114.664865 -0.707107 2.900114 200.000000 2.900114 0.002151 0.860274 0.707107 -21.540692 200.000000 -21.540692 0.002123 0.849099 -0.707107 25.052027 200.000000 25.052027
 13.200000 -0.721232 -0.692693 -0.648727 0.761021 -2.336013 -0.705911 -0.692693 -0.721232 0.761021 -0.648727 0.020774 8.309763 -0.707107 1.332393 200.000000 1.332393 0.019953 7.981017 -0.707107 2.900114 200.000000 2.900114 0.290672 116.268862 0.707107 -21.540692 200.000000 -21.540692 0.340814 136.325724 -0.707107 25.052027 200.000000 25.052027
 13.400000 -0.723356 -0.690475 -0.711872 0.702309 -2.332942 -0.792160 -0.690475 -0.723356 0.702309 -0.711872 0.027661 11.064487 -0.707107 1.332393 200.000000 1.332393 0.026404 10.561670 -0.707107 2.900114 200.000000 2.900114 0.002301 0.920571 0.707107 -21.540692 200.000000 -21.540692 0.002271 0.908206 -0.707107 25.052027 200.000000 25.052027
 13.600000 -0.705285 -0.708924 -0.719276 0.694724 -2.358767 -0.802760 -0.708924 -0.705285 0.694724 -0.719276 0.000330 0.132026 -0.707107 1.332393 200.000000 1.332393 0.000332 0.132707 -0.707107 2.900114 200.000000 2.900114 0.015333 6.133255 0.707107 -21.540692 200.000000 -21.540692 0.014810 5.923929 -0.707107 25.052027 200.000000 25.052027
 13.800000 -0.748910 -0.662672 -0.687099 0.726563 -2.295177 -0.757489 -0.662672 -0.748910 0.726563 -0.687099 0.197447 78.978723 -0.707107 1.332393 200.000000 1.332393 0.174750 69.900152 -0.707107 2.900114 200.000000 2.900114 0.037856 15.142473 0.707107 -21.540692 200.000000 -21.540692 0.040030 16.011844 -0.707107 25.052027 200.000000 25.052027
 14.000000 -0.639572 -0.768731 -0.767845 0.640636 -2.447651 -0.875470 -0.768731 -0.639572 0.640636 -0.767845 0.379753 151.901155 -0.707107 1.332393 200.000000 1.332393 0.456089 182.435758 -0.707107 2.900114 200.000000 2.900114 0.441837 176.734811 0.707107 -21.540692 200.000000 -21.540692 0.368910 147.564061 -0.707107 25.052027 200.000000 25.052027
 14.200000 -0.808538 -0.588444 -0.713824 0.700325 -2.199930 -0.794943 -0.588444 -0.808538 0.700325 -0.713824 1.408081 563.232248 -0.707107 1.332393 200.000000 1.332393 1.028826 411.530262 -0.707107 2.900114 200.000000 2.900114 0.004599 1.839504 0.707107 -21.540692 200.000000 -21.540692 0.004512 1.804721 -0.707107 25.052027 200.000000 25.052027
 14.400000 -0.700818 -0.713341 -0.700876 0.713283 -2.365050 -0.776625 -0.713341 -0.700818 0.713283 -0.700876 0.003886 1.554415 -0.707107 1.332393 200.000000 1.332393 0.003955 1.582190 -0.707107 2.900114 200.000000 2.900114 0.003815 1.526016 0.707107 -21.540692 200.000000 -21.540692 0.003883 1.553030 -0.707107 25.052027 200.000000 25.052027
 14.600000 -0.735146 -0.677909 -0.769879 0.638190 -2.315711 -0.878651 -0.677909 -0.735146 0.638190 -0.769879 0.085252 34.100725 -0.707107 1.332393 200.000000 1.332393 0.078619 31.447797 -0.707107 2.900114 200.000000 2.900114 0.474946 189.978328 0.707107 -21.540692 200.000000 -21.540692 0.394029 157.611618 -0.707107 25.052027 200.000000 25.052027
 14.800000 -0.727754 -0.685839 -0.663561 0.748122 -2.326552 -0.725569 -0.685839 -0.727754 0.748122 -0.663561 0.045234 18.093508 -0.707107 1.332393 200.000000 1.332393 0.042630 17.051852 -0.707107 2.900114 200.000000 2.900114 0.168227 67.290620 0.707107 -21.540692 200.000000 -21.540692 0.189624 75.849517 -0.707107 25.052027 200.000000 25.052027
 15.000000 -0.677596 -0.735434 -0.756576 0.653906 -2.397103 -0.858061 -0.735434 -0.677596 0.653906 -0.756576 0.080244 32.097554 -0.707107 1.332393 200.000000 1.332393 0.087087 34.834930 -0.707107 2.900114 200.000000 2.900114 0.283032 113.212663 0.707107 -21.540692 200.000000 -21.540692 0.244718 97.887148 -0.707107 25.052027 200.000000 25.052027
 15.200000 -0.722451 -0.691422 -0.721819 0.692082 -2.334252 -0.806427 -0.691422 -0.722451 0.692082 -0.721819 0.024602 9.840764 -0.707107 1.332393 200.000000 1.332393 0.023545 9.418199 -0.707107 2.900114 200.000000 2.900114 0.022574 9.029732 0.707107 -21.540692 200.000000 -21.540692 0.021645 8.657814 -0.707107 25.052027 200.000000 25.052027
 15.400000 -0.718546 -0.695479 -0.784865 0.619667 -2.339883 -0.902478 -0.695479 -0.718546 0.619667 -0.784865 0.013521 5.408270 -0.707107 1.332393 200.000000 1.332393 0.013087 5.234671 -0.707107 2.900114 200.000000 2.900114 0.764566 305.826256 0.707107 -21.540692 200.000000 -21.540692 0.604627 241.850941 -0.707107 25.052027 200.000000 25.052027
 15.600000 -0.704998 -0.709209 -0.753020 0.657997 -2.359173 -0.852640 -0.709209 -0.704998 0.657997 -0.753020 0.000442 0.176847 -0.707107 1.332393 200.000000 1.332393 0.000445 0.177904 -0.707107 2.900114 200.000000 2.900114 0.241173 96.469186 0.707107 -21.540692 200.000000 -21.540692 0.210804 84.321626 -0.707107 25.052027 200.000000 25.052027
 15.800000 -0.769111 -0.639115 -0.752166 0.658973 -2.264144 -0.851344 -0.639115 -0.769111 0.658973 -0.752166 0.462283 184.913152 -0.707107 1.332393 200.000000 1.332393 0.384451 153.780228 -0.707107 2.900114 200.000000 2.900114 0.231684 92.673674 0.707107 -21.540692 200.000000 -21.540692 0.203037 81.214845 -0.707107 25.052027 200.000000 25.052027
 16.000000 -0.671467 -0.741034 -0.695558 0.718470 -2.405406 -0.769196 -0.741034 -0.671467 0.718470 -0.695558 0.115107 46.042889 -0.707107 1.332393 200.000000 1.332393 0.127018 50.807063 -0.707107 2.900114 200.000000 2.900114 0.012912 5.164971 0.707107 -21.540692 200.000000 -21.540692 0.013338 5.335086 -0.707107 25.052027 200.000000 25.052027
 16.200000 -0.729587 -0.683888 -0.755481 0.655170 -2.323875 -0.856388 -0.683888 -0.729587 0.655170 -0.755481 0.053910 21.564102 -0.707107 1.332393 200.000000 1.332393 0.050535 20.214090 -0.707107 2.900114 200.000000 2.900114 0.269741 107.896518 0.707107 -21.540692 200.000000 -21.540692 0.234010 93.603945 -0.707107 25.052027 200.000000 25.052027
 16.400000 -0.685137 -0.728414 -0.696908 0.717161 -2.386801 -0.771077 -0.728414 -0.685137 0.717161 -0.696908 0.045400 18.160133 -0.707107 1.332393 200.000000 1.332393 0.048267 19.306673 -0.707107 2.900114 200.000000 2.900114 0.010108 4.043190 0.707107 -21.540692 200.000000 -21.540692 0.010402 4.160676 -0.707107 25.052027 200.000000 25.052027
 16.600000 -0.721108 -0.692822 -0.702726 0.711460 -2.336192 -0.779222 -0.692822 -0.721108 0.711460 -0.702726 0.020404 8.161666 -0.707107 1.332393 200.000000 1.332393 0.019604 7.841585 -0.707107 2.900114 200.000000 2.900114 0.001895 0.758116 0.707107 -21.540692 200.000000 -21.540692 0.001919 0.767538 -0.707107 25.052027 200.000000 25.052027
 16.800000 -0.724260 -0.689527 -0.714608 0.699525 -2.331632 -0.796063 -0.689527 -0.724260 0.699525 -0.714608 0.030905 12.361831 -0.707107 1.332393 200.000000 1.332393 0.029423 11.769178 -0.707107 2.900114 200.000000 2.900114 0.005748 2.299216 0.707107 -21.540692 200.000000 -21.540692 0.005627 2.250691 -0.707107 25.052027 200.000000 25.052027
 17.000000 -0.679424 -0.733746 -0.716207 0.697888 -2.394616 -0.798352 -0.733746 -0.679424 0.697888 -0.716207 0.070967 28.386659 -0.707107 1.332393 200.000000 1.332393 0.076636 30.654553 -0.707107 2.900114 200.000000 2.900114 0.008499 3.399431 0.707107 -21.540692 200.000000 -21.540692 0.008281 3.312489 -0.707107 25.052027 200.000000 25.052027
 17.200000 -0.726387 -0.687286 -0.694023 0.719953 -2.328542 -0.767062 -0.687286 -0.726387 0.719953 -0.694023 0.039287 15.714822 -0.707107 1.332393 200.000000 1.332393 0.037173 14.869211 -0.707107 2.900114 200.000000 2.900114 0.016503 6.601018 0.707107 -21.540692 200.000000 -21.540692 0.017119 6.847604 -0.707107 25.052027 200.000000 25.052027
 17.400000 -0.711192 -0.702998 -0.632294 0.774728 -2.350401 -0.684511 -0.702998 -0.711192 0.774728 -0.632294 0.001688 0.675292 -0.707107 1.332393 200.000000 1.332393 0.001669 0.667512 -0.707107 2.900114 200.000000 2.900114 0.457268 182.907030 0.707107 -21.540692 200.000000 -21.540692 0.559692 223.876714 -0.707107 25.052027 200.000000 25.052027
 17.600000 -0.692068 -0.721832 -0.719978 0.693997 -2.377242 -0.803771 -0.721832 -0.692068 0.693997 -0.719978 0.021683 8.673386 -0.707107 1.332393 200.000000 1.332393 0.022616 9.046319 -0.707107 2.900114 200.000000 2.900114 0.017188 6.875072 0.707107 -21.540692 200.000000 -21.540692 0.016568 6.627015 -0.707107 25.052027 200.000000 25.052027
 17.800000 -0.736409 -0.676537 -0.704780 0.709426 -2.313846 -0.782112 -0.676537 -0.736409 0.709426 -0.704780 0.093453 37.381321 -0.707107 1.332393 200.000000 1.332393 0.085862 34.344718 -0.707107 2.900114 200.000000 2.900114 0.000538 0.215223 0.707107 -21.540692 200.000000 -21.540692 0.000542 0.216642 -0.707107 25.052027 200.000000 25.052027
 18.000000 -0.646182 -0.763184 -0.739295 0.673382 -2.439022 -0.832022 -0.763184 -0.646182 0.673382 -0.739295 0.314462 125.784894 -0.707107 1.332393 200.000000 1.332393 0.371188 148.475263 -0.707107 2.900114 200.000000 2.900114 0.113735 45.493891 0.707107 -21.540692 200.000000 -21.540692 0.103605 41.442062 -0.707107 25.052027 200.000000 25.052027
 18.200000 -0.801604 -0.597856 -0.643753 0.765234 -2.211620 -0.699392 -0.597856 -0.801604 0.765234 -0.643753 1.193581 477.432269 -0.707107 1.332393 200.000000 1.332393 0.892968 357.187243 -0.707107 2.900114 200.000000 2.900114 0.337874 135.149458 0.707107 -21.540692 200.000000 -21.540692 0.401375 160.550076 -0.707107 25.052027 200.000000 25.052027
 18.400000 -0.644366 -0.764717 -0.674853 0.737952 -2.441398 -0.740766 -0.764717 -0.644366 0.737952 -0.674853 0.331893 132.757294 -0.707107 1.332393 200.000000 1.332393 0.393636 157.454536 -0.707107 2.900114 200.000000 2.900114 0.095142 38.056704 0.707107 -21.540692 200.000000 -21.540692 0.104028 41.611278 -0.707107 25.052027 200.000000 25.052027
 18.600000 -0.707903 -0.706309 -0.667704 0.744427 -2.355067 -0.731120 -0.706309 -0.707903 0.744427 -0.667704 0.000064 0.025442 -0.707107 1.332393 200.000000 1.332393 0.000063 0.025385 -0.707107 2.900114 200.000000 2.900114 0.139280 55.712057 0.707107 -21.540692 200.000000 -21.540692 0.155259 62.103741 -0.707107 25.052027 200.000000 25.052027
 18.800000 -0.669736 -0.742599 -0.692527 0.721392 -2.407739 -0.764987 -0.742599 -0.669736 0.721392 -0.692527 0.125971 50.388290 -0.707107 1.332393 200.000000 1.332393 0.139656 55.862535 -0.707107 2.900114 200.000000 2.900114 0.020405 8.162155 0.707107 -21.540692 200.000000 -21.540692 0.021256 8.502275 -0.707107 25.052027 200.000000 25.052027
 19.000000 -0.694097 -0.719882 -0.654518 0.756047 -2.374428 -0.713545 -0.719882 -0.694097 0.756047 -0.654518 0.016320 6.527993 -0.707107 1.332393 200.000000 1.332393 0.016926 6.770460 -0.707107 2.900114 200.000000 2.900114 0.239510 95.804189 0.707107 -21.540692 200.000000 -21.540692 0.276560 110.624019 -0.707107 25.052027 200.000000 25.052027
 19.200000 -0.729148 -0.684356 -0.689253 0.724521 -2.324517 -0.760457 -0.684356 -0.729148 0.724521 -0.689253 0.051758 20.703124 -0.707107 1.332393 200.000000 1.332393 0.048580 19.431959 -0.707107 2.900114 200.000000 2.900114 0.030325 12.130144 0.707107 -21.540692 200.000000 -21.540692 0.031877 12.750630 -0.707107 25.052027 200.000000 25.052027
 19.400000 -0.731518 -0.681823 -0.669917 0.742436 -2.321048 -0.734097 -0.681823 -0.731518 0.742436 -0.669917 0.063929 25.571592 -0.707107 1.332393 200.000000 1.332393 0.059589 23.835447 -0.707107 2.900114 200.000000 2.900114 0.124815 49.925980 0.707107 -21.540692 200.000000 -21.540692 0.138307 55.322999 -0.707107 25.052027 200.000000 25.052027
 19.600000 -0.647494 -0.762070 -0.723250 0.690586 -2.437301 -0.808497 -0.762070 -0.647494 0.690586 -0.723250 0.302100 120.839956 -0.707107 1.332393 200.000000 1.332393 0.355366 142.146492 -0.707107 2.900114 200.000000 2.900114 0.027292 10.916814 0.707107 -21.540692 200.000000 -21.540692 0.026060 10.423918 -0.707107 25.052027 200.000000 25.052027
 19.800000 -0.765617 -0.643296 -0.668234 0.743951 -2.269592 -0.731833 -0.643296 -0.765617 0.743951 -0.668234 0.407176 162.870581 -0.707107 1.332393 200.000000 1.332393 0.342347 136.938895 -0.707107 2.900114 200.000000 2.900114 0.135748 54.299184 0.707107 -21.540692 200.000000 -21.540692 0.151106 60.442396 -0.707107 25.052027 200.000000 25.052027
 20.000000 -0.667707 -0.744425 -0.697094 0.716980 -2.410469 -0.771336 -0.744425 -0.667707 0.716980 -0.697094 0.139262 55.704801 -0.707107 1.332393 200.000000 1.332393 0.155238 62.095201 -0.707107 2.900114 200.000000 2.900114 0.009748 3.899347 0.707107 -21.540692 200.000000 -21.540692 0.010026 4.010575 -0.707107 25.052027 200.000000 25.052027
