#! FIELDS time sin_phi cos_phi sin_psi cos_psi phi psi cos_phi sin_phi cos_psi sin_psi restraint_phi_cos.bias restraint_phi_cos.force2 restraint_phi_cos.cos_phi_cntr restraint_phi_cos.cos_phi_work restraint_phi_cos.cos_phi_kappa restraint_phi_cos.work restraint_phi_sin.bias restraint_phi_sin.force2 restraint_phi_sin.sin_phi_cntr restraint_phi_sin.sin_phi_work restraint_phi_sin.sin_phi_kappa restraint_phi_sin.work restraint_psi_cos.bias restraint_psi_cos.force2 restraint_psi_cos.cos_psi_cntr restraint_psi_cos.cos_psi_work restraint_psi_cos.cos_psi_kappa restraint_psi_cos.work restraint_psi_sin.bias restraint_psi_sin.force2 restraint_psi_sin.sin_psi_cntr restraint_psi_sin.sin_psi_work restraint_psi_sin.sin_psi_kappa restraint_psi_sin.work
#! SET min_phi -pi
#! SET max_phi pi
#! SET min_psi -pi
#! SET max_psi pi
 0.000000 -0.999983 -0.005782 0.966116 0.258110 -1.576579 1.309731 -0.005782 -0.999983 0.258110 0.966116 0.000000 0.000000 -0.009747 0.000000 0.000000 0.000000 0.000000 0.000000 -0.999953 0.000000 0.000000 0.000000 0.000000 0.000000 0.256142 0.000000 0.000000 0.000000 0.000000 0.000000 0.966639 0.000000 0.000000 0.000000
 0.200000 -1.000000 -0.000266 0.834655 0.550773 -1.571062 0.987506 -0.000266 -1.000000 0.550773 0.834655 0.000899 0.035954 -0.009747 0.429322 20.000000 0.429322 0.000000 0.000001 -0.999953 0.008204 20.000000 0.008204 0.868072 34.722866 0.256142 0.437494 20.000000 0.437494 0.174198 6.967905 0.966639 0.079186 20.000000 0.079186
 0.400000 -0.998238 0.059333 0.982968 0.183778 -1.511428 1.385968 0.059333 -0.998238 0.183778 0.982968 0.095441 7.635246 -0.009747 0.576151 40.000000 0.576151 0.000059 0.004702 -0.999953 0.009175 40.000000 0.009175 0.104733 8.378618 0.256142 0.652620 40.000000 0.652620 0.005333 0.426605 0.966639 0.103852 40.000000 0.103852
 0.600000 -0.997905 0.064690 0.969721 0.244216 -1.506061 1.324085 0.064690 -0.997905 0.244216 0.969721 0.166224 19.946879 -0.009747 0.652738 60.000000 0.652738 0.000126 0.015086 -0.999953 0.009549 60.000000 0.009549 0.004267 0.512080 0.256142 0.812949 60.000000 0.812949 0.000285 0.034192 0.966639 0.126978 60.000000 0.126978
 0.800000 -0.999998 0.001894 0.948099 0.317975 -1.568902 1.247203 0.001894 -0.999998 0.317975 0.948099 0.005420 0.867200 -0.009747 0.745440 80.000000 0.745440 0.000000 0.000013 -0.999953 0.009931 80.000000 0.009931 0.152931 24.469032 0.256142 0.870396 80.000000 0.870396 0.013749 2.199883 0.966639 0.131256 80.000000 0.131256
 1.000000 -0.997905 -0.064690 0.983714 0.179740 -1.635531 1.390074 -0.064690 -0.997905 0.179740 0.983714 0.150938 30.187619 -0.009747 0.830208 100.000000 0.830208 0.000210 0.041905 -0.999953 0.010215 100.000000 0.010215 0.291867 58.373466 0.256142 0.906296 100.000000 0.906296 0.014578 2.915595 0.966639 0.133900 100.000000 0.133900
 1.200000 -0.998628 0.052357 0.985226 0.171262 -1.518415 1.398686 0.052357 -0.998628 0.171262 0.985226 0.231412 55.538994 -0.009747 0.926095 120.000000 0.926095 0.000105 0.025246 -0.999953 0.010633 120.000000 0.010633 0.432282 103.747643 0.256142 0.992025 120.000000 0.992025 0.020727 4.974582 0.966639 0.141240 120.000000 0.141240
 1.400000 -0.999098 0.042471 0.979939 0.199299 -1.528313 1.370154 0.042471 -0.999098 0.199299 0.979939 0.190866 53.442499 -0.009747 0.960898 140.000000 0.960898 0.000051 0.014321 -0.999953 0.010712 140.000000 0.010712 0.226180 63.330420 0.256142 1.092945 140.000000 1.092945 0.012382 3.466844 0.966639 0.149518 140.000000 0.149518
 1.600000 -0.999952 0.009779 0.961528 0.274706 -1.561018 1.292512 0.009779 -0.999952 0.274706 0.961528 0.030498 9.759450 -0.009747 1.007093 160.000000 1.007093 0.000000 0.000000 -0.999953 0.010845 160.000000 0.010845 0.027570 8.822428 0.256142 1.162447 160.000000 1.162447 0.002090 0.668714 0.966639 0.156254 160.000000 0.156254
 1.800000 -0.999816 -0.019191 0.970209 0.242271 -1.589988 1.326090 -0.019191 -0.999816 0.242271 0.970209 0.008027 2.889774 -0.009747 1.051966 180.000000 1.051966 0.000002 0.000605 -0.999953 0.010933 180.000000 0.010933 0.017316 6.233938 0.256142 1.193883 180.000000 1.193883 0.001147 0.412811 0.966639 0.158912 180.000000 0.158912
 2.000000 -0.987451 0.157923 0.943128 0.332430 -1.412209 1.231917 0.157923 -0.987451 0.332430 0.943128 2.811311 1124.524500 -0.009747 1.081900 200.000000 1.081900 0.015628 6.251093 -0.999953 0.011013 200.000000 0.011013 0.581986 232.794469 0.256142 1.219741 200.000000 1.219741 0.055278 22.111200 0.966639 0.161373 200.000000 0.161373
 2.200000 -0.995653 0.093136 0.926424 0.376482 -1.477525 1.184800 0.093136 -0.995653 0.376482 0.926424 0.839906 335.962202 0.001489 1.040995 200.000000 1.040995 0.415652 166.260707 -0.931182 0.448748 200.000000 0.448748 2.195946 878.378367 0.228295 1.289347 200.000000 1.289347 0.000018 0.007167 0.926001 0.307780 200.000000 0.307780
 2.400000 -0.999839 0.017961 0.950456 0.310859 -1.552834 1.254699 0.017961 -0.999839 0.310859 0.950456 0.002741 1.096515 0.012725 0.971691 200.000000 0.971691 1.888604 755.441446 -0.862412 1.842287 200.000000 1.842287 1.219067 487.626824 0.200448 1.429240 200.000000 1.429240 0.423723 169.489238 0.885362 0.811036 200.000000 0.811036
 2.600000 -0.997167 -0.075223 0.916100 0.400951 -1.646091 1.158242 -0.075223 -0.997167 0.400951 0.916100 0.983757 393.502641 0.023961 0.920610 200.000000 0.920610 4.142228 1656.891393 -0.793642 4.160786 200.000000 4.160786 5.214385 2085.754112 0.172600 1.606814 200.000000 1.606814 0.509456 203.782343 0.844723 1.683002 200.000000 1.683002
 2.800000 -0.999929 0.011936 0.980981 0.194106 -1.558860 1.375451 0.011936 -0.999929 0.194106 0.980981 0.054108 21.643192 0.035197 0.863747 200.000000 0.863747 7.565627 3026.250636 -0.724872 7.425965 200.000000 7.425965 0.243567 97.426650 0.144753 1.798703 200.000000 1.798703 3.129210 1251.684195 0.804085 2.931563 200.000000 2.931563
 3.000000 -0.998543 0.053967 0.974948 0.222435 -1.516803 1.346485 0.053967 -0.998543 0.222435 0.974948 0.005675 2.270180 0.046433 0.752953 200.000000 0.752953 11.726581 4690.632413 -0.656102 11.609703 200.000000 11.609703 1.113631 445.452370 0.116906 2.077605 200.000000 2.077605 4.473279 1789.311591 0.763446 4.541984 200.000000 4.541984
 3.200000 -0.997333 0.072986 0.997979 0.063540 -1.497746 1.507214 0.072986 -0.997333 0.063540 0.997979 0.023460 9.384065 0.057669 0.664778 200.000000 0.664778 16.810111 6724.044235 -0.587332 16.702098 200.000000 16.702098 0.065120 26.048169 0.089059 2.350218 200.000000 2.350218 7.571936 3028.774245 0.722808 6.513530 200.000000 6.513530
 3.400000 -0.972475 0.233006 0.996313 0.085793 -1.335628 1.484898 0.233006 -0.972475 0.085793 0.996313 2.692921 1077.168348 0.068905 0.525262 200.000000 0.525262 20.603769 8241.507766 -0.518561 22.706717 200.000000 22.706717 0.060426 24.170291 0.061211 2.565291 200.000000 2.565291 9.868629 3947.451517 0.682169 8.867773 200.000000 8.867773
 3.600000 -0.957455 0.288582 0.998693 -0.051108 -1.278051 1.621927 0.288582 -0.957455 -0.051108 0.998693 4.344772 1737.908691 0.080141 0.325818 200.000000 0.325818 25.772254 10308.901509 -0.449791 29.602681 200.000000 29.602681 0.713554 285.421657 0.033364 2.763559 200.000000 2.763559 12.756499 5102.599557 0.641531 11.563642 200.000000 11.563642
 3.800000 -0.978826 0.204695 0.988903 -0.148565 -1.364644 1.719914 0.204695 -0.978826 -0.148565 0.988903 1.284097 513.638689 0.091377 0.082737 200.000000 0.082737 35.737038 14294.815074 -0.381021 37.348425 200.000000 37.348425 2.374125 949.649880 0.005517 2.994986 200.000000 2.994986 15.055210 6022.083851 0.600892 14.595964 200.000000 14.595964
 4.000000 -0.942236 0.334950 0.996025 -0.089074 -1.229244 1.659989 0.334950 -0.942236 -0.089074 0.996025 5.398068 2159.227057 0.102613 -0.247472 200.000000 -0.247472 39.688080 15875.231890 -0.312251 45.887637 200.000000 45.887637 0.445471 178.188202 -0.022331 3.058572 200.000000 3.058572 18.989669 7595.867413 0.560254 17.978945 200.000000 17.978945
 4.200000 -0.902669 0.430335 0.999979 -0.006489 -1.125933 1.577285 0.430335 -0.902669 -0.006489 0.999979 10.016339 4006.535528 0.113849 -0.663570 200.000000 -0.663570 43.452942 17381.176863 -0.243481 55.118281 200.000000 55.118281 0.190877 76.350639 -0.050178 2.845323 200.000000 2.845323 23.074945 9229.977966 0.519615 21.681398 200.000000 21.681398
 4.400000 -0.834765 0.550606 0.997633 -0.068760 -0.987707 1.639610 0.550606 -0.834765 -0.068760 0.997633 18.106812 7242.724929 0.125085 -1.379222 200.000000 -1.379222 43.567218 17426.887311 -0.174711 64.580242 200.000000 64.580242 0.008585 3.434044 -0.078025 2.598985 200.000000 2.598985 26.900479 10760.191693 0.478977 25.688737 200.000000 25.688737
 4.600000 -0.586170 0.810188 0.980013 -0.198934 -0.626324 1.771066 0.810188 -0.586170 -0.198934 0.980013 45.409701 18163.880590 0.136321 -2.341836 200.000000 -2.341836 23.062056 9224.822292 -0.105941 73.757498 200.000000 73.757498 0.866039 346.415796 -0.105873 1.922762 200.000000 1.922762 29.341174 11736.469558 0.438338 29.872994 200.000000 29.872994
 4.800000 -0.520261 0.854007 0.919703 -0.392614 -0.547156 1.974268 0.854007 -0.520261 -0.392614 0.919703 49.907277 19962.910985 0.147557 -3.505007 200.000000 -3.505007 23.337629 9335.051741 -0.037170 82.972580 200.000000 82.972580 6.702613 2681.045246 -0.133720 1.257603 200.000000 1.257603 27.248811 10899.524257 0.397699 34.346486 200.000000 34.346486
 5.000000 -0.209444 0.977821 0.928465 -0.371421 -0.211007 1.951335 0.977821 -0.209444 -0.371421 0.928465 67.080697 26832.278864 0.158793 -5.268073 200.000000 -5.268073 5.810217 2324.086866 0.031600 86.811009 200.000000 86.811009 4.403854 1761.541418 -0.161567 0.019085 200.000000 0.019085 32.650224 13060.089695 0.357061 38.763804 200.000000 38.763804
 5.200000 0.299752 0.954017 0.890328 -0.455320 0.304433 2.043528 0.954017 0.299752 -0.455320 0.890328 61.463836 24585.534406 0.170028 -7.089461 200.000000 -7.089461 3.975319 1590.127405 0.100370 85.784146 200.000000 85.784146 7.070594 2828.237793 -0.189414 -1.073480 200.000000 -1.073480 32.936731 13174.692230 0.316422 43.563704 200.000000 43.563704
 5.400000 0.637424 0.770513 0.764974 -0.644061 0.691150 2.270592 0.770513 0.637424 -0.644061 0.764974 34.721416 13888.566570 0.181264 -8.579977 200.000000 -8.579977 21.928996 8771.598471 0.169140 80.753265 200.000000 80.753265 18.215800 7286.319835 -0.217262 -2.787928 200.000000 -2.787928 23.930676 9572.270449 0.275784 48.116594 200.000000 48.116594
 5.600000 0.780266 0.625448 0.479626 -0.877473 0.895091 2.641365 0.625448 0.780266 -0.877473 0.479626 18.744347 7497.738724 0.192500 -9.501513 200.000000 -9.501513 29.414996 11765.998517 0.237910 72.692888 200.000000 72.692888 39.988435 15995.373908 -0.245109 -5.372666 200.000000 -5.372666 5.977068 2390.827268 0.235145 51.763860 200.000000 51.763860
 5.800000 0.908508 0.417868 0.620772 -0.783991 1.139699 2.471865 0.417868 0.908508 -0.783991 0.620772 4.585222 1834.088867 0.203736 -10.160344 200.000000 -10.160344 36.219656 14487.862444 0.306680 64.507719 200.000000 64.507719 26.115614 10446.245799 -0.272956 -8.584908 200.000000 -8.584908 18.170248 7268.099362 0.194507 54.446856 200.000000 54.446856
 6.000000 0.901354 0.433083 0.388808 -0.921319 1.122886 2.742256 0.433083 0.901354 -0.921319 0.388808 4.757225 1902.889915 0.214972 -10.844287 200.000000 -10.844287 27.657472 11062.988951 0.375450 57.502214 200.000000 57.502214 38.503925 15401.569852 -0.300804 -11.838154 200.000000 -11.838154 5.519650 2207.859865 0.153868 56.760370 200.000000 56.760370
 6.200000 0.903684 0.428200 0.198356 -0.980130 1.128297 2.941912 0.428200 0.903684 -0.980130 0.198356 4.080063 1632.025124 0.226208 -11.377643 200.000000 -11.377643 21.110675 8444.269892 0.444221 50.960404 200.000000 50.960404 42.442490 16976.996023 -0.328651 -15.350941 200.000000 -15.350941 0.724652 289.860922 0.113230 58.296935 200.000000 58.296935
 6.400000 0.930083 0.367349 0.030074 -0.999548 1.194639 3.111514 0.367349 0.930083 -0.999548 0.030074 1.687524 675.009663 0.237444 -11.873279 200.000000 -11.873279 17.396620 6958.647948 0.512991 45.319286 200.000000 45.319286 41.351250 16540.500006 -0.356498 -18.878499 200.000000 -18.878499 0.180772 72.308825 0.072591 58.875672 200.000000 58.875672
 6.600000 0.912943 0.408087 -0.045215 -0.998977 1.150439 -3.096362 0.408087 0.912943 -0.998977 -0.045215 2.541063 1016.425001 0.248680 -12.251329 200.000000 -12.251329 10.968162 4387.264723 0.581761 40.354153 200.000000 40.354153 37.777207 15110.882994 -0.384346 -22.295861 200.000000 -22.295861 0.595487 238.194855 0.031953 59.601964 200.000000 59.601964
 6.800000 0.921807 0.387649 -0.114356 -0.993440 1.172716 -3.026986 0.387649 0.921807 -0.993440 -0.114356 1.631580 652.632058 0.259916 -12.599647 200.000000 -12.599647 7.359065 2943.625880 0.650531 36.305503 200.000000 36.305503 33.784796 13513.918206 -0.412193 -25.616614 200.000000 -25.616614 1.116620 446.647809 -0.008686 59.060066 200.000000 59.060066
 7.000000 0.873323 0.487141 -0.311067 -0.950388 1.061984 -2.825277 0.487141 0.873323 -0.950388 -0.311067 4.665120 1866.048154 0.271152 -12.851083 200.000000 -12.851083 2.372288 948.915078 0.719301 33.007593 200.000000 33.007593 26.045490 10418.195831 -0.440040 -28.776602 200.000000 -28.776602 6.850903 2740.361347 -0.049325 58.760346 200.000000 58.760346
 7.200000 0.907998 0.418974 -0.265094 -0.964222 1.138481 -2.873291 0.418974 0.907998 -0.964222 -0.265094 1.865577 746.230825 0.282388 -13.075942 200.000000 -13.075942 1.438248 575.299219 0.788071 30.658883 200.000000 30.658883 24.634840 9853.936044 -0.467888 -31.719099 200.000000 -31.719099 3.067094 1226.837765 -0.089963 57.899433 200.000000 57.899433
 7.400000 0.952223 0.305403 -0.250047 -0.968234 1.260435 -2.888863 0.305403 0.952223 -0.968234 -0.250047 0.013875 5.550114 0.293624 -13.251117 200.000000 -13.251117 0.909768 363.907069 0.856841 29.188440 200.000000 29.188440 22.325508 8930.203358 -0.495735 -34.421868 200.000000 -34.421868 1.426730 570.691894 -0.130602 56.767410 200.000000 56.767410
 7.600000 0.935151 0.354251 -0.348388 -0.937350 1.208684 -2.785741 0.354251 0.935151 -0.937350 -0.348388 0.243945 97.578082 0.304860 -13.356694 200.000000 -13.356694 0.009099 3.639702 0.925612 28.554340 200.000000 28.554340 17.120406 6848.162381 -0.523582 -36.927203 200.000000 -36.927203 3.138151 1255.260336 -0.171240 55.749475 200.000000 55.749475
 7.800000 0.934045 0.357154 -0.325660 -0.945487 1.205577 -2.809883 0.357154 0.934045 -0.945487 -0.325660 0.231721 92.688558 0.309017 -13.392008 200.000000 -13.392008 0.028938 11.575200 0.951057 28.567502 200.000000 28.567502 15.528127 6211.250891 -0.551429 -39.138078 200.000000 -39.138078 1.294622 517.848919 -0.211879 54.459432 200.000000 54.459432
 8.000000 0.906265 0.422710 -0.340997 -0.940064 1.134362 -2.793615 0.422710 0.906265 -0.940064 -0.340997 1.292621 517.048335 0.309017 -13.392008 200.000000 -13.392008 0.200630 80.251986 0.951057 28.567502 200.000000 28.567502 13.016773 5206.709057 -0.579277 -41.121677 200.000000 -41.121677 0.782866 313.146558 -0.252517 53.216118 200.000000 53.216118
 8.200000 0.945314 0.326163 -0.307426 -0.951572 1.238555 -2.829106 0.326163 0.945314 -0.951572 -0.307426 0.029398 11.759034 0.309017 -13.392008 200.000000 -13.392008 0.003298 1.319224 0.951057 28.567502 200.000000 28.567502 11.864439 4745.775461 -0.607124 -42.826319 200.000000 -42.826319 0.020364 8.145558 -0.293156 51.922151 200.000000 51.922151
 8.400000 0.931956 0.362571 -0.403459 -0.914998 1.199772 -2.726299 0.362571 0.931956 -0.914998 -0.403459 0.286798 114.719301 0.309017 -13.392008 200.000000 -13.392008 0.036482 14.592684 0.951057 28.567502 200.000000 28.567502 7.841485 3136.594161 -0.634971 -44.291441 200.000000 -44.291441 0.485312 194.124711 -0.333794 50.706800 200.000000 50.706800
 8.600000 0.940613 0.339481 -0.399171 -0.916876 1.224432 -2.730980 0.339481 0.940613 -0.916876 -0.399171 0.092803 37.121135 0.309017 -13.392008 200.000000 -13.392008 0.010907 4.362620 0.951057 28.567502 200.000000 28.567502 6.454536 2581.814499 -0.662819 -45.547887 200.000000 -45.547887 0.061198 24.479208 -0.374433 49.670487 200.000000 49.670487
 8.800000 0.942010 0.335585 -0.462435 -0.886653 1.228571 -2.660853 0.335585 0.942010 -0.886653 -0.462435 0.070584 28.233481 0.309017 -13.392008 200.000000 -13.392008 0.008184 3.273523 0.951057 28.567502 200.000000 28.567502 3.841089 1536.435776 -0.690666 -46.537127 200.000000 -46.537127 0.224335 89.734146 -0.415071 48.723072 200.000000 48.723072
 9.000000 0.932483 0.361215 -0.532818 -0.846230 1.201226 -2.579665 0.361215 0.932483 -0.846230 -0.532818 0.272459 108.983430 0.309017 -13.392008 200.000000 -13.392008 0.034499 13.799421 0.951057 28.567502 200.000000 28.567502 1.631152 652.460811 -0.718513 -47.345218 200.000000 -47.345218 0.594566 237.826269 -0.455710 48.005086 200.000000 48.005086
 9.200000 0.924051 0.382269 -0.543539 -0.839384 1.178545 -2.566946 0.382269 0.924051 -0.839384 -0.543539 0.536593 214.637005 0.309017 -13.392008 200.000000 -13.392008 0.072930 29.172148 0.951057 28.567502 200.000000 28.567502 0.865339 346.135550 -0.746361 -47.879202 200.000000 -47.879202 0.222691 89.076235 -0.496349 47.344242 200.000000 47.344242
 9.400000 0.926422 0.376486 -0.636989 -0.770873 1.184796 -2.451007 0.376486 0.926422 -0.770873 -0.636989 0.455211 182.084560 0.309017 -13.392008 200.000000 -13.392008 0.060685 24.274050 0.951057 28.567502 200.000000 28.567502 0.001112 0.444908 -0.774208 -48.218293 200.000000 -48.218293 1.000041 400.016379 -0.536987 46.952260 200.000000 46.952260
 9.600000 0.969105 0.246647 -0.526849 -0.849959 1.321578 -2.586704 0.246647 0.969105 -0.849959 -0.526849 0.389003 155.601348 0.309017 -13.392008 200.000000 -13.392008 0.032576 13.030526 0.951057 28.567502 200.000000 28.567502 0.229479 91.791751 -0.802055 -48.361138 200.000000 -48.361138 0.257831 103.132390 -0.577626 46.786999 200.000000 46.786999
 9.800000 0.950856 0.309634 -0.661812 -0.749670 1.255988 -2.418360 0.309634 0.950856 -0.749670 -0.661812 0.000038 0.015244 0.309017 -13.392008 200.000000 -13.392008 0.000004 0.001613 0.951057 28.567502 200.000000 28.567502 0.352205 140.882033 -0.809017 -48.392404 200.000000 -48.392404 0.547991 219.196492 -0.587785 46.834007 200.000000 46.834007
 10.000000 0.900928 0.433969 -0.581634 -0.813451 1.121903 -2.520857 0.433969 0.900928 -0.813451 -0.581634 1.561298 624.519309 0.309017 -13.392008 200.000000 -13.392008 0.251288 100.515352 0.951057 28.567502 200.000000 28.567502 0.001966 0.786283 -0.809017 -48.392404 200.000000 -48.392404 0.003784 1.513529 -0.587785 46.834007 200.000000 46.834007
 10.200000 0.946135 0.323773 -0.670928 -0.741523 1.241082 -2.406134 0.323773 0.946135 -0.741523 -0.670928 0.021774 8.709596 0.309017 -13.392008 200.000000 -13.392008 0.002422 0.968936 0.951057 28.567502 200.000000 28.567502 0.455545 182.218013 -0.809017 -48.392404 200.000000 -48.392404 0.691264 276.505590 -0.587785 46.834007 200.000000 46.834007
 10.400000 0.930693 0.365802 -0.658967 -0.752171 1.196302 -2.422147 0.365802 0.930693 -0.752171 -0.658967 0.322451 128.980371 0.309017 -13.392008 200.000000 -13.392008 0.041468 16.587249 0.951057 28.567502 200.000000 28.567502 0.323142 129.256674 -0.809017 -48.392404 200.000000 -48.392404 0.506691 202.676306 -0.587785 46.834007 200.000000 46.834007
 10.600000 0.949758 0.312986 -0.632875 -0.774254 1.252461 -2.456332 0.312986 0.949758 -0.774254 -0.632875 0.001575 0.629974 0.309017 -13.392008 200.000000 -13.392008 0.000169 0.067457 0.951057 28.567502 200.000000 28.567502 0.120844 48.337654 -0.809017 -48.392404 200.000000 -48.392404 0.203305 81.321801 -0.587785 46.834007 200.000000 46.834007
 10.800000 0.940043 0.341055 -0.647370 -0.762176 1.222758 -2.437465 0.341055 0.940043 -0.762176 -0.647370 0.102642 41.056915 0.309017 -13.392008 200.000000 -13.392008 0.012129 4.851545 0.951057 28.567502 200.000000 28.567502 0.219405 87.762062 -0.809017 -48.392404 200.000000 -48.392404 0.355029 142.011424 -0.587785 46.834007 200.000000 46.834007
 11.000000 0.939132 0.343558 -0.665532 -0.746369 1.220094 -2.413386 0.343558 0.939132 -0.746369 -0.665532 0.119306 47.722317 0.309017 -13.392008 200.000000 -13.392008 0.014220 5.688161 0.951057 28.567502 200.000000 28.567502 0.392472 156.988888 -0.809017 -48.392404 200.000000 -48.392404 0.604454 241.781752 -0.587785 46.834007 200.000000 46.834007
 11.200000 0.952895 0.303301 -0.613866 -0.789410 1.262641 -2.480644 0.303301 0.952895 -0.789410 -0.613866 0.003267 1.306803 0.309017 -13.392008 200.000000 -13.392008 0.000338 0.135161 0.951057 28.567502 200.000000 28.567502 0.038442 15.376890 -0.809017 -48.392404 200.000000 -48.392404 0.068020 27.208052 -0.587785 46.834007 200.000000 46.834007
 11.400000 0.960217 0.279256 -0.631408 -0.775451 1.287777 -2.458225 0.279256 0.960217 -0.775451 -0.631408 0.088572 35.428900 0.309017 -13.392008 200.000000 -13.392008 0.008391 3.356370 0.951057 28.567502 200.000000 28.567502 0.112670 45.068020 -0.809017 -48.392404 200.000000 -48.392404 0.190296 76.118458 -0.587785 46.834007 200.000000 46.834007
 11.600000 0.945131 0.326693 -0.648519 -0.761198 1.237994 -2.435955 0.326693 0.945131 -0.761198 -0.648519 0.031244 12.497493 0.309017 -13.392008 200.000000 -13.392008 0.003512 1.404683 0.951057 28.567502 200.000000 28.567502 0.228663 91.465158 -0.809017 -48.392404 200.000000 -48.392404 0.368861 147.544563 -0.587785 46.834007 200.000000 46.834007
 11.800000 0.944694 0.327953 -0.637268 -0.770642 1.236660 -2.450644 0.327953 0.944694 -0.770642 -0.637268 0.035857 14.342841 0.309017 -13.392008 200.000000 -13.392008 0.004048 1.619238 0.951057 28.567502 200.000000 28.567502 0.147265 58.905812 -0.809017 -48.392404 200.000000 -48.392404 0.244858 97.943267 -0.587785 46.834007 200.000000 46.834007
 12.000000 0.952901 0.303283 -0.632042 -0.774934 1.262660 -2.457407 0.303283 0.952901 -0.774934 -0.632042 0.003288 1.315110 0.309017 -13.392008 200.000000 -13.392008 0.000340 0.136012 0.951057 28.567502 200.000000 28.567502 0.116163 46.465192 -0.809017 -48.392404 200.000000 -48.392404 0.195864 78.345646 -0.587785 46.834007 200.000000 46.834007
 12.200000 0.944375 0.328870 -0.642886 -0.765962 1.235690 -2.443333 0.328870 0.944375 -0.765962 -0.642886 0.039413 15.765279 0.309017 -13.392008 200.000000 -13.392008 0.004464 1.785552 0.951057 28.567502 200.000000 28.567502 0.185373 74.149074 -0.809017 -48.392404 200.000000 -48.392404 0.303607 121.442682 -0.587785 46.834007 200.000000 46.834007
 12.400000 0.957093 0.289782 -0.620503 -0.784204 1.276797 -2.472209 0.289782 0.957093 -0.784204 -0.620503 0.036997 14.798708 0.309017 -13.392008 200.000000 -13.392008 0.003643 1.457344 0.951057 28.567502 200.000000 28.567502 0.061567 24.626823 -0.809017 -48.392404 200.000000 -48.392404 0.107043 42.817339 -0.587785 46.834007 200.000000 46.834007
 12.600000 0.944568 0.328317 -0.615253 -0.788330 1.236275 -2.478886 0.328317 0.944568 -0.788330 -0.615253 0.037249 14.899525 0.309017 -13.392008 200.000000 -13.392008 0.004211 1.684233 0.951057 28.567502 200.000000 28.567502 0.042796 17.118485 -0.809017 -48.392404 200.000000 -48.392404 0.075448 30.179003 -0.587785 46.834007 200.000000 46.834007
 12.800000 0.901061 0.433692 -0.607075 -0.794645 1.122210 -2.489219 0.433692 0.901061 -0.794645 -0.607075 1.554395 621.757873 0.309017 -13.392008 200.000000 -13.392008 0.249955 99.982042 0.951057 28.567502 200.000000 28.567502 0.020656 8.262325 -0.809017 -48.392404 200.000000 -48.392404 0.037208 14.883120 -0.587785 46.834007 200.000000 46.834007
 13.000000 0.960832 0.277131 -0.628086 -0.778144 1.289990 -2.462502 0.277131 0.960832 -0.778144 -0.628086 0.101672 40.668944 0.309017 -13.392008 200.000000 -13.392008 0.009556 3.822540 0.951057 28.567502 200.000000 28.567502 0.095315 38.125872 -0.809017 -48.392404 200.000000 -48.392404 0.162415 64.966057 -0.587785 46.834007 200.000000 46.834007
 13.200000 0.918250 0.396002 -0.589204 -0.807984 1.163638 -2.511519 0.396002 0.918250 -0.807984 -0.589204 0.756639 302.655673 0.309017 -13.392008 200.000000 -13.392008 0.107629 43.051628 0.951057 28.567502 200.000000 28.567502 0.000107 0.042668 -0.809017 -48.392404 200.000000 -48.392404 0.000201 0.080534 -0.587785 46.834007 200.000000 46.834007
 13.400000 0.959928 0.280247 -0.629976 -0.776614 1.286744 -2.460070 0.280247 0.959928 -0.776614 -0.629976 0.082769 33.107428 0.309017 -13.392008 200.000000 -13.392008 0.007870 3.147978 0.951057 28.567502 200.000000 28.567502 0.104993 41.997110 -0.809017 -48.392404 200.000000 -48.392404 0.178008 71.203182 -0.587785 46.834007 200.000000 46.834007
 13.600000 0.941077 0.338193 -0.596032 -0.802960 1.225800 -2.503042 0.338193 0.941077 -0.802960 -0.596032 0.085125 34.050044 0.309017 -13.392008 200.000000 -13.392008 0.009960 3.983868 0.951057 28.567502 200.000000 28.567502 0.003668 1.467321 -0.809017 -48.392404 200.000000 -48.392404 0.006802 2.720654 -0.587785 46.834007 200.000000 46.834007
 13.800000 0.935476 0.353390 -0.658439 -0.752634 1.209604 -2.422850 0.353390 0.935476 -0.752634 -0.658439 0.196892 78.756924 0.309017 -13.392008 200.000000 -13.392008 0.024274 9.709777 0.951057 28.567502 200.000000 28.567502 0.317903 127.161375 -0.809017 -48.392404 200.000000 -48.392404 0.499196 199.678266 -0.587785 46.834007 200.000000 46.834007
 14.000000 0.960453 0.278441 -0.607753 -0.794126 1.288626 -2.488364 0.278441 0.960453 -0.794126 -0.607753 0.093491 37.396204 0.309017 -13.392008 200.000000 -13.392008 0.008830 3.532057 0.951057 28.567502 200.000000 28.567502 0.022175 8.869810 -0.809017 -48.392404 200.000000 -48.392404 0.039872 15.948932 -0.587785 46.834007 200.000000 46.834007
 14.200000 0.957969 0.286873 -0.659307 -0.751874 1.279836 -2.421696 0.286873 0.957969 -0.751874 -0.659307 0.049037 19.614912 0.309017 -13.392008 200.000000 -13.392008 0.004778 1.911150 0.951057 28.567502 200.000000 28.567502 0.326531 130.612332 -0.809017 -48.392404 200.000000 -48.392404 0.511532 204.612637 -0.587785 46.834007 200.000000 46.834007
 14.400000 0.937188 0.348826 -0.663580 -0.748106 1.214478 -2.415999 0.348826 0.937188 -0.748106 -0.663580 0.158475 63.390121 0.309017 -13.392008 200.000000 -13.392008 0.019235 7.693957 0.951057 28.567502 200.000000 28.567502 0.371018 148.407146 -0.809017 -48.392404 200.000000 -48.392404 0.574477 229.790817 -0.587785 46.834007 200.000000 46.834007
 14.600000 0.963267 0.268545 -0.631755 -0.775168 1.298914 -2.457777 0.268545 0.963267 -0.775168 -0.631755 0.163797 65.518794 0.309017 -13.392008 200.000000 -13.392008 0.014910 5.963931 0.951057 28.567502 200.000000 28.567502 0.114576 45.830363 -0.809017 -48.392404 200.000000 -48.392404 0.193336 77.334379 -0.587785 46.834007 200.000000 46.834007
 14.800000 0.913805 0.406152 -0.658258 -0.752793 1.152557 -2.423090 0.406152 0.913805 -0.752793 -0.658258 0.943528 377.411010 0.309017 -13.392008 200.000000 -13.392008 0.138765 55.505879 0.951057 28.567502 200.000000 28.567502 0.316119 126.447627 -0.809017 -48.392404 200.000000 -48.392404 0.496639 198.655539 -0.587785 46.834007 200.000000 46.834007
 15.000000 0.951565 0.307448 -0.644868 -0.764294 1.258287 -2.440742 0.307448 0.951565 -0.764294 -0.644868 0.000246 0.098492 0.309017 -13.392008 200.000000 -13.392008 0.000026 0.010340 0.951057 28.567502 200.000000 28.567502 0.200017 80.006858 -0.809017 -48.392404 200.000000 -48.392404 0.325847 130.338932 -0.587785 46.834007 200.000000 46.834007
 15.200000 0.966795 0.255553 -0.621429 -0.783470 1.312377 -2.471027 0.255553 0.966795 -0.783470 -0.621429 0.285843 114.337041 0.309017 -13.392008 200.000000 -13.392008 0.024770 9.908140 0.951057 28.567502 200.000000 28.567502 0.065264 26.105570 -0.809017 -48.392404 200.000000 -48.392404 0.113193 45.277067 -0.587785 46.834007 200.000000 46.834007
 15.400000 0.933954 0.357392 -0.672121 -0.740441 1.205322 -2.404523 0.357392 0.933954 -0.740441 -0.672121 0.234017 93.606870 0.309017 -13.392008 200.000000 -13.392008 0.029248 11.699360 0.951057 28.567502 200.000000 28.567502 0.470260 188.104059 -0.809017 -48.392404 200.000000 -48.392404 0.711249 284.499626 -0.587785 46.834007 200.000000 46.834007
 15.600000 0.957959 0.286906 -0.654269 -0.756262 1.279801 -2.428377 0.286906 0.957959 -0.756262 -0.654269 0.048888 19.555308 0.309017 -13.392008 200.000000 -13.392008 0.004764 1.905578 0.951057 28.567502 200.000000 28.567502 0.278313 111.325105 -0.809017 -48.392404 200.000000 -48.392404 0.442013 176.805216 -0.587785 46.834007 200.000000 46.834007
 15.800000 0.965302 0.261138 -0.660698 -0.750652 1.306596 -2.419844 0.261138 0.965302 -0.750652 -0.660698 0.229243 91.697051 0.309017 -13.392008 200.000000 -13.392008 0.020292 8.116849 0.951057 28.567502 200.000000 28.567502 0.340651 136.260329 -0.809017 -48.392404 200.000000 -48.392404 0.531629 212.651574 -0.587785 46.834007 200.000000 46.834007
 16.000000 0.941352 0.337427 -0.651044 -0.759040 1.226614 -2.432634 0.337427 0.941352 -0.759040 -0.651044 0.080711 32.284592 0.309017 -13.392008 200.000000 -13.392008 0.009418 3.767273 0.951057 28.567502 200.000000 28.567502 0.249769 99.907500 -0.809017 -48.392404 200.000000 -48.392404 0.400165 160.065986 -0.587785 46.834007 200.000000 46.834007
 16.200000 0.958672 0.284513 -0.623091 -0.782150 1.282298 -2.468904 0.284513 0.958672 -0.782150 -0.623091 0.060044 24.017454 0.309017 -13.392008 200.000000 -13.392008 0.005800 2.319900 0.951057 28.567502 200.000000 28.567502 0.072186 28.874433 -0.809017 -48.392404 200.000000 -48.392404 0.124648 49.859207 -0.587785 46.834007 200.000000 46.834007
 16.400000 0.947367 0.320148 -0.626147 -0.779705 1.244910 -2.464991 0.320148 0.947367 -0.779705 -0.626147 0.012391 4.956412 0.309017 -13.392008 200.000000 -13.392008 0.001361 0.544391 0.951057 28.567502 200.000000 28.567502 0.085918 34.367145 -0.809017 -48.392404 200.000000 -48.392404 0.147160 58.864125 -0.587785 46.834007 200.000000 46.834007
 16.600000 0.936258 0.351313 -0.584921 -0.811091 1.211823 -2.516811 0.351313 0.936258 -0.811091 -0.584921 0.178899 71.559477 0.309017 -13.392008 200.000000 -13.392008 0.021900 8.759942 0.951057 28.567502 200.000000 28.567502 0.000430 0.171997 -0.809017 -48.392404 200.000000 -48.392404 0.000821 0.328269 -0.587785 46.834007 200.000000 46.834007
 16.800000 0.961803 0.273741 -0.575252 -0.817977 1.293515 -2.528681 0.273741 0.961803 -0.817977 -0.575252 0.124437 49.774769 0.309017 -13.392008 200.000000 -13.392008 0.011549 4.619766 0.951057 28.567502 200.000000 28.567502 0.008027 3.210915 -0.809017 -48.392404 200.000000 -48.392404 0.015709 6.283672 -0.587785 46.834007 200.000000 46.834007
 17.000000 0.944113 0.329621 -0.549501 -0.835493 1.234894 -2.559826 0.329621 0.944113 -0.835493 -0.549501 0.042454 16.981742 0.309017 -13.392008 200.000000 -13.392008 0.004821 1.928396 0.951057 28.567502 200.000000 28.567502 0.070098 28.039147 -0.809017 -48.392404 200.000000 -48.392404 0.146568 58.627069 -0.587785 46.834007 200.000000 46.834007
 17.200000 0.932621 0.360858 -0.622618 -0.782526 1.201608 -2.469509 0.360858 0.932621 -0.782526 -0.622618 0.268752 107.500605 0.309017 -13.392008 200.000000 -13.392008 0.033988 13.595206 0.951057 28.567502 200.000000 28.567502 0.070176 28.070564 -0.809017 -48.392404 200.000000 -48.392404 0.121330 48.531982 -0.587785 46.834007 200.000000 46.834007
 17.400000 0.933002 0.359871 -0.546562 -0.837419 1.202667 -2.563340 0.359871 0.933002 -0.837419 -0.546562 0.258614 103.445726 0.309017 -13.392008 200.000000 -13.392008 0.032596 13.038593 0.951057 28.567502 200.000000 28.567502 0.080667 32.266730 -0.809017 -48.392404 200.000000 -48.392404 0.169939 67.975572 -0.587785 46.834007 200.000000 46.834007
 17.600000 0.907277 0.420533 -0.604095 -0.796912 1.136764 -2.492963 0.420533 0.907277 -0.796912 -0.604095 1.243578 497.431043 0.309017 -13.392008 200.000000 -13.392008 0.191662 76.664674 0.951057 28.567502 200.000000 28.567502 0.014652 5.860921 -0.809017 -48.392404 200.000000 -48.392404 0.026601 10.640290 -0.587785 46.834007 200.000000 46.834007
 17.800000 0.946281 0.323345 -0.567618 -0.823292 1.241534 -2.537983 0.323345 0.946281 -0.823292 -0.567618 0.020529 8.211762 0.309017 -13.392008 200.000000 -13.392008 0.002280 0.912176 0.951057 28.567502 200.000000 28.567502 0.020378 8.151007 -0.809017 -48.392404 200.000000 -48.392404 0.040671 16.268546 -0.587785 46.834007 200.000000 46.834007
 18.000000 0.972471 0.233023 -0.591612 -0.806223 1.335612 -2.508535 0.233023 0.972471 -0.806223 -0.591612 0.577516 231.006284 0.309017 -13.392008 200.000000 -13.392008 0.045859 18.343777 0.951057 28.567502 200.000000 28.567502 0.000781 0.312368 -0.809017 -48.392404 200.000000 -48.392404 0.001465 0.585895 -0.587785 46.834007 200.000000 46.834007
 18.200000 0.947945 0.318435 -0.534262 -0.845319 1.246718 -2.577958 0.318435 0.947945 -0.845319 -0.534262 0.008870 3.548171 0.309017 -13.392008 200.000000 -13.392008 0.000968 0.387361 0.951057 28.567502 200.000000 28.567502 0.131782 52.712888 -0.809017 -48.392404 200.000000 -48.392404 0.286472 114.588676 -0.587785 46.834007 200.000000 46.834007
 18.400000 0.959957 0.280147 -0.658588 -0.752504 1.286849 -2.422652 0.280147 0.959957 -0.752504 -0.658588 0.083345 33.338197 0.309017 -13.392008 200.000000 -13.392008 0.007922 3.168747 0.951057 28.567502 200.000000 28.567502 0.319373 127.749024 -0.809017 -48.392404 200.000000 -48.392404 0.501299 200.519746 -0.587785 46.834007 200.000000 46.834007
 18.600000 0.931872 0.362788 -0.586478 -0.809965 1.199538 -2.514890 0.362788 0.931872 -0.809965 -0.586478 0.289135 115.654143 0.309017 -13.392008 200.000000 -13.392008 0.036806 14.722466 0.951057 28.567502 200.000000 28.567502 0.000090 0.035984 -0.809017 -48.392404 200.000000 -48.392404 0.000171 0.068402 -0.587785 46.834007 200.000000 46.834007
 18.800000 0.940296 0.340358 -0.576600 -0.817027 1.223498 -2.527032 0.340358 0.940296 -0.817027 -0.576600 0.098227 39.290911 0.309017 -13.392008 200.000000 -13.392008 0.011579 4.631681 0.951057 28.567502 200.000000 28.567502 0.006416 2.566348 -0.809017 -48.392404 200.000000 -48.392404 0.012512 5.004803 -0.587785 46.834007 200.000000 46.834007
 19.000000 0.938495 0.345293 -0.571609 -0.820526 1.218246 -2.533127 0.345293 0.938495 -0.820526 -0.571609 0.131593 52.637105 0.309017 -13.392008 200.000000 -13.392008 0.015779 6.311626 0.951057 28.567502 200.000000 28.567502 0.013245 5.298173 -0.809017 -48.392404 200.000000 -48.392404 0.026166 10.466348 -0.587785 46.834007 200.000000 46.834007
 19.200000 0.944338 0.328978 -0.567732 -0.823214 1.235576 -2.537845 0.328978 0.944338 -0.823214 -0.567732 0.039843 15.937188 0.309017 -13.392008 200.000000 -13.392008 0.004514 1.805705 0.951057 28.567502 200.000000 28.567502 0.020155 8.061845 -0.809017 -48.392404 200.000000 -48.392404 0.040215 16.085883 -0.587785 46.834007 200.000000 46.834007
 19.400000 0.945575 0.325404 -0.555797 -0.831318 1.239357 -2.552271 0.325404 0.945575 -0.831318 -0.555797 0.026854 10.741766 0.309017 -13.392008 200.000000 -13.392008 0.003005 1.201892 0.951057 28.567502 200.000000 28.567502 0.049733 19.893194 -0.809017 -48.392404 200.000000 -48.392404 0.102323 40.929323 -0.587785 46.834007 200.000000 46.834007
 19.600000 0.961482 0.274868 -0.545557 -0.838074 1.292344 -2.564539 0.274868 0.961482 -0.838074 -0.545557 0.116618 46.647304 0.309017 -13.392008 200.000000 -13.392008 0.010869 4.347706 0.951057 28.567502 200.000000 28.567502 0.084430 33.771936 -0.809017 -48.392404 200.000000 -48.392404 0.178324 71.329469 -0.587785 46.834007 200.000000 46.834007
 19.800000 0.947072 0.321021 -0.583824 -0.811880 1.243989 -2.518162 0.321021 0.947072 -0.811880 -0.583824 0.014409 5.763436 0.309017 -13.392008 200.000000 -13.392008 0.001587 0.634984 0.951057 28.567502 200.000000 28.567502 0.000820 0.327931 -0.809017 -48.392404 200.000000 -48.392404 0.001569 0.627666 -0.587785 46.834007 200.000000 46.834007
 20.000000 0.903366 0.428870 -0.557751 -0.830008 1.127555 -2.549919 0.428870 0.903366 -0.830008 -0.557751 1.436464 574.585675 0.309017 -13.392008 200.000000 -13.392008 0.227435 90.973820 0.951057 28.567502 200.000000 28.567502 0.044064 17.625659 -0.809017 -48.392404 200.000000 -48.392404 0.090207 36.082716 -0.587785 46.834007 200.000000 46.834007
