#! FIELDS time sin_phi cos_phi sin_psi cos_psi phi psi cos_phi sin_phi cos_psi sin_psi restraint_phi_cos.bias restraint_phi_cos.force2 restraint_phi_cos.cos_phi_cntr restraint_phi_cos.cos_phi_work restraint_phi_cos.cos_phi_kappa restraint_phi_cos.work restraint_phi_sin.bias restraint_phi_sin.force2 restraint_phi_sin.sin_phi_cntr restraint_phi_sin.sin_phi_work restraint_phi_sin.sin_phi_kappa restraint_phi_sin.work restraint_psi_cos.bias restraint_psi_cos.force2 restraint_psi_cos.cos_psi_cntr restraint_psi_cos.cos_psi_work restraint_psi_cos.cos_psi_kappa restraint_psi_cos.work restraint_psi_sin.bias restraint_psi_sin.force2 restraint_psi_sin.sin_psi_cntr restraint_psi_sin.sin_psi_work restraint_psi_sin.sin_psi_kappa restraint_psi_sin.work
#! SET min_phi -pi
#! SET max_phi pi
#! SET min_psi -pi
#! SET max_psi pi
 0.000000 -0.999983 -0.005782 0.966116 0.258110 -1.576579 1.309731 -0.005782 -0.999983 0.258110 0.966116 0.000000 0.000000 -0.009747 0.000000 0.000000 0.000000 0.000000 0.000000 -0.999953 0.000000 0.000000 0.000000 0.000000 0.000000 0.256142 0.000000 0.000000 0.000000 0.000000 0.000000 0.966639 0.000000 0.000000 0.000000
 0.200000 -1.000000 -0.000266 0.834654 0.550774 -1.571062 0.987505 -0.000266 -1.000000 0.550774 0.834654 0.000899 0.035952 -0.009747 0.429322 20.000000 0.429322 0.000000 0.000001 -0.999953 0.008204 20.000000 0.008204 0.868079 34.723159 0.256142 0.437494 20.000000 0.437494 0.174200 6.967991 0.966639 0.079186 20.000000 0.079186
 0.400000 -0.998238 0.059344 0.982966 0.183790 -1.511418 1.385956 0.059344 -0.998238 0.183790 0.982966 0.095469 7.637512 -0.009747 0.576150 40.000000 0.576150 0.000059 0.004705 -0.999953 0.009175 40.000000 0.009175 0.104699 8.375897 0.256142 0.652622 40.000000 0.652622 0.005331 0.426490 0.966639 0.103852 40.000000 0.103852
 0.600000 -0.997904 0.064712 0.969719 0.244224 -1.506039 1.324077 0.064712 -0.997904 0.244224 0.969719 0.166321 19.958503 -0.009747 0.652735 60.000000 0.652735 0.000126 0.015107 -0.999953 0.009549 60.000000 0.009549 0.004261 0.511338 0.256142 0.812947 60.000000 0.812947 0.000285 0.034144 0.966639 0.126978 60.000000 0.126978
 0.800000 -0.999998 0.001903 0.948101 0.317970 -1.568894 1.247209 0.001903 -0.999998 0.317970 0.948101 0.005428 0.868524 -0.009747 0.745436 80.000000 0.745436 0.000000 0.000013 -0.999953 0.009931 80.000000 0.009931 0.152906 24.464912 0.256142 0.870390 80.000000 0.870390 0.013747 2.199469 0.966639 0.131255 80.000000 0.131255
 1.000000 -0.997910 -0.064626 0.983712 0.179754 -1.635467 1.390060 -0.064626 -0.997910 0.179754 0.983712 0.150586 30.117270 -0.009747 0.830203 100.000000 0.830203 0.000209 0.041736 -0.999953 0.010215 100.000000 0.010215 0.291759 58.351722 0.256142 0.906282 100.000000 0.906282 0.014574 2.914707 0.966639 0.133899 100.000000 0.133899
 1.200000 -0.998631 0.052315 0.985228 0.171251 -1.518457 1.398698 0.052315 -0.998631 0.171251 0.985228 0.231101 55.464312 -0.009747 0.926071 120.000000 0.926071 0.000105 0.025163 -0.999953 0.010632 120.000000 0.010632 0.432397 103.775384 0.256142 0.991998 120.000000 0.991998 0.020732 4.975638 0.966639 0.141238 120.000000 0.141238
 1.400000 -0.999098 0.042454 0.979946 0.199264 -1.528329 1.370189 0.042454 -0.999098 0.199264 0.979946 0.190745 53.408626 -0.009747 0.960889 140.000000 0.960889 0.000051 0.014298 -0.999953 0.010712 140.000000 0.010712 0.226460 63.408817 0.256142 1.092913 140.000000 1.092913 0.012395 3.470574 0.966639 0.149512 140.000000 0.149512
 1.600000 -0.999952 0.009799 0.961502 0.274796 -1.560997 1.292419 0.009799 -0.999952 0.274796 0.961502 0.030562 9.779723 -0.009747 1.007028 160.000000 1.007028 0.000000 0.000000 -0.999953 0.010844 160.000000 0.010844 0.027837 8.907908 0.256142 1.162388 160.000000 1.162388 0.002111 0.675440 0.966639 0.156244 160.000000 0.156244
 1.800000 -0.999823 -0.018803 0.970268 0.242032 -1.589600 1.326336 -0.018803 -0.999823 0.242032 0.970268 0.007382 2.657428 -0.009747 1.052093 180.000000 1.052093 0.000002 0.000542 -0.999953 0.010933 180.000000 0.010933 0.017919 6.450699 0.256142 1.193826 180.000000 1.193826 0.001185 0.426729 0.966639 0.158898 180.000000 0.158898
 2.000000 -0.987192 0.159534 0.942534 0.334111 -1.410577 1.230134 0.159534 -0.987192 0.334111 0.942534 2.865606 1146.242258 -0.009747 1.082144 200.000000 1.082144 0.016282 6.512852 -0.999953 0.011015 200.000000 0.011015 0.607915 243.165831 0.256142 1.220068 200.000000 1.220068 0.058107 23.242855 0.966639 0.161405 200.000000 0.161405
 2.200000 -0.999974 0.007149 0.914837 0.403824 -1.563647 1.155103 0.007149 -0.999974 0.403824 0.914837 0.645338 258.135306 -0.073184 1.331384 200.000000 1.331384 0.410630 164.251896 -0.935894 0.374625 200.000000 0.374625 2.120595 848.237958 0.258201 1.214075 200.000000 1.214075 0.052323 20.929261 0.891962 0.612028 200.000000 0.612028
 2.400000 -0.994926 -0.100613 0.917619 0.397462 -1.671580 1.162047 -0.100613 -0.994926 0.397462 0.917619 0.129653 51.861099 -0.136621 1.683320 200.000000 1.683320 1.515115 606.045964 -0.871836 1.550730 200.000000 1.550730 1.882431 752.972354 0.260260 1.200681 200.000000 1.200681 1.006667 402.666724 0.817286 2.077709 200.000000 2.077709
 2.600000 -0.950090 -0.311976 0.844073 0.536228 -1.888068 1.004834 -0.311976 -0.950090 0.536228 0.844073 1.252556 501.022270 -0.200058 1.694634 200.000000 1.694634 2.025299 810.119684 -0.807777 3.382447 200.000000 3.382447 7.502610 3001.043923 0.262319 1.177551 200.000000 1.177551 1.029491 411.796244 0.742609 4.540047 200.000000 4.540047
 2.800000 -0.962768 -0.270331 0.899341 0.437248 -1.844533 1.118260 -0.270331 -0.962768 0.437248 0.899341 0.004672 1.868996 -0.263495 1.289695 200.000000 1.289695 4.798242 1919.296611 -0.743719 5.780151 200.000000 5.780151 2.988396 1195.358504 0.264378 1.143666 200.000000 1.143666 5.354982 2141.992853 0.667933 7.954273 200.000000 7.954273
 3.000000 -0.899531 -0.436858 0.937725 0.347379 -2.022899 1.216022 -0.436858 -0.899531 0.347379 0.937725 1.208367 483.346967 -0.326932 0.757215 200.000000 0.757215 4.834295 1933.718148 -0.679660 8.696861 200.000000 8.696861 0.655154 262.061501 0.266437 1.094861 200.000000 1.094861 11.865882 4746.352995 0.593256 12.283728 200.000000 12.283728
 3.200000 -0.905643 -0.424040 0.969663 0.244445 -2.008698 1.323849 -0.424040 -0.905643 0.244445 0.969663 0.113374 45.349612 -0.390369 -0.707182 200.000000 -0.707182 8.412410 3364.964023 -0.615602 11.640072 200.000000 11.640072 0.057844 23.137685 0.268496 1.018615 200.000000 1.018615 20.347650 8139.060147 0.518579 17.236951 200.000000 17.236951
 3.400000 -0.816906 -0.576771 0.867747 0.497006 -2.185566 1.050651 -0.576771 -0.816906 0.497006 0.867747 1.512024 604.809545 -0.453806 -2.514369 200.000000 -2.514369 7.041739 2816.695409 -0.551543 14.707323 200.000000 14.707323 5.128008 2051.203295 0.270555 0.924159 200.000000 0.924159 17.964391 7185.756241 0.443903 22.912393 200.000000 22.912393
 3.600000 -0.705392 -0.708817 0.755862 0.654731 -2.358616 0.856970 -0.708817 -0.705392 0.654731 0.755862 3.670046 1468.018247 -0.517243 -4.849231 200.000000 -4.849231 4.748365 1899.345992 -0.487485 17.530163 200.000000 17.530163 14.601309 5840.523682 0.272614 0.806580 200.000000 0.806580 14.948741 5979.496364 0.369226 29.098685 200.000000 29.098685
 3.800000 -0.708019 -0.706193 0.665734 0.746189 -2.354903 0.728477 -0.706193 -0.708019 0.746189 0.665734 1.575336 630.134442 -0.580681 -7.549702 200.000000 -7.549702 8.099316 3239.726404 -0.423426 19.963896 200.000000 19.963896 22.232726 8893.090560 0.274673 0.673035 200.000000 0.673035 13.777796 5511.118252 0.294549 36.050378 200.000000 36.050378
 4.000000 -0.513137 -0.858307 0.650849 0.759207 -2.602757 0.708702 -0.858307 -0.513137 0.759207 0.650849 4.587699 1835.079584 -0.644118 -10.280380 200.000000 -10.280380 2.364484 945.793435 -0.359368 22.039927 200.000000 22.039927 23.278207 9311.282694 0.276732 0.477918 200.000000 0.477918 18.574050 7429.620139 0.219873 42.053962 200.000000 42.053962
 4.200000 -0.364220 -0.931313 0.458967 0.888453 -2.768797 0.476832 -0.931313 -0.364220 0.888453 0.458967 5.006765 2002.706042 -0.707555 -12.838063 200.000000 -12.838063 0.474868 189.947150 -0.295309 23.930210 200.000000 23.930210 37.168789 14867.515442 0.278791 0.241834 200.000000 0.241834 9.845213 3938.085319 0.145196 47.022834 200.000000 47.022834
 4.400000 -0.335106 -0.942181 0.140340 0.990103 -2.799875 0.140805 -0.942181 -0.335106 0.990103 0.140340 2.930552 1172.220769 -0.770992 -15.213546 200.000000 -15.213546 1.078579 431.431799 -0.231251 25.309340 200.000000 25.309340 50.304013 20121.605173 0.280850 -0.015578 200.000000 -0.015578 0.487489 194.995588 0.070520 51.614410 200.000000 51.614410
 4.600000 -0.143705 -0.989621 0.131792 0.991277 -2.997389 0.132177 -0.989621 -0.143705 0.991277 0.131792 2.408440 963.375931 -0.834429 -17.169148 200.000000 -17.169148 0.055168 22.067019 -0.167193 26.401585 200.000000 26.401585 50.178560 20071.423841 0.282909 -0.308928 200.000000 -0.308928 1.848214 739.285420 -0.004157 52.218792 200.000000 52.218792
 4.800000 -0.198853 -0.980029 -0.411125 0.911579 -2.941406 -0.423687 -0.980029 -0.198853 0.911579 -0.411125 0.675078 270.031386 -0.897866 -18.510208 200.000000 -18.510208 0.916205 366.481813 -0.103134 27.607773 200.000000 27.607773 39.264143 15705.657201 0.284968 -0.594590 200.000000 -0.594590 11.041729 4416.691418 -0.078834 51.295868 200.000000 51.295868
 5.000000 -0.151020 -0.988531 -0.560578 0.828101 -2.989992 -0.595084 -0.988531 -0.151020 0.828101 -0.560578 0.074133 29.653009 -0.961303 -19.312709 200.000000 -19.312709 1.253163 501.265170 -0.039076 28.043236 200.000000 28.043236 29.276141 11710.456431 0.287027 -0.845392 200.000000 -0.845392 16.570445 6628.178076 -0.153510 46.625235 200.000000 46.625235
 5.200000 -0.114050 -0.993475 -0.657192 0.753723 -3.027294 -0.717087 -0.993475 -0.114050 0.753723 -0.657192 0.004257 1.702995 -1.000000 -19.422943 200.000000 -19.422943 1.300731 520.292419 -0.000000 28.414746 200.000000 28.414746 21.588793 8635.517201 0.289086 -1.067196 200.000000 -1.067196 18.404515 7361.806175 -0.228187 41.178558 200.000000 41.178558
 5.400000 -0.029226 -0.999573 -0.763515 0.645791 -3.112363 -0.868738 -0.999573 -0.029226 0.645791 -0.763515 0.000018 0.007299 -1.000000 -19.422943 200.000000 -19.422943 0.085415 34.165849 -0.000000 28.414746 200.000000 28.414746 12.577342 5030.936656 0.291145 -1.258577 200.000000 -1.258577 21.219950 8487.980104 -0.302863 35.444445 200.000000 35.444445
 5.600000 -0.074706 -0.997206 -0.700844 0.713315 -3.066817 -0.776580 -0.997206 -0.074706 0.713315 -0.700844 0.000781 0.312340 -1.000000 -19.422943 200.000000 -19.422943 0.558093 223.237060 -0.000000 28.414746 200.000000 28.414746 17.649301 7059.720431 0.293204 -1.416662 200.000000 -1.416662 10.452532 4181.012738 -0.377540 29.618593 200.000000 29.618593
 5.800000 -0.014502 -0.999895 -0.877931 0.478788 -3.127090 -1.071523 -0.999895 -0.014502 0.478788 -0.877931 0.000001 0.000442 -1.000000 -19.422943 200.000000 -19.422943 0.021032 8.412802 -0.000000 28.414746 200.000000 28.414746 3.368126 1347.250579 0.295263 -1.534816 200.000000 -1.534816 18.123248 7249.299319 -0.452217 23.718054 200.000000 23.718054
 6.000000 -0.022198 -0.999754 -0.859438 0.511240 -3.119392 -1.034170 -0.999754 -0.022198 0.511240 -0.859438 0.000006 0.002429 -1.000000 -19.422943 200.000000 -19.422943 0.049277 19.710744 -0.000000 28.414746 200.000000 28.414746 4.576074 1830.429448 0.297322 -1.637459 200.000000 -1.637459 11.058613 4423.445042 -0.526893 18.546524 200.000000 18.546524
 6.200000 -0.005244 -0.999986 -0.884122 0.467257 -3.136348 -1.084611 -0.999986 -0.005244 0.467257 -0.884122 0.000000 0.000008 -1.000000 -19.422943 200.000000 -19.422943 0.002750 1.100129 -0.000000 28.414746 200.000000 28.414746 2.818220 1127.287911 0.299381 -1.708872 200.000000 -1.708872 7.983555 3193.422140 -0.601570 13.844106 200.000000 13.844106
 6.400000 0.027686 -0.999617 -0.923594 0.383371 3.113903 -1.177352 -0.999617 0.027686 0.383371 -0.923594 0.000015 0.005878 -1.000000 -19.422943 200.000000 -19.422943 0.076650 30.660096 -0.000000 28.414746 200.000000 28.414746 0.671278 268.511158 0.301440 -1.764550 200.000000 -1.764550 6.118087 2447.234767 -0.676247 9.983691 200.000000 9.983691
 6.600000 -0.064413 -0.997923 -0.901001 0.433818 -3.077135 -1.122070 -0.997923 -0.064413 0.433818 -0.901001 0.000431 0.172506 -1.000000 -19.422943 200.000000 -19.422943 0.414908 165.963016 -0.000000 28.414746 200.000000 28.414746 1.698304 679.321697 0.303499 -1.813049 200.000000 -1.813049 2.252322 900.928801 -0.750923 7.117780 200.000000 7.117780
 6.800000 0.018225 -0.999834 -0.951270 0.308359 3.123367 -1.257329 -0.999834 0.018225 0.308359 -0.951270 0.000003 0.001103 -1.000000 -19.422943 200.000000 -19.422943 0.033214 13.285538 -0.000000 28.414746 200.000000 28.414746 0.000784 0.313771 0.305558 -1.834948 200.000000 -1.834948 1.579304 631.721684 -0.825600 4.971128 200.000000 4.971128
 7.000000 -0.050945 -0.998701 -0.918939 0.394400 -3.090626 -1.165382 -0.998701 -0.050945 0.394400 -0.918939 0.000169 0.067446 -1.000000 -19.422943 200.000000 -19.422943 0.259535 103.814157 -0.000000 28.414746 200.000000 28.414746 0.753128 301.251126 0.307617 -1.858952 200.000000 -1.858952 0.034829 13.931595 -0.900276 3.973619 200.000000 3.973619
 7.200000 -0.040506 -0.999179 -0.923909 0.382612 -3.101076 -1.178174 -0.999179 -0.040506 0.382612 -0.923909 0.000067 0.026942 -1.000000 -19.422943 200.000000 -19.422943 0.164074 65.629449 -0.000000 28.414746 200.000000 28.414746 0.541624 216.649588 0.309017 -1.853293 200.000000 -1.853293 0.073698 29.479341 -0.951057 3.657875 200.000000 3.657875
 7.400000 -0.034120 -0.999418 -0.932954 0.359994 -3.107466 -1.202534 -0.999418 -0.034120 0.359994 -0.932954 0.000034 0.013561 -1.000000 -19.422943 200.000000 -19.422943 0.116419 46.567711 -0.000000 28.414746 200.000000 28.414746 0.259869 103.947614 0.309017 -1.853293 200.000000 -1.853293 0.032768 13.107341 -0.951057 3.657875 200.000000 3.657875
 7.600000 -0.068658 -0.997640 -0.949910 0.312523 -3.072880 -1.252948 -0.997640 -0.068658 0.312523 -0.949910 0.000557 0.222741 -1.000000 -19.422943 200.000000 -19.422943 0.471397 188.558925 -0.000000 28.414746 200.000000 28.414746 0.001230 0.491821 0.309017 -1.853293 200.000000 -1.853293 0.000131 0.052577 -0.951057 3.657875 200.000000 3.657875
 7.800000 -0.031272 -0.999511 -0.962718 0.270507 -3.110316 -1.296876 -0.999511 -0.031272 0.270507 -0.962718 0.000024 0.009568 -1.000000 -19.422943 200.000000 -19.422943 0.097792 39.116981 -0.000000 28.414746 200.000000 28.414746 0.148300 59.319839 0.309017 -1.853293 200.000000 -1.853293 0.013599 5.439535 -0.951057 3.657875 200.000000 3.657875
 8.000000 -0.134827 -0.990869 -0.956161 0.292840 -3.006354 -1.273601 -0.990869 -0.134827 0.292840 -0.956161 0.008337 3.334854 -1.000000 -19.422943 200.000000 -19.422943 1.817821 727.128421 -0.000000 28.414746 200.000000 28.414746 0.026169 10.467784 0.309017 -1.853293 200.000000 -1.853293 0.002606 1.042415 -0.951057 3.657875 200.000000 3.657875
 8.200000 0.033555 -0.999437 -0.946167 0.323679 3.108032 -1.241181 -0.999437 0.033555 0.323679 -0.946167 0.000032 0.012684 -1.000000 -19.422943 200.000000 -19.422943 0.112590 45.036189 -0.000000 28.414746 200.000000 28.414746 0.021498 8.599397 0.309017 -1.853293 200.000000 -1.853293 0.002391 0.956361 -0.951057 3.657875 200.000000 3.657875
 8.400000 -0.058152 -0.998308 -0.937220 0.348740 -3.083408 -1.214570 -0.998308 -0.058152 0.348740 -0.937220 0.000286 0.114550 -1.000000 -19.422943 200.000000 -19.422943 0.338166 135.266393 -0.000000 28.414746 200.000000 28.414746 0.157789 63.115448 0.309017 -1.853293 200.000000 -1.853293 0.019146 7.658348 -0.951057 3.657875 200.000000 3.657875
 8.600000 -0.069353 -0.997592 -0.931326 0.364187 -3.072184 -1.198037 -0.997592 -0.069353 0.364187 -0.931326 0.000580 0.231898 -1.000000 -19.422943 200.000000 -19.422943 0.480978 192.391395 -0.000000 28.414746 200.000000 28.414746 0.304373 121.749220 0.309017 -1.853293 200.000000 -1.853293 0.038930 15.571981 -0.951057 3.657875 200.000000 3.657875
 8.800000 -0.075248 -0.997165 -0.957533 0.288322 -3.066273 -1.278322 -0.997165 -0.075248 0.288322 -0.957533 0.000804 0.321531 -1.000000 -19.422943 200.000000 -19.422943 0.566233 226.493358 -0.000000 28.414746 200.000000 28.414746 0.042827 17.130627 0.309017 -1.853293 200.000000 -1.853293 0.004195 1.677994 -0.951057 3.657875 200.000000 3.657875
 9.000000 -0.099069 -0.995081 -0.961209 0.275823 -3.042361 -1.291351 -0.995081 -0.099069 0.275823 -0.961209 0.002420 0.968029 -1.000000 -19.422943 200.000000 -19.422943 0.981464 392.585737 -0.000000 28.414746 200.000000 28.414746 0.110185 44.074181 0.309017 -1.853293 200.000000 -1.853293 0.010306 4.122512 -0.951057 3.657875 200.000000 3.657875
 9.200000 -0.108385 -0.994109 -0.963552 0.267522 -3.032995 -1.299976 -0.994109 -0.108385 0.267522 -0.963552 0.003470 1.388133 -1.000000 -19.422943 200.000000 -19.422943 1.174720 469.888092 -0.000000 28.414746 200.000000 28.414746 0.172183 68.873018 0.309017 -1.853293 200.000000 -1.853293 0.015613 6.245206 -0.951057 3.657875 200.000000 3.657875
 9.400000 -0.030877 -0.999523 -0.981253 0.192722 -3.110711 -1.376861 -0.999523 -0.030877 0.192722 -0.981253 0.000023 0.009094 -1.000000 -19.422943 200.000000 -19.422943 0.095340 38.135843 -0.000000 28.414746 200.000000 28.414746 1.352449 540.979425 0.309017 -1.853293 200.000000 -1.853293 0.091185 36.473984 -0.951057 3.657875 200.000000 3.657875
 9.600000 -0.025200 -0.999682 -0.950305 0.311320 -3.116390 -1.254215 -0.999682 -0.025200 0.311320 -0.950305 0.000010 0.004034 -1.000000 -19.422943 200.000000 -19.422943 0.063506 25.402254 -0.000000 28.414746 200.000000 28.414746 0.000530 0.212161 0.309017 -1.853293 200.000000 -1.853293 0.000056 0.022584 -0.951057 3.657875 200.000000 3.657875
 9.800000 -0.047624 -0.998865 -0.935576 0.353124 -3.093951 -1.209888 -0.998865 -0.047624 0.353124 -0.935576 0.000129 0.051497 -1.000000 -19.422943 200.000000 -19.422943 0.226801 90.720242 -0.000000 28.414746 200.000000 28.414746 0.194545 77.817947 0.309017 -1.853293 200.000000 -1.853293 0.023963 9.585311 -0.951057 3.657875 200.000000 3.657875
 10.000000 -0.055743 -0.998445 -0.928798 0.370587 -3.085821 -1.191155 -0.998445 -0.055743 0.370587 -0.928798 0.000242 0.096702 -1.000000 -19.422943 200.000000 -19.422943 0.310727 124.290921 -0.000000 28.414746 200.000000 28.414746 0.379087 151.634605 0.309017 -1.853293 200.000000 -1.853293 0.049545 19.818090 -0.951057 3.657875 200.000000 3.657875
 10.200000 -0.033550 -0.999437 -0.962796 0.270229 -3.108037 -1.297166 -0.999437 -0.033550 0.270229 -0.962796 0.000032 0.012677 -1.000000 -19.422943 200.000000 -19.422943 0.112559 45.023494 -0.000000 28.414746 200.000000 28.414746 0.150454 60.181726 0.309017 -1.853293 200.000000 -1.853293 0.013782 5.512810 -0.951057 3.657875 200.000000 3.657875
 10.400000 -0.092928 -0.995673 -0.956272 0.292478 -3.048530 -1.273980 -0.995673 -0.092928 0.292478 -0.956272 0.001872 0.748984 -1.000000 -19.422943 200.000000 -19.422943 0.863566 345.426476 -0.000000 28.414746 200.000000 28.414746 0.027355 10.941946 0.309017 -1.853293 200.000000 -1.853293 0.002720 1.088196 -0.951057 3.657875 200.000000 3.657875
 10.600000 -0.067315 -0.997732 -0.968728 0.248126 -3.074227 -1.320051 -0.997732 -0.067315 0.248126 -0.968728 0.000514 0.205795 -1.000000 -19.422943 200.000000 -19.422943 0.453132 181.252904 -0.000000 28.414746 200.000000 28.414746 0.370774 148.309485 0.309017 -1.853293 200.000000 -1.853293 0.031227 12.490996 -0.951057 3.657875 200.000000 3.657875
 10.800000 -0.043171 -0.999068 -0.982955 0.183845 -3.098409 -1.385900 -0.999068 -0.043171 0.183845 -0.982955 0.000087 0.034766 -1.000000 -19.422943 200.000000 -19.422943 0.186370 74.548110 -0.000000 28.414746 200.000000 28.414746 1.566808 626.723383 0.309017 -1.853293 200.000000 -1.853293 0.101753 40.701266 -0.951057 3.657875 200.000000 3.657875
 11.000000 -0.072718 -0.997353 -0.961838 0.273621 -3.068811 -1.293641 -0.997353 -0.072718 0.273621 -0.961838 0.000701 0.280357 -1.000000 -19.422943 200.000000 -19.422943 0.528787 211.514724 -0.000000 28.414746 200.000000 28.414746 0.125289 50.115469 0.309017 -1.853293 200.000000 -1.853293 0.011623 4.649297 -0.951057 3.657875 200.000000 3.657875
 11.200000 -0.088560 -0.996071 -0.946790 0.321852 -3.052917 -1.243111 -0.996071 -0.088560 0.321852 -0.946790 0.001544 0.617523 -1.000000 -19.422943 200.000000 -19.422943 0.784282 313.712888 -0.000000 28.414746 200.000000 28.414746 0.016474 6.589536 0.309017 -1.853293 200.000000 -1.853293 0.001820 0.728134 -0.951057 3.657875 200.000000 3.657875
 11.400000 -0.057540 -0.998343 -0.950447 0.310887 -3.084021 -1.254670 -0.998343 -0.057540 0.310887 -0.950447 0.000275 0.109801 -1.000000 -19.422943 200.000000 -19.422943 0.331089 132.435409 -0.000000 28.414746 200.000000 28.414746 0.000350 0.139897 0.309017 -1.853293 200.000000 -1.853293 0.000037 0.014868 -0.951057 3.657875 200.000000 3.657875
 11.600000 -0.073817 -0.997272 -0.952018 0.306042 -3.067709 -1.259764 -0.997272 -0.073817 0.306042 -0.952018 0.000744 0.297717 -1.000000 -19.422943 200.000000 -19.422943 0.544891 217.956249 -0.000000 28.414746 200.000000 28.414746 0.000885 0.354137 0.309017 -1.853293 200.000000 -1.853293 0.000092 0.036991 -0.951057 3.657875 200.000000 3.657875
 11.800000 -0.034568 -0.999402 -0.953404 0.301696 -3.107018 -1.264325 -0.999402 -0.034568 0.301696 -0.953404 0.000036 0.014287 -1.000000 -19.422943 200.000000 -19.422943 0.119493 47.797235 -0.000000 28.414746 200.000000 28.414746 0.005360 2.143857 0.309017 -1.853293 200.000000 -1.853293 0.000551 0.220458 -0.951057 3.657875 200.000000 3.657875
 12.000000 -0.011578 -0.999933 -0.953017 0.302917 -3.130014 -1.263045 -0.999933 -0.011578 0.302917 -0.953017 0.000000 0.000180 -1.000000 -19.422943 200.000000 -19.422943 0.013406 5.362331 -0.000000 28.414746 200.000000 28.414746 0.003722 1.488630 0.309017 -1.853293 200.000000 -1.853293 0.000384 0.153754 -0.951057 3.657875 200.000000 3.657875
 12.200000 -0.018922 -0.999821 -0.957721 0.287697 -3.122669 -1.278975 -0.999821 -0.018922 0.287697 -0.957721 0.000003 0.001282 -1.000000 -19.422943 200.000000 -19.422943 0.035805 14.322019 -0.000000 28.414746 200.000000 28.414746 0.045454 18.181601 0.309017 -1.853293 200.000000 -1.853293 0.004442 1.776862 -0.951057 3.657875 200.000000 3.657875
 12.400000 -0.098094 -0.995177 -0.968128 0.250455 -3.043341 -1.317646 -0.995177 -0.098094 0.250455 -0.968128 0.002326 0.930391 -1.000000 -19.422943 200.000000 -19.422943 0.962242 384.896659 -0.000000 28.414746 200.000000 28.414746 0.342947 137.178824 0.309017 -1.853293 200.000000 -1.853293 0.029144 11.657642 -0.951057 3.657875 200.000000 3.657875
 12.600000 -0.069432 -0.997587 -0.973436 0.228961 -3.072104 -1.339786 -0.997587 -0.069432 0.228961 -0.973436 0.000582 0.232968 -1.000000 -19.422943 200.000000 -19.422943 0.482085 192.833996 -0.000000 28.414746 200.000000 28.414746 0.640897 256.358948 0.309017 -1.853293 200.000000 -1.853293 0.050082 20.032959 -0.951057 3.657875 200.000000 3.657875
 12.800000 -0.150865 -0.988554 -0.948829 0.315791 -2.990150 -1.249506 -0.988554 -0.150865 0.315791 -0.948829 0.013100 5.240063 -1.000000 -19.422943 200.000000 -19.422943 2.276018 910.407331 -0.000000 28.414746 200.000000 28.414746 0.004589 1.835473 0.309017 -1.853293 200.000000 -1.853293 0.000496 0.198512 -0.951057 3.657875 200.000000 3.657875
 13.000000 0.001310 -0.999999 -0.958336 0.285644 3.140283 -1.281118 -0.999999 0.001310 0.285644 -0.958336 0.000000 0.000000 -1.000000 -19.422943 200.000000 -19.422943 0.000171 0.068598 -0.000000 28.414746 200.000000 28.414746 0.054630 21.851815 0.309017 -1.853293 200.000000 -1.853293 0.005299 2.119513 -0.951057 3.657875 200.000000 3.657875
 13.200000 -0.029120 -0.999576 -0.931701 0.363225 -3.112469 -1.199069 -0.999576 -0.029120 0.363225 -0.931701 0.000018 0.007193 -1.000000 -19.422943 200.000000 -19.422943 0.084795 33.917988 -0.000000 28.414746 200.000000 28.414746 0.293855 117.542030 0.309017 -1.853293 200.000000 -1.853293 0.037462 14.984976 -0.951057 3.657875 200.000000 3.657875
 13.400000 -0.151904 -0.988395 -0.950956 0.309325 -2.989098 -1.256313 -0.988395 -0.151904 0.309325 -0.950956 0.013467 5.386856 -1.000000 -19.422943 200.000000 -19.422943 2.307493 922.997169 -0.000000 28.414746 200.000000 28.414746 0.000009 0.003795 0.309017 -1.853293 200.000000 -1.853293 0.000001 0.000401 -0.951057 3.657875 200.000000 3.657875
 13.600000 -0.090149 -0.995928 -0.960939 0.276761 -3.051321 -1.290375 -0.995928 -0.090149 0.276761 -0.960939 0.001658 0.663157 -1.000000 -19.422943 200.000000 -19.422943 0.812686 325.074535 -0.000000 28.414746 200.000000 28.414746 0.104048 41.619250 0.309017 -1.853293 200.000000 -1.853293 0.009766 3.906483 -0.951057 3.657875 200.000000 3.657875
 13.800000 -0.107474 -0.994208 -0.945815 0.324706 -3.033911 -1.240096 -0.994208 -0.107474 0.324706 -0.945815 0.003355 1.341939 -1.000000 -19.422943 200.000000 -19.422943 1.155066 462.026355 -0.000000 28.414746 200.000000 28.414746 0.024613 9.845324 0.309017 -1.853293 200.000000 -1.853293 0.002747 1.098886 -0.951057 3.657875 200.000000 3.657875
 14.000000 0.022412 -0.999749 -0.961273 0.275596 3.119178 -1.291586 -0.999749 0.022412 0.275596 -0.961273 0.000006 0.002524 -1.000000 -19.422943 200.000000 -19.422943 0.050231 20.092447 -0.000000 28.414746 200.000000 28.414746 0.111694 44.677663 0.309017 -1.853293 200.000000 -1.853293 0.010439 4.175439 -0.951057 3.657875 200.000000 3.657875
 14.200000 0.033837 -0.999427 -0.966816 0.255475 3.107749 -1.312458 -0.999427 0.033837 0.255475 -0.966816 0.000033 0.013117 -1.000000 -19.422943 200.000000 -19.422943 0.114496 45.798269 -0.000000 28.414746 200.000000 28.414746 0.286677 114.670989 0.309017 -1.853293 200.000000 -1.853293 0.024835 9.934119 -0.951057 3.657875 200.000000 3.657875
 14.400000 -0.183380 -0.983042 -0.950232 0.311543 -2.957169 -1.253980 -0.983042 -0.183380 0.311543 -0.950232 0.028757 11.502766 -1.000000 -19.422943 200.000000 -19.422943 3.362816 1345.126350 -0.000000 28.414746 200.000000 28.414746 0.000638 0.255240 0.309017 -1.853293 200.000000 -1.853293 0.000068 0.027191 -0.951057 3.657875 200.000000 3.657875
 14.600000 -0.013958 -0.999903 -0.959148 0.282906 -3.127634 -1.283974 -0.999903 -0.013958 0.282906 -0.959148 0.000001 0.000380 -1.000000 -19.422943 200.000000 -19.422943 0.019482 7.792840 -0.000000 28.414746 200.000000 28.414746 0.068178 27.271145 0.309017 -1.853293 200.000000 -1.853293 0.006547 2.618631 -0.951057 3.657875 200.000000 3.657875
 14.800000 -0.059051 -0.998255 -0.916149 0.400838 -3.082507 -1.158365 -0.998255 -0.059051 0.400838 -0.916149 0.000305 0.121807 -1.000000 -19.422943 200.000000 -19.422943 0.348705 139.481900 -0.000000 28.414746 200.000000 28.414746 0.843103 337.241199 0.309017 -1.853293 200.000000 -1.853293 0.121853 48.741082 -0.951057 3.657875 200.000000 3.657875
 15.000000 0.005358 -0.999986 -0.909339 0.416056 3.136235 -1.141692 -0.999986 0.005358 0.416056 -0.909339 0.000000 0.000008 -1.000000 -19.422943 200.000000 -19.422943 0.002870 1.148115 -0.000000 28.414746 200.000000 28.414746 1.145743 458.297021 0.309017 -1.853293 200.000000 -1.853293 0.174037 69.614617 -0.951057 3.657875 200.000000 3.657875
 15.200000 0.014766 -0.999891 -0.963157 0.268941 3.126826 -1.298503 -0.999891 0.014766 0.268941 -0.963157 0.000001 0.000475 -1.000000 -19.422943 200.000000 -19.422943 0.021803 8.721027 -0.000000 28.414746 200.000000 28.414746 0.160608 64.243171 0.309017 -1.853293 200.000000 -1.853293 0.014641 5.856512 -0.951057 3.657875 200.000000 3.657875
 15.400000 -0.177946 -0.984040 -0.958097 0.286444 -2.962694 -1.280283 -0.984040 -0.177946 0.286444 -0.958097 0.025471 10.188596 -1.000000 -19.422943 200.000000 -19.422943 3.166486 1266.594590 -0.000000 28.414746 200.000000 28.414746 0.050953 20.381264 0.309017 -1.853293 200.000000 -1.853293 0.004957 1.982697 -0.951057 3.657875 200.000000 3.657875
 15.600000 -0.008058 -0.999968 -0.969245 0.246098 -3.133534 -1.322144 -0.999968 -0.008058 0.246098 -0.969245 0.000000 0.000042 -1.000000 -19.422943 200.000000 -19.422943 0.006493 2.597366 -0.000000 28.414746 200.000000 28.414746 0.395877 158.350700 0.309017 -1.853293 200.000000 -1.853293 0.033082 13.232671 -0.951057 3.657875 200.000000 3.657875
 15.800000 0.011121 -0.999938 -0.962468 0.271394 3.130472 -1.295955 -0.999938 0.011121 0.271394 -0.962468 0.000000 0.000153 -1.000000 -19.422943 200.000000 -19.422943 0.012367 4.946970 -0.000000 28.414746 200.000000 28.414746 0.141546 56.618212 0.309017 -1.853293 200.000000 -1.853293 0.013023 5.209067 -0.951057 3.657875 200.000000 3.657875
 16.000000 -0.048506 -0.998823 -0.908972 0.416856 -3.093068 -1.140812 -0.998823 -0.048506 0.416856 -0.908972 0.000139 0.055421 -1.000000 -19.422943 200.000000 -19.422943 0.235279 94.111464 -0.000000 28.414746 200.000000 28.414746 1.162936 465.174206 0.309017 -1.853293 200.000000 -1.853293 0.177108 70.843193 -0.951057 3.657875 200.000000 3.657875
 16.200000 -0.049689 -0.998765 -0.933763 0.357893 -3.091883 -1.204786 -0.998765 -0.049689 0.357893 -0.933763 0.000153 0.061034 -1.000000 -19.422943 200.000000 -19.422943 0.246898 98.759073 -0.000000 28.414746 200.000000 28.414746 0.238884 95.553563 0.309017 -1.853293 200.000000 -1.853293 0.029908 11.963041 -0.951057 3.657875 200.000000 3.657875
 16.400000 -0.107834 -0.994169 -0.931125 0.364701 -3.033549 -1.197485 -0.994169 -0.107834 0.364701 -0.931125 0.003400 1.360049 -1.000000 -19.422943 200.000000 -19.422943 1.162811 465.124495 -0.000000 28.414746 200.000000 28.414746 0.310067 124.026712 0.309017 -1.853293 200.000000 -1.853293 0.039727 15.890886 -0.951057 3.657875 200.000000 3.657875
 16.600000 -0.018963 -0.999820 -0.952501 0.304535 -3.122628 -1.261347 -0.999820 -0.018963 0.304535 -0.952501 0.000003 0.001293 -1.000000 -19.422943 200.000000 -19.422943 0.035960 14.384128 -0.000000 28.414746 200.000000 28.414746 0.002009 0.803706 0.309017 -1.853293 200.000000 -1.853293 0.000209 0.083496 -0.951057 3.657875 200.000000 3.657875
 16.800000 -0.011821 -0.999930 -0.954359 0.298662 -3.129772 -1.267506 -0.999930 -0.011821 0.298662 -0.954359 0.000000 0.000195 -1.000000 -19.422943 200.000000 -19.422943 0.013973 5.589276 -0.000000 28.414746 200.000000 28.414746 0.010723 4.289274 0.309017 -1.853293 200.000000 -1.853293 0.001091 0.436267 -0.951057 3.657875 200.000000 3.657875
 17.000000 -0.011734 -0.999931 -0.969202 0.246267 -3.129859 -1.321970 -0.999931 -0.011734 0.246267 -0.969202 0.000000 0.000190 -1.000000 -19.422943 200.000000 -19.422943 0.013768 5.507107 -0.000000 28.414746 200.000000 28.414746 0.393760 157.504100 0.309017 -1.853293 200.000000 -1.853293 0.032926 13.170499 -0.951057 3.657875 200.000000 3.657875
 17.200000 -0.035153 -0.999382 -0.945634 0.325233 -3.106433 -1.239538 -0.999382 -0.035153 0.325233 -0.945634 0.000038 0.015279 -1.000000 -19.422943 200.000000 -19.422943 0.123571 49.428351 -0.000000 28.414746 200.000000 28.414746 0.026297 10.518747 0.309017 -1.853293 200.000000 -1.853293 0.002941 1.176231 -0.951057 3.657875 200.000000 3.657875
 17.400000 0.024893 -0.999690 -0.922260 0.386570 3.116697 -1.173886 -0.999690 0.024893 0.386570 -0.922260 0.000010 0.003841 -1.000000 -19.422943 200.000000 -19.422943 0.061965 24.785864 -0.000000 28.414746 200.000000 28.414746 0.601451 240.580316 0.309017 -1.853293 200.000000 -1.853293 0.082924 33.169659 -0.951057 3.657875 200.000000 3.657875
 17.600000 0.006189 -0.999981 -0.929742 0.368213 3.135403 -1.193710 -0.999981 0.006189 0.368213 -0.929742 0.000000 0.000015 -1.000000 -19.422943 200.000000 -19.422943 0.003831 1.532364 -0.000000 28.414746 200.000000 28.414746 0.350412 140.164894 0.309017 -1.853293 200.000000 -1.853293 0.045433 18.173006 -0.951057 3.657875 200.000000 3.657875
 17.800000 -0.030006 -0.999550 -0.941449 0.337157 -3.111582 -1.226901 -0.999550 -0.030006 0.337157 -0.941449 0.000020 0.008110 -1.000000 -19.422943 200.000000 -19.422943 0.090035 36.013973 -0.000000 28.414746 200.000000 28.414746 0.079185 31.673854 0.309017 -1.853293 200.000000 -1.853293 0.009231 3.692542 -0.951057 3.657875 200.000000 3.657875
 18.000000 -0.075816 -0.997122 -0.949821 0.312793 -3.065704 -1.252664 -0.997122 -0.075816 0.312793 -0.949821 0.000828 0.331359 -1.000000 -19.422943 200.000000 -19.422943 0.574809 229.923740 -0.000000 28.414746 200.000000 28.414746 0.001426 0.570265 0.309017 -1.853293 200.000000 -1.853293 0.000153 0.061022 -0.951057 3.657875 200.000000 3.657875
 18.200000 0.063650 -0.997972 -0.959652 0.281190 3.077899 -1.285762 -0.997972 0.063650 0.281190 -0.959652 0.000411 0.164469 -1.000000 -19.422943 200.000000 -19.422943 0.405137 162.054802 -0.000000 28.414746 200.000000 28.414746 0.077432 30.972902 0.309017 -1.853293 200.000000 -1.853293 0.007388 2.955304 -0.951057 3.657875 200.000000 3.657875
 18.400000 -0.007505 -0.999972 -0.929079 0.369883 -3.134088 -1.191914 -0.999972 -0.007505 0.369883 -0.929079 0.000000 0.000032 -1.000000 -19.422943 200.000000 -19.422943 0.005633 2.253005 -0.000000 28.414746 200.000000 28.414746 0.370462 148.184612 0.309017 -1.853293 200.000000 -1.853293 0.048303 19.321287 -0.951057 3.657875 200.000000 3.657875
 18.600000 -0.057108 -0.998368 -0.936996 0.349339 -3.084453 -1.213931 -0.998368 -0.057108 0.349339 -0.936996 0.000266 0.106539 -1.000000 -19.422943 200.000000 -19.422943 0.326137 130.454997 -0.000000 28.414746 200.000000 28.414746 0.162586 65.034580 0.309017 -1.853293 200.000000 -1.853293 0.019769 7.907471 -0.951057 3.657875 200.000000 3.657875
 18.800000 -0.002993 -0.999996 -0.968828 0.247734 -3.138599 -1.320455 -0.999996 -0.002993 0.247734 -0.968828 0.000000 0.000001 -1.000000 -19.422943 200.000000 -19.422943 0.000896 0.358419 -0.000000 28.414746 200.000000 28.414746 0.375558 150.223142 0.309017 -1.853293 200.000000 -1.853293 0.031583 12.633072 -0.951057 3.657875 200.000000 3.657875
 19.000000 -0.037040 -0.999314 -0.938907 0.344171 -3.104544 -1.219440 -0.999314 -0.037040 0.344171 -0.938907 0.000047 0.018836 -1.000000 -19.422943 200.000000 -19.422943 0.137198 54.879316 -0.000000 28.414746 200.000000 28.414746 0.123584 49.433422 0.309017 -1.853293 200.000000 -1.853293 0.014762 5.904606 -0.951057 3.657875 200.000000 3.657875
 19.200000 -0.027724 -0.999616 -0.953957 0.299943 -3.113865 -1.266164 -0.999616 -0.027724 0.299943 -0.953957 0.000015 0.005910 -1.000000 -19.422943 200.000000 -19.422943 0.076860 30.744070 -0.000000 28.414746 200.000000 28.414746 0.008234 3.293757 0.309017 -1.853293 200.000000 -1.853293 0.000841 0.336568 -0.951057 3.657875 200.000000 3.657875
 19.400000 -0.067054 -0.997749 -0.950227 0.311557 -3.074488 -1.253965 -0.997749 -0.067054 0.311557 -0.950227 0.000507 0.202622 -1.000000 -19.422943 200.000000 -19.422943 0.449629 179.851403 -0.000000 28.414746 200.000000 28.414746 0.000645 0.258060 0.309017 -1.853293 200.000000 -1.853293 0.000069 0.027492 -0.951057 3.657875 200.000000 3.657875
 19.600000 0.020012 -0.999800 -0.947727 0.319081 3.121579 -1.246036 -0.999800 0.020012 0.319081 -0.947727 0.000004 0.001604 -1.000000 -19.422943 200.000000 -19.422943 0.040049 16.019599 -0.000000 28.414746 200.000000 28.414746 0.010129 4.051764 0.309017 -1.853293 200.000000 -1.853293 0.001108 0.443352 -0.951057 3.657875 200.000000 3.657875
 19.800000 -0.068085 -0.997679 -0.942916 0.333031 -3.073455 -1.231280 -0.997679 -0.068085 0.333031 -0.942916 0.000538 0.215390 -1.000000 -19.422943 200.000000 -19.422943 0.463563 185.425002 -0.000000 28.414746 200.000000 28.414746 0.057668 23.067198 0.309017 -1.853293 200.000000 -1.853293 0.006627 2.650835 -0.951057 3.657875 200.000000 3.657875
 20.000000 -0.047994 -0.998848 -0.911556 0.411175 -3.093580 -1.147054 -0.998848 -0.047994 0.411175 -0.911556 0.000133 0.053119 -1.000000 -19.422943 200.000000 -19.422943 0.230342 92.136720 -0.000000 28.414746 200.000000 28.414746 1.043627 417.450645 0.309017 -1.853293 200.000000 -1.853293 0.156026 62.410338 -0.951057 3.657875 200.000000 3.657875
