#! FIELDS time sin_phi cos_phi sin_psi cos_psi phi psi cos_phi sin_phi cos_psi sin_psi restraint_phi_cos.bias restraint_phi_cos.force2 restraint_phi_cos.cos_phi_cntr restraint_phi_cos.cos_phi_work restraint_phi_cos.cos_phi_kappa restraint_phi_cos.work restraint_phi_sin.bias restraint_phi_sin.force2 restraint_phi_sin.sin_phi_cntr restraint_phi_sin.sin_phi_work restraint_phi_sin.sin_phi_kappa restraint_phi_sin.work restraint_psi_cos.bias restraint_psi_cos.force2 restraint_psi_cos.cos_psi_cntr restraint_psi_cos.cos_psi_work restraint_psi_cos.cos_psi_kappa restraint_psi_cos.work restraint_psi_sin.bias restraint_psi_sin.force2 restraint_psi_sin.sin_psi_cntr restraint_psi_sin.sin_psi_work restraint_psi_sin.sin_psi_kappa restraint_psi_sin.work
#! SET min_phi -pi
#! SET max_phi pi
#! SET min_psi -pi
#! SET max_psi pi
 0.000000 -0.999983 -0.005782 0.966116 0.258110 -1.576579 1.309731 -0.005782 -0.999983 0.258110 0.966116 0.000000 0.000000 -0.009747 0.000000 0.000000 0.000000 0.000000 0.000000 -0.999953 0.000000 0.000000 0.000000 0.000000 0.000000 0.256142 0.000000 0.000000 0.000000 0.000000 0.000000 0.966639 0.000000 0.000000 0.000000
 0.200000 -1.000000 -0.000269 0.834657 0.550770 -1.571065 0.987510 -0.000269 -1.000000 0.550770 0.834657 0.000898 0.035929 -0.009747 0.429323 20.000000 0.429323 0.000000 0.000001 -0.999953 0.008204 20.000000 0.008204 0.868052 34.722066 0.256142 0.437497 20.000000 0.437497 0.174192 6.967668 0.966639 0.079186 20.000000 0.079186
 0.400000 -0.998237 0.059350 0.982964 0.183796 -1.511412 1.385949 0.059350 -0.998237 0.183796 0.982964 0.095486 7.638879 -0.009747 0.576153 40.000000 0.576153 0.000059 0.004707 -0.999953 0.009175 40.000000 0.009175 0.104679 8.374306 0.256142 0.652624 40.000000 0.652624 0.005330 0.426423 0.966639 0.103853 40.000000 0.103853
 0.600000 -0.997905 0.064693 0.969722 0.244210 -1.506058 1.324091 0.064693 -0.997905 0.244210 0.969722 0.166238 19.948526 -0.009747 0.652739 60.000000 0.652739 0.000126 0.015089 -0.999953 0.009549 60.000000 0.009549 0.004271 0.512548 0.256142 0.812943 60.000000 0.812943 0.000285 0.034223 0.966639 0.126977 60.000000 0.126977
 0.800000 -0.999998 0.001898 0.948096 0.317986 -1.568898 1.247192 0.001898 -0.999998 0.317986 0.948096 0.005424 0.867880 -0.009747 0.745438 80.000000 0.745438 0.000000 0.000013 -0.999953 0.009931 80.000000 0.009931 0.152983 24.477280 0.256142 0.870383 80.000000 0.870383 0.013754 2.200712 0.966639 0.131254 80.000000 0.131254
 1.000000 -0.997908 -0.064648 0.983715 0.179733 -1.635490 1.390082 -0.064648 -0.997908 0.179733 0.983715 0.150709 30.141892 -0.009747 0.830208 100.000000 0.830208 0.000209 0.041795 -0.999953 0.010215 100.000000 0.010215 0.291922 58.384434 0.256142 0.906275 100.000000 0.906275 0.014580 2.916043 0.966639 0.133898 100.000000 0.133898
 1.200000 -0.998635 0.052235 0.985236 0.171203 -1.518537 1.398745 0.052235 -0.998635 0.171203 0.985236 0.230506 55.321490 -0.009747 0.926070 120.000000 0.926070 0.000104 0.025003 -0.999953 0.010632 120.000000 0.010632 0.432879 103.890905 0.256142 0.991978 120.000000 0.991978 0.020750 4.980034 0.966639 0.141236 120.000000 0.141236
 1.400000 -0.999100 0.042418 0.979955 0.199220 -1.528366 1.370235 0.042418 -0.999100 0.199220 0.979955 0.190478 53.333940 -0.009747 0.960900 140.000000 0.960900 0.000051 0.014246 -0.999953 0.010712 140.000000 0.010712 0.226814 63.508044 0.256142 1.092888 140.000000 1.092888 0.012412 3.475293 0.966639 0.149508 140.000000 0.149508
 1.600000 -0.999952 0.009761 0.961501 0.274802 -1.561035 1.292412 0.009761 -0.999952 0.274802 0.961501 0.030444 9.742134 -0.009747 1.006995 160.000000 1.006995 0.000000 0.000000 -0.999953 0.010844 160.000000 0.010844 0.027855 8.913533 0.256142 1.162350 160.000000 1.162350 0.002112 0.675882 0.966639 0.156237 160.000000 0.156237
 1.800000 -0.999833 -0.018283 0.970330 0.241783 -1.589081 1.326593 -0.018283 -0.999833 0.241783 0.970330 0.006559 2.361305 -0.009747 1.052215 180.000000 1.052215 0.000001 0.000464 -0.999953 0.010933 180.000000 0.010933 0.018556 6.680328 0.256142 1.193797 180.000000 1.193797 0.001226 0.441450 0.966639 0.158889 180.000000 0.158889
 2.000000 -0.986982 0.160833 0.941992 0.335636 -1.409261 1.228516 0.160833 -0.986982 0.335636 0.941992 2.909751 1163.900254 -0.009747 1.082341 200.000000 1.082341 0.016825 6.729803 -0.999953 0.011016 200.000000 0.011016 0.631919 252.767429 0.256142 1.220394 200.000000 1.220394 0.060748 24.299365 0.966639 0.161438 200.000000 0.161438
 2.200000 -0.994085 0.108609 0.928697 0.370840 -1.461973 1.190883 0.108609 -0.994085 0.370840 0.928697 0.775184 310.073675 0.020564 0.973479 200.000000 0.973479 0.439730 175.892033 -0.927772 0.495059 200.000000 0.495059 1.987124 794.849664 0.229874 1.278581 200.000000 1.278581 0.005931 2.372389 0.920996 0.351400 200.000000 0.351400
 2.400000 -0.996858 0.079214 0.951941 0.306280 -1.491499 1.259513 0.079214 -0.996858 0.306280 0.951941 0.080311 32.124277 0.050875 0.780972 200.000000 0.780972 1.995588 798.235268 -0.855592 2.005566 200.000000 2.005566 1.054191 421.676546 0.203606 1.406967 200.000000 1.406967 0.586592 234.636818 0.875352 0.982642 200.000000 0.982642
 2.600000 -0.999872 -0.016003 0.908471 0.417949 -1.586800 1.139610 -0.016003 -0.999872 0.417949 0.908471 0.944566 377.826512 0.081186 0.602520 200.000000 0.602520 4.685482 1874.192744 -0.783412 4.507787 200.000000 4.507787 5.789349 2315.739625 0.177338 1.621482 200.000000 1.621482 0.620343 248.137230 0.829709 2.051527 200.000000 2.051527
 2.800000 -0.998723 0.050522 0.981072 0.193643 -1.520253 1.375922 0.050522 -0.998723 0.193643 0.981072 0.371798 148.719189 0.111497 0.378114 200.000000 0.378114 8.265098 3306.039241 -0.711232 7.984211 200.000000 7.984211 0.181245 72.497906 0.151070 1.830771 200.000000 1.830771 3.881170 1552.467856 0.784065 3.595027 200.000000 3.595027
 3.000000 -0.989983 0.141187 0.970190 0.242345 -1.429136 1.326014 0.141187 -0.989983 0.242345 0.970190 0.000039 0.015434 0.141808 -0.013957 200.000000 -0.013957 12.315252 4926.100878 -0.639052 12.378561 200.000000 12.378561 1.381633 552.653389 0.124802 2.086789 200.000000 2.086789 5.371658 2148.663240 0.738422 5.601764 200.000000 5.601764
 3.200000 -0.973346 0.229341 0.999051 0.043552 -1.339396 1.527231 0.229341 -0.973346 0.043552 0.999051 0.327433 130.973075 0.172119 -0.477859 200.000000 -0.477859 16.522134 6608.853486 -0.566872 17.658037 200.000000 17.658037 0.302304 120.921511 0.098534 2.351868 200.000000 2.351868 9.380308 3752.123240 0.692778 8.053966 200.000000 8.053966
 3.400000 -0.925371 0.379063 0.997818 0.066022 -1.182013 1.504726 0.379063 -0.925371 0.066022 0.997818 3.119931 1247.972256 0.202430 -1.142207 200.000000 -1.142207 18.548437 7419.374821 -0.494692 23.709407 200.000000 23.709407 0.003898 1.559359 0.072266 2.558123 200.000000 2.558123 12.297880 4919.151960 0.647135 10.967082 200.000000 10.967082
 3.600000 -0.796439 0.604719 0.999992 0.004075 -0.921384 1.566721 0.604719 -0.796439 0.004075 0.999992 13.836742 5534.696773 0.232741 -2.196415 200.000000 -2.196415 13.982178 5592.871131 -0.422512 30.308074 200.000000 30.308074 0.175754 70.301558 0.045998 2.755932 200.000000 2.755932 15.880253 6352.101141 0.601491 14.311098 200.000000 14.311098
 3.800000 -0.802189 0.597070 0.999418 -0.034111 -0.930953 1.604914 0.597070 -0.802189 -0.034111 0.999418 11.156813 4462.725210 0.263052 -3.606633 200.000000 -3.606633 20.417525 8167.009973 -0.350332 37.303705 200.000000 37.303705 0.289889 115.955662 0.019730 3.057127 200.000000 3.057127 19.675448 7870.179295 0.555848 18.094050 200.000000 18.094050
 4.000000 -0.776624 0.629965 0.998534 -0.054134 -0.889289 1.624957 0.629965 -0.776624 -0.054134 0.998534 11.330093 4532.037054 0.293363 -5.391764 200.000000 -5.391764 24.847454 9938.981699 -0.278152 44.545768 200.000000 44.545768 0.226537 90.614692 -0.006538 3.182406 200.000000 3.182406 23.846547 9538.618854 0.510204 22.320358 200.000000 22.320358
 4.200000 -0.675215 0.737621 0.998560 -0.053652 -0.741256 1.624475 0.737621 -0.675215 -0.053652 0.998560 17.135264 6854.105697 0.323674 -7.867620 200.000000 -7.867620 22.018923 8807.569372 -0.205971 50.984252 200.000000 50.984252 0.043457 17.382777 -0.032806 2.893156 200.000000 2.893156 28.515463 11406.185203 0.464561 26.959528 200.000000 26.959528
 4.400000 -0.613785 0.789474 0.971375 -0.237553 -0.660846 1.810642 0.789474 -0.613785 -0.237553 0.971375 18.965067 7586.026785 0.353985 -10.782111 200.000000 -10.782111 23.039352 9215.740736 -0.133791 56.714650 200.000000 56.714650 3.185460 1274.184171 -0.059074 2.576365 200.000000 2.576365 30.520891 12208.356399 0.418917 31.980393 200.000000 31.980393
 4.600000 -0.001069 0.999999 0.998013 -0.063006 -0.001069 1.633844 0.999999 -0.001069 -0.063006 0.998013 37.909137 15163.654876 0.384295 -14.148847 200.000000 -14.148847 0.366538 146.615053 -0.061611 60.550227 200.000000 60.550227 0.049890 19.955834 -0.085342 1.926314 200.000000 1.926314 39.029896 15611.958229 0.373274 37.288643 200.000000 37.288643
 4.800000 0.095037 0.995474 0.950973 -0.309273 0.095181 1.885224 0.995474 0.095037 -0.309273 0.950973 33.740690 13496.275946 0.414606 -17.703622 200.000000 -17.703622 0.713485 285.393834 0.010569 61.916671 200.000000 61.916671 3.907039 1562.815550 -0.111610 1.213524 200.000000 1.213524 38.855635 15542.254155 0.327631 42.893365 200.000000 42.893365
 5.000000 0.154548 0.987985 0.946325 -0.323217 0.155170 1.899924 0.987985 0.154548 -0.323217 0.946325 29.492283 11796.913373 0.444917 -21.103142 200.000000 -21.103142 0.515510 206.203803 0.082749 63.047596 200.000000 63.047596 3.435053 1374.021225 -0.137878 0.227607 200.000000 0.227607 44.134458 17653.783183 0.281987 48.755100 200.000000 48.755100
 5.200000 0.394237 0.919009 0.866176 -0.499739 0.405238 2.094094 0.919009 0.394237 -0.499739 0.866176 19.694118 7877.647253 0.475228 -24.224706 200.000000 -24.224706 5.726832 2290.732931 0.154929 61.992143 200.000000 61.992143 11.262265 4504.905853 -0.164146 -1.299766 200.000000 -1.299766 39.668865 15867.545952 0.236344 54.558483 200.000000 54.558483
 5.400000 0.451636 0.892202 0.812086 -0.583538 0.468598 2.193875 0.892202 0.451636 -0.583538 0.812086 14.950830 5980.331948 0.505539 -26.866469 200.000000 -26.866469 5.041241 2016.496250 0.227109 59.574727 200.000000 59.574727 15.454598 6181.839089 -0.190414 -3.010500 200.000000 -3.010500 38.612040 15444.815841 0.190700 60.480239 200.000000 60.480239
 5.600000 0.380997 0.924576 0.655001 -0.755628 0.390875 2.427409 0.924576 0.380997 -0.755628 0.655001 15.110801 6044.320578 0.535850 -29.182404 200.000000 -29.182404 0.667618 267.047259 0.299289 57.357945 200.000000 57.357945 29.046257 11618.502956 -0.216682 -5.457887 200.000000 -5.457887 26.004296 10401.718386 0.145057 65.696173 200.000000 65.696173
 5.800000 0.591321 0.806436 0.472786 -0.881177 0.632696 2.649143 0.806436 0.591321 -0.881177 0.472786 5.773219 2309.287691 0.566161 -31.058924 200.000000 -31.058924 4.833478 1933.391265 0.371469 55.037063 200.000000 55.037063 40.733366 16293.346259 -0.242950 -8.473952 200.000000 -8.473952 13.940704 5576.281437 0.099413 69.960807 200.000000 69.960807
 6.000000 0.622075 0.782958 -0.147503 -0.989062 0.671390 -2.993549 0.782958 0.622075 -0.989062 -0.147503 3.477695 1391.077875 0.596472 -32.168638 200.000000 -32.168638 3.183567 1273.426648 0.443649 51.660377 200.000000 51.660377 51.817408 20726.963039 -0.269218 -12.245455 200.000000 -12.245455 4.051080 1620.431833 0.053770 70.423946 200.000000 70.423946
 6.200000 0.650576 0.759441 0.143244 -0.989687 0.708343 2.997854 0.759441 0.650576 -0.989687 0.143244 1.759822 703.928704 0.626783 -32.923192 200.000000 -32.923192 1.815663 726.265038 0.515830 48.849402 200.000000 48.849402 48.191489 19276.595577 -0.295487 -15.987556 200.000000 -15.987556 1.825673 730.269191 0.008126 70.461983 200.000000 70.461983
 6.400000 0.752294 0.658827 -0.350572 -0.936536 0.851537 -2.783411 0.658827 0.752294 -0.936536 -0.350572 0.000301 0.120223 0.657094 -33.346369 200.000000 -33.346369 2.698939 1079.575760 0.588010 46.711180 200.000000 46.711180 37.795611 15118.244553 -0.321755 -19.427808 200.000000 -19.427808 9.800308 3920.123287 -0.037517 68.911506 200.000000 68.911506
 6.600000 0.692003 0.721895 -0.229170 -0.973387 0.764260 -2.910368 0.721895 0.692003 -0.973387 -0.229170 0.118957 47.582601 0.687405 -33.578659 200.000000 -33.578659 0.101208 40.483051 0.660190 45.595466 200.000000 45.595466 39.108001 15643.200580 -0.348023 -22.798491 200.000000 -22.798491 2.131860 852.743843 -0.083161 67.666197 200.000000 67.666197
 6.800000 0.735787 0.677213 -0.532764 -0.846264 0.826829 -2.579729 0.677213 0.735787 -0.846264 -0.532764 0.089367 35.746637 0.707107 -33.528950 200.000000 -33.528950 0.082258 32.903246 0.707107 45.193105 200.000000 45.193105 22.275842 8910.336681 -0.374291 -25.696051 200.000000 -25.696051 16.318399 6527.359595 -0.128804 65.039065 200.000000 65.039065
 7.000000 0.707495 0.706718 -0.508860 -0.860850 0.785948 -2.607733 0.706718 0.707495 -0.860850 -0.508860 0.000015 0.006043 0.707107 -33.528950 200.000000 -33.528950 0.000015 0.006037 0.707107 45.193105 200.000000 45.193105 21.186765 8474.706098 -0.400559 -28.614249 200.000000 -28.614249 11.183140 4473.255913 -0.174448 63.607539 200.000000 63.607539
 7.200000 0.761422 0.648256 -0.436604 -0.899654 0.865504 -2.689772 0.648256 0.761422 -0.899654 -0.436604 0.346337 138.534680 0.707107 -33.528950 200.000000 -33.528950 0.295016 118.006216 0.707107 45.193105 200.000000 45.193105 22.356542 8942.616603 -0.426827 -30.752697 200.000000 -30.752697 4.687787 1875.114655 -0.220091 60.313020 200.000000 60.313020
 7.400000 0.693141 0.720802 -0.621306 -0.783568 0.765837 -2.471184 0.720802 0.693141 -0.783568 -0.621306 0.018756 7.502486 0.707107 -33.528950 200.000000 -33.528950 0.019505 7.801830 0.707107 45.193105 200.000000 45.193105 10.921254 4368.501648 -0.453095 -33.073209 200.000000 -33.073209 12.643113 5057.245035 -0.265734 58.266865 200.000000 58.266865
 7.600000 0.725990 0.687705 -0.557310 -0.830305 0.812473 -2.550451 0.687705 0.725990 -0.830305 -0.557310 0.037641 15.056518 0.707107 -33.528950 200.000000 -33.528950 0.035657 14.262810 0.707107 45.193105 200.000000 45.193105 12.316026 4926.410276 -0.479363 -34.919997 200.000000 -34.919997 6.048236 2419.294322 -0.311378 55.804922 200.000000 55.804922
 7.800000 0.747910 0.663800 -0.653244 -0.757147 0.844908 -2.429731 0.663800 0.747910 -0.757147 -0.653244 0.187545 75.018094 0.707107 -33.528950 200.000000 -33.528950 0.166489 66.595691 0.707107 45.193105 200.000000 45.193105 6.326044 2530.417559 -0.505631 -36.508074 200.000000 -36.508074 8.774803 3509.921051 -0.357021 53.380363 200.000000 53.380363
 8.000000 0.786562 0.617511 -0.602926 -0.797797 0.905222 -2.494430 0.617511 0.786562 -0.797797 -0.602926 0.802737 321.094851 0.707107 -33.528950 200.000000 -33.528950 0.631315 252.525916 0.707107 45.193105 200.000000 45.193105 7.070200 2828.080175 -0.531899 -38.040381 200.000000 -38.040381 4.010436 1604.174437 -0.402665 51.527424 200.000000 51.527424
 8.200000 0.739720 0.672915 -0.634665 -0.772787 0.832654 -2.454018 0.672915 0.739720 -0.772787 -0.634665 0.116910 46.764070 0.707107 -33.528950 200.000000 -33.528950 0.106363 42.545223 0.707107 45.193105 200.000000 45.193105 4.606196 1842.478316 -0.558167 -39.142874 200.000000 -39.142874 3.472877 1389.150622 -0.448308 49.445056 200.000000 49.445056
 8.400000 0.695472 0.718553 -0.735271 -0.677773 0.769076 -2.315526 0.718553 0.695472 -0.677773 -0.735271 0.013102 5.240972 0.707107 -33.528950 200.000000 -33.528950 0.013537 5.414888 0.707107 45.193105 200.000000 45.193105 0.871197 348.478915 -0.584435 -40.232800 200.000000 -40.232800 5.823507 2329.402970 -0.493952 48.040780 200.000000 48.040780
 8.600000 0.740260 0.672321 -0.612669 -0.790340 0.833457 -2.482159 0.672321 0.740260 -0.790340 -0.612669 0.121008 48.403120 0.707107 -33.528950 200.000000 -33.528950 0.109914 43.965680 0.707107 45.193105 200.000000 45.193105 3.226926 1290.770415 -0.610703 -41.000115 200.000000 -41.000115 0.533979 213.591428 -0.539595 46.698329 200.000000 46.698329
 8.800000 0.706275 0.707938 -0.767003 -0.641643 0.784222 -2.267435 0.707938 0.706275 -0.641643 -0.767003 0.000069 0.027630 0.707107 -33.528950 200.000000 -33.528950 0.000069 0.027695 0.707107 45.193105 200.000000 45.193105 0.002183 0.873187 -0.636971 -41.511824 200.000000 -41.511824 3.303831 1321.532219 -0.585239 45.521895 200.000000 45.521895
 9.000000 0.723459 0.690367 -0.718991 -0.695019 0.808800 -2.339242 0.690367 0.723459 -0.695019 -0.718991 0.028021 11.208331 0.707107 -33.528950 200.000000 -33.528950 0.026739 10.695790 0.707107 45.193105 200.000000 45.193105 0.100995 40.398032 -0.663239 -41.973556 200.000000 -41.973556 0.776325 310.529942 -0.630882 44.939248 200.000000 44.939248
 9.200000 0.672455 0.740138 -0.695612 -0.718418 0.737521 -2.372321 0.740138 0.672455 -0.718418 -0.695612 0.109106 43.642292 0.707107 -33.528950 200.000000 -33.528950 0.120074 48.029619 0.707107 45.193105 200.000000 45.193105 0.083581 33.432390 -0.689507 -42.103511 200.000000 -42.103511 0.036429 14.571695 -0.676526 44.414210 200.000000 44.414210
 9.400000 0.685897 0.727698 -0.766873 -0.641799 0.755836 -2.267639 0.727698 0.685897 -0.641799 -0.766873 0.042402 16.960665 0.707107 -33.528950 200.000000 -33.528950 0.044985 17.993849 0.707107 45.193105 200.000000 45.193105 0.426506 170.602519 -0.707107 -42.156173 200.000000 -42.156173 0.357196 142.878228 -0.707107 44.364262 200.000000 44.364262
 9.600000 0.760891 0.648880 -0.730900 -0.682484 0.864685 -2.321953 0.648880 0.760891 -0.682484 -0.730900 0.339038 135.615281 0.707107 -33.528950 200.000000 -33.528950 0.289274 115.709402 0.707107 45.193105 200.000000 45.193105 0.060626 24.250363 -0.707107 -42.156173 200.000000 -42.156173 0.056612 22.644902 -0.707107 44.364262 200.000000 44.364262
 9.800000 0.738766 0.673962 -0.717356 -0.696707 0.831238 -2.341593 0.673962 0.738766 -0.696707 -0.717356 0.109857 43.942923 0.707107 -33.528950 200.000000 -33.528950 0.100230 40.092160 0.707107 45.193105 200.000000 45.193105 0.010816 4.326342 -0.707107 -42.156173 200.000000 -42.156173 0.010505 4.201822 -0.707107 44.364262 200.000000 44.364262
 10.000000 0.731400 0.681949 -0.789549 -0.613688 0.820373 -2.231519 0.681949 0.731400 -0.613688 -0.789549 0.063293 25.317200 0.707107 -33.528950 200.000000 -33.528950 0.059016 23.606467 0.707107 45.193105 200.000000 45.193105 0.872714 349.085641 -0.707107 -42.156173 200.000000 -42.156173 0.679671 271.868321 -0.707107 44.364262 200.000000 44.364262
 10.200000 0.759206 0.650850 -0.759182 -0.650878 0.862093 -2.279537 0.650850 0.759206 -0.650878 -0.759182 0.316484 126.593752 0.707107 -33.528950 200.000000 -33.528950 0.271438 108.575175 0.707107 45.193105 200.000000 45.193105 0.316168 126.467212 -0.707107 -42.156173 200.000000 -42.156173 0.271187 108.474705 -0.707107 44.364262 200.000000 44.364262
 10.400000 0.738724 0.674008 -0.756209 -0.654330 0.831175 -2.284092 0.674008 0.738724 -0.654330 -0.756209 0.109550 43.820197 0.707107 -33.528950 200.000000 -33.528950 0.099963 39.985207 0.707107 45.193105 200.000000 45.193105 0.278542 111.416624 -0.707107 -42.156173 200.000000 -42.156173 0.241106 96.442502 -0.707107 44.364262 200.000000 44.364262
 10.600000 0.720038 0.693934 -0.740028 -0.672576 0.803857 -2.308481 0.693934 0.720038 -0.672576 -0.740028 0.017351 6.940504 0.707107 -33.528950 200.000000 -33.528950 0.016722 6.688929 0.707107 45.193105 200.000000 45.193105 0.119234 47.693686 -0.707107 -42.156173 200.000000 -42.156173 0.108378 43.351281 -0.707107 44.364262 200.000000 44.364262
 10.800000 0.747838 0.663881 -0.708106 -0.706106 0.844800 -2.354780 0.663881 0.747838 -0.706106 -0.708106 0.186845 74.737953 0.707107 -33.528950 200.000000 -33.528950 0.165903 66.361389 0.707107 45.193105 200.000000 45.193105 0.000100 0.040068 -0.707107 -42.156173 200.000000 -42.156173 0.000100 0.039955 -0.707107 44.364262 200.000000 44.364262
 11.000000 0.681778 0.731559 -0.721872 -0.692026 0.750190 -2.335089 0.731559 0.681778 -0.692026 -0.721872 0.059793 23.917351 0.707107 -33.528950 200.000000 -33.528950 0.064157 25.662619 0.707107 45.193105 200.000000 45.193105 0.022742 9.096815 -0.707107 -42.156173 200.000000 -42.156173 0.021802 8.720788 -0.707107 44.364262 200.000000 44.364262
 11.200000 0.694581 0.719415 -0.725118 -0.688625 0.767837 -2.330387 0.719415 0.694581 -0.688625 -0.725118 0.015149 6.059461 0.707107 -33.528950 200.000000 -33.528950 0.015690 6.276077 0.707107 45.193105 200.000000 45.193105 0.034159 13.663648 -0.707107 -42.156173 200.000000 -42.156173 0.032441 12.976212 -0.707107 44.364262 200.000000 44.364262
 11.400000 0.741132 0.671359 -0.680760 -0.732507 0.834755 -2.392794 0.671359 0.741132 -0.732507 -0.680760 0.127787 51.114955 0.707107 -33.528950 200.000000 -33.528950 0.115771 46.308416 0.707107 45.193105 200.000000 45.193105 0.064517 25.806825 -0.707107 -42.156173 200.000000 -42.156173 0.069418 27.767150 -0.707107 44.364262 200.000000 44.364262
 11.600000 0.707647 0.706566 -0.690672 -0.723168 0.786163 -2.379174 0.706566 0.707647 -0.723168 -0.690672 0.000029 0.011711 0.707107 -33.528950 200.000000 -33.528950 0.000029 0.011693 0.707107 45.193105 200.000000 45.193105 0.025796 10.318292 -0.707107 -42.156173 200.000000 -42.156173 0.027009 10.803627 -0.707107 44.364262 200.000000 44.364262
 11.800000 0.748000 0.663698 -0.679309 -0.733852 0.845044 -2.394772 0.663698 0.748000 -0.733852 -0.679309 0.188429 75.371504 0.707107 -33.528950 200.000000 -33.528950 0.167228 66.891164 0.707107 45.193105 200.000000 45.193105 0.071532 28.612646 -0.707107 -42.156173 200.000000 -42.156173 0.077271 30.908230 -0.707107 44.364262 200.000000 44.364262
 12.000000 0.717370 0.696693 -0.717670 -0.696383 0.800020 -2.341141 0.696693 0.717370 -0.696383 -0.717670 0.010846 4.338282 0.707107 -33.528950 200.000000 -33.528950 0.010533 4.213249 0.707107 45.193105 200.000000 45.193105 0.011500 4.600120 -0.707107 -42.156173 200.000000 -42.156173 0.011159 4.463685 -0.707107 44.364262 200.000000 44.364262
 12.200000 0.747160 0.664644 -0.686611 -0.727025 0.843778 -2.384776 0.664644 0.747160 -0.727025 -0.686611 0.180305 72.121983 0.707107 -33.528950 200.000000 -33.528950 0.160424 64.169748 0.707107 45.193105 200.000000 45.193105 0.039674 15.869750 -0.707107 -42.156173 200.000000 -42.156173 0.042009 16.803463 -0.707107 44.364262 200.000000 44.364262
 12.400000 0.724017 0.689782 -0.665061 -0.746789 0.809608 -2.414017 0.689782 0.724017 -0.746789 -0.665061 0.030014 12.005411 0.707107 -33.528950 200.000000 -33.528950 0.028595 11.437910 0.707107 45.193105 200.000000 45.193105 0.157467 62.986685 -0.707107 -42.156173 200.000000 -42.156173 0.176783 70.713227 -0.707107 44.364262 200.000000 44.364262
 12.600000 0.719991 0.693983 -0.682847 -0.730561 0.803789 -2.389940 0.693983 0.719991 -0.730561 -0.682847 0.017222 6.888827 0.707107 -33.528950 200.000000 -33.528950 0.016600 6.640031 0.707107 45.193105 200.000000 45.193105 0.055012 22.004825 -0.707107 -42.156173 200.000000 -42.156173 0.058854 23.541523 -0.707107 44.364262 200.000000 44.364262
 12.800000 0.712932 0.701233 -0.754097 -0.656763 0.793671 -2.287314 0.701233 0.712932 -0.656763 -0.754097 0.003450 1.379945 0.707107 -33.528950 200.000000 -33.528950 0.003393 1.357302 0.707107 45.193105 200.000000 45.193105 0.253452 101.380879 -0.707107 -42.156173 200.000000 -42.156173 0.220811 88.324252 -0.707107 44.364262 200.000000 44.364262
 13.000000 0.651482 0.758664 -0.668452 -0.743755 0.709536 -2.409467 0.758664 0.651482 -0.743755 -0.668452 0.265816 106.326551 0.707107 -33.528950 200.000000 -33.528950 0.309413 123.765030 0.707107 45.193105 200.000000 45.193105 0.134310 53.724090 -0.707107 -42.156173 200.000000 -42.156173 0.149418 59.767189 -0.707107 44.364262 200.000000 44.364262
 13.200000 0.720322 0.693640 -0.691174 -0.722688 0.804266 -2.378480 0.693640 0.720322 -0.722688 -0.691174 0.018135 7.254016 0.707107 -33.528950 200.000000 -33.528950 0.017463 6.985365 0.707107 45.193105 200.000000 45.193105 0.024278 9.711094 -0.707107 -42.156173 200.000000 -42.156173 0.025384 10.153755 -0.707107 44.364262 200.000000 44.364262
 13.400000 0.666304 0.745680 -0.640366 -0.768070 0.729242 -2.446618 0.745680 0.666304 -0.768070 -0.640366 0.148788 59.515091 0.707107 -33.528950 200.000000 -33.528950 0.166483 66.593146 0.707107 45.193105 200.000000 45.193105 0.371652 148.660715 -0.707107 -42.156173 200.000000 -42.156173 0.445435 178.174055 -0.707107 44.364262 200.000000 44.364262
 13.600000 0.691137 0.722724 -0.687634 -0.726057 0.763061 -2.383367 0.722724 0.691137 -0.726057 -0.687634 0.024389 9.755611 0.707107 -33.528950 200.000000 -33.528950 0.025503 10.201354 0.707107 45.193105 200.000000 45.193105 0.035912 14.364621 -0.707107 -42.156173 200.000000 -42.156173 0.037917 15.166964 -0.707107 44.364262 200.000000 44.364262
 13.800000 0.725354 0.688376 -0.679788 -0.733409 0.811549 -2.394119 0.688376 0.725354 -0.733409 -0.679788 0.035086 14.034259 0.707107 -33.528950 200.000000 -33.528950 0.033298 13.319026 0.707107 45.193105 200.000000 45.193105 0.069179 27.671459 -0.707107 -42.156173 200.000000 -42.156173 0.074631 29.852506 -0.707107 44.364262 200.000000 44.364262
 14.000000 0.711331 0.702858 -0.700548 -0.713606 0.791389 -2.365428 0.702858 0.711331 -0.713606 -0.700548 0.001806 0.722219 0.707107 -33.528950 200.000000 -33.528950 0.001784 0.713616 0.707107 45.193105 200.000000 45.193105 0.004223 1.689335 -0.707107 -42.156173 200.000000 -42.156173 0.004302 1.720821 -0.707107 44.364262 200.000000 44.364262
 14.200000 0.749577 0.661917 -0.724751 -0.689011 0.847422 -2.330920 0.661917 0.749577 -0.689011 -0.724751 0.204208 81.683044 0.707107 -33.528950 200.000000 -33.528950 0.180370 72.147911 0.707107 45.193105 200.000000 45.193105 0.032745 13.097997 -0.707107 -42.156173 200.000000 -42.156173 0.031131 12.452299 -0.707107 44.364262 200.000000 44.364262
 14.400000 0.741141 0.671349 -0.685954 -0.727645 0.834768 -2.385679 0.671349 0.741141 -0.727645 -0.685954 0.127859 51.143478 0.707107 -33.528950 200.000000 -33.528950 0.115833 46.333008 0.707107 45.193105 200.000000 45.193105 0.042183 16.873345 -0.707107 -42.156173 200.000000 -42.156173 0.044746 17.898438 -0.707107 44.364262 200.000000 44.364262
 14.600000 0.687627 0.726064 -0.692619 -0.721303 0.758216 -2.376479 0.726064 0.687627 -0.721303 -0.692619 0.035938 14.375302 0.707107 -33.528950 200.000000 -33.528950 0.037946 15.178552 0.707107 45.193105 200.000000 45.193105 0.020154 8.061700 -0.707107 -42.156173 200.000000 -42.156173 0.020989 8.395496 -0.707107 44.364262 200.000000 44.364262
 14.800000 0.733148 0.680069 -0.747327 -0.664457 0.822939 -2.297563 0.680069 0.733148 -0.664457 -0.747327 0.073102 29.240753 0.707107 -33.528950 200.000000 -33.528950 0.067813 27.125224 0.707107 45.193105 200.000000 45.193105 0.181903 72.761007 -0.707107 -42.156173 200.000000 -42.156173 0.161764 64.705742 -0.707107 44.364262 200.000000 44.364262
 15.000000 0.717157 0.696911 -0.730768 -0.682626 0.799715 -2.322147 0.696911 0.717157 -0.682626 -0.730768 0.010395 4.157974 0.707107 -33.528950 200.000000 -33.528950 0.010102 4.040602 0.707107 45.193105 200.000000 45.193105 0.059930 23.971863 -0.707107 -42.156173 200.000000 -42.156173 0.055984 22.393533 -0.707107 44.364262 200.000000 44.364262
 15.200000 0.768604 0.639724 -0.739805 -0.672821 0.876657 -2.308812 0.639724 0.768604 -0.672821 -0.739805 0.454037 181.614965 0.707107 -33.528950 200.000000 -33.528950 0.378195 151.277844 0.707107 45.193105 200.000000 45.193105 0.117549 47.019538 -0.707107 -42.156173 200.000000 -42.156173 0.106917 42.766847 -0.707107 44.364262 200.000000 44.364262
 15.400000 0.724645 0.689123 -0.739331 -0.673343 0.810518 -2.309517 0.689123 0.724645 -0.673343 -0.739331 0.032342 12.936885 0.707107 -33.528950 200.000000 -33.528950 0.030757 12.302921 0.707107 45.193105 200.000000 45.193105 0.114001 45.600571 -0.707107 -42.156173 200.000000 -42.156173 0.103837 41.534796 -0.707107 44.364262 200.000000 44.364262
 15.600000 0.713393 0.700764 -0.760150 -0.649747 0.794328 -2.278048 0.700764 0.713393 -0.649747 -0.760150 0.004023 1.609123 0.707107 -33.528950 200.000000 -33.528950 0.003952 1.580639 0.707107 45.193105 200.000000 45.193105 0.329010 131.604170 -0.707107 -42.156173 200.000000 -42.156173 0.281361 112.544320 -0.707107 44.364262 200.000000 44.364262
 15.800000 0.782703 0.622395 -0.645032 -0.764156 0.898998 -2.440527 0.622395 0.782703 -0.764156 -0.645032 0.717612 287.044896 0.707107 -33.528950 200.000000 -33.528950 0.571486 228.594414 0.707107 45.193105 200.000000 45.193105 0.325456 130.182409 -0.707107 -42.156173 200.000000 -42.156173 0.385327 154.130990 -0.707107 44.364262 200.000000 44.364262
 16.000000 0.706476 0.707737 -0.725069 -0.688676 0.784506 -2.330458 0.707737 0.706476 -0.688676 -0.725069 0.000040 0.015906 0.707107 -33.528950 200.000000 -33.528950 0.000040 0.015934 0.707107 45.193105 200.000000 45.193105 0.033969 13.587571 -0.707107 -42.156173 200.000000 -42.156173 0.032264 12.905798 -0.707107 44.364262 200.000000 44.364262
 16.200000 0.718490 0.695538 -0.719192 -0.694811 0.801628 -2.338953 0.695538 0.718490 -0.694811 -0.719192 0.013385 5.353824 0.707107 -33.528950 200.000000 -33.528950 0.012957 5.182819 0.707107 45.193105 200.000000 45.193105 0.015119 6.047559 -0.707107 -42.156173 200.000000 -42.156173 0.014606 5.842569 -0.707107 44.364262 200.000000 44.364262
 16.400000 0.712402 0.701772 -0.684961 -0.728580 0.792914 -2.387043 0.701772 0.712402 -0.728580 -0.684961 0.002846 1.138348 0.707107 -33.528950 200.000000 -33.528950 0.002803 1.121363 0.707107 45.193105 200.000000 45.193105 0.046110 18.444089 -0.707107 -42.156173 200.000000 -42.156173 0.049045 19.618062 -0.707107 44.364262 200.000000 44.364262
 16.600000 0.711798 0.702384 -0.696543 -0.717515 0.792055 -2.371025 0.702384 0.711798 -0.717515 -0.696543 0.002230 0.892101 0.707107 -33.528950 200.000000 -33.528950 0.002201 0.880303 0.707107 45.193105 200.000000 45.193105 0.010833 4.333296 -0.707107 -42.156173 200.000000 -42.156173 0.011159 4.463752 -0.707107 44.364262 200.000000 44.364262
 16.800000 0.702920 0.711269 -0.677719 -0.735321 0.779495 -2.396936 0.711269 0.702920 -0.735321 -0.677719 0.001732 0.692916 0.707107 -33.528950 200.000000 -33.528950 0.001753 0.701146 0.707107 45.193105 200.000000 45.193105 0.079602 31.840929 -0.707107 -42.156173 200.000000 -42.156173 0.086362 34.544840 -0.707107 44.364262 200.000000 44.364262
 17.000000 0.648361 0.761333 -0.654607 -0.755969 0.705430 -2.427930 0.761333 0.648361 -0.755969 -0.654607 0.294049 117.619599 0.707107 -33.528950 200.000000 -33.528950 0.345107 138.042759 0.707107 45.193105 200.000000 45.193105 0.238754 95.501685 -0.707107 -42.156173 200.000000 -42.156173 0.275622 110.248603 -0.707107 44.364262 200.000000 44.364262
 17.200000 0.744913 0.667161 -0.693456 -0.720499 0.840405 -2.375318 0.667161 0.744913 -0.720499 -0.693456 0.159563 63.825387 0.707107 -33.528950 200.000000 -33.528950 0.142933 57.173034 0.707107 45.193105 200.000000 45.193105 0.017935 7.174028 -0.707107 -42.156173 200.000000 -42.156173 0.018634 7.453744 -0.707107 44.364262 200.000000 44.364262
 17.400000 0.701430 0.712738 -0.627097 -0.778941 0.777403 -2.463772 0.712738 0.701430 -0.778941 -0.627097 0.003171 1.268363 0.707107 -33.528950 200.000000 -33.528950 0.003222 1.288808 0.707107 45.193105 200.000000 45.193105 0.516018 206.407075 -0.707107 -42.156173 200.000000 -42.156173 0.640156 256.062430 -0.707107 44.364262 200.000000 44.364262
 17.600000 0.769612 0.638512 -0.698143 -0.715958 0.878234 -2.368792 0.638512 0.769612 -0.715958 -0.698143 0.470530 188.211998 0.707107 -33.528950 200.000000 -33.528950 0.390693 156.277122 0.707107 45.193105 200.000000 45.193105 0.007834 3.133736 -0.707107 -42.156173 200.000000 -42.156173 0.008034 3.213694 -0.707107 44.364262 200.000000 44.364262
 17.800000 0.719194 0.694809 -0.733879 -0.679280 0.802642 -2.317578 0.694809 0.719194 -0.679280 -0.733879 0.015123 6.049302 0.707107 -33.528950 200.000000 -33.528950 0.014611 5.844223 0.707107 45.193105 200.000000 45.193105 0.077432 30.972906 -0.707107 -42.156173 200.000000 -42.156173 0.071676 28.670246 -0.707107 44.364262 200.000000 44.364262
 18.000000 0.752169 0.658970 -0.663904 -0.747817 0.851347 -2.415565 0.658970 0.752169 -0.747817 -0.663904 0.231713 92.685184 0.707107 -33.528950 200.000000 -33.528950 0.203061 81.224285 0.707107 45.193105 200.000000 45.193105 0.165736 66.294260 -0.707107 -42.156173 200.000000 -42.156173 0.186644 74.657707 -0.707107 44.364262 200.000000 44.364262
 18.200000 0.784969 0.619535 -0.725849 -0.687854 0.902646 -2.329325 0.619535 0.784969 -0.687854 -0.725849 0.766874 306.749746 0.707107 -33.528950 200.000000 -33.528950 0.606248 242.499159 0.707107 45.193105 200.000000 45.193105 0.037065 14.826190 -0.707107 -42.156173 200.000000 -42.156173 0.035126 14.050391 -0.707107 44.364262 200.000000 44.364262
 18.400000 0.760959 0.648800 -0.740532 -0.672022 0.864790 -2.307732 0.648800 0.760959 -0.672022 -0.740532 0.339968 135.987086 0.707107 -33.528950 200.000000 -33.528950 0.290006 116.002234 0.707107 45.193105 200.000000 45.193105 0.123098 49.239024 -0.707107 -42.156173 200.000000 -42.156173 0.111722 44.688789 -0.707107 44.364262 200.000000 44.364262
 18.600000 0.732053 0.681248 -0.714797 -0.699332 0.821330 -2.345259 0.681248 0.732053 -0.699332 -0.714797 0.066868 26.747230 0.707107 -33.528950 200.000000 -33.528950 0.062230 24.892114 0.707107 45.193105 200.000000 45.193105 0.006045 2.417844 -0.707107 -42.156173 200.000000 -42.156173 0.005914 2.365536 -0.707107 44.364262 200.000000 44.364262
 18.800000 0.773547 0.633739 -0.742360 -0.670001 0.884419 -2.305006 0.633739 0.773547 -0.670001 -0.742360 0.538281 215.312339 0.707107 -33.528950 200.000000 -33.528950 0.441428 176.571150 0.707107 45.193105 200.000000 45.193105 0.137685 55.074000 -0.707107 -42.156173 200.000000 -42.156173 0.124281 49.712507 -0.707107 44.364262 200.000000 44.364262
 19.000000 0.695597 0.718432 -0.718156 -0.695882 0.769251 -2.340444 0.718432 0.695597 -0.695882 -0.718156 0.012826 5.130551 0.707107 -33.528950 200.000000 -33.528950 0.013247 5.298954 0.707107 45.193105 200.000000 45.193105 0.012599 5.039400 -0.707107 -42.156173 200.000000 -42.156173 0.012208 4.883125 -0.707107 44.364262 200.000000 44.364262
 19.200000 0.769330 0.638851 -0.724915 -0.688838 0.877792 -2.330682 0.638851 0.769330 -0.688838 -0.724915 0.465885 186.353841 0.707107 -33.528950 200.000000 -33.528950 0.387179 154.871417 0.707107 45.193105 200.000000 45.193105 0.033373 13.349294 -0.707107 -42.156173 200.000000 -42.156173 0.031713 12.685158 -0.707107 44.364262 200.000000 44.364262
 19.400000 0.724429 0.689349 -0.752611 -0.658465 0.810206 -2.289574 0.689349 0.724429 -0.658465 -0.752611 0.031533 12.613058 0.707107 -33.528950 200.000000 -33.528950 0.030006 12.002467 0.707107 45.193105 200.000000 45.193105 0.236601 94.640281 -0.707107 -42.156173 200.000000 -42.156173 0.207065 82.826112 -0.707107 44.364262 200.000000 44.364262
 19.600000 0.746340 0.665564 -0.725002 -0.688747 0.842546 -2.330556 0.665564 0.746340 -0.688747 -0.725002 0.172576 69.030538 0.707107 -33.528950 200.000000 -33.528950 0.153927 61.570950 0.707107 45.193105 200.000000 45.193105 0.033708 13.483213 -0.707107 -42.156173 200.000000 -42.156173 0.032023 12.809183 -0.707107 44.364262 200.000000 44.364262
 19.800000 0.689001 0.724760 -0.720312 -0.693650 0.760110 -2.337340 0.724760 0.689001 -0.693650 -0.720312 0.031165 12.466029 0.707107 -33.528950 200.000000 -33.528950 0.032782 13.112808 0.707107 45.193105 200.000000 45.193105 0.018109 7.243570 -0.707107 -42.156173 200.000000 -42.156173 0.017439 6.975494 -0.707107 44.364262 200.000000 44.364262
 20.000000 0.737128 0.675753 -0.734077 -0.679066 0.828810 -2.317286 0.675753 0.737128 -0.679066 -0.734077 0.098305 39.321880 0.707107 -33.528950 200.000000 -33.528950 0.090127 36.050818 0.707107 45.193105 200.000000 45.193105 0.078629 31.451691 -0.707107 -42.156173 200.000000 -42.156173 0.072741 29.096431 -0.707107 44.364262 200.000000 44.364262
