#! FIELDS time sin_phi cos_phi sin_psi cos_psi phi psi cos_phi sin_phi cos_psi sin_psi restraint_phi_cos.bias restraint_phi_cos.force2 restraint_phi_cos.cos_phi_cntr restraint_phi_cos.cos_phi_work restraint_phi_cos.cos_phi_kappa restraint_phi_cos.work restraint_phi_sin.bias restraint_phi_sin.force2 restraint_phi_sin.sin_phi_cntr restraint_phi_sin.sin_phi_work restraint_phi_sin.sin_phi_kappa restraint_phi_sin.work restraint_psi_cos.bias restraint_psi_cos.force2 restraint_psi_cos.cos_psi_cntr restraint_psi_cos.cos_psi_work restraint_psi_cos.cos_psi_kappa restraint_psi_cos.work restraint_psi_sin.bias restraint_psi_sin.force2 restraint_psi_sin.sin_psi_cntr restraint_psi_sin.sin_psi_work restraint_psi_sin.sin_psi_kappa restraint_psi_sin.work
#! SET min_phi -pi
#! SET max_phi pi
#! SET min_psi -pi
#! SET max_psi pi
 0.000000 -0.999983 -0.005782 0.966116 0.258110 -1.576579 1.309731 -0.005782 -0.999983 0.258110 0.966116 0.000000 0.000000 -0.009747 0.000000 0.000000 0.000000 0.000000 0.000000 -0.999953 0.000000 0.000000 0.000000 0.000000 0.000000 0.256142 0.000000 0.000000 0.000000 0.000000 0.000000 0.966639 0.000000 0.000000 0.000000
 0.200000 -1.000000 -0.000266 0.834655 0.550773 -1.571062 0.987506 -0.000266 -1.000000 0.550773 0.834655 0.000899 0.035954 -0.009747 0.429322 20.000000 0.429322 0.000000 0.000001 -0.999953 0.008204 20.000000 0.008204 0.868072 34.722866 0.256142 0.437494 20.000000 0.437494 0.174198 6.967905 0.966639 0.079186 20.000000 0.079186
 0.400000 -0.998238 0.059333 0.982968 0.183778 -1.511428 1.385968 0.059333 -0.998238 0.183778 0.982968 0.095441 7.635246 -0.009747 0.576151 40.000000 0.576151 0.000059 0.004702 -0.999953 0.009175 40.000000 0.009175 0.104733 8.378618 0.256142 0.652620 40.000000 0.652620 0.005333 0.426605 0.966639 0.103852 40.000000 0.103852
 0.600000 -0.997905 0.064690 0.969721 0.244216 -1.506061 1.324085 0.064690 -0.997905 0.244216 0.969721 0.166224 19.946879 -0.009747 0.652738 60.000000 0.652738 0.000126 0.015086 -0.999953 0.009549 60.000000 0.009549 0.004267 0.512080 0.256142 0.812949 60.000000 0.812949 0.000285 0.034192 0.966639 0.126978 60.000000 0.126978
 0.800000 -0.999998 0.001894 0.948099 0.317975 -1.568902 1.247203 0.001894 -0.999998 0.317975 0.948099 0.005420 0.867200 -0.009747 0.745440 80.000000 0.745440 0.000000 0.000013 -0.999953 0.009931 80.000000 0.009931 0.152931 24.469032 0.256142 0.870396 80.000000 0.870396 0.013749 2.199883 0.966639 0.131256 80.000000 0.131256
 1.000000 -0.997905 -0.064690 0.983714 0.179740 -1.635531 1.390074 -0.064690 -0.997905 0.179740 0.983714 0.150938 30.187619 -0.009747 0.830208 100.000000 0.830208 0.000210 0.041905 -0.999953 0.010215 100.000000 0.010215 0.291867 58.373466 0.256142 0.906296 100.000000 0.906296 0.014578 2.915595 0.966639 0.133900 100.000000 0.133900
 1.200000 -0.998628 0.052357 0.985226 0.171262 -1.518415 1.398686 0.052357 -0.998628 0.171262 0.985226 0.231412 55.538994 -0.009747 0.926095 120.000000 0.926095 0.000105 0.025246 -0.999953 0.010633 120.000000 0.010633 0.432282 103.747643 0.256142 0.992025 120.000000 0.992025 0.020727 4.974582 0.966639 0.141240 120.000000 0.141240
 1.400000 -0.999098 0.042471 0.979939 0.199299 -1.528313 1.370154 0.042471 -0.999098 0.199299 0.979939 0.190866 53.442499 -0.009747 0.960898 140.000000 0.960898 0.000051 0.014321 -0.999953 0.010712 140.000000 0.010712 0.226180 63.330420 0.256142 1.092945 140.000000 1.092945 0.012382 3.466844 0.966639 0.149518 140.000000 0.149518
 1.600000 -0.999952 0.009779 0.961528 0.274706 -1.561018 1.292512 0.009779 -0.999952 0.274706 0.961528 0.030498 9.759450 -0.009747 1.007093 160.000000 1.007093 0.000000 0.000000 -0.999953 0.010845 160.000000 0.010845 0.027570 8.822428 0.256142 1.162447 160.000000 1.162447 0.002090 0.668714 0.966639 0.156254 160.000000 0.156254
 1.800000 -0.999816 -0.019191 0.970209 0.242271 -1.589988 1.326090 -0.019191 -0.999816 0.242271 0.970209 0.008027 2.889774 -0.009747 1.051966 180.000000 1.051966 0.000002 0.000605 -0.999953 0.010933 180.000000 0.010933 0.017316 6.233938 0.256142 1.193883 180.000000 1.193883 0.001147 0.412811 0.966639 0.158912 180.000000 0.158912
 2.000000 -0.987451 0.157923 0.943128 0.332430 -1.412209 1.231917 0.157923 -0.987451 0.332430 0.943128 2.811311 1124.524500 -0.009747 1.081900 200.000000 1.081900 0.015628 6.251093 -0.999953 0.011013 200.000000 0.011013 0.581986 232.794469 0.256142 1.219741 200.000000 1.219741 0.055278 22.111200 0.966639 0.161373 200.000000 0.161373
 2.200000 -0.997920 0.064457 0.953577 0.301149 -1.506295 1.264899 0.064457 -0.997920 0.301149 0.953577 0.844943 337.977335 -0.027464 1.148862 200.000000 1.148862 0.170886 68.354552 -0.956582 0.175695 200.000000 0.175695 1.884353 753.741097 0.163877 1.434194 200.000000 1.434194 0.013918 5.567230 0.941780 0.253078 200.000000 0.253078
 2.400000 -0.999701 -0.024450 0.981949 0.189144 -1.595249 1.380506 -0.024450 -0.999701 0.189144 0.981949 0.042978 17.191300 -0.045181 1.249729 200.000000 1.249729 0.748041 299.216393 -0.913212 0.729794 200.000000 0.729794 1.381388 552.555270 0.071612 1.767660 200.000000 1.767660 0.422878 169.151121 0.916920 0.543793 200.000000 0.543793
 2.600000 -0.983580 -0.180475 0.983096 0.183092 -1.752265 1.386665 -0.180475 -0.983580 0.183092 0.983096 1.382407 552.962771 -0.062899 1.286239 200.000000 1.286239 1.293641 517.456368 -0.869841 1.641609 200.000000 1.641609 4.151236 1660.494373 -0.020653 1.868204 200.000000 1.868204 0.828735 331.493938 0.892061 1.001091 200.000000 1.001091
 2.800000 -0.993021 -0.117934 0.998589 -0.053102 -1.689005 1.623923 -0.117934 -0.993021 -0.053102 0.998589 0.139256 55.702558 -0.080616 1.289261 200.000000 1.289261 2.773911 1109.564407 -0.826471 2.922797 200.000000 2.922797 0.357806 143.122289 -0.112919 1.690264 200.000000 1.690264 1.726273 690.509106 0.867201 1.568325 200.000000 1.568325
 3.000000 -0.986324 -0.164817 0.991730 -0.128343 -1.736369 1.699494 -0.164817 -0.986324 -0.128343 0.991730 0.442002 176.800728 -0.098334 1.312084 200.000000 1.312084 4.129986 1651.994522 -0.783100 4.576359 200.000000 4.576359 0.590456 236.182248 -0.205184 1.376564 200.000000 1.376564 2.231674 892.669547 0.842342 2.194436 200.000000 2.194436
 3.200000 -0.990498 -0.137530 0.944934 -0.327260 -1.708763 1.904198 -0.137530 -0.990498 -0.327260 0.944934 0.046131 18.452534 -0.116051 1.242692 200.000000 1.242692 6.288439 2515.375596 -0.739730 6.546145 200.000000 6.546145 0.088867 35.546824 -0.297449 0.574406 200.000000 0.574406 1.624398 649.759137 0.817483 2.805127 200.000000 2.805127
 3.400000 -0.988563 -0.150806 0.913945 -0.405839 -1.722179 1.988693 -0.150806 -0.988563 -0.405839 0.913945 0.029025 11.609875 -0.133769 1.168755 200.000000 1.168755 8.538306 3415.322508 -0.696360 8.877800 200.000000 8.877800 0.026001 10.400311 -0.389714 -0.517195 200.000000 -0.517195 1.471888 588.755081 0.792623 3.337100 200.000000 3.337100
 3.600000 -0.982493 -0.186298 0.859975 -0.510336 -1.758189 2.106372 -0.186298 -0.982493 -0.510336 0.859975 0.121187 48.474669 -0.151486 0.938198 200.000000 0.938198 10.857288 4342.915392 -0.652989 11.485945 200.000000 11.485945 0.080409 32.163632 -0.481980 -1.583929 200.000000 -1.583929 0.850292 340.116950 0.767764 3.769649 200.000000 3.769649
 3.800000 -0.936171 -0.351546 0.720875 -0.693065 -1.930018 2.336528 -0.351546 -0.936171 -0.693065 0.720875 3.324866 1329.946434 -0.169204 0.636029 200.000000 0.636029 10.663606 4265.442256 -0.609619 14.403609 200.000000 14.403609 1.411814 564.725781 -0.574245 -2.495747 200.000000 -2.495747 0.048527 19.410864 0.742904 4.056603 200.000000 4.056603
 4.000000 -0.900591 -0.434669 0.717305 -0.696759 -2.020467 2.341666 -0.434669 -0.900591 -0.696759 0.717305 6.137865 2455.145929 -0.186921 0.221234 200.000000 0.221234 11.178464 4471.385507 -0.566248 17.579340 200.000000 17.579340 0.091503 36.601079 -0.666510 -3.000089 200.000000 -3.000089 0.000055 0.021910 0.718045 4.199654 200.000000 4.199654
 4.200000 -0.944189 -0.329404 0.695462 -0.718563 -1.906469 2.372530 -0.329404 -0.944189 -0.718563 0.695462 1.556641 622.656389 -0.204639 -0.301401 200.000000 -0.301401 17.750293 7100.117184 -0.522878 20.986360 200.000000 20.986360 0.013124 5.249516 -0.707107 -3.001476 200.000000 -3.001476 0.013560 5.423861 0.707107 4.226586 200.000000 4.226586
 4.400000 -0.886188 -0.463325 0.684222 -0.729274 -2.052540 2.388057 -0.463325 -0.886188 -0.729274 0.684222 5.806592 2322.636687 -0.222356 -1.000233 200.000000 -1.000233 16.538928 6615.571122 -0.479508 24.526980 200.000000 24.526980 0.049139 19.655541 -0.707107 -3.001476 200.000000 -3.001476 0.052373 20.949075 0.707107 4.226586 200.000000 4.226586
 4.600000 -0.902409 -0.430881 0.696571 -0.717487 -2.016265 2.370985 -0.430881 -0.902409 -0.717487 0.696571 3.640735 1456.293939 -0.240074 -1.774920 200.000000 -1.774920 21.740920 8696.368051 -0.436137 28.288722 200.000000 28.288722 0.010776 4.310337 -0.707107 -3.001476 200.000000 -3.001476 0.011099 4.439750 0.707107 4.226586 200.000000 4.226586
 4.800000 -0.842379 -0.538886 0.747171 -0.664632 -2.139910 2.297797 -0.538886 -0.842379 -0.664632 0.747171 7.901400 3160.560111 -0.257791 -2.804647 200.000000 -2.804647 20.215110 8086.043888 -0.392767 31.949010 200.000000 31.949010 0.180413 72.165356 -0.707107 -3.001476 200.000000 -3.001476 0.160515 64.206141 0.707107 4.226586 200.000000 4.226586
 5.000000 -0.821193 -0.570650 0.669462 -0.742847 -2.178094 2.408109 -0.570650 -0.821193 -0.742847 0.669462 8.710838 3484.335194 -0.275509 -3.918734 200.000000 -3.918734 22.259236 8903.694213 -0.349396 35.763254 200.000000 35.763254 0.127733 51.093177 -0.707107 -3.001476 200.000000 -3.001476 0.141715 56.685929 0.707107 4.226586 200.000000 4.226586
 5.200000 -0.815111 -0.579305 0.728396 -0.685156 -2.188672 2.325615 -0.579305 -0.815111 -0.685156 0.728396 8.184108 3273.643068 -0.293226 -5.247885 200.000000 -5.247885 25.916736 10366.694585 -0.306026 39.413320 200.000000 39.413320 0.048182 19.272861 -0.707107 -3.001476 200.000000 -3.001476 0.045323 18.129288 0.707107 4.226586 200.000000 4.226586
 5.400000 -0.664562 -0.747233 0.701891 -0.712284 -2.414685 2.363544 -0.747233 -0.664562 -0.712284 0.701891 19.034824 7613.929430 -0.310944 -6.743814 200.000000 -6.743814 16.152895 6461.157992 -0.262656 42.873706 200.000000 42.873706 0.002681 1.072281 -0.707107 -3.001476 200.000000 -3.001476 0.002720 1.088158 0.707107 4.226586 200.000000 4.226586
 5.600000 -0.589206 -0.807983 0.679371 -0.733795 -2.511517 2.394688 -0.807983 -0.589206 -0.733795 0.679371 22.974938 9189.975006 -0.328661 -8.365992 200.000000 -8.365992 13.684123 5473.649095 -0.219285 46.169906 200.000000 46.169906 0.071228 28.491063 -0.707107 -3.001476 200.000000 -3.001476 0.076929 30.771735 0.707107 4.226586 200.000000 4.226586
 5.800000 -0.457020 -0.889456 0.727366 -0.686250 -2.666950 2.327117 -0.889456 -0.457020 -0.686250 0.727366 29.493320 11797.327962 -0.346379 -10.217532 200.000000 -10.217532 7.902031 3160.812549 -0.175915 48.828561 200.000000 48.828561 0.043501 17.400350 -0.707107 -3.001476 200.000000 -3.001476 0.041043 16.417162 0.707107 4.226586 200.000000 4.226586
 6.000000 -0.259488 -0.965746 0.739808 -0.672818 -2.879101 2.308808 -0.965746 -0.259488 -0.672818 0.739808 36.198283 14479.313262 -0.364096 -12.128999 200.000000 -12.128999 1.611469 644.587659 -0.132544 51.197554 200.000000 51.197554 0.117570 47.028111 -0.707107 -3.001476 200.000000 -3.001476 0.106936 42.774283 0.707107 4.226586 200.000000 4.226586
 6.200000 -0.241343 -0.970440 0.762167 -0.647381 -2.897843 2.274939 -0.970440 -0.241343 -0.647381 0.762167 34.648071 13859.228516 -0.381814 -14.120502 200.000000 -14.120502 2.315546 926.218251 -0.089174 53.171998 200.000000 53.171998 0.356720 142.688142 -0.707107 -3.001476 200.000000 -3.001476 0.303160 121.264183 0.707107 4.226586 200.000000 4.226586
 6.400000 -0.328530 -0.944494 0.687635 -0.726057 -2.806846 2.383366 -0.944494 -0.328530 -0.726057 0.687635 29.698400 11879.360195 -0.399531 -16.140914 200.000000 -16.140914 7.993415 3197.366054 -0.045804 54.837146 200.000000 54.837146 0.035910 14.363950 -0.707107 -3.001476 200.000000 -3.001476 0.037916 15.166236 0.707107 4.226586 200.000000 4.226586
 6.600000 -0.054836 -0.998495 0.641679 -0.766973 -3.086729 2.444907 -0.998495 -0.054836 -0.766973 0.641679 33.784770 13513.908102 -0.417249 -18.172150 200.000000 -18.172150 0.274605 109.841802 -0.002433 56.091610 200.000000 56.091610 0.358397 143.358790 -0.707107 -3.001476 200.000000 -3.001476 0.428075 171.230124 0.707107 4.226586 200.000000 4.226586
 6.800000 0.098131 -0.995173 0.736144 -0.676825 3.043303 2.314237 -0.995173 0.098131 -0.676825 0.736144 31.383221 12553.288519 -0.434966 -20.181968 200.000000 -20.181968 0.327114 130.845688 0.040937 57.053452 200.000000 57.053452 0.091701 36.680359 -0.707107 -3.001476 200.000000 -3.001476 0.084318 33.727094 0.707107 4.226586 200.000000 4.226586
 7.000000 -0.042324 -0.999104 0.760842 -0.648937 -3.099256 2.276983 -0.999104 -0.042324 -0.648937 0.760842 29.857511 11943.004567 -0.452684 -22.142865 200.000000 -22.142865 1.603552 641.420815 0.084308 57.471636 200.000000 57.471636 0.338372 135.348937 -0.707107 -3.001476 200.000000 -3.001476 0.288749 115.499574 0.707107 4.226586 200.000000 4.226586
 7.200000 0.088037 -0.996117 0.718769 -0.695249 3.053442 2.339563 -0.996117 0.088037 -0.695249 0.718769 27.637739 11055.095538 -0.470401 -24.026793 200.000000 -24.026793 0.157145 62.857838 0.127678 57.679868 200.000000 57.679868 0.014060 5.623834 -0.707107 -3.001476 200.000000 -3.001476 0.013600 5.439840 0.707107 4.226586 200.000000 4.226586
 7.400000 0.264242 -0.964456 0.678662 -0.734451 2.874175 2.395653 -0.964456 0.264242 -0.734451 0.678662 22.689764 9075.905635 -0.488119 -25.812730 200.000000 -25.812730 0.868504 347.401480 0.171049 57.526866 200.000000 57.526866 0.074768 29.907383 -0.707107 -3.001476 200.000000 -3.001476 0.080910 32.363884 0.707107 4.226586 200.000000 4.226586
 7.600000 0.292529 -0.956257 0.661262 -0.750155 2.844722 2.419093 -0.956257 0.292529 -0.750155 0.661262 20.287868 8115.147227 -0.505836 -27.526896 200.000000 -27.526896 0.610116 244.046357 0.214419 57.590168 200.000000 57.590168 0.185314 74.125581 -0.707107 -3.001476 200.000000 -3.001476 0.210173 84.069174 0.707107 4.226586 200.000000 4.226586
 7.800000 0.251223 -0.967929 0.710404 -0.703794 2.887649 2.351520 -0.967929 0.251223 -0.703794 0.710404 19.746974 7898.789720 -0.523554 -29.075222 200.000000 -29.075222 0.004312 1.724809 0.257789 57.021100 200.000000 57.021100 0.001098 0.439003 -0.707107 -3.001476 200.000000 -3.001476 0.001087 0.434918 0.707107 4.226586 200.000000 4.226586
 8.000000 0.399107 -0.916904 0.818581 -0.574390 2.731049 2.182656 -0.916904 0.399107 -0.574390 0.818581 14.110019 5644.007558 -0.541271 -30.532313 200.000000 -30.532313 0.959375 383.750072 0.301160 56.620904 200.000000 56.620904 1.761363 704.545205 -0.707107 -3.001476 200.000000 -3.001476 1.242661 497.064315 0.707107 4.226586 200.000000 4.226586
 8.200000 0.350368 -0.936612 0.751883 -0.659297 2.783629 2.290680 -0.936612 0.350368 -0.659297 0.751883 14.259949 5703.979745 -0.558989 -31.787479 200.000000 -31.787479 0.003408 1.363267 0.344530 55.796078 200.000000 55.796078 0.228579 91.431439 -0.707107 -3.001476 200.000000 -3.001476 0.200488 80.195364 0.707107 4.226586 200.000000 4.226586
 8.400000 0.488096 -0.872790 0.683045 -0.730377 2.631686 2.389670 -0.872790 0.488096 -0.730377 0.683045 8.766582 3506.632724 -0.576706 -32.978718 200.000000 -32.978718 1.003903 401.561022 0.387901 55.301720 200.000000 55.301720 0.054149 21.659570 -0.707107 -3.001476 200.000000 -3.001476 0.057899 23.159618 0.707107 4.226586 200.000000 4.226586
 8.600000 0.475816 -0.879545 0.694579 -0.719416 2.645701 2.373758 -0.879545 0.475816 -0.719416 0.694579 8.129415 3251.765803 -0.594424 -33.977694 200.000000 -33.977694 0.198426 79.370314 0.431271 54.588711 200.000000 54.588711 0.015153 6.061061 -0.707107 -3.001476 200.000000 -3.001476 0.015694 6.277763 0.707107 4.226586 200.000000 4.226586
 8.800000 0.528951 -0.848653 0.637475 -0.770471 2.584229 2.450376 -0.848653 0.528951 -0.770471 0.637475 5.593770 2237.507960 -0.612141 -34.905956 200.000000 -34.905956 0.294950 117.979899 0.474641 54.209433 200.000000 54.209433 0.401504 160.601420 -0.707107 -3.001476 200.000000 -3.001476 0.484859 193.943724 0.707107 4.226586 200.000000 4.226586
 9.000000 0.586067 -0.810263 0.623294 -0.781988 2.515396 2.468645 -0.810263 0.586067 -0.781988 0.623294 3.254563 1301.825047 -0.629859 -35.626311 200.000000 -35.626311 0.463151 185.260335 0.518012 53.617205 200.000000 53.617205 0.560715 224.286010 -0.707107 -3.001476 200.000000 -3.001476 0.702460 280.984125 0.707107 4.226586 200.000000 4.226586
 9.200000 0.562561 -0.826756 0.690877 -0.722972 2.544113 2.378891 -0.826756 0.562561 -0.722972 0.690877 3.210548 1284.219048 -0.647576 -36.239507 200.000000 -36.239507 0.000139 0.055546 0.561382 53.253353 200.000000 53.253353 0.025171 10.068433 -0.707107 -3.001476 200.000000 -3.001476 0.026340 10.536043 0.707107 4.226586 200.000000 4.226586
 9.400000 0.656381 -0.754429 0.697999 -0.716098 2.425581 2.368993 -0.754429 0.656381 -0.716098 0.697999 0.794521 317.808506 -0.665294 -36.734823 200.000000 -36.734823 0.266551 106.620256 0.604753 53.104445 200.000000 53.104445 0.008085 3.233865 -0.707107 -3.001476 200.000000 -3.001476 0.008294 3.317711 0.707107 4.226586 200.000000 4.226586
 9.600000 0.684673 -0.728851 0.745543 -0.666458 2.387438 2.300243 -0.728851 0.684673 -0.666458 0.745543 0.210128 84.051157 -0.683011 -37.077891 200.000000 -37.077891 0.133588 53.435016 0.648123 53.036764 200.000000 53.036764 0.165236 66.094531 -0.707107 -3.001476 200.000000 -3.001476 0.147734 59.093764 0.707107 4.226586 200.000000 4.226586
 9.800000 0.705801 -0.708410 0.720928 -0.693010 2.358039 2.336452 -0.708410 0.705801 -0.693010 0.720928 0.005900 2.360074 -0.700728 -37.353880 200.000000 -37.353880 0.020472 8.188721 0.691493 53.338596 200.000000 53.338596 0.019872 7.948853 -0.707107 -3.001476 200.000000 -3.001476 0.019103 7.641091 0.707107 4.226586 200.000000 4.226586
 10.000000 0.718416 -0.695614 0.657785 -0.753206 2.340071 2.423718 -0.695614 0.718416 -0.753206 0.657785 0.013208 5.283314 -0.707107 -37.402041 200.000000 -37.402041 0.012789 5.115650 0.707107 53.437829 200.000000 53.437829 0.212511 85.004526 -0.707107 -3.001476 200.000000 -3.001476 0.243264 97.305461 0.707107 4.226586 200.000000 4.226586
 10.200000 0.636954 -0.770902 0.718506 -0.695521 2.451052 2.339941 -0.770902 0.636954 -0.695521 0.718506 0.406982 162.792808 -0.707107 -37.402041 200.000000 -37.402041 0.492143 196.857274 0.707107 53.437829 200.000000 53.437829 0.013424 5.369502 -0.707107 -3.001476 200.000000 -3.001476 0.012994 5.197751 0.707107 4.226586 200.000000 4.226586
 10.400000 0.597126 -0.802148 0.617372 -0.786671 2.501679 2.476194 -0.802148 0.597126 -0.786671 0.617372 0.903276 361.310302 -0.707107 -37.402041 200.000000 -37.402041 1.209582 483.832617 0.707107 53.437829 200.000000 53.437829 0.633046 253.218578 -0.707107 -3.001476 200.000000 -3.001476 0.805225 322.090005 0.707107 4.226586 200.000000 4.226586
 10.600000 0.596527 -0.802593 0.658270 -0.752782 2.502425 2.423075 -0.802593 0.596527 -0.752782 0.658270 0.911758 364.703004 -0.707107 -37.402041 200.000000 -37.402041 1.222782 489.112739 0.707107 53.437829 200.000000 53.437829 0.208625 83.450005 -0.707107 -3.001476 200.000000 -3.001476 0.238507 95.402839 0.707107 4.226586 200.000000 4.226586
 10.800000 0.683557 -0.729897 0.690480 -0.723351 2.388967 2.379440 -0.729897 0.683557 -0.723351 0.690480 0.051938 20.775388 -0.707107 -37.402041 200.000000 -37.402041 0.055458 22.183003 0.707107 53.437829 200.000000 53.437829 0.026388 10.555331 -0.707107 -3.001476 200.000000 -3.001476 0.027644 11.057689 0.707107 4.226586 200.000000 4.226586
 11.000000 0.671952 -0.740595 0.683835 -0.729637 2.404751 2.388587 -0.740595 0.671952 -0.729637 0.683835 0.112145 44.857901 -0.707107 -37.402041 200.000000 -37.402041 0.123587 49.434661 0.707107 53.437829 200.000000 53.437829 0.050761 20.304422 -0.707107 -3.001476 200.000000 -3.001476 0.054159 21.663648 0.707107 4.226586 200.000000 4.226586
 11.200000 0.726342 -0.687333 0.708578 -0.705633 2.328608 2.354112 -0.687333 0.726342 -0.705633 0.708578 0.039099 15.639620 -0.707107 -37.402041 200.000000 -37.402041 0.037000 14.799991 0.707107 53.437829 200.000000 53.437829 0.000217 0.086912 -0.707107 -3.001476 200.000000 -3.001476 0.000216 0.086551 0.707107 4.226586 200.000000 4.226586
 11.400000 0.704567 -0.709637 0.719383 -0.694614 2.359780 2.338679 -0.709637 0.704567 -0.694614 0.719383 0.000640 0.256181 -0.707107 -37.402041 200.000000 -37.402041 0.000645 0.258024 0.707107 53.437829 200.000000 53.437829 0.015608 6.243128 -0.707107 -3.001476 200.000000 -3.001476 0.015071 6.028201 0.707107 4.226586 200.000000 4.226586
 11.600000 0.662427 -0.749126 0.745923 -0.666032 2.417539 2.299672 -0.749126 0.662427 -0.666032 0.745923 0.176566 70.626235 -0.707107 -37.402041 200.000000 -37.402041 0.199628 79.851387 0.707107 53.437829 200.000000 53.437829 0.168716 67.486487 -0.707107 -3.001476 200.000000 -3.001476 0.150673 60.269309 0.707107 4.226586 200.000000 4.226586
 11.800000 0.604176 -0.796851 0.614575 -0.788859 2.492861 2.479746 -0.796851 0.604176 -0.788859 0.614575 0.805398 322.159029 -0.707107 -37.402041 200.000000 -37.402041 1.059470 423.787916 0.707107 53.437829 200.000000 53.437829 0.668337 267.334986 -0.707107 -3.001476 200.000000 -3.001476 0.856220 342.488015 0.707107 4.226586 200.000000 4.226586
 12.000000 0.673366 -0.739309 0.703037 -0.711153 2.402840 2.361934 -0.739309 0.673366 -0.711153 0.703037 0.103701 41.480304 -0.707107 -37.402041 200.000000 -37.402041 0.113845 45.537883 0.707107 53.437829 200.000000 53.437829 0.001637 0.654953 -0.707107 -3.001476 200.000000 -3.001476 0.001656 0.662514 0.707107 4.226586 200.000000 4.226586
 12.200000 0.647329 -0.762210 0.676806 -0.736162 2.437517 2.398178 -0.762210 0.647329 -0.736162 0.676806 0.303640 121.455929 -0.707107 -37.402041 200.000000 -37.402041 0.357333 142.933041 0.707107 53.437829 200.000000 53.437829 0.084420 33.767826 -0.707107 -3.001476 200.000000 -3.001476 0.091816 36.726561 0.707107 4.226586 200.000000 4.226586
 12.400000 0.665122 -0.746735 0.671500 -0.741005 2.413935 2.405362 -0.746735 0.665122 -0.741005 0.671500 0.157037 62.814902 -0.707107 -37.402041 200.000000 -37.402041 0.176272 70.508870 0.707107 53.437829 200.000000 53.437829 0.114909 45.963455 -0.707107 -3.001476 200.000000 -3.001476 0.126787 50.714982 0.707107 4.226586 200.000000 4.226586
 12.600000 0.668653 -0.743574 0.674432 -0.738337 2.409197 2.401397 -0.743574 0.668653 -0.738337 0.674432 0.132989 53.195740 -0.707107 -37.402041 200.000000 -37.402041 0.147868 59.147389 0.707107 53.437829 200.000000 53.437829 0.097532 39.012630 -0.707107 -3.001476 200.000000 -3.001476 0.106763 42.705251 0.707107 4.226586 200.000000 4.226586
 12.800000 0.618538 -0.785755 0.687519 -0.726167 2.474712 2.383526 -0.785755 0.618538 -0.726167 0.687519 0.618558 247.423063 -0.707107 -37.402041 200.000000 -37.402041 0.784450 313.780136 0.707107 53.437829 200.000000 53.437829 0.036328 14.531091 -0.707107 -3.001476 200.000000 -3.001476 0.038369 15.347621 0.707107 4.226586 200.000000 4.226586
 13.000000 0.626598 -0.779343 0.725430 -0.688296 2.464413 2.329933 -0.779343 0.626598 -0.688296 0.725430 0.521805 208.721994 -0.707107 -37.402041 200.000000 -37.402041 0.648171 259.268269 0.707107 53.437829 200.000000 53.437829 0.035386 14.154323 -0.707107 -3.001476 200.000000 -3.001476 0.033575 13.430010 0.707107 4.226586 200.000000 4.226586
 13.200000 0.641704 -0.766952 0.662045 -0.749464 2.444875 2.418048 -0.766952 0.641704 -0.749464 0.662045 0.358151 143.260237 -0.707107 -37.402041 200.000000 -37.402041 0.427753 171.101391 0.707107 53.437829 200.000000 53.437829 0.179413 71.765343 -0.707107 -3.001476 200.000000 -3.001476 0.203055 81.222190 0.707107 4.226586 200.000000 4.226586
 13.400000 0.676299 -0.736628 0.716207 -0.697888 2.398866 2.343240 -0.736628 0.676299 -0.697888 0.716207 0.087147 34.858936 -0.707107 -37.402041 200.000000 -37.402041 0.094914 37.965550 0.707107 53.437829 200.000000 53.437829 0.008499 3.399680 -0.707107 -3.001476 200.000000 -3.001476 0.008282 3.312728 0.707107 4.226586 200.000000 4.226586
 13.600000 0.692836 -0.721095 0.695772 -0.718263 2.376178 2.372098 -0.721095 0.692836 -0.718263 0.695772 0.019568 7.827117 -0.707107 -37.402041 200.000000 -37.402041 0.020366 8.146304 0.707107 53.437829 200.000000 53.437829 0.012445 4.978150 -0.707107 -3.001476 200.000000 -3.001476 0.012848 5.139046 0.707107 4.226586 200.000000 4.226586
 13.800000 0.668980 -0.743281 0.687917 -0.725789 2.408757 2.382977 -0.743281 0.668980 -0.725789 0.687917 0.130855 52.342036 -0.707107 -37.402041 200.000000 -37.402041 0.145367 58.146989 0.707107 53.437829 200.000000 53.437829 0.034902 13.960937 -0.707107 -3.001476 200.000000 -3.001476 0.036823 14.729237 0.707107 4.226586 200.000000 4.226586
 14.000000 0.659292 -0.751887 0.684208 -0.729287 2.421715 2.388075 -0.751887 0.659292 -0.729287 0.684208 0.200523 80.209374 -0.707107 -37.402041 200.000000 -37.402041 0.228621 91.448499 0.707107 53.437829 200.000000 53.437829 0.049194 19.677660 -0.707107 -3.001476 200.000000 -3.001476 0.052434 20.973415 0.707107 4.226586 200.000000 4.226586
 14.200000 0.651013 -0.759067 0.714438 -0.699698 2.432675 2.345771 -0.759067 0.651013 -0.699698 0.714438 0.269983 107.993140 -0.707107 -37.402041 200.000000 -37.402041 0.314652 125.860881 0.707107 53.437829 200.000000 53.437829 0.005489 2.195406 -0.707107 -3.001476 200.000000 -3.001476 0.005375 2.150114 0.707107 4.226586 200.000000 4.226586
 14.400000 0.658388 -0.752679 0.732974 -0.680256 2.422918 2.318908 -0.752679 0.658388 -0.680256 0.732974 0.207684 83.073410 -0.707107 -37.402041 200.000000 -37.402041 0.237356 94.942472 0.707107 53.437829 200.000000 53.437829 0.072096 28.838208 -0.707107 -3.001476 200.000000 -3.001476 0.066914 26.765445 0.707107 4.226586 200.000000 4.226586
 14.600000 0.630316 -0.776339 0.611250 -0.791437 2.459632 2.483953 -0.776339 0.630316 -0.791437 0.611250 0.479303 191.721322 -0.707107 -37.402041 200.000000 -37.402041 0.589679 235.871748 0.707107 53.437829 200.000000 53.437829 0.711162 284.464881 -0.707107 -3.001476 200.000000 -3.001476 0.918843 367.537308 0.707107 4.226586 200.000000 4.226586
 14.800000 0.714133 -0.700010 0.697293 -0.716786 2.346208 2.369979 -0.700010 0.714133 -0.716786 0.697293 0.005037 2.014611 -0.707107 -37.402041 200.000000 -37.402041 0.004937 1.974771 0.707107 53.437829 200.000000 53.437829 0.009370 3.747858 -0.707107 -3.001476 200.000000 -3.001476 0.009632 3.852624 0.707107 4.226586 200.000000 4.226586
 15.000000 0.661990 -0.749512 0.697774 -0.716318 2.418122 2.369308 -0.749512 0.661990 -0.716318 0.697774 0.179824 71.929553 -0.707107 -37.402041 200.000000 -37.402041 0.203550 81.419973 0.707107 53.437829 200.000000 53.437829 0.008485 3.393995 -0.707107 -3.001476 200.000000 -3.001476 0.008710 3.484188 0.707107 4.226586 200.000000 4.226586
 15.200000 0.599308 -0.800519 0.711184 -0.703006 2.498957 2.350411 -0.800519 0.599308 -0.703006 0.711184 0.872582 349.032704 -0.707107 -37.402041 200.000000 -37.402041 1.162067 464.826929 0.707107 53.437829 200.000000 53.437829 0.001682 0.672766 -0.707107 -3.001476 200.000000 -3.001476 0.001663 0.665029 0.707107 4.226586 200.000000 4.226586
 15.400000 0.673169 -0.739489 0.697312 -0.716768 2.403107 2.369953 -0.739489 0.673169 -0.716768 0.697312 0.104861 41.944390 -0.707107 -37.402041 200.000000 -37.402041 0.115180 46.071971 0.707107 53.437829 200.000000 53.437829 0.009334 3.733537 -0.707107 -3.001476 200.000000 -3.001476 0.009594 3.837699 0.707107 4.226586 200.000000 4.226586
 15.600000 0.642916 -0.765936 0.707722 -0.706491 2.443293 2.355324 -0.765936 0.642916 -0.706491 0.707722 0.346092 138.436964 -0.707107 -37.402041 200.000000 -37.402041 0.412041 164.816469 0.707107 53.437829 200.000000 53.437829 0.000038 0.015160 -0.707107 -3.001476 200.000000 -3.001476 0.000038 0.015134 0.707107 4.226586 200.000000 4.226586
 15.800000 0.661921 -0.749573 0.733534 -0.679653 2.418214 2.318085 -0.749573 0.661921 -0.679653 0.733534 0.180341 72.136494 -0.707107 -37.402041 200.000000 -37.402041 0.204173 81.669287 0.707107 53.437829 200.000000 53.437829 0.075372 30.148998 -0.707107 -3.001476 200.000000 -3.001476 0.069840 27.935970 0.707107 4.226586 200.000000 4.226586
 16.000000 0.738909 -0.673805 0.646129 -0.763228 2.310142 2.439091 -0.673805 0.738909 -0.763228 0.646129 0.110901 44.360584 -0.707107 -37.402041 200.000000 -37.402041 0.101140 40.455989 0.707107 53.437829 200.000000 53.437829 0.314965 125.985824 -0.707107 -3.001476 200.000000 -3.001476 0.371833 148.733119 0.707107 4.226586 200.000000 4.226586
 16.200000 0.694749 -0.719253 0.669284 -0.743007 2.373522 2.408348 -0.719253 0.694749 -0.743007 0.669284 0.014752 5.900747 -0.707107 -37.402041 200.000000 -37.402041 0.015272 6.108834 0.707107 53.437829 200.000000 53.437829 0.128880 51.552120 -0.707107 -3.001476 200.000000 -3.001476 0.143056 57.222521 0.707107 4.226586 200.000000 4.226586
 16.400000 0.695724 -0.718309 0.694761 -0.719241 2.372166 2.373506 -0.718309 0.695724 -0.719241 0.694761 0.012550 5.020019 -0.707107 -37.402041 200.000000 -37.402041 0.012957 5.182966 0.707107 53.437829 200.000000 53.437829 0.014724 5.889565 -0.707107 -3.001476 200.000000 -3.001476 0.015243 6.097056 0.707107 4.226586 200.000000 4.226586
 16.600000 0.663412 -0.748254 0.688460 -0.725275 2.416223 2.382230 -0.748254 0.663412 -0.725275 0.688460 0.169311 67.724586 -0.707107 -37.402041 200.000000 -37.402041 0.190923 76.369127 0.707107 53.437829 200.000000 53.437829 0.033007 13.202881 -0.707107 -3.001476 200.000000 -3.001476 0.034772 13.908653 0.707107 4.226586 200.000000 4.226586
 16.800000 0.694786 -0.719217 0.674191 -0.738557 2.373471 2.401724 -0.719217 0.694786 -0.738557 0.674191 0.014665 5.866021 -0.707107 -37.402041 200.000000 -37.402041 0.015181 6.072258 0.707107 53.437829 200.000000 53.437829 0.098912 39.564671 -0.707107 -3.001476 200.000000 -3.001476 0.108345 43.337865 0.707107 4.226586 200.000000 4.226586
 17.000000 0.754305 -0.656524 0.680959 -0.732322 2.286997 2.392521 -0.656524 0.754305 -0.732322 0.680959 0.255863 102.345023 -0.707107 -37.402041 200.000000 -37.402041 0.222769 89.107640 0.707107 53.437829 200.000000 53.437829 0.063579 25.431499 -0.707107 -3.001476 200.000000 -3.001476 0.068371 27.348407 0.707107 4.226586 200.000000 4.226586
 17.200000 0.736154 -0.676814 0.695152 -0.718863 2.314222 2.372961 -0.676814 0.736154 -0.718863 0.695152 0.091768 36.707015 -0.707107 -37.402041 200.000000 -37.402041 0.084376 33.750594 0.707107 53.437829 200.000000 53.437829 0.013821 5.528240 -0.707107 -3.001476 200.000000 -3.001476 0.014292 5.716776 0.707107 4.226586 200.000000 4.226586
 17.400000 0.690729 -0.723114 0.720739 -0.693207 2.379097 2.336726 -0.723114 0.690729 -0.693207 0.720739 0.025624 10.249453 -0.707107 -37.402041 200.000000 -37.402041 0.026825 10.729882 0.707107 53.437829 200.000000 53.437829 0.019320 7.728112 -0.707107 -3.001476 200.000000 -3.001476 0.018582 7.432961 0.707107 4.226586 200.000000 4.226586
 17.600000 0.672040 -0.740514 0.780135 -0.625611 2.404632 2.246711 -0.740514 0.672040 -0.625611 0.780135 0.111607 44.642899 -0.707107 -37.402041 200.000000 -37.402041 0.122965 49.185945 0.707107 53.437829 200.000000 53.437829 0.664159 265.663769 -0.707107 -3.001476 200.000000 -3.001476 0.533317 213.326714 0.707107 4.226586 200.000000 4.226586
 17.800000 0.719117 -0.694889 0.749545 -0.661953 2.339062 2.294218 -0.694889 0.719117 -0.661953 0.749545 0.014926 5.970547 -0.707107 -37.402041 200.000000 -37.402041 0.014424 5.769427 0.707107 53.437829 200.000000 53.437829 0.203887 81.554675 -0.707107 -3.001476 200.000000 -3.001476 0.180103 72.041368 0.707107 4.226586 200.000000 4.226586
 18.000000 0.660643 -0.750700 0.718012 -0.696031 2.419918 2.340651 -0.750700 0.660643 -0.696031 0.718012 0.190038 76.015186 -0.707107 -37.402041 200.000000 -37.402041 0.215887 86.354901 0.707107 53.437829 200.000000 53.437829 0.012267 4.906844 -0.707107 -3.001476 200.000000 -3.001476 0.011892 4.756649 0.707107 4.226586 200.000000 4.226586
 18.200000 0.650402 -0.759590 0.653710 -0.756745 2.433480 2.429116 -0.759590 0.650402 -0.756745 0.653710 0.275454 110.181404 -0.707107 -37.402041 200.000000 -37.402041 0.321547 128.618710 0.707107 53.437829 200.000000 53.437829 0.246398 98.559280 -0.707107 -3.001476 200.000000 -3.001476 0.285123 114.049319 0.707107 4.226586 200.000000 4.226586
 18.400000 0.638050 -0.769995 0.642624 -0.766182 2.449629 2.443675 -0.769995 0.638050 -0.766182 0.642624 0.395488 158.195146 -0.707107 -37.402041 200.000000 -37.402041 0.476878 190.751386 0.707107 53.437829 200.000000 53.437829 0.348988 139.595249 -0.707107 -3.001476 200.000000 -3.001476 0.415808 166.323006 0.707107 4.226586 200.000000 4.226586
 18.600000 0.621034 -0.783783 0.617996 -0.786181 2.471531 2.475402 -0.783783 0.621034 -0.786181 0.617996 0.587931 235.172507 -0.707107 -37.402041 200.000000 -37.402041 0.740849 296.339490 0.707107 53.437829 200.000000 53.437829 0.625279 250.111713 -0.707107 -3.001476 200.000000 -3.001476 0.794076 317.630548 0.707107 4.226586 200.000000 4.226586
 18.800000 0.643448 -0.765490 0.707350 -0.706863 2.442599 2.355850 -0.765490 0.643448 -0.706863 0.707350 0.340860 136.343918 -0.707107 -37.402041 200.000000 -37.402041 0.405246 162.098562 0.707107 53.437829 200.000000 53.437829 0.000006 0.002377 -0.707107 -3.001476 200.000000 -3.001476 0.000006 0.002376 0.707107 4.226586 200.000000 4.226586
 19.000000 0.622130 -0.782914 0.704939 -0.709268 2.470132 2.359256 -0.782914 0.622130 -0.709268 0.704939 0.574668 229.867199 -0.707107 -37.402041 200.000000 -37.402041 0.722099 288.839434 0.707107 53.437829 200.000000 53.437829 0.000467 0.186882 -0.707107 -3.001476 200.000000 -3.001476 0.000470 0.188030 0.707107 4.226586 200.000000 4.226586
 19.200000 0.662707 -0.748878 0.636871 -0.770970 2.417164 2.451160 -0.748878 0.662707 -0.770970 0.636871 0.174487 69.794941 -0.707107 -37.402041 200.000000 -37.402041 0.197131 78.852343 0.707107 53.437829 200.000000 53.437829 0.407854 163.141632 -0.707107 -3.001476 200.000000 -3.001476 0.493304 197.321604 0.707107 4.226586 200.000000 4.226586
 19.400000 0.675417 -0.737436 0.716173 -0.697922 2.400063 2.343289 -0.737436 0.675417 -0.697922 0.716173 0.091987 36.794809 -0.707107 -37.402041 200.000000 -37.402041 0.100425 40.170045 0.707107 53.437829 200.000000 53.437829 0.008435 3.374072 -0.707107 -3.001476 200.000000 -3.001476 0.008220 3.288095 0.707107 4.226586 200.000000 4.226586
 19.600000 0.630638 -0.776077 0.671311 -0.741176 2.459218 2.405617 -0.776077 0.630638 -0.741176 0.671311 0.475693 190.277238 -0.707107 -37.402041 200.000000 -37.402041 0.584750 233.900171 0.707107 53.437829 200.000000 53.437829 0.116073 46.429037 -0.707107 -3.001476 200.000000 -3.001476 0.128137 51.254866 0.707107 4.226586 200.000000 4.226586
 19.800000 0.661189 -0.750219 0.650972 -0.759102 2.419190 2.432729 -0.750219 0.661189 -0.759102 0.650972 0.185869 74.347700 -0.707107 -37.402041 200.000000 -37.402041 0.210844 84.337561 0.707107 53.437829 200.000000 53.437829 0.270352 108.140635 -0.707107 -3.001476 200.000000 -3.001476 0.315116 126.046555 0.707107 4.226586 200.000000 4.226586
 20.000000 0.691358 -0.722512 0.693138 -0.720805 2.378225 2.375759 -0.722512 0.691358 -0.720805 0.693138 0.023732 9.492942 -0.707107 -37.402041 200.000000 -37.402041 0.024802 9.920604 0.707107 53.437829 200.000000 53.437829 0.018764 7.505517 -0.707107 -3.001476 200.000000 -3.001476 0.019513 7.805044 0.707107 4.226586 200.000000 4.226586
