#! FIELDS time sin_phi cos_phi sin_psi cos_psi phi psi cos_phi sin_phi cos_psi sin_psi restraint_phi_cos.bias restraint_phi_cos.force2 restraint_phi_cos.cos_phi_cntr restraint_phi_cos.cos_phi_work restraint_phi_cos.cos_phi_kappa restraint_phi_cos.work restraint_phi_sin.bias restraint_phi_sin.force2 restraint_phi_sin.sin_phi_cntr restraint_phi_sin.sin_phi_work restraint_phi_sin.sin_phi_kappa restraint_phi_sin.work restraint_psi_cos.bias restraint_psi_cos.force2 restraint_psi_cos.cos_psi_cntr restraint_psi_cos.cos_psi_work restraint_psi_cos.cos_psi_kappa restraint_psi_cos.work restraint_psi_sin.bias restraint_psi_sin.force2 restraint_psi_sin.sin_psi_cntr restraint_psi_sin.sin_psi_work restraint_psi_sin.sin_psi_kappa restraint_psi_sin.work
#! SET min_phi -pi
#! SET max_phi pi
#! SET min_psi -pi
#! SET max_psi pi
 0.000000 -0.999983 -0.005782 0.966116 0.258110 -1.576579 1.309731 -0.005782 -0.999983 0.258110 0.966116 0.000000 0.000000 -0.009747 0.000000 0.000000 0.000000 0.000000 0.000000 -0.999953 0.000000 0.000000 0.000000 0.000000 0.000000 0.256142 0.000000 0.000000 0.000000 0.000000 0.000000 0.966639 0.000000 0.000000 0.000000
 0.200000 -1.000000 -0.000266 0.834655 0.550773 -1.571062 0.987506 -0.000266 -1.000000 0.550773 0.834655 0.000899 0.035954 -0.009747 0.429322 20.000000 0.429322 0.000000 0.000001 -0.999953 0.008204 20.000000 0.008204 0.868072 34.722866 0.256142 0.437494 20.000000 0.437494 0.174198 6.967905 0.966639 0.079186 20.000000 0.079186
 0.400000 -0.998238 0.059339 0.982967 0.183781 -1.511422 1.385965 0.059339 -0.998238 0.183781 0.982967 0.095457 7.636592 -0.009747 0.576152 40.000000 0.576152 0.000059 0.004704 -0.999953 0.009175 40.000000 0.009175 0.104723 8.377859 0.256142 0.652620 40.000000 0.652620 0.005332 0.426573 0.966639 0.103852 40.000000 0.103852
 0.600000 -0.997905 0.064702 0.969719 0.244223 -1.506049 1.324078 0.064702 -0.997905 0.244223 0.969719 0.166277 19.953285 -0.009747 0.652738 60.000000 0.652738 0.000126 0.015098 -0.999953 0.009549 60.000000 0.009549 0.004262 0.511484 0.256142 0.812947 60.000000 0.812947 0.000285 0.034153 0.966639 0.126978 60.000000 0.126978
 0.800000 -0.999998 0.001893 0.948099 0.317974 -1.568903 1.247204 0.001893 -0.999998 0.317974 0.948099 0.005419 0.867049 -0.009747 0.745442 80.000000 0.745442 0.000000 0.000013 -0.999953 0.009931 80.000000 0.009931 0.152928 24.468543 0.256142 0.870390 80.000000 0.870390 0.013749 2.199834 0.966639 0.131255 80.000000 0.131255
 1.000000 -0.997906 -0.064677 0.983715 0.179734 -1.635519 1.390080 -0.064677 -0.997906 0.179734 0.983715 0.150869 30.173712 -0.009747 0.830210 100.000000 0.830210 0.000209 0.041872 -0.999953 0.010215 100.000000 0.010215 0.291913 58.382600 0.256142 0.906287 100.000000 0.906287 0.014580 2.915968 0.966639 0.133900 100.000000 0.133900
 1.200000 -0.998629 0.052344 0.985229 0.171244 -1.518429 1.398704 0.052344 -0.998629 0.171244 0.985229 0.231312 55.514801 -0.009747 0.926102 120.000000 0.926102 0.000105 0.025219 -0.999953 0.010633 120.000000 0.010633 0.432463 103.791146 0.256142 0.992021 120.000000 0.992021 0.020734 4.976238 0.966639 0.141240 120.000000 0.141240
 1.400000 -0.999097 0.042490 0.979942 0.199285 -1.528293 1.370168 0.042490 -0.999097 0.199285 0.979942 0.191007 53.482024 -0.009747 0.960907 140.000000 0.960907 0.000051 0.014349 -0.999953 0.010712 140.000000 0.010712 0.226294 63.362268 0.256142 1.092941 140.000000 1.092941 0.012387 3.468359 0.966639 0.149518 140.000000 0.149518
 1.600000 -0.999952 0.009762 0.961524 0.274722 -1.561035 1.292496 0.009762 -0.999952 0.274722 0.961524 0.030445 9.742527 -0.009747 1.007086 160.000000 1.007086 0.000000 0.000000 -0.999953 0.010845 160.000000 0.010845 0.027615 8.836748 0.256142 1.162435 160.000000 1.162435 0.002093 0.669841 0.966639 0.156253 160.000000 0.156253
 1.800000 -0.999816 -0.019167 0.970210 0.242266 -1.589964 1.326095 -0.019167 -0.999816 0.242266 0.970210 0.007987 2.875214 -0.009747 1.051979 180.000000 1.051979 0.000002 0.000601 -0.999953 0.010933 180.000000 0.010933 0.017329 6.238496 0.256142 1.193860 180.000000 1.193860 0.001148 0.413104 0.966639 0.158909 180.000000 0.158909
 2.000000 -0.987406 0.158208 0.943046 0.332661 -1.411920 1.231672 0.158208 -0.987406 0.332661 0.943046 2.820882 1128.352805 -0.009747 1.081931 200.000000 1.081931 0.015742 6.296829 -0.999953 0.011013 200.000000 0.011013 0.585513 234.205105 0.256142 1.219765 200.000000 1.219765 0.055661 22.264530 0.966639 0.161376 200.000000 0.161376
 2.200000 -0.993223 0.116225 0.956942 0.290280 -1.454308 1.276277 0.116225 -0.993223 0.290280 0.956942 0.915094 366.037614 0.020564 0.972495 200.000000 0.972495 0.428377 171.350776 -0.927772 0.495581 200.000000 0.495581 1.769803 707.921079 0.157246 1.377810 200.000000 1.377810 0.050976 20.390410 0.979520 0.158528 200.000000 0.158528
 2.400000 -0.998004 0.063149 0.988390 0.151935 -1.507605 1.418271 0.063149 -0.998004 0.151935 0.988390 0.015064 6.025668 0.050875 0.786160 200.000000 0.786160 2.028112 811.244891 -0.855592 2.009052 200.000000 2.009052 0.875834 350.333737 0.058349 1.623980 200.000000 1.623980 0.001608 0.643180 0.992400 0.148104 200.000000 0.148104
 2.600000 -0.999954 -0.009643 0.981822 0.189803 -1.580440 1.379835 -0.009643 -0.999954 0.189803 0.981822 0.825003 330.001301 0.081186 0.632674 200.000000 0.632674 4.689013 1875.605192 -0.783412 4.518312 200.000000 4.518312 3.602511 1441.004413 0.000000 1.262313 200.000000 1.262313 0.033043 13.217254 1.000000 0.147531 200.000000 0.147531
 2.800000 -0.996409 0.084666 0.999478 0.032303 -1.486029 1.538487 0.084666 -0.996409 0.032303 0.999478 0.071994 28.797420 0.111497 0.401729 200.000000 0.401729 8.132610 3253.043934 -0.711232 8.009506 200.000000 8.009506 0.104351 41.740475 0.000000 1.262313 200.000000 1.262313 0.000027 0.010895 1.000000 0.147531 200.000000 0.147531
 3.000000 -0.991258 0.131941 0.996144 0.087731 -1.438470 1.482953 0.131941 -0.991258 0.087731 0.996144 0.009737 3.894604 0.141808 0.007590 200.000000 0.007590 12.404878 4961.951113 -0.639052 12.406581 200.000000 12.406581 0.769664 307.865655 0.000000 1.262313 200.000000 1.262313 0.001487 0.594674 1.000000 0.147531 200.000000 0.147531
 3.200000 -0.983782 0.179371 0.999060 -0.043357 -1.390449 1.614167 0.179371 -0.983782 -0.043357 0.999060 0.005259 2.103605 0.172119 -0.447938 200.000000 -0.447938 17.381361 6952.544420 -0.566872 17.677601 200.000000 17.677601 0.187984 75.193553 0.000000 1.262313 200.000000 1.262313 0.000088 0.035371 1.000000 0.147531 200.000000 0.147531
 3.400000 -0.955312 0.295601 0.999981 0.006199 -1.270712 1.564597 0.295601 -0.955312 0.006199 0.999981 0.868077 347.230619 0.202430 -1.184643 200.000000 -1.184643 21.217060 8486.824138 -0.494692 23.718122 200.000000 23.718122 0.003843 1.537150 0.000000 1.262313 200.000000 1.262313 0.000000 0.000015 1.000000 0.147531 200.000000 0.147531
 3.600000 -0.844418 0.535685 0.996277 0.086209 -1.005478 1.484480 0.535685 -0.844418 0.086209 0.996277 9.177508 3671.003371 0.232741 -2.282984 200.000000 -2.282984 17.800487 7120.194983 -0.422512 30.292051 200.000000 30.292051 0.743194 297.277676 0.000000 1.262313 200.000000 1.262313 0.001386 0.554400 1.000000 0.147531 200.000000 0.147531
 3.800000 -0.846293 0.532717 0.997882 -0.065046 -1.008988 1.635888 0.532717 -0.846293 -0.065046 0.997882 7.271935 2908.773975 0.263052 -3.791653 200.000000 -3.791653 24.597810 9839.124046 -0.350332 37.128054 200.000000 37.128054 0.423100 169.240196 0.000000 1.262313 200.000000 1.262313 0.000448 0.179394 1.000000 0.147531 200.000000 0.147531
 4.000000 -0.755564 0.655075 0.996499 -0.083609 -0.856514 1.654503 0.655075 -0.755564 -0.083609 0.996499 13.083582 5233.432917 0.293363 -5.553953 200.000000 -5.553953 22.792249 9116.899453 -0.278152 44.348174 200.000000 44.348174 0.699044 279.617585 0.000000 1.262313 200.000000 1.262313 0.001226 0.490378 1.000000 0.147531 200.000000 0.147531
 4.200000 -0.589752 0.807584 0.992453 -0.122626 -0.630752 1.693731 0.807584 -0.589752 -0.122626 0.992453 23.416932 9366.772962 0.323674 -7.977432 200.000000 -7.977432 14.728787 5891.514962 -0.205971 50.984320 200.000000 50.984320 1.503707 601.482744 0.000000 1.262313 200.000000 1.262313 0.005696 2.278296 1.000000 0.147531 200.000000 0.147531
 4.400000 -0.394924 0.918714 0.989459 -0.144813 -0.405985 1.716120 0.918714 -0.394924 -0.144813 0.989459 31.891927 12756.770895 0.353985 -10.801580 200.000000 -10.801580 6.819011 2727.604316 -0.133791 57.008496 200.000000 57.008496 2.097070 838.827972 0.000000 1.262313 200.000000 1.262313 0.011111 4.444427 1.000000 0.147531 200.000000 0.147531
 4.600000 -0.182669 0.983174 0.999297 0.037477 -0.183700 1.533311 0.983174 -0.182669 0.037477 0.999297 35.865610 14346.243823 0.384295 -14.216040 200.000000 -14.216040 1.465494 586.197737 -0.061611 60.467323 200.000000 60.467323 0.140451 56.180309 0.000000 1.262313 200.000000 1.262313 0.000049 0.019740 1.000000 0.147531 200.000000 0.147531
 4.800000 0.101556 0.994830 0.986021 0.166623 0.101731 1.403392 0.994830 0.101556 0.166623 0.986021 33.665929 13466.371502 0.414606 -17.796492 200.000000 -17.796492 0.827859 331.143420 0.010569 61.357691 200.000000 61.357691 2.776326 1110.530431 0.000000 1.262313 200.000000 1.262313 0.019542 7.816879 1.000000 0.147531 200.000000 0.147531
 5.000000 0.079201 0.996859 0.996405 0.084720 0.079284 1.485975 0.996859 0.079201 0.084720 0.996405 30.463928 12185.571228 0.444917 -21.228659 200.000000 -21.228659 0.001259 0.503572 0.082749 61.612870 200.000000 61.612870 0.717744 287.097606 0.000000 1.262313 200.000000 1.262313 0.001293 0.517014 1.000000 0.147531 200.000000 0.147531
 5.200000 0.361476 0.932381 0.988554 0.150870 0.369851 1.419349 0.932381 0.361476 0.150870 0.988554 20.898901 8359.560357 0.475228 -24.273141 200.000000 -24.273141 4.266167 1706.466997 0.154929 59.619882 200.000000 59.619882 2.276161 910.464403 0.000000 1.262313 200.000000 1.262313 0.013102 5.240724 1.000000 0.147531 200.000000 0.147531
 5.400000 0.296747 0.954956 0.999061 0.043316 0.301284 1.527466 0.954956 0.296747 0.043316 0.999061 20.197574 8079.029796 0.505539 -26.980501 200.000000 -26.980501 0.484937 193.974861 0.227109 57.514855 200.000000 57.514855 0.187631 75.052229 0.000000 1.262313 200.000000 1.262313 0.000088 0.035238 1.000000 0.147531 200.000000 0.147531
 5.600000 0.344186 0.938901 0.999517 0.031092 0.351372 1.539699 0.938901 0.344186 0.031092 0.999517 16.245041 6498.016301 0.535850 -29.296449 200.000000 -29.296449 0.201573 80.629174 0.299289 55.166609 200.000000 55.166609 0.096670 38.668098 0.000000 1.262313 200.000000 1.262313 0.000023 0.009350 1.000000 0.147531 200.000000 0.147531
 5.800000 0.543851 0.839182 0.997044 0.076839 0.575020 1.493881 0.839182 0.543851 0.076839 0.997044 7.454028 2981.611228 0.566161 -31.100005 200.000000 -31.100005 2.971552 1188.620618 0.371469 52.482535 200.000000 52.482535 0.590425 236.170176 0.000000 1.262313 200.000000 1.262313 0.000874 0.349635 1.000000 0.147531 200.000000 0.147531
 6.000000 0.628950 0.777446 0.999091 -0.042626 0.680202 1.613435 0.777446 0.628950 -0.042626 0.999091 3.275159 1310.063420 0.596472 -32.607392 200.000000 -32.607392 3.433623 1373.449212 0.443649 50.366491 200.000000 50.366491 0.181696 72.678527 0.000000 1.262313 200.000000 1.262313 0.000083 0.033044 1.000000 0.147531 200.000000 0.147531
 6.200000 0.689225 0.724547 0.998450 -0.055653 0.760419 1.626479 0.724547 0.689225 -0.055653 0.998450 0.955792 382.316841 0.626783 -33.631834 200.000000 -33.631834 3.006596 1202.638408 0.515830 48.290828 200.000000 48.290828 0.309731 123.892272 0.000000 1.262313 200.000000 1.262313 0.000240 0.096082 1.000000 0.147531 200.000000 0.147531
 6.400000 0.717397 0.696665 0.998520 -0.054387 0.800059 1.625210 0.696665 0.717397 -0.054387 0.998520 0.156585 62.634124 0.657094 -34.247366 200.000000 -34.247366 1.674108 669.643374 0.588010 46.701647 200.000000 46.701647 0.295795 118.318095 0.000000 1.262313 200.000000 1.262313 0.000219 0.087624 1.000000 0.147531 200.000000 0.147531
 6.600000 0.704273 0.709929 0.999965 -0.008336 0.781399 1.579133 0.709929 0.704273 -0.008336 0.999965 0.050735 20.294140 0.687405 -34.660318 200.000000 -34.660318 0.194334 77.733643 0.660190 46.064876 200.000000 46.064876 0.006949 2.779644 0.000000 1.262313 200.000000 1.262313 0.000000 0.000048 1.000000 0.147531 200.000000 0.147531
 6.800000 0.736831 0.676077 0.999981 0.006182 0.828370 1.564614 0.676077 0.736831 0.006182 0.999981 0.096283 38.513066 0.707107 -34.717168 200.000000 -34.717168 0.088351 35.340388 0.707107 45.910006 200.000000 45.910006 0.003822 1.528768 0.000000 1.262313 200.000000 1.262313 0.000000 0.000015 1.000000 0.147531 200.000000 0.147531
 7.000000 0.718292 0.695741 0.999991 0.004296 0.801345 1.566500 0.695741 0.718292 0.004296 0.999991 0.012917 5.166981 0.707107 -34.717168 200.000000 -34.717168 0.012512 5.004781 0.707107 45.910006 200.000000 45.910006 0.001846 0.738327 0.000000 1.262313 200.000000 1.262313 0.000000 0.000003 1.000000 0.147531 200.000000 0.147531
 7.200000 0.800910 0.598784 0.999965 0.008390 0.928814 1.562407 0.598784 0.800910 0.008390 0.999965 1.173376 469.350327 0.707107 -34.717168 200.000000 -34.717168 0.879911 351.964211 0.707107 45.910006 200.000000 45.910006 0.007039 2.815409 0.000000 1.262313 200.000000 1.262313 0.000000 0.000050 1.000000 0.147531 200.000000 0.147531
 7.400000 0.723216 0.690622 0.999796 0.020179 0.808448 1.550616 0.690622 0.723216 0.020179 0.999796 0.027176 10.870251 0.707107 -34.717168 200.000000 -34.717168 0.025951 10.380470 0.707107 45.910006 200.000000 45.910006 0.040717 16.286924 0.000000 1.262313 200.000000 1.262313 0.000004 0.001658 1.000000 0.147531 200.000000 0.147531
 7.600000 0.734083 0.679060 0.999900 0.014128 0.824315 1.556667 0.679060 0.734083 0.014128 0.999900 0.078664 31.465577 0.707107 -34.717168 200.000000 -34.717168 0.072772 29.108786 0.707107 45.910006 200.000000 45.910006 0.019961 7.984426 0.000000 1.262313 200.000000 1.262313 0.000001 0.000398 1.000000 0.147531 200.000000 0.147531
 7.800000 0.664080 0.747662 0.997180 0.075042 0.726262 1.495683 0.747662 0.664080 0.075042 0.997180 0.164471 65.788375 0.707107 -34.717168 200.000000 -34.717168 0.185133 74.053219 0.707107 45.910006 200.000000 45.910006 0.563134 225.253588 0.000000 1.262313 200.000000 1.262313 0.000795 0.318016 1.000000 0.147531 200.000000 0.147531
 8.000000 0.643224 0.765678 0.993029 0.117872 0.698702 1.452649 0.765678 0.643224 0.117872 0.993029 0.343055 137.221848 0.707107 -34.717168 200.000000 -34.717168 0.408095 163.237893 0.707107 45.910006 200.000000 45.910006 1.389392 555.756732 0.000000 1.262313 200.000000 1.262313 0.004860 1.943938 1.000000 0.147531 200.000000 0.147531
 8.200000 0.751676 0.659533 0.998037 0.062629 0.850599 1.508127 0.659533 0.751676 0.062629 0.998037 0.226326 90.530558 0.707107 -34.717168 200.000000 -34.717168 0.198638 79.455195 0.707107 45.910006 200.000000 45.910006 0.392236 156.894259 0.000000 1.262313 200.000000 1.262313 0.000385 0.154151 1.000000 0.147531 200.000000 0.147531
 8.400000 0.689756 0.724042 0.987672 0.156540 0.761152 1.413610 0.724042 0.689756 0.156540 0.987672 0.028680 11.471895 0.707107 -34.717168 200.000000 -34.717168 0.030105 12.041960 0.707107 45.910006 200.000000 45.910006 2.450481 980.192457 0.000000 1.262313 200.000000 1.262313 0.015199 6.079578 1.000000 0.147531 200.000000 0.147531
 8.600000 0.678905 0.734226 0.986382 0.164473 0.746270 1.405573 0.734226 0.678905 0.164473 0.986382 0.073546 29.418367 0.707107 -34.717168 200.000000 -34.717168 0.079534 31.813638 0.707107 45.910006 200.000000 45.910006 2.705123 1082.049354 0.000000 1.262313 200.000000 1.262313 0.018546 7.418375 1.000000 0.147531 200.000000 0.147531
 8.800000 0.680753 0.732513 0.996759 0.080445 0.748790 1.490264 0.732513 0.680753 0.080445 0.996759 0.064548 25.819003 0.707107 -34.717168 200.000000 -34.717168 0.069452 27.780743 0.707107 45.910006 200.000000 45.910006 0.647142 258.856724 0.000000 1.262313 200.000000 1.262313 0.001050 0.420153 1.000000 0.147531 200.000000 0.147531
 9.000000 0.675997 0.736904 0.998043 0.062530 0.742317 1.508225 0.736904 0.675997 0.062530 0.998043 0.088790 35.515936 0.707107 -34.717168 200.000000 -34.717168 0.096782 38.712825 0.707107 45.910006 200.000000 45.910006 0.391000 156.400071 0.000000 1.262313 200.000000 1.262313 0.000383 0.153181 1.000000 0.147531 200.000000 0.147531
 9.200000 0.670619 0.741802 0.999091 0.042630 0.735043 1.528153 0.741802 0.670619 0.042630 0.999091 0.120374 48.149758 0.707107 -34.717168 200.000000 -34.717168 0.133134 53.253774 0.707107 45.910006 200.000000 45.910006 0.181733 72.693186 0.000000 1.262313 200.000000 1.262313 0.000083 0.033057 1.000000 0.147531 200.000000 0.147531
 9.400000 0.709588 0.704617 0.996796 0.079985 0.788913 1.490726 0.704617 0.709588 0.079985 0.996796 0.000620 0.247906 0.707107 -34.717168 200.000000 -34.717168 0.000615 0.246170 0.707107 45.910006 200.000000 45.910006 0.639764 255.905593 0.000000 1.262313 200.000000 1.262313 0.001027 0.410612 1.000000 0.147531 200.000000 0.147531
 9.600000 0.679214 0.733941 0.999540 0.030334 0.746691 1.540458 0.733941 0.679214 0.030334 0.999540 0.072005 28.802159 0.707107 -34.717168 200.000000 -34.717168 0.077803 31.121056 0.707107 45.910006 200.000000 45.910006 0.092012 36.804964 0.000000 1.262313 200.000000 1.262313 0.000021 0.008470 1.000000 0.147531 200.000000 0.147531
 9.800000 0.737166 0.675711 0.998773 -0.049517 0.828867 1.620333 0.675711 0.737166 -0.049517 0.998773 0.098568 39.427334 0.707107 -34.717168 200.000000 -34.717168 0.090358 36.143375 0.707107 45.910006 200.000000 45.910006 0.245191 98.076582 0.000000 1.262313 200.000000 1.262313 0.000150 0.060193 1.000000 0.147531 200.000000 0.147531
 10.000000 0.687946 0.725762 0.999950 0.010043 0.758656 1.560753 0.725762 0.687946 0.010043 0.999950 0.034800 13.919992 0.707107 -34.717168 200.000000 -34.717168 0.036712 14.684867 0.707107 45.910006 200.000000 45.910006 0.010087 4.034844 0.000000 1.262313 200.000000 1.262313 0.000000 0.000102 1.000000 0.147531 200.000000 0.147531
 10.200000 0.718136 0.695903 0.999701 0.024462 0.801120 1.546332 0.695903 0.718136 0.024462 0.999701 0.012553 5.021345 0.707107 -34.717168 200.000000 -34.717168 0.012165 4.865902 0.707107 45.910006 200.000000 45.910006 0.059840 23.936187 0.000000 1.262313 200.000000 1.262313 0.000009 0.003582 1.000000 0.147531 200.000000 0.147531
 10.400000 0.702142 0.712037 0.999843 -0.017727 0.778401 1.588524 0.712037 0.702142 -0.017727 0.999843 0.002431 0.972226 0.707107 -34.717168 200.000000 -34.717168 0.002465 0.985927 0.707107 45.910006 200.000000 45.910006 0.031425 12.570155 0.000000 1.262313 200.000000 1.262313 0.000002 0.000988 1.000000 0.147531 200.000000 0.147531
 10.600000 0.676718 0.736242 0.993022 -0.117927 0.743296 1.688999 0.736242 0.676718 -0.117927 0.993022 0.084887 33.954852 0.707107 -34.717168 200.000000 -34.717168 0.092347 36.938752 0.707107 45.910006 200.000000 45.910006 1.390681 556.272222 0.000000 1.262313 200.000000 1.262313 0.004869 1.947558 1.000000 0.147531 200.000000 0.147531
 10.800000 0.724127 0.689667 0.999489 0.031974 0.809767 1.538816 0.689667 0.724127 0.031974 0.999489 0.030414 12.165723 0.707107 -34.717168 200.000000 -34.717168 0.028967 11.586952 0.707107 45.910006 200.000000 45.910006 0.102236 40.894463 0.000000 1.262313 200.000000 1.262313 0.000026 0.010458 1.000000 0.147531 200.000000 0.147531
 11.000000 0.713687 0.700465 0.998511 0.054552 0.794747 1.516217 0.700465 0.713687 0.054552 0.998511 0.004411 1.764453 0.707107 -34.717168 200.000000 -34.717168 0.004329 1.731767 0.707107 45.910006 200.000000 45.910006 0.297590 119.036048 0.000000 1.262313 200.000000 1.262313 0.000222 0.088692 1.000000 0.147531 200.000000 0.147531
 11.200000 0.724541 0.689232 0.997297 0.073477 0.810368 1.497253 0.689232 0.724541 0.073477 0.997297 0.031952 12.780823 0.707107 -34.717168 200.000000 -34.717168 0.030395 12.158159 0.707107 45.910006 200.000000 45.910006 0.539885 215.953899 0.000000 1.262313 200.000000 1.262313 0.000731 0.292265 1.000000 0.147531 200.000000 0.147531
 11.400000 0.723154 0.690687 0.999652 0.026391 0.808358 1.544403 0.690687 0.723154 0.026391 0.999652 0.026961 10.784237 0.707107 -34.717168 200.000000 -34.717168 0.025750 10.300193 0.707107 45.910006 200.000000 45.910006 0.069647 27.858816 0.000000 1.262313 200.000000 1.262313 0.000012 0.004852 1.000000 0.147531 200.000000 0.147531
 11.600000 0.748465 0.663174 0.998981 0.045142 0.845745 1.525639 0.663174 0.748465 0.045142 0.998981 0.193011 77.204466 0.707107 -34.717168 200.000000 -34.717168 0.171054 68.421698 0.707107 45.910006 200.000000 45.910006 0.203777 81.510971 0.000000 1.262313 200.000000 1.262313 0.000104 0.041568 1.000000 0.147531 200.000000 0.147531
 11.800000 0.693898 0.720074 0.997940 0.064147 0.766888 1.506606 0.720074 0.693898 0.064147 0.997940 0.016814 6.725537 0.707107 -34.717168 200.000000 -34.717168 0.017448 6.979200 0.707107 45.910006 200.000000 45.910006 0.411478 164.591290 0.000000 1.262313 200.000000 1.262313 0.000424 0.169664 1.000000 0.147531 200.000000 0.147531
 12.000000 0.699565 0.714569 0.999983 0.005895 0.774788 1.564901 0.714569 0.699565 0.005895 0.999983 0.005568 2.227398 0.707107 -34.717168 200.000000 -34.717168 0.005688 2.275168 0.707107 45.910006 200.000000 45.910006 0.003475 1.390048 0.000000 1.262313 200.000000 1.262313 0.000000 0.000012 1.000000 0.147531 200.000000 0.147531
 12.200000 0.682054 0.731302 0.999868 -0.016252 0.750568 1.587049 0.731302 0.682054 -0.016252 0.999868 0.058539 23.415611 0.707107 -34.717168 200.000000 -34.717168 0.062763 25.105262 0.707107 45.910006 200.000000 45.910006 0.026414 10.565685 0.000000 1.262313 200.000000 1.262313 0.000002 0.000698 1.000000 0.147531 200.000000 0.147531
 12.400000 0.717709 0.696343 0.998135 0.061040 0.800507 1.509718 0.696343 0.717709 0.061040 0.998135 0.011585 4.634137 0.707107 -34.717168 200.000000 -34.717168 0.011240 4.496198 0.707107 45.910006 200.000000 45.910006 0.372588 149.035024 0.000000 1.262313 200.000000 1.262313 0.000348 0.139081 1.000000 0.147531 200.000000 0.147531
 12.600000 0.657342 0.753592 0.996612 0.082246 0.717287 1.488457 0.753592 0.657342 0.082246 0.996612 0.216088 86.435379 0.707107 -34.717168 200.000000 -34.717168 0.247650 99.059980 0.707107 45.910006 200.000000 45.910006 0.676439 270.575696 0.000000 1.262313 200.000000 1.262313 0.001148 0.459124 1.000000 0.147531 200.000000 0.147531
 12.800000 0.680812 0.732458 0.998212 0.059773 0.748871 1.510987 0.732458 0.680812 0.059773 0.998212 0.064270 25.707942 0.707107 -34.717168 200.000000 -34.717168 0.069142 27.656796 0.707107 45.910006 200.000000 45.910006 0.357286 142.914534 0.000000 1.262313 200.000000 1.262313 0.000320 0.127882 1.000000 0.147531 200.000000 0.147531
 13.000000 0.721974 0.691920 0.999737 0.022914 0.806651 1.547880 0.691920 0.721974 0.022914 0.999737 0.023064 9.225483 0.707107 -34.717168 200.000000 -34.717168 0.022104 8.841533 0.707107 45.910006 200.000000 45.910006 0.052505 21.001934 0.000000 1.262313 200.000000 1.262313 0.000007 0.002757 1.000000 0.147531 200.000000 0.147531
 13.200000 0.751164 0.660115 0.997530 0.070245 0.849824 1.500493 0.660115 0.751164 0.070245 0.997530 0.220820 88.328085 0.707107 -34.717168 200.000000 -34.717168 0.194107 77.642657 0.707107 45.910006 200.000000 45.910006 0.493436 197.374231 0.000000 1.262313 200.000000 1.262313 0.000610 0.244081 1.000000 0.147531 200.000000 0.147531
 13.400000 0.655136 0.755511 0.996801 0.079924 0.714363 1.490787 0.755511 0.655136 0.079924 0.996801 0.234295 93.718142 0.707107 -34.717168 200.000000 -34.717168 0.270095 108.037906 0.707107 45.910006 200.000000 45.910006 0.638788 255.515251 0.000000 1.262313 200.000000 1.262313 0.001023 0.409359 1.000000 0.147531 200.000000 0.147531
 13.600000 0.691763 0.722124 0.999777 0.021135 0.763928 1.549659 0.722124 0.691763 0.021135 0.999777 0.022553 9.021261 0.707107 -34.717168 200.000000 -34.717168 0.023543 9.417110 0.707107 45.910006 200.000000 45.910006 0.044670 17.868064 0.000000 1.262313 200.000000 1.262313 0.000005 0.001996 1.000000 0.147531 200.000000 0.147531
 13.800000 0.767735 0.640767 0.999827 -0.018586 0.875299 1.589384 0.640767 0.767735 -0.018586 0.999827 0.440093 176.037040 0.707107 -34.717168 200.000000 -34.717168 0.367580 147.031962 0.707107 45.910006 200.000000 45.910006 0.034545 13.818151 0.000000 1.262313 200.000000 1.262313 0.000003 0.001194 1.000000 0.147531 200.000000 0.147531
 14.000000 0.695535 0.718492 0.999941 -0.010863 0.769164 1.581659 0.718492 0.695535 -0.010863 0.999941 0.012963 5.185141 0.707107 -34.717168 200.000000 -34.717168 0.013391 5.356262 0.707107 45.910006 200.000000 45.910006 0.011800 4.720080 0.000000 1.262313 200.000000 1.262313 0.000000 0.000139 1.000000 0.147531 200.000000 0.147531
 14.200000 0.639018 0.769192 0.999889 0.014874 0.693221 1.555922 0.769192 0.639018 0.014874 0.999889 0.385454 154.181491 0.707107 -34.717168 200.000000 -34.717168 0.463607 185.442762 0.707107 45.910006 200.000000 45.910006 0.022123 8.849054 0.000000 1.262313 200.000000 1.262313 0.000001 0.000489 1.000000 0.147531 200.000000 0.147531
 14.400000 0.724527 0.689246 0.998488 -0.054961 0.810348 1.625785 0.689246 0.724527 -0.054961 0.998488 0.031901 12.760308 0.707107 -34.717168 200.000000 -34.717168 0.030348 12.139124 0.707107 45.910006 200.000000 45.910006 0.302075 120.830072 0.000000 1.262313 200.000000 1.262313 0.000228 0.091387 1.000000 0.147531 200.000000 0.147531
 14.600000 0.768856 0.639422 0.999634 -0.027063 0.877050 1.597862 0.639422 0.768856 -0.027063 0.999634 0.458124 183.249621 0.707107 -34.717168 200.000000 -34.717168 0.381297 152.518835 0.707107 45.910006 200.000000 45.910006 0.073239 29.295534 0.000000 1.262313 200.000000 1.262313 0.000013 0.005366 1.000000 0.147531 200.000000 0.147531
 14.800000 0.710694 0.703501 0.997038 -0.076915 0.790484 1.647787 0.703501 0.710694 -0.076915 0.997038 0.001300 0.519994 0.707107 -34.717168 200.000000 -34.717168 0.001287 0.514732 0.707107 45.910006 200.000000 45.910006 0.591591 236.636474 0.000000 1.262313 200.000000 1.262313 0.000878 0.351019 1.000000 0.147531 200.000000 0.147531
 15.000000 0.644917 0.764253 0.999964 -0.008489 0.700915 1.579286 0.764253 0.644917 -0.008489 0.999964 0.326565 130.626178 0.707107 -34.717168 200.000000 -34.717168 0.386758 154.703161 0.707107 45.910006 200.000000 45.910006 0.007207 2.882784 0.000000 1.262313 200.000000 1.262313 0.000000 0.000052 1.000000 0.147531 200.000000 0.147531
 15.200000 0.707411 0.706803 0.999997 0.002461 0.785828 1.568336 0.706803 0.707411 0.002461 0.999997 0.000009 0.003700 0.707107 -34.717168 200.000000 -34.717168 0.000009 0.003696 0.707107 45.910006 200.000000 45.910006 0.000605 0.242173 0.000000 1.262313 200.000000 1.262313 0.000000 0.000000 1.000000 0.147531 200.000000 0.147531
 15.400000 0.745431 0.666582 0.999941 -0.010820 0.841182 1.581616 0.666582 0.745431 -0.010820 0.999941 0.164223 65.689262 0.707107 -34.717168 200.000000 -34.717168 0.146878 58.751122 0.707107 45.910006 200.000000 45.910006 0.011707 4.682625 0.000000 1.262313 200.000000 1.262313 0.000000 0.000137 1.000000 0.147531 200.000000 0.147531
 15.600000 0.705927 0.708285 0.999293 0.037610 0.783731 1.533178 0.708285 0.705927 0.037610 0.999293 0.000139 0.055524 0.707107 -34.717168 200.000000 -34.717168 0.000139 0.055709 0.707107 45.910006 200.000000 45.910006 0.141448 56.579312 0.000000 1.262313 200.000000 1.262313 0.000050 0.020022 1.000000 0.147531 200.000000 0.147531
 15.800000 0.711091 0.703100 0.997119 0.075854 0.791049 1.494870 0.703100 0.711091 0.075854 0.997119 0.001606 0.642260 0.707107 -34.717168 200.000000 -34.717168 0.001588 0.635043 0.707107 45.910006 200.000000 45.910006 0.575376 230.150420 0.000000 1.262313 200.000000 1.262313 0.000830 0.332013 1.000000 0.147531 200.000000 0.147531
 16.000000 0.695711 0.718322 0.997784 0.066535 0.769409 1.504212 0.718322 0.695711 0.066535 0.997784 0.012578 5.031155 0.707107 -34.717168 200.000000 -34.717168 0.012987 5.194649 0.707107 45.910006 200.000000 45.910006 0.442690 177.076048 0.000000 1.262313 200.000000 1.262313 0.000491 0.196410 1.000000 0.147531 200.000000 0.147531
 16.200000 0.751389 0.659860 0.999822 0.018851 0.850164 1.551944 0.659860 0.751389 0.018851 0.999822 0.223228 89.291358 0.707107 -34.717168 200.000000 -34.717168 0.196090 78.435910 0.707107 45.910006 200.000000 45.910006 0.035537 14.214767 0.000000 1.262313 200.000000 1.262313 0.000003 0.001263 1.000000 0.147531 200.000000 0.147531
 16.400000 0.687342 0.726334 0.999961 -0.008805 0.757823 1.579601 0.726334 0.687342 -0.008805 0.999961 0.036969 14.787412 0.707107 -34.717168 200.000000 -34.717168 0.039065 15.625955 0.707107 45.910006 200.000000 45.910006 0.007753 3.101049 0.000000 1.262313 200.000000 1.262313 0.000000 0.000060 1.000000 0.147531 200.000000 0.147531
 16.600000 0.667727 0.744407 0.994825 0.101603 0.731150 1.469017 0.744407 0.667727 0.101603 0.994825 0.139128 55.651298 0.707107 -34.717168 200.000000 -34.717168 0.155081 62.032224 0.707107 45.910006 200.000000 45.910006 1.032324 412.929693 0.000000 1.262313 200.000000 1.262313 0.002678 1.071230 1.000000 0.147531 200.000000 0.147531
 16.800000 0.691501 0.722375 0.999611 0.027898 0.763565 1.542894 0.722375 0.691501 0.027898 0.999611 0.023313 9.325057 0.707107 -34.717168 200.000000 -34.717168 0.024353 9.741299 0.707107 45.910006 200.000000 45.910006 0.077831 31.132510 0.000000 1.262313 200.000000 1.262313 0.000015 0.006060 1.000000 0.147531 200.000000 0.147531
 17.000000 0.708702 0.705508 0.999063 0.043283 0.787657 1.527500 0.705508 0.708702 0.043283 0.999063 0.000256 0.102291 0.707107 -34.717168 200.000000 -34.717168 0.000255 0.101830 0.707107 45.910006 200.000000 45.910006 0.187340 74.936069 0.000000 1.262313 200.000000 1.262313 0.000088 0.035129 1.000000 0.147531 200.000000 0.147531
 17.200000 0.703529 0.710666 0.997041 0.076870 0.780352 1.493851 0.710666 0.703529 0.076870 0.997041 0.001267 0.506742 0.707107 -34.717168 200.000000 -34.717168 0.001280 0.511882 0.707107 45.910006 200.000000 45.910006 0.590895 236.358008 0.000000 1.262313 200.000000 1.262313 0.000875 0.350192 1.000000 0.147531 200.000000 0.147531
 17.400000 0.729818 0.683641 0.999999 0.001293 0.818056 1.569503 0.683641 0.729818 0.001293 0.999999 0.055064 22.025687 0.707107 -34.717168 200.000000 -34.717168 0.051582 20.632787 0.707107 45.910006 200.000000 45.910006 0.000167 0.066911 0.000000 1.262313 200.000000 1.262313 0.000000 0.000000 1.000000 0.147531 200.000000 0.147531
 17.600000 0.705840 0.708371 0.997211 0.074630 0.783609 1.496097 0.708371 0.705840 0.074630 0.997211 0.000160 0.063923 0.707107 -34.717168 200.000000 -34.717168 0.000160 0.064152 0.707107 45.910006 200.000000 45.910006 0.556961 222.784431 0.000000 1.262313 200.000000 1.262313 0.000778 0.311073 1.000000 0.147531 200.000000 0.147531
 17.800000 0.692853 0.721079 0.998099 0.061635 0.765438 1.509122 0.721079 0.692853 0.061635 0.998099 0.019522 7.808788 0.707107 -34.717168 200.000000 -34.717168 0.020317 8.126843 0.707107 45.910006 200.000000 45.910006 0.379889 151.955762 0.000000 1.262313 200.000000 1.262313 0.000361 0.144591 1.000000 0.147531 200.000000 0.147531
 18.000000 0.745489 0.666518 0.997048 -0.076776 0.841268 1.647648 0.666518 0.745489 -0.076776 0.997048 0.164745 65.898181 0.707107 -34.717168 200.000000 -34.717168 0.147319 58.927778 0.707107 45.910006 200.000000 45.910006 0.589461 235.784428 0.000000 1.262313 200.000000 1.262313 0.000871 0.348492 1.000000 0.147531 200.000000 0.147531
 18.200000 0.680992 0.732291 0.999987 -0.005040 0.749117 1.575836 0.732291 0.680992 -0.005040 0.999987 0.063423 25.369058 0.707107 -34.717168 200.000000 -34.717168 0.068197 27.278776 0.707107 45.910006 200.000000 45.910006 0.002540 1.015923 0.000000 1.262313 200.000000 1.262313 0.000000 0.000006 1.000000 0.147531 200.000000 0.147531
 18.400000 0.683401 0.730043 0.999053 -0.043519 0.752412 1.614330 0.730043 0.683401 -0.043519 0.999053 0.052607 21.042720 0.707107 -34.717168 200.000000 -34.717168 0.056195 22.478064 0.707107 45.910006 200.000000 45.910006 0.189394 75.757640 0.000000 1.262313 200.000000 1.262313 0.000090 0.035904 1.000000 0.147531 200.000000 0.147531
 18.600000 0.725968 0.687729 0.996970 0.077783 0.812441 1.492935 0.687729 0.725968 0.077783 0.996970 0.037551 15.020565 0.707107 -34.717168 200.000000 -34.717168 0.035574 14.229661 0.707107 45.910006 200.000000 45.910006 0.605020 242.008118 0.000000 1.262313 200.000000 1.262313 0.000918 0.367161 1.000000 0.147531 200.000000 0.147531
 18.800000 0.717915 0.696131 0.996393 0.084860 0.800803 1.485834 0.696131 0.717915 0.084860 0.996393 0.012048 4.819072 0.707107 -34.717168 200.000000 -34.717168 0.011682 4.672858 0.707107 45.910006 200.000000 45.910006 0.720119 288.047580 0.000000 1.262313 200.000000 1.262313 0.001301 0.520447 1.000000 0.147531 200.000000 0.147531
 19.000000 0.767346 0.641233 0.999629 0.027226 0.874692 1.543567 0.641233 0.767346 0.027226 0.999629 0.433935 173.574188 0.707107 -34.717168 200.000000 -34.717168 0.362879 145.151646 0.707107 45.910006 200.000000 45.910006 0.074128 29.651039 0.000000 1.262313 200.000000 1.262313 0.000014 0.005497 1.000000 0.147531 200.000000 0.147531
 19.200000 0.676296 0.736630 0.993800 0.111186 0.742723 1.459380 0.736630 0.676296 0.111186 0.993800 0.087162 34.864985 0.707107 -34.717168 200.000000 -34.717168 0.094931 37.972426 0.707107 45.910006 200.000000 45.910006 1.236236 494.494412 0.000000 1.262313 200.000000 1.262313 0.003844 1.537800 1.000000 0.147531 200.000000 0.147531
 19.400000 0.697902 0.716193 0.996577 0.082669 0.772464 1.488033 0.716193 0.697902 0.082669 0.996577 0.008257 3.302628 0.707107 -34.717168 200.000000 -34.717168 0.008473 3.389180 0.707107 45.910006 200.000000 45.910006 0.683412 273.364890 0.000000 1.262313 200.000000 1.262313 0.001172 0.468655 1.000000 0.147531 200.000000 0.147531
 19.600000 0.683758 0.729709 0.997248 0.074134 0.752900 1.496594 0.729709 0.683758 0.074134 0.997248 0.051087 20.434660 0.707107 -34.717168 200.000000 -34.717168 0.054518 21.807208 0.707107 45.910006 200.000000 45.910006 0.549584 219.833474 0.000000 1.262313 200.000000 1.262313 0.000757 0.302875 1.000000 0.147531 200.000000 0.147531
 19.800000 0.675483 0.737376 0.996615 0.082213 0.741620 1.488490 0.737376 0.675483 0.082213 0.996615 0.091620 36.647847 0.707107 -34.717168 200.000000 -34.717168 0.100006 40.002414 0.707107 45.910006 200.000000 45.910006 0.675902 270.360811 0.000000 1.262313 200.000000 1.262313 0.001146 0.458394 1.000000 0.147531 200.000000 0.147531
 20.000000 0.736613 0.676315 0.997653 0.068465 0.828048 1.502277 0.676315 0.736613 0.068465 0.997653 0.094816 37.926202 0.707107 -34.717168 200.000000 -34.717168 0.087061 34.824319 0.707107 45.910006 200.000000 45.910006 0.468751 187.500502 0.000000 1.262313 200.000000 1.262313 0.000551 0.220244 1.000000 0.147531 200.000000 0.147531
