#! FIELDS time sin_phi cos_phi sin_psi cos_psi phi psi cos_phi sin_phi cos_psi sin_psi restraint_phi_cos.bias restraint_phi_cos.force2 restraint_phi_cos.cos_phi_cntr restraint_phi_cos.cos_phi_work restraint_phi_cos.cos_phi_kappa restraint_phi_cos.work restraint_phi_sin.bias restraint_phi_sin.force2 restraint_phi_sin.sin_phi_cntr restraint_phi_sin.sin_phi_work restraint_phi_sin.sin_phi_kappa restraint_phi_sin.work restraint_psi_cos.bias restraint_psi_cos.force2 restraint_psi_cos.cos_psi_cntr restraint_psi_cos.cos_psi_work restraint_psi_cos.cos_psi_kappa restraint_psi_cos.work restraint_psi_sin.bias restraint_psi_sin.force2 restraint_psi_sin.sin_psi_cntr restraint_psi_sin.sin_psi_work restraint_psi_sin.sin_psi_kappa restraint_psi_sin.work
#! SET min_phi -pi
#! SET max_phi pi
#! SET min_psi -pi
#! SET max_psi pi
 0.000000 -0.999983 -0.005782 0.966116 0.258110 -1.576579 1.309731 -0.005782 -0.999983 0.258110 0.966116 0.000000 0.000000 -0.009747 0.000000 0.000000 0.000000 0.000000 0.000000 -0.999953 0.000000 0.000000 0.000000 0.000000 0.000000 0.256142 0.000000 0.000000 0.000000 0.000000 0.000000 0.966639 0.000000 0.000000 0.000000
 0.200000 -1.000000 -0.000266 0.834654 0.550774 -1.571062 0.987505 -0.000266 -1.000000 0.550774 0.834654 0.000899 0.035952 -0.009747 0.429322 20.000000 0.429322 0.000000 0.000001 -0.999953 0.008204 20.000000 0.008204 0.868079 34.723159 0.256142 0.437494 20.000000 0.437494 0.174200 6.967991 0.966639 0.079186 20.000000 0.079186
 0.400000 -0.998238 0.059344 0.982966 0.183790 -1.511418 1.385956 0.059344 -0.998238 0.183790 0.982966 0.095469 7.637512 -0.009747 0.576150 40.000000 0.576150 0.000059 0.004705 -0.999953 0.009175 40.000000 0.009175 0.104699 8.375897 0.256142 0.652622 40.000000 0.652622 0.005331 0.426490 0.966639 0.103852 40.000000 0.103852
 0.600000 -0.997904 0.064712 0.969719 0.244224 -1.506039 1.324077 0.064712 -0.997904 0.244224 0.969719 0.166321 19.958503 -0.009747 0.652735 60.000000 0.652735 0.000126 0.015107 -0.999953 0.009549 60.000000 0.009549 0.004261 0.511338 0.256142 0.812947 60.000000 0.812947 0.000285 0.034144 0.966639 0.126978 60.000000 0.126978
 0.800000 -0.999998 0.001903 0.948101 0.317970 -1.568894 1.247209 0.001903 -0.999998 0.317970 0.948101 0.005428 0.868524 -0.009747 0.745436 80.000000 0.745436 0.000000 0.000013 -0.999953 0.009931 80.000000 0.009931 0.152906 24.464912 0.256142 0.870390 80.000000 0.870390 0.013747 2.199469 0.966639 0.131255 80.000000 0.131255
 1.000000 -0.997910 -0.064626 0.983712 0.179754 -1.635467 1.390060 -0.064626 -0.997910 0.179754 0.983712 0.150586 30.117270 -0.009747 0.830203 100.000000 0.830203 0.000209 0.041736 -0.999953 0.010215 100.000000 0.010215 0.291759 58.351722 0.256142 0.906282 100.000000 0.906282 0.014574 2.914707 0.966639 0.133899 100.000000 0.133899
 1.200000 -0.998631 0.052315 0.985228 0.171251 -1.518457 1.398698 0.052315 -0.998631 0.171251 0.985228 0.231101 55.464312 -0.009747 0.926071 120.000000 0.926071 0.000105 0.025163 -0.999953 0.010632 120.000000 0.010632 0.432397 103.775384 0.256142 0.991998 120.000000 0.991998 0.020732 4.975638 0.966639 0.141238 120.000000 0.141238
 1.400000 -0.999098 0.042454 0.979946 0.199264 -1.528329 1.370189 0.042454 -0.999098 0.199264 0.979946 0.190745 53.408626 -0.009747 0.960889 140.000000 0.960889 0.000051 0.014298 -0.999953 0.010712 140.000000 0.010712 0.226460 63.408817 0.256142 1.092913 140.000000 1.092913 0.012395 3.470574 0.966639 0.149512 140.000000 0.149512
 1.600000 -0.999952 0.009799 0.961502 0.274796 -1.560997 1.292419 0.009799 -0.999952 0.274796 0.961502 0.030562 9.779723 -0.009747 1.007028 160.000000 1.007028 0.000000 0.000000 -0.999953 0.010844 160.000000 0.010844 0.027837 8.907908 0.256142 1.162388 160.000000 1.162388 0.002111 0.675440 0.966639 0.156244 160.000000 0.156244
 1.800000 -0.999823 -0.018803 0.970268 0.242032 -1.589600 1.326336 -0.018803 -0.999823 0.242032 0.970268 0.007382 2.657428 -0.009747 1.052093 180.000000 1.052093 0.000002 0.000542 -0.999953 0.010933 180.000000 0.010933 0.017919 6.450699 0.256142 1.193826 180.000000 1.193826 0.001185 0.426729 0.966639 0.158898 180.000000 0.158898
 2.000000 -0.987192 0.159534 0.942534 0.334111 -1.410577 1.230134 0.159534 -0.987192 0.334111 0.942534 2.865606 1146.242258 -0.009747 1.082144 200.000000 1.082144 0.016282 6.512852 -0.999953 0.011015 200.000000 0.011015 0.607915 243.165831 0.256142 1.220068 200.000000 1.220068 0.058107 23.242855 0.966639 0.161405 200.000000 0.161405
 2.200000 -0.999907 -0.013639 0.915301 0.402771 -1.584436 1.156254 -0.013639 -0.999907 0.402771 0.915301 0.670207 268.082915 -0.095505 1.436022 200.000000 1.436022 0.195173 78.069373 -0.955729 0.168835 200.000000 0.168835 2.090042 836.016673 0.258201 1.214111 200.000000 1.214111 0.054468 21.787015 0.891962 0.612533 200.000000 0.612533
 2.400000 -0.990381 -0.138370 0.917185 0.398462 -1.709611 1.160957 -0.138370 -0.990381 0.398462 0.917185 0.183990 73.595836 -0.181264 1.937337 200.000000 1.937337 0.622143 248.857199 -0.911505 0.690697 200.000000 0.690697 1.909958 763.983388 0.260260 1.201109 200.000000 1.201109 0.997985 399.193964 0.817286 2.083323 200.000000 2.083323
 2.600000 -0.934963 -0.354746 0.840283 0.542148 -1.933439 0.997805 -0.354746 -0.934963 0.542148 0.840283 0.769551 307.820306 -0.267022 2.029615 200.000000 2.029615 0.458084 183.233565 -0.867281 1.426056 200.000000 1.426056 7.830423 3132.169302 0.262319 1.178590 200.000000 1.178590 0.954014 381.605622 0.742609 4.552857 200.000000 4.552857
 2.800000 -0.944553 -0.328358 0.900745 0.434347 -1.905361 1.121483 -0.328358 -0.944553 0.434347 0.900745 0.059648 23.859215 -0.352781 1.724778 200.000000 1.724778 1.476143 590.457161 -0.823057 2.293383 200.000000 2.293383 2.888949 1155.579481 0.264378 1.145276 200.000000 1.145276 5.420183 2168.073038 0.667933 7.976833 200.000000 7.976833
 3.000000 -0.866121 -0.499835 0.931475 0.363806 -2.094204 1.198446 -0.499835 -0.866121 0.363806 0.931475 0.375706 150.282590 -0.438540 1.531770 200.000000 1.531770 0.761922 304.768833 -0.778833 3.268905 200.000000 3.268905 0.948059 379.223406 0.266437 1.098077 200.000000 1.098077 11.439205 4575.681992 0.593256 12.323987 200.000000 12.323987
 3.200000 -0.852029 -0.523494 0.959359 0.282188 -2.121743 1.284723 -0.523494 -0.852029 0.282188 0.959359 0.000065 0.025892 -0.524298 0.727035 200.000000 0.727035 1.378763 551.505020 -0.734609 4.062269 200.000000 4.062269 0.018746 7.498247 0.268496 1.021835 200.000000 1.021835 19.428688 7771.475301 0.518579 17.280378 200.000000 17.280378
 3.400000 -0.787566 -0.616230 0.881220 0.472706 -2.234743 1.078438 -0.616230 -0.787566 0.472706 0.881220 0.003810 1.524118 -0.610057 -0.015838 200.000000 -0.015838 0.944427 377.770821 -0.690385 4.743519 200.000000 4.743519 4.086479 1634.591417 0.270555 0.924399 200.000000 0.924399 19.124673 7649.869354 0.443903 22.914127 200.000000 22.914127
 3.600000 -0.674716 -0.738078 0.775509 0.631336 -2.401013 0.887522 -0.738078 -0.674716 0.631336 0.775509 0.178607 71.442742 -0.695816 -0.621821 200.000000 -0.621821 0.081539 32.615683 -0.646161 5.230611 200.000000 5.230611 12.868132 5147.252946 0.272614 0.804258 200.000000 0.804258 16.506611 6602.644579 0.369226 28.986216 200.000000 28.986216
 3.800000 -0.659008 -0.752136 0.693313 0.720636 -2.422094 0.766077 -0.752136 -0.659008 0.720636 0.693313 0.086660 34.664200 -0.781574 -0.918236 200.000000 -0.918236 0.325709 130.283574 -0.601937 5.481505 200.000000 5.481505 19.888305 7955.321972 0.274673 0.674972 200.000000 0.674972 15.901260 6360.504044 0.294549 36.023258 200.000000 36.023258
 4.000000 -0.631315 -0.775527 0.648574 0.761152 -2.458345 0.705709 -0.775527 -0.631315 0.761152 0.648574 0.112160 44.863823 -0.809017 -0.718261 200.000000 -0.718261 0.189481 75.792482 -0.587785 5.631434 200.000000 5.631434 23.466231 9386.492336 0.276732 0.483329 200.000000 0.483329 18.378452 7351.380756 0.219873 42.126521 200.000000 42.126521
 4.200000 -0.565219 -0.824941 0.439886 0.898054 -2.540894 0.455472 -0.824941 -0.565219 0.898054 0.439886 0.025358 10.143196 -0.809017 -0.718261 200.000000 -0.718261 0.050925 20.370195 -0.587785 5.631434 200.000000 5.631434 38.348609 15339.443725 0.278791 0.245425 200.000000 0.245425 8.684195 3473.677887 0.145196 47.016011 200.000000 47.016011
 4.400000 -0.563701 -0.825979 0.153885 0.988089 -2.542732 0.154499 -0.825979 -0.563701 0.988089 0.153885 0.028770 11.507901 -0.809017 -0.718261 200.000000 -0.718261 0.058003 23.201255 -0.587785 5.631434 200.000000 5.631434 50.018652 20007.460751 0.280850 -0.012437 200.000000 -0.012437 0.694974 277.989752 0.070520 51.569663 200.000000 51.569663
 4.600000 -0.628391 -0.777897 0.156213 0.987723 -2.462109 0.156855 -0.777897 -0.628391 0.987723 0.156213 0.096843 38.737194 -0.809017 -0.718261 200.000000 -0.718261 0.164885 65.954113 -0.587785 5.631434 200.000000 5.631434 49.676314 19870.525624 0.282909 -0.304148 200.000000 -0.304148 2.571855 1028.741859 -0.004157 52.591518 200.000000 52.591518
 4.800000 -0.635557 -0.772054 -0.253789 0.967260 -2.452862 -0.256595 -0.772054 -0.635557 0.967260 -0.253789 0.136629 54.651425 -0.809017 -0.718261 200.000000 -0.718261 0.228217 91.286781 -0.587785 5.631434 200.000000 5.631434 46.552185 18620.874112 0.284968 -0.590795 200.000000 -0.590795 3.060923 1224.369277 -0.078834 51.750314 200.000000 51.750314
 5.000000 -0.648210 -0.761462 -0.478694 0.877982 -2.436361 -0.499166 -0.761462 -0.648210 0.877982 -0.478694 0.226151 90.460299 -0.809017 -0.718261 200.000000 -0.718261 0.365114 146.045627 -0.587785 5.631434 200.000000 5.631434 34.922762 13969.104827 0.287027 -0.855147 200.000000 -0.855147 10.574435 4229.774000 -0.153510 48.156855 200.000000 48.156855
 5.200000 -0.679633 -0.733552 -0.695277 0.718742 -2.394330 -0.768805 -0.733552 -0.679633 0.718742 -0.695277 0.569496 227.798286 -0.809017 -0.718261 200.000000 -0.718261 0.843606 337.442343 -0.587785 5.631434 200.000000 5.631434 18.460414 7384.165690 0.289086 -1.075173 200.000000 -1.075173 21.817319 8726.927630 -0.228187 42.689097 200.000000 42.689097
 5.400000 -0.600786 -0.799410 -0.833260 0.552882 -2.497109 -0.984978 -0.799410 -0.600786 0.552882 -0.833260 0.009230 3.691883 -0.809017 -0.718261 200.000000 -0.718261 0.016902 6.760831 -0.587785 5.631434 200.000000 5.631434 6.850606 2740.242485 0.291145 -1.272789 200.000000 -1.272789 28.132025 11252.810025 -0.302863 37.267680 200.000000 37.267680
 5.600000 -0.620736 -0.784020 -0.779083 0.626921 -2.471912 -0.893201 -0.784020 -0.620736 0.626921 -0.779083 0.062486 24.994233 -0.809017 -0.718261 200.000000 -0.718261 0.108573 43.429325 -0.587785 5.631434 200.000000 5.631434 11.136714 4454.685614 0.293204 -1.427485 200.000000 -1.427485 16.123646 6449.458531 -0.377540 31.315577 200.000000 31.315577
 5.800000 -0.531952 -0.846775 -0.843854 0.536573 -2.580689 -1.004426 -0.846775 -0.531952 0.536573 -0.843854 0.142564 57.025584 -0.809017 -0.718261 200.000000 -0.718261 0.311737 124.694993 -0.587785 5.631434 200.000000 5.631434 5.823048 2329.219011 0.295263 -1.545813 200.000000 -1.545813 15.337974 6135.189613 -0.452217 25.394729 200.000000 25.394729
 6.000000 -0.566584 -0.824004 -0.841995 0.539486 -2.539239 -1.000970 -0.824004 -0.566584 0.539486 -0.841995 0.022462 8.984641 -0.809017 -0.718261 200.000000 -0.718261 0.044951 17.980223 -0.587785 5.631434 200.000000 5.631434 5.864334 2345.733616 0.297322 -1.646214 200.000000 -1.646214 9.928886 3971.554223 -0.526893 20.168713 200.000000 20.168713
 6.200000 -0.531018 -0.847361 -0.867189 0.497980 -2.581791 -1.049529 -0.847361 -0.531018 0.497980 -0.867189 0.147024 58.809446 -0.809017 -0.718261 200.000000 -0.718261 0.322254 128.901659 -0.587785 5.631434 200.000000 5.631434 3.944143 1577.657343 0.299381 -1.718138 200.000000 -1.718138 7.055334 2822.133488 -0.601570 15.490728 200.000000 15.490728
 6.400000 -0.536581 -0.843849 -0.867506 0.497427 -2.575212 -1.050167 -0.843849 -0.536581 0.497427 -0.867506 0.121324 48.529631 -0.809017 -0.718261 200.000000 -0.718261 0.262184 104.873605 -0.587785 5.631434 200.000000 5.631434 3.841074 1536.429446 0.301440 -1.771745 200.000000 -1.771745 3.658022 1463.208722 -0.676247 11.571539 200.000000 11.571539
 6.600000 -0.530253 -0.847839 -0.857807 0.513971 -2.582693 -1.030988 -0.847839 -0.530253 0.513971 -0.857807 0.150717 60.286947 -0.809017 -0.718261 200.000000 -0.718261 0.330994 132.397413 -0.587785 5.631434 200.000000 5.631434 4.429866 1771.946327 0.303499 -1.817046 200.000000 -1.817046 1.142422 456.968854 -0.750923 8.654063 200.000000 8.654063
 6.800000 -0.608573 -0.793498 -0.914515 0.404552 -2.487332 -1.154307 -0.793498 -0.608573 0.404552 -0.914515 0.024084 9.633673 -0.809017 -0.718261 200.000000 -0.718261 0.043213 17.285167 -0.587785 5.631434 200.000000 5.631434 0.979991 391.996575 0.305558 -1.838696 200.000000 -1.838696 0.790588 316.235181 -0.825600 6.506936 200.000000 6.506936
 7.000000 -0.493687 -0.869640 -0.945195 0.326507 -2.625268 -1.238191 -0.869640 -0.493687 0.326507 -0.945195 0.367510 147.003850 -0.809017 -0.718261 200.000000 -0.718261 0.885445 354.177945 -0.587785 5.631434 200.000000 5.631434 0.035683 14.273111 0.307617 -1.862190 200.000000 -1.862190 0.201767 80.706674 -0.900276 5.506978 200.000000 5.506978
 7.200000 -0.611509 -0.791237 -0.916683 0.399616 -2.483626 -1.159699 -0.791237 -0.611509 0.399616 -0.916683 0.031612 12.644663 -0.809017 -0.718261 200.000000 -0.718261 0.056283 22.513013 -0.587785 5.631434 200.000000 5.631434 0.820816 328.326460 0.309017 -1.857871 200.000000 -1.857871 0.118156 47.262429 -0.951057 5.210393 200.000000 5.210393
 7.400000 -0.542032 -0.840358 -0.975137 0.221601 -2.568739 -1.347340 -0.840358 -0.542032 0.221601 -0.975137 0.098224 39.289718 -0.809017 -0.718261 200.000000 -0.718261 0.209335 83.733853 -0.587785 5.631434 200.000000 5.631434 0.764153 305.661320 0.309017 -1.857871 200.000000 -1.857871 0.057989 23.195548 -0.951057 5.210393 200.000000 5.210393
 7.600000 -0.587028 -0.809567 -0.892548 0.450953 -2.514210 -1.102963 -0.809567 -0.587028 0.450953 -0.892548 0.000030 0.012083 -0.809017 -0.718261 200.000000 -0.718261 0.000057 0.022935 -0.587785 5.631434 200.000000 5.631434 2.014585 805.834017 0.309017 -1.857871 200.000000 -1.857871 0.342329 136.931449 -0.951057 5.210393 200.000000 5.210393
 7.800000 -0.454740 -0.890624 -0.936782 0.349913 -2.669513 -1.213318 -0.890624 -0.454740 0.349913 -0.936782 0.665975 266.390016 -0.809017 -0.718261 200.000000 -0.718261 1.770107 708.042623 -0.587785 5.631434 200.000000 5.631434 0.167246 66.898239 0.309017 -1.857871 200.000000 -1.857871 0.020375 8.150101 -0.951057 5.210393 200.000000 5.210393
 8.000000 -0.542541 -0.840030 -0.899665 0.436581 -2.568134 -1.119001 -0.840030 -0.542541 0.436581 -0.899665 0.096178 38.471225 -0.809017 -0.718261 200.000000 -0.718261 0.204708 81.883150 -0.587785 5.631434 200.000000 5.631434 1.627260 650.904063 0.309017 -1.857871 200.000000 -1.857871 0.264110 105.643908 -0.951057 5.210393 200.000000 5.210393
 8.200000 -0.635593 -0.772025 -0.962472 0.271382 -2.452817 -1.295968 -0.772025 -0.635593 0.271382 -0.962472 0.136844 54.737586 -0.809017 -0.718261 200.000000 -0.718261 0.228555 91.422043 -0.587785 5.631434 200.000000 5.631434 0.141643 56.657098 0.309017 -1.857871 200.000000 -1.857871 0.013031 5.212393 -0.951057 5.210393 200.000000 5.210393
 8.400000 -0.538095 -0.842884 -0.944480 0.328570 -2.573418 -1.236007 -0.842884 -0.538095 0.328570 -0.944480 0.114701 45.880273 -0.809017 -0.718261 200.000000 -0.718261 0.246917 98.766626 -0.587785 5.631434 200.000000 5.631434 0.038232 15.292745 0.309017 -1.857871 200.000000 -1.857871 0.004326 1.730215 -0.951057 5.210393 200.000000 5.210393
 8.600000 -0.665526 -0.746374 -0.933823 0.357734 -2.413394 -1.204956 -0.746374 -0.665526 0.357734 -0.933823 0.392409 156.963654 -0.809017 -0.718261 200.000000 -0.718261 0.604367 241.746632 -0.587785 5.631434 200.000000 5.631434 0.237338 94.935118 0.309017 -1.857871 200.000000 -1.857871 0.029698 11.879202 -0.951057 5.210393 200.000000 5.210393
 8.800000 -0.558953 -0.829199 -0.925614 0.378468 -2.548470 -1.182656 -0.829199 -0.558953 0.378468 -0.925614 0.040733 16.293329 -0.809017 -0.718261 200.000000 -0.718261 0.083131 33.252476 -0.587785 5.631434 200.000000 5.631434 0.482340 192.936194 0.309017 -1.857871 200.000000 -1.857871 0.064730 25.891877 -0.951057 5.210393 200.000000 5.210393
 9.000000 -0.539797 -0.841795 -0.967976 0.251043 -2.571396 -1.317039 -0.841795 -0.539797 0.251043 -0.967976 0.107440 42.975975 -0.809017 -0.718261 200.000000 -0.718261 0.230284 92.113712 -0.587785 5.631434 200.000000 5.631434 0.336101 134.440425 0.309017 -1.857871 200.000000 -1.857871 0.028627 11.450751 -0.951057 5.210393 200.000000 5.210393
 9.200000 -0.574043 -0.818825 -0.909319 0.416100 -2.530158 -1.141645 -0.818825 -0.574043 0.416100 -0.909319 0.009620 3.848025 -0.809017 -0.718261 200.000000 -0.718261 0.018885 7.554029 -0.587785 5.631434 200.000000 5.631434 1.146668 458.667230 0.309017 -1.857871 200.000000 -1.857871 0.174202 69.680639 -0.951057 5.210393 200.000000 5.210393
 9.400000 -0.593288 -0.804991 -0.958335 0.285648 -2.506456 -1.281113 -0.804991 -0.593288 0.285648 -0.958335 0.001621 0.648482 -0.809017 -0.718261 200.000000 -0.718261 0.003028 1.211033 -0.587785 5.631434 200.000000 5.631434 0.054609 21.843752 0.309017 -1.857871 200.000000 -1.857871 0.005297 2.118765 -0.951057 5.210393 200.000000 5.210393
 9.600000 -0.467403 -0.884044 -0.915581 0.402134 -2.655242 -1.156950 -0.884044 -0.467403 0.402134 -0.915581 0.562913 225.165046 -0.809017 -0.718261 200.000000 -0.718261 1.449195 579.677911 -0.587785 5.631434 200.000000 5.631434 0.867073 346.829307 0.309017 -1.857871 200.000000 -1.857871 0.125852 50.340694 -0.951057 5.210393 200.000000 5.210393
 9.800000 -0.576944 -0.816784 -0.897473 0.441069 -2.526611 -1.114007 -0.816784 -0.576944 0.441069 -0.897473 0.006032 2.412995 -0.809017 -0.718261 200.000000 -0.718261 0.011754 4.701554 -0.587785 5.631434 200.000000 5.631434 1.743760 697.504042 0.309017 -1.857871 200.000000 -1.857871 0.287115 114.845843 -0.951057 5.210393 200.000000 5.210393
 10.000000 -0.526091 -0.850428 -0.957667 0.287877 -2.587595 -1.278787 -0.850428 -0.526091 0.287877 -0.957667 0.171488 68.595037 -0.809017 -0.718261 200.000000 -0.718261 0.380614 152.245433 -0.587785 5.631434 200.000000 5.631434 0.044690 17.875978 0.309017 -1.857871 200.000000 -1.857871 0.004370 1.748147 -0.951057 5.210393 200.000000 5.210393
 10.200000 -0.573777 -0.819011 -0.911896 0.410421 -2.530482 -1.147880 -0.819011 -0.573777 0.410421 -0.911896 0.009989 3.995579 -0.809017 -0.718261 200.000000 -0.718261 0.019623 7.849078 -0.587785 5.631434 200.000000 5.631434 1.028281 411.312526 0.309017 -1.857871 200.000000 -1.857871 0.153354 61.341630 -0.951057 5.210393 200.000000 5.210393
 10.400000 -0.538767 -0.842455 -0.949017 0.315224 -2.572620 -1.250104 -0.842455 -0.538767 0.315224 -0.949017 0.111809 44.723642 -0.809017 -0.718261 200.000000 -0.718261 0.240280 96.111839 -0.587785 5.631434 200.000000 5.631434 0.003853 1.541126 0.309017 -1.857871 200.000000 -1.857871 0.000416 0.166342 -0.951057 5.210393 200.000000 5.210393
 10.600000 -0.612248 -0.790665 -0.938919 0.344138 -2.482691 -1.219476 -0.790665 -0.612248 0.344138 -0.938919 0.033678 13.471174 -0.809017 -0.718261 200.000000 -0.718261 0.059845 23.937903 -0.587785 5.631434 200.000000 5.631434 0.123345 49.338068 0.309017 -1.857871 200.000000 -1.857871 0.014731 5.892526 -0.951057 5.210393 200.000000 5.210393
 10.800000 -0.555257 -0.831679 -0.953882 0.300180 -2.552920 -1.265915 -0.831679 -0.555257 0.300180 -0.953882 0.051355 20.541973 -0.809017 -0.718261 200.000000 -0.718261 0.105807 42.322702 -0.587785 5.631434 200.000000 5.631434 0.007808 3.123378 0.309017 -1.857871 200.000000 -1.857871 0.000799 0.319432 -0.951057 5.210393 200.000000 5.210393
 11.000000 -0.632434 -0.774614 -0.934964 0.354743 -2.456901 -1.208157 -0.774614 -0.632434 0.354743 -0.934964 0.118355 47.341833 -0.809017 -0.718261 200.000000 -0.718261 0.199351 79.740234 -0.587785 5.631434 200.000000 5.631434 0.209091 83.636248 0.309017 -1.857871 200.000000 -1.857871 0.025898 10.359160 -0.951057 5.210393 200.000000 5.210393
 11.200000 -0.538155 -0.842846 -0.944029 0.329863 -2.573347 -1.234638 -0.842846 -0.538155 0.329863 -0.944029 0.114442 45.776623 -0.809017 -0.718261 200.000000 -0.718261 0.246321 98.528439 -0.587785 5.631434 200.000000 5.631434 0.043454 17.381762 0.309017 -1.857871 200.000000 -1.857871 0.004939 1.975488 -0.951057 5.210393 200.000000 5.210393
 11.400000 -0.524671 -0.851305 -0.922250 0.386594 -2.589264 -1.173861 -0.851305 -0.524671 0.386594 -0.922250 0.178828 71.531025 -0.809017 -0.718261 200.000000 -0.718261 0.398339 159.335707 -0.587785 5.631434 200.000000 5.631434 0.601816 240.726256 0.309017 -1.857871 200.000000 -1.857871 0.082981 33.192374 -0.951057 5.210393 200.000000 5.210393
 11.600000 -0.594472 -0.804116 -0.952810 0.303568 -2.504983 -1.262362 -0.804116 -0.594472 0.303568 -0.952810 0.002402 0.960763 -0.809017 -0.718261 200.000000 -0.718261 0.004472 1.788680 -0.587785 5.631434 200.000000 5.631434 0.002970 1.187828 0.309017 -1.857871 200.000000 -1.857871 0.000307 0.122974 -0.951057 5.210393 200.000000 5.210393
 11.800000 -0.567617 -0.823293 -0.954574 0.297973 -2.537984 -1.268228 -0.823293 -0.567617 0.297973 -0.954574 0.020380 8.152052 -0.809017 -0.718261 200.000000 -0.718261 0.040677 16.270688 -0.587785 5.631434 200.000000 5.631434 0.012198 4.879097 0.309017 -1.857871 200.000000 -1.857871 0.001238 0.495022 -0.951057 5.210393 200.000000 5.210393
 12.000000 -0.616701 -0.787197 -0.943464 0.331475 -2.477047 -1.232930 -0.787197 -0.616701 0.331475 -0.943464 0.047610 19.044075 -0.809017 -0.718261 200.000000 -0.718261 0.083614 33.445549 -0.587785 5.631434 200.000000 5.631434 0.050435 20.174171 0.309017 -1.857871 200.000000 -1.857871 0.005765 2.305814 -0.951057 5.210393 200.000000 5.210393
 12.200000 -0.577169 -0.816625 -0.961094 0.276223 -2.526335 -1.290934 -0.816625 -0.577169 0.276223 -0.961094 0.005788 2.315074 -0.809017 -0.718261 200.000000 -0.718261 0.011270 4.508134 -0.587785 5.631434 200.000000 5.631434 0.107543 43.017375 0.309017 -1.857871 200.000000 -1.857871 0.010074 4.029658 -0.951057 5.210393 200.000000 5.210393
 12.400000 -0.575084 -0.818094 -0.929160 0.369678 -2.528886 -1.192133 -0.818094 -0.575084 0.369678 -0.929160 0.008240 3.295910 -0.809017 -0.718261 200.000000 -0.718261 0.016132 6.452797 -0.587785 5.631434 200.000000 5.631434 0.367980 147.192087 0.309017 -1.857871 200.000000 -1.857871 0.047947 19.178675 -0.951057 5.210393 200.000000 5.210393
 12.600000 -0.622265 -0.782806 -0.944270 0.329171 -2.469959 -1.235370 -0.782806 -0.622265 0.329171 -0.944270 0.068700 27.479824 -0.809017 -0.718261 200.000000 -0.718261 0.118888 47.555051 -0.587785 5.631434 200.000000 5.631434 0.040620 16.248008 0.309017 -1.857871 200.000000 -1.857871 0.004605 1.842170 -0.951057 5.210393 200.000000 5.210393
 12.800000 -0.514290 -0.857616 -0.937032 0.349244 -2.601413 -1.214033 -0.857616 -0.514290 0.349244 -0.937032 0.236188 94.475365 -0.809017 -0.718261 200.000000 -0.718261 0.540152 216.060794 -0.587785 5.631434 200.000000 5.631434 0.161817 64.726872 0.309017 -1.857871 200.000000 -1.857871 0.019669 7.867477 -0.951057 5.210393 200.000000 5.210393
 13.000000 -0.591703 -0.806156 -0.955087 0.296326 -2.508423 -1.269953 -0.806156 -0.591703 0.296326 -0.955087 0.000819 0.327422 -0.809017 -0.718261 200.000000 -0.718261 0.001535 0.613986 -0.587785 5.631434 200.000000 5.631434 0.016106 6.442579 0.309017 -1.857871 200.000000 -1.857871 0.001624 0.649758 -0.951057 5.210393 200.000000 5.210393
 13.200000 -0.575654 -0.817693 -0.917132 0.398584 -2.528188 -1.160824 -0.817693 -0.575654 0.398584 -0.917132 0.007527 3.010961 -0.809017 -0.718261 200.000000 -0.718261 0.014716 5.886235 -0.587785 5.631434 200.000000 5.631434 0.802218 320.887074 0.309017 -1.857871 200.000000 -1.857871 0.115087 46.034900 -0.951057 5.210393 200.000000 5.210393
 13.400000 -0.494081 -0.869416 -0.917316 0.398160 -2.624815 -1.161287 -0.869416 -0.494081 0.398160 -0.917316 0.364800 145.920192 -0.809017 -0.718261 200.000000 -0.718261 0.878043 351.217282 -0.587785 5.631434 200.000000 5.631434 0.794641 317.856279 0.309017 -1.857871 200.000000 -1.857871 0.113841 45.536491 -0.951057 5.210393 200.000000 5.210393
 13.600000 -0.560206 -0.828353 -0.924257 0.381770 -2.546958 -1.179086 -0.828353 -0.560206 0.381770 -0.924257 0.037390 14.955872 -0.809017 -0.718261 200.000000 -0.718261 0.076062 30.424856 -0.587785 5.631434 200.000000 5.631434 0.529298 211.719324 0.309017 -1.857871 200.000000 -1.857871 0.071819 28.727690 -0.951057 5.210393 200.000000 5.210393
 13.800000 -0.559028 -0.829149 -0.921565 0.388224 -2.548379 -1.172092 -0.829149 -0.559028 0.388224 -0.921565 0.040528 16.211388 -0.809017 -0.718261 200.000000 -0.718261 0.082697 33.078843 -0.587785 5.631434 200.000000 5.631434 0.627381 250.952399 0.309017 -1.857871 200.000000 -1.857871 0.086976 34.790261 -0.951057 5.210393 200.000000 5.210393
 14.000000 -0.544376 -0.838841 -0.957826 0.287349 -2.565948 -1.279338 -0.838841 -0.544376 0.287349 -0.957826 0.088949 35.579529 -0.809017 -0.718261 200.000000 -0.718261 0.188436 75.374298 -0.587785 5.631434 200.000000 5.631434 0.046949 18.779747 0.309017 -1.857871 200.000000 -1.857871 0.004582 1.832979 -0.951057 5.210393 200.000000 5.210393
 14.200000 -0.690786 -0.723059 -0.934929 0.354835 -2.379017 -1.208059 -0.723059 -0.690786 0.354835 -0.934929 0.738870 295.548053 -0.809017 -0.718261 200.000000 -0.718261 1.060912 424.364669 -0.587785 5.631434 200.000000 5.631434 0.209928 83.971193 0.309017 -1.857871 200.000000 -1.857871 0.026010 10.403896 -0.951057 5.210393 200.000000 5.210393
 14.400000 -0.483977 -0.875081 -0.949838 0.312741 -2.636399 -1.252719 -0.875081 -0.483977 0.312741 -0.949838 0.436444 174.577712 -0.809017 -0.718261 200.000000 -0.718261 1.077623 431.049219 -0.587785 5.631434 200.000000 5.631434 0.001387 0.554700 0.309017 -1.857871 200.000000 -1.857871 0.000148 0.059345 -0.951057 5.210393 200.000000 5.210393
 14.600000 -0.572390 -0.819982 -0.949962 0.312365 -2.532176 -1.253115 -0.819982 -0.572390 0.312365 -0.949962 0.012023 4.809093 -0.809017 -0.718261 200.000000 -0.718261 0.023703 9.481080 -0.587785 5.631434 200.000000 5.631434 0.001121 0.448387 0.309017 -1.857871 200.000000 -1.857871 0.000120 0.047907 -0.951057 5.210393 200.000000 5.210393
 14.800000 -0.606385 -0.795171 -0.913939 0.405852 -2.490086 -1.152885 -0.795171 -0.606385 0.405852 -0.913939 0.019171 7.668493 -0.809017 -0.718261 200.000000 -0.718261 0.034596 13.838461 -0.587785 5.631434 200.000000 5.631434 0.937707 375.082963 0.309017 -1.857871 200.000000 -1.857871 0.137773 55.109335 -0.951057 5.210393 200.000000 5.210393
 15.000000 -0.507182 -0.861839 -0.952616 0.304176 -2.609681 -1.261723 -0.861839 -0.507182 0.304176 -0.952616 0.279016 111.606270 -0.809017 -0.718261 200.000000 -0.718261 0.649687 259.874864 -0.587785 5.631434 200.000000 5.631434 0.002344 0.937437 0.309017 -1.857871 200.000000 -1.857871 0.000243 0.097264 -0.951057 5.210393 200.000000 5.210393
 15.200000 -0.628900 -0.777486 -0.938587 0.345042 -2.461455 -1.218512 -0.777486 -0.628900 0.345042 -0.938587 0.099419 39.767639 -0.809017 -0.718261 200.000000 -0.718261 0.169042 67.616894 -0.587785 5.631434 200.000000 5.631434 0.129783 51.913090 0.309017 -1.857871 200.000000 -1.857871 0.015549 6.219442 -0.951057 5.210393 200.000000 5.210393
 15.400000 -0.640453 -0.767997 -0.939038 0.343813 -2.446504 -1.219822 -0.767997 -0.640453 0.343813 -0.939038 0.168264 67.305482 -0.809017 -0.718261 200.000000 -0.718261 0.277393 110.957339 -0.587785 5.631434 200.000000 5.631434 0.121075 48.430184 0.309017 -1.857871 200.000000 -1.857871 0.014444 5.777621 -0.951057 5.210393 200.000000 5.210393
 15.600000 -0.614731 -0.788737 -0.957360 0.288896 -2.479548 -1.277723 -0.788737 -0.614731 0.288896 -0.957360 0.041128 16.451057 -0.809017 -0.718261 200.000000 -0.718261 0.072606 29.042363 -0.587785 5.631434 200.000000 5.631434 0.040486 16.194211 0.309017 -1.857871 200.000000 -1.857871 0.003974 1.589605 -0.951057 5.210393 200.000000 5.210393
 15.800000 -0.567436 -0.823418 -0.938222 0.346034 -2.538204 -1.217456 -0.823418 -0.567436 0.346034 -0.938222 0.020738 8.295048 -0.809017 -0.718261 200.000000 -0.718261 0.041410 16.563809 -0.587785 5.631434 200.000000 5.631434 0.137027 54.810747 0.309017 -1.857871 200.000000 -1.857871 0.016473 6.589071 -0.951057 5.210393 200.000000 5.210393
 16.000000 -0.569192 -0.822204 -0.938187 0.346128 -2.536070 -1.217355 -0.822204 -0.569192 0.346128 -0.938187 0.017391 6.956395 -0.809017 -0.718261 200.000000 -0.718261 0.034570 13.828030 -0.587785 5.631434 200.000000 5.631434 0.137725 55.090114 0.309017 -1.857871 200.000000 -1.857871 0.016562 6.624804 -0.951057 5.210393 200.000000 5.210393
 16.200000 -0.597553 -0.801829 -0.899855 0.436189 -2.501146 -1.119437 -0.801829 -0.597553 0.436189 -0.899855 0.005167 2.066609 -0.809017 -0.718261 200.000000 -0.718261 0.009542 3.816644 -0.587785 5.631434 200.000000 5.631434 1.617284 646.913596 0.309017 -1.857871 200.000000 -1.857871 0.262161 104.864447 -0.951057 5.210393 200.000000 5.210393
 16.400000 -0.546609 -0.837388 -0.924751 0.380572 -2.563284 -1.180382 -0.837388 -0.546609 0.380572 -0.924751 0.080493 32.197055 -0.809017 -0.718261 200.000000 -0.718261 0.169552 67.820639 -0.587785 5.631434 200.000000 5.631434 0.512011 204.804303 0.309017 -1.857871 200.000000 -1.857871 0.069196 27.678524 -0.951057 5.210393 200.000000 5.210393
 16.600000 -0.478264 -0.878216 -0.964568 0.263835 -2.642915 -1.303800 -0.878216 -0.478264 0.263835 -0.964568 0.478850 191.539848 -0.809017 -0.718261 200.000000 -0.718261 1.199484 479.793605 -0.587785 5.631434 200.000000 5.631434 0.204138 81.655026 0.309017 -1.857871 200.000000 -1.857871 0.018255 7.302100 -0.951057 5.210393 200.000000 5.210393
 16.800000 -0.622327 -0.782758 -0.933696 0.358066 -2.469881 -1.204601 -0.782758 -0.622327 0.358066 -0.933696 0.068956 27.582227 -0.809017 -0.718261 200.000000 -0.718261 0.119311 47.724496 -0.587785 5.631434 200.000000 5.631434 0.240576 96.230541 0.309017 -1.857871 200.000000 -1.857871 0.030137 12.054890 -0.951057 5.210393 200.000000 5.210393
 17.000000 -0.552907 -0.833243 -0.945781 0.324805 -2.555744 -1.239990 -0.833243 -0.552907 0.324805 -0.945781 0.058690 23.476100 -0.809017 -0.718261 200.000000 -0.718261 0.121650 48.660093 -0.587785 5.631434 200.000000 5.631434 0.024927 9.970981 0.309017 -1.857871 200.000000 -1.857871 0.002783 1.113302 -0.951057 5.210393 200.000000 5.210393
 17.200000 -0.534026 -0.845468 -0.946925 0.321454 -2.578238 -1.243532 -0.845468 -0.534026 0.321454 -0.946925 0.132869 53.147465 -0.809017 -0.718261 200.000000 -0.718261 0.289007 115.602928 -0.587785 5.631434 200.000000 5.631434 0.015468 6.187053 0.309017 -1.857871 200.000000 -1.857871 0.001707 0.682700 -0.951057 5.210393 200.000000 5.210393
 17.400000 -0.607193 -0.794554 -0.928891 0.370353 -2.489069 -1.191407 -0.794554 -0.607193 0.370353 -0.928891 0.020918 8.367039 -0.809017 -0.718261 200.000000 -0.718261 0.037668 15.067039 -0.587785 5.631434 200.000000 5.631434 0.376209 150.483545 0.309017 -1.857871 200.000000 -1.857871 0.049130 19.652149 -0.951057 5.210393 200.000000 5.210393
 17.600000 -0.627836 -0.778346 -0.960053 0.279817 -2.462823 -1.287193 -0.778346 -0.627836 0.279817 -0.960053 0.094072 37.628900 -0.809017 -0.718261 200.000000 -0.718261 0.160405 64.161937 -0.587785 5.631434 200.000000 5.631434 0.085264 34.105438 0.309017 -1.857871 200.000000 -1.857871 0.008094 3.237712 -0.951057 5.210393 200.000000 5.210393
 17.800000 -0.491642 -0.870798 -0.965621 0.259955 -2.627619 -1.307820 -0.870798 -0.491642 0.259955 -0.965621 0.381684 152.673667 -0.809017 -0.718261 200.000000 -0.718261 0.924358 369.743300 -0.587785 5.631434 200.000000 5.631434 0.240703 96.281284 0.309017 -1.857871 200.000000 -1.857871 0.021211 8.484504 -0.951057 5.210393 200.000000 5.210393
 18.000000 -0.623669 -0.781689 -0.976850 0.213923 -2.468165 -1.355207 -0.781689 -0.623669 0.213923 -0.976850 0.074683 29.873369 -0.809017 -0.718261 200.000000 -0.718261 0.128763 51.505074 -0.587785 5.631434 200.000000 5.631434 0.904279 361.711636 0.309017 -1.857871 200.000000 -1.857871 0.066533 26.613055 -0.951057 5.210393 200.000000 5.210393
 18.200000 -0.612752 -0.790276 -0.931202 0.364504 -2.482055 -1.197696 -0.790276 -0.612752 0.364504 -0.931202 0.035124 14.049718 -0.809017 -0.718261 200.000000 -0.718261 0.062332 24.932877 -0.587785 5.631434 200.000000 5.631434 0.307885 123.154135 0.309017 -1.857871 200.000000 -1.857871 0.039422 15.768610 -0.951057 5.210393 200.000000 5.210393
 18.400000 -0.609915 -0.792467 -0.953871 0.300216 -2.485640 -1.265877 -0.792467 -0.609915 0.300216 -0.953871 0.027390 10.956021 -0.809017 -0.718261 200.000000 -0.718261 0.048971 19.588537 -0.587785 5.631434 200.000000 5.631434 0.007745 3.098053 0.309017 -1.857871 200.000000 -1.857871 0.000792 0.316883 -0.951057 5.210393 200.000000 5.210393
 18.600000 -0.560662 -0.828044 -0.952901 0.303283 -2.546407 -1.262661 -0.828044 -0.560662 0.303283 -0.952901 0.036205 14.481813 -0.809017 -0.718261 200.000000 -0.718261 0.073565 29.425950 -0.587785 5.631434 200.000000 5.631434 0.003288 1.315297 0.309017 -1.857871 200.000000 -1.857871 0.000340 0.136031 -0.951057 5.210393 200.000000 5.210393
 18.800000 -0.549808 -0.835291 -0.947209 0.320618 -2.559458 -1.244415 -0.835291 -0.549808 0.320618 -0.947209 0.069033 27.613049 -0.809017 -0.718261 200.000000 -0.718261 0.144227 57.690818 -0.587785 5.631434 200.000000 5.631434 0.013458 5.383182 0.309017 -1.857871 200.000000 -1.857871 0.001481 0.592247 -0.951057 5.210393 200.000000 5.210393
 19.000000 -0.559984 -0.828503 -0.932770 0.360471 -2.547226 -1.202024 -0.828503 -0.559984 0.360471 -0.932770 0.037972 15.188934 -0.809017 -0.718261 200.000000 -0.718261 0.077291 30.916597 -0.587785 5.631434 200.000000 5.631434 0.264751 105.900586 0.309017 -1.857871 200.000000 -1.857871 0.033438 13.375251 -0.951057 5.210393 200.000000 5.210393
 19.200000 -0.580382 -0.814344 -0.921306 0.388838 -2.522394 -1.171427 -0.814344 -0.580382 0.388838 -0.921306 0.002838 1.135085 -0.809017 -0.718261 200.000000 -0.718261 0.005480 2.192038 -0.587785 5.631434 200.000000 5.631434 0.637134 254.853755 0.309017 -1.857871 200.000000 -1.857871 0.088508 35.403079 -0.951057 5.210393 200.000000 5.210393
 19.400000 -0.481191 -0.876616 -0.908220 0.418493 -2.639580 -1.139011 -0.876616 -0.481191 0.418493 -0.908220 0.456962 182.784830 -0.809017 -0.718261 200.000000 -0.718261 1.136241 454.496287 -0.587785 5.631434 200.000000 5.631434 1.198502 479.400887 0.309017 -1.857871 200.000000 -1.857871 0.183497 73.398799 -0.951057 5.210393 200.000000 5.210393
 19.600000 -0.516013 -0.856581 -0.952973 0.303055 -2.599403 -1.262900 -0.856581 -0.516013 0.303055 -0.952973 0.226233 90.493188 -0.809017 -0.718261 200.000000 -0.718261 0.515130 206.052122 -0.587785 5.631434 200.000000 5.631434 0.003555 1.421934 0.309017 -1.857871 200.000000 -1.857871 0.000367 0.146939 -0.951057 5.210393 200.000000 5.210393
 19.800000 -0.569626 -0.821904 -0.905101 0.425197 -2.535542 -1.131617 -0.821904 -0.569626 0.425197 -0.905101 0.016608 6.643039 -0.809017 -0.718261 200.000000 -0.718261 0.032976 13.190380 -0.587785 5.631434 200.000000 5.631434 1.349783 539.913384 0.309017 -1.857871 200.000000 -1.857871 0.211193 84.477311 -0.951057 5.210393 200.000000 5.210393
 20.000000 -0.564314 -0.825560 -0.964869 0.262730 -2.541991 -1.304946 -0.825560 -0.564314 0.262730 -0.964869 0.027368 10.947363 -0.809017 -0.718261 200.000000 -0.718261 0.055091 22.036412 -0.587785 5.631434 200.000000 5.631434 0.214250 85.699840 0.309017 -1.857871 200.000000 -1.857871 0.019080 7.631856 -0.951057 5.210393 200.000000 5.210393
