#! FIELDS time sin_phi cos_phi sin_psi cos_psi phi psi cos_phi sin_phi cos_psi sin_psi restraint_phi_cos.bias restraint_phi_cos.force2 restraint_phi_cos.cos_phi_cntr restraint_phi_cos.cos_phi_work restraint_phi_cos.cos_phi_kappa restraint_phi_cos.work restraint_phi_sin.bias restraint_phi_sin.force2 restraint_phi_sin.sin_phi_cntr restraint_phi_sin.sin_phi_work restraint_phi_sin.sin_phi_kappa restraint_phi_sin.work restraint_psi_cos.bias restraint_psi_cos.force2 restraint_psi_cos.cos_psi_cntr restraint_psi_cos.cos_psi_work restraint_psi_cos.cos_psi_kappa restraint_psi_cos.work restraint_psi_sin.bias restraint_psi_sin.force2 restraint_psi_sin.sin_psi_cntr restraint_psi_sin.sin_psi_work restraint_psi_sin.sin_psi_kappa restraint_psi_sin.work
#! SET min_phi -pi
#! SET max_phi pi
#! SET min_psi -pi
#! SET max_psi pi
 0.000000 -0.999983 -0.005782 0.966116 0.258110 -1.576579 1.309731 -0.005782 -0.999983 0.258110 0.966116 0.000000 0.000000 -0.009747 0.000000 0.000000 0.000000 0.000000 0.000000 -0.999953 0.000000 0.000000 0.000000 0.000000 0.000000 0.256142 0.000000 0.000000 0.000000 0.000000 0.000000 0.966639 0.000000 0.000000 0.000000
 0.200000 -1.000000 -0.000266 0.834655 0.550773 -1.571062 0.987506 -0.000266 -1.000000 0.550773 0.834655 0.000899 0.035954 -0.009747 0.429322 20.000000 0.429322 0.000000 0.000001 -0.999953 0.008204 20.000000 0.008204 0.868072 34.722866 0.256142 0.437494 20.000000 0.437494 0.174198 6.967905 0.966639 0.079186 20.000000 0.079186
 0.400000 -0.998238 0.059333 0.982968 0.183778 -1.511428 1.385968 0.059333 -0.998238 0.183778 0.982968 0.095441 7.635246 -0.009747 0.576151 40.000000 0.576151 0.000059 0.004702 -0.999953 0.009175 40.000000 0.009175 0.104733 8.378618 0.256142 0.652620 40.000000 0.652620 0.005333 0.426605 0.966639 0.103852 40.000000 0.103852
 0.600000 -0.997905 0.064690 0.969721 0.244216 -1.506061 1.324085 0.064690 -0.997905 0.244216 0.969721 0.166224 19.946879 -0.009747 0.652738 60.000000 0.652738 0.000126 0.015086 -0.999953 0.009549 60.000000 0.009549 0.004267 0.512080 0.256142 0.812949 60.000000 0.812949 0.000285 0.034192 0.966639 0.126978 60.000000 0.126978
 0.800000 -0.999998 0.001894 0.948099 0.317975 -1.568902 1.247203 0.001894 -0.999998 0.317975 0.948099 0.005420 0.867200 -0.009747 0.745440 80.000000 0.745440 0.000000 0.000013 -0.999953 0.009931 80.000000 0.009931 0.152931 24.469032 0.256142 0.870396 80.000000 0.870396 0.013749 2.199883 0.966639 0.131256 80.000000 0.131256
 1.000000 -0.997905 -0.064690 0.983714 0.179740 -1.635531 1.390074 -0.064690 -0.997905 0.179740 0.983714 0.150938 30.187619 -0.009747 0.830208 100.000000 0.830208 0.000210 0.041905 -0.999953 0.010215 100.000000 0.010215 0.291867 58.373466 0.256142 0.906296 100.000000 0.906296 0.014578 2.915595 0.966639 0.133900 100.000000 0.133900
 1.200000 -0.998628 0.052357 0.985226 0.171262 -1.518415 1.398686 0.052357 -0.998628 0.171262 0.985226 0.231412 55.538994 -0.009747 0.926095 120.000000 0.926095 0.000105 0.025246 -0.999953 0.010633 120.000000 0.010633 0.432282 103.747643 0.256142 0.992025 120.000000 0.992025 0.020727 4.974582 0.966639 0.141240 120.000000 0.141240
 1.400000 -0.999098 0.042471 0.979939 0.199299 -1.528313 1.370154 0.042471 -0.999098 0.199299 0.979939 0.190866 53.442499 -0.009747 0.960898 140.000000 0.960898 0.000051 0.014321 -0.999953 0.010712 140.000000 0.010712 0.226180 63.330420 0.256142 1.092945 140.000000 1.092945 0.012382 3.466844 0.966639 0.149518 140.000000 0.149518
 1.600000 -0.999952 0.009779 0.961528 0.274706 -1.561018 1.292512 0.009779 -0.999952 0.274706 0.961528 0.030498 9.759450 -0.009747 1.007093 160.000000 1.007093 0.000000 0.000000 -0.999953 0.010845 160.000000 0.010845 0.027570 8.822428 0.256142 1.162447 160.000000 1.162447 0.002090 0.668714 0.966639 0.156254 160.000000 0.156254
 1.800000 -0.999816 -0.019191 0.970209 0.242271 -1.589988 1.326090 -0.019191 -0.999816 0.242271 0.970209 0.008027 2.889774 -0.009747 1.051966 180.000000 1.051966 0.000002 0.000605 -0.999953 0.010933 180.000000 0.010933 0.017316 6.233938 0.256142 1.193883 180.000000 1.193883 0.001147 0.412811 0.966639 0.158912 180.000000 0.158912
 2.000000 -0.987451 0.157923 0.943128 0.332430 -1.412209 1.231917 0.157923 -0.987451 0.332430 0.943128 2.811311 1124.524500 -0.009747 1.081900 200.000000 1.081900 0.015628 6.251093 -0.999953 0.011013 200.000000 0.011013 0.581986 232.794469 0.256142 1.219741 200.000000 1.219741 0.055278 22.111200 0.966639 0.161373 200.000000 0.161373
 2.200000 -0.988876 0.148743 0.880252 0.474507 -1.421499 1.076392 0.148743 -0.988876 0.474507 0.880252 0.894570 357.827956 0.054161 0.858096 200.000000 0.858096 0.272604 109.041585 -0.936664 0.374422 200.000000 0.374422 2.612268 1044.907390 0.312882 1.053911 200.000000 1.053911 0.016014 6.405457 0.892906 0.464069 200.000000 0.464069
 2.400000 -0.993094 0.117325 0.875687 0.482880 -1.453200 1.066856 0.117325 -0.993094 0.482880 0.875687 0.000055 0.022172 0.118069 0.502205 200.000000 0.502205 1.433224 573.289655 -0.873376 1.479710 200.000000 1.479710 1.282736 513.094397 0.369622 0.681520 200.000000 0.681520 0.319378 127.751148 0.819173 1.445549 200.000000 1.445549
 2.600000 -0.998972 0.045340 0.804302 0.594221 -1.525441 0.934500 0.045340 -0.998972 0.594221 0.804302 1.866983 746.793148 0.181978 0.216467 200.000000 0.216467 3.567698 1427.079281 -0.810088 3.265296 200.000000 3.265296 2.817668 1127.067320 0.426362 0.013200 200.000000 0.013200 0.346472 138.588877 0.745440 2.949806 200.000000 2.949806
 2.800000 -0.971002 0.239072 0.792829 0.609444 -1.329387 0.915437 0.239072 -0.971002 0.609444 0.792829 0.004643 1.857137 0.245886 -0.166382 200.000000 -0.166382 5.026652 2010.660656 -0.746800 5.653067 200.000000 5.653067 1.596249 638.499795 0.483101 -0.838773 200.000000 -0.838773 1.467051 586.820441 0.671707 4.963362 200.000000 4.963362
 3.000000 -0.920701 0.390270 0.659965 0.751297 -1.169872 0.720772 0.390270 -0.920701 0.751297 0.659965 0.647640 259.055849 0.309794 -0.957845 200.000000 -0.957845 5.625853 2250.341010 -0.683512 8.480915 200.000000 8.480915 4.471354 1788.541589 0.539841 -2.104802 200.000000 -2.104802 0.384280 153.711959 0.597974 7.100285 200.000000 7.100285
 3.200000 -0.917810 0.397019 0.659525 0.751683 -1.162530 0.720186 0.397019 -0.917810 0.751683 0.659525 0.054370 21.748115 0.373702 -2.124330 200.000000 -2.124330 8.855785 3542.313839 -0.620224 11.601772 200.000000 11.601772 2.405670 962.268155 0.596581 -3.740800 200.000000 -3.740800 1.830159 732.063732 0.524241 9.120531 200.000000 9.120531
 3.400000 -0.909802 0.415043 0.569357 0.822091 -1.142807 0.605723 0.415043 -0.909802 0.822091 0.569357 0.050926 20.370407 0.437610 -3.373495 200.000000 -3.373495 12.451466 4980.586271 -0.556936 15.052523 200.000000 15.052523 2.848340 1139.335849 0.653320 -5.585345 200.000000 -5.585345 1.412492 564.996874 0.450508 10.958114 200.000000 10.958114
 3.600000 -0.778757 0.627326 0.413201 0.910640 -0.892681 0.425966 0.627326 -0.778757 0.910640 0.413201 1.582779 633.111786 0.501518 -5.208990 200.000000 -5.208990 8.128728 3251.491084 -0.493647 18.362028 200.000000 18.362028 4.023229 1609.291565 0.710060 -7.467708 200.000000 -7.467708 0.132681 53.072253 0.376775 12.584557 200.000000 12.584557
 3.800000 -0.651746 0.758438 0.290888 0.956757 -0.709884 0.295155 0.758438 -0.651746 0.956757 0.290888 3.725369 1490.147600 0.565426 -7.464259 200.000000 -7.464259 4.901187 1960.474724 -0.430359 21.402735 200.000000 21.402735 3.608376 1443.350297 0.766800 -9.304466 200.000000 -9.304466 0.014772 5.908990 0.303042 13.881941 200.000000 13.881941
 4.000000 -0.641018 0.767525 0.275378 0.961336 -0.695824 0.278983 0.767525 -0.641018 0.961336 0.275378 1.909700 763.880112 0.629334 -9.762831 200.000000 -9.762831 7.504712 3001.884660 -0.367071 24.271654 200.000000 24.271654 1.898787 759.514931 0.823539 -11.080394 200.000000 -11.080394 0.212232 84.892769 0.229309 14.410061 200.000000 14.410061
 4.200000 -0.480017 0.877259 0.102999 0.994681 -0.500674 0.103182 0.877259 -0.480017 0.994681 0.102999 3.386251 1354.500265 0.693242 -12.263063 200.000000 -12.263063 3.105837 1242.334876 -0.303783 26.496006 200.000000 26.496006 1.308788 523.515315 0.880279 -12.529144 200.000000 -12.529144 0.276443 110.577304 0.155577 14.359279 200.000000 14.359279
 4.400000 -0.412920 0.910767 0.108218 0.994127 -0.425658 0.108431 0.910767 -0.412920 0.994127 0.108218 2.359843 943.937127 0.757150 -14.577796 200.000000 -14.577796 2.973036 1189.214368 -0.240495 28.341504 200.000000 28.341504 0.326135 130.454015 0.937019 -13.425184 200.000000 -13.425184 0.069563 27.825040 0.081844 14.398878 200.000000 14.398878
 4.600000 -0.130421 0.991459 0.043397 0.999058 -0.130793 0.043410 0.991459 -0.130421 0.999058 0.043397 2.903656 1161.462554 0.821058 -16.679324 200.000000 -16.679324 0.218895 87.558031 -0.177207 29.413571 200.000000 29.413571 0.002808 1.123299 0.993759 -13.774519 200.000000 -13.774519 0.124510 49.804076 0.008111 14.511264 200.000000 14.511264
 4.800000 -0.147556 0.989054 -0.001802 0.999998 -0.148097 -0.001802 0.989054 -0.147556 0.999998 -0.001802 1.083433 433.373047 0.884966 -18.300395 200.000000 -18.300395 0.113149 45.259729 -0.113919 29.885125 200.000000 29.885125 0.000000 0.000000 1.000000 -13.776985 200.000000 -13.776985 0.000325 0.129863 0.000000 14.443099 200.000000 14.443099
 5.000000 -0.029443 0.999566 0.150280 0.988643 -0.029448 0.150852 0.999566 -0.029443 0.988643 0.150280 0.256977 102.790630 0.948874 -19.213139 200.000000 -19.213139 0.044890 17.955842 -0.050631 30.423254 200.000000 30.423254 0.012897 5.158873 1.000000 -13.776985 200.000000 -13.776985 2.258418 903.367259 0.000000 14.443099 200.000000 14.443099
 5.200000 -0.086749 0.996230 -0.031073 0.999517 -0.086859 -0.031078 0.996230 -0.086749 0.999517 -0.031073 0.001421 0.568468 1.000000 -19.431821 200.000000 -19.431821 0.752547 301.018910 0.000000 30.470889 200.000000 30.470889 0.000023 0.009327 1.000000 -13.776985 200.000000 -13.776985 0.096556 38.622204 0.000000 14.443099 200.000000 14.443099
 5.400000 -0.017305 0.999850 -0.122548 0.992463 -0.017306 -0.122857 0.999850 -0.017305 0.992463 -0.122548 0.000002 0.000897 1.000000 -19.431821 200.000000 -19.431821 0.029947 11.978816 0.000000 30.470889 200.000000 30.470889 0.005681 2.272509 1.000000 -13.776985 200.000000 -13.776985 1.501803 600.721211 0.000000 14.443099 200.000000 14.443099
 5.600000 0.038542 0.999257 -0.052086 0.998643 0.038552 -0.052109 0.999257 0.038542 0.998643 -0.052086 0.000055 0.022084 1.000000 -19.431821 200.000000 -19.431821 0.148550 59.420064 0.000000 30.470889 200.000000 30.470889 0.000184 0.073699 1.000000 -13.776985 200.000000 -13.776985 0.271291 108.516571 0.000000 14.443099 200.000000 14.443099
 5.800000 0.094975 0.995480 0.006836 0.999977 0.095118 0.006836 0.995480 0.094975 0.999977 0.006836 0.002043 0.817329 1.000000 -19.431821 200.000000 -19.431821 0.902019 360.807692 0.000000 30.470889 200.000000 30.470889 0.000000 0.000022 1.000000 -13.776985 200.000000 -13.776985 0.004673 1.869259 0.000000 14.443099 200.000000 14.443099
 6.000000 0.044219 0.999022 0.027972 0.999609 0.044233 0.027975 0.999022 0.044219 0.999609 0.027972 0.000096 0.038269 1.000000 -19.431821 200.000000 -19.431821 0.195529 78.211716 0.000000 30.470889 200.000000 30.470889 0.000015 0.006124 1.000000 -13.776985 200.000000 -13.776985 0.078241 31.296367 0.000000 14.443099 200.000000 14.443099
 6.200000 -0.058835 0.998268 0.023111 0.999733 -0.058869 0.023113 0.998268 -0.058835 0.999733 0.023111 0.000300 0.120028 1.000000 -19.431821 200.000000 -19.431821 0.346151 138.460212 0.000000 30.470889 200.000000 30.470889 0.000007 0.002854 1.000000 -13.776985 200.000000 -13.776985 0.053413 21.365387 0.000000 14.443099 200.000000 14.443099
 6.400000 -0.030913 0.999522 0.019701 0.999806 -0.030918 0.019702 0.999522 -0.030913 0.999806 0.019701 0.000023 0.009137 1.000000 -19.431821 200.000000 -19.431821 0.095563 38.225147 0.000000 30.470889 200.000000 30.470889 0.000004 0.001507 1.000000 -13.776985 200.000000 -13.776985 0.038814 15.525517 0.000000 14.443099 200.000000 14.443099
 6.600000 0.132068 0.991241 0.104028 0.994574 0.132455 0.104217 0.991241 0.132068 0.994574 0.104028 0.007673 3.069013 1.000000 -19.431821 200.000000 -19.431821 1.744187 697.674974 0.000000 30.470889 200.000000 30.470889 0.002944 1.177517 1.000000 -13.776985 200.000000 -13.776985 1.082191 432.876362 0.000000 14.443099 200.000000 14.443099
 6.800000 0.041750 0.999128 -0.025467 0.999676 0.041762 -0.025470 0.999128 0.041750 0.999676 -0.025467 0.000076 0.030408 1.000000 -19.431821 200.000000 -19.431821 0.174303 69.721364 0.000000 30.470889 200.000000 30.470889 0.000011 0.004208 1.000000 -13.776985 200.000000 -13.776985 0.064859 25.943734 0.000000 14.443099 200.000000 14.443099
 7.000000 0.081752 0.996653 -0.090207 0.995923 0.081844 -0.090330 0.996653 0.081752 0.995923 -0.090207 0.001120 0.448183 1.000000 -19.431821 200.000000 -19.431821 0.668344 267.337628 0.000000 30.470889 200.000000 30.470889 0.001662 0.664865 1.000000 -13.776985 200.000000 -13.776985 0.813730 325.492087 0.000000 14.443099 200.000000 14.443099
 7.200000 -0.049476 0.998775 -0.118365 0.992970 -0.049497 -0.118643 0.998775 -0.049476 0.992970 -0.118365 0.000150 0.059996 1.000000 -19.431821 200.000000 -19.431821 0.244791 97.916232 0.000000 30.470889 200.000000 30.470889 0.004942 1.976757 1.000000 -13.776985 200.000000 -13.776985 1.401030 560.412070 0.000000 14.443099 200.000000 14.443099
 7.400000 -0.101475 0.994838 -0.063621 0.997974 -0.101650 -0.063664 0.994838 -0.101475 0.997974 -0.063621 0.002665 1.065830 1.000000 -19.431821 200.000000 -19.431821 1.029726 411.890258 0.000000 30.470889 200.000000 30.470889 0.000410 0.164162 1.000000 -13.776985 200.000000 -13.776985 0.404758 161.903303 0.000000 14.443099 200.000000 14.443099
 7.600000 -0.020790 0.999784 -0.026349 0.999653 -0.020792 -0.026352 0.999784 -0.020790 0.999653 -0.026349 0.000005 0.001869 1.000000 -19.431821 200.000000 -19.431821 0.043222 17.288969 0.000000 30.470889 200.000000 30.470889 0.000012 0.004822 1.000000 -13.776985 200.000000 -13.776985 0.069428 27.771196 0.000000 14.443099 200.000000 14.443099
 7.800000 0.034165 0.999416 -0.010500 0.999945 0.034172 -0.010500 0.999416 0.034165 0.999945 -0.010500 0.000034 0.013633 1.000000 -19.431821 200.000000 -19.431821 0.116728 46.691051 0.000000 30.470889 200.000000 30.470889 0.000000 0.000122 1.000000 -13.776985 200.000000 -13.776985 0.011026 4.410257 0.000000 14.443099 200.000000 14.443099
 8.000000 0.043034 0.999074 -0.030600 0.999532 0.043047 -0.030605 0.999074 0.043034 0.999532 -0.030600 0.000086 0.034327 1.000000 -19.431821 200.000000 -19.431821 0.185189 74.075574 0.000000 30.470889 200.000000 30.470889 0.000022 0.008772 1.000000 -13.776985 200.000000 -13.776985 0.093636 37.454437 0.000000 14.443099 200.000000 14.443099
 8.200000 -0.004514 0.999990 0.110824 0.993840 -0.004514 0.111052 0.999990 -0.004514 0.993840 0.110824 0.000000 0.000004 1.000000 -19.431821 200.000000 -19.431821 0.002037 0.814874 0.000000 30.470889 200.000000 30.470889 0.003795 1.517816 1.000000 -13.776985 200.000000 -13.776985 1.228202 491.280857 0.000000 14.443099 200.000000 14.443099
 8.400000 0.019060 0.999818 0.087309 0.996181 0.019061 0.087420 0.999818 0.019060 0.996181 0.087309 0.000003 0.001320 1.000000 -19.431821 200.000000 -19.431821 0.036328 14.531201 0.000000 30.470889 200.000000 30.470889 0.001458 0.583299 1.000000 -13.776985 200.000000 -13.776985 0.762282 304.912741 0.000000 14.443099 200.000000 14.443099
 8.600000 -0.032979 0.999456 0.043928 0.999035 -0.032985 0.043942 0.999456 -0.032979 0.999035 0.043928 0.000030 0.011835 1.000000 -19.431821 200.000000 -19.431821 0.108759 43.503677 0.000000 30.470889 200.000000 30.470889 0.000093 0.037271 1.000000 -13.776985 200.000000 -13.776985 0.192963 77.185391 0.000000 14.443099 200.000000 14.443099
 8.800000 -0.025781 0.999668 -0.019096 0.999818 -0.025784 -0.019097 0.999668 -0.025781 0.999818 -0.019096 0.000011 0.004419 1.000000 -19.431821 200.000000 -19.431821 0.066468 26.587241 0.000000 30.470889 200.000000 30.470889 0.000003 0.001330 1.000000 -13.776985 200.000000 -13.776985 0.036465 14.586119 0.000000 14.443099 200.000000 14.443099
 9.000000 0.089697 0.995969 -0.023635 0.999721 0.089818 -0.023638 0.995969 0.089697 0.999721 -0.023635 0.001625 0.649924 1.000000 -19.431821 200.000000 -19.431821 0.804554 321.821462 0.000000 30.470889 200.000000 30.470889 0.000008 0.003122 1.000000 -13.776985 200.000000 -13.776985 0.055863 22.345393 0.000000 14.443099 200.000000 14.443099
 9.200000 0.024675 0.999696 -0.084202 0.996449 0.024677 -0.084302 0.999696 0.024675 0.996449 -0.084202 0.000009 0.003708 1.000000 -19.431821 200.000000 -19.431821 0.060884 24.353681 0.000000 30.470889 200.000000 30.470889 0.001261 0.504463 1.000000 -13.776985 200.000000 -13.776985 0.708994 283.597744 0.000000 14.443099 200.000000 14.443099
 9.400000 -0.013903 0.999903 0.041657 0.999132 -0.013904 0.041670 0.999903 -0.013903 0.999132 0.041657 0.000001 0.000374 1.000000 -19.431821 200.000000 -19.431821 0.019330 7.731836 0.000000 30.470889 200.000000 30.470889 0.000075 0.030140 1.000000 -13.776985 200.000000 -13.776985 0.173534 69.413707 0.000000 14.443099 200.000000 14.443099
 9.600000 -0.052105 0.998642 -0.036176 0.999345 -0.052129 -0.036184 0.998642 -0.052105 0.999345 -0.036176 0.000185 0.073809 1.000000 -19.431821 200.000000 -19.431821 0.271493 108.597225 0.000000 30.470889 200.000000 30.470889 0.000043 0.017138 1.000000 -13.776985 200.000000 -13.776985 0.130868 52.347124 0.000000 14.443099 200.000000 14.443099
 9.800000 -0.124044 0.992277 -0.136965 0.990576 -0.124364 -0.137397 0.992277 -0.124044 0.990576 -0.136965 0.005965 2.385934 1.000000 -19.431821 200.000000 -19.431821 1.538682 615.472778 0.000000 30.470889 200.000000 30.470889 0.008881 3.552562 1.000000 -13.776985 200.000000 -13.776985 1.875943 750.377121 0.000000 14.443099 200.000000 14.443099
 10.000000 0.011689 0.999932 0.022257 0.999752 0.011690 0.022259 0.999932 0.011689 0.999752 0.022257 0.000000 0.000187 1.000000 -19.431821 200.000000 -19.431821 0.013664 5.465716 0.000000 30.470889 200.000000 30.470889 0.000006 0.002455 1.000000 -13.776985 200.000000 -13.776985 0.049537 19.814875 0.000000 14.443099 200.000000 14.443099
 10.200000 0.043721 0.999044 -0.038541 0.999257 0.043735 -0.038551 0.999044 0.043721 0.999257 -0.038541 0.000091 0.036574 1.000000 -19.431821 200.000000 -19.431821 0.191153 76.461125 0.000000 30.470889 200.000000 30.470889 0.000055 0.022081 1.000000 -13.776985 200.000000 -13.776985 0.148542 59.416955 0.000000 14.443099 200.000000 14.443099
 10.400000 0.001115 0.999999 0.017746 0.999843 0.001115 0.017747 0.999999 0.001115 0.999843 0.017746 0.000000 0.000000 1.000000 -19.431821 200.000000 -19.431821 0.000124 0.049717 0.000000 30.470889 200.000000 30.470889 0.000002 0.000992 1.000000 -13.776985 200.000000 -13.776985 0.031492 12.596731 0.000000 14.443099 200.000000 14.443099
 10.600000 -0.034801 0.999394 -0.037996 0.999278 -0.034808 -0.038005 0.999394 -0.034801 0.999278 -0.037996 0.000037 0.014677 1.000000 -19.431821 200.000000 -19.431821 0.121114 48.445507 0.000000 30.470889 200.000000 30.470889 0.000052 0.020858 1.000000 -13.776985 200.000000 -13.776985 0.144372 57.748742 0.000000 14.443099 200.000000 14.443099
 10.800000 0.026690 0.999644 -0.055431 0.998463 0.026693 -0.055460 0.999644 0.026690 0.998463 -0.055431 0.000013 0.005077 1.000000 -19.431821 200.000000 -19.431821 0.071237 28.494873 0.000000 30.470889 200.000000 30.470889 0.000236 0.094556 1.000000 -13.776985 200.000000 -13.776985 0.307263 122.905042 0.000000 14.443099 200.000000 14.443099
 11.000000 0.002155 0.999998 0.065770 0.997835 0.002155 0.065817 0.999998 0.002155 0.997835 0.065770 0.000000 0.000000 1.000000 -19.431821 200.000000 -19.431821 0.000464 0.185693 0.000000 30.470889 200.000000 30.470889 0.000469 0.187520 1.000000 -13.776985 200.000000 -13.776985 0.432567 173.026976 0.000000 14.443099 200.000000 14.443099
 11.200000 0.014538 0.999894 0.171198 0.985237 0.014539 0.172045 0.999894 0.014538 0.985237 0.171198 0.000001 0.000447 1.000000 -19.431821 200.000000 -19.431821 0.021136 8.454489 0.000000 30.470889 200.000000 30.470889 0.021795 8.718179 1.000000 -13.776985 200.000000 -13.776985 2.930861 1172.344348 0.000000 14.443099 200.000000 14.443099
 11.400000 0.078915 0.996881 0.099473 0.995040 0.078998 0.099637 0.996881 0.078915 0.995040 0.099473 0.000973 0.389049 1.000000 -19.431821 200.000000 -19.431821 0.622765 249.106166 0.000000 30.470889 200.000000 30.470889 0.002460 0.983944 1.000000 -13.776985 200.000000 -13.776985 0.989480 395.791812 0.000000 14.443099 200.000000 14.443099
 11.600000 -0.013121 0.999914 0.022292 0.999752 -0.013121 0.022294 0.999914 -0.013121 0.999752 0.022292 0.000001 0.000296 1.000000 -19.431821 200.000000 -19.431821 0.017216 6.886413 0.000000 30.470889 200.000000 30.470889 0.000006 0.002470 1.000000 -13.776985 200.000000 -13.776985 0.049693 19.877027 0.000000 14.443099 200.000000 14.443099
 11.800000 0.077975 0.996955 0.024053 0.999711 0.078054 0.024055 0.996955 0.077975 0.999711 0.024053 0.000927 0.370803 1.000000 -19.431821 200.000000 -19.431821 0.608009 243.203435 0.000000 30.470889 200.000000 30.470889 0.000008 0.003348 1.000000 -13.776985 200.000000 -13.776985 0.057854 23.141751 0.000000 14.443099 200.000000 14.443099
 12.000000 0.089127 0.996020 -0.059635 0.998220 0.089245 -0.059670 0.996020 0.089127 0.998220 -0.059635 0.001584 0.633531 1.000000 -19.431821 200.000000 -19.431821 0.794363 317.745033 0.000000 30.470889 200.000000 30.470889 0.000317 0.126701 1.000000 -13.776985 200.000000 -13.776985 0.355634 142.253422 0.000000 14.443099 200.000000 14.443099
 12.200000 0.000662 1.000000 -0.034312 0.999411 0.000662 -0.034319 1.000000 0.000662 0.999411 -0.034312 0.000000 0.000000 1.000000 -19.431821 200.000000 -19.431821 0.000044 0.017552 0.000000 30.470889 200.000000 30.470889 0.000035 0.013870 1.000000 -13.776985 200.000000 -13.776985 0.117734 47.093738 0.000000 14.443099 200.000000 14.443099
 12.400000 -0.113470 0.993541 -0.057371 0.998353 -0.113715 -0.057402 0.993541 -0.113470 0.998353 -0.057371 0.004171 1.668541 1.000000 -19.431821 200.000000 -19.431821 1.287549 515.019589 0.000000 30.470889 200.000000 30.470889 0.000271 0.108513 1.000000 -13.776985 200.000000 -13.776985 0.329142 131.656797 0.000000 14.443099 200.000000 14.443099
 12.600000 0.060138 0.998190 0.031673 0.999498 0.060174 0.031678 0.998190 0.060138 0.999498 0.031673 0.000328 0.131030 1.000000 -19.431821 200.000000 -19.431821 0.361653 144.661370 0.000000 30.470889 200.000000 30.470889 0.000025 0.010068 1.000000 -13.776985 200.000000 -13.776985 0.100315 40.126137 0.000000 14.443099 200.000000 14.443099
 12.800000 -0.046850 0.998902 -0.023785 0.999717 -0.046867 -0.023787 0.998902 -0.046850 0.999717 -0.023785 0.000121 0.048231 1.000000 -19.431821 200.000000 -19.431821 0.219495 87.798098 0.000000 30.470889 200.000000 30.470889 0.000008 0.003201 1.000000 -13.776985 200.000000 -13.776985 0.056571 22.628420 0.000000 14.443099 200.000000 14.443099
 13.000000 0.065575 0.997848 0.029058 0.999578 0.065622 0.029062 0.997848 0.065575 0.999578 0.029058 0.000463 0.185304 1.000000 -19.431821 200.000000 -19.431821 0.430006 172.002554 0.000000 30.470889 200.000000 30.470889 0.000018 0.007133 1.000000 -13.776985 200.000000 -13.776985 0.084437 33.774628 0.000000 14.443099 200.000000 14.443099
 13.200000 0.106535 0.994309 0.061465 0.998109 0.106737 0.061504 0.994309 0.106535 0.998109 0.061465 0.003239 1.295514 1.000000 -19.431821 200.000000 -19.431821 1.134968 453.987126 0.000000 30.470889 200.000000 30.470889 0.000357 0.142997 1.000000 -13.776985 200.000000 -13.776985 0.377792 151.116847 0.000000 14.443099 200.000000 14.443099
 13.400000 -0.048296 0.998833 0.015319 0.999883 -0.048315 0.015320 0.998833 -0.048296 0.999883 0.015319 0.000136 0.054470 1.000000 -19.431821 200.000000 -19.431821 0.233252 93.300630 0.000000 30.470889 200.000000 30.470889 0.000001 0.000551 1.000000 -13.776985 200.000000 -13.776985 0.023467 9.386986 0.000000 14.443099 200.000000 14.443099
 13.600000 -0.022069 0.999756 -0.009630 0.999954 -0.022071 -0.009631 0.999756 -0.022069 0.999954 -0.009630 0.000006 0.002373 1.000000 -19.431821 200.000000 -19.431821 0.048704 19.481661 0.000000 30.470889 200.000000 30.470889 0.000000 0.000086 1.000000 -13.776985 200.000000 -13.776985 0.009274 3.709777 0.000000 14.443099 200.000000 14.443099
 13.800000 0.001451 0.999999 0.024203 0.999707 0.001451 0.024206 0.999999 0.001451 0.999707 0.024203 0.000000 0.000000 1.000000 -19.431821 200.000000 -19.431821 0.000210 0.084164 0.000000 30.470889 200.000000 30.470889 0.000009 0.003433 1.000000 -13.776985 200.000000 -13.776985 0.058581 23.432368 0.000000 14.443099 200.000000 14.443099
 14.000000 -0.001185 0.999999 0.137838 0.990455 -0.001185 0.138278 0.999999 -0.001185 0.990455 0.137838 0.000000 0.000000 1.000000 -19.431821 200.000000 -19.431821 0.000140 0.056156 0.000000 30.470889 200.000000 30.470889 0.009111 3.644421 1.000000 -13.776985 200.000000 -13.776985 1.899926 759.970262 0.000000 14.443099 200.000000 14.443099
 14.200000 -0.034003 0.999422 -0.013854 0.999904 -0.034010 -0.013854 0.999422 -0.034003 0.999904 -0.013854 0.000033 0.013376 1.000000 -19.431821 200.000000 -19.431821 0.115622 46.248912 0.000000 30.470889 200.000000 30.470889 0.000001 0.000368 1.000000 -13.776985 200.000000 -13.776985 0.019192 7.676988 0.000000 14.443099 200.000000 14.443099
 14.400000 0.089468 0.995990 -0.036274 0.999342 0.089588 -0.036282 0.995990 0.089468 0.999342 -0.036274 0.001608 0.643295 1.000000 -19.431821 200.000000 -19.431821 0.800448 320.179396 0.000000 30.470889 200.000000 30.470889 0.000043 0.017325 1.000000 -13.776985 200.000000 -13.776985 0.131580 52.631936 0.000000 14.443099 200.000000 14.443099
 14.600000 0.063417 0.997987 0.029937 0.999552 0.063460 0.029942 0.997987 0.063417 0.999552 0.029937 0.000405 0.162071 1.000000 -19.431821 200.000000 -19.431821 0.402175 160.869893 0.000000 30.470889 200.000000 30.470889 0.000020 0.008036 1.000000 -13.776985 200.000000 -13.776985 0.089623 35.849087 0.000000 14.443099 200.000000 14.443099
 14.800000 -0.018760 0.999824 0.009711 0.999953 -0.018761 0.009712 0.999824 -0.018760 0.999953 0.009711 0.000003 0.001239 1.000000 -19.431821 200.000000 -19.431821 0.035194 14.077500 0.000000 30.470889 200.000000 30.470889 0.000000 0.000089 1.000000 -13.776985 200.000000 -13.776985 0.009431 3.772433 0.000000 14.443099 200.000000 14.443099
 15.000000 -0.001284 0.999999 -0.027344 0.999626 -0.001284 -0.027347 0.999999 -0.001284 0.999626 -0.027344 0.000000 0.000000 1.000000 -19.431821 200.000000 -19.431821 0.000165 0.065956 0.000000 30.470889 200.000000 30.470889 0.000014 0.005593 1.000000 -13.776985 200.000000 -13.776985 0.074770 29.907913 0.000000 14.443099 200.000000 14.443099
 15.200000 -0.012529 0.999922 -0.040599 0.999176 -0.012530 -0.040610 0.999922 -0.012529 0.999176 -0.040599 0.000001 0.000246 1.000000 -19.431821 200.000000 -19.431821 0.015699 6.279453 0.000000 30.470889 200.000000 30.470889 0.000068 0.027190 1.000000 -13.776985 200.000000 -13.776985 0.164826 65.930230 0.000000 14.443099 200.000000 14.443099
 15.400000 0.053873 0.998548 -0.014739 0.999891 0.053899 -0.014740 0.998548 0.053873 0.999891 -0.014739 0.000211 0.084358 1.000000 -19.431821 200.000000 -19.431821 0.290234 116.093423 0.000000 30.470889 200.000000 30.470889 0.000001 0.000472 1.000000 -13.776985 200.000000 -13.776985 0.021724 8.689524 0.000000 14.443099 200.000000 14.443099
 15.600000 0.039277 0.999228 0.051897 0.998652 0.039287 0.051920 0.999228 0.039277 0.998652 0.051897 0.000060 0.023818 1.000000 -19.431821 200.000000 -19.431821 0.154270 61.708080 0.000000 30.470889 200.000000 30.470889 0.000182 0.072636 1.000000 -13.776985 200.000000 -13.776985 0.269329 107.731522 0.000000 14.443099 200.000000 14.443099
 15.800000 0.075123 0.997174 0.032738 0.999464 0.075194 0.032744 0.997174 0.075123 0.999464 0.032738 0.000798 0.319389 1.000000 -19.431821 200.000000 -19.431821 0.564347 225.738761 0.000000 30.470889 200.000000 30.470889 0.000029 0.011493 1.000000 -13.776985 200.000000 -13.776985 0.107176 42.870396 0.000000 14.443099 200.000000 14.443099
 16.000000 -0.052825 0.998604 -0.019555 0.999809 -0.052849 -0.019556 0.998604 -0.052825 0.999809 -0.019555 0.000195 0.077976 1.000000 -19.431821 200.000000 -19.431821 0.279047 111.618794 0.000000 30.470889 200.000000 30.470889 0.000004 0.001463 1.000000 -13.776985 200.000000 -13.776985 0.038240 15.296068 0.000000 14.443099 200.000000 14.443099
 16.200000 -0.042016 0.999117 0.044133 0.999026 -0.042029 0.044147 0.999117 -0.042016 0.999026 0.044133 0.000078 0.031192 1.000000 -19.431821 200.000000 -19.431821 0.176536 70.614239 0.000000 30.470889 200.000000 30.470889 0.000095 0.037973 1.000000 -13.776985 200.000000 -13.776985 0.194771 77.908448 0.000000 14.443099 200.000000 14.443099
 16.400000 0.058689 0.998276 0.048277 0.998834 0.058723 0.048295 0.998276 0.058689 0.998834 0.048277 0.000297 0.118845 1.000000 -19.431821 200.000000 -19.431821 0.344442 137.776706 0.000000 30.470889 200.000000 30.470889 0.000136 0.054382 1.000000 -13.776985 200.000000 -13.776985 0.233063 93.225036 0.000000 14.443099 200.000000 14.443099
 16.600000 0.087392 0.996174 -0.091779 0.995779 0.087504 -0.091908 0.996174 0.087392 0.995779 -0.091779 0.001464 0.585542 1.000000 -19.431821 200.000000 -19.431821 0.763743 305.497295 0.000000 30.470889 200.000000 30.470889 0.001781 0.712532 1.000000 -13.776985 200.000000 -13.776985 0.842335 336.933943 0.000000 14.443099 200.000000 14.443099
 16.800000 0.058242 0.998302 -0.061868 0.998084 0.058275 -0.061908 0.998302 0.058242 0.998084 -0.061868 0.000288 0.115264 1.000000 -19.431821 200.000000 -19.431821 0.339217 135.686778 0.000000 30.470889 200.000000 30.470889 0.000367 0.146790 1.000000 -13.776985 200.000000 -13.776985 0.382765 153.106096 0.000000 14.443099 200.000000 14.443099
 17.000000 -0.120676 0.992692 0.014028 0.999902 -0.120971 0.014029 0.992692 -0.120676 0.999902 0.014028 0.005341 2.136335 1.000000 -19.431821 200.000000 -19.431821 1.456280 582.511896 0.000000 30.470889 200.000000 30.470889 0.000001 0.000387 1.000000 -13.776985 200.000000 -13.776985 0.019679 7.871478 0.000000 14.443099 200.000000 14.443099
 17.200000 0.012302 0.999924 0.029558 0.999563 0.012302 0.029562 0.999924 0.012302 0.999563 0.029558 0.000001 0.000229 1.000000 -19.431821 200.000000 -19.431821 0.015133 6.053196 0.000000 30.470889 200.000000 30.470889 0.000019 0.007636 1.000000 -13.776985 200.000000 -13.776985 0.087366 34.946201 0.000000 14.443099 200.000000 14.443099
 17.400000 0.086437 0.996257 0.015227 0.999884 0.086545 0.015228 0.996257 0.086437 0.999884 0.015227 0.001401 0.560301 1.000000 -19.431821 200.000000 -19.431821 0.747132 298.852731 0.000000 30.470889 200.000000 30.470889 0.000001 0.000538 1.000000 -13.776985 200.000000 -13.776985 0.023187 9.274857 0.000000 14.443099 200.000000 14.443099
 17.600000 0.060576 0.998164 0.013285 0.999912 0.060613 0.013285 0.998164 0.060576 0.999912 0.013285 0.000337 0.134897 1.000000 -19.431821 200.000000 -19.431821 0.366946 146.778378 0.000000 30.470889 200.000000 30.470889 0.000001 0.000311 1.000000 -13.776985 200.000000 -13.776985 0.017648 7.059287 0.000000 14.443099 200.000000 14.443099
 17.800000 -0.074226 0.997241 -0.023263 0.999729 -0.074294 -0.023265 0.997241 -0.074226 0.999729 -0.023263 0.000761 0.304384 1.000000 -19.431821 200.000000 -19.431821 0.550949 220.379485 0.000000 30.470889 200.000000 30.470889 0.000007 0.002929 1.000000 -13.776985 200.000000 -13.776985 0.054117 21.646739 0.000000 14.443099 200.000000 14.443099
 18.000000 -0.033768 0.999430 -0.044803 0.998996 -0.033774 -0.044818 0.999430 -0.033768 0.998996 -0.044803 0.000033 0.013010 1.000000 -19.431821 200.000000 -19.431821 0.114027 45.610694 0.000000 30.470889 200.000000 30.470889 0.000101 0.040333 1.000000 -13.776985 200.000000 -13.776985 0.200729 80.291691 0.000000 14.443099 200.000000 14.443099
 18.200000 -0.028661 0.999589 -0.013252 0.999912 -0.028665 -0.013252 0.999589 -0.028661 0.999912 -0.013252 0.000017 0.006751 1.000000 -19.431821 200.000000 -19.431821 0.082145 32.857827 0.000000 30.470889 200.000000 30.470889 0.000001 0.000308 1.000000 -13.776985 200.000000 -13.776985 0.017561 7.024230 0.000000 14.443099 200.000000 14.443099
 18.400000 0.006809 0.999977 -0.017303 0.999850 0.006809 -0.017304 0.999977 0.006809 0.999850 -0.017303 0.000000 0.000022 1.000000 -19.431821 200.000000 -19.431821 0.004637 1.854717 0.000000 30.470889 200.000000 30.470889 0.000002 0.000896 1.000000 -13.776985 200.000000 -13.776985 0.029939 11.975423 0.000000 14.443099 200.000000 14.443099
 18.600000 0.011673 0.999932 -0.027435 0.999624 0.011673 -0.027439 0.999932 0.011673 0.999624 -0.027435 0.000000 0.000186 1.000000 -19.431821 200.000000 -19.431821 0.013626 5.450352 0.000000 30.470889 200.000000 30.470889 0.000014 0.005668 1.000000 -13.776985 200.000000 -13.776985 0.075269 30.107763 0.000000 14.443099 200.000000 14.443099
 18.800000 0.031985 0.999488 -0.081420 0.996680 0.031990 -0.081511 0.999488 0.031985 0.996680 -0.081420 0.000026 0.010471 1.000000 -19.431821 200.000000 -19.431821 0.102304 40.921468 0.000000 30.470889 200.000000 30.470889 0.001102 0.440937 1.000000 -13.776985 200.000000 -13.776985 0.662929 265.171414 0.000000 14.443099 200.000000 14.443099
 19.000000 -0.031683 0.999498 -0.069726 0.997566 -0.031688 -0.069782 0.999498 -0.031683 0.997566 -0.069726 0.000025 0.010081 1.000000 -19.431821 200.000000 -19.431821 0.100380 40.151973 0.000000 30.470889 200.000000 30.470889 0.000592 0.236937 1.000000 -13.776985 200.000000 -13.776985 0.486169 194.467793 0.000000 14.443099 200.000000 14.443099
 19.200000 -0.011042 0.999939 0.068157 0.997675 -0.011042 0.068210 0.999939 -0.011042 0.997675 0.068157 0.000000 0.000149 1.000000 -19.431821 200.000000 -19.431821 0.012193 4.877052 0.000000 30.470889 200.000000 30.470889 0.000541 0.216298 1.000000 -13.776985 200.000000 -13.776985 0.464538 185.815114 0.000000 14.443099 200.000000 14.443099
 19.400000 0.060563 0.998164 0.032219 0.999481 0.060600 0.032224 0.998164 0.060563 0.999481 0.032219 0.000337 0.134781 1.000000 -19.431821 200.000000 -19.431821 0.366788 146.715149 0.000000 30.470889 200.000000 30.470889 0.000027 0.010781 1.000000 -13.776985 200.000000 -13.776985 0.103805 41.521872 0.000000 14.443099 200.000000 14.443099
 19.600000 0.102259 0.994758 -0.023093 0.999733 0.102438 -0.023095 0.994758 0.102259 0.999733 -0.023093 0.002748 1.099224 1.000000 -19.431821 200.000000 -19.431821 1.045691 418.276225 0.000000 30.470889 200.000000 30.470889 0.000007 0.002845 1.000000 -13.776985 200.000000 -13.776985 0.053329 21.331543 0.000000 14.443099 200.000000 14.443099
 19.800000 -0.037766 0.999287 -0.115659 0.993289 -0.037775 -0.115919 0.999287 -0.037766 0.993289 -0.115659 0.000051 0.020357 1.000000 -19.431821 200.000000 -19.431821 0.142629 57.051431 0.000000 30.470889 200.000000 30.470889 0.004504 1.801522 1.000000 -13.776985 200.000000 -13.776985 1.337704 535.081645 0.000000 14.443099 200.000000 14.443099
 20.000000 0.035115 0.999383 -0.015044 0.999887 0.035122 -0.015044 0.999383 0.035115 0.999887 -0.015044 0.000038 0.015214 1.000000 -19.431821 200.000000 -19.431821 0.123308 49.323158 0.000000 30.470889 200.000000 30.470889 0.000001 0.000512 1.000000 -13.776985 200.000000 -13.776985 0.022631 9.052462 0.000000 14.443099 200.000000 14.443099
