#! FIELDS time sin_phi cos_phi sin_psi cos_psi phi psi cos_phi sin_phi cos_psi sin_psi restraint_phi_cos.bias restraint_phi_cos.force2 restraint_phi_cos.cos_phi_cntr restraint_phi_cos.cos_phi_work restraint_phi_cos.cos_phi_kappa restraint_phi_cos.work restraint_phi_sin.bias restraint_phi_sin.force2 restraint_phi_sin.sin_phi_cntr restraint_phi_sin.sin_phi_work restraint_phi_sin.sin_phi_kappa restraint_phi_sin.work restraint_psi_cos.bias restraint_psi_cos.force2 restraint_psi_cos.cos_psi_cntr restraint_psi_cos.cos_psi_work restraint_psi_cos.cos_psi_kappa restraint_psi_cos.work restraint_psi_sin.bias restraint_psi_sin.force2 restraint_psi_sin.sin_psi_cntr restraint_psi_sin.sin_psi_work restraint_psi_sin.sin_psi_kappa restraint_psi_sin.work
#! SET min_phi -pi
#! SET max_phi pi
#! SET min_psi -pi
#! SET max_psi pi
 0.000000 -0.999983 -0.005782 0.966116 0.258110 -1.576579 1.309731 -0.005782 -0.999983 0.258110 0.966116 0.000000 0.000000 -0.009747 0.000000 0.000000 0.000000 0.000000 0.000000 -0.999953 0.000000 0.000000 0.000000 0.000000 0.000000 0.256142 0.000000 0.000000 0.000000 0.000000 0.000000 0.966639 0.000000 0.000000 0.000000
 0.200000 -1.000000 -0.000266 0.834655 0.550773 -1.571062 0.987506 -0.000266 -1.000000 0.550773 0.834655 0.000899 0.035954 -0.009747 0.429322 20.000000 0.429322 0.000000 0.000001 -0.999953 0.008204 20.000000 0.008204 0.868072 34.722866 0.256142 0.437494 20.000000 0.437494 0.174198 6.967905 0.966639 0.079186 20.000000 0.079186
 0.400000 -0.998238 0.059333 0.982968 0.183778 -1.511428 1.385968 0.059333 -0.998238 0.183778 0.982968 0.095441 7.635246 -0.009747 0.576151 40.000000 0.576151 0.000059 0.004702 -0.999953 0.009175 40.000000 0.009175 0.104733 8.378618 0.256142 0.652620 40.000000 0.652620 0.005333 0.426605 0.966639 0.103852 40.000000 0.103852
 0.600000 -0.997905 0.064690 0.969721 0.244216 -1.506061 1.324085 0.064690 -0.997905 0.244216 0.969721 0.166224 19.946879 -0.009747 0.652738 60.000000 0.652738 0.000126 0.015086 -0.999953 0.009549 60.000000 0.009549 0.004267 0.512080 0.256142 0.812949 60.000000 0.812949 0.000285 0.034192 0.966639 0.126978 60.000000 0.126978
 0.800000 -0.999998 0.001894 0.948099 0.317975 -1.568902 1.247203 0.001894 -0.999998 0.317975 0.948099 0.005420 0.867200 -0.009747 0.745440 80.000000 0.745440 0.000000 0.000013 -0.999953 0.009931 80.000000 0.009931 0.152931 24.469032 0.256142 0.870396 80.000000 0.870396 0.013749 2.199883 0.966639 0.131256 80.000000 0.131256
 1.000000 -0.997905 -0.064690 0.983714 0.179740 -1.635531 1.390074 -0.064690 -0.997905 0.179740 0.983714 0.150938 30.187619 -0.009747 0.830208 100.000000 0.830208 0.000210 0.041905 -0.999953 0.010215 100.000000 0.010215 0.291867 58.373466 0.256142 0.906296 100.000000 0.906296 0.014578 2.915595 0.966639 0.133900 100.000000 0.133900
 1.200000 -0.998628 0.052357 0.985226 0.171262 -1.518415 1.398686 0.052357 -0.998628 0.171262 0.985226 0.231412 55.538994 -0.009747 0.926095 120.000000 0.926095 0.000105 0.025246 -0.999953 0.010633 120.000000 0.010633 0.432282 103.747643 0.256142 0.992025 120.000000 0.992025 0.020727 4.974582 0.966639 0.141240 120.000000 0.141240
 1.400000 -0.999098 0.042471 0.979939 0.199299 -1.528313 1.370154 0.042471 -0.999098 0.199299 0.979939 0.190866 53.442499 -0.009747 0.960898 140.000000 0.960898 0.000051 0.014321 -0.999953 0.010712 140.000000 0.010712 0.226180 63.330420 0.256142 1.092945 140.000000 1.092945 0.012382 3.466844 0.966639 0.149518 140.000000 0.149518
 1.600000 -0.999952 0.009779 0.961528 0.274706 -1.561018 1.292512 0.009779 -0.999952 0.274706 0.961528 0.030498 9.759450 -0.009747 1.007093 160.000000 1.007093 0.000000 0.000000 -0.999953 0.010845 160.000000 0.010845 0.027570 8.822428 0.256142 1.162447 160.000000 1.162447 0.002090 0.668714 0.966639 0.156254 160.000000 0.156254
 1.800000 -0.999816 -0.019191 0.970209 0.242271 -1.589988 1.326090 -0.019191 -0.999816 0.242271 0.970209 0.008027 2.889774 -0.009747 1.051966 180.000000 1.051966 0.000002 0.000605 -0.999953 0.010933 180.000000 0.010933 0.017316 6.233938 0.256142 1.193883 180.000000 1.193883 0.001147 0.412811 0.966639 0.158912 180.000000 0.158912
 2.000000 -0.987451 0.157923 0.943128 0.332430 -1.412209 1.231917 0.157923 -0.987451 0.332430 0.943128 2.811311 1124.524500 -0.009747 1.081900 200.000000 1.081900 0.015628 6.251093 -0.999953 0.011013 200.000000 0.011013 0.581986 232.794469 0.256142 1.219741 200.000000 1.219741 0.055278 22.111200 0.966639 0.161373 200.000000 0.161373
 2.200000 -0.999930 -0.011849 0.892626 0.450798 -1.582646 1.103137 -0.011849 -0.999930 0.450798 0.892626 0.733333 293.333287 -0.097484 1.445096 200.000000 1.445096 0.171493 68.597276 -0.958518 0.146463 200.000000 0.146463 2.355555 942.222061 0.297320 1.095201 200.000000 1.095201 0.002325 0.929942 0.887804 0.566010 200.000000 0.566010
 2.400000 -0.985603 -0.169077 0.882059 0.471138 -1.740689 1.080215 -0.169077 -0.985603 0.471138 0.882059 0.026066 10.426334 -0.185222 1.986334 200.000000 1.986334 0.469489 187.795611 -0.917084 0.600604 200.000000 0.600604 1.759355 703.741813 0.338498 0.805645 200.000000 0.805645 0.534214 213.685742 0.808969 1.868135 200.000000 1.868135
 2.600000 -0.935320 -0.353804 0.745901 0.666057 -1.932431 0.841887 -0.353804 -0.935320 0.666057 0.745901 0.653588 261.435085 -0.272959 2.117137 200.000000 2.117137 0.356056 142.422277 -0.875649 1.227767 200.000000 1.227767 8.201407 3280.562606 0.379676 0.315209 200.000000 0.315209 0.024859 9.943770 0.730134 3.972737 200.000000 3.972737
 2.800000 -0.940382 -0.340121 0.835175 0.549984 -1.917842 0.988452 -0.340121 -0.940382 0.549984 0.835175 0.042335 16.933877 -0.360697 1.856786 200.000000 1.856786 1.127139 450.855495 -0.834215 1.950345 200.000000 1.950345 1.667467 666.986621 0.420853 -0.454021 200.000000 -0.454021 3.381034 1352.413721 0.651299 6.724840 200.000000 6.724840
 3.000000 -0.870987 -0.491305 0.744567 0.667548 -2.084384 0.839885 -0.491305 -0.870987 0.667548 0.744567 0.183791 73.516221 -0.448434 1.726119 200.000000 1.726119 0.611636 244.654579 -0.792780 2.736428 200.000000 2.736428 4.223732 1689.492959 0.462031 -1.580298 200.000000 -1.580298 2.961909 1184.763450 0.572465 9.887697 200.000000 9.887697
 3.200000 -0.831991 -0.554789 0.752830 0.658215 -2.158906 0.852351 -0.554789 -0.831991 0.658215 0.752830 0.034661 13.864266 -0.536172 1.119386 200.000000 1.119386 0.650362 260.144606 -0.751346 3.366812 200.000000 3.366812 2.402693 961.077064 0.503209 -3.260699 200.000000 -3.260699 6.718481 2687.392580 0.493630 12.883838 200.000000 12.883838
 3.400000 -0.767037 -0.641603 0.575691 0.817667 -2.267382 0.613449 -0.641603 -0.767037 0.817667 0.575691 0.031305 12.521877 -0.623910 0.583065 200.000000 0.583065 0.326335 130.533988 -0.709911 3.860127 200.000000 3.860127 7.468241 2987.296538 0.544386 -5.193855 200.000000 -5.193855 2.588760 1035.504051 0.414795 15.868743 200.000000 15.868743
 3.600000 -0.702340 -0.711842 0.397919 0.917421 -2.362913 0.409247 -0.711842 -0.702340 0.917421 0.397919 0.000004 0.001515 -0.711647 0.209868 200.000000 0.209868 0.114670 45.867867 -0.668477 4.139560 200.000000 4.139560 11.012869 4405.147678 0.585564 -7.355530 200.000000 -7.355530 0.383891 153.556327 0.335960 18.595719 200.000000 18.595719
 3.800000 -0.631580 -0.775311 0.317522 0.948251 -2.458003 0.323115 -0.775311 -0.631580 0.948251 0.317522 0.008586 3.434520 -0.766044 0.143771 200.000000 0.143771 0.012561 5.024374 -0.642788 4.188943 200.000000 4.188943 10.336799 4134.719755 0.626742 -9.576330 200.000000 -9.576330 0.364782 145.912647 0.257125 21.416236 200.000000 21.416236
 4.000000 -0.665316 -0.746562 0.185963 0.982557 -2.413676 0.187052 -0.746562 -0.665316 0.982557 0.185963 0.037955 15.182193 -0.766044 0.143771 200.000000 0.143771 0.050751 20.300306 -0.642788 4.188943 200.000000 4.188943 9.899655 3959.862040 0.667920 -12.041142 200.000000 -12.041142 0.005887 2.354714 0.178290 22.961547 200.000000 22.961547
 4.200000 -0.664065 -0.747675 0.088091 0.996112 -2.415350 0.088205 -0.747675 -0.664065 0.996112 0.088091 0.033744 13.497412 -0.766044 0.143771 200.000000 0.143771 0.045272 18.108740 -0.642788 4.188943 200.000000 4.188943 8.237767 3295.106810 0.709097 -14.428374 200.000000 -14.428374 0.012915 5.166186 0.099455 23.949277 200.000000 23.949277
 4.400000 -0.618500 -0.785785 0.012339 0.999924 -2.474760 0.012339 -0.785785 -0.618500 0.999924 0.012339 0.038968 15.587168 -0.766044 0.143771 200.000000 0.143771 0.058988 23.595367 -0.642788 4.188943 200.000000 4.188943 6.232452 2492.980762 0.750275 -16.592654 200.000000 -16.592654 0.006859 2.743479 0.020620 24.704361 200.000000 24.704361
 4.600000 -0.663720 -0.747981 -0.066729 0.997771 -2.415811 -0.066778 -0.747981 -0.663720 0.997771 -0.066729 0.032630 13.051890 -0.766044 0.143771 200.000000 0.143771 0.043818 17.527317 -0.642788 4.188943 200.000000 4.188943 4.256726 1702.690341 0.791453 -18.439523 200.000000 -18.439523 0.007249 2.899681 -0.058215 25.097765 200.000000 25.097765
 4.800000 -0.572190 -0.820121 -0.023126 0.999733 -2.532419 -0.023128 -0.820121 -0.572190 0.999733 -0.023126 0.292431 116.972257 -0.766044 0.143771 200.000000 0.143771 0.498406 199.362589 -0.642788 4.188943 200.000000 4.188943 2.792309 1116.923503 0.832631 -19.916096 200.000000 -19.916096 1.297859 519.143572 -0.137049 24.935302 200.000000 24.935302
 5.000000 -0.696414 -0.717641 -0.199770 0.979843 -2.371205 -0.201123 -0.717641 -0.696414 0.979843 -0.199770 0.234293 93.717058 -0.766044 0.143771 200.000000 0.143771 0.287575 115.029825 -0.642788 4.188943 200.000000 4.188943 1.124334 449.733689 0.873808 -20.927730 200.000000 -20.927730 0.025968 10.387292 -0.215884 24.551301 200.000000 24.551301
 5.200000 -0.630767 -0.775972 -0.173269 0.984875 -2.459051 -0.174148 -0.775972 -0.630767 0.984875 -0.173269 0.009856 3.942489 -0.766044 0.143771 200.000000 0.143771 0.014450 5.779809 -0.642788 4.188943 200.000000 4.188943 0.488441 195.376453 0.914986 -21.521461 200.000000 -21.521461 1.475017 590.006801 -0.294719 24.595999 200.000000 24.595999
 5.400000 -0.607832 -0.794065 -0.259770 0.965671 -2.488265 -0.262784 -0.794065 -0.607832 0.965671 -0.259770 0.078517 31.406871 -0.766044 0.143771 200.000000 0.143771 0.122187 48.874719 -0.642788 4.188943 200.000000 4.188943 0.067485 26.994068 0.939693 -21.539755 200.000000 -21.539755 0.676509 270.603732 -0.342020 24.259551 200.000000 24.259551
 5.600000 -0.723769 -0.690042 -0.376811 0.926290 -2.332344 -0.386351 -0.690042 -0.723769 0.926290 -0.376811 0.577636 231.054296 -0.766044 0.143771 200.000000 0.143771 0.655802 262.320972 -0.642788 4.188943 200.000000 4.188943 0.017963 7.185052 0.939693 -21.539755 200.000000 -21.539755 0.121041 48.416275 -0.342020 24.259551 200.000000 24.259551
 5.800000 -0.535057 -0.844816 -0.323160 0.946344 -2.577018 -0.329067 -0.844816 -0.535057 0.946344 -0.323160 0.620499 248.199777 -0.766044 0.143771 200.000000 0.143771 1.160598 464.239042 -0.642788 4.188943 200.000000 4.188943 0.004424 1.769782 0.939693 -21.539755 200.000000 -21.539755 0.035570 14.227916 -0.342020 24.259551 200.000000 24.259551
 6.000000 -0.629953 -0.776633 -0.232386 0.972624 -2.460100 -0.234530 -0.776633 -0.629953 0.972624 -0.232386 0.011213 4.485021 -0.766044 0.143771 200.000000 0.143771 0.016473 6.589239 -0.642788 4.188943 200.000000 4.188943 0.108446 43.378354 0.939693 -21.539755 200.000000 -21.539755 1.201974 480.789577 -0.342020 24.259551 200.000000 24.259551
 6.200000 -0.609119 -0.793079 -0.411322 0.911490 -2.486643 -0.423904 -0.793079 -0.609119 0.911490 -0.411322 0.073085 29.234007 -0.766044 0.143771 200.000000 0.143771 0.113356 45.342470 -0.642788 4.188943 200.000000 4.188943 0.079538 31.815122 0.939693 -21.539755 200.000000 -21.539755 0.480273 192.109062 -0.342020 24.259551 200.000000 24.259551
 6.400000 -0.708771 -0.705438 -0.311553 0.950229 -2.353838 -0.316827 -0.705438 -0.708771 0.950229 -0.311553 0.367312 146.924762 -0.766044 0.143771 200.000000 0.143771 0.435387 174.154706 -0.642788 4.188943 200.000000 4.188943 0.011101 4.440332 0.939693 -21.539755 200.000000 -21.539755 0.092823 37.129066 -0.342020 24.259551 200.000000 24.259551
 6.600000 -0.695771 -0.718264 -0.272541 0.962144 -2.372100 -0.276033 -0.718264 -0.695771 0.962144 -0.272541 0.228300 91.320012 -0.766044 0.143771 200.000000 0.143771 0.280724 112.289544 -0.642788 4.188943 200.000000 4.188943 0.050407 20.162665 0.939693 -21.539755 200.000000 -21.539755 0.482729 193.091686 -0.342020 24.259551 200.000000 24.259551
 6.800000 -0.618151 -0.786059 -0.358156 0.933662 -2.475204 -0.366292 -0.786059 -0.618151 0.933662 -0.358156 0.040060 16.023844 -0.766044 0.143771 200.000000 0.143771 0.060696 24.278413 -0.642788 4.188943 200.000000 4.188943 0.003637 1.454783 0.939693 -21.539755 200.000000 -21.539755 0.026035 10.414157 -0.342020 24.259551 200.000000 24.259551
 7.000000 -0.615023 -0.788509 -0.244774 0.969580 -2.479178 -0.247287 -0.788509 -0.615023 0.969580 -0.244774 0.050468 20.187118 -0.766044 0.143771 200.000000 0.143771 0.077090 30.835832 -0.642788 4.188943 200.000000 4.188943 0.089326 35.730539 0.939693 -21.539755 200.000000 -21.539755 0.945679 378.271674 -0.342020 24.259551 200.000000 24.259551
 7.200000 -0.686071 -0.727535 -0.362552 0.931964 -2.385518 -0.371005 -0.727535 -0.686071 0.931964 -0.362552 0.148300 59.320106 -0.766044 0.143771 200.000000 0.143771 0.187344 74.937791 -0.642788 4.188943 200.000000 4.188943 0.005974 2.389542 0.939693 -21.539755 200.000000 -21.539755 0.042156 16.862262 -0.342020 24.259551 200.000000 24.259551
 7.400000 -0.642170 -0.766562 -0.362343 0.932045 -2.444267 -0.370781 -0.766562 -0.642170 0.932045 -0.362343 0.000027 0.010722 -0.766044 0.143771 200.000000 0.143771 0.000038 0.015253 -0.642788 4.188943 200.000000 4.188943 0.005849 2.339555 0.939693 -21.539755 200.000000 -21.539755 0.041302 16.520754 -0.342020 24.259551 200.000000 24.259551
 7.600000 -0.591304 -0.806448 -0.317000 0.948426 -2.508917 -0.322565 -0.806448 -0.591304 0.948426 -0.317000 0.163248 65.299306 -0.766044 0.143771 200.000000 0.143771 0.265052 106.020744 -0.642788 4.188943 200.000000 4.188943 0.007626 3.050562 0.939693 -21.539755 200.000000 -21.539755 0.062601 25.040377 -0.342020 24.259551 200.000000 24.259551
 7.800000 -0.604909 -0.796295 -0.285275 0.958446 -2.491941 -0.289293 -0.796295 -0.604909 0.958446 -0.285275 0.091509 36.603491 -0.766044 0.143771 200.000000 0.143771 0.143481 57.392541 -0.642788 4.188943 200.000000 4.188943 0.035168 14.067247 0.939693 -21.539755 200.000000 -21.539755 0.322004 128.801632 -0.342020 24.259551 200.000000 24.259551
 8.000000 -0.649896 -0.760023 -0.273922 0.961752 -2.434145 -0.277469 -0.760023 -0.649896 0.961752 -0.273922 0.003626 1.450323 -0.766044 0.143771 200.000000 0.143771 0.005053 2.021285 -0.642788 4.188943 200.000000 4.188943 0.048661 19.464265 0.939693 -21.539755 200.000000 -21.539755 0.463730 185.491833 -0.342020 24.259551 200.000000 24.259551
 8.200000 -0.675010 -0.737809 -0.389424 0.921058 -2.400615 -0.400007 -0.737809 -0.675010 0.921058 -0.389424 0.079724 31.889606 -0.766044 0.143771 200.000000 0.143771 0.103825 41.530107 -0.642788 4.188943 200.000000 4.188943 0.034723 13.889337 0.939693 -21.539755 200.000000 -21.539755 0.224717 89.886656 -0.342020 24.259551 200.000000 24.259551
 8.400000 -0.633511 -0.773733 -0.282209 0.959353 -2.455510 -0.286096 -0.773733 -0.633511 0.959353 -0.282209 0.005912 2.364769 -0.766044 0.143771 200.000000 0.143771 0.008605 3.441913 -0.642788 4.188943 200.000000 4.188943 0.038652 15.460925 0.939693 -21.539755 200.000000 -21.539755 0.357732 143.092691 -0.342020 24.259551 200.000000 24.259551
 8.600000 -0.612323 -0.790607 -0.293020 0.956106 -2.482597 -0.297384 -0.790607 -0.612323 0.956106 -0.293020 0.060334 24.133413 -0.766044 0.143771 200.000000 0.143771 0.092806 37.122511 -0.642788 4.188943 200.000000 4.188943 0.026941 10.776298 0.939693 -21.539755 200.000000 -21.539755 0.240100 96.039856 -0.342020 24.259551 200.000000 24.259551
 8.800000 -0.638452 -0.769661 -0.305535 0.952181 -2.449107 -0.310501 -0.769661 -0.638452 0.952181 -0.305535 0.001308 0.523318 -0.766044 0.143771 200.000000 0.143771 0.001880 0.751832 -0.642788 4.188943 200.000000 4.188943 0.015595 6.238077 0.939693 -21.539755 200.000000 -21.539755 0.133113 53.245227 -0.342020 24.259551 200.000000 24.259551
 9.000000 -0.612108 -0.790774 -0.394430 0.918926 -2.482868 -0.405448 -0.790774 -0.612108 0.918926 -0.394430 0.061154 24.461703 -0.766044 0.143771 200.000000 0.143771 0.094121 37.648443 -0.642788 4.188943 200.000000 4.188943 0.043125 17.250167 0.939693 -21.539755 200.000000 -21.539755 0.274680 109.872011 -0.342020 24.259551 200.000000 24.259551
 9.200000 -0.650454 -0.759546 -0.321364 0.946956 -2.433410 -0.327169 -0.759546 -0.650454 0.946956 -0.321364 0.004224 1.689430 -0.766044 0.143771 200.000000 0.143771 0.005878 2.351021 -0.642788 4.188943 200.000000 4.188943 0.005275 2.110194 0.939693 -21.539755 200.000000 -21.539755 0.042669 17.067691 -0.342020 24.259551 200.000000 24.259551
 9.400000 -0.613247 -0.789891 -0.249185 0.968456 -2.481428 -0.251839 -0.789891 -0.613247 0.968456 -0.249185 0.056868 22.747192 -0.766044 0.143771 200.000000 0.143771 0.087267 34.906653 -0.642788 4.188943 200.000000 4.188943 0.082732 33.092885 0.939693 -21.539755 200.000000 -21.539755 0.861831 344.732416 -0.342020 24.259551 200.000000 24.259551
 9.600000 -0.647295 -0.762240 -0.321850 0.946791 -2.437563 -0.327683 -0.762240 -0.647295 0.946791 -0.321850 0.001447 0.578994 -0.766044 0.143771 200.000000 0.143771 0.002031 0.812545 -0.642788 4.188943 200.000000 4.188943 0.005038 2.015271 0.939693 -21.539755 200.000000 -21.539755 0.040683 16.273200 -0.342020 24.259551 200.000000 24.259551
 9.800000 -0.706813 -0.707400 -0.410953 0.911657 -2.356609 -0.423499 -0.707400 -0.706813 0.911657 -0.410953 0.343917 137.566834 -0.766044 0.143771 200.000000 0.143771 0.409931 163.972288 -0.642788 4.188943 200.000000 4.188943 0.078602 31.440692 0.939693 -21.539755 200.000000 -21.539755 0.475171 190.068458 -0.342020 24.259551 200.000000 24.259551
 10.000000 -0.602847 -0.797857 -0.284224 0.958758 -2.494528 -0.288197 -0.797857 -0.602847 0.958758 -0.284224 0.101204 40.481524 -0.766044 0.143771 200.000000 0.143771 0.159527 63.810837 -0.642788 4.188943 200.000000 4.188943 0.036349 14.539461 0.939693 -21.539755 200.000000 -21.539755 0.334041 133.616387 -0.342020 24.259551 200.000000 24.259551
 10.200000 -0.658418 -0.752652 -0.298146 0.954520 -2.422877 -0.302750 -0.752652 -0.658418 0.954520 -0.298146 0.017935 7.174177 -0.766044 0.143771 200.000000 0.143771 0.024432 9.772867 -0.642788 4.188943 200.000000 4.188943 0.021986 8.794393 0.939693 -21.539755 200.000000 -21.539755 0.192494 76.997762 -0.342020 24.259551 200.000000 24.259551
 10.400000 -0.591178 -0.806541 -0.372471 0.928044 -2.509074 -0.381670 -0.806541 -0.591178 0.928044 -0.372471 0.163998 65.599118 -0.766044 0.143771 200.000000 0.143771 0.266355 106.541893 -0.642788 4.188943 200.000000 4.188943 0.013569 5.427589 0.939693 -21.539755 200.000000 -21.539755 0.092723 37.089002 -0.342020 24.259551 200.000000 24.259551
 10.600000 -0.625592 -0.780150 -0.351288 0.936267 -2.465702 -0.358947 -0.780150 -0.625592 0.936267 -0.351288 0.019897 7.958887 -0.766044 0.143771 200.000000 0.143771 0.029568 11.827202 -0.642788 4.188943 200.000000 4.188943 0.001173 0.469322 0.939693 -21.539755 200.000000 -21.539755 0.008590 3.436092 -0.342020 24.259551 200.000000 24.259551
 10.800000 -0.642343 -0.766418 -0.353928 0.935273 -2.444042 -0.361767 -0.766418 -0.642343 0.935273 -0.353928 0.000014 0.005569 -0.766044 0.143771 200.000000 0.143771 0.000020 0.007919 -0.642788 4.188943 200.000000 4.188943 0.001954 0.781410 0.939693 -21.539755 200.000000 -21.539755 0.014179 5.671684 -0.342020 24.259551 200.000000 24.259551
 11.000000 -0.643149 -0.765741 -0.345793 0.938311 -2.442989 -0.353083 -0.765741 -0.643149 0.938311 -0.345793 0.000009 0.003686 -0.766044 0.143771 200.000000 0.143771 0.000013 0.005230 -0.642788 4.188943 200.000000 4.188943 0.000191 0.076362 0.939693 -21.539755 200.000000 -21.539755 0.001423 0.569288 -0.342020 24.259551 200.000000 24.259551
 11.200000 -0.669422 -0.742883 -0.335838 0.941920 -2.408163 -0.342495 -0.742883 -0.669422 0.941920 -0.335838 0.053647 21.458738 -0.766044 0.143771 200.000000 0.143771 0.070937 28.374910 -0.642788 4.188943 200.000000 4.188943 0.000496 0.198376 0.939693 -21.539755 200.000000 -21.539755 0.003821 1.528522 -0.342020 24.259551 200.000000 24.259551
 11.400000 -0.662217 -0.749312 -0.426939 0.904281 -2.417819 -0.441105 -0.749312 -0.662217 0.904281 -0.426939 0.027997 11.198716 -0.766044 0.143771 200.000000 0.143771 0.037750 15.099895 -0.642788 4.188943 200.000000 4.188943 0.125401 50.160293 0.939693 -21.539755 200.000000 -21.539755 0.721113 288.445204 -0.342020 24.259551 200.000000 24.259551
 11.600000 -0.640483 -0.767973 -0.326103 0.945334 -2.446466 -0.332178 -0.767973 -0.640483 0.945334 -0.326103 0.000372 0.148720 -0.766044 0.143771 200.000000 0.143771 0.000531 0.212516 -0.642788 4.188943 200.000000 4.188943 0.003183 1.273155 0.939693 -21.539755 200.000000 -21.539755 0.025336 10.134533 -0.342020 24.259551 200.000000 24.259551
 11.800000 -0.636620 -0.771177 -0.229486 0.973312 -2.451485 -0.231550 -0.771177 -0.636620 0.973312 -0.229486 0.002635 1.053902 -0.766044 0.143771 200.000000 0.143771 0.003804 1.521441 -0.642788 4.188943 200.000000 4.188943 0.113026 45.210366 0.939693 -21.539755 200.000000 -21.539755 1.266392 506.556784 -0.342020 24.259551 200.000000 24.259551
 12.000000 -0.654005 -0.756490 -0.339754 0.940515 -2.428726 -0.346655 -0.756490 -0.654005 0.940515 -0.339754 0.009129 3.651492 -0.766044 0.143771 200.000000 0.143771 0.012584 5.033423 -0.642788 4.188943 200.000000 4.188943 0.000068 0.027020 0.939693 -21.539755 200.000000 -21.539755 0.000514 0.205501 -0.342020 24.259551 200.000000 24.259551
 12.200000 -0.652458 -0.757825 -0.302208 0.953242 -2.430769 -0.307008 -0.757825 -0.652458 0.953242 -0.302208 0.006756 2.702498 -0.766044 0.143771 200.000000 0.143771 0.009352 3.740731 -0.642788 4.188943 200.000000 4.188943 0.018359 7.343547 0.939693 -21.539755 200.000000 -21.539755 0.158503 63.401306 -0.342020 24.259551 200.000000 24.259551
 12.400000 -0.620624 -0.784108 -0.331031 0.943620 -2.472054 -0.337396 -0.784108 -0.620624 0.943620 -0.331031 0.032630 13.051924 -0.766044 0.143771 200.000000 0.143771 0.049122 19.648689 -0.642788 4.188943 200.000000 4.188943 0.001542 0.616897 0.939693 -21.539755 200.000000 -21.539755 0.012075 4.830154 -0.342020 24.259551 200.000000 24.259551
 12.600000 -0.668598 -0.743624 -0.289420 0.957202 -2.409271 -0.293621 -0.743624 -0.668598 0.957202 -0.289420 0.050268 20.107023 -0.766044 0.143771 200.000000 0.143771 0.066618 26.647109 -0.642788 4.188943 200.000000 4.188943 0.030658 12.263234 0.939693 -21.539755 200.000000 -21.539755 0.276673 110.669126 -0.342020 24.259551 200.000000 24.259551
 12.800000 -0.643106 -0.765778 -0.344114 0.938928 -2.443046 -0.351295 -0.765778 -0.643106 0.938928 -0.344114 0.000007 0.002849 -0.766044 0.143771 200.000000 0.143771 0.000010 0.004042 -0.642788 4.188943 200.000000 4.188943 0.000058 0.023392 0.939693 -21.539755 200.000000 -21.539755 0.000438 0.175360 -0.342020 24.259551 200.000000 24.259551
 13.000000 -0.733659 -0.679518 -0.267931 0.963438 -2.317902 -0.271245 -0.679518 -0.733659 0.963438 -0.267931 0.748682 299.472709 -0.766044 0.143771 200.000000 0.143771 0.825757 330.302894 -0.642788 4.188943 200.000000 4.188943 0.056385 22.554048 0.939693 -21.539755 200.000000 -21.539755 0.548924 219.569510 -0.342020 24.259551 200.000000 24.259551
 13.200000 -0.591656 -0.806191 -0.379868 0.925041 -2.508482 -0.389653 -0.806191 -0.591656 0.925041 -0.379868 0.161173 64.469196 -0.766044 0.143771 200.000000 0.143771 0.261448 104.579136 -0.642788 4.188943 200.000000 4.188943 0.021468 8.587007 0.939693 -21.539755 200.000000 -21.539755 0.143244 57.297528 -0.342020 24.259551 200.000000 24.259551
 13.400000 -0.674378 -0.738386 -0.329245 0.944245 -2.401471 -0.335503 -0.738386 -0.674378 0.944245 -0.329245 0.076497 30.598870 -0.766044 0.143771 200.000000 0.143771 0.099795 39.918026 -0.642788 4.188943 200.000000 4.188943 0.002072 0.828856 0.939693 -21.539755 200.000000 -21.539755 0.016322 6.528664 -0.342020 24.259551 200.000000 24.259551
 13.600000 -0.633342 -0.773872 -0.347918 0.937525 -2.455729 -0.355349 -0.773872 -0.633342 0.937525 -0.347918 0.006127 2.450970 -0.766044 0.143771 200.000000 0.143771 0.008922 3.568971 -0.642788 4.188943 200.000000 4.188943 0.000470 0.187948 0.939693 -21.539755 200.000000 -21.539755 0.003478 1.391386 -0.342020 24.259551 200.000000 24.259551
 13.800000 -0.697329 -0.716751 -0.369630 0.929179 -2.369928 -0.378611 -0.716751 -0.697329 0.929179 -0.369630 0.242983 97.193371 -0.766044 0.143771 200.000000 0.143771 0.297477 118.990953 -0.642788 4.188943 200.000000 4.188943 0.011054 4.421566 0.939693 -21.539755 200.000000 -21.539755 0.076233 30.493088 -0.342020 24.259551 200.000000 24.259551
 14.000000 -0.650733 -0.759306 -0.322867 0.946444 -2.433043 -0.328757 -0.759306 -0.650733 0.946444 -0.322867 0.004540 1.816122 -0.766044 0.143771 200.000000 0.143771 0.006314 2.525443 -0.642788 4.188943 200.000000 4.188943 0.004559 1.823459 0.939693 -21.539755 200.000000 -21.539755 0.036685 14.673944 -0.342020 24.259551 200.000000 24.259551
 14.200000 -0.650064 -0.759879 -0.267702 0.963502 -2.433923 -0.271008 -0.759879 -0.650064 0.963502 -0.267702 0.003801 1.520472 -0.766044 0.143771 200.000000 0.143771 0.005295 2.118099 -0.642788 4.188943 200.000000 4.188943 0.056687 22.674771 0.939693 -21.539755 200.000000 -21.539755 0.552312 220.924866 -0.342020 24.259551 200.000000 24.259551
 14.400000 -0.641131 -0.767431 -0.396570 0.918005 -2.445622 -0.407777 -0.767431 -0.641131 0.918005 -0.396570 0.000192 0.076956 -0.766044 0.143771 200.000000 0.143771 0.000274 0.109780 -0.642788 4.188943 200.000000 4.188943 0.047037 18.814760 0.939693 -21.539755 200.000000 -21.539755 0.297565 119.026024 -0.342020 24.259551 200.000000 24.259551
 14.600000 -0.684185 -0.729308 -0.352787 0.935704 -2.388107 -0.360548 -0.729308 -0.684185 0.935704 -0.352787 0.134954 53.981734 -0.766044 0.143771 200.000000 0.143771 0.171376 68.550416 -0.642788 4.188943 200.000000 4.188943 0.001591 0.636424 0.939693 -21.539755 200.000000 -21.539755 0.011592 4.636652 -0.342020 24.259551 200.000000 24.259551
 14.800000 -0.673409 -0.739270 -0.339465 0.940619 -2.402782 -0.346348 -0.739270 -0.673409 0.940619 -0.339465 0.071687 28.674812 -0.766044 0.143771 200.000000 0.143771 0.093768 37.507095 -0.642788 4.188943 200.000000 4.188943 0.000086 0.034310 0.939693 -21.539755 200.000000 -21.539755 0.000653 0.261199 -0.342020 24.259551 200.000000 24.259551
 15.000000 -0.674762 -0.738035 -0.344172 0.938907 -2.400950 -0.351357 -0.738035 -0.674762 0.938907 -0.344172 0.078453 31.381018 -0.766044 0.143771 200.000000 0.143771 0.102238 40.895396 -0.642788 4.188943 200.000000 4.188943 0.000062 0.024712 0.939693 -21.539755 200.000000 -21.539755 0.000463 0.185216 -0.342020 24.259551 200.000000 24.259551
 15.200000 -0.598760 -0.800929 -0.366385 0.930463 -2.499641 -0.375121 -0.800929 -0.598760 0.930463 -0.366385 0.121691 48.676582 -0.766044 0.143771 200.000000 0.143771 0.193846 77.538372 -0.642788 4.188943 200.000000 4.188943 0.008518 3.407237 0.939693 -21.539755 200.000000 -21.539755 0.059366 23.746208 -0.342020 24.259551 200.000000 24.259551
 15.400000 -0.689242 -0.724532 -0.320974 0.947088 -2.381151 -0.326758 -0.724532 -0.689242 0.947088 -0.320974 0.172332 68.932636 -0.766044 0.143771 200.000000 0.143771 0.215797 86.318857 -0.642788 4.188943 200.000000 4.188943 0.005469 2.187648 0.939693 -21.539755 200.000000 -21.539755 0.044294 17.717426 -0.342020 24.259551 200.000000 24.259551
 15.600000 -0.641931 -0.766762 -0.335102 0.942182 -2.444578 -0.341714 -0.766762 -0.641931 0.942182 -0.335102 0.000052 0.020602 -0.766044 0.143771 200.000000 0.143771 0.000073 0.029327 -0.642788 4.188943 200.000000 4.188943 0.000620 0.247835 0.939693 -21.539755 200.000000 -21.539755 0.004786 1.914295 -0.342020 24.259551 200.000000 24.259551
 15.800000 -0.632254 -0.774761 -0.299565 0.954076 -2.457133 -0.304237 -0.774761 -0.632254 0.954076 -0.299565 0.007598 3.039110 -0.766044 0.143771 200.000000 0.143771 0.011095 4.438059 -0.642788 4.188943 200.000000 4.188943 0.020688 8.275139 0.939693 -21.539755 200.000000 -21.539755 0.180244 72.097546 -0.342020 24.259551 200.000000 24.259551
 16.000000 -0.630961 -0.775814 -0.351254 0.936280 -2.458801 -0.358910 -0.775814 -0.630961 0.936280 -0.351254 0.009545 3.818011 -0.766044 0.143771 200.000000 0.143771 0.013986 5.594467 -0.642788 4.188943 200.000000 4.188943 0.001165 0.465815 0.939693 -21.539755 200.000000 -21.539755 0.008527 3.410799 -0.342020 24.259551 200.000000 24.259551
 16.200000 -0.681815 -0.731524 -0.385552 0.922686 -2.391351 -0.395806 -0.731524 -0.681815 0.922686 -0.385552 0.119163 47.665380 -0.766044 0.143771 200.000000 0.143771 0.152316 60.926362 -0.642788 4.188943 200.000000 4.188943 0.028923 11.569088 0.939693 -21.539755 200.000000 -21.539755 0.189506 75.802311 -0.342020 24.259551 200.000000 24.259551
 16.400000 -0.648147 -0.761515 -0.322628 0.946526 -2.436444 -0.328504 -0.761515 -0.648147 0.946526 -0.322628 0.002051 0.820544 -0.766044 0.143771 200.000000 0.143771 0.002872 1.148920 -0.642788 4.188943 200.000000 4.188943 0.004670 1.867802 0.939693 -21.539755 200.000000 -21.539755 0.037607 15.042910 -0.342020 24.259551 200.000000 24.259551
 16.600000 -0.637269 -0.770641 -0.304295 0.952578 -2.450643 -0.309198 -0.770641 -0.637269 0.952578 -0.304295 0.002113 0.845275 -0.766044 0.143771 200.000000 0.143771 0.003045 1.218175 -0.642788 4.188943 200.000000 4.188943 0.016603 6.641196 0.939693 -21.539755 200.000000 -21.539755 0.142319 56.927779 -0.342020 24.259551 200.000000 24.259551
 16.800000 -0.605875 -0.795560 -0.322694 0.946503 -2.490728 -0.328574 -0.795560 -0.605875 0.946503 -0.322694 0.087117 34.846735 -0.766044 0.143771 200.000000 0.143771 0.136256 54.502207 -0.642788 4.188943 200.000000 4.188943 0.004639 1.855459 0.939693 -21.539755 200.000000 -21.539755 0.037350 14.940162 -0.342020 24.259551 200.000000 24.259551
 17.000000 -0.579606 -0.814897 -0.327799 0.944747 -2.523347 -0.333973 -0.814897 -0.579606 0.944747 -0.327799 0.238655 95.462195 -0.766044 0.143771 200.000000 0.143771 0.399191 159.676393 -0.642788 4.188943 200.000000 4.188943 0.002555 1.022044 0.939693 -21.539755 200.000000 -21.539755 0.020224 8.089449 -0.342020 24.259551 200.000000 24.259551
 17.200000 -0.724023 -0.689776 -0.310404 0.950605 -2.331975 -0.315618 -0.689776 -0.724023 0.950605 -0.310404 0.581694 232.677681 -0.766044 0.143771 200.000000 0.143771 0.659923 263.969196 -0.642788 4.188943 200.000000 4.188943 0.011908 4.763074 0.939693 -21.539755 200.000000 -21.539755 0.099960 39.984169 -0.342020 24.259551 200.000000 24.259551
 17.400000 -0.633084 -0.774083 -0.304538 0.952500 -2.456062 -0.309453 -0.774083 -0.633084 0.952500 -0.304538 0.006462 2.584730 -0.766044 0.143771 200.000000 0.143771 0.009416 3.766296 -0.642788 4.188943 200.000000 4.188943 0.016404 6.561423 0.939693 -21.539755 200.000000 -21.539755 0.140493 56.197107 -0.342020 24.259551 200.000000 24.259551
 17.600000 -0.687959 -0.725749 -0.294139 0.955763 -2.382919 -0.298555 -0.725749 -0.687959 0.955763 -0.294139 0.162371 64.948458 -0.766044 0.143771 200.000000 0.143771 0.204049 81.619756 -0.642788 4.188943 200.000000 4.188943 0.025824 10.329671 0.939693 -21.539755 200.000000 -21.539755 0.229256 91.702541 -0.342020 24.259551 200.000000 24.259551
 17.800000 -0.644074 -0.764963 -0.426315 0.904575 -2.441780 -0.440415 -0.764963 -0.644074 0.904575 -0.426315 0.000117 0.046777 -0.766044 0.143771 200.000000 0.143771 0.000166 0.066211 -0.642788 4.188943 200.000000 4.188943 0.123327 49.330728 0.939693 -21.539755 200.000000 -21.539755 0.710565 284.225935 -0.342020 24.259551 200.000000 24.259551
 18.000000 -0.641874 -0.766810 -0.266778 0.963758 -2.444653 -0.270048 -0.766810 -0.641874 0.963758 -0.266778 0.000059 0.023435 -0.766044 0.143771 200.000000 0.143771 0.000083 0.033365 -0.642788 4.188943 200.000000 4.188943 0.057915 23.165815 0.939693 -21.539755 200.000000 -21.539755 0.566141 226.456336 -0.342020 24.259551 200.000000 24.259551
 18.200000 -0.724741 -0.689021 -0.318475 0.947931 -2.330934 -0.324120 -0.689021 -0.724741 0.947931 -0.318475 0.593254 237.301645 -0.766044 0.143771 200.000000 0.143771 0.671635 268.653971 -0.642788 4.188943 200.000000 4.188943 0.006788 2.715028 0.939693 -21.539755 200.000000 -21.539755 0.055438 22.175124 -0.342020 24.259551 200.000000 24.259551
 18.400000 -0.665837 -0.746097 -0.317101 0.948392 -2.412977 -0.322671 -0.746097 -0.665837 0.948392 -0.317101 0.039790 15.915872 -0.766044 0.143771 200.000000 0.143771 0.053128 21.251277 -0.642788 4.188943 200.000000 4.188943 0.007568 3.027021 0.939693 -21.539755 200.000000 -21.539755 0.062097 24.838639 -0.342020 24.259551 200.000000 24.259551
 18.600000 -0.566120 -0.824323 -0.371395 0.928475 -2.539801 -0.380511 -0.824323 -0.566120 0.928475 -0.371395 0.339638 135.855258 -0.766044 0.143771 200.000000 0.143771 0.587794 235.117648 -0.642788 4.188943 200.000000 4.188943 0.012583 5.033396 0.939693 -21.539755 200.000000 -21.539755 0.086288 34.515031 -0.342020 24.259551 200.000000 24.259551
 18.800000 -0.666172 -0.745798 -0.359158 0.933277 -2.412528 -0.367366 -0.745798 -0.666172 0.933277 -0.359158 0.040992 16.396859 -0.766044 0.143771 200.000000 0.143771 0.054684 21.873639 -0.642788 4.188943 200.000000 4.188943 0.004117 1.646617 0.939693 -21.539755 200.000000 -21.539755 0.029372 11.748883 -0.342020 24.259551 200.000000 24.259551
 19.000000 -0.632947 -0.774195 -0.255482 0.966814 -2.456239 -0.258346 -0.774195 -0.632947 0.966814 -0.255482 0.006644 2.657432 -0.766044 0.143771 200.000000 0.143771 0.009684 3.873631 -0.642788 4.188943 200.000000 4.188943 0.073556 29.422573 0.939693 -21.539755 200.000000 -21.539755 0.748891 299.556569 -0.342020 24.259551 200.000000 24.259551
 19.200000 -0.683637 -0.729822 -0.367094 0.930184 -2.388858 -0.375883 -0.729822 -0.683637 0.930184 -0.367094 0.131204 52.481686 -0.766044 0.143771 200.000000 0.143771 0.166866 66.746507 -0.642788 4.188943 200.000000 4.188943 0.009042 3.616812 0.939693 -21.539755 200.000000 -21.539755 0.062872 25.148887 -0.342020 24.259551 200.000000 24.259551
 19.400000 -0.612714 -0.790305 -0.371783 0.928320 -2.482102 -0.380928 -0.790305 -0.612714 0.928320 -0.371783 0.058855 23.542044 -0.766044 0.143771 200.000000 0.143771 0.090441 36.176237 -0.642788 4.188943 200.000000 4.188943 0.012934 5.173589 0.939693 -21.539755 200.000000 -21.539755 0.088580 35.431958 -0.342020 24.259551 200.000000 24.259551
 19.600000 -0.591561 -0.806260 -0.345509 0.938415 -2.508599 -0.352781 -0.806260 -0.591561 0.938415 -0.345509 0.161730 64.691957 -0.766044 0.143771 200.000000 0.143771 0.262414 104.965800 -0.642788 4.188943 200.000000 4.188943 0.000163 0.065245 0.939693 -21.539755 200.000000 -21.539755 0.001217 0.486862 -0.342020 24.259551 200.000000 24.259551
 19.800000 -0.681712 -0.731621 -0.230632 0.973041 -2.391493 -0.232727 -0.731621 -0.681712 0.973041 -0.230632 0.118497 47.398738 -0.766044 0.143771 200.000000 0.143771 0.151507 60.602854 -0.642788 4.188943 200.000000 4.188943 0.111212 44.484921 0.939693 -21.539755 200.000000 -21.539755 1.240740 496.295804 -0.342020 24.259551 200.000000 24.259551
 20.000000 -0.694379 -0.719609 -0.291026 0.956715 -2.374036 -0.295299 -0.719609 -0.694379 0.956715 -0.291026 0.215623 86.249182 -0.766044 0.143771 200.000000 0.143771 0.266170 106.467958 -0.642788 4.188943 200.000000 4.188943 0.028976 11.590586 0.939693 -21.539755 200.000000 -21.539755 0.260039 104.015455 -0.342020 24.259551 200.000000 24.259551
