#! FIELDS time sin_phi cos_phi sin_psi cos_psi phi psi cos_phi sin_phi cos_psi sin_psi restraint_phi_cos.bias restraint_phi_cos.force2 restraint_phi_cos.cos_phi_cntr restraint_phi_cos.cos_phi_work restraint_phi_cos.cos_phi_kappa restraint_phi_cos.work restraint_phi_sin.bias restraint_phi_sin.force2 restraint_phi_sin.sin_phi_cntr restraint_phi_sin.sin_phi_work restraint_phi_sin.sin_phi_kappa restraint_phi_sin.work restraint_psi_cos.bias restraint_psi_cos.force2 restraint_psi_cos.cos_psi_cntr restraint_psi_cos.cos_psi_work restraint_psi_cos.cos_psi_kappa restraint_psi_cos.work restraint_psi_sin.bias restraint_psi_sin.force2 restraint_psi_sin.sin_psi_cntr restraint_psi_sin.sin_psi_work restraint_psi_sin.sin_psi_kappa restraint_psi_sin.work
#! SET min_phi -pi
#! SET max_phi pi
#! SET min_psi -pi
#! SET max_psi pi
 0.000000 -0.999983 -0.005782 0.966116 0.258110 -1.576579 1.309731 -0.005782 -0.999983 0.258110 0.966116 0.000000 0.000000 -0.009747 0.000000 0.000000 0.000000 0.000000 0.000000 -0.999953 0.000000 0.000000 0.000000 0.000000 0.000000 0.256142 0.000000 0.000000 0.000000 0.000000 0.000000 0.966639 0.000000 0.000000 0.000000
 0.200000 -1.000000 -0.000266 0.834655 0.550773 -1.571062 0.987506 -0.000266 -1.000000 0.550773 0.834655 0.000899 0.035954 -0.009747 0.429322 20.000000 0.429322 0.000000 0.000001 -0.999953 0.008204 20.000000 0.008204 0.868072 34.722866 0.256142 0.437494 20.000000 0.437494 0.174198 6.967905 0.966639 0.079186 20.000000 0.079186
 0.400000 -0.998238 0.059333 0.982968 0.183778 -1.511428 1.385968 0.059333 -0.998238 0.183778 0.982968 0.095441 7.635246 -0.009747 0.576151 40.000000 0.576151 0.000059 0.004702 -0.999953 0.009175 40.000000 0.009175 0.104733 8.378618 0.256142 0.652620 40.000000 0.652620 0.005333 0.426605 0.966639 0.103852 40.000000 0.103852
 0.600000 -0.997905 0.064690 0.969721 0.244216 -1.506061 1.324085 0.064690 -0.997905 0.244216 0.969721 0.166224 19.946879 -0.009747 0.652738 60.000000 0.652738 0.000126 0.015086 -0.999953 0.009549 60.000000 0.009549 0.004267 0.512080 0.256142 0.812949 60.000000 0.812949 0.000285 0.034192 0.966639 0.126978 60.000000 0.126978
 0.800000 -0.999998 0.001894 0.948099 0.317975 -1.568902 1.247203 0.001894 -0.999998 0.317975 0.948099 0.005420 0.867200 -0.009747 0.745440 80.000000 0.745440 0.000000 0.000013 -0.999953 0.009931 80.000000 0.009931 0.152931 24.469032 0.256142 0.870396 80.000000 0.870396 0.013749 2.199883 0.966639 0.131256 80.000000 0.131256
 1.000000 -0.997905 -0.064690 0.983714 0.179740 -1.635531 1.390074 -0.064690 -0.997905 0.179740 0.983714 0.150938 30.187619 -0.009747 0.830208 100.000000 0.830208 0.000210 0.041905 -0.999953 0.010215 100.000000 0.010215 0.291867 58.373466 0.256142 0.906296 100.000000 0.906296 0.014578 2.915595 0.966639 0.133900 100.000000 0.133900
 1.200000 -0.998628 0.052357 0.985226 0.171262 -1.518415 1.398686 0.052357 -0.998628 0.171262 0.985226 0.231412 55.538994 -0.009747 0.926095 120.000000 0.926095 0.000105 0.025246 -0.999953 0.010633 120.000000 0.010633 0.432282 103.747643 0.256142 0.992025 120.000000 0.992025 0.020727 4.974582 0.966639 0.141240 120.000000 0.141240
 1.400000 -0.999098 0.042471 0.979939 0.199299 -1.528313 1.370154 0.042471 -0.999098 0.199299 0.979939 0.190866 53.442499 -0.009747 0.960898 140.000000 0.960898 0.000051 0.014321 -0.999953 0.010712 140.000000 0.010712 0.226180 63.330420 0.256142 1.092945 140.000000 1.092945 0.012382 3.466844 0.966639 0.149518 140.000000 0.149518
 1.600000 -0.999952 0.009779 0.961528 0.274706 -1.561018 1.292512 0.009779 -0.999952 0.274706 0.961528 0.030498 9.759450 -0.009747 1.007093 160.000000 1.007093 0.000000 0.000000 -0.999953 0.010845 160.000000 0.010845 0.027570 8.822428 0.256142 1.162447 160.000000 1.162447 0.002090 0.668714 0.966639 0.156254 160.000000 0.156254
 1.800000 -0.999816 -0.019191 0.970209 0.242271 -1.589988 1.326090 -0.019191 -0.999816 0.242271 0.970209 0.008027 2.889774 -0.009747 1.051966 180.000000 1.051966 0.000002 0.000605 -0.999953 0.010933 180.000000 0.010933 0.017316 6.233938 0.256142 1.193883 180.000000 1.193883 0.001147 0.412811 0.966639 0.158912 180.000000 0.158912
 2.000000 -0.987451 0.157923 0.943128 0.332430 -1.412209 1.231917 0.157923 -0.987451 0.332430 0.943128 2.811311 1124.524500 -0.009747 1.081900 200.000000 1.081900 0.015628 6.251093 -0.999953 0.011013 200.000000 0.011013 0.581986 232.794469 0.256142 1.219741 200.000000 1.219741 0.055278 22.111200 0.966639 0.161373 200.000000 0.161373
 2.200000 -0.991705 0.128534 0.923051 0.384678 -1.441906 1.175938 0.128534 -0.991705 0.384678 0.923051 0.872276 348.910438 0.035138 0.923192 200.000000 0.923192 0.389622 155.848865 -0.929285 0.472707 200.000000 0.472707 2.349438 939.775280 0.231399 1.287723 200.000000 1.287723 0.003131 1.252313 0.917456 0.372673 200.000000 0.372673
 2.400000 -0.996739 0.080698 0.948385 0.317122 -1.490010 1.248103 0.080698 -0.996739 0.317122 0.948385 0.000046 0.018215 0.080023 0.644040 200.000000 0.644040 1.907723 763.089343 -0.858618 1.898473 200.000000 1.898473 1.220284 488.113614 0.206655 1.428936 200.000000 1.428936 0.641803 256.721085 0.868272 1.087182 200.000000 1.087182
 2.600000 -0.999595 0.028459 0.915314 0.402741 -1.542333 1.156286 0.028459 -0.999595 0.402741 0.915314 0.930237 372.094955 0.124908 0.388686 200.000000 0.388686 4.479312 1791.724956 -0.787951 4.236519 200.000000 4.236519 4.876568 1950.627205 0.181912 1.622850 200.000000 1.622850 0.925926 370.370208 0.819089 2.317057 200.000000 2.317057
 2.800000 -0.991657 0.128906 0.978302 0.207183 -1.441531 1.362101 0.128906 -0.991657 0.207183 0.978302 0.167180 66.871953 0.169793 0.026512 200.000000 0.026512 7.528050 3011.220021 -0.717284 7.445248 200.000000 7.445248 0.250149 100.059786 0.157168 1.828363 200.000000 1.828363 4.342921 1737.168486 0.769905 4.091502 200.000000 4.091502
 3.000000 -0.962845 0.270056 0.960758 0.277387 -1.297345 1.289723 0.270056 -0.962845 0.277387 0.960758 0.306667 122.666960 0.214678 -0.582628 200.000000 -0.582628 10.000007 4000.002995 -0.646617 11.430365 200.000000 11.430365 2.101417 840.566935 0.132425 2.098280 200.000000 2.098280 5.761736 2304.694598 0.720722 6.385382 200.000000 6.385382
 3.200000 -0.958657 0.284565 0.995085 0.099022 -1.282243 1.471612 0.284565 -0.958657 0.099022 0.995085 0.062512 25.004603 0.259563 -1.445521 200.000000 -1.445521 14.646461 5858.584578 -0.575950 16.054539 200.000000 16.054539 0.007499 2.999477 0.107681 2.336267 200.000000 2.336267 10.468248 4187.299171 0.671539 9.208783 200.000000 9.208783
 3.400000 -0.852586 0.522586 0.984631 0.174645 -1.020915 1.395251 0.522586 -0.852586 0.174645 0.984631 4.758426 1903.370295 0.304448 -2.671558 200.000000 -2.671558 12.062001 4824.800495 -0.505283 21.203966 200.000000 21.203966 0.841026 336.410243 0.082938 2.583152 200.000000 2.583152 13.124412 5249.764793 0.622355 12.537929 200.000000 12.537929
 3.600000 -0.713884 0.700264 0.998945 0.045928 -0.795029 1.524852 0.700264 -0.713884 0.045928 0.998945 12.315287 4926.114767 0.349333 -4.377905 200.000000 -4.377905 7.799071 3119.628565 -0.434615 26.592401 200.000000 26.592401 0.015046 6.018579 0.058194 2.868380 200.000000 2.868380 18.128269 7251.307582 0.573172 16.384486 200.000000 16.384486
 3.800000 -0.746550 0.665329 0.995443 -0.095360 -0.842862 1.666301 0.665329 -0.746550 -0.095360 0.995443 7.350119 2940.047490 0.394218 -6.584426 200.000000 -6.584426 14.638435 5855.373922 -0.363948 31.997436 200.000000 31.997436 1.659220 663.687899 0.033451 3.144513 200.000000 3.144513 22.226940 8890.775983 0.523988 20.745883 200.000000 20.745883
 4.000000 -0.621308 0.783566 0.999896 0.014399 -0.670411 1.556396 0.783566 -0.621308 0.014399 0.999896 11.865516 4746.206364 0.439103 -9.134826 200.000000 -9.134826 10.760164 4304.065519 -0.293281 37.385486 200.000000 37.385486 0.003240 1.296077 0.008707 3.272817 200.000000 3.272817 27.572103 11028.841192 0.474805 25.631474 200.000000 25.631474
 4.200000 -0.457236 0.889345 0.998165 0.060557 -0.474885 1.510202 0.889345 -0.457236 0.060557 0.998165 16.431464 6572.585572 0.483988 -12.617979 200.000000 -12.617979 5.504766 2201.906375 -0.222614 41.152930 200.000000 41.152930 0.586653 234.661076 -0.016036 3.054726 200.000000 3.054726 32.780582 13112.232846 0.425621 31.000233 200.000000 31.000233
 4.400000 -0.406563 0.913623 0.983349 -0.181728 -0.418689 1.753540 0.913623 -0.406563 -0.181728 0.983349 14.803250 5921.299845 0.528873 -16.151989 200.000000 -16.151989 6.482950 2593.180195 -0.151947 44.584009 200.000000 44.584009 1.986646 794.658206 -0.040780 2.853223 200.000000 2.853223 36.834066 14733.626224 0.376438 36.843498 200.000000 36.843498
 4.600000 -0.180350 0.983602 0.989375 -0.145384 -0.181342 1.716697 0.983602 -0.180350 -0.145384 0.989375 16.797278 6718.911145 0.573758 -19.776734 200.000000 -19.776734 0.981493 392.597199 -0.081280 46.882368 200.000000 46.882368 0.637768 255.107237 -0.065523 2.319149 200.000000 2.319149 43.840385 17536.153912 0.327255 43.070844 200.000000 43.070844
 4.800000 -0.121290 0.992617 0.944163 -0.329477 -0.121589 1.906546 0.992617 -0.121290 -0.329477 0.944163 13.985692 5594.276905 0.618643 -23.324378 200.000000 -23.324378 1.224951 489.980558 -0.010613 47.724716 200.000000 47.724716 5.722168 2288.867082 -0.090267 1.794798 200.000000 1.794798 44.367888 17747.155337 0.278071 49.729723 200.000000 49.729723
 5.000000 0.063537 0.997979 0.918196 -0.396126 0.063580 1.978090 0.997979 0.063537 -0.396126 0.918196 11.185808 4474.323149 0.663528 -26.508506 200.000000 -26.508506 0.001213 0.485215 0.060055 48.935427 200.000000 48.935427 7.902604 3161.041633 -0.115010 0.552694 200.000000 0.552694 47.514596 19005.838446 0.228888 56.422348 200.000000 56.422348
 5.200000 0.150765 0.988570 0.875627 -0.482988 0.151342 2.074860 0.988570 0.150765 -0.482988 0.875627 7.848801 3139.520233 0.708412 -29.254956 200.000000 -29.254956 0.040174 16.069716 0.130722 49.016624 200.000000 49.016624 11.780958 4712.383258 -0.139754 -0.987591 200.000000 -0.987591 48.430831 19372.332352 0.179704 63.232789 200.000000 63.232789
 5.400000 0.169293 0.985566 0.817975 -0.575254 0.170112 2.183711 0.985566 0.169293 -0.575254 0.817975 5.394861 2157.944572 0.753297 -31.491947 200.000000 -31.491947 0.103017 41.206743 0.201389 48.655723 200.000000 48.655723 16.872075 6748.829816 -0.164497 -2.992762 200.000000 -2.992762 47.259306 18903.722569 0.130521 69.864591 200.000000 69.864591
 5.600000 0.290504 0.956874 0.597958 -0.801528 0.294753 2.500642 0.956874 0.290504 -0.801528 0.597958 2.518300 1007.320013 0.798182 -33.293415 200.000000 -33.293415 0.034032 13.612632 0.272056 49.050308 200.000000 49.050308 37.489512 14995.804988 -0.189241 -5.761163 200.000000 -5.761163 26.689621 10675.848484 0.081338 75.396061 200.000000 75.396061
 5.800000 0.327205 0.944954 0.415524 -0.909582 0.333344 2.713074 0.944954 0.327205 -0.909582 0.415524 1.038081 415.232215 0.843067 -34.435841 200.000000 -34.435841 0.024083 9.633057 0.342723 48.999037 200.000000 48.999037 48.385614 19354.245768 -0.213985 -8.975625 200.000000 -8.975625 14.697248 5878.899319 0.032154 79.943959 200.000000 79.943959
 6.000000 0.534828 0.844961 -0.420771 -0.907167 0.564305 -2.707298 0.844961 0.534828 -0.907167 -0.420771 0.184827 73.930730 0.887952 -34.535397 200.000000 -34.535397 1.474720 589.888072 0.413390 47.607973 200.000000 47.607973 44.681076 17872.430253 -0.238728 -12.600375 200.000000 -12.600375 16.300700 6520.279958 -0.017029 79.496135 200.000000 79.496135
 6.200000 0.512390 0.858753 -0.129158 -0.991624 0.537966 -3.012073 0.858753 0.512390 -0.991624 -0.129158 0.178219 71.287674 0.900969 -34.437823 200.000000 -34.437823 0.616324 246.529468 0.433884 47.235756 200.000000 47.235756 53.020597 21208.238740 -0.263472 -15.891123 200.000000 -15.891123 0.396213 158.485253 -0.066213 76.192075 200.000000 76.192075
 6.400000 0.536779 0.843723 -0.671294 -0.741191 0.566615 -2.405639 0.843723 0.536779 -0.741191 -0.671294 0.327710 131.084165 0.900969 -34.437823 200.000000 -34.437823 1.058744 423.497555 0.433884 47.235756 200.000000 47.235756 20.518737 8207.494647 -0.288215 -18.967205 200.000000 -18.967205 30.902238 12360.895186 -0.115396 73.432768 200.000000 73.432768
 6.600000 0.522026 0.852930 -0.425352 -0.905028 0.549225 -2.702242 0.852930 0.522026 -0.905028 -0.425352 0.230777 92.310913 0.900969 -34.437823 200.000000 -34.437823 0.776905 310.762194 0.433884 47.235756 200.000000 47.235756 35.054615 14021.846160 -0.312959 -21.768708 200.000000 -21.768708 6.800226 2720.090588 -0.164580 70.111947 200.000000 70.111947
 6.800000 0.467991 0.883733 -0.724927 -0.688826 0.487016 -2.330665 0.883733 0.467991 -0.688826 -0.724927 0.029707 11.882724 0.900969 -34.437823 200.000000 -34.437823 0.116331 46.532350 0.433884 47.235756 200.000000 47.235756 12.328801 4931.520521 -0.337702 -24.091134 200.000000 -24.091134 26.128829 10451.531753 -0.213763 66.157874 200.000000 66.157874
 7.000000 0.509750 0.860323 -0.532573 -0.846384 0.534894 -2.579955 0.860323 0.509750 -0.846384 -0.532573 0.165210 66.084114 0.900969 -34.437823 200.000000 -34.437823 0.575563 230.225305 0.433884 47.235756 200.000000 47.235756 23.419633 9367.853193 -0.362446 -26.495595 200.000000 -26.495595 7.269856 2907.942230 -0.262946 63.248660 200.000000 63.248660
 7.200000 0.488719 0.872441 -0.634560 -0.772874 0.510621 -2.454154 0.872441 0.488719 -0.772874 -0.634560 0.081384 32.553617 0.900969 -34.437823 200.000000 -34.437823 0.300696 120.278372 0.433884 47.235756 200.000000 47.235756 14.875245 5950.098098 -0.387189 -28.007881 200.000000 -28.007881 10.396124 4158.449669 -0.312130 58.945592 200.000000 58.945592
 7.400000 0.475717 0.879598 -0.729918 -0.683535 0.495779 -2.323391 0.879598 0.475717 -0.683535 -0.729918 0.045671 18.268242 0.900969 -34.437823 200.000000 -34.437823 0.175005 70.002160 0.433884 47.235756 200.000000 47.235756 7.376794 2950.717608 -0.411933 -29.882838 200.000000 -29.882838 13.586911 5434.764246 -0.361313 56.123060 200.000000 56.123060
 7.600000 0.521366 0.853333 -0.637077 -0.770800 0.548451 -2.450892 0.853333 0.521366 -0.770800 -0.637077 0.226915 90.766180 0.900969 -34.437823 200.000000 -34.437823 0.765313 306.125177 0.433884 47.235756 200.000000 47.235756 11.163880 4465.551898 -0.436676 -31.124079 200.000000 -31.124079 5.133866 2053.546411 -0.410497 52.690852 200.000000 52.690852
 7.800000 0.444848 0.895606 -0.814191 -0.580597 0.461004 -2.190258 0.895606 0.444848 -0.580597 -0.814191 0.002876 1.150316 0.900969 -34.437823 200.000000 -34.437823 0.012021 4.808344 0.433884 47.235756 200.000000 47.235756 1.420320 568.127875 -0.461420 -32.335095 200.000000 -32.335095 12.567810 5027.123860 -0.459680 49.974066 200.000000 49.974066
 8.000000 0.494214 0.869340 -0.695801 -0.718235 0.516930 -2.372058 0.869340 0.494214 -0.718235 -0.695801 0.100036 40.014371 0.900969 -34.437823 200.000000 -34.437823 0.363971 145.588502 0.433884 47.235756 200.000000 47.235756 5.385722 2154.288754 -0.486163 -33.412161 200.000000 -33.412161 3.494554 1397.821652 -0.508864 47.677177 200.000000 47.677177
 8.200000 0.441462 0.897280 -0.734342 -0.678779 0.457228 -2.316896 0.897280 0.441462 -0.678779 -0.734342 0.001361 0.544392 0.900969 -34.437823 200.000000 -34.437823 0.005744 2.297480 0.433884 47.235756 200.000000 47.235756 2.818122 1127.248782 -0.510907 -34.039114 200.000000 -34.039114 3.108004 1243.201405 -0.558047 45.270987 200.000000 45.270987
 8.400000 0.492503 0.870311 -0.793800 -0.608179 0.514963 -2.224561 0.870311 0.492503 -0.608179 -0.793800 0.093991 37.596520 0.900969 -34.437823 200.000000 -34.437823 0.343619 137.447708 0.433884 47.235756 200.000000 47.235756 0.526037 210.414977 -0.535650 -34.808471 200.000000 -34.808471 3.480828 1392.331144 -0.607230 43.792527 200.000000 43.792527
 8.600000 0.488100 0.872788 -0.684685 -0.728839 0.509912 -2.387421 0.872788 0.488100 -0.728839 -0.684685 0.079418 31.767366 0.900969 -34.437823 200.000000 -34.437823 0.293943 117.577026 0.433884 47.235756 200.000000 47.235756 2.837366 1134.946536 -0.560394 -35.159523 200.000000 -35.159523 0.079929 31.971598 -0.656414 42.302075 200.000000 42.302075
 8.800000 0.511560 0.859248 -0.812873 -0.582441 0.536999 -2.192524 0.859248 0.511560 -0.582441 -0.812873 0.174065 69.625842 0.900969 -34.437823 200.000000 -34.437823 0.603353 241.341356 0.433884 47.235756 200.000000 47.235756 0.000727 0.290890 -0.585137 -35.423068 200.000000 -35.423068 1.150815 460.326109 -0.705597 41.370153 200.000000 41.370153
 9.000000 0.469397 0.882987 -0.780092 -0.625665 0.488607 -2.246781 0.882987 0.469397 -0.625665 -0.780092 0.032333 12.933375 0.900969 -34.437823 200.000000 -34.437823 0.126117 50.446961 0.433884 47.235756 200.000000 47.235756 0.024915 9.966112 -0.609881 -35.602237 200.000000 -35.602237 0.064064 25.625674 -0.754781 40.946915 200.000000 40.946915
 9.200000 0.573899 0.818926 -0.766496 -0.642249 0.611259 -2.268226 0.818926 0.573899 -0.642249 -0.766496 0.673105 269.241897 0.900969 -34.437823 200.000000 -34.437823 1.960435 784.173826 0.433884 47.235756 200.000000 47.235756 0.035192 14.076894 -0.623490 -35.549691 200.000000 -35.549691 0.023519 9.407404 -0.781831 40.768287 200.000000 40.768287
 9.400000 0.453817 0.891095 -0.822070 -0.569386 0.471044 -2.176556 0.891095 0.453817 -0.569386 -0.822070 0.009750 3.899822 0.900969 -34.437823 200.000000 -34.437823 0.039734 15.893462 0.433884 47.235756 200.000000 47.235756 0.292718 117.087242 -0.623490 -35.549691 200.000000 -35.549691 0.161914 64.765676 -0.781831 40.768287 200.000000 40.768287
 9.600000 0.509432 0.860511 -0.773027 -0.634373 0.534525 -2.257994 0.860511 0.509432 -0.634373 -0.773027 0.163684 65.473784 0.900969 -34.437823 200.000000 -34.437823 0.570754 228.301433 0.433884 47.235756 200.000000 47.235756 0.011845 4.738066 -0.623490 -35.549691 200.000000 -35.549691 0.007752 3.100889 -0.781831 40.768287 200.000000 40.768287
 9.800000 0.492966 0.870048 -0.782378 -0.622803 0.515496 -2.243117 0.870048 0.492966 -0.622803 -0.782378 0.095607 38.242986 0.900969 -34.437823 200.000000 -34.437823 0.349075 139.629910 0.433884 47.235756 200.000000 47.235756 0.000047 0.018852 -0.623490 -35.549691 200.000000 -35.549691 0.000030 0.011967 -0.781831 40.768287 200.000000 40.768287
 10.000000 0.571419 0.820658 -0.796151 -0.605098 0.608234 -2.220685 0.820658 0.571419 -0.605098 -0.796151 0.644977 257.990842 0.900969 -34.437823 200.000000 -34.437823 1.891598 756.639026 0.433884 47.235756 200.000000 47.235756 0.033826 13.530317 -0.623490 -35.549691 200.000000 -35.549691 0.020505 8.201930 -0.781831 40.768287 200.000000 40.768287
 10.200000 0.488803 0.872394 -0.793537 -0.608522 0.510717 -2.224993 0.872394 0.488803 -0.608522 -0.793537 0.081652 32.660621 0.900969 -34.437823 200.000000 -34.437823 0.301614 120.645484 0.433884 47.235756 200.000000 47.235756 0.022404 8.961581 -0.623490 -35.549691 200.000000 -35.549691 0.013702 5.480875 -0.781831 40.768287 200.000000 40.768287
 10.400000 0.450708 0.892672 -0.796248 -0.604971 0.467558 -2.220525 0.892672 0.450708 -0.604971 -0.796248 0.006884 2.753786 0.900969 -34.437823 200.000000 -34.437823 0.028305 11.321801 0.433884 47.235756 200.000000 47.235756 0.034296 13.718226 -0.623490 -35.549691 200.000000 -35.549691 0.020783 8.313096 -0.781831 40.768287 200.000000 40.768287
 10.600000 0.444238 0.895909 -0.794471 -0.607302 0.460324 -2.223457 0.895909 0.444238 -0.607302 -0.794471 0.002561 1.024202 0.900969 -34.437823 200.000000 -34.437823 0.010721 4.288575 0.433884 47.235756 200.000000 47.235756 0.026204 10.481459 -0.623490 -35.549691 200.000000 -35.549691 0.015975 6.390165 -0.781831 40.768287 200.000000 40.768287
 10.800000 0.443572 0.896239 -0.799759 -0.600322 0.459581 -2.214700 0.896239 0.443572 -0.600322 -0.799759 0.002238 0.895011 0.900969 -34.437823 200.000000 -34.437823 0.009387 3.754692 0.433884 47.235756 200.000000 47.235756 0.053675 21.470188 -0.623490 -35.549691 200.000000 -35.549691 0.032138 12.855151 -0.781831 40.768287 200.000000 40.768287
 11.000000 0.523406 0.852084 -0.797243 -0.603658 0.550843 -2.218878 0.852084 0.523406 -0.603658 -0.797243 0.238976 95.590286 0.900969 -34.437823 200.000000 -34.437823 0.801415 320.565876 0.433884 47.235756 200.000000 47.235756 0.039331 15.732241 -0.623490 -35.549691 200.000000 -35.549691 0.023753 9.501206 -0.781831 40.768287 200.000000 40.768287
 11.200000 0.503366 0.864073 -0.770432 -0.637523 0.527490 -2.262075 0.864073 0.503366 -0.637523 -0.770432 0.136128 54.451180 0.900969 -34.437823 200.000000 -34.437823 0.482777 193.110952 0.433884 47.235756 200.000000 47.235756 0.019692 7.876931 -0.623490 -35.549691 200.000000 -35.549691 0.012996 5.198347 -0.781831 40.768287 200.000000 40.768287
 11.400000 0.530710 0.847553 -0.802073 -0.597226 0.559438 -2.210834 0.847553 0.530710 -0.597226 -0.802073 0.285322 114.128745 0.900969 -34.437823 200.000000 -34.437823 0.937537 375.014684 0.433884 47.235756 200.000000 47.235756 0.068980 27.591910 -0.623490 -35.549691 200.000000 -35.549691 0.040973 16.389009 -0.781831 40.768287 200.000000 40.768287
 11.600000 0.556295 0.830985 -0.844565 -0.535453 0.589921 -2.135841 0.830985 0.556295 -0.535453 -0.844565 0.489779 195.911479 0.900969 -34.437823 200.000000 -34.437823 1.498459 599.383662 0.433884 47.235756 200.000000 47.235756 0.775040 310.016156 -0.623490 -35.549691 200.000000 -35.549691 0.393546 157.418556 -0.781831 40.768287 200.000000 40.768287
 11.800000 0.469635 0.882860 -0.793239 -0.608911 0.488878 -2.225483 0.882860 0.469635 -0.608911 -0.793239 0.032792 13.116641 0.900969 -34.437823 200.000000 -34.437823 0.127819 51.127483 0.433884 47.235756 200.000000 47.235756 0.021255 8.502120 -0.623490 -35.549691 200.000000 -35.549691 0.013013 5.205123 -0.781831 40.768287 200.000000 40.768287
 12.000000 0.441197 0.897410 -0.782175 -0.623059 0.456932 -2.243444 0.897410 0.441197 -0.623059 -0.782175 0.001266 0.506595 0.900969 -34.437823 200.000000 -34.437823 0.005349 2.139572 0.433884 47.235756 200.000000 47.235756 0.000019 0.007420 -0.623490 -35.549691 200.000000 -35.549691 0.000012 0.004713 -0.781831 40.768287 200.000000 40.768287
 12.200000 0.516896 0.856048 -0.845094 -0.534617 0.543221 -2.134851 0.856048 0.516896 -0.534617 -0.845094 0.201785 80.714149 0.900969 -34.437823 200.000000 -34.437823 0.689100 275.639894 0.433884 47.235756 200.000000 47.235756 0.789837 315.934814 -0.623490 -35.549691 200.000000 -35.549691 0.400220 160.088142 -0.781831 40.768287 200.000000 40.768287
 12.400000 0.512604 0.858625 -0.804532 -0.593909 0.538215 -2.206706 0.858625 0.512604 -0.593909 -0.804532 0.179299 71.719703 0.900969 -34.437823 200.000000 -34.437823 0.619688 247.875387 0.433884 47.235756 200.000000 47.235756 0.087500 35.000061 -0.623490 -35.549691 200.000000 -35.549691 0.051531 20.612441 -0.781831 40.768287 200.000000 40.768287
 12.600000 0.529831 0.848103 -0.733045 -0.680180 0.558401 -2.318804 0.848103 0.529831 -0.680180 -0.733045 0.279477 111.790884 0.900969 -34.437823 200.000000 -34.437823 0.920587 368.234824 0.433884 47.235756 200.000000 47.235756 0.321375 128.549858 -0.623490 -35.549691 200.000000 -35.549691 0.238008 95.203288 -0.781831 40.768287 200.000000 40.768287
 12.800000 0.494024 0.869448 -0.824203 -0.566295 0.516712 -2.172800 0.869448 0.494024 -0.566295 -0.824203 0.099354 39.741615 0.900969 -34.437823 200.000000 -34.437823 0.361682 144.672971 0.433884 47.235756 200.000000 47.235756 0.327124 130.849556 -0.623490 -35.549691 200.000000 -35.549691 0.179531 71.812429 -0.781831 40.768287 200.000000 40.768287
 13.000000 0.400172 0.916440 -0.798840 -0.601543 0.411704 -2.216228 0.916440 0.400172 -0.601543 -0.798840 0.023936 9.574540 0.900969 -34.437823 200.000000 -34.437823 0.113651 45.460439 0.433884 47.235756 200.000000 47.235756 0.048165 19.266090 -0.623490 -35.549691 200.000000 -35.549691 0.028930 11.571930 -0.781831 40.768287 200.000000 40.768287
 13.200000 0.438614 0.898676 -0.808919 -0.587920 0.454056 -2.199281 0.898676 0.438614 -0.587920 -0.808919 0.000526 0.210370 0.900969 -34.437823 200.000000 -34.437823 0.002238 0.895010 0.433884 47.235756 200.000000 47.235756 0.126524 50.609617 -0.623490 -35.549691 200.000000 -35.549691 0.073375 29.350168 -0.781831 40.768287 200.000000 40.768287
 13.400000 0.428637 0.903477 -0.766533 -0.642205 0.442983 -2.268168 0.903477 0.428637 -0.642205 -0.766533 0.000629 0.251615 0.900969 -34.437823 200.000000 -34.437823 0.002753 1.101247 0.433884 47.235756 200.000000 47.235756 0.035025 14.010129 -0.623490 -35.549691 200.000000 -35.549691 0.023404 9.361676 -0.781831 40.768287 200.000000 40.768287
 13.600000 0.575179 0.818028 -0.779542 -0.626350 0.612823 -2.247659 0.818028 0.575179 -0.626350 -0.779542 0.687924 275.169464 0.900969 -34.437823 200.000000 -34.437823 1.996430 798.571993 0.433884 47.235756 200.000000 47.235756 0.000818 0.327263 -0.623490 -35.549691 200.000000 -35.549691 0.000524 0.209697 -0.781831 40.768287 200.000000 40.768287
 13.800000 0.470366 0.882472 -0.795635 -0.605777 0.489705 -2.221538 0.882472 0.470366 -0.605777 -0.795635 0.034215 13.686056 0.900969 -34.437823 200.000000 -34.437823 0.133094 53.237656 0.433884 47.235756 200.000000 47.235756 0.031375 12.549879 -0.623490 -35.549691 200.000000 -35.549691 0.019052 7.620996 -0.781831 40.768287 200.000000 40.768287
 14.000000 0.424584 0.905388 -0.796057 -0.605222 0.438503 -2.220841 0.905388 0.424584 -0.605222 -0.796057 0.001953 0.781277 0.900969 -34.437823 200.000000 -34.437823 0.008648 3.459106 0.433884 47.235756 200.000000 47.235756 0.033371 13.348577 -0.623490 -35.549691 200.000000 -35.549691 0.020236 8.094360 -0.781831 40.768287 200.000000 40.768287
 14.200000 0.516101 0.856528 -0.801399 -0.598130 0.542292 -2.211963 0.856528 0.516101 -0.598130 -0.801399 0.197501 79.000232 0.900969 -34.437823 200.000000 -34.437823 0.675965 270.386057 0.433884 47.235756 200.000000 47.235756 0.064310 25.723921 -0.623490 -35.549691 200.000000 -35.549691 0.038288 15.315156 -0.781831 40.768287 200.000000 40.768287
 14.400000 0.403126 0.915144 -0.801064 -0.598579 0.414931 -2.212523 0.915144 0.403126 -0.598579 -0.801064 0.020094 8.037733 0.900969 -34.437823 200.000000 -34.437823 0.094601 37.840597 0.433884 47.235756 200.000000 47.235756 0.062054 24.821694 -0.623490 -35.549691 200.000000 -35.549691 0.036988 14.795120 -0.781831 40.768287 200.000000 40.768287
 14.600000 0.493022 0.870017 -0.781467 -0.623947 0.515560 -2.244579 0.870017 0.493022 -0.623947 -0.781467 0.095803 38.321208 0.900969 -34.437823 200.000000 -34.437823 0.349734 139.893674 0.433884 47.235756 200.000000 47.235756 0.000021 0.008353 -0.623490 -35.549691 200.000000 -35.549691 0.000013 0.005318 -0.781831 40.768287 200.000000 40.768287
 14.800000 0.507313 0.861762 -0.767296 -0.641293 0.532064 -2.266978 0.861762 0.507313 -0.641293 -0.767296 0.153718 61.487321 0.900969 -34.437823 200.000000 -34.437823 0.539184 215.673532 0.433884 47.235756 200.000000 47.235756 0.031695 12.677806 -0.623490 -35.549691 200.000000 -35.549691 0.021127 8.450869 -0.781831 40.768287 200.000000 40.768287
 15.000000 0.498766 0.866737 -0.798770 -0.601636 0.522174 -2.216344 0.866737 0.498766 -0.601636 -0.798770 0.117183 46.873170 0.900969 -34.437823 200.000000 -34.437823 0.420966 168.386565 0.433884 47.235756 200.000000 47.235756 0.047758 19.103101 -0.623490 -35.549691 200.000000 -35.549691 0.028692 11.476793 -0.781831 40.768287 200.000000 40.768287
 15.200000 0.418330 0.908295 -0.797254 -0.603643 0.431606 -2.218860 0.908295 0.418330 -0.603643 -0.797254 0.005367 2.146910 0.900969 -34.437823 200.000000 -34.437823 0.024191 9.676549 0.433884 47.235756 200.000000 47.235756 0.039388 15.755173 -0.623490 -35.549691 200.000000 -35.549691 0.023787 9.514700 -0.781831 40.768287 200.000000 40.768287
 15.400000 0.455098 0.890441 -0.797507 -0.603310 0.472482 -2.218442 0.890441 0.455098 -0.603310 -0.797507 0.011083 4.433075 0.900969 -34.437823 200.000000 -34.437823 0.045004 18.001541 0.433884 47.235756 200.000000 47.235756 0.040722 16.288807 -0.623490 -35.549691 200.000000 -35.549691 0.024571 9.828483 -0.781831 40.768287 200.000000 40.768287
 15.600000 0.431922 0.901911 -0.811630 -0.584172 0.446623 -2.194656 0.901911 0.431922 -0.584172 -0.811630 0.000089 0.035502 0.900969 -34.437823 200.000000 -34.437823 0.000385 0.153939 0.433884 47.235756 200.000000 47.235756 0.154587 61.834931 -0.623490 -35.549691 200.000000 -35.549691 0.088794 35.517443 -0.781831 40.768287 200.000000 40.768287
 15.800000 0.499500 0.866314 -0.776871 -0.629660 0.523021 -2.251912 0.866314 0.499500 -0.629660 -0.776871 0.120095 48.037964 0.900969 -34.437823 200.000000 -34.437823 0.430543 172.217300 0.433884 47.235756 200.000000 47.235756 0.003808 1.523052 -0.623490 -35.549691 200.000000 -35.549691 0.002461 0.984453 -0.781831 40.768287 200.000000 40.768287
 16.000000 0.523885 0.851789 -0.823689 -0.567041 0.551405 -2.173706 0.851789 0.523885 -0.567041 -0.823689 0.241865 96.746021 0.900969 -34.437823 200.000000 -34.437823 0.810020 324.008065 0.433884 47.235756 200.000000 47.235756 0.318643 127.457332 -0.623490 -35.549691 200.000000 -35.549691 0.175208 70.083280 -0.781831 40.768287 200.000000 40.768287
 16.200000 0.469751 0.882799 -0.781726 -0.623622 0.489008 -2.244163 0.882799 0.469751 -0.623622 -0.781726 0.033014 13.205554 0.900969 -34.437823 200.000000 -34.437823 0.128644 51.457403 0.433884 47.235756 200.000000 47.235756 0.000002 0.000695 -0.623490 -35.549691 200.000000 -35.549691 0.000001 0.000442 -0.781831 40.768287 200.000000 40.768287
 16.400000 0.532076 0.846697 -0.808559 -0.588416 0.561050 -2.199894 0.846697 0.532076 -0.588416 -0.808559 0.294545 117.818021 0.900969 -34.437823 200.000000 -34.437823 0.964164 385.665501 0.433884 47.235756 200.000000 47.235756 0.123020 49.208136 -0.623490 -35.549691 200.000000 -35.549691 0.071434 28.573731 -0.781831 40.768287 200.000000 40.768287
 16.600000 0.483664 0.875254 -0.795707 -0.605682 0.504836 -2.221419 0.875254 0.483664 -0.605682 -0.795707 0.066126 26.450417 0.900969 -34.437823 200.000000 -34.437823 0.247805 99.122046 0.433884 47.235756 200.000000 47.235756 0.031711 12.684552 -0.623490 -35.549691 200.000000 -35.549691 0.019252 7.700884 -0.781831 40.768287 200.000000 40.768287
 16.800000 0.488451 0.872592 -0.799244 -0.601007 0.510313 -2.215557 0.872592 0.488451 -0.601007 -0.799244 0.080527 32.210919 0.900969 -34.437823 200.000000 -34.437823 0.297754 119.101794 0.433884 47.235756 200.000000 47.235756 0.050547 20.218996 -0.623490 -35.549691 200.000000 -35.549691 0.030319 12.127460 -0.781831 40.768287 200.000000 40.768287
 17.000000 0.509679 0.860365 -0.771189 -0.636606 0.534811 -2.260886 0.860365 0.509679 -0.636606 -0.771189 0.164869 65.947748 0.900969 -34.437823 200.000000 -34.437823 0.574489 229.795668 0.433884 47.235756 200.000000 47.235756 0.017205 6.881836 -0.623490 -35.549691 200.000000 -35.549691 0.011327 4.530618 -0.781831 40.768287 200.000000 40.768287
 17.200000 0.615801 0.787902 -0.763201 -0.646161 0.663402 -2.273340 0.787902 0.615801 -0.646161 -0.763201 1.278418 511.367115 0.900969 -34.437823 200.000000 -34.437823 3.309389 1323.755518 0.433884 47.235756 200.000000 47.235756 0.051398 20.559089 -0.623490 -35.549691 200.000000 -35.549691 0.034709 13.883437 -0.781831 40.768287 200.000000 40.768287
 17.400000 0.400876 0.916132 -0.857243 -0.514913 0.412473 -2.111702 0.916132 0.400876 -0.514913 -0.857243 0.022993 9.197207 0.900969 -34.437823 200.000000 -34.437823 0.108951 43.580395 0.433884 47.235756 200.000000 47.235756 1.178901 471.560206 -0.623490 -35.549691 200.000000 -35.549691 0.568685 227.473895 -0.781831 40.768287 200.000000 40.768287
 17.600000 0.481939 0.876205 -0.763576 -0.645718 0.502866 -2.272759 0.876205 0.481939 -0.645718 -0.763576 0.061325 24.530120 0.900969 -34.437823 200.000000 -34.437823 0.230928 92.371265 0.433884 47.235756 200.000000 47.235756 0.049407 19.762997 -0.623490 -35.549691 200.000000 -35.549691 0.033325 13.330051 -0.781831 40.768287 200.000000 40.768287
 17.800000 0.470543 0.882377 -0.819139 -0.573596 0.489906 -2.181685 0.882377 0.470543 -0.573596 -0.819139 0.034566 13.826335 0.900969 -34.437823 200.000000 -34.437823 0.134391 53.756537 0.433884 47.235756 200.000000 47.235756 0.248943 99.577215 -0.623490 -35.549691 200.000000 -35.549691 0.139182 55.672895 -0.781831 40.768287 200.000000 40.768287
 18.000000 0.491961 0.870617 -0.788012 -0.615660 0.514340 -2.234020 0.870617 0.491961 -0.615660 -0.788012 0.092121 36.848371 0.900969 -34.437823 200.000000 -34.437823 0.337293 134.917078 0.433884 47.235756 200.000000 47.235756 0.006130 2.451999 -0.623490 -35.549691 200.000000 -35.549691 0.003819 1.527762 -0.781831 40.768287 200.000000 40.768287
 18.200000 0.466706 0.884413 -0.797585 -0.603207 0.485562 -2.218312 0.884413 0.466706 -0.603207 -0.797585 0.027411 10.964262 0.900969 -34.437823 200.000000 -34.437823 0.107728 43.091126 0.433884 47.235756 200.000000 47.235756 0.041139 16.455638 -0.623490 -35.549691 200.000000 -35.549691 0.024816 9.926498 -0.781831 40.768287 200.000000 40.768287
 18.400000 0.591651 0.806194 -0.767968 -0.640488 0.633106 -2.265930 0.806194 0.591651 -0.640488 -0.767968 0.898228 359.291361 0.900969 -34.437823 200.000000 -34.437823 2.489062 995.624614 0.433884 47.235756 200.000000 47.235756 0.028893 11.557248 -0.623490 -35.549691 200.000000 -35.549691 0.019219 7.687444 -0.781831 40.768287 200.000000 40.768287
 18.600000 0.493246 0.869890 -0.819370 -0.573265 0.515817 -2.181282 0.869890 0.493246 -0.573265 -0.819370 0.096589 38.635694 0.900969 -34.437823 200.000000 -34.437823 0.352384 140.953525 0.433884 47.235756 200.000000 47.235756 0.252252 100.900615 -0.623490 -35.549691 200.000000 -35.549691 0.140913 56.365370 -0.781831 40.768287 200.000000 40.768287
 18.800000 0.460114 0.887860 -0.727608 -0.685993 0.478123 -2.326765 0.887860 0.460114 -0.685993 -0.727608 0.017184 6.873658 0.900969 -34.437823 200.000000 -34.437823 0.068801 27.520291 0.433884 47.235756 200.000000 47.235756 0.390671 156.268353 -0.623490 -35.549691 200.000000 -35.549691 0.294022 117.608771 -0.781831 40.768287 200.000000 40.768287
 19.000000 0.456100 0.889929 -0.820816 -0.571192 0.473608 -2.178754 0.889929 0.456100 -0.571192 -0.820816 0.012189 4.875432 0.900969 -34.437823 200.000000 -34.437823 0.049355 19.741981 0.433884 47.235756 200.000000 47.235756 0.273503 109.401243 -0.623490 -35.549691 200.000000 -35.549691 0.151982 60.792610 -0.781831 40.768287 200.000000 40.768287
 19.200000 0.515862 0.856672 -0.804658 -0.593738 0.542014 -2.206493 0.856672 0.515862 -0.593738 -0.804658 0.196224 78.489693 0.900969 -34.437823 200.000000 -34.437823 0.672044 268.817780 0.433884 47.235756 200.000000 47.235756 0.088515 35.406197 -0.623490 -35.549691 200.000000 -35.549691 0.052106 20.842445 -0.781831 40.768287 200.000000 40.768287
 19.400000 0.520735 0.853718 -0.785390 -0.619001 0.547712 -2.238266 0.853718 0.520735 -0.619001 -0.785390 0.223263 89.305107 0.900969 -34.437823 200.000000 -34.437823 0.754320 301.727877 0.433884 47.235756 200.000000 47.235756 0.002015 0.806099 -0.623490 -35.549691 200.000000 -35.549691 0.001267 0.506657 -0.781831 40.768287 200.000000 40.768287
 19.600000 0.523774 0.851857 -0.777749 -0.628575 0.551275 -2.250517 0.851857 0.523774 -0.628575 -0.777749 0.241196 96.478341 0.900969 -34.437823 200.000000 -34.437823 0.808029 323.211409 0.433884 47.235756 200.000000 47.235756 0.002586 1.034544 -0.623490 -35.549691 200.000000 -35.549691 0.001667 0.666788 -0.781831 40.768287 200.000000 40.768287
 19.800000 0.444807 0.895626 -0.830797 -0.556575 0.460959 -2.161054 0.895626 0.444807 -0.556575 -0.830797 0.002854 1.141678 0.900969 -34.437823 200.000000 -34.437823 0.011932 4.772787 0.433884 47.235756 200.000000 47.235756 0.447760 179.104034 -0.623490 -35.549691 200.000000 -35.549691 0.239766 95.906523 -0.781831 40.768287 200.000000 40.768287
 20.000000 0.489819 0.871824 -0.757630 -0.652684 0.511882 -2.281919 0.871824 0.489819 -0.652684 -0.757630 0.084942 33.976686 0.900969 -34.437823 200.000000 -34.437823 0.312876 125.150480 0.433884 47.235756 200.000000 47.235756 0.085233 34.093200 -0.623490 -35.549691 200.000000 -35.549691 0.058572 23.428808 -0.781831 40.768287 200.000000 40.768287
