#! FIELDS time sin_phi cos_phi sin_psi cos_psi phi psi cos_phi sin_phi cos_psi sin_psi restraint_phi_cos.bias restraint_phi_cos.force2 restraint_phi_cos.cos_phi_cntr restraint_phi_cos.cos_phi_work restraint_phi_cos.cos_phi_kappa restraint_phi_cos.work restraint_phi_sin.bias restraint_phi_sin.force2 restraint_phi_sin.sin_phi_cntr restraint_phi_sin.sin_phi_work restraint_phi_sin.sin_phi_kappa restraint_phi_sin.work restraint_psi_cos.bias restraint_psi_cos.force2 restraint_psi_cos.cos_psi_cntr restraint_psi_cos.cos_psi_work restraint_psi_cos.cos_psi_kappa restraint_psi_cos.work restraint_psi_sin.bias restraint_psi_sin.force2 restraint_psi_sin.sin_psi_cntr restraint_psi_sin.sin_psi_work restraint_psi_sin.sin_psi_kappa restraint_psi_sin.work
#! SET min_phi -pi
#! SET max_phi pi
#! SET min_psi -pi
#! SET max_psi pi
 0.000000 -0.999983 -0.005782 0.966116 0.258110 -1.576579 1.309731 -0.005782 -0.999983 0.258110 0.966116 0.000000 0.000000 -0.009747 0.000000 0.000000 0.000000 0.000000 0.000000 -0.999953 0.000000 0.000000 0.000000 0.000000 0.000000 0.256142 0.000000 0.000000 0.000000 0.000000 0.000000 0.966639 0.000000 0.000000 0.000000
 0.200000 -1.000000 -0.000266 0.834656 0.550772 -1.571062 0.987508 -0.000266 -1.000000 0.550772 0.834656 0.000899 0.035955 -0.009747 0.429321 20.000000 0.429321 0.000000 0.000001 -0.999953 0.008204 20.000000 0.008204 0.868065 34.722587 0.256142 0.437497 20.000000 0.437497 0.174196 6.967822 0.966639 0.079186 20.000000 0.079186
 0.400000 -0.998237 0.059346 0.982967 0.183784 -1.511415 1.385962 0.059346 -0.998237 0.183784 0.982967 0.095476 7.638063 -0.009747 0.576152 40.000000 0.576152 0.000059 0.004706 -0.999953 0.009175 40.000000 0.009175 0.104715 8.377184 0.256142 0.652623 40.000000 0.652623 0.005332 0.426545 0.966639 0.103853 40.000000 0.103853
 0.600000 -0.997905 0.064703 0.969726 0.244195 -1.506049 1.324107 0.064703 -0.997905 0.244195 0.969726 0.166280 19.953585 -0.009747 0.652738 60.000000 0.652738 0.000126 0.015098 -0.999953 0.009549 60.000000 0.009549 0.004282 0.513843 0.256142 0.812950 60.000000 0.812950 0.000286 0.034307 0.966639 0.126978 60.000000 0.126978
 0.800000 -0.999998 0.001899 0.948099 0.317975 -1.568897 1.247203 0.001899 -0.999998 0.317975 0.948099 0.005425 0.867970 -0.009747 0.745439 80.000000 0.745439 0.000000 0.000013 -0.999953 0.009931 80.000000 0.009931 0.152931 24.469036 0.256142 0.870391 80.000000 0.870391 0.013749 2.199883 0.966639 0.131256 80.000000 0.131256
 1.000000 -0.997906 -0.064675 0.983712 0.179753 -1.635517 1.390061 -0.064675 -0.997906 0.179753 0.983712 0.150859 30.171890 -0.009747 0.830205 100.000000 0.830205 0.000209 0.041867 -0.999953 0.010215 100.000000 0.010215 0.291767 58.353477 0.256142 0.906286 100.000000 0.906286 0.014574 2.914779 0.966639 0.133900 100.000000 0.133900
 1.200000 -0.998629 0.052349 0.985230 0.171237 -1.518424 1.398711 0.052349 -0.998629 0.171237 0.985230 0.231349 55.523677 -0.009747 0.926084 120.000000 0.926084 0.000105 0.025229 -0.999953 0.010632 120.000000 0.010632 0.432537 103.808931 0.256142 0.992012 120.000000 0.992012 0.020737 4.976915 0.966639 0.141240 120.000000 0.141240
 1.400000 -0.999098 0.042461 0.979941 0.199286 -1.528322 1.370167 0.042461 -0.999098 0.199286 0.979941 0.190797 53.423125 -0.009747 0.960886 140.000000 0.960886 0.000051 0.014308 -0.999953 0.010712 140.000000 0.010712 0.226287 63.360331 0.256142 1.092933 140.000000 1.092933 0.012387 3.468267 0.966639 0.149517 140.000000 0.149517
 1.600000 -0.999952 0.009753 0.961526 0.274715 -1.561043 1.292504 0.009753 -0.999952 0.274715 0.961526 0.030418 9.733701 -0.009747 1.007077 160.000000 1.007077 0.000000 0.000000 -0.999953 0.010844 160.000000 0.010844 0.027594 8.830079 0.256142 1.162437 160.000000 1.162437 0.002092 0.669316 0.966639 0.156252 160.000000 0.156252
 1.800000 -0.999816 -0.019196 0.970211 0.242259 -1.589994 1.326102 -0.019196 -0.999816 0.242259 0.970211 0.008037 2.893362 -0.009747 1.051955 180.000000 1.051955 0.000002 0.000606 -0.999953 0.010933 180.000000 0.010933 0.017346 6.244606 0.256142 1.193871 180.000000 1.193871 0.001149 0.413497 0.966639 0.158910 180.000000 0.158910
 2.000000 -0.987443 0.157978 0.943112 0.332477 -1.412153 1.231868 0.157978 -0.987443 0.332477 0.943112 2.813164 1125.265707 -0.009747 1.081895 200.000000 1.081895 0.015650 6.259935 -0.999953 0.011013 200.000000 0.011013 0.582691 233.076266 0.256142 1.219744 200.000000 1.219744 0.055355 22.141815 0.966639 0.161373 200.000000 0.161373
 2.200000 -0.994894 0.100924 0.882165 0.470941 -1.469700 1.080439 0.100924 -0.994894 0.470941 0.882165 0.832958 333.183253 0.009658 1.010723 200.000000 1.010723 0.435235 174.094171 -0.928922 0.478632 200.000000 0.478632 2.498259 999.303410 0.312882 1.057770 200.000000 1.057770 0.011538 4.615058 0.892906 0.466314 200.000000 0.466314
 2.400000 -0.999587 0.028751 0.877465 0.479640 -1.542041 1.070552 0.028751 -0.999587 0.479640 0.877465 0.000010 0.003859 0.029062 0.890750 200.000000 0.890750 2.007764 803.105798 -0.857891 1.959401 200.000000 1.959401 1.210401 484.160440 0.369622 0.687893 200.000000 0.687893 0.339798 135.919211 0.819173 1.448458 200.000000 1.448458
 2.600000 -0.997722 -0.067457 0.772652 0.634830 -1.638305 0.883008 -0.067457 -0.997722 0.634830 0.772652 1.343816 537.526381 0.048466 0.787241 200.000000 0.787241 4.446275 1778.510122 -0.786860 4.417293 200.000000 4.417293 4.345895 1738.358154 0.426362 0.033413 200.000000 0.033413 0.074049 29.619619 0.745440 2.959850 200.000000 2.959850
 2.800000 -0.995222 0.097641 0.808917 0.587923 -1.473000 0.942308 0.097641 -0.995222 0.587923 0.808917 0.088628 35.451304 0.067870 0.666369 200.000000 0.666369 7.806004 3122.401494 -0.715829 7.858135 200.000000 7.858135 1.098756 439.502429 0.483101 -0.804228 200.000000 -0.804228 1.882653 753.061275 0.671707 4.978674 200.000000 4.978674
 3.000000 -0.998686 0.051244 0.751764 0.659433 -1.519530 0.850732 0.051244 -0.998686 0.659433 0.751764 0.129816 51.926499 0.087274 0.441941 200.000000 0.441941 12.523631 5009.452392 -0.644799 12.234789 200.000000 12.234789 1.430221 572.088331 0.539841 -2.118479 200.000000 -2.118479 2.365113 946.045368 0.597974 7.077175 200.000000 7.077175
 3.200000 -0.986767 0.162145 0.788874 0.614556 -1.407932 0.908974 0.162145 -0.986767 0.614556 0.788874 0.307656 123.062420 0.106678 0.211046 200.000000 0.211046 17.056814 6822.725691 -0.573768 17.570810 200.000000 17.570810 0.032310 12.923961 0.596581 -3.771690 200.000000 -3.771690 7.003019 2801.207662 0.524241 9.041868 200.000000 9.041868
 3.400000 -0.976607 0.215031 0.592007 0.805933 -1.354073 0.633547 0.215031 -0.976607 0.805933 0.592007 0.791184 316.473760 0.126082 -0.116277 200.000000 -0.116277 22.455279 8982.111517 -0.502737 23.812079 200.000000 23.812079 2.329054 931.621469 0.653320 -5.548820 200.000000 -5.548820 2.002190 800.875833 0.450508 10.952509 200.000000 10.952509
 3.600000 -0.942070 0.335416 0.415020 0.909812 -1.228750 0.427965 0.335416 -0.942070 0.909812 0.415020 3.607320 1442.927934 0.145487 -0.582951 200.000000 -0.582951 26.047106 10418.842336 -0.431706 30.855880 200.000000 30.855880 3.990093 1596.037360 0.710060 -7.457081 200.000000 -7.457081 0.146265 58.506166 0.376775 12.558459 200.000000 12.558459
 3.800000 -0.941808 0.336152 0.389591 0.920988 -1.227969 0.400187 0.336152 -0.941808 0.920988 0.389591 2.933033 1173.213148 0.164891 -1.265253 200.000000 -1.265253 33.771458 13508.583220 -0.360676 38.588907 200.000000 38.588907 2.377401 950.960278 0.766800 -9.313485 200.000000 -9.313485 0.749064 299.625576 0.303042 13.860816 200.000000 13.860816
 4.000000 -0.902047 0.431638 0.375336 0.926889 -1.124489 0.384759 0.431638 -0.902047 0.926889 0.375336 6.117862 2447.144675 0.184295 -2.221596 200.000000 -2.221596 37.503621 15001.448271 -0.289645 46.808493 200.000000 46.808493 1.068107 427.242809 0.823539 -11.005945 200.000000 -11.005945 2.132378 852.951354 0.229309 14.693944 200.000000 14.693944
 4.200000 -0.805410 0.592718 0.235399 0.971899 -0.936367 0.237629 0.592718 -0.805410 0.971899 0.235399 15.133592 6053.436747 0.203699 -3.488094 200.000000 -3.488094 34.432929 13773.171753 -0.218614 55.301451 200.000000 55.301451 0.839415 335.766176 0.880279 -12.389145 200.000000 -12.389145 0.637162 254.864760 0.155577 15.004008 200.000000 15.004008
 4.400000 -0.657308 0.753622 0.095766 0.995404 -0.717241 0.095913 0.753622 -0.657308 0.995404 0.095766 28.145023 11258.009037 0.223103 -5.127593 200.000000 -5.127593 25.981931 10392.772444 -0.147583 63.614430 200.000000 63.614430 0.340880 136.352030 0.937019 -13.284334 200.000000 -13.284334 0.019384 7.753559 0.081844 15.189961 200.000000 15.189961
 4.600000 -0.643321 0.765597 0.020498 0.999790 -0.698828 0.020500 0.765597 -0.643321 0.999790 0.020498 27.362262 10944.904689 0.242507 -7.288103 200.000000 -7.288103 32.122615 12849.045915 -0.076553 70.608248 200.000000 70.608248 0.003638 1.455043 0.993759 -13.641456 200.000000 -13.641456 0.015345 6.138121 0.008111 15.363232 200.000000 15.363232
 4.800000 -0.164906 0.986309 -0.010217 0.999948 -0.165662 -0.010217 0.986309 -0.164906 0.999948 -0.010217 52.475249 20990.099487 0.261911 -9.946831 200.000000 -9.946831 2.540319 1016.127769 -0.005522 74.648054 200.000000 74.648054 0.000000 0.000109 1.000000 -13.643727 200.000000 -13.643727 0.010439 4.175453 0.000000 15.285112 200.000000 15.285112
 5.000000 0.394024 0.919100 0.061080 0.998133 0.405006 0.061119 0.919100 0.394024 0.998133 0.061080 40.676916 16270.766216 0.281315 -12.581545 200.000000 -12.581545 10.792244 4316.897740 0.065509 71.404699 200.000000 71.404699 0.000349 0.139451 1.000000 -13.643727 200.000000 -13.643727 0.373082 149.232993 0.000000 15.285112 200.000000 15.285112
 5.200000 0.523146 0.852243 -0.004961 0.999988 0.550539 -0.004961 0.852243 0.523146 0.999988 -0.004961 30.417793 12167.117023 0.300720 -14.803151 200.000000 -14.803151 14.946482 5978.592839 0.136540 65.772820 200.000000 65.772820 0.000000 0.000006 1.000000 -13.643727 200.000000 -13.643727 0.002461 0.984594 0.000000 15.285112 200.000000 15.285112
 5.400000 0.589561 0.807724 -0.030773 0.999526 0.630515 -0.030778 0.807724 0.589561 0.999526 -0.030773 23.775379 9510.151787 0.320124 -16.783372 200.000000 -16.783372 14.591700 5836.680100 0.207570 60.137241 200.000000 60.137241 0.000022 0.008972 1.000000 -13.643727 200.000000 -13.643727 0.094698 37.879338 0.000000 15.285112 200.000000 15.285112
 5.600000 0.642389 0.766378 -0.018472 0.999829 0.697612 -0.018473 0.766378 0.642389 0.999829 -0.018472 18.220140 7288.055879 0.339528 -18.347727 200.000000 -18.347727 13.234196 5293.678383 0.278601 53.976992 200.000000 53.976992 0.000003 0.001164 1.000000 -13.643727 200.000000 -13.643727 0.034120 13.647912 0.000000 15.285112 200.000000 15.285112
 5.800000 0.750507 0.660862 -0.007515 0.999972 0.848829 -0.007515 0.660862 0.750507 0.999972 -0.007515 9.116185 3646.474183 0.358932 -19.741741 200.000000 -19.741741 16.070113 6428.045237 0.349632 48.487652 200.000000 48.487652 0.000000 0.000032 1.000000 -13.643727 200.000000 -13.643727 0.005648 2.259255 0.000000 15.285112 200.000000 15.285112
 6.000000 0.730340 0.683084 0.054367 0.998521 0.818819 0.054393 0.683084 0.730340 0.998521 0.054367 9.287127 3714.850887 0.378336 -20.878472 200.000000 -20.878472 9.590000 3836.000149 0.420663 43.346199 200.000000 43.346199 0.000219 0.087493 1.000000 -13.643727 200.000000 -13.643727 0.295573 118.229225 0.000000 15.285112 200.000000 15.285112
 6.200000 0.807625 0.589696 -0.026548 0.999648 0.940114 -0.026551 0.589696 0.807625 0.999648 -0.026548 3.684706 1473.882463 0.397740 -21.840992 200.000000 -21.840992 9.981296 3992.518292 0.491693 38.886770 200.000000 38.886770 0.000012 0.004969 1.000000 -13.643727 200.000000 -13.643727 0.070477 28.190794 0.000000 15.285112 200.000000 15.285112
 6.400000 0.816079 0.577941 -0.094864 0.995490 0.954593 -0.095007 0.577941 0.816079 0.995490 -0.094864 2.585552 1034.220788 0.417144 -22.576043 200.000000 -22.576043 6.418853 2567.541175 0.562724 35.019067 200.000000 35.019067 0.002034 0.813508 1.000000 -13.643727 200.000000 -13.643727 0.899913 359.965134 0.000000 15.285112 200.000000 15.285112
 6.600000 0.725509 0.688212 0.009923 0.999951 0.811774 0.009923 0.688212 0.725509 0.999951 0.009923 6.333464 2533.385432 0.436548 -23.152458 200.000000 -23.152458 0.841890 336.756187 0.633755 31.918215 200.000000 31.918215 0.000000 0.000097 1.000000 -13.643727 200.000000 -13.643727 0.009846 3.938427 0.000000 15.285112 200.000000 15.285112
 6.800000 0.790016 0.613087 0.138692 0.990336 0.910834 0.139140 0.613087 0.790016 0.990336 0.138692 2.469112 987.644841 0.455953 -23.589346 200.000000 -23.589346 0.726416 290.566336 0.704786 29.686983 200.000000 29.686983 0.009340 3.736028 1.000000 -13.643727 200.000000 -13.643727 1.923541 769.416264 0.000000 15.285112 200.000000 15.285112
 7.000000 0.830066 0.557665 0.061263 0.998122 0.979227 0.061301 0.557665 0.830066 0.998122 0.061263 0.677460 270.983846 0.475357 -23.872287 200.000000 -23.872287 0.294306 117.722384 0.775816 28.259738 200.000000 28.259738 0.000353 0.141127 1.000000 -13.643727 200.000000 -13.643727 0.375316 150.126454 0.000000 15.285112 200.000000 15.285112
 7.200000 0.896874 0.442287 0.107161 0.994242 1.112650 0.107367 0.442287 0.896874 0.994242 0.107161 0.275355 110.142031 0.494761 -24.027142 200.000000 -24.027142 0.250267 100.106721 0.846847 27.728100 200.000000 27.728100 0.003316 1.326340 1.000000 -13.643727 200.000000 -13.643727 1.148352 459.340919 0.000000 15.285112 200.000000 15.285112
 7.400000 0.879850 0.475251 -0.048167 0.998839 1.075547 -0.048185 0.475251 0.879850 0.998839 -0.048167 0.061251 24.500225 0.500000 -24.004426 200.000000 -24.004426 0.019112 7.644981 0.866025 27.645602 200.000000 27.645602 0.000135 0.053888 1.000000 -13.643727 200.000000 -13.643727 0.232004 92.801436 0.000000 15.285112 200.000000 15.285112
 7.600000 0.802524 0.596620 0.005701 0.999984 0.931513 0.005701 0.596620 0.802524 0.999984 0.005701 0.933548 373.419202 0.500000 -24.004426 200.000000 -24.004426 0.403247 161.298836 0.866025 27.645602 200.000000 27.645602 0.000000 0.000011 1.000000 -13.643727 200.000000 -13.643727 0.003250 1.300110 0.000000 15.285112 200.000000 15.285112
 7.800000 0.870631 0.491937 -0.114285 0.993448 1.056483 -0.114535 0.491937 0.870631 0.993448 -0.114285 0.006501 2.600541 0.500000 -24.004426 200.000000 -24.004426 0.002121 0.848407 0.866025 27.645602 200.000000 27.645602 0.004293 1.717136 1.000000 -13.643727 200.000000 -13.643727 1.306103 522.441019 0.000000 15.285112 200.000000 15.285112
 8.000000 0.849329 0.527864 0.003792 0.999993 1.014712 0.003792 0.527864 0.849329 0.999993 0.003792 0.077642 31.056693 0.500000 -24.004426 200.000000 -24.004426 0.027878 11.151137 0.866025 27.645602 200.000000 27.645602 0.000000 0.000002 1.000000 -13.643727 200.000000 -13.643727 0.001438 0.575299 0.000000 15.285112 200.000000 15.285112
 8.200000 0.871411 0.490554 -0.039625 0.999215 1.058071 -0.039635 0.490554 0.871411 0.999215 -0.039625 0.008923 3.569229 0.500000 -24.004426 200.000000 -24.004426 0.002900 1.160146 0.866025 27.645602 200.000000 27.645602 0.000062 0.024673 1.000000 -13.643727 200.000000 -13.643727 0.157014 62.805450 0.000000 15.285112 200.000000 15.285112
 8.400000 0.797871 0.602828 0.006364 0.999980 0.923756 0.006364 0.602828 0.797871 0.999980 0.006364 1.057352 422.940645 0.500000 -24.004426 200.000000 -24.004426 0.464496 185.798357 0.866025 27.645602 200.000000 27.645602 0.000000 0.000016 1.000000 -13.643727 200.000000 -13.643727 0.004049 1.619783 0.000000 15.285112 200.000000 15.285112
 8.600000 0.854120 0.520076 0.067089 0.997747 1.023856 0.067139 0.520076 0.854120 0.997747 0.067089 0.040304 16.121774 0.500000 -24.004426 200.000000 -24.004426 0.014174 5.669536 0.866025 27.645602 200.000000 27.645602 0.000508 0.203042 1.000000 -13.643727 200.000000 -13.643727 0.450094 180.037699 0.000000 15.285112 200.000000 15.285112
 8.800000 0.884423 0.466686 0.033296 0.999446 1.085257 0.033302 0.466686 0.884423 0.999446 0.033296 0.110985 44.394173 0.500000 -24.004426 200.000000 -24.004426 0.033848 13.539344 0.866025 27.645602 200.000000 27.645602 0.000031 0.012297 1.000000 -13.643727 200.000000 -13.643727 0.110861 44.344380 0.000000 15.285112 200.000000 15.285112
 9.000000 0.852597 0.522570 0.068917 0.997622 1.020934 0.068971 0.522570 0.852597 0.997622 0.068917 0.050938 20.375316 0.500000 -24.004426 200.000000 -24.004426 0.018033 7.213221 0.866025 27.645602 200.000000 27.645602 0.000565 0.226114 1.000000 -13.643727 200.000000 -13.643727 0.474949 189.979722 0.000000 15.285112 200.000000 15.285112
 9.200000 0.853690 0.520781 0.096857 0.995298 1.023030 0.097009 0.520781 0.853690 0.995298 0.096857 0.043187 17.274609 0.500000 -24.004426 200.000000 -24.004426 0.015216 6.086400 0.866025 27.645602 200.000000 27.645602 0.002211 0.884248 1.000000 -13.643727 200.000000 -13.643727 0.938134 375.253503 0.000000 15.285112 200.000000 15.285112
 9.400000 0.831948 0.554854 0.063001 0.998013 0.982609 0.063043 0.554854 0.831948 0.998013 0.063001 0.300895 120.358132 0.500000 -24.004426 200.000000 -24.004426 0.116128 46.451359 0.866025 27.645602 200.000000 27.645602 0.000395 0.157853 1.000000 -13.643727 200.000000 -13.643727 0.396913 158.765011 0.000000 15.285112 200.000000 15.285112
 9.600000 0.895313 0.445437 -0.117496 0.993073 1.109134 -0.117768 0.445437 0.895313 0.993073 -0.117496 0.297708 119.083271 0.500000 -24.004426 200.000000 -24.004426 0.085777 34.310782 0.866025 27.645602 200.000000 27.645602 0.004798 1.919113 1.000000 -13.643727 200.000000 -13.643727 1.380523 552.209126 0.000000 15.285112 200.000000 15.285112
 9.800000 0.838457 0.544967 -0.082128 0.996622 0.994446 -0.082221 0.544967 0.838457 0.996622 -0.082128 0.202204 80.881578 0.500000 -24.004426 200.000000 -24.004426 0.075999 30.399720 0.866025 27.645602 200.000000 27.645602 0.001141 0.456500 1.000000 -13.643727 200.000000 -13.643727 0.674507 269.802669 0.000000 15.285112 200.000000 15.285112
 10.000000 0.915723 0.401811 -0.080690 0.996739 1.157303 -0.080777 0.401811 0.915723 0.996739 -0.080690 0.964108 385.643176 0.500000 -24.004426 200.000000 -24.004426 0.246981 98.792537 0.866025 27.645602 200.000000 27.645602 0.001063 0.425292 1.000000 -13.643727 200.000000 -13.643727 0.651081 260.432501 0.000000 15.285112 200.000000 15.285112
 10.200000 0.842566 0.538593 -0.045495 0.998965 1.002030 -0.045511 0.538593 0.842566 0.998965 -0.045495 0.148940 59.575879 0.500000 -24.004426 200.000000 -24.004426 0.055033 22.013264 0.866025 27.645602 200.000000 27.645602 0.000107 0.042885 1.000000 -13.643727 200.000000 -13.643727 0.206980 82.791952 0.000000 15.285112 200.000000 15.285112
 10.400000 0.861880 0.507113 -0.026321 0.999654 1.038965 -0.026324 0.507113 0.861880 0.999654 -0.026321 0.005059 2.023644 0.500000 -24.004426 200.000000 -24.004426 0.001719 0.687465 0.866025 27.645602 200.000000 27.645602 0.000012 0.004801 1.000000 -13.643727 200.000000 -13.643727 0.069278 27.711255 0.000000 15.285112 200.000000 15.285112
 10.600000 0.847267 0.531167 -0.041359 0.999144 1.010819 -0.041370 0.531167 0.847267 0.999144 -0.041359 0.097136 38.854450 0.500000 -24.004426 200.000000 -24.004426 0.035186 14.074577 0.866025 27.645602 200.000000 27.645602 0.000073 0.029284 1.000000 -13.643727 200.000000 -13.643727 0.171053 68.421326 0.000000 15.285112 200.000000 15.285112
 10.800000 0.851647 0.524117 -0.011217 0.999937 1.019119 -0.011217 0.524117 0.851647 0.999937 -0.011217 0.058161 23.264328 0.500000 -24.004426 200.000000 -24.004426 0.020675 8.270063 0.866025 27.645602 200.000000 27.645602 0.000000 0.000158 1.000000 -13.643727 200.000000 -13.643727 0.012582 5.032991 0.000000 15.285112 200.000000 15.285112
 11.000000 0.855149 0.518382 0.001668 0.999999 1.025839 0.001668 0.518382 0.855149 0.999999 0.001668 0.033788 13.515354 0.500000 -24.004426 200.000000 -24.004426 0.011829 4.731497 0.866025 27.645602 200.000000 27.645602 0.000000 0.000000 1.000000 -13.643727 200.000000 -13.643727 0.000278 0.111349 0.000000 15.285112 200.000000 15.285112
 11.200000 0.836288 0.548291 0.111897 0.993720 0.990477 0.112131 0.548291 0.836288 0.993720 0.111897 0.233202 93.280876 0.500000 -24.004426 200.000000 -24.004426 0.088434 35.373457 0.866025 27.645602 200.000000 27.645602 0.003944 1.577610 1.000000 -13.643727 200.000000 -13.643727 1.252085 500.834171 0.000000 15.285112 200.000000 15.285112
 11.400000 0.854424 0.519576 0.103709 0.994608 1.024442 0.103896 0.519576 0.854424 0.994608 0.103709 0.038322 15.328807 0.500000 -24.004426 200.000000 -24.004426 0.013459 5.383487 0.866025 27.645602 200.000000 27.645602 0.002908 1.163071 1.000000 -13.643727 200.000000 -13.643727 1.075550 430.219953 0.000000 15.285112 200.000000 15.285112
 11.600000 0.853966 0.520329 0.027171 0.999631 1.023560 0.027174 0.520329 0.853966 0.999631 0.027171 0.041326 16.530339 0.500000 -24.004426 200.000000 -24.004426 0.014543 5.817139 0.866025 27.645602 200.000000 27.645602 0.000014 0.005452 1.000000 -13.643727 200.000000 -13.643727 0.073824 29.529564 0.000000 15.285112 200.000000 15.285112
 11.800000 0.867411 0.497592 -0.064751 0.997901 1.049976 -0.064796 0.497592 0.867411 0.997901 -0.064751 0.000580 0.231947 0.500000 -24.004426 200.000000 -24.004426 0.000192 0.076821 0.866025 27.645602 200.000000 27.645602 0.000440 0.176151 1.000000 -13.643727 200.000000 -13.643727 0.419263 167.705230 0.000000 15.285112 200.000000 15.285112
 12.000000 0.863147 0.504952 -0.015617 0.999878 1.041470 -0.015618 0.504952 0.863147 0.999878 -0.015617 0.002453 0.981038 0.500000 -24.004426 200.000000 -24.004426 0.000828 0.331360 0.866025 27.645602 200.000000 27.645602 0.000001 0.000595 1.000000 -13.643727 200.000000 -13.643727 0.024391 9.756206 0.000000 15.285112 200.000000 15.285112
 12.200000 0.839333 0.543617 -0.131394 0.991330 0.996056 -0.131775 0.543617 0.839333 0.991330 -0.131394 0.190244 76.097446 0.500000 -24.004426 200.000000 -24.004426 0.071246 28.498418 0.866025 27.645602 200.000000 27.645602 0.007516 3.006562 1.000000 -13.643727 200.000000 -13.643727 1.726428 690.571006 0.000000 15.285112 200.000000 15.285112
 12.400000 0.883086 0.469212 -0.138921 0.990303 1.082398 -0.139372 0.469212 0.883086 0.990303 -0.138921 0.094790 37.915907 0.500000 -24.004426 200.000000 -24.004426 0.029105 11.641913 0.866025 27.645602 200.000000 27.645602 0.009402 3.760965 1.000000 -13.643727 200.000000 -13.643727 1.929918 771.967299 0.000000 15.285112 200.000000 15.285112
 12.600000 0.879879 0.475197 -0.035563 0.999367 1.075608 -0.035571 0.475197 0.879879 0.999367 -0.035563 0.061518 24.607389 0.500000 -24.004426 200.000000 -24.004426 0.019193 7.677312 0.866025 27.645602 200.000000 27.645602 0.000040 0.016006 1.000000 -13.643727 200.000000 -13.643727 0.126476 50.590314 0.000000 15.285112 200.000000 15.285112
 12.800000 0.829891 0.557926 0.004464 0.999990 0.978912 0.004464 0.557926 0.829891 0.999990 0.004464 0.335542 134.216667 0.500000 -24.004426 200.000000 -24.004426 0.130571 52.228584 0.866025 27.645602 200.000000 27.645602 0.000000 0.000004 1.000000 -13.643727 200.000000 -13.643727 0.001993 0.797264 0.000000 15.285112 200.000000 15.285112
 13.000000 0.852226 0.523174 0.058136 0.998309 1.020225 0.058169 0.523174 0.852226 0.998309 0.058136 0.053703 21.481126 0.500000 -24.004426 200.000000 -24.004426 0.019042 7.616975 0.866025 27.645602 200.000000 27.645602 0.000286 0.114421 1.000000 -13.643727 200.000000 -13.643727 0.337976 135.190477 0.000000 15.285112 200.000000 15.285112
 13.200000 0.825477 0.564435 0.017391 0.999849 0.971047 0.017392 0.564435 0.825477 0.999849 0.017391 0.415193 166.077089 0.500000 -24.004426 200.000000 -24.004426 0.164416 65.766244 0.866025 27.645602 200.000000 27.645602 0.000002 0.000915 1.000000 -13.643727 200.000000 -13.643727 0.030246 12.098432 0.000000 15.285112 200.000000 15.285112
 13.400000 0.894475 0.447117 0.063853 0.997959 1.107256 0.063896 0.447117 0.894475 0.997959 0.063853 0.279658 111.863195 0.500000 -24.004426 200.000000 -24.004426 0.080940 32.375936 0.866025 27.645602 200.000000 27.645602 0.000416 0.166573 1.000000 -13.643727 200.000000 -13.643727 0.407717 163.086621 0.000000 15.285112 200.000000 15.285112
 13.600000 0.864630 0.502409 0.055503 0.998459 1.044414 0.055531 0.502409 0.864630 0.998459 0.055503 0.000580 0.232110 0.500000 -24.004426 200.000000 -24.004426 0.000195 0.077869 0.866025 27.645602 200.000000 27.645602 0.000238 0.095043 1.000000 -13.643727 200.000000 -13.643727 0.308054 123.221459 0.000000 15.285112 200.000000 15.285112
 13.800000 0.810508 0.585728 -0.009197 0.999958 0.945019 -0.009197 0.585728 0.810508 0.999958 -0.009197 0.734923 293.969309 0.500000 -24.004426 200.000000 -24.004426 0.308219 123.287605 0.866025 27.645602 200.000000 27.645602 0.000000 0.000072 1.000000 -13.643727 200.000000 -13.643727 0.008459 3.383502 0.000000 15.285112 200.000000 15.285112
 14.000000 0.873085 0.487568 -0.052459 0.998623 1.061495 -0.052483 0.487568 0.873085 0.998623 -0.052459 0.015456 6.182416 0.500000 -24.004426 200.000000 -24.004426 0.004984 1.993598 0.866025 27.645602 200.000000 27.645602 0.000190 0.075834 1.000000 -13.643727 200.000000 -13.643727 0.275190 110.075904 0.000000 15.285112 200.000000 15.285112
 14.200000 0.869788 0.493425 -0.181323 0.983424 1.054773 -0.182332 0.493425 0.869788 0.983424 -0.181323 0.004323 1.729019 0.500000 -24.004426 200.000000 -24.004426 0.001416 0.566323 0.866025 27.645602 200.000000 27.645602 0.027478 10.991198 1.000000 -13.643727 200.000000 -13.643727 3.287820 1315.127845 0.000000 15.285112 200.000000 15.285112
 14.400000 0.852016 0.523517 -0.088082 0.996113 1.019823 -0.088196 0.523517 0.852016 0.996113 -0.088082 0.055303 22.121070 0.500000 -24.004426 200.000000 -24.004426 0.019628 7.851070 0.866025 27.645602 200.000000 27.645602 0.001511 0.604272 1.000000 -13.643727 200.000000 -13.643727 0.775838 310.335352 0.000000 15.285112 200.000000 15.285112
 14.600000 0.818195 0.574941 -0.042156 0.999111 0.958264 -0.042169 0.574941 0.818195 0.999111 -0.042156 0.561617 224.646862 0.500000 -24.004426 200.000000 -24.004426 0.228777 91.510720 0.866025 27.645602 200.000000 27.645602 0.000079 0.031611 1.000000 -13.643727 200.000000 -13.643727 0.177715 71.086065 0.000000 15.285112 200.000000 15.285112
 14.800000 0.865862 0.500283 0.009986 0.999950 1.046871 0.009986 0.500283 0.865862 0.999950 0.009986 0.000008 0.003197 0.500000 -24.004426 200.000000 -24.004426 0.000003 0.001067 0.866025 27.645602 200.000000 27.645602 0.000000 0.000099 1.000000 -13.643727 200.000000 -13.643727 0.009972 3.988626 0.000000 15.285112 200.000000 15.285112
 15.000000 0.900905 0.434015 0.001339 0.999999 1.121851 0.001339 0.434015 0.900905 0.999999 0.001339 0.435396 174.158301 0.500000 -24.004426 200.000000 -24.004426 0.121662 48.664608 0.866025 27.645602 200.000000 27.645602 0.000000 0.000000 1.000000 -13.643727 200.000000 -13.643727 0.000179 0.071697 0.000000 15.285112 200.000000 15.285112
 15.200000 0.878539 0.477670 -0.010630 0.999944 1.072796 -0.010630 0.477670 0.878539 0.999944 -0.010630 0.049863 19.945368 0.500000 -24.004426 200.000000 -24.004426 0.015660 6.264008 0.866025 27.645602 200.000000 27.645602 0.000000 0.000128 1.000000 -13.643727 200.000000 -13.643727 0.011299 4.519622 0.000000 15.285112 200.000000 15.285112
 15.400000 0.877195 0.480134 0.062601 0.998039 1.069989 0.062642 0.480134 0.877195 0.998039 0.062601 0.039465 15.786052 0.500000 -24.004426 200.000000 -24.004426 0.012476 4.990453 0.866025 27.645602 200.000000 27.645602 0.000385 0.153879 1.000000 -13.643727 200.000000 -13.643727 0.391890 156.755994 0.000000 15.285112 200.000000 15.285112
 15.600000 0.829510 0.558492 -0.002663 0.999996 0.978230 -0.002663 0.558492 0.829510 0.999996 -0.002663 0.342132 136.852807 0.500000 -24.004426 200.000000 -24.004426 0.133338 53.335363 0.866025 27.645602 200.000000 27.645602 0.000000 0.000001 1.000000 -13.643727 200.000000 -13.643727 0.000709 0.283594 0.000000 15.285112 200.000000 15.285112
 15.800000 0.845995 0.533192 -0.013669 0.999907 1.008428 -0.013669 0.533192 0.845995 0.999907 -0.013669 0.110168 44.067226 0.500000 -24.004426 200.000000 -24.004426 0.040124 16.049437 0.866025 27.645602 200.000000 27.645602 0.000001 0.000349 1.000000 -13.643727 200.000000 -13.643727 0.018683 7.473220 0.000000 15.285112 200.000000 15.285112
 16.000000 0.868748 0.495254 -0.035916 0.999355 1.052669 -0.035924 0.495254 0.868748 0.999355 -0.035916 0.002252 0.900853 0.500000 -24.004426 200.000000 -24.004426 0.000741 0.296508 0.866025 27.645602 200.000000 27.645602 0.000042 0.016652 1.000000 -13.643727 200.000000 -13.643727 0.128999 51.599680 0.000000 15.285112 200.000000 15.285112
 16.200000 0.850776 0.525528 -0.010967 0.999940 1.017461 -0.010967 0.525528 0.850776 0.999940 -0.010967 0.065167 26.066953 0.500000 -24.004426 200.000000 -24.004426 0.023253 9.301327 0.866025 27.645602 200.000000 27.645602 0.000000 0.000145 1.000000 -13.643727 200.000000 -13.643727 0.012028 4.811190 0.000000 15.285112 200.000000 15.285112
 16.400000 0.864715 0.502264 -0.070456 0.997515 1.044582 -0.070515 0.502264 0.864715 0.997515 -0.070456 0.000512 0.204972 0.500000 -24.004426 200.000000 -24.004426 0.000172 0.068738 0.866025 27.645602 200.000000 27.645602 0.000618 0.247036 1.000000 -13.643727 200.000000 -13.643727 0.496409 198.563629 0.000000 15.285112 200.000000 15.285112
 16.600000 0.830666 0.556772 -0.010915 0.999940 0.980302 -0.010915 0.556772 0.830666 0.999940 -0.010915 0.322301 128.920495 0.500000 -24.004426 200.000000 -24.004426 0.125031 50.012513 0.866025 27.645602 200.000000 27.645602 0.000000 0.000142 1.000000 -13.643727 200.000000 -13.643727 0.011914 4.765704 0.000000 15.285112 200.000000 15.285112
 16.800000 0.855363 0.518030 -0.000719 1.000000 1.026251 -0.000719 0.518030 0.855363 1.000000 -0.000719 0.032507 13.002687 0.500000 -24.004426 200.000000 -24.004426 0.011369 4.547748 0.866025 27.645602 200.000000 27.645602 0.000000 0.000000 1.000000 -13.643727 200.000000 -13.643727 0.000052 0.020672 0.000000 15.285112 200.000000 15.285112
 17.000000 0.887187 0.461409 0.020343 0.999793 1.091213 0.020345 0.461409 0.887187 0.999793 0.020343 0.148924 59.569415 0.500000 -24.004426 200.000000 -24.004426 0.044783 17.913103 0.866025 27.645602 200.000000 27.645602 0.000004 0.001713 1.000000 -13.643727 200.000000 -13.643727 0.041385 16.553972 0.000000 15.285112 200.000000 15.285112
 17.200000 0.875367 0.483459 0.044744 0.998998 1.066195 0.044759 0.483459 0.875367 0.998998 0.044744 0.027362 10.944654 0.500000 -24.004426 200.000000 -24.004426 0.008727 3.490767 0.866025 27.645602 200.000000 27.645602 0.000100 0.040123 1.000000 -13.643727 200.000000 -13.643727 0.200206 80.082300 0.000000 15.285112 200.000000 15.285112
 17.400000 0.841596 0.540107 -0.017551 0.999846 1.000232 -0.017552 0.540107 0.841596 0.999846 -0.017551 0.160858 64.343379 0.500000 -24.004426 200.000000 -24.004426 0.059678 23.871336 0.866025 27.645602 200.000000 27.645602 0.000002 0.000949 1.000000 -13.643727 200.000000 -13.643727 0.030805 12.321838 0.000000 15.285112 200.000000 15.285112
 17.600000 0.866381 0.499384 -0.033581 0.999436 1.047909 -0.033587 0.499384 0.866381 0.999436 -0.033581 0.000038 0.015187 0.500000 -24.004426 200.000000 -24.004426 0.000013 0.005054 0.866025 27.645602 200.000000 27.645602 0.000032 0.012724 1.000000 -13.643727 200.000000 -13.643727 0.112768 45.107263 0.000000 15.285112 200.000000 15.285112
 17.800000 0.831237 0.555918 0.088238 0.996099 0.981330 0.088353 0.555918 0.831237 0.996099 0.088238 0.312681 125.072476 0.500000 -24.004426 200.000000 -24.004426 0.121022 48.408761 0.866025 27.645602 200.000000 27.645602 0.001521 0.608583 1.000000 -13.643727 200.000000 -13.643727 0.778596 311.438361 0.000000 15.285112 200.000000 15.285112
 18.000000 0.835082 0.550126 0.050241 0.998737 0.988282 0.050262 0.550126 0.835082 0.998737 0.050241 0.251258 100.503100 0.500000 -24.004426 200.000000 -24.004426 0.095750 38.299979 0.866025 27.645602 200.000000 27.645602 0.000159 0.063792 1.000000 -13.643727 200.000000 -13.643727 0.252412 100.964640 0.000000 15.285112 200.000000 15.285112
 18.200000 0.855902 0.517139 -0.025520 0.999674 1.027292 -0.025523 0.517139 0.855902 0.999674 -0.025520 0.029374 11.749470 0.500000 -24.004426 200.000000 -24.004426 0.010249 4.099673 0.866025 27.645602 200.000000 27.645602 0.000011 0.004243 1.000000 -13.643727 200.000000 -13.643727 0.065129 26.051756 0.000000 15.285112 200.000000 15.285112
 18.400000 0.874579 0.484884 -0.073117 0.997323 1.064566 -0.073182 0.484884 0.874579 0.997323 -0.073117 0.022850 9.139888 0.500000 -24.004426 200.000000 -24.004426 0.007316 2.926247 0.866025 27.645602 200.000000 27.645602 0.000716 0.286575 1.000000 -13.643727 200.000000 -13.643727 0.534610 213.844083 0.000000 15.285112 200.000000 15.285112
 18.600000 0.877243 0.480046 -0.034674 0.999399 1.070089 -0.034681 0.480046 0.877243 0.999399 -0.034674 0.039815 15.926025 0.500000 -24.004426 200.000000 -24.004426 0.012584 5.033522 0.866025 27.645602 200.000000 27.645602 0.000036 0.014464 1.000000 -13.643727 200.000000 -13.643727 0.120231 48.092347 0.000000 15.285112 200.000000 15.285112
 18.800000 0.831219 0.555945 -0.072908 0.997339 0.981297 -0.072973 0.555945 0.831219 0.997339 -0.072908 0.312988 125.195114 0.500000 -24.004426 200.000000 -24.004426 0.121149 48.459790 0.866025 27.645602 200.000000 27.645602 0.000708 0.283309 1.000000 -13.643727 200.000000 -13.643727 0.531559 212.623746 0.000000 15.285112 200.000000 15.285112
 19.000000 0.846312 0.532687 -0.158619 0.987340 1.009023 -0.159292 0.532687 0.846312 0.987340 -0.158619 0.106847 42.738715 0.500000 -24.004426 200.000000 -24.004426 0.038862 15.544635 0.866025 27.645602 200.000000 27.645602 0.016028 6.411190 1.000000 -13.643727 200.000000 -13.643727 2.516005 1006.401951 0.000000 15.285112 200.000000 15.285112
 19.200000 0.870064 0.492938 -0.034656 0.999399 1.055333 -0.034663 0.492938 0.870064 0.999399 -0.034656 0.004987 1.994799 0.500000 -24.004426 200.000000 -24.004426 0.001631 0.652528 0.866025 27.645602 200.000000 27.645602 0.000036 0.014434 1.000000 -13.643727 200.000000 -13.643727 0.120105 48.042041 0.000000 15.285112 200.000000 15.285112
 19.400000 0.884162 0.467181 -0.027263 0.999628 1.084696 -0.027266 0.467181 0.884162 0.999628 -0.027263 0.107708 43.083164 0.500000 -24.004426 200.000000 -24.004426 0.032892 13.156921 0.866025 27.645602 200.000000 27.645602 0.000014 0.005526 1.000000 -13.643727 200.000000 -13.643727 0.074324 29.729777 0.000000 15.285112 200.000000 15.285112
 19.600000 0.822482 0.568790 0.034465 0.999406 0.965762 0.034472 0.568790 0.822482 0.999406 0.034465 0.473213 189.285073 0.500000 -24.004426 200.000000 -24.004426 0.189599 75.839475 0.866025 27.645602 200.000000 27.645602 0.000035 0.014118 1.000000 -13.643727 200.000000 -13.643727 0.118785 47.514084 0.000000 15.285112 200.000000 15.285112
 19.800000 0.843093 0.537768 0.094994 0.995478 1.003009 0.095138 0.537768 0.843093 0.995478 0.094994 0.142644 57.057748 0.500000 -24.004426 200.000000 -24.004426 0.052591 21.036393 0.866025 27.645602 200.000000 27.645602 0.002045 0.817999 1.000000 -13.643727 200.000000 -13.643727 0.902388 360.955212 0.000000 15.285112 200.000000 15.285112
 20.000000 0.876346 0.481683 0.167051 0.985948 1.068222 0.167838 0.481683 0.876346 0.985948 0.167051 0.033552 13.420829 0.500000 -24.004426 200.000000 -24.004426 0.010651 4.260302 0.866025 27.645602 200.000000 27.645602 0.019745 7.897993 1.000000 -13.643727 200.000000 -13.643727 2.790592 1116.236720 0.000000 15.285112 200.000000 15.285112
