#! FIELDS time sin_phi cos_phi sin_psi cos_psi phi psi cos_phi sin_phi cos_psi sin_psi restraint_phi_cos.bias restraint_phi_cos.force2 restraint_phi_cos.cos_phi_cntr restraint_phi_cos.cos_phi_work restraint_phi_cos.cos_phi_kappa restraint_phi_cos.work restraint_phi_sin.bias restraint_phi_sin.force2 restraint_phi_sin.sin_phi_cntr restraint_phi_sin.sin_phi_work restraint_phi_sin.sin_phi_kappa restraint_phi_sin.work restraint_psi_cos.bias restraint_psi_cos.force2 restraint_psi_cos.cos_psi_cntr restraint_psi_cos.cos_psi_work restraint_psi_cos.cos_psi_kappa restraint_psi_cos.work restraint_psi_sin.bias restraint_psi_sin.force2 restraint_psi_sin.sin_psi_cntr restraint_psi_sin.sin_psi_work restraint_psi_sin.sin_psi_kappa restraint_psi_sin.work
#! SET min_phi -pi
#! SET max_phi pi
#! SET min_psi -pi
#! SET max_psi pi
 0.000000 -0.999983 -0.005782 0.966116 0.258110 -1.576579 1.309731 -0.005782 -0.999983 0.258110 0.966116 0.000000 0.000000 -0.009747 0.000000 0.000000 0.000000 0.000000 0.000000 -0.999953 0.000000 0.000000 0.000000 0.000000 0.000000 0.256142 0.000000 0.000000 0.000000 0.000000 0.000000 0.966639 0.000000 0.000000 0.000000
 0.200000 -1.000000 -0.000266 0.834655 0.550773 -1.571062 0.987506 -0.000266 -1.000000 0.550773 0.834655 0.000899 0.035954 -0.009747 0.429322 20.000000 0.429322 0.000000 0.000001 -0.999953 0.008204 20.000000 0.008204 0.868072 34.722866 0.256142 0.437494 20.000000 0.437494 0.174198 6.967905 0.966639 0.079186 20.000000 0.079186
 0.400000 -0.998238 0.059333 0.982968 0.183778 -1.511428 1.385968 0.059333 -0.998238 0.183778 0.982968 0.095441 7.635246 -0.009747 0.576151 40.000000 0.576151 0.000059 0.004702 -0.999953 0.009175 40.000000 0.009175 0.104733 8.378618 0.256142 0.652620 40.000000 0.652620 0.005333 0.426605 0.966639 0.103852 40.000000 0.103852
 0.600000 -0.997905 0.064690 0.969721 0.244216 -1.506061 1.324085 0.064690 -0.997905 0.244216 0.969721 0.166224 19.946879 -0.009747 0.652738 60.000000 0.652738 0.000126 0.015086 -0.999953 0.009549 60.000000 0.009549 0.004267 0.512080 0.256142 0.812949 60.000000 0.812949 0.000285 0.034192 0.966639 0.126978 60.000000 0.126978
 0.800000 -0.999998 0.001894 0.948099 0.317975 -1.568902 1.247203 0.001894 -0.999998 0.317975 0.948099 0.005420 0.867200 -0.009747 0.745440 80.000000 0.745440 0.000000 0.000013 -0.999953 0.009931 80.000000 0.009931 0.152931 24.469032 0.256142 0.870396 80.000000 0.870396 0.013749 2.199883 0.966639 0.131256 80.000000 0.131256
 1.000000 -0.997905 -0.064690 0.983714 0.179740 -1.635531 1.390074 -0.064690 -0.997905 0.179740 0.983714 0.150938 30.187619 -0.009747 0.830208 100.000000 0.830208 0.000210 0.041905 -0.999953 0.010215 100.000000 0.010215 0.291867 58.373466 0.256142 0.906296 100.000000 0.906296 0.014578 2.915595 0.966639 0.133900 100.000000 0.133900
 1.200000 -0.998628 0.052357 0.985226 0.171262 -1.518415 1.398686 0.052357 -0.998628 0.171262 0.985226 0.231412 55.538994 -0.009747 0.926095 120.000000 0.926095 0.000105 0.025246 -0.999953 0.010633 120.000000 0.010633 0.432282 103.747643 0.256142 0.992025 120.000000 0.992025 0.020727 4.974582 0.966639 0.141240 120.000000 0.141240
 1.400000 -0.999098 0.042471 0.979939 0.199299 -1.528313 1.370154 0.042471 -0.999098 0.199299 0.979939 0.190866 53.442499 -0.009747 0.960898 140.000000 0.960898 0.000051 0.014321 -0.999953 0.010712 140.000000 0.010712 0.226180 63.330420 0.256142 1.092945 140.000000 1.092945 0.012382 3.466844 0.966639 0.149518 140.000000 0.149518
 1.600000 -0.999952 0.009779 0.961528 0.274706 -1.561018 1.292512 0.009779 -0.999952 0.274706 0.961528 0.030498 9.759450 -0.009747 1.007093 160.000000 1.007093 0.000000 0.000000 -0.999953 0.010845 160.000000 0.010845 0.027570 8.822428 0.256142 1.162447 160.000000 1.162447 0.002090 0.668714 0.966639 0.156254 160.000000 0.156254
 1.800000 -0.999816 -0.019191 0.970209 0.242271 -1.589988 1.326090 -0.019191 -0.999816 0.242271 0.970209 0.008027 2.889774 -0.009747 1.051966 180.000000 1.051966 0.000002 0.000605 -0.999953 0.010933 180.000000 0.010933 0.017316 6.233938 0.256142 1.193883 180.000000 1.193883 0.001147 0.412811 0.966639 0.158912 180.000000 0.158912
 2.000000 -0.987451 0.157923 0.943128 0.332430 -1.412209 1.231917 0.157923 -0.987451 0.332430 0.943128 2.811311 1124.524500 -0.009747 1.081900 200.000000 1.081900 0.015628 6.251093 -0.999953 0.011013 200.000000 0.011013 0.581986 232.794469 0.256142 1.219741 200.000000 1.219741 0.055278 22.111200 0.966639 0.161373 200.000000 0.161373
 2.200000 -0.996396 0.084819 0.957385 0.288816 -1.485875 1.277807 0.084819 -0.996396 0.288816 0.957385 0.888420 355.368105 -0.009437 1.080760 200.000000 1.080760 0.358972 143.588903 -0.936482 0.381492 200.000000 0.381492 1.731072 692.428687 0.157246 1.376121 200.000000 1.376121 0.048996 19.598475 0.979520 0.158466 200.000000 0.158466
 2.400000 -0.999985 0.005507 0.987529 0.157440 -1.565290 1.412699 0.005507 -0.999985 0.157440 0.987529 0.021417 8.566663 -0.009128 1.078979 200.000000 1.078979 1.612218 644.887231 -0.873012 1.572908 200.000000 1.572908 0.981901 392.760574 0.058349 1.604778 200.000000 1.604778 0.002373 0.949395 0.992400 0.147818 200.000000 0.147818
 2.600000 -0.993492 -0.113904 0.981698 0.190445 -1.684948 1.379181 -0.113904 -0.993492 0.190445 0.981698 1.104296 441.718372 -0.008819 1.078141 200.000000 1.078141 3.383778 1353.511035 -0.809541 3.557514 200.000000 3.557514 3.626911 1450.764507 0.000000 1.242583 200.000000 1.242583 0.033496 13.398585 1.000000 0.147368 200.000000 0.147368
 2.800000 -0.998955 -0.045704 0.999220 0.039500 -1.616516 1.531286 -0.045704 -0.998955 0.039500 0.999220 0.138346 55.338385 -0.008509 1.077273 200.000000 1.077273 6.395039 2558.015593 -0.746071 6.358910 200.000000 6.358910 0.156025 62.409906 0.000000 1.242583 200.000000 1.242583 0.000061 0.024363 1.000000 0.147368 200.000000 0.147368
 3.000000 -0.999067 -0.043188 0.995536 0.094379 -1.613998 1.476276 -0.043188 -0.999067 0.094379 0.995536 0.122417 48.966944 -0.008200 1.075526 200.000000 1.075526 10.015104 4006.041495 -0.682600 9.968314 200.000000 9.968314 0.890743 356.297271 0.000000 1.242583 200.000000 1.242583 0.001992 0.796977 1.000000 0.147368 200.000000 0.147368
 3.200000 -0.999879 0.015560 0.998620 -0.052511 -1.555236 1.623332 0.015560 -0.999879 -0.052511 0.998620 0.054993 21.997187 -0.007891 1.074636 200.000000 1.074636 14.496970 5798.788162 -0.619130 14.353282 200.000000 14.353282 0.275741 110.296558 0.000000 1.242583 200.000000 1.242583 0.000190 0.076138 1.000000 0.147368 200.000000 0.147368
 3.400000 -0.997505 0.070602 0.999727 0.023364 -1.500135 1.547431 0.070602 -0.997505 0.023364 0.999727 0.611270 244.508113 -0.007581 1.073228 200.000000 1.073228 19.522689 7809.075734 -0.555660 19.567873 200.000000 19.567873 0.054585 21.834126 0.000000 1.242583 200.000000 1.242583 0.000007 0.002980 1.000000 0.147368 200.000000 0.147368
 3.600000 -0.985062 0.172197 0.998941 0.046010 -1.397736 1.524770 0.172197 -0.985062 0.046010 0.998941 3.220928 1288.371347 -0.007272 1.071203 200.000000 1.071203 24.292399 9716.959736 -0.492189 25.576979 200.000000 25.576979 0.211696 84.678237 0.000000 1.242583 200.000000 1.242583 0.000112 0.044863 1.000000 0.147368 200.000000 0.147368
 3.800000 -0.999409 0.034365 0.998712 -0.050743 -1.536425 1.621561 0.034365 -0.999409 -0.050743 0.998712 0.170796 68.318344 -0.006963 1.070360 200.000000 1.070360 32.568766 13027.506403 -0.428719 32.384435 200.000000 32.384435 0.257483 102.993031 0.000000 1.242583 200.000000 1.242583 0.000166 0.066383 1.000000 0.147368 200.000000 0.147368
 4.000000 -0.998573 0.053409 0.996812 -0.079781 -1.517362 1.650662 0.053409 -0.998573 -0.079781 0.996812 0.360752 144.300881 -0.006653 1.068414 200.000000 1.068414 40.109963 16043.985077 -0.365248 40.011903 200.000000 40.011903 0.636498 254.599156 0.000000 1.242583 200.000000 1.242583 0.001016 0.406424 1.000000 0.147368 200.000000 0.147368
 4.200000 -0.986469 0.163948 0.998653 -0.051888 -1.406105 1.622707 0.163948 -0.986469 -0.051888 0.998653 2.899923 1159.969076 -0.006344 1.066041 200.000000 1.066041 46.880180 18752.072051 -0.301778 48.422592 200.000000 48.422592 0.269232 107.692800 0.000000 1.242583 200.000000 1.242583 0.000181 0.072584 1.000000 0.147368 200.000000 0.147368
 4.400000 -0.999979 -0.006435 0.999733 -0.023127 -1.577232 1.593926 -0.006435 -0.999979 -0.023127 0.999733 0.000016 0.006422 -0.006035 1.063497 200.000000 1.063497 58.014373 23205.749084 -0.238308 57.659380 200.000000 57.659380 0.053486 21.394564 0.000000 1.242583 200.000000 1.242583 0.000007 0.002862 1.000000 0.147368 200.000000 0.147368
 4.600000 -0.999815 0.019226 0.998314 -0.058050 -1.551569 1.628879 0.019226 -0.999815 -0.058050 0.998314 0.062256 24.902361 -0.005725 1.061043 200.000000 1.061043 68.058862 27223.544647 -0.174837 67.673819 200.000000 67.673819 0.336983 134.793258 0.000000 1.242583 200.000000 1.242583 0.000284 0.113749 1.000000 0.147368 200.000000 0.147368
 4.800000 -0.973618 -0.228185 0.991407 0.130811 -1.801010 1.439610 -0.228185 -0.973618 0.130811 0.991407 4.962619 1985.047681 -0.005416 1.058366 200.000000 1.058366 74.347656 29739.062296 -0.111367 78.430924 200.000000 78.430924 1.711143 684.457245 0.000000 1.242583 200.000000 1.242583 0.007383 2.953333 1.000000 0.147368 200.000000 0.147368
 5.000000 -0.973374 0.229221 0.999630 -0.027206 -1.339519 1.598006 0.229221 -0.973374 -0.027206 0.999630 5.490954 2196.381684 -0.005107 1.051094 200.000000 1.051094 85.650950 34260.379950 -0.047896 89.872229 200.000000 89.872229 0.074016 29.606446 0.000000 1.242583 200.000000 1.242583 0.000014 0.005480 1.000000 0.147368 200.000000 0.147368
 5.200000 -0.999352 -0.035987 0.999553 0.029913 -1.606791 1.540879 -0.035987 -0.999352 0.029913 0.999553 0.097277 38.910794 -0.004797 1.046627 200.000000 1.046627 103.007533 41203.013049 0.015574 102.302408 200.000000 102.302408 0.089479 35.791763 0.000000 1.242583 200.000000 1.242583 0.000020 0.008010 1.000000 0.147368 200.000000 0.147368
 5.400000 -0.855080 0.518495 0.999994 -0.003325 -1.025706 1.574121 0.518495 -0.855080 -0.003325 0.999994 27.351178 10940.471399 -0.004488 1.038228 200.000000 1.038228 87.258921 34903.568276 0.079044 115.246355 200.000000 115.246355 0.001105 0.442114 0.000000 1.242583 200.000000 1.242583 0.000000 0.000001 1.000000 0.147368 200.000000 0.147368
 5.600000 0.800702 0.599062 0.999722 -0.023583 0.928467 1.594382 0.599062 0.800702 -0.023583 0.999722 36.389985 14555.993904 -0.004179 0.987470 200.000000 0.987470 43.321095 17328.438083 0.142515 118.276093 200.000000 118.276093 0.055617 22.246901 0.000000 1.242583 200.000000 1.242583 0.000008 0.003094 1.000000 0.147368 200.000000 0.147368
 5.800000 0.999136 -0.041562 0.998371 -0.057057 1.612371 1.627884 -0.041562 0.999136 -0.057057 0.998371 0.142076 56.830345 -0.003870 0.978634 200.000000 0.978634 62.908802 25163.520623 0.205985 108.052662 200.000000 108.052662 0.325546 130.218222 0.000000 1.242583 200.000000 1.242583 0.000265 0.106153 1.000000 0.147368 200.000000 0.147368
 6.000000 0.982563 0.185929 0.998718 -0.050624 1.383779 1.621442 0.185929 0.982563 -0.050624 0.998718 3.590635 1436.254002 -0.003560 0.971514 200.000000 0.971514 50.852226 20340.890271 0.269456 98.564423 200.000000 98.564423 0.256276 102.510441 0.000000 1.242583 200.000000 1.242583 0.000164 0.065762 1.000000 0.147368 200.000000 0.147368
 6.200000 0.978665 0.205462 0.999849 0.017388 1.363860 1.553408 0.205462 0.978665 0.017388 0.999849 4.356113 1742.445033 -0.003251 0.961073 200.000000 0.961073 41.697891 16679.156243 0.332926 89.914614 200.000000 89.914614 0.030233 12.093190 0.000000 1.242583 200.000000 1.242583 0.000002 0.000914 1.000000 0.147368 200.000000 0.147368
 6.400000 0.992642 -0.121088 0.995559 -0.094142 1.692182 1.665078 -0.121088 0.992642 -0.094142 0.995559 1.395851 558.340397 -0.002942 0.951533 200.000000 0.951533 35.550855 14220.341822 0.396396 82.090421 200.000000 82.090421 0.886264 354.505582 0.000000 1.242583 200.000000 1.242583 0.001972 0.788964 1.000000 0.147368 200.000000 0.147368
 6.600000 0.995053 0.099349 0.998296 0.058361 1.471283 1.512402 0.099349 0.995053 0.058361 0.998296 1.040014 416.005725 -0.002632 0.948159 200.000000 0.948159 28.642387 11456.954702 0.459867 74.924811 200.000000 74.924811 0.340604 136.241710 0.000000 1.242583 200.000000 1.242583 0.000291 0.116209 1.000000 0.147368 200.000000 0.147368
 6.800000 0.999784 0.020760 0.996352 0.085333 1.550035 1.485359 0.020760 0.999784 0.085333 0.996352 0.053282 21.312942 -0.002323 0.939389 200.000000 0.939389 22.700197 9080.078853 0.523337 68.658952 200.000000 68.658952 0.728178 291.271108 0.000000 1.242583 200.000000 1.242583 0.001330 0.532182 1.000000 0.147368 200.000000 0.147368
 7.000000 0.998342 -0.057559 0.998889 0.047123 1.628387 1.523655 -0.057559 0.998342 0.047123 0.998889 0.308530 123.411817 -0.002014 0.932466 200.000000 0.932466 16.936060 6774.424037 0.586808 63.113224 200.000000 63.113224 0.222062 88.824770 0.000000 1.242583 200.000000 1.242583 0.000123 0.049366 1.000000 0.147368 200.000000 0.147368
 7.200000 0.990698 0.136078 0.999971 -0.007603 1.434295 1.578399 0.136078 0.990698 -0.007603 0.999971 1.898393 759.357086 -0.001704 0.929765 200.000000 0.929765 11.588584 4635.433402 0.650278 58.321703 200.000000 58.321703 0.005780 2.312081 0.000000 1.242583 200.000000 1.242583 0.000000 0.000033 1.000000 0.147368 200.000000 0.147368
 7.400000 0.996390 -0.084897 0.995033 -0.099543 1.655795 1.670505 -0.084897 0.996390 -0.099543 0.995033 0.697251 278.900495 -0.001395 0.922632 200.000000 0.922632 7.988610 3195.444191 0.713748 54.396971 200.000000 54.396971 0.990887 396.354825 0.000000 1.242583 200.000000 1.242583 0.002467 0.986752 1.000000 0.147368 200.000000 0.147368
 7.600000 0.996058 0.088701 0.999333 0.036518 1.481979 1.534270 0.088701 0.996058 0.036518 0.999333 0.806166 322.466560 -0.001086 0.921404 200.000000 0.921404 4.789069 1915.627622 0.777219 51.221746 200.000000 51.221746 0.133355 53.342046 0.000000 1.242583 200.000000 1.242583 0.000044 0.017795 1.000000 0.147368 200.000000 0.147368
 7.800000 0.996515 0.083418 0.998055 -0.062344 1.487281 1.633181 0.083418 0.996515 -0.062344 0.998055 0.708875 283.550024 -0.000776 0.916514 200.000000 0.916514 2.428154 971.261417 0.840689 48.854416 200.000000 48.854416 0.388675 155.470067 0.000000 1.242583 200.000000 1.242583 0.000378 0.151363 1.000000 0.147368 200.000000 0.147368
 8.000000 0.999821 -0.018920 0.999955 0.009510 1.589718 1.561286 -0.018920 0.999821 0.009510 0.999955 0.034052 13.620681 -0.000467 0.912334 200.000000 0.912334 0.915109 366.043457 0.904160 47.283741 200.000000 47.283741 0.009045 3.617877 0.000000 1.242583 200.000000 1.242583 0.000000 0.000082 1.000000 0.147368 200.000000 0.147368
 8.200000 0.998303 0.058231 0.998160 0.060639 1.512532 1.510121 0.058231 0.998303 0.060639 0.998160 0.340926 136.370213 -0.000158 0.910073 200.000000 0.910073 0.094084 37.633411 0.967630 46.490460 200.000000 46.490460 0.367704 147.081507 0.000000 1.242583 200.000000 1.242583 0.000339 0.135455 1.000000 0.147368 200.000000 0.147368
 8.400000 0.999827 -0.018576 0.999850 0.017335 1.589373 1.553461 -0.018576 0.999827 0.017335 0.999850 0.034506 13.802557 0.000000 0.906363 200.000000 0.906363 0.000003 0.001191 1.000000 46.440936 200.000000 46.440936 0.030050 12.019934 0.000000 1.242583 200.000000 1.242583 0.000002 0.000903 1.000000 0.147368 200.000000 0.147368
 8.600000 0.993012 0.118016 0.993715 0.111944 1.452505 1.458617 0.118016 0.993012 0.111944 0.993715 1.392775 557.110070 0.000000 0.906363 200.000000 0.906363 0.004884 1.953450 1.000000 46.440936 200.000000 46.440936 1.253141 501.256363 0.000000 1.242583 200.000000 1.242583 0.003951 1.580279 1.000000 0.147368 200.000000 0.147368
 8.800000 0.995357 0.096249 0.999888 -0.014983 1.474398 1.585780 0.096249 0.995357 -0.014983 0.999888 0.926394 370.557725 0.000000 0.906363 200.000000 0.906363 0.002156 0.862205 1.000000 46.440936 200.000000 46.440936 0.022448 8.979317 0.000000 1.242583 200.000000 1.242583 0.000001 0.000504 1.000000 0.147368 200.000000 0.147368
 9.000000 0.996638 0.081937 0.993156 -0.116792 1.488768 1.687855 0.081937 0.996638 -0.116792 0.993156 0.671364 268.545574 0.000000 0.906363 200.000000 0.906363 0.001131 0.452249 1.000000 46.440936 200.000000 46.440936 1.364031 545.612425 0.000000 1.242583 200.000000 1.242583 0.004683 1.873379 1.000000 0.147368 200.000000 0.147368
 9.200000 0.995028 0.099596 0.998495 0.054851 1.471034 1.515917 0.099596 0.995028 0.054851 0.998495 0.991946 396.778399 0.000000 0.906363 200.000000 0.906363 0.002472 0.988867 1.000000 46.440936 200.000000 46.440936 0.300867 120.346810 0.000000 1.242583 200.000000 1.242583 0.000227 0.090657 1.000000 0.147368 200.000000 0.147368
 9.400000 0.999090 0.042640 0.999642 -0.026741 1.528143 1.597541 0.042640 0.999090 -0.026741 0.999642 0.181818 72.727229 0.000000 0.906363 200.000000 0.906363 0.000083 0.033088 1.000000 46.440936 200.000000 46.440936 0.071510 28.604028 0.000000 1.242583 200.000000 1.242583 0.000013 0.005116 1.000000 0.147368 200.000000 0.147368
 9.600000 0.992502 0.122230 0.989955 0.141382 1.448260 1.428939 0.122230 0.992502 0.141382 0.989955 1.494009 597.603703 0.000000 0.906363 200.000000 0.906363 0.005622 2.248895 1.000000 46.440936 200.000000 46.440936 1.998896 799.558394 0.000000 1.242583 200.000000 1.242583 0.010090 4.036025 1.000000 0.147368 200.000000 0.147368
 9.800000 0.999971 0.007558 0.996087 0.088381 1.563239 1.482299 0.007558 0.999971 0.088381 0.996087 0.005712 2.284663 0.000000 0.906363 200.000000 0.906363 0.000000 0.000033 1.000000 46.440936 200.000000 46.440936 0.781127 312.450614 0.000000 1.242583 200.000000 1.242583 0.001531 0.612553 1.000000 0.147368 200.000000 0.147368
 10.000000 0.998239 -0.059313 0.999975 -0.007103 1.630144 1.577900 -0.059313 0.998239 -0.007103 0.999975 0.351804 140.721683 0.000000 0.906363 200.000000 0.906363 0.000310 0.123984 1.000000 46.440936 200.000000 46.440936 0.005045 2.018193 0.000000 1.242583 200.000000 1.242583 0.000000 0.000025 1.000000 0.147368 200.000000 0.147368
 10.200000 0.993006 0.118065 0.999292 0.037630 1.452456 1.533158 0.118065 0.993006 0.037630 0.999292 1.393930 557.571828 0.000000 0.906363 200.000000 0.906363 0.004892 1.956701 1.000000 46.440936 200.000000 46.440936 0.141600 56.639814 0.000000 1.242583 200.000000 1.242583 0.000050 0.020065 1.000000 0.147368 200.000000 0.147368
 10.400000 0.997861 0.065377 0.999872 0.016003 1.505373 1.554792 0.065377 0.997861 0.016003 0.999872 0.427411 170.964253 0.000000 0.906363 200.000000 0.906363 0.000458 0.183071 1.000000 46.440936 200.000000 46.440936 0.025611 10.244430 0.000000 1.242583 200.000000 1.242583 0.000002 0.000656 1.000000 0.147368 200.000000 0.147368
 10.600000 0.995670 0.092957 0.998447 0.055719 1.477705 1.515049 0.092957 0.995670 0.055719 0.998447 0.864098 345.639294 0.000000 0.906363 200.000000 0.906363 0.001875 0.749909 1.000000 46.440936 200.000000 46.440936 0.310457 124.182786 0.000000 1.242583 200.000000 1.242583 0.000241 0.096533 1.000000 0.147368 200.000000 0.147368
 10.800000 0.989001 0.147912 0.992208 0.124595 1.422340 1.445877 0.147912 0.989001 0.124595 0.992208 2.187785 875.113963 0.000000 0.906363 200.000000 0.906363 0.012099 4.839488 1.000000 46.440936 200.000000 46.440936 1.552394 620.957413 0.000000 1.242583 200.000000 1.242583 0.006072 2.428815 1.000000 0.147368 200.000000 0.147368
 11.000000 0.998200 0.059972 0.999983 -0.005846 1.510788 1.576642 0.059972 0.998200 -0.005846 0.999983 0.359666 143.866561 0.000000 0.906363 200.000000 0.906363 0.000324 0.129593 1.000000 46.440936 200.000000 46.440936 0.003417 1.366989 0.000000 1.242583 200.000000 1.242583 0.000000 0.000012 1.000000 0.147368 200.000000 0.147368
 11.200000 0.997182 0.075021 0.999635 0.027012 1.495705 1.543781 0.075021 0.997182 0.027012 0.999635 0.562817 225.126958 0.000000 0.906363 200.000000 0.906363 0.000794 0.317658 1.000000 46.440936 200.000000 46.440936 0.072965 29.185820 0.000000 1.242583 200.000000 1.242583 0.000013 0.005326 1.000000 0.147368 200.000000 0.147368
 11.400000 0.997894 0.064873 0.999959 -0.009089 1.505878 1.579886 0.064873 0.997894 -0.009089 0.999959 0.420849 168.339796 0.000000 0.906363 200.000000 0.906363 0.000444 0.177488 1.000000 46.440936 200.000000 46.440936 0.008262 3.304749 0.000000 1.242583 200.000000 1.242583 0.000000 0.000068 1.000000 0.147368 200.000000 0.147368
 11.600000 0.999658 0.026143 0.997298 -0.073460 1.544650 1.644323 0.026143 0.999658 -0.073460 0.997298 0.068345 27.338126 0.000000 0.906363 200.000000 0.906363 0.000012 0.004673 1.000000 46.440936 200.000000 46.440936 0.539642 215.856964 0.000000 1.242583 200.000000 1.242583 0.000730 0.292002 1.000000 0.147368 200.000000 0.147368
 11.800000 0.999977 0.006833 0.999999 -0.001404 1.563963 1.572200 0.006833 0.999977 -0.001404 0.999999 0.004669 1.867514 0.000000 0.906363 200.000000 0.906363 0.000000 0.000022 1.000000 46.440936 200.000000 46.440936 0.000197 0.078866 0.000000 1.242583 200.000000 1.242583 0.000000 0.000000 1.000000 0.147368 200.000000 0.147368
 12.000000 0.999657 0.026206 0.998481 -0.055092 1.544587 1.625916 0.026206 0.999657 -0.055092 0.998481 0.068678 27.471027 0.000000 0.906363 200.000000 0.906363 0.000012 0.004718 1.000000 46.440936 200.000000 46.440936 0.303514 121.405439 0.000000 1.242583 200.000000 1.242583 0.000231 0.092261 1.000000 0.147368 200.000000 0.147368
 12.200000 0.999956 0.009370 0.999991 -0.004343 1.561427 1.575140 0.009370 0.999956 -0.004343 0.999991 0.008779 3.511586 0.000000 0.906363 200.000000 0.906363 0.000000 0.000077 1.000000 46.440936 200.000000 46.440936 0.001886 0.754593 0.000000 1.242583 200.000000 1.242583 0.000000 0.000004 1.000000 0.147368 200.000000 0.147368
 12.400000 0.997911 0.064602 0.998915 0.046569 1.506150 1.524211 0.064602 0.997911 0.046569 0.998915 0.417336 166.934535 0.000000 0.906363 200.000000 0.906363 0.000436 0.174534 1.000000 46.440936 200.000000 46.440936 0.216863 86.745065 0.000000 1.242583 200.000000 1.242583 0.000118 0.047080 1.000000 0.147368 200.000000 0.147368
 12.600000 0.995062 0.099260 0.999775 -0.021218 1.471373 1.592016 0.099260 0.995062 -0.021218 0.999775 0.985251 394.100543 0.000000 0.906363 200.000000 0.906363 0.002439 0.975532 1.000000 46.440936 200.000000 46.440936 0.045020 18.008157 0.000000 1.242583 200.000000 1.242583 0.000005 0.002027 1.000000 0.147368 200.000000 0.147368
 12.800000 0.997692 0.067898 0.992377 0.123237 1.502846 1.447246 0.067898 0.997692 0.123237 0.992377 0.461011 184.404276 0.000000 0.906363 200.000000 0.906363 0.000533 0.213022 1.000000 46.440936 200.000000 46.440936 1.518727 607.490647 0.000000 1.242583 200.000000 1.242583 0.005811 2.324214 1.000000 0.147368 200.000000 0.147368
 13.000000 0.992368 0.123316 0.999595 -0.028442 1.447166 1.599242 0.123316 0.992368 -0.028442 0.999595 1.520674 608.269721 0.000000 0.906363 200.000000 0.906363 0.005826 2.330202 1.000000 46.440936 200.000000 46.440936 0.080892 32.356900 0.000000 1.242583 200.000000 1.242583 0.000016 0.006546 1.000000 0.147368 200.000000 0.147368
 13.200000 0.999372 0.035448 0.996459 -0.084083 1.535341 1.654979 0.035448 0.999372 -0.084083 0.996459 0.125658 50.263226 0.000000 0.906363 200.000000 0.906363 0.000039 0.015800 1.000000 46.440936 200.000000 46.440936 0.706999 282.799602 0.000000 1.242583 200.000000 1.242583 0.001254 0.501622 1.000000 0.147368 200.000000 0.147368
 13.400000 0.999758 -0.021996 0.998839 -0.048177 1.592794 1.618992 -0.021996 0.999758 -0.048177 0.998839 0.048382 19.352908 0.000000 0.906363 200.000000 0.906363 0.000006 0.002341 1.000000 46.440936 200.000000 46.440936 0.232100 92.839881 0.000000 1.242583 200.000000 1.242583 0.000135 0.053933 1.000000 0.147368 200.000000 0.147368
 13.600000 0.999538 0.030381 0.999970 0.007687 1.540411 1.563109 0.030381 0.999538 0.007687 0.999970 0.092298 36.919318 0.000000 0.906363 200.000000 0.906363 0.000021 0.008523 1.000000 46.440936 200.000000 46.440936 0.005909 2.363745 0.000000 1.242583 200.000000 1.242583 0.000000 0.000035 1.000000 0.147368 200.000000 0.147368
 13.800000 0.999688 0.024984 0.999796 -0.020217 1.545810 1.591015 0.024984 0.999688 -0.020217 0.999796 0.062420 24.968152 0.000000 0.906363 200.000000 0.906363 0.000010 0.003898 1.000000 46.440936 200.000000 46.440936 0.040873 16.349363 0.000000 1.242583 200.000000 1.242583 0.000004 0.001671 1.000000 0.147368 200.000000 0.147368
 14.000000 0.999099 0.042433 0.999432 0.033713 1.528351 1.537077 0.042433 0.999099 0.033713 0.999432 0.180052 72.020928 0.000000 0.906363 200.000000 0.906363 0.000081 0.032448 1.000000 46.440936 200.000000 46.440936 0.113653 45.461366 0.000000 1.242583 200.000000 1.242583 0.000032 0.012924 1.000000 0.147368 200.000000 0.147368
 14.200000 0.999982 0.005934 1.000000 0.000066 1.564862 1.570730 0.005934 0.999982 0.000066 1.000000 0.003521 1.408507 0.000000 0.906363 200.000000 0.906363 0.000000 0.000012 1.000000 46.440936 200.000000 46.440936 0.000000 0.000177 0.000000 1.242583 200.000000 1.242583 0.000000 0.000000 1.000000 0.147368 200.000000 0.147368
 14.400000 0.999492 -0.031871 0.999993 0.003692 1.602673 1.567104 -0.031871 0.999492 0.003692 0.999993 0.101578 40.631341 0.000000 0.906363 200.000000 0.906363 0.000026 0.010323 1.000000 46.440936 200.000000 46.440936 0.001363 0.545301 0.000000 1.242583 200.000000 1.242583 0.000000 0.000002 1.000000 0.147368 200.000000 0.147368
 14.600000 0.999522 0.030912 0.999664 0.025909 1.539879 1.544884 0.030912 0.999522 0.025909 0.999664 0.095556 38.222353 0.000000 0.906363 200.000000 0.906363 0.000023 0.009135 1.000000 46.440936 200.000000 46.440936 0.067128 26.851064 0.000000 1.242583 200.000000 1.242583 0.000011 0.004508 1.000000 0.147368 200.000000 0.147368
 14.800000 0.998145 0.060890 0.999706 -0.024255 1.509869 1.595054 0.060890 0.998145 -0.024255 0.999706 0.370753 148.301368 0.000000 0.906363 200.000000 0.906363 0.000344 0.137714 1.000000 46.440936 200.000000 46.440936 0.058830 23.532064 0.000000 1.242583 200.000000 1.242583 0.000009 0.003462 1.000000 0.147368 200.000000 0.147368
 15.000000 0.999982 0.005971 0.999943 -0.010648 1.564825 1.581444 0.005971 0.999982 -0.010648 0.999943 0.003566 1.426208 0.000000 0.906363 200.000000 0.906363 0.000000 0.000013 1.000000 46.440936 200.000000 46.440936 0.011338 4.535096 0.000000 1.242583 200.000000 1.242583 0.000000 0.000129 1.000000 0.147368 200.000000 0.147368
 15.200000 0.997588 0.069416 0.998225 -0.059562 1.501325 1.630394 0.069416 0.997588 -0.059562 0.998225 0.481856 192.742565 0.000000 0.906363 200.000000 0.906363 0.000582 0.232747 1.000000 46.440936 200.000000 46.440936 0.354768 141.907280 0.000000 1.242583 200.000000 1.242583 0.000315 0.126084 1.000000 0.147368 200.000000 0.147368
 15.400000 0.998273 -0.058743 0.998432 -0.055985 1.629573 1.626810 -0.058743 0.998273 -0.055985 0.998432 0.345075 138.030185 0.000000 0.906363 200.000000 0.906363 0.000298 0.119283 1.000000 46.440936 200.000000 46.440936 0.313429 125.371592 0.000000 1.242583 200.000000 1.242583 0.000246 0.098392 1.000000 0.147368 200.000000 0.147368
 15.600000 0.999789 -0.020552 0.998986 0.045031 1.591350 1.525750 -0.020552 0.999789 0.045031 0.998986 0.042239 16.895770 0.000000 0.906363 200.000000 0.906363 0.000004 0.001785 1.000000 46.440936 200.000000 46.440936 0.202780 81.112135 0.000000 1.242583 200.000000 1.242583 0.000103 0.041162 1.000000 0.147368 200.000000 0.147368
 15.800000 0.993209 0.116342 0.999267 0.038279 1.454190 1.532508 0.116342 0.993209 0.038279 0.999267 1.353552 541.420978 0.000000 0.906363 200.000000 0.906363 0.004612 1.844609 1.000000 46.440936 200.000000 46.440936 0.146530 58.612051 0.000000 1.242583 200.000000 1.242583 0.000054 0.021487 1.000000 0.147368 200.000000 0.147368
 16.000000 0.999928 -0.012003 0.997645 0.068595 1.582800 1.502147 -0.012003 0.999928 0.068595 0.997645 0.014407 5.762804 0.000000 0.906363 200.000000 0.906363 0.000001 0.000208 1.000000 46.440936 200.000000 46.440936 0.470529 188.211795 0.000000 1.242583 200.000000 1.242583 0.000555 0.221920 1.000000 0.147368 200.000000 0.147368
 16.200000 0.994866 0.101198 0.999237 -0.039066 1.469425 1.609872 0.101198 0.994866 -0.039066 0.999237 1.024105 409.641908 0.000000 0.906363 200.000000 0.906363 0.002635 1.054196 1.000000 46.440936 200.000000 46.440936 0.152615 61.045925 0.000000 1.242583 200.000000 1.242583 0.000058 0.023309 1.000000 0.147368 200.000000 0.147368
 16.400000 0.999783 0.020828 0.999989 0.004624 1.549967 1.566173 0.020828 0.999783 0.004624 0.999989 0.043379 17.351725 0.000000 0.906363 200.000000 0.906363 0.000005 0.001882 1.000000 46.440936 200.000000 46.440936 0.002138 0.855125 0.000000 1.242583 200.000000 1.242583 0.000000 0.000005 1.000000 0.147368 200.000000 0.147368
 16.600000 0.998256 0.059032 0.999851 0.017279 1.511730 1.553517 0.059032 0.998256 0.017279 0.999851 0.348473 139.389028 0.000000 0.906363 200.000000 0.906363 0.000304 0.121645 1.000000 46.440936 200.000000 46.440936 0.029855 11.942152 0.000000 1.242583 200.000000 1.242583 0.000002 0.000891 1.000000 0.147368 200.000000 0.147368
 16.800000 0.996954 0.077986 0.999985 -0.005517 1.492731 1.576313 0.077986 0.996954 -0.005517 0.999985 0.608183 243.273341 0.000000 0.906363 200.000000 0.906363 0.000928 0.371016 1.000000 46.440936 200.000000 46.440936 0.003044 1.217459 0.000000 1.242583 200.000000 1.242583 0.000000 0.000009 1.000000 0.147368 200.000000 0.147368
 17.000000 0.999397 0.034735 0.999924 0.012299 1.536054 1.558497 0.034735 0.999397 0.012299 0.999924 0.120651 48.260386 0.000000 0.906363 200.000000 0.906363 0.000036 0.014565 1.000000 46.440936 200.000000 46.440936 0.015126 6.050216 0.000000 1.242583 200.000000 1.242583 0.000001 0.000229 1.000000 0.147368 200.000000 0.147368
 17.200000 0.997993 0.063320 0.999076 -0.042979 1.507434 1.613789 0.063320 0.997993 -0.042979 0.999076 0.400938 160.375285 0.000000 0.906363 200.000000 0.906363 0.000403 0.161075 1.000000 46.440936 200.000000 46.440936 0.184723 73.889052 0.000000 1.242583 200.000000 1.242583 0.000085 0.034154 1.000000 0.147368 200.000000 0.147368
 17.400000 0.997139 0.075590 0.999999 0.001370 1.495134 1.569426 0.075590 0.997139 0.001370 0.999999 0.571383 228.553231 0.000000 0.906363 200.000000 0.906363 0.000819 0.327415 1.000000 46.440936 200.000000 46.440936 0.000188 0.075067 0.000000 1.242583 200.000000 1.242583 0.000000 0.000000 1.000000 0.147368 200.000000 0.147368
 17.600000 0.995287 0.096972 0.999902 -0.013968 1.473672 1.584765 0.096972 0.995287 -0.013968 0.999902 0.940359 376.143428 0.000000 0.906363 200.000000 0.906363 0.002221 0.888457 1.000000 46.440936 200.000000 46.440936 0.019512 7.804620 0.000000 1.242583 200.000000 1.242583 0.000001 0.000381 1.000000 0.147368 200.000000 0.147368
 17.800000 0.997270 0.073840 0.994757 0.102262 1.496889 1.468355 0.073840 0.997270 0.102262 0.994757 0.545231 218.092559 0.000000 0.906363 200.000000 0.906363 0.000745 0.298090 1.000000 46.440936 200.000000 46.440936 1.045761 418.304350 0.000000 1.242583 200.000000 1.242583 0.002748 1.099372 1.000000 0.147368 200.000000 0.147368
 18.000000 0.993516 0.113692 0.999909 0.013461 1.456858 1.557335 0.113692 0.993516 0.013461 0.999909 1.292584 517.033651 0.000000 0.906363 200.000000 0.906363 0.004204 1.681660 1.000000 46.440936 200.000000 46.440936 0.018119 7.247646 0.000000 1.242583 200.000000 1.242583 0.000001 0.000328 1.000000 0.147368 200.000000 0.147368
 18.200000 0.999718 -0.023760 0.999891 0.014773 1.594559 1.556023 -0.023760 0.999718 0.014773 0.999891 0.056454 22.581766 0.000000 0.906363 200.000000 0.906363 0.000008 0.003188 1.000000 46.440936 200.000000 46.440936 0.021825 8.729969 0.000000 1.242583 200.000000 1.242583 0.000001 0.000476 1.000000 0.147368 200.000000 0.147368
 18.400000 0.999187 0.040319 1.000000 -0.000020 1.530466 1.570816 0.040319 0.999187 -0.000020 1.000000 0.162563 65.025074 0.000000 0.906363 200.000000 0.906363 0.000066 0.026448 1.000000 46.440936 200.000000 46.440936 0.000000 0.000016 0.000000 1.242583 200.000000 1.242583 0.000000 0.000000 1.000000 0.147368 200.000000 0.147368
 18.600000 0.991705 0.128531 0.999936 0.011301 1.441908 1.559495 0.128531 0.991705 0.011301 0.999936 1.652034 660.813771 0.000000 0.906363 200.000000 0.906363 0.006880 2.751997 1.000000 46.440936 200.000000 46.440936 0.012771 5.108351 0.000000 1.242583 200.000000 1.242583 0.000000 0.000163 1.000000 0.147368 200.000000 0.147368
 18.800000 0.999810 0.019495 0.999650 -0.026448 1.551300 1.597248 0.019495 0.999810 -0.026448 0.999650 0.038006 15.202229 0.000000 0.906363 200.000000 0.906363 0.000004 0.001445 1.000000 46.440936 200.000000 46.440936 0.069952 27.980688 0.000000 1.242583 200.000000 1.242583 0.000012 0.004895 1.000000 0.147368 200.000000 0.147368
 19.000000 0.994357 0.106090 0.999721 -0.023615 1.464506 1.594414 0.106090 0.994357 -0.023615 0.999721 1.125514 450.205516 0.000000 0.906363 200.000000 0.906363 0.003185 1.273961 1.000000 46.440936 200.000000 46.440936 0.055767 22.306993 0.000000 1.242583 200.000000 1.242583 0.000008 0.003111 1.000000 0.147368 200.000000 0.147368
 19.200000 0.999974 0.007229 0.999391 0.034906 1.563568 1.535883 0.007229 0.999974 0.034906 0.999391 0.005225 2.090084 0.000000 0.906363 200.000000 0.906363 0.000000 0.000027 1.000000 46.440936 200.000000 46.440936 0.121845 48.738171 0.000000 1.242583 200.000000 1.242583 0.000037 0.014855 1.000000 0.147368 200.000000 0.147368
 19.400000 0.999863 0.016547 0.999406 0.034474 1.554248 1.536315 0.016547 0.999863 0.034474 0.999406 0.027382 10.952707 0.000000 0.906363 200.000000 0.906363 0.000002 0.000750 1.000000 46.440936 200.000000 46.440936 0.118847 47.538921 0.000000 1.242583 200.000000 1.242583 0.000035 0.014133 1.000000 0.147368 200.000000 0.147368
 19.600000 0.987540 0.157368 0.999692 0.024817 1.412772 1.545977 0.157368 0.987540 0.024817 0.999692 2.476460 990.583891 0.000000 0.906363 200.000000 0.906363 0.015525 6.209988 1.000000 46.440936 200.000000 46.440936 0.061588 24.635058 0.000000 1.242583 200.000000 1.242583 0.000009 0.003794 1.000000 0.147368 200.000000 0.147368
 19.800000 0.999759 -0.021957 0.999998 -0.001805 1.592755 1.572601 -0.021957 0.999759 -0.001805 0.999998 0.048213 19.285033 0.000000 0.906363 200.000000 0.906363 0.000006 0.002325 1.000000 46.440936 200.000000 46.440936 0.000326 0.130323 0.000000 1.242583 200.000000 1.242583 0.000000 0.000000 1.000000 0.147368 200.000000 0.147368
 20.000000 0.991611 0.129258 0.999990 0.004541 1.441176 1.566256 0.129258 0.991611 0.004541 0.999990 1.670761 668.304440 0.000000 0.906363 200.000000 0.906363 0.007038 2.815008 1.000000 46.440936 200.000000 46.440936 0.002062 0.824687 0.000000 1.242583 200.000000 1.242583 0.000000 0.000004 1.000000 0.147368 200.000000 0.147368
