#! FIELDS time sin_phi cos_phi sin_psi cos_psi phi psi cos_phi sin_phi cos_psi sin_psi restraint_phi_cos.bias restraint_phi_cos.force2 restraint_phi_cos.cos_phi_cntr restraint_phi_cos.cos_phi_work restraint_phi_cos.cos_phi_kappa restraint_phi_cos.work restraint_phi_sin.bias restraint_phi_sin.force2 restraint_phi_sin.sin_phi_cntr restraint_phi_sin.sin_phi_work restraint_phi_sin.sin_phi_kappa restraint_phi_sin.work restraint_psi_cos.bias restraint_psi_cos.force2 restraint_psi_cos.cos_psi_cntr restraint_psi_cos.cos_psi_work restraint_psi_cos.cos_psi_kappa restraint_psi_cos.work restraint_psi_sin.bias restraint_psi_sin.force2 restraint_psi_sin.sin_psi_cntr restraint_psi_sin.sin_psi_work restraint_psi_sin.sin_psi_kappa restraint_psi_sin.work
#! SET min_phi -pi
#! SET max_phi pi
#! SET min_psi -pi
#! SET max_psi pi
 0.000000 -0.999983 -0.005782 0.966116 0.258110 -1.576579 1.309731 -0.005782 -0.999983 0.258110 0.966116 0.000000 0.000000 -0.009747 0.000000 0.000000 0.000000 0.000000 0.000000 -0.999953 0.000000 0.000000 0.000000 0.000000 0.000000 0.256142 0.000000 0.000000 0.000000 0.000000 0.000000 0.966639 0.000000 0.000000 0.000000
 0.200000 -1.000000 -0.000266 0.834655 0.550773 -1.571062 0.987506 -0.000266 -1.000000 0.550773 0.834655 0.000899 0.035954 -0.009747 0.429322 20.000000 0.429322 0.000000 0.000001 -0.999953 0.008204 20.000000 0.008204 0.868072 34.722866 0.256142 0.437494 20.000000 0.437494 0.174198 6.967905 0.966639 0.079186 20.000000 0.079186
 0.400000 -0.998238 0.059333 0.982968 0.183778 -1.511428 1.385968 0.059333 -0.998238 0.183778 0.982968 0.095441 7.635246 -0.009747 0.576151 40.000000 0.576151 0.000059 0.004702 -0.999953 0.009175 40.000000 0.009175 0.104733 8.378618 0.256142 0.652620 40.000000 0.652620 0.005333 0.426605 0.966639 0.103852 40.000000 0.103852
 0.600000 -0.997905 0.064690 0.969721 0.244216 -1.506061 1.324085 0.064690 -0.997905 0.244216 0.969721 0.166224 19.946879 -0.009747 0.652738 60.000000 0.652738 0.000126 0.015086 -0.999953 0.009549 60.000000 0.009549 0.004267 0.512080 0.256142 0.812949 60.000000 0.812949 0.000285 0.034192 0.966639 0.126978 60.000000 0.126978
 0.800000 -0.999998 0.001894 0.948099 0.317975 -1.568902 1.247203 0.001894 -0.999998 0.317975 0.948099 0.005420 0.867200 -0.009747 0.745440 80.000000 0.745440 0.000000 0.000013 -0.999953 0.009931 80.000000 0.009931 0.152931 24.469032 0.256142 0.870396 80.000000 0.870396 0.013749 2.199883 0.966639 0.131256 80.000000 0.131256
 1.000000 -0.997905 -0.064690 0.983714 0.179740 -1.635531 1.390074 -0.064690 -0.997905 0.179740 0.983714 0.150938 30.187619 -0.009747 0.830208 100.000000 0.830208 0.000210 0.041905 -0.999953 0.010215 100.000000 0.010215 0.291867 58.373466 0.256142 0.906296 100.000000 0.906296 0.014578 2.915595 0.966639 0.133900 100.000000 0.133900
 1.200000 -0.998628 0.052357 0.985226 0.171262 -1.518415 1.398686 0.052357 -0.998628 0.171262 0.985226 0.231412 55.538994 -0.009747 0.926095 120.000000 0.926095 0.000105 0.025246 -0.999953 0.010633 120.000000 0.010633 0.432282 103.747643 0.256142 0.992025 120.000000 0.992025 0.020727 4.974582 0.966639 0.141240 120.000000 0.141240
 1.400000 -0.999098 0.042471 0.979939 0.199299 -1.528313 1.370154 0.042471 -0.999098 0.199299 0.979939 0.190866 53.442499 -0.009747 0.960898 140.000000 0.960898 0.000051 0.014321 -0.999953 0.010712 140.000000 0.010712 0.226180 63.330420 0.256142 1.092945 140.000000 1.092945 0.012382 3.466844 0.966639 0.149518 140.000000 0.149518
 1.600000 -0.999952 0.009779 0.961528 0.274706 -1.561018 1.292512 0.009779 -0.999952 0.274706 0.961528 0.030498 9.759450 -0.009747 1.007093 160.000000 1.007093 0.000000 0.000000 -0.999953 0.010845 160.000000 0.010845 0.027570 8.822428 0.256142 1.162447 160.000000 1.162447 0.002090 0.668714 0.966639 0.156254 160.000000 0.156254
 1.800000 -0.999816 -0.019191 0.970209 0.242271 -1.589988 1.326090 -0.019191 -0.999816 0.242271 0.970209 0.008027 2.889774 -0.009747 1.051966 180.000000 1.051966 0.000002 0.000605 -0.999953 0.010933 180.000000 0.010933 0.017316 6.233938 0.256142 1.193883 180.000000 1.193883 0.001147 0.412811 0.966639 0.158912 180.000000 0.158912
 2.000000 -0.987451 0.157923 0.943128 0.332430 -1.412209 1.231917 0.157923 -0.987451 0.332430 0.943128 2.811311 1124.524500 -0.009747 1.081900 200.000000 1.081900 0.015628 6.251093 -0.999953 0.011013 200.000000 0.011013 0.581986 232.794469 0.256142 1.219741 200.000000 1.219741 0.055278 22.111200 0.966639 0.161373 200.000000 0.161373
 2.200000 -0.994868 0.101185 0.951877 0.306480 -1.469438 1.259304 0.101185 -0.994868 0.306480 0.951877 0.837723 335.089022 0.009658 1.011938 200.000000 1.011938 0.434886 173.954471 -0.928922 0.479906 200.000000 0.479906 1.980115 792.046124 0.165763 1.440907 200.000000 1.440907 0.019244 7.697450 0.938005 0.275711 200.000000 0.275711
 2.400000 -0.998981 0.045124 0.981947 0.189159 -1.525657 1.380491 0.045124 -0.998981 0.189159 0.981947 0.025800 10.320179 0.029062 0.892407 200.000000 0.892407 1.990650 796.259904 -0.857891 1.958425 200.000000 1.958425 1.294461 517.784348 0.075384 1.805421 200.000000 1.805421 0.526722 210.688866 0.909371 0.638821 200.000000 0.638821
 2.600000 -0.998013 -0.063007 0.981644 0.190720 -1.633845 1.378900 -0.063007 -0.998013 0.190720 0.981644 1.242612 497.044966 0.048466 0.802650 200.000000 0.802650 4.458553 1783.421333 -0.786860 4.417561 200.000000 4.417561 4.231867 1692.746797 -0.014995 1.979204 200.000000 1.979204 1.018234 407.293714 0.880737 1.217796 200.000000 1.217796
 2.800000 -0.999394 0.034799 0.999027 -0.044092 -1.535990 1.614902 0.034799 -0.999394 -0.044092 0.999027 0.109366 43.746504 0.067870 0.686356 200.000000 0.686356 8.040901 3216.360520 -0.715829 7.868557 200.000000 7.868557 0.375551 150.220311 -0.105374 1.913535 200.000000 1.913535 2.158688 863.475340 0.852103 1.950988 200.000000 1.950988
 3.000000 -0.996595 0.082454 0.992981 -0.118277 -1.488248 1.689351 0.082454 -0.996595 -0.118277 0.992981 0.002323 0.929291 0.087274 0.479436 200.000000 0.479436 12.376052 4950.420606 -0.644799 12.266961 200.000000 12.266961 0.600254 240.101592 -0.195753 1.688599 200.000000 1.688599 2.873432 1149.372930 0.823469 2.787258 200.000000 2.787258
 3.200000 -0.985465 0.169878 0.954749 -0.297413 -1.400090 1.872778 0.169878 -0.985465 -0.297413 0.954749 0.399426 159.770272 0.106678 0.245770 200.000000 0.245770 16.949446 6779.778570 -0.573768 17.566820 200.000000 17.566820 0.012727 5.090738 -0.286132 0.951203 200.000000 0.951203 2.557258 1022.903400 0.794835 3.628491 200.000000 3.628491
 3.400000 -0.973317 0.229464 0.919367 -0.393400 -1.339270 1.975124 0.229464 -0.973317 -0.393400 0.919367 1.068768 427.507158 0.126082 -0.113787 200.000000 -0.113787 22.144555 8857.821926 -0.502737 23.746718 200.000000 23.746718 0.028526 11.410380 -0.376511 -0.217350 200.000000 -0.217350 2.346004 938.401780 0.766200 4.402840 200.000000 4.402840
 3.600000 -0.956925 0.290336 0.815280 -0.579067 -1.276218 2.188380 0.290336 -0.956925 -0.579067 0.815280 2.098139 839.255574 0.145487 -0.621051 200.000000 -0.621051 27.585424 11034.169436 -0.431706 30.749636 200.000000 30.749636 1.258367 503.346916 -0.466890 -1.456792 200.000000 -1.456792 0.603941 241.576542 0.737566 5.067831 200.000000 5.067831
 3.800000 -0.912706 0.408618 0.766822 -0.641860 -1.149857 2.267718 0.408618 -0.912706 -0.641860 0.766822 5.940284 2376.113642 0.164891 -1.344604 200.000000 -1.344604 30.473706 12189.482412 -0.360676 38.436746 200.000000 38.436746 0.715563 286.225116 -0.557269 -2.479549 200.000000 -2.479549 0.335121 134.048466 0.708932 5.619982 200.000000 5.619982
 4.000000 -0.850226 0.526418 0.724115 -0.689679 -1.016414 2.331842 0.526418 -0.850226 -0.689679 0.724115 11.704826 4681.930583 0.184295 -2.340751 200.000000 -2.340751 31.425102 12570.040782 -0.289645 46.593546 200.000000 46.593546 0.176659 70.663735 -0.647648 -3.275437 200.000000 -3.275437 0.191995 76.797862 0.680298 5.995168 200.000000 5.995168
 4.200000 -0.784899 0.619623 0.623690 -0.781672 -0.902533 2.468138 0.619623 -0.784899 -0.781672 0.623690 17.299320 6919.727995 0.203699 -3.647068 200.000000 -3.647068 32.067873 12827.149013 -0.218614 54.979751 200.000000 54.979751 0.190486 76.194553 -0.738027 -3.735402 200.000000 -3.735402 0.078255 31.301902 0.651664 6.152851 200.000000 6.152851
 4.400000 -0.694441 0.719550 0.653956 -0.756532 -0.767643 2.428790 0.719550 -0.694441 -0.756532 0.653956 24.645918 9858.367057 0.223103 -5.284227 200.000000 -5.284227 29.905323 11962.129162 -0.147583 63.305178 200.000000 63.305178 0.009048 3.619199 -0.766044 -3.672229 200.000000 -3.672229 0.012474 4.989563 0.642788 6.195024 200.000000 6.195024
 4.600000 -0.511340 0.859378 0.654384 -0.756162 -0.536744 2.428225 0.859378 -0.511340 -0.756162 0.654384 38.052994 15221.197732 0.242507 -7.468715 200.000000 -7.468715 18.904032 7561.612963 -0.076553 70.222811 200.000000 70.222811 0.009765 3.906177 -0.766044 -3.672229 200.000000 -3.672229 0.013448 5.379036 0.642788 6.195024 200.000000 6.195024
 4.800000 -0.263177 0.964748 0.703613 -0.710583 -0.266314 2.361123 0.964748 -0.263177 -0.710583 0.703613 49.397871 19759.148441 0.261911 -9.969822 200.000000 -9.969822 6.638624 2655.449725 -0.005522 75.800959 200.000000 75.800959 0.307597 123.038891 -0.766044 -3.672229 200.000000 -3.672229 0.369978 147.991040 0.642788 6.195024 200.000000 6.195024
 5.000000 0.048909 0.998803 0.612862 -0.790190 0.048929 2.481916 0.998803 0.048909 -0.790190 0.612862 51.478872 20591.548776 0.281315 -12.728209 200.000000 -12.728209 0.027555 11.021857 0.065509 78.180500 200.000000 78.180500 0.058302 23.320878 -0.766044 -3.672229 200.000000 -3.672229 0.089557 35.822712 0.642788 6.195024 200.000000 6.195024
 5.200000 0.094957 0.995481 0.714179 -0.699963 0.095101 2.346142 0.995481 0.094957 -0.699963 0.714179 48.269392 19307.756711 0.300720 -15.411279 200.000000 -15.411279 0.172908 69.163365 0.136540 77.245773 200.000000 77.245773 0.436673 174.669014 -0.766044 -3.672229 200.000000 -3.672229 0.509671 203.868497 0.642788 6.195024 200.000000 6.195024
 5.400000 0.457200 0.889364 0.735950 -0.677036 0.474844 2.314524 0.889364 0.457200 -0.677036 0.735950 32.403446 12961.378540 0.320124 -17.644663 200.000000 -17.644663 6.231493 2492.597239 0.207570 73.345144 200.000000 73.345144 0.792251 316.900256 -0.766044 -3.672229 200.000000 -3.672229 0.867922 347.168623 0.642788 6.195024 200.000000 6.195024
 5.600000 0.768573 0.639762 0.644539 -0.764571 0.876608 2.441172 0.639762 0.768573 -0.764571 0.644539 9.014036 3605.614343 0.339528 -19.166146 200.000000 -19.166146 24.007284 9602.913501 0.278601 67.120734 200.000000 67.120734 0.000217 0.086819 -0.766044 -3.672229 200.000000 -3.672229 0.000307 0.122735 0.642788 6.195024 200.000000 6.195024
 5.800000 0.787164 0.616744 0.635209 -0.772340 0.906197 2.453313 0.616744 0.787164 -0.772340 0.635209 6.646707 2658.682808 0.358932 -20.379007 200.000000 -20.379007 19.143419 7657.367619 0.349632 60.975779 200.000000 60.975779 0.003964 1.585468 -0.766044 -3.672229 200.000000 -3.672229 0.005743 2.297353 0.642788 6.195024 200.000000 6.195024
 6.000000 0.808898 0.587950 0.693484 -0.720472 0.942275 2.375279 0.587950 0.808898 -0.720472 0.693484 4.393779 1757.511707 0.378336 -21.404468 200.000000 -21.404468 15.072644 6029.057646 0.420663 55.491998 200.000000 55.491998 0.207684 83.073622 -0.766044 -3.672229 200.000000 -3.672229 0.257012 102.804749 0.642788 6.195024 200.000000 6.195024
 6.200000 0.816728 0.577023 0.546761 -0.837289 0.955718 2.563102 0.577023 0.816728 -0.837289 0.546761 3.214220 1285.687933 0.397740 -22.175311 200.000000 -22.175311 10.564761 4225.904571 0.491693 50.515817 200.000000 50.515817 0.507573 203.029397 -0.766044 -3.672229 200.000000 -3.672229 0.922108 368.843336 0.642788 6.195024 200.000000 6.195024
 6.400000 0.828599 0.559842 0.566701 -0.823924 0.976601 2.539096 0.559842 0.828599 -0.823924 0.566701 2.036264 814.505441 0.417144 -22.870998 200.000000 -22.870998 7.068965 2827.585941 0.562724 46.529319 200.000000 46.529319 0.334999 133.999708 -0.766044 -3.672229 200.000000 -3.672229 0.578918 231.567229 0.642788 6.195024 200.000000 6.195024
 6.600000 0.816739 0.577008 0.691069 -0.722789 0.955736 2.378626 0.577008 0.816739 -0.722789 0.691069 1.972884 789.153569 0.436548 -23.333925 200.000000 -23.333925 3.348305 1339.321989 0.633755 43.150103 200.000000 43.150103 0.187101 74.840530 -0.766044 -3.672229 200.000000 -3.672229 0.233105 93.241925 0.642788 6.195024 200.000000 6.195024
 6.800000 0.875760 0.482746 0.628486 -0.777821 1.067009 2.461987 0.482746 0.875760 -0.777821 0.628486 0.071788 28.715337 0.455953 -23.601469 200.000000 -23.601469 2.923239 1169.295789 0.704786 40.512388 200.000000 40.512388 0.013868 5.547355 -0.766044 -3.672229 200.000000 -3.672229 0.020453 8.181382 0.642788 6.195024 200.000000 6.195024
 7.000000 0.838674 0.544634 0.519219 -0.854641 0.994843 2.595656 0.544634 0.838674 -0.854641 0.519219 0.479937 191.974711 0.475357 -23.802004 200.000000 -23.802004 0.395105 158.041840 0.775816 38.904010 200.000000 38.904010 0.784943 313.977069 -0.766044 -3.672229 200.000000 -3.672229 1.526928 610.771384 0.642788 6.195024 200.000000 6.195024
 7.200000 0.874008 0.485912 0.589432 -0.807818 1.063391 2.511237 0.485912 0.874008 -0.807818 0.589432 0.007831 3.132435 0.494761 -23.838461 200.000000 -23.838461 0.073771 29.508566 0.846847 38.100198 200.000000 38.100198 0.174502 69.800839 -0.766044 -3.672229 200.000000 -3.672229 0.284681 113.872222 0.642788 6.195024 200.000000 6.195024
 7.400000 0.903871 0.427805 0.696366 -0.717687 1.128734 2.371271 0.427805 0.903871 -0.717687 0.696366 0.521219 208.487410 0.500000 -23.808361 200.000000 -23.808361 0.143231 57.292396 0.866025 38.002093 200.000000 38.002093 0.233844 93.537638 -0.766044 -3.672229 200.000000 -3.672229 0.287062 114.824968 0.642788 6.195024 200.000000 6.195024
 7.600000 0.857311 0.514800 0.653917 -0.756566 1.030023 2.428842 0.514800 0.857311 -0.756566 0.653917 0.021903 8.761036 0.500000 -23.808361 200.000000 -23.808361 0.007595 3.037918 0.866025 38.002093 200.000000 38.002093 0.008984 3.593546 -0.766044 -3.672229 200.000000 -3.672229 0.012387 4.954715 0.642788 6.195024 200.000000 6.195024
 7.800000 0.897455 0.441107 0.586657 -0.809836 1.113965 2.514669 0.441107 0.897455 -0.809836 0.586657 0.346843 138.737142 0.500000 -23.808361 200.000000 -23.808361 0.098780 39.512025 0.866025 38.002093 200.000000 38.002093 0.191769 76.707444 -0.766044 -3.672229 200.000000 -3.672229 0.315069 126.027793 0.642788 6.195024 200.000000 6.195024
 8.000000 0.883004 0.469366 0.645298 -0.763931 1.082224 2.440179 0.469366 0.883004 -0.763931 0.645298 0.093843 37.537352 0.500000 -23.808361 200.000000 -23.808361 0.028826 11.530424 0.866025 38.002093 200.000000 38.002093 0.000447 0.178660 -0.766044 -3.672229 200.000000 -3.672229 0.000630 0.252061 0.642788 6.195024 200.000000 6.195024
 8.200000 0.882643 0.470043 0.584878 -0.811121 1.081456 2.516863 0.470043 0.882643 -0.811121 0.584878 0.089740 35.896041 0.500000 -23.808361 200.000000 -23.808361 0.027616 11.046221 0.866025 38.002093 200.000000 38.002093 0.203191 81.276584 -0.766044 -3.672229 200.000000 -3.672229 0.335351 134.140466 0.642788 6.195024 200.000000 6.195024
 8.400000 0.886501 0.462727 0.635062 -0.772461 1.089727 2.453504 0.462727 0.886501 -0.772461 0.635062 0.138927 55.570886 0.500000 -23.808361 200.000000 -23.808361 0.041924 16.769675 0.866025 38.002093 200.000000 38.002093 0.004117 1.646919 -0.766044 -3.672229 200.000000 -3.672229 0.005968 2.387320 0.642788 6.195024 200.000000 6.195024
 8.600000 0.872662 0.488326 0.623237 -0.782033 1.060626 2.468717 0.488326 0.872662 -0.782033 0.623237 0.013629 5.451745 0.500000 -23.808361 200.000000 -23.808361 0.004404 1.761541 0.866025 38.002093 200.000000 38.002093 0.025562 10.224980 -0.766044 -3.672229 200.000000 -3.672229 0.038221 15.288438 0.642788 6.195024 200.000000 6.195024
 8.800000 0.883022 0.469331 0.618073 -0.786121 1.082263 2.475304 0.469331 0.883022 -0.786121 0.618073 0.094057 37.622888 0.500000 -23.808361 200.000000 -23.808361 0.028889 11.555622 0.866025 38.002093 200.000000 38.002093 0.040307 16.122662 -0.766044 -3.672229 200.000000 -3.672229 0.061083 24.433113 0.642788 6.195024 200.000000 6.195024
 9.000000 0.834188 0.551480 0.632384 -0.774655 0.986658 2.456966 0.551480 0.834188 -0.774655 0.632384 0.265023 106.009251 0.500000 -23.808361 200.000000 -23.808361 0.101363 40.545189 0.866025 38.002093 200.000000 38.002093 0.007414 2.965664 -0.766044 -3.672229 200.000000 -3.672229 0.010823 4.329328 0.642788 6.195024 200.000000 6.195024
 9.200000 0.885246 0.465123 0.606492 -0.795089 1.087023 2.489951 0.465123 0.885246 -0.795089 0.606492 0.121640 48.655920 0.500000 -23.808361 200.000000 -23.808361 0.036943 14.777269 0.866025 38.002093 200.000000 38.002093 0.084360 33.744077 -0.766044 -3.672229 200.000000 -3.672229 0.131734 52.693635 0.642788 6.195024 200.000000 6.195024
 9.400000 0.892601 0.450847 0.589646 -0.807662 1.103083 2.510972 0.450847 0.892601 -0.807662 0.589646 0.241606 96.642544 0.500000 -23.808361 200.000000 -23.808361 0.070629 28.251518 0.866025 38.002093 200.000000 38.002093 0.173198 69.279237 -0.766044 -3.672229 200.000000 -3.672229 0.282399 112.959544 0.642788 6.195024 200.000000 6.195024
 9.600000 0.890162 0.455643 0.566226 -0.824250 1.097702 2.539673 0.455643 0.890162 -0.824250 0.566226 0.196753 78.701035 0.500000 -23.808361 200.000000 -23.808361 0.058260 23.303976 0.866025 38.002093 200.000000 38.002093 0.338791 135.516551 -0.766044 -3.672229 200.000000 -3.672229 0.586172 234.468972 0.642788 6.195024 200.000000 6.195024
 9.800000 0.929290 0.369352 0.623243 -0.782028 1.192485 2.468710 0.369352 0.929290 -0.782028 0.623243 1.706893 682.757132 0.500000 -23.808361 200.000000 -23.808361 0.400236 160.094395 0.866025 38.002093 200.000000 38.002093 0.025548 10.219071 -0.766044 -3.672229 200.000000 -3.672229 0.038198 15.279371 0.642788 6.195024 200.000000 6.195024
 10.000000 0.862199 0.506570 0.654361 -0.756182 1.039594 2.428255 0.506570 0.862199 -0.756182 0.654361 0.004317 1.726647 0.500000 -23.808361 200.000000 -23.808361 0.001464 0.585722 0.866025 38.002093 200.000000 38.002093 0.009727 3.890602 -0.766044 -3.672229 200.000000 -3.672229 0.013395 5.357915 0.642788 6.195024 200.000000 6.195024
 10.200000 0.870838 0.491570 0.679742 -0.733451 1.056905 2.394181 0.491570 0.870838 -0.733451 0.679742 0.007107 2.842853 0.500000 -23.808361 200.000000 -23.808361 0.002316 0.926551 0.866025 38.002093 200.000000 38.002093 0.106234 42.493531 -0.766044 -3.672229 200.000000 -3.672229 0.136566 54.626325 0.642788 6.195024 200.000000 6.195024
 10.400000 0.888682 0.458524 0.563095 -0.826392 1.094463 2.543466 0.458524 0.888682 -0.826392 0.563095 0.172027 68.810957 0.500000 -23.808361 200.000000 -23.808361 0.051333 20.533072 0.866025 38.002093 200.000000 38.002093 0.364182 145.672765 -0.766044 -3.672229 200.000000 -3.672229 0.635086 254.034219 0.642788 6.195024 200.000000 6.195024
 10.600000 0.874840 0.484412 0.665203 -0.746663 1.065105 2.413827 0.484412 0.874840 -0.746663 0.665203 0.024298 9.719107 0.500000 -23.808361 200.000000 -23.808361 0.007769 3.107779 0.866025 38.002093 200.000000 38.002093 0.037565 15.025954 -0.766044 -3.672229 200.000000 -3.672229 0.050244 20.097532 0.642788 6.195024 200.000000 6.195024
 10.800000 0.897697 0.440614 0.662802 -0.748795 1.114514 2.417038 0.440614 0.897697 -0.748795 0.662802 0.352675 141.070049 0.500000 -23.808361 200.000000 -23.808361 0.100308 40.123320 0.866025 38.002093 200.000000 38.002093 0.029756 11.902267 -0.766044 -3.672229 200.000000 -3.672229 0.040058 16.023200 0.642788 6.195024 200.000000 6.195024
 11.000000 0.846248 0.532789 0.606324 -0.795218 1.008903 2.490163 0.532789 0.846248 -0.795218 0.606324 0.107513 43.005146 0.500000 -23.808361 200.000000 -23.808361 0.039114 15.645791 0.866025 38.002093 200.000000 38.002093 0.085108 34.043104 -0.766044 -3.672229 200.000000 -3.672229 0.132959 53.183666 0.642788 6.195024 200.000000 6.195024
 11.200000 0.857478 0.514521 0.539444 -0.842021 1.030348 2.571816 0.514521 0.857478 -0.842021 0.539444 0.021085 8.434155 0.500000 -23.808361 200.000000 -23.808361 0.007306 2.922397 0.866025 38.002093 200.000000 38.002093 0.577249 230.899568 -0.766044 -3.672229 200.000000 -3.672229 1.067986 427.194303 0.642788 6.195024 200.000000 6.195024
 11.400000 0.882086 0.471089 0.630146 -0.776477 1.080272 2.459851 0.471089 0.882086 -0.776477 0.630146 0.083587 33.434922 0.500000 -23.808361 200.000000 -23.808361 0.025794 10.317626 0.866025 38.002093 200.000000 38.002093 0.010883 4.353116 -0.766044 -3.672229 200.000000 -3.672229 0.015981 6.392205 0.642788 6.195024 200.000000 6.195024
 11.600000 0.865497 0.500915 0.647935 -0.761695 1.046141 2.436722 0.500915 0.865497 -0.761695 0.647935 0.000084 0.033476 0.500000 -23.808361 200.000000 -23.808361 0.000028 0.011186 0.866025 38.002093 200.000000 38.002093 0.001892 0.756616 -0.766044 -3.672229 200.000000 -3.672229 0.002650 1.060005 0.642788 6.195024 200.000000 6.195024
 11.800000 0.879078 0.476677 0.618469 -0.785809 1.073925 2.474799 0.476677 0.879078 -0.785809 0.618469 0.054395 21.757875 0.500000 -23.808361 200.000000 -23.808361 0.017038 6.815162 0.866025 38.002093 200.000000 38.002093 0.039064 15.625480 -0.766044 -3.672229 200.000000 -3.672229 0.059138 23.655257 0.642788 6.195024 200.000000 6.195024
 12.000000 0.888001 0.459842 0.622495 -0.782623 1.092979 2.469665 0.459842 0.888001 -0.782623 0.622495 0.161265 64.506178 0.500000 -23.808361 200.000000 -23.808361 0.048291 19.316518 0.866025 38.002093 200.000000 38.002093 0.027486 10.994451 -0.766044 -3.672229 200.000000 -3.672229 0.041177 16.470800 0.642788 6.195024 200.000000 6.195024
 12.200000 0.900606 0.434636 0.646009 -0.763329 1.121162 2.439248 0.434636 0.900606 -0.763329 0.646009 0.427244 170.897438 0.500000 -23.808361 200.000000 -23.808361 0.119583 47.833120 0.866025 38.002093 200.000000 38.002093 0.000737 0.294854 -0.766044 -3.672229 200.000000 -3.672229 0.001038 0.415208 0.642788 6.195024 200.000000 6.195024
 12.400000 0.892467 0.451113 0.681363 -0.731945 1.102784 2.391969 0.451113 0.892467 -0.731945 0.681363 0.238992 95.596807 0.500000 -23.808361 200.000000 -23.808361 0.069914 27.965779 0.866025 38.002093 200.000000 38.002093 0.116274 46.509657 -0.766044 -3.672229 200.000000 -3.672229 0.148808 59.523160 0.642788 6.195024 200.000000 6.195024
 12.600000 0.887528 0.460753 0.602378 -0.798211 1.091953 2.495116 0.460753 0.887528 -0.798211 0.602378 0.154031 61.612395 0.500000 -23.808361 200.000000 -23.808361 0.046237 18.494971 0.866025 38.002093 200.000000 38.002093 0.103471 41.388329 -0.766044 -3.672229 200.000000 -3.672229 0.163297 65.318998 0.642788 6.195024 200.000000 6.195024
 12.800000 0.873594 0.486656 0.627239 -0.778827 1.062538 2.463590 0.486656 0.873594 -0.778827 0.627239 0.017806 7.122281 0.500000 -23.808361 200.000000 -23.808361 0.005728 2.291092 0.866025 38.002093 200.000000 38.002093 0.016340 6.535809 -0.766044 -3.672229 200.000000 -3.672229 0.024177 9.670716 0.642788 6.195024 200.000000 6.195024
 13.000000 0.869061 0.494705 0.641362 -0.767239 1.053301 2.445321 0.494705 0.869061 -0.767239 0.641362 0.002804 1.121480 0.500000 -23.808361 200.000000 -23.808361 0.000921 0.368585 0.866025 38.002093 200.000000 38.002093 0.000143 0.057062 -0.766044 -3.672229 200.000000 -3.672229 0.000203 0.081350 0.642788 6.195024 200.000000 6.195024
 13.200000 0.877997 0.478667 0.611207 -0.791470 1.071661 2.484007 0.478667 0.877997 -0.791470 0.611207 0.045512 18.204616 0.500000 -23.808361 200.000000 -23.808361 0.014331 5.732539 0.866025 38.002093 200.000000 38.002093 0.064648 25.859269 -0.766044 -3.672229 200.000000 -3.672229 0.099731 39.892295 0.642788 6.195024 200.000000 6.195024
 13.400000 0.842731 0.538334 0.565269 -0.824906 1.002337 2.540833 0.538334 0.842731 -0.824906 0.565269 0.146951 58.780243 0.500000 -23.808361 200.000000 -23.808361 0.054261 21.704265 0.866025 38.002093 200.000000 38.002093 0.346472 138.588800 -0.766044 -3.672229 200.000000 -3.672229 0.600906 240.362495 0.642788 6.195024 200.000000 6.195024
 13.600000 0.894490 0.447087 0.668270 -0.743919 1.107290 2.409712 0.447087 0.894490 -0.743919 0.668270 0.279976 111.990429 0.500000 -23.808361 200.000000 -23.808361 0.081025 32.410150 0.866025 38.002093 200.000000 38.002093 0.048953 19.581057 -0.766044 -3.672229 200.000000 -3.672229 0.064933 25.973223 0.642788 6.195024 200.000000 6.195024
 13.800000 0.892490 0.451068 0.621021 -0.783794 1.102835 2.471548 0.451068 0.892490 -0.783794 0.621021 0.239433 95.773197 0.500000 -23.808361 200.000000 -23.808361 0.070035 28.013999 0.866025 38.002093 200.000000 38.002093 0.031504 12.601690 -0.766044 -3.672229 200.000000 -3.672229 0.047378 18.951296 0.642788 6.195024 200.000000 6.195024
 14.000000 0.830765 0.556623 0.607547 -0.794284 0.980481 2.488624 0.556623 0.830765 -0.794284 0.607547 0.320619 128.247515 0.500000 -23.808361 200.000000 -23.808361 0.124329 49.731644 0.866025 38.002093 200.000000 38.002093 0.079747 31.898904 -0.766044 -3.672229 200.000000 -3.672229 0.124193 49.677022 0.642788 6.195024 200.000000 6.195024
 14.200000 0.809148 0.587605 0.627852 -0.778333 0.942700 2.462802 0.587605 0.809148 -0.778333 0.627852 0.767467 306.986908 0.500000 -23.808361 200.000000 -23.808361 0.323506 129.402597 0.866025 38.002093 200.000000 38.002093 0.015100 6.040057 -0.766044 -3.672229 200.000000 -3.672229 0.022307 8.922836 0.642788 6.195024 200.000000 6.195024
 14.400000 0.874362 0.485274 0.690642 -0.723197 1.064119 2.379216 0.485274 0.874362 -0.723197 0.690642 0.021684 8.673743 0.500000 -23.808361 200.000000 -23.808361 0.006950 2.779900 0.866025 38.002093 200.000000 38.002093 0.183592 73.436780 -0.766044 -3.672229 200.000000 -3.672229 0.229004 91.601704 0.642788 6.195024 200.000000 6.195024
 14.600000 0.837729 0.546086 0.639202 -0.769039 0.993112 2.448132 0.546086 0.837729 -0.769039 0.639202 0.212391 84.956212 0.500000 -23.808361 200.000000 -23.808361 0.080067 32.026959 0.866025 38.002093 200.000000 38.002093 0.000896 0.358597 -0.766044 -3.672229 200.000000 -3.672229 0.001285 0.514164 0.642788 6.195024 200.000000 6.195024
 14.800000 0.846905 0.531744 0.585926 -0.810365 1.010137 2.515570 0.531744 0.846905 -0.810365 0.585926 0.100770 40.308033 0.500000 -23.808361 200.000000 -23.808361 0.036559 14.623669 0.866025 38.002093 200.000000 38.002093 0.196428 78.571104 -0.766044 -3.672229 200.000000 -3.672229 0.323325 129.330040 0.642788 6.195024 200.000000 6.195024
 15.000000 0.862178 0.506605 0.663204 -0.748439 1.039554 2.416502 0.506605 0.862178 -0.748439 0.663204 0.004363 1.745130 0.500000 -23.808361 200.000000 -23.808361 0.001480 0.592047 0.866025 38.002093 200.000000 38.002093 0.030995 12.398080 -0.766044 -3.672229 200.000000 -3.672229 0.041681 16.672585 0.642788 6.195024 200.000000 6.195024
 15.200000 0.865749 0.500478 0.613364 -0.789800 1.046645 2.481279 0.500478 0.865749 -0.789800 0.613364 0.000023 0.009140 0.500000 -23.808361 200.000000 -23.808361 0.000008 0.003051 0.866025 38.002093 200.000000 38.002093 0.056433 22.573129 -0.766044 -3.672229 200.000000 -3.672229 0.086572 34.628983 0.642788 6.195024 200.000000 6.195024
 15.400000 0.857855 0.513892 0.642139 -0.766588 1.031081 2.444308 0.513892 0.857855 -0.766588 0.642139 0.019298 7.719350 0.500000 -23.808361 200.000000 -23.808361 0.006676 2.670237 0.866025 38.002093 200.000000 38.002093 0.000030 0.011839 -0.766044 -3.672229 200.000000 -3.672229 0.000042 0.016844 0.642788 6.195024 200.000000 6.195024
 15.600000 0.847219 0.531244 0.585507 -0.810667 1.010728 2.516087 0.531244 0.847219 -0.810667 0.585507 0.097621 39.048448 0.500000 -23.808361 200.000000 -23.808361 0.035369 14.147787 0.866025 38.002093 200.000000 38.002093 0.199119 79.647450 -0.766044 -3.672229 200.000000 -3.672229 0.328104 131.241478 0.642788 6.195024 200.000000 6.195024
 15.800000 0.835806 0.549025 0.683853 -0.729620 0.989599 2.388562 0.549025 0.835806 -0.729620 0.683853 0.240342 96.136726 0.500000 -23.808361 200.000000 -23.808361 0.091320 36.528143 0.866025 38.002093 200.000000 38.002093 0.132674 53.069573 -0.766044 -3.672229 200.000000 -3.672229 0.168635 67.453968 0.642788 6.195024 200.000000 6.195024
 16.000000 0.844421 0.535680 0.623379 -0.781920 1.005483 2.468536 0.535680 0.844421 -0.781920 0.623379 0.127310 50.923864 0.500000 -23.808361 200.000000 -23.808361 0.046676 18.670421 0.866025 38.002093 200.000000 38.002093 0.025203 10.081156 -0.766044 -3.672229 200.000000 -3.672229 0.037670 15.067824 0.642788 6.195024 200.000000 6.195024
 16.200000 0.851990 0.523558 0.610956 -0.791664 1.019775 2.484325 0.523558 0.851990 -0.791664 0.610956 0.055497 22.198825 0.500000 -23.808361 200.000000 -23.808361 0.019699 7.879535 0.866025 38.002093 200.000000 38.002093 0.065637 26.254935 -0.766044 -3.672229 200.000000 -3.672229 0.101322 40.528978 0.642788 6.195024 200.000000 6.195024
 16.400000 0.883211 0.468977 0.651575 -0.758584 1.082664 2.431934 0.468977 0.883211 -0.758584 0.651575 0.096244 38.497738 0.500000 -23.808361 200.000000 -23.808361 0.029533 11.813134 0.866025 38.002093 200.000000 38.002093 0.005566 2.226258 -0.766044 -3.672229 200.000000 -3.672229 0.007722 3.088812 0.642788 6.195024 200.000000 6.195024
 16.600000 0.891425 0.453167 0.650701 -0.759334 1.100481 2.433085 0.453167 0.891425 -0.759334 0.650701 0.219329 87.731659 0.500000 -23.808361 200.000000 -23.808361 0.064516 25.806455 0.866025 38.002093 200.000000 38.002093 0.004503 1.801229 -0.766044 -3.672229 200.000000 -3.672229 0.006262 2.504948 0.642788 6.195024 200.000000 6.195024
 16.800000 0.879877 0.475201 0.618328 -0.785920 1.075604 2.474980 0.475201 0.879877 -0.785920 0.618328 0.061501 24.600274 0.500000 -23.808361 200.000000 -23.808361 0.019188 7.675166 0.866025 38.002093 200.000000 38.002093 0.039505 15.802091 -0.766044 -3.672229 200.000000 -3.672229 0.059829 23.931432 0.642788 6.195024 200.000000 6.195024
 17.000000 0.873594 0.486655 0.547267 -0.836958 1.062540 2.562498 0.486655 0.873594 -0.836958 0.547267 0.017808 7.123397 0.500000 -23.808361 200.000000 -23.808361 0.005729 2.291445 0.866025 38.002093 200.000000 38.002093 0.502877 201.150986 -0.766044 -3.672229 200.000000 -3.672229 0.912425 364.969988 0.642788 6.195024 200.000000 6.195024
 17.200000 0.877826 0.478980 0.653011 -0.757348 1.071304 2.430039 0.478980 0.877826 -0.757348 0.653011 0.044185 17.673916 0.500000 -23.808361 200.000000 -23.808361 0.013925 5.570079 0.866025 38.002093 200.000000 38.002093 0.007562 3.024822 -0.766044 -3.672229 200.000000 -3.672229 0.010452 4.180697 0.642788 6.195024 200.000000 6.195024
 17.400000 0.858943 0.512071 0.661171 -0.750235 1.033203 2.419214 0.512071 0.858943 -0.750235 0.661171 0.014570 5.827992 0.500000 -23.808361 200.000000 -23.808361 0.005016 2.006218 0.866025 38.002093 200.000000 38.002093 0.024994 9.997739 -0.766044 -3.672229 200.000000 -3.672229 0.033797 13.518617 0.642788 6.195024 200.000000 6.195024
 17.600000 0.898642 0.438682 0.617223 -0.786788 1.116664 2.476385 0.438682 0.898642 -0.786788 0.617223 0.375984 150.393586 0.500000 -23.808361 200.000000 -23.808361 0.106385 42.554053 0.866025 38.002093 200.000000 38.002093 0.043031 17.212388 -0.766044 -3.672229 200.000000 -3.672229 0.065356 26.142203 0.642788 6.195024 200.000000 6.195024
 17.800000 0.886225 0.463256 0.576327 -0.817219 1.089131 2.527365 0.463256 0.886225 -0.817219 0.576327 0.135013 54.005351 0.500000 -23.808361 200.000000 -23.808361 0.040801 16.320293 0.866025 38.002093 200.000000 38.002093 0.261885 104.753822 -0.766044 -3.672229 200.000000 -3.672229 0.441700 176.679901 0.642788 6.195024 200.000000 6.195024
 18.000000 0.884715 0.466132 0.650419 -0.759576 1.085882 2.433457 0.466132 0.884715 -0.759576 0.650419 0.114702 45.880790 0.500000 -23.808361 200.000000 -23.808361 0.034930 13.972065 0.866025 38.002093 200.000000 38.002093 0.004184 1.673774 -0.766044 -3.672229 200.000000 -3.672229 0.005824 2.329453 0.642788 6.195024 200.000000 6.195024
 18.200000 0.927679 0.373379 0.637182 -0.770714 1.188147 2.450757 0.373379 0.927679 -0.770714 0.637182 1.603284 641.313750 0.500000 -23.808361 200.000000 -23.808361 0.380115 152.045827 0.866025 38.002093 200.000000 38.002093 0.002180 0.872019 -0.766044 -3.672229 200.000000 -3.672229 0.003143 1.257007 0.642788 6.195024 200.000000 6.195024
 18.400000 0.856266 0.516535 0.637649 -0.770327 1.027996 2.450150 0.516535 0.856266 -0.770327 0.637649 0.027342 10.936831 0.500000 -23.808361 200.000000 -23.808361 0.009525 3.809986 0.866025 38.002093 200.000000 38.002093 0.001834 0.733527 -0.766044 -3.672229 200.000000 -3.672229 0.002640 1.056069 0.642788 6.195024 200.000000 6.195024
 18.600000 0.870755 0.491717 0.597201 -0.802092 1.056736 2.501586 0.491717 0.870755 -0.802092 0.597201 0.006861 2.744250 0.500000 -23.808361 200.000000 -23.808361 0.002237 0.894766 0.866025 38.002093 200.000000 38.002093 0.129941 51.976342 -0.766044 -3.672229 200.000000 -3.672229 0.207816 83.126215 0.642788 6.195024 200.000000 6.195024
 18.800000 0.886242 0.463222 0.555295 -0.831653 1.089169 2.552874 0.463222 0.886242 -0.831653 0.555295 0.135265 54.106069 0.500000 -23.808361 200.000000 -23.808361 0.040873 16.349233 0.866025 38.002093 200.000000 38.002093 0.430450 172.180042 -0.766044 -3.672229 200.000000 -3.672229 0.765488 306.195003 0.642788 6.195024 200.000000 6.195024
 19.000000 0.891735 0.452558 0.689710 -0.724085 1.101165 2.380504 0.452558 0.891735 -0.724085 0.689710 0.225075 90.030178 0.500000 -23.808361 200.000000 -23.808361 0.066098 26.439394 0.866025 38.002093 200.000000 38.002093 0.176055 70.422130 -0.766044 -3.672229 200.000000 -3.672229 0.220173 88.069274 0.642788 6.195024 200.000000 6.195024
 19.200000 0.887528 0.460754 0.527887 -0.849315 1.091952 2.585482 0.460754 0.887528 -0.849315 0.527887 0.154024 61.609676 0.500000 -23.808361 200.000000 -23.808361 0.046235 18.494197 0.866025 38.002093 200.000000 38.002093 0.693395 277.357913 -0.766044 -3.672229 200.000000 -3.672229 1.320221 528.088340 0.642788 6.195024 200.000000 6.195024
 19.400000 0.885406 0.464819 0.694774 -0.719228 1.087366 2.373487 0.464819 0.885406 -0.719228 0.694774 0.123771 49.508209 0.500000 -23.808361 200.000000 -23.808361 0.037560 15.023902 0.866025 38.002093 200.000000 38.002093 0.219177 87.670737 -0.766044 -3.672229 200.000000 -3.672229 0.270259 108.103406 0.642788 6.195024 200.000000 6.195024
 19.600000 0.874502 0.485022 0.587868 -0.808957 1.064408 2.513172 0.485022 0.874502 -0.808957 0.587868 0.022433 8.973236 0.500000 -23.808361 200.000000 -23.808361 0.007185 2.873953 0.866025 38.002093 200.000000 38.002093 0.184149 73.659652 -0.766044 -3.672229 200.000000 -3.672229 0.301619 120.647604 0.642788 6.195024 200.000000 6.195024
 19.800000 0.897599 0.440813 0.586786 -0.809742 1.114292 2.514509 0.440813 0.897599 -0.809742 0.586786 0.350312 140.124929 0.500000 -23.808361 200.000000 -23.808361 0.099690 39.875820 0.866025 38.002093 200.000000 38.002093 0.190947 76.378884 -0.766044 -3.672229 200.000000 -3.672229 0.313616 125.446582 0.642788 6.195024 200.000000 6.195024
 20.000000 0.905259 0.424859 0.586225 -0.810149 1.131990 2.515202 0.424859 0.905259 -0.810149 0.586225 0.564611 225.844557 0.500000 -23.808361 200.000000 -23.808361 0.153930 61.572141 0.866025 38.002093 200.000000 38.002093 0.194518 77.807012 -0.766044 -3.672229 200.000000 -3.672229 0.319938 127.975005 0.642788 6.195024 200.000000 6.195024
