#! FIELDS time sin_phi cos_phi sin_psi cos_psi phi psi cos_phi sin_phi cos_psi sin_psi restraint_phi_cos.bias restraint_phi_cos.force2 restraint_phi_cos.cos_phi_cntr restraint_phi_cos.cos_phi_work restraint_phi_cos.cos_phi_kappa restraint_phi_cos.work restraint_phi_sin.bias restraint_phi_sin.force2 restraint_phi_sin.sin_phi_cntr restraint_phi_sin.sin_phi_work restraint_phi_sin.sin_phi_kappa restraint_phi_sin.work restraint_psi_cos.bias restraint_psi_cos.force2 restraint_psi_cos.cos_psi_cntr restraint_psi_cos.cos_psi_work restraint_psi_cos.cos_psi_kappa restraint_psi_cos.work restraint_psi_sin.bias restraint_psi_sin.force2 restraint_psi_sin.sin_psi_cntr restraint_psi_sin.sin_psi_work restraint_psi_sin.sin_psi_kappa restraint_psi_sin.work
#! SET min_phi -pi
#! SET max_phi pi
#! SET min_psi -pi
#! SET max_psi pi
 0.000000 -0.999983 -0.005782 0.966116 0.258110 -1.576579 1.309731 -0.005782 -0.999983 0.258110 0.966116 0.000000 0.000000 -0.009747 0.000000 0.000000 0.000000 0.000000 0.000000 -0.999953 0.000000 0.000000 0.000000 0.000000 0.000000 0.256142 0.000000 0.000000 0.000000 0.000000 0.000000 0.966639 0.000000 0.000000 0.000000
 0.200000 -1.000000 -0.000266 0.834655 0.550773 -1.571062 0.987506 -0.000266 -1.000000 0.550773 0.834655 0.000899 0.035954 -0.009747 0.429322 20.000000 0.429322 0.000000 0.000001 -0.999953 0.008204 20.000000 0.008204 0.868072 34.722866 0.256142 0.437494 20.000000 0.437494 0.174198 6.967905 0.966639 0.079186 20.000000 0.079186
 0.400000 -0.998238 0.059333 0.982968 0.183778 -1.511428 1.385968 0.059333 -0.998238 0.183778 0.982968 0.095441 7.635246 -0.009747 0.576151 40.000000 0.576151 0.000059 0.004702 -0.999953 0.009175 40.000000 0.009175 0.104733 8.378618 0.256142 0.652620 40.000000 0.652620 0.005333 0.426605 0.966639 0.103852 40.000000 0.103852
 0.600000 -0.997905 0.064690 0.969721 0.244216 -1.506061 1.324085 0.064690 -0.997905 0.244216 0.969721 0.166224 19.946879 -0.009747 0.652738 60.000000 0.652738 0.000126 0.015086 -0.999953 0.009549 60.000000 0.009549 0.004267 0.512080 0.256142 0.812949 60.000000 0.812949 0.000285 0.034192 0.966639 0.126978 60.000000 0.126978
 0.800000 -0.999998 0.001894 0.948099 0.317975 -1.568902 1.247203 0.001894 -0.999998 0.317975 0.948099 0.005420 0.867200 -0.009747 0.745440 80.000000 0.745440 0.000000 0.000013 -0.999953 0.009931 80.000000 0.009931 0.152931 24.469032 0.256142 0.870396 80.000000 0.870396 0.013749 2.199883 0.966639 0.131256 80.000000 0.131256
 1.000000 -0.997905 -0.064690 0.983714 0.179740 -1.635531 1.390074 -0.064690 -0.997905 0.179740 0.983714 0.150938 30.187619 -0.009747 0.830208 100.000000 0.830208 0.000210 0.041905 -0.999953 0.010215 100.000000 0.010215 0.291867 58.373466 0.256142 0.906296 100.000000 0.906296 0.014578 2.915595 0.966639 0.133900 100.000000 0.133900
 1.200000 -0.998628 0.052357 0.985226 0.171262 -1.518415 1.398686 0.052357 -0.998628 0.171262 0.985226 0.231412 55.538994 -0.009747 0.926095 120.000000 0.926095 0.000105 0.025246 -0.999953 0.010633 120.000000 0.010633 0.432282 103.747643 0.256142 0.992025 120.000000 0.992025 0.020727 4.974582 0.966639 0.141240 120.000000 0.141240
 1.400000 -0.999098 0.042471 0.979939 0.199299 -1.528313 1.370154 0.042471 -0.999098 0.199299 0.979939 0.190866 53.442499 -0.009747 0.960898 140.000000 0.960898 0.000051 0.014321 -0.999953 0.010712 140.000000 0.010712 0.226180 63.330420 0.256142 1.092945 140.000000 1.092945 0.012382 3.466844 0.966639 0.149518 140.000000 0.149518
 1.600000 -0.999952 0.009779 0.961528 0.274706 -1.561018 1.292512 0.009779 -0.999952 0.274706 0.961528 0.030498 9.759450 -0.009747 1.007093 160.000000 1.007093 0.000000 0.000000 -0.999953 0.010845 160.000000 0.010845 0.027570 8.822428 0.256142 1.162447 160.000000 1.162447 0.002090 0.668714 0.966639 0.156254 160.000000 0.156254
 1.800000 -0.999816 -0.019191 0.970209 0.242271 -1.589988 1.326090 -0.019191 -0.999816 0.242271 0.970209 0.008027 2.889774 -0.009747 1.051966 180.000000 1.051966 0.000002 0.000605 -0.999953 0.010933 180.000000 0.010933 0.017316 6.233938 0.256142 1.193883 180.000000 1.193883 0.001147 0.412811 0.966639 0.158912 180.000000 0.158912
 2.000000 -0.987451 0.157923 0.943128 0.332430 -1.412209 1.231917 0.157923 -0.987451 0.332430 0.943128 2.811311 1124.524500 -0.009747 1.081900 200.000000 1.081900 0.015628 6.251093 -0.999953 0.011013 200.000000 0.011013 0.581986 232.794469 0.256142 1.219741 200.000000 1.219741 0.055278 22.111200 0.966639 0.161373 200.000000 0.161373
 2.200000 -0.999968 -0.007956 0.874569 0.484901 -1.578752 1.064547 -0.007956 -0.999968 0.484901 0.874569 0.801531 320.612450 -0.097484 1.449457 200.000000 1.449457 0.171813 68.725070 -0.958518 0.146420 200.000000 0.146420 1.860171 744.068300 0.348513 1.097747 200.000000 1.097747 0.291154 116.461447 0.928528 0.156317 200.000000 0.156317
 2.400000 -0.985725 -0.168363 0.858196 0.513322 -1.739965 1.031745 -0.168363 -0.985725 0.513322 0.858196 0.028420 11.368152 -0.185222 1.991046 200.000000 1.991046 0.471164 188.465615 -0.917084 0.601344 200.000000 0.601344 0.524742 209.896911 0.440883 1.040454 200.000000 1.040454 0.103816 41.526595 0.890417 0.181199 200.000000 0.181199
 2.600000 -0.922722 -0.385467 0.752745 0.658312 -1.966510 0.852222 -0.385467 -0.922722 0.658312 0.752745 1.265792 506.316614 -0.272959 2.134317 200.000000 2.134317 0.221583 88.633154 -0.875649 1.231133 200.000000 1.231133 2.506281 1002.512227 0.500000 1.336943 200.000000 1.336943 1.283248 513.299248 0.866025 0.251667 200.000000 0.251667
 2.800000 -0.949544 -0.313633 0.827450 0.561539 -1.889813 0.974551 -0.313633 -0.949544 0.561539 0.827450 0.221499 88.599717 -0.360697 1.905969 200.000000 1.905969 1.330090 532.035820 -0.834215 1.958062 200.000000 1.958062 0.378711 151.484327 0.500000 1.336943 200.000000 1.336943 0.148807 59.522649 0.866025 0.251667 200.000000 0.251667
 3.000000 -0.861131 -0.508384 0.838364 0.545110 -2.104103 0.994276 -0.508384 -0.861131 0.545110 0.838364 0.359392 143.756837 -0.448434 1.828810 200.000000 1.828810 0.467177 186.870825 -0.792780 2.759828 200.000000 2.759828 0.203494 81.397483 0.500000 1.336943 200.000000 1.336943 0.076513 30.605352 0.866025 0.251667 200.000000 0.251667
 3.200000 -0.793655 -0.608368 0.886323 0.463068 -2.224799 1.089343 -0.608368 -0.793655 0.463068 0.886323 0.521224 208.489630 -0.536172 1.248318 200.000000 1.248318 0.179008 71.603243 -0.751346 3.394217 200.000000 3.394217 0.136400 54.560064 0.500000 1.336943 200.000000 1.336943 0.041199 16.479633 0.866025 0.251667 200.000000 0.251667
 3.400000 -0.770505 -0.637434 0.865189 0.501445 -2.261960 1.045528 -0.637434 -0.770505 0.501445 0.865189 0.018291 7.316273 -0.623910 0.666067 200.000000 0.666067 0.367159 146.863673 -0.709911 3.868960 200.000000 3.868960 0.000209 0.083553 0.500000 1.336943 200.000000 1.336943 0.000070 0.027959 0.866025 0.251667 200.000000 0.251667
 3.600000 -0.688408 -0.725324 0.892046 0.451944 -2.382301 1.101853 -0.725324 -0.688408 0.451944 0.892046 0.018705 7.482059 -0.711647 0.372770 200.000000 0.372770 0.039724 15.889593 -0.668477 4.174508 200.000000 4.174508 0.230941 92.376303 0.500000 1.336943 200.000000 1.336943 0.067710 27.083816 0.866025 0.251667 200.000000 0.251667
 3.800000 -0.663140 -0.748495 0.838764 0.544495 -2.416586 0.995009 -0.748495 -0.663140 0.544495 0.838764 0.030798 12.319154 -0.766044 0.246016 200.000000 0.246016 0.041423 16.569283 -0.642788 4.191971 200.000000 4.191971 0.197982 79.192759 0.500000 1.336943 200.000000 1.336943 0.074318 29.727396 0.866025 0.251667 200.000000 0.251667
 4.000000 -0.671839 -0.740697 0.839360 0.543576 -2.404903 0.996105 -0.740697 -0.671839 0.543576 0.839360 0.064250 25.700179 -0.766044 0.246016 200.000000 0.246016 0.084401 33.760458 -0.642788 4.191971 200.000000 4.191971 0.189888 75.955046 0.500000 1.336943 200.000000 1.336943 0.071105 28.441981 0.866025 0.251667 200.000000 0.251667
 4.200000 -0.664193 -0.747562 0.822076 0.569378 -2.415179 0.965047 -0.747562 -0.664193 0.569378 0.822076 0.034162 13.664704 -0.766044 0.246016 200.000000 0.246016 0.045817 18.326854 -0.642788 4.191971 200.000000 4.191971 0.481331 192.532266 0.500000 1.336943 200.000000 1.336943 0.193156 77.262549 0.866025 0.251667 200.000000 0.251667
 4.400000 -0.676636 -0.736318 0.834726 0.550665 -2.398409 0.987635 -0.736318 -0.676636 0.550665 0.834726 0.088367 35.346725 -0.766044 0.246016 200.000000 0.246016 0.114570 45.827926 -0.642788 4.191971 200.000000 4.191971 0.256696 102.678505 0.500000 1.336943 200.000000 1.336943 0.097964 39.185595 0.866025 0.251667 200.000000 0.251667
 4.600000 -0.698303 -0.715802 0.830673 0.556760 -2.368569 0.980316 -0.715802 -0.698303 0.556760 0.830673 0.252426 100.970530 -0.766044 0.246016 200.000000 0.246016 0.308195 123.277864 -0.642788 4.191971 200.000000 4.191971 0.322174 128.869458 0.500000 1.336943 200.000000 1.336943 0.124978 49.991207 0.866025 0.251667 200.000000 0.251667
 4.800000 -0.674559 -0.738221 0.923082 0.384603 -2.401225 1.176018 -0.738221 -0.674559 0.384603 0.923082 0.077417 30.966686 -0.766044 0.246016 200.000000 0.246016 0.100945 40.377839 -0.642788 4.191971 200.000000 4.191971 1.331640 532.655927 0.500000 1.336943 200.000000 1.336943 0.325545 130.218015 0.866025 0.251667 200.000000 0.251667
 5.000000 -0.770484 -0.637459 0.866964 0.498371 -2.261992 1.049077 -0.637459 -0.770484 0.498371 0.866964 1.653425 661.369887 -0.766044 0.246016 200.000000 0.246016 1.630646 652.258587 -0.642788 4.191971 200.000000 4.191971 0.000265 0.106088 0.500000 1.336943 200.000000 1.336943 0.000088 0.035209 0.866025 0.251667 200.000000 0.251667
 5.200000 -0.635437 -0.772153 0.842912 0.538052 -2.453018 1.002672 -0.772153 -0.635437 0.538052 0.842912 0.003731 1.492408 -0.766044 0.246016 200.000000 0.246016 0.005403 2.161211 -0.642788 4.191971 200.000000 4.191971 0.144796 57.918416 0.500000 1.336943 200.000000 1.336943 0.053425 21.369918 0.866025 0.251667 200.000000 0.251667
 5.400000 -0.687212 -0.726457 0.811100 0.584907 -2.383949 0.946031 -0.726457 -0.687212 0.584907 0.811100 0.156714 62.685744 -0.766044 0.246016 200.000000 0.246016 0.197349 78.939739 -0.642788 4.191971 200.000000 4.191971 0.720917 288.366727 0.500000 1.336943 200.000000 1.336943 0.301675 120.669829 0.866025 0.251667 200.000000 0.251667
 5.600000 -0.735963 -0.677022 0.823105 0.567889 -2.314505 0.966857 -0.677022 -0.735963 0.567889 0.823105 0.792496 316.998485 -0.766044 0.246016 200.000000 0.246016 0.868158 347.263203 -0.642788 4.191971 200.000000 4.191971 0.460895 184.358167 0.500000 1.336943 200.000000 1.336943 0.184216 73.686597 0.866025 0.251667 200.000000 0.251667
 5.800000 -0.604716 -0.796441 0.795749 0.605627 -2.492183 0.920243 -0.796441 -0.604716 0.605627 0.795749 0.092395 36.958052 -0.766044 0.246016 200.000000 0.246016 0.144943 57.977203 -0.642788 4.191971 200.000000 4.191971 1.115696 446.278560 0.500000 1.336943 200.000000 1.336943 0.493877 197.550796 0.866025 0.251667 200.000000 0.251667
 6.000000 -0.606183 -0.795325 0.810469 0.585781 -2.490340 0.944953 -0.795325 -0.606183 0.585781 0.810469 0.085735 34.293982 -0.766044 0.246016 200.000000 0.246016 0.133988 53.595042 -0.642788 4.191971 200.000000 4.191971 0.735839 294.335743 0.500000 1.336943 200.000000 1.336943 0.308648 123.459115 0.866025 0.251667 200.000000 0.251667
 6.200000 -0.737446 -0.675406 0.852974 0.521953 -2.312311 1.021658 -0.675406 -0.737446 0.521953 0.852974 0.821532 328.612774 -0.766044 0.246016 200.000000 0.246016 0.896022 358.408807 -0.642788 4.191971 200.000000 4.191971 0.048192 19.276698 0.500000 1.336943 200.000000 1.336943 0.017033 6.813064 0.866025 0.251667 200.000000 0.251667
 6.400000 -0.615287 -0.788303 0.878089 0.478497 -2.478843 1.071854 -0.788303 -0.615287 0.478497 0.878089 0.049546 19.818451 -0.766044 0.246016 200.000000 0.246016 0.075630 30.251962 -0.642788 4.191971 200.000000 4.191971 0.046239 18.495433 0.500000 1.336943 200.000000 1.336943 0.014554 5.821478 0.866025 0.251667 200.000000 0.251667
 6.600000 -0.670446 -0.741959 0.883662 0.468125 -2.406783 1.083629 -0.741959 -0.670446 0.468125 0.883662 0.058012 23.204965 -0.766044 0.246016 200.000000 0.246016 0.076497 30.598608 -0.642788 4.191971 200.000000 4.191971 0.101602 40.640833 0.500000 1.336943 200.000000 1.336943 0.031106 12.442405 0.866025 0.251667 200.000000 0.251667
 6.800000 -0.665026 -0.746820 0.906615 0.421959 -2.414064 1.135191 -0.746820 -0.665026 0.421959 0.906615 0.036957 14.782620 -0.766044 0.246016 200.000000 0.246016 0.049454 19.781538 -0.642788 4.191971 200.000000 4.191971 0.609036 243.614235 0.500000 1.336943 200.000000 1.336943 0.164750 65.899929 0.866025 0.251667 200.000000 0.251667
 7.000000 -0.628534 -0.777782 0.830782 0.556597 -2.461926 0.980512 -0.777782 -0.628534 0.556597 0.830782 0.013778 5.511106 -0.766044 0.246016 200.000000 0.246016 0.020317 8.126905 -0.642788 4.191971 200.000000 4.191971 0.320326 128.130212 0.500000 1.336943 200.000000 1.336943 0.124207 49.682704 0.866025 0.251667 200.000000 0.251667
 7.200000 -0.657783 -0.753208 0.871856 0.489762 -2.423722 1.058979 -0.753208 -0.657783 0.489762 0.871856 0.016478 6.591154 -0.766044 0.246016 200.000000 0.246016 0.022485 8.994015 -0.642788 4.191971 200.000000 4.191971 0.010481 4.192269 0.500000 1.336943 200.000000 1.336943 0.003399 1.359787 0.866025 0.251667 200.000000 0.251667
 7.400000 -0.665613 -0.746297 0.867889 0.496759 -2.413277 1.050936 -0.746297 -0.665613 0.496759 0.867889 0.038996 15.598600 -0.766044 0.246016 200.000000 0.246016 0.052101 20.840286 -0.642788 4.191971 200.000000 4.191971 0.001050 0.420185 0.500000 1.336943 200.000000 1.336943 0.000347 0.138856 0.866025 0.251667 200.000000 0.251667
 7.600000 -0.693213 -0.720733 0.843836 0.536601 -2.375655 1.004392 -0.720733 -0.693213 0.536601 0.843836 0.205315 82.125977 -0.766044 0.246016 200.000000 0.246016 0.254272 101.708910 -0.642788 4.191971 200.000000 4.191971 0.133966 53.586455 0.500000 1.336943 200.000000 1.336943 0.049238 19.695039 0.866025 0.251667 200.000000 0.251667
 7.800000 -0.565389 -0.824825 0.884450 0.466636 -2.540688 1.085313 -0.824825 -0.565389 0.466636 0.884450 0.345510 138.203908 -0.766044 0.246016 200.000000 0.246016 0.599057 239.622961 -0.642788 4.191971 200.000000 4.191971 0.111316 44.526578 0.500000 1.336943 200.000000 1.336943 0.033945 13.577923 0.866025 0.251667 200.000000 0.251667
 8.000000 -0.666854 -0.745188 0.839485 0.543383 -2.411614 0.996335 -0.745188 -0.666854 0.543383 0.839485 0.043497 17.398935 -0.766044 0.246016 200.000000 0.246016 0.057919 23.167573 -0.642788 4.191971 200.000000 4.191971 0.188209 75.283459 0.500000 1.336943 200.000000 1.336943 0.070440 28.175939 0.866025 0.251667 200.000000 0.251667
 8.200000 -0.599479 -0.800390 0.883127 0.469134 -2.498742 1.082487 -0.800390 -0.599479 0.469134 0.883127 0.117964 47.185401 -0.766044 0.246016 200.000000 0.246016 0.187561 75.024378 -0.642788 4.191971 200.000000 4.191971 0.095272 38.108755 0.500000 1.336943 200.000000 1.336943 0.029247 11.698683 0.866025 0.251667 200.000000 0.251667
 8.400000 -0.665183 -0.746680 0.839742 0.542986 -2.413853 0.996808 -0.746680 -0.665183 0.542986 0.839742 0.037498 14.999007 -0.766044 0.246016 200.000000 0.246016 0.050156 20.062550 -0.642788 4.191971 200.000000 4.191971 0.184777 73.910708 0.500000 1.336943 200.000000 1.336943 0.069082 27.632771 0.866025 0.251667 200.000000 0.251667
 8.600000 -0.614138 -0.789199 0.872118 0.489296 -2.480300 1.059514 -0.789199 -0.614138 0.489296 0.872118 0.053613 21.445006 -0.766044 0.246016 200.000000 0.246016 0.082081 32.832491 -0.642788 4.191971 200.000000 4.191971 0.011457 4.582772 0.500000 1.336943 200.000000 1.336943 0.003712 1.484602 0.866025 0.251667 200.000000 0.251667
 8.800000 -0.691378 -0.722493 0.831913 0.554906 -2.378198 0.982547 -0.722493 -0.691378 0.554906 0.831913 0.189671 75.868487 -0.766044 0.246016 200.000000 0.246016 0.236103 94.441211 -0.642788 4.191971 200.000000 4.191971 0.301466 120.586201 0.500000 1.336943 200.000000 1.336943 0.116365 46.545865 0.866025 0.251667 200.000000 0.251667
 9.000000 -0.660493 -0.750832 0.861598 0.507591 -2.420117 1.038410 -0.750832 -0.660493 0.507591 0.861598 0.023142 9.256696 -0.766044 0.246016 200.000000 0.246016 0.031349 12.539506 -0.642788 4.191971 200.000000 4.191971 0.005763 2.305080 0.500000 1.336943 200.000000 1.336943 0.001960 0.784073 0.866025 0.251667 200.000000 0.251667
 9.200000 -0.651683 -0.758491 0.847256 0.531185 -2.431791 1.010797 -0.758491 -0.651683 0.531185 0.847256 0.005705 2.282062 -0.766044 0.246016 200.000000 0.246016 0.007913 3.165323 -0.642788 4.191971 200.000000 4.191971 0.097253 38.901098 0.500000 1.336943 200.000000 1.336943 0.035230 14.092178 0.866025 0.251667 200.000000 0.251667
 9.400000 -0.624619 -0.780930 0.857125 0.515108 -2.466949 1.029663 -0.780930 -0.624619 0.515108 0.857125 0.022157 8.862850 -0.766044 0.246016 200.000000 0.246016 0.033010 13.204065 -0.642788 4.191971 200.000000 4.191971 0.022825 9.130052 0.500000 1.336943 200.000000 1.336943 0.007921 3.168482 0.866025 0.251667 200.000000 0.251667
 9.600000 -0.601847 -0.798611 0.871634 0.490157 -2.495780 1.058527 -0.798611 -0.601847 0.490157 0.871634 0.106059 42.423704 -0.766044 0.246016 200.000000 0.246016 0.167611 67.044346 -0.642788 4.191971 200.000000 4.191971 0.009689 3.875414 0.500000 1.336943 200.000000 1.336943 0.003146 1.258337 0.866025 0.251667 200.000000 0.251667
 9.800000 -0.722375 -0.691501 0.887113 0.461552 -2.334361 1.091052 -0.691501 -0.722375 0.461552 0.887113 0.555672 222.268667 -0.766044 0.246016 200.000000 0.246016 0.633422 253.368973 -0.642788 4.191971 200.000000 4.191971 0.147825 59.130056 0.500000 1.336943 200.000000 1.336943 0.044469 17.787762 0.866025 0.251667 200.000000 0.251667
 10.000000 -0.612457 -0.790504 0.877657 0.479288 -2.482428 1.070953 -0.790504 -0.612457 0.479288 0.877657 0.059828 23.931106 -0.766044 0.246016 200.000000 0.246016 0.091997 36.798629 -0.642788 4.191971 200.000000 4.191971 0.042897 17.158899 0.500000 1.336943 200.000000 1.336943 0.013531 5.412222 0.866025 0.251667 200.000000 0.251667
 10.200000 -0.625728 -0.780041 0.861257 0.508170 -2.465528 1.037738 -0.780041 -0.625728 0.508170 0.861257 0.019591 7.836579 -0.766044 0.246016 200.000000 0.246016 0.029103 11.641317 -0.642788 4.191971 200.000000 4.191971 0.006674 2.669737 0.500000 1.336943 200.000000 1.336943 0.002274 0.909513 0.866025 0.251667 200.000000 0.251667
 10.400000 -0.638557 -0.769575 0.875564 0.483103 -2.448971 1.066601 -0.769575 -0.638557 0.483103 0.875564 0.001246 0.498534 -0.766044 0.246016 200.000000 0.246016 0.001790 0.716028 -0.642788 4.191971 200.000000 4.191971 0.028552 11.420712 0.500000 1.336943 200.000000 1.336943 0.009098 3.639147 0.866025 0.251667 200.000000 0.251667
 10.600000 -0.686143 -0.727467 0.857674 0.514194 -2.385419 1.030729 -0.727467 -0.686143 0.514194 0.857674 0.148823 59.529011 -0.766044 0.246016 200.000000 0.246016 0.187967 75.186745 -0.642788 4.191971 200.000000 4.191971 0.020147 8.058788 0.500000 1.336943 200.000000 1.336943 0.006975 2.789901 0.866025 0.251667 200.000000 0.251667
 10.800000 -0.621560 -0.783367 0.880846 0.473403 -2.470860 1.077646 -0.783367 -0.621560 0.473403 0.880846 0.030006 12.002345 -0.766044 0.246016 200.000000 0.246016 0.045062 18.024636 -0.642788 4.191971 200.000000 4.191971 0.070738 28.295227 0.500000 1.336943 200.000000 1.336943 0.021964 8.785715 0.866025 0.251667 200.000000 0.251667
 11.000000 -0.667717 -0.744416 0.808633 0.588314 -2.410455 0.941824 -0.744416 -0.667717 0.588314 0.808633 0.046781 18.712407 -0.766044 0.246016 200.000000 0.246016 0.062146 24.858288 -0.642788 4.191971 200.000000 4.191971 0.779936 311.974405 0.500000 1.336943 200.000000 1.336943 0.329394 131.757436 0.866025 0.251667 200.000000 0.251667
 11.200000 -0.693505 -0.720452 0.837312 0.546726 -2.375250 0.992348 -0.720452 -0.693505 0.546726 0.837312 0.207871 83.148320 -0.766044 0.246016 200.000000 0.246016 0.257228 102.891075 -0.642788 4.191971 200.000000 4.191971 0.218329 87.331725 0.500000 1.336943 200.000000 1.336943 0.082447 32.978932 0.866025 0.251667 200.000000 0.251667
 11.400000 -0.534225 -0.845342 0.795124 0.606447 -2.578002 0.919211 -0.845342 -0.534225 0.606447 0.795124 0.628817 251.526677 -0.766044 0.246016 200.000000 0.246016 1.178587 471.434699 -0.642788 4.191971 200.000000 4.191971 1.133104 453.241780 0.500000 1.336943 200.000000 1.336943 0.502706 201.082499 0.866025 0.251667 200.000000 0.251667
 11.600000 -0.724422 -0.689356 0.836838 0.547451 -2.331396 0.991482 -0.689356 -0.724422 0.547451 0.836838 0.588107 235.242671 -0.766044 0.246016 200.000000 0.246016 0.666424 266.569728 -0.642788 4.191971 200.000000 4.191971 0.225156 90.062310 0.500000 1.336943 200.000000 1.336943 0.085190 34.076151 0.866025 0.251667 200.000000 0.251667
 11.800000 -0.671518 -0.740988 0.903175 0.429272 -2.405337 1.127110 -0.740988 -0.671518 0.429272 0.903175 0.062781 25.112599 -0.766044 0.246016 200.000000 0.246016 0.082544 33.017504 -0.642788 4.191971 200.000000 4.191971 0.500243 200.097081 0.500000 1.336943 200.000000 1.336943 0.138011 55.204243 0.866025 0.251667 200.000000 0.251667
 12.000000 -0.653647 -0.756800 0.872469 0.488669 -2.429200 1.060232 -0.756800 -0.653647 0.488669 0.872469 0.008546 3.418426 -0.766044 0.246016 200.000000 0.246016 0.011792 4.716679 -0.642788 4.191971 200.000000 4.191971 0.012838 5.135281 0.500000 1.336943 200.000000 1.336943 0.004152 1.660809 0.866025 0.251667 200.000000 0.251667
 12.200000 -0.633730 -0.773554 0.891439 0.453141 -2.455227 1.100511 -0.773554 -0.633730 0.453141 0.891439 0.005640 2.255947 -0.766044 0.246016 200.000000 0.246016 0.008204 3.281636 -0.642788 4.191971 200.000000 4.191971 0.219579 87.831653 0.500000 1.336943 200.000000 1.336943 0.064585 25.834023 0.866025 0.251667 200.000000 0.251667
 12.400000 -0.712947 -0.701218 0.879202 0.476449 -2.347901 1.074185 -0.701218 -0.712947 0.476449 0.879202 0.420248 168.099289 -0.766044 0.246016 200.000000 0.246016 0.492234 196.893793 -0.642788 4.191971 200.000000 4.191971 0.055466 22.186562 0.500000 1.336943 200.000000 1.336943 0.017363 6.945199 0.866025 0.251667 200.000000 0.251667
 12.600000 -0.672993 -0.739649 0.887675 0.460470 -2.403344 1.092272 -0.739649 -0.672993 0.460470 0.887675 0.069675 27.869831 -0.766044 0.246016 200.000000 0.246016 0.091239 36.495553 -0.642788 4.191971 200.000000 4.191971 0.156261 62.504394 0.500000 1.336943 200.000000 1.336943 0.046871 18.748537 0.866025 0.251667 200.000000 0.251667
 12.800000 -0.711254 -0.702935 0.825995 0.563678 -2.350312 0.971964 -0.702935 -0.711254 0.563678 0.825995 0.398277 159.310731 -0.766044 0.246016 200.000000 0.246016 0.468762 187.504939 -0.642788 4.191971 200.000000 4.191971 0.405488 162.195361 0.500000 1.336943 200.000000 1.336943 0.160246 64.098483 0.866025 0.251667 200.000000 0.251667
 13.000000 -0.615466 -0.788164 0.838138 0.545458 -2.478616 0.993861 -0.788164 -0.615466 0.545458 0.838138 0.048925 19.570140 -0.766044 0.246016 200.000000 0.246016 0.074648 29.859044 -0.642788 4.191971 200.000000 4.191971 0.206641 82.656287 0.500000 1.336943 200.000000 1.336943 0.077769 31.107581 0.866025 0.251667 200.000000 0.251667
 13.200000 -0.649761 -0.760138 0.809105 0.587664 -2.434322 0.942628 -0.760138 -0.649761 0.587664 0.809105 0.003488 1.395347 -0.766044 0.246016 200.000000 0.246016 0.004863 1.945366 -0.642788 4.191971 200.000000 4.191971 0.768496 307.398248 0.500000 1.336943 200.000000 1.336943 0.323991 129.596561 0.866025 0.251667 200.000000 0.251667
 13.400000 -0.683473 -0.729976 0.886223 0.463259 -2.389083 1.089127 -0.729976 -0.683473 0.463259 0.886223 0.130096 52.038251 -0.766044 0.246016 200.000000 0.246016 0.165531 66.212461 -0.642788 4.191971 200.000000 4.191971 0.134987 53.994671 0.500000 1.336943 200.000000 1.336943 0.040793 16.317224 0.866025 0.251667 200.000000 0.251667
 13.600000 -0.605409 -0.795915 0.846629 0.532184 -2.491314 1.009618 -0.795915 -0.605409 0.532184 0.846629 0.089224 35.689792 -0.766044 0.246016 200.000000 0.246016 0.139720 55.887903 -0.642788 4.191971 200.000000 4.191971 0.103582 41.432688 0.500000 1.336943 200.000000 1.336943 0.037623 15.049364 0.866025 0.251667 200.000000 0.251667
 13.800000 -0.647855 -0.761763 0.861963 0.506971 -2.436827 1.039130 -0.761763 -0.647855 0.506971 0.861963 0.001833 0.733060 -0.766044 0.246016 200.000000 0.246016 0.002568 1.027223 -0.642788 4.191971 200.000000 4.191971 0.004859 1.943528 0.500000 1.336943 200.000000 1.336943 0.001650 0.659998 0.866025 0.251667 200.000000 0.251667
 14.000000 -0.696641 -0.717419 0.881153 0.472830 -2.370887 1.078296 -0.717419 -0.696641 0.472830 0.881153 0.236439 94.575717 -0.766044 0.246016 200.000000 0.246016 0.290024 116.009651 -0.642788 4.191971 200.000000 4.191971 0.073818 29.527278 0.500000 1.336943 200.000000 1.336943 0.022886 9.154256 0.866025 0.251667 200.000000 0.251667
 14.200000 -0.557682 -0.830055 0.853593 0.520941 -2.550002 1.022843 -0.830055 -0.557682 0.520941 0.853593 0.409730 163.892018 -0.766044 0.246016 200.000000 0.246016 0.724294 289.717711 -0.642788 4.191971 200.000000 4.191971 0.043853 17.541111 0.500000 1.336943 200.000000 1.336943 0.015457 6.182931 0.866025 0.251667 200.000000 0.251667
 14.400000 -0.685819 -0.727772 0.882891 0.469578 -2.385864 1.081983 -0.727772 -0.685819 0.469578 0.882891 0.146477 58.590776 -0.766044 0.246016 200.000000 0.246016 0.185170 74.068061 -0.642788 4.191971 200.000000 4.191971 0.092548 37.019017 0.500000 1.336943 200.000000 1.336943 0.028444 11.377654 0.866025 0.251667 200.000000 0.251667
 14.600000 -0.732817 -0.680426 0.842281 0.539038 -2.319140 1.001502 -0.680426 -0.732817 0.539038 0.842281 0.733056 293.222319 -0.766044 0.246016 200.000000 0.246016 0.810529 324.211754 -0.642788 4.191971 200.000000 4.191971 0.152398 60.959183 0.500000 1.336943 200.000000 1.336943 0.056378 22.551241 0.866025 0.251667 200.000000 0.251667
 14.800000 -0.700634 -0.713521 0.869442 0.494035 -2.365307 1.054072 -0.713521 -0.700634 0.494035 0.869442 0.275874 110.349645 -0.766044 0.246016 200.000000 0.246016 0.334622 133.848774 -0.642788 4.191971 200.000000 4.191971 0.003558 1.423368 0.500000 1.336943 200.000000 1.336943 0.001167 0.466968 0.866025 0.251667 200.000000 0.251667
 15.000000 -0.637371 -0.770557 0.863861 0.503731 -2.450512 1.042884 -0.770557 -0.637371 0.503731 0.863861 0.002037 0.814668 -0.766044 0.246016 200.000000 0.246016 0.002934 1.173751 -0.642788 4.191971 200.000000 4.191971 0.001392 0.556785 0.500000 1.336943 200.000000 1.336943 0.000469 0.187451 0.866025 0.251667 200.000000 0.251667
 15.200000 -0.663573 -0.748112 0.853894 0.520447 -2.416008 1.023422 -0.748112 -0.663573 0.520447 0.853894 0.032159 12.863551 -0.766044 0.246016 200.000000 0.246016 0.043203 17.281282 -0.642788 4.191971 200.000000 4.191971 0.041809 16.723656 0.500000 1.336943 200.000000 1.336943 0.014718 5.887030 0.866025 0.251667 200.000000 0.251667
 15.400000 -0.602476 -0.798137 0.855465 0.517861 -2.494992 1.026447 -0.798137 -0.602476 0.517861 0.855465 0.102991 41.196456 -0.766044 0.246016 200.000000 0.246016 0.162499 64.999654 -0.642788 4.191971 200.000000 4.191971 0.031903 12.761175 0.500000 1.336943 200.000000 1.336943 0.011153 4.461275 0.866025 0.251667 200.000000 0.251667
 15.600000 -0.632845 -0.774278 0.839809 0.542882 -2.456370 0.996931 -0.774278 -0.632845 0.542882 0.839809 0.006780 2.711821 -0.766044 0.246016 200.000000 0.246016 0.009885 3.953967 -0.642788 4.191971 200.000000 4.191971 0.183887 73.554715 0.500000 1.336943 200.000000 1.336943 0.068730 27.492052 0.866025 0.251667 200.000000 0.251667
 15.800000 -0.719865 -0.694114 0.854861 0.518856 -2.337984 1.025284 -0.694114 -0.719865 0.518856 0.854861 0.517403 206.961152 -0.766044 0.246016 200.000000 0.246016 0.594098 237.639209 -0.642788 4.191971 200.000000 4.191971 0.035556 14.222440 0.500000 1.336943 200.000000 1.336943 0.012463 4.985347 0.866025 0.251667 200.000000 0.251667
 16.000000 -0.691585 -0.722295 0.862282 0.506429 -2.377911 1.039758 -0.722295 -0.691585 0.506429 0.862282 0.191403 76.561239 -0.766044 0.246016 200.000000 0.246016 0.238121 95.248554 -0.642788 4.191971 200.000000 4.191971 0.004133 1.653213 0.500000 1.336943 200.000000 1.336943 0.001402 0.560600 0.866025 0.251667 200.000000 0.251667
 16.200000 -0.655064 -0.755574 0.881392 0.472385 -2.427326 1.078802 -0.755574 -0.655064 0.472385 0.881392 0.010964 4.385411 -0.766044 0.246016 200.000000 0.246016 0.015070 6.027981 -0.642788 4.191971 200.000000 4.191971 0.076259 30.503697 0.500000 1.336943 200.000000 1.336943 0.023614 9.445728 0.866025 0.251667 200.000000 0.251667
 16.400000 -0.674098 -0.738642 0.858879 0.512179 -2.401849 1.033076 -0.738642 -0.674098 0.512179 0.858879 0.075092 30.036607 -0.766044 0.246016 200.000000 0.246016 0.098036 39.214469 -0.642788 4.191971 200.000000 4.191971 0.014833 5.933174 0.500000 1.336943 200.000000 1.336943 0.005108 2.043017 0.866025 0.251667 200.000000 0.251667
 16.600000 -0.668476 -0.743733 0.887727 0.460370 -2.409435 1.092384 -0.743733 -0.668476 0.460370 0.887727 0.049778 19.911131 -0.766044 0.246016 200.000000 0.246016 0.065991 26.396230 -0.642788 4.191971 200.000000 4.191971 0.157054 62.821422 0.500000 1.336943 200.000000 1.336943 0.047096 18.838587 0.866025 0.251667 200.000000 0.251667
 16.800000 -0.636314 -0.771430 0.889874 0.456206 -2.451882 1.097070 -0.771430 -0.636314 0.456206 0.889874 0.002901 1.160221 -0.766044 0.246016 200.000000 0.246016 0.004191 1.676279 -0.642788 4.191971 200.000000 4.191971 0.191794 76.717448 0.500000 1.336943 200.000000 1.336943 0.056877 22.750839 0.866025 0.251667 200.000000 0.251667
 17.000000 -0.678453 -0.734644 0.874926 0.484256 -2.395938 1.065283 -0.734644 -0.678453 0.484256 0.874926 0.098599 39.439420 -0.766044 0.246016 200.000000 0.246016 0.127200 50.880100 -0.642788 4.191971 200.000000 4.191971 0.024787 9.914652 0.500000 1.336943 200.000000 1.336943 0.007922 3.168987 0.866025 0.251667 200.000000 0.251667
 17.200000 -0.617482 -0.786585 0.862576 0.505928 -2.476055 1.040339 -0.786585 -0.617482 0.505928 0.862576 0.042191 16.876245 -0.766044 0.246016 200.000000 0.246016 0.064036 25.614403 -0.642788 4.191971 200.000000 4.191971 0.003514 1.405637 0.500000 1.336943 200.000000 1.336943 0.001190 0.476011 0.866025 0.251667 200.000000 0.251667
 17.400000 -0.639716 -0.768611 0.860225 0.509914 -2.447464 1.035711 -0.768611 -0.639716 0.509914 0.860225 0.000659 0.263547 -0.766044 0.246016 200.000000 0.246016 0.000943 0.377366 -0.642788 4.191971 200.000000 4.191971 0.009829 3.931666 0.500000 1.336943 200.000000 1.336943 0.003364 1.345668 0.866025 0.251667 200.000000 0.251667
 17.600000 -0.578263 -0.815850 0.858689 0.512496 -2.524995 1.032707 -0.815850 -0.578263 0.512496 0.858689 0.248064 99.225595 -0.766044 0.246016 200.000000 0.246016 0.416343 166.537364 -0.642788 4.191971 200.000000 4.191971 0.015616 6.246449 0.500000 1.336943 200.000000 1.336943 0.005382 2.152711 0.866025 0.251667 200.000000 0.251667
 17.800000 -0.688093 -0.725623 0.818805 0.574072 -2.382735 0.959326 -0.725623 -0.688093 0.574072 0.818805 0.163392 65.356947 -0.766044 0.246016 200.000000 0.246016 0.205257 82.102701 -0.642788 4.191971 200.000000 4.191971 0.548668 219.467008 0.500000 1.336943 200.000000 1.336943 0.222979 89.191579 0.866025 0.251667 200.000000 0.251667
 18.000000 -0.632771 -0.774339 0.838569 0.544795 -2.456466 0.994652 -0.774339 -0.632771 0.544795 0.838569 0.006880 2.751913 -0.766044 0.246016 200.000000 0.246016 0.010033 4.013205 -0.642788 4.191971 200.000000 4.191971 0.200660 80.263959 0.500000 1.336943 200.000000 1.336943 0.075384 30.153698 0.866025 0.251667 200.000000 0.251667
 18.200000 -0.614026 -0.789286 0.861362 0.507992 -2.480441 1.037945 -0.789286 -0.614026 0.507992 0.861362 0.054016 21.606366 -0.766044 0.246016 200.000000 0.246016 0.082723 33.089116 -0.642788 4.191971 200.000000 4.191971 0.006387 2.554760 0.500000 1.336943 200.000000 1.336943 0.002175 0.869931 0.866025 0.251667 200.000000 0.251667
 18.400000 -0.635421 -0.772166 0.883353 0.468708 -2.453038 1.082969 -0.772166 -0.635421 0.468708 0.883353 0.003747 1.498711 -0.766044 0.246016 200.000000 0.246016 0.005426 2.170428 -0.642788 4.191971 200.000000 4.191971 0.097921 39.168476 0.500000 1.336943 200.000000 1.336943 0.030026 12.010316 0.866025 0.251667 200.000000 0.251667
 18.600000 -0.688054 -0.725660 0.884331 0.466861 -2.382789 1.085058 -0.725660 -0.688054 0.466861 0.884331 0.163094 65.237580 -0.766044 0.246016 200.000000 0.246016 0.204904 81.961604 -0.642788 4.191971 200.000000 4.191971 0.109818 43.927263 0.500000 1.336943 200.000000 1.336943 0.033508 13.403234 0.866025 0.251667 200.000000 0.251667
 18.800000 -0.629680 -0.776854 0.908024 0.418918 -2.460451 1.138543 -0.776854 -0.629680 0.418918 0.908024 0.011685 4.674183 -0.766044 0.246016 200.000000 0.246016 0.017180 6.872060 -0.642788 4.191971 200.000000 4.191971 0.657433 262.973235 0.500000 1.336943 200.000000 1.336943 0.176390 70.555898 0.866025 0.251667 200.000000 0.251667
 19.000000 -0.617598 -0.786494 0.893453 0.449157 -2.475908 1.104975 -0.786494 -0.617598 0.449157 0.893453 0.041819 16.727574 -0.766044 0.246016 200.000000 0.246016 0.063453 25.381135 -0.642788 4.191971 200.000000 4.191971 0.258506 103.402227 0.500000 1.336943 200.000000 1.336943 0.075228 30.091073 0.866025 0.251667 200.000000 0.251667
 19.200000 -0.714209 -0.699933 0.886880 0.462000 -2.346099 1.090547 -0.699933 -0.714209 0.462000 0.886880 0.437079 174.831530 -0.766044 0.246016 200.000000 0.246016 0.510101 204.040567 -0.642788 4.191971 200.000000 4.191971 0.144398 57.759044 0.500000 1.336943 200.000000 1.336943 0.043490 17.396167 0.866025 0.251667 200.000000 0.251667
 19.400000 -0.615208 -0.788365 0.858503 0.512808 -2.478943 1.032343 -0.788365 -0.615208 0.512808 0.858503 0.049821 19.928417 -0.766044 0.246016 200.000000 0.246016 0.076065 30.426056 -0.642788 4.191971 200.000000 4.191971 0.016405 6.562178 0.500000 1.336943 200.000000 1.336943 0.005659 2.263403 0.866025 0.251667 200.000000 0.251667
 19.600000 -0.636908 -0.770940 0.859047 0.511896 -2.451112 1.033406 -0.770940 -0.636908 0.511896 0.859047 0.002397 0.958686 -0.766044 0.246016 200.000000 0.246016 0.003457 1.382937 -0.642788 4.191971 200.000000 4.191971 0.014152 5.660839 0.500000 1.336943 200.000000 1.336943 0.004869 1.947771 0.866025 0.251667 200.000000 0.251667
 19.800000 -0.607268 -0.794497 0.856205 0.516637 -2.488976 1.027878 -0.794497 -0.607268 0.516637 0.856205 0.080956 32.382590 -0.766044 0.246016 200.000000 0.246016 0.126166 50.466584 -0.642788 4.191971 200.000000 4.191971 0.027679 11.071670 0.500000 1.336943 200.000000 1.336943 0.009645 3.858005 0.866025 0.251667 200.000000 0.251667
 20.000000 -0.618875 -0.785489 0.878713 0.477350 -2.474283 1.073160 -0.785489 -0.618875 0.477350 0.878713 0.037811 15.124354 -0.766044 0.246016 200.000000 0.246016 0.057181 22.872460 -0.642788 4.191971 200.000000 4.191971 0.051301 20.520372 0.500000 1.336943 200.000000 1.336943 0.016098 6.439098 0.866025 0.251667 200.000000 0.251667
