#! FIELDS time sin_phi cos_phi sin_psi cos_psi phi psi cos_phi sin_phi cos_psi sin_psi restraint_phi_cos.bias restraint_phi_cos.force2 restraint_phi_cos.cos_phi_cntr restraint_phi_cos.cos_phi_work restraint_phi_cos.cos_phi_kappa restraint_phi_cos.work restraint_phi_sin.bias restraint_phi_sin.force2 restraint_phi_sin.sin_phi_cntr restraint_phi_sin.sin_phi_work restraint_phi_sin.sin_phi_kappa restraint_phi_sin.work restraint_psi_cos.bias restraint_psi_cos.force2 restraint_psi_cos.cos_psi_cntr restraint_psi_cos.cos_psi_work restraint_psi_cos.cos_psi_kappa restraint_psi_cos.work restraint_psi_sin.bias restraint_psi_sin.force2 restraint_psi_sin.sin_psi_cntr restraint_psi_sin.sin_psi_work restraint_psi_sin.sin_psi_kappa restraint_psi_sin.work
#! SET min_phi -pi
#! SET max_phi pi
#! SET min_psi -pi
#! SET max_psi pi
 0.000000 -0.999983 -0.005782 0.966116 0.258110 -1.576579 1.309731 -0.005782 -0.999983 0.258110 0.966116 0.000000 0.000000 -0.009747 0.000000 0.000000 0.000000 0.000000 0.000000 -0.999953 0.000000 0.000000 0.000000 0.000000 0.000000 0.256142 0.000000 0.000000 0.000000 0.000000 0.000000 0.966639 0.000000 0.000000 0.000000
 0.200000 -1.000000 -0.000266 0.834654 0.550774 -1.571062 0.987505 -0.000266 -1.000000 0.550774 0.834654 0.000899 0.035952 -0.009747 0.429322 20.000000 0.429322 0.000000 0.000001 -0.999953 0.008204 20.000000 0.008204 0.868079 34.723159 0.256142 0.437494 20.000000 0.437494 0.174200 6.967991 0.966639 0.079186 20.000000 0.079186
 0.400000 -0.998238 0.059342 0.982965 0.183791 -1.511419 1.385954 0.059342 -0.998238 0.183791 0.982965 0.095465 7.637211 -0.009747 0.576150 40.000000 0.576150 0.000059 0.004705 -0.999953 0.009175 40.000000 0.009175 0.104694 8.375537 0.256142 0.652621 40.000000 0.652621 0.005331 0.426475 0.966639 0.103852 40.000000 0.103852
 0.600000 -0.997904 0.064704 0.969720 0.244217 -1.506047 1.324084 0.064704 -0.997904 0.244217 0.969720 0.166288 19.954582 -0.009747 0.652736 60.000000 0.652736 0.000126 0.015100 -0.999953 0.009549 60.000000 0.009549 0.004266 0.511936 0.256142 0.812941 60.000000 0.812941 0.000285 0.034183 0.966639 0.126977 60.000000 0.126977
 0.800000 -0.999998 0.001909 0.948096 0.317983 -1.568887 1.247195 0.001909 -0.999998 0.317983 0.948096 0.005434 0.869476 -0.009747 0.745442 80.000000 0.745442 0.000000 0.000013 -0.999953 0.009931 80.000000 0.009931 0.152971 24.475313 0.256142 0.870383 80.000000 0.870383 0.013753 2.200515 0.966639 0.131254 80.000000 0.131254
 1.000000 -0.997906 -0.064676 0.983714 0.179739 -1.635517 1.390076 -0.064676 -0.997906 0.179739 0.983714 0.150862 30.172413 -0.009747 0.830208 100.000000 0.830208 0.000209 0.041869 -0.999953 0.010215 100.000000 0.010215 0.291877 58.375355 0.256142 0.906274 100.000000 0.906274 0.014578 2.915673 0.966639 0.133897 100.000000 0.133897
 1.200000 -0.998634 0.052253 0.985232 0.171225 -1.518520 1.398723 0.052253 -0.998634 0.171225 0.985232 0.230633 55.352035 -0.009747 0.926088 120.000000 0.926088 0.000104 0.025037 -0.999953 0.010632 120.000000 0.010632 0.432653 103.836777 0.256142 0.991997 120.000000 0.991997 0.020742 4.977974 0.966639 0.141236 120.000000 0.141236
 1.400000 -0.999099 0.042448 0.979948 0.199252 -1.528336 1.370202 0.042448 -0.999099 0.199252 0.979948 0.190698 53.395383 -0.009747 0.960899 140.000000 0.960899 0.000051 0.014289 -0.999953 0.010712 140.000000 0.010712 0.226559 63.436463 0.256142 1.092907 140.000000 1.092907 0.012400 3.471889 0.966639 0.149511 140.000000 0.149511
 1.600000 -0.999952 0.009792 0.961522 0.274729 -1.561005 1.292488 0.009792 -0.999952 0.274729 0.961522 0.030539 9.772497 -0.009747 1.007045 160.000000 1.007045 0.000000 0.000000 -0.999953 0.010844 160.000000 0.010844 0.027638 8.844198 0.256142 1.162382 160.000000 1.162382 0.002095 0.670427 0.966639 0.156242 160.000000 0.156242
 1.800000 -0.999823 -0.018828 0.970270 0.242024 -1.589625 1.326345 -0.018828 -0.999823 0.242024 0.970270 0.007422 2.671965 -0.009747 1.052093 180.000000 1.052093 0.000002 0.000546 -0.999953 0.010933 180.000000 0.010933 0.017940 6.458515 0.256142 1.193824 180.000000 1.193824 0.001187 0.427231 0.966639 0.158897 180.000000 0.158897
 2.000000 -0.987223 0.159345 0.942604 0.333911 -1.410769 1.230346 0.159345 -0.987223 0.333911 0.942604 2.859193 1143.677009 -0.009747 1.082135 200.000000 1.082135 0.016204 6.481642 -0.999953 0.011015 200.000000 0.011015 0.604801 241.920455 0.256142 1.220021 200.000000 1.220021 0.057766 23.106440 0.966639 0.161399 200.000000 0.161399
 2.200000 -0.989333 0.145674 0.909980 0.414653 -1.424602 1.143235 0.145674 -0.989333 0.414653 0.909980 0.837462 334.984879 0.054161 0.857378 200.000000 0.857378 0.277394 110.957622 -0.936664 0.374947 200.000000 0.374947 2.447710 979.083894 0.258201 1.213654 200.000000 1.213654 0.032462 12.984766 0.891962 0.606845 200.000000 0.606845
 2.400000 -0.990422 0.138074 0.928060 0.372430 -1.432280 1.189171 0.138074 -0.990422 0.372430 0.928060 0.040016 16.006538 0.118069 0.483853 200.000000 0.483853 1.369970 547.988193 -0.873376 1.475938 200.000000 1.475938 1.258195 503.278086 0.260260 1.199289 200.000000 1.199289 1.227101 490.840512 0.817286 2.062980 200.000000 2.062980
 2.600000 -0.995963 0.089768 0.867534 0.497379 -1.480907 1.050222 0.089768 -0.995963 0.497379 0.867534 0.850260 340.103929 0.181978 0.156697 200.000000 0.156697 3.454937 1381.974728 -0.810088 3.250212 200.000000 3.250212 5.525293 2210.117335 0.262319 1.171794 200.000000 1.171794 1.560608 624.243207 0.742609 4.465027 200.000000 4.465027
 2.800000 -0.972729 0.231945 0.923141 0.384462 -1.336720 1.176171 0.231945 -0.972729 0.384462 0.923141 0.019434 7.773753 0.245886 -0.231781 200.000000 -0.231781 5.104391 2041.756227 -0.746800 5.631542 200.000000 5.631542 1.442008 576.803211 0.264378 1.137326 200.000000 1.137326 6.513125 2605.250143 0.667933 7.905373 200.000000 7.905373
 3.000000 -0.949463 0.313879 0.897770 0.440465 -1.251520 1.114680 0.313879 -0.949463 0.440465 0.897770 0.001669 0.667789 0.309794 -1.040305 200.000000 -1.040305 7.072994 2829.197620 -0.683512 8.461598 200.000000 8.461598 3.028573 1211.429059 0.266437 1.084572 200.000000 1.084572 9.272859 3709.143788 0.593256 12.195464 200.000000 12.195464
 3.200000 -0.912442 0.409206 0.895994 0.444065 -1.149212 1.110665 0.409206 -0.912442 0.444065 0.895994 0.126059 50.423722 0.373702 -2.145423 200.000000 -2.145423 8.539145 3415.658155 -0.620224 11.606194 200.000000 11.606194 3.082451 1232.980271 0.268496 1.014796 200.000000 1.014796 14.244212 5697.684719 0.518579 17.272797 200.000000 17.272797
 3.400000 -0.856039 0.516911 0.835942 0.548817 -1.027558 0.989847 0.516911 -0.856039 0.548817 0.835942 0.628871 251.548474 0.437610 -3.498117 200.000000 -3.498117 8.946297 3578.518909 -0.556936 14.970615 200.000000 14.970615 7.742984 3097.193769 0.270555 0.927697 200.000000 0.927697 15.369498 6147.799104 0.443903 23.117598 200.000000 23.117598
 3.600000 -0.673164 0.739493 0.777403 0.629002 -0.738480 0.890527 0.739493 -0.673164 0.629002 0.777403 5.663226 2265.290263 0.501518 -5.331103 200.000000 -5.331103 3.222634 1289.053458 -0.493647 18.282207 200.000000 18.282207 12.701247 5080.498692 0.272614 0.815200 200.000000 0.815200 16.660873 6664.349005 0.369226 29.511871 200.000000 29.511871
 3.800000 -0.647833 0.761783 0.772516 0.634995 -0.704736 0.882794 0.761783 -0.647833 0.634995 0.772516 3.855611 1542.244484 0.565426 -7.530839 200.000000 -7.530839 4.729467 1891.786888 -0.430359 21.362425 200.000000 21.362425 12.983195 5193.277924 0.274673 0.664030 200.000000 0.664030 22.845205 9138.082119 0.294549 35.981536 200.000000 35.981536
 4.000000 -0.522057 0.852911 0.565158 0.824983 -0.549261 0.600625 0.852911 -0.522057 0.824983 0.565158 4.998665 1999.466144 0.629334 -9.738284 200.000000 -9.738284 2.402065 960.826099 -0.367071 24.285300 200.000000 24.285300 30.057877 12023.150989 0.276732 0.473709 200.000000 0.473709 11.922167 4768.866881 0.219873 42.108962 200.000000 42.108962
 4.200000 -0.422704 0.906268 0.405386 0.914145 -0.436427 0.417402 0.906268 -0.422704 0.914145 0.405386 4.538010 1815.203819 0.693242 -12.308482 200.000000 -12.308482 1.414229 565.691754 -0.303783 26.347415 200.000000 26.347415 40.367501 16147.000307 0.278791 0.253435 200.000000 0.253435 6.769894 2707.957777 0.145196 47.960697 200.000000 47.960697
 4.400000 -0.473763 0.880652 0.349647 0.936882 -0.493559 0.357194 0.880652 -0.473763 0.936882 0.349647 1.525296 610.118251 0.757150 -14.547198 200.000000 -14.547198 5.441396 2176.558504 -0.240495 28.349902 200.000000 28.349902 43.037716 17215.086299 0.280850 -0.022007 200.000000 -0.022007 7.791209 3116.483583 0.070520 50.958596 200.000000 50.958596
 4.600000 -0.166471 0.986046 -0.117853 0.993031 -0.167250 -0.118127 0.986046 -0.166471 0.993031 -0.117853 2.722128 1088.851117 0.821058 -16.642659 200.000000 -16.642659 0.011525 4.610011 -0.177207 29.380673 200.000000 29.380673 50.427323 20170.929229 0.282909 -0.313640 200.000000 -0.313640 1.292668 517.067062 -0.004157 51.480784 200.000000 51.480784
 4.800000 -0.175040 0.984561 -0.227427 0.973795 -0.175946 -0.229435 0.984561 -0.175040 0.973795 -0.227427 0.991933 396.773075 0.884966 -18.297181 200.000000 -18.297181 0.373576 149.430596 -0.113919 29.640915 200.000000 29.640915 47.448261 18979.304230 0.284968 -0.601880 200.000000 -0.601880 2.208006 883.202378 -0.078834 49.762337 200.000000 49.762337
 5.000000 0.003470 0.999994 -0.433265 0.901267 0.003470 -0.448112 0.999994 0.003470 0.901267 -0.433265 0.261329 104.531757 0.948874 -19.178600 200.000000 -19.178600 0.292683 117.073166 -0.050631 30.447516 200.000000 30.447516 37.729030 15091.612184 0.287027 -0.850425 200.000000 -0.850425 7.826259 3130.503570 -0.153510 44.823039 200.000000 44.823039
 5.200000 0.062933 0.998018 -0.666984 0.745072 0.062975 -0.730153 0.998018 0.062933 0.745072 -0.666984 0.000393 0.157174 1.000000 -19.406941 200.000000 -19.406941 0.396059 158.423471 0.000000 30.447508 200.000000 30.447508 20.792328 8316.931001 0.289086 -1.073057 200.000000 -1.073057 19.254287 7701.714930 -0.228187 39.579541 200.000000 39.579541
 5.400000 -0.070867 0.997486 -0.727841 0.685746 -0.070926 -0.815168 0.997486 -0.070867 0.685746 -0.727841 0.000632 0.252850 1.000000 -19.406941 200.000000 -19.406941 0.502210 200.884105 0.000000 30.447508 200.000000 30.447508 15.570997 6228.398688 0.291145 -1.263696 200.000000 -1.263696 18.060580 7224.231829 -0.302863 33.806969 200.000000 33.806969
 5.600000 -0.000313 1.000000 -0.787145 0.616767 -0.000313 -0.906167 1.000000 -0.000313 0.616767 -0.787145 0.000000 0.000000 1.000000 -19.406941 200.000000 -19.406941 0.000010 0.003908 0.000000 30.447508 200.000000 30.447508 10.469326 4187.730365 0.293204 -1.412041 200.000000 -1.412041 16.777656 6711.062550 -0.377540 27.608168 200.000000 27.608168
 5.800000 0.085133 0.996370 -0.870998 0.491286 0.085236 -1.057230 0.996370 0.085133 0.491286 -0.870998 0.001318 0.527200 1.000000 -19.406941 200.000000 -19.406941 0.724767 289.906865 0.000000 30.447508 200.000000 30.447508 3.842511 1537.004235 0.295263 -1.530450 200.000000 -1.530450 17.537793 7015.117234 -0.452217 21.690701 200.000000 21.690701
 6.000000 -0.012899 0.999917 -0.894769 0.446529 -0.012900 -1.107915 0.999917 -0.012899 0.446529 -0.894769 0.000001 0.000277 1.000000 -19.406941 200.000000 -19.406941 0.016639 6.655582 0.000000 30.447508 200.000000 30.447508 2.226258 890.503390 0.297322 -1.628546 200.000000 -1.628546 13.533282 5413.312693 -0.526893 16.392109 200.000000 16.392109
 6.200000 -0.023182 0.999731 -0.882252 0.470777 -0.023184 -1.080625 0.999731 -0.023182 0.470777 -0.882252 0.000007 0.002889 1.000000 -19.406941 200.000000 -19.406941 0.053741 21.496249 0.000000 30.447508 200.000000 30.447508 2.937660 1175.063808 0.299381 -1.701833 200.000000 -1.701833 7.878256 3151.302363 -0.601570 11.703942 200.000000 11.703942
 6.400000 -0.072111 0.997397 -0.885417 0.464798 -0.072173 -1.087390 0.997397 -0.072111 0.464798 -0.885417 0.000678 0.271099 1.000000 -19.406941 200.000000 -19.406941 0.519994 207.997687 0.000000 30.447508 200.000000 30.447508 2.668577 1067.430636 0.301440 -1.759426 200.000000 -1.759426 4.375223 1750.089108 -0.676247 7.850385 200.000000 7.850385
 6.600000 0.044917 0.998991 -0.913237 0.407428 0.044932 -1.151161 0.998991 0.044917 0.407428 -0.913237 0.000102 0.040745 1.000000 -19.406941 200.000000 -19.406941 0.201753 80.701022 0.000000 30.447508 200.000000 30.447508 1.080123 432.049144 0.303499 -1.801714 200.000000 -1.801714 2.634590 1053.836056 -0.750923 4.877039 200.000000 4.877039
 6.800000 0.044777 0.998997 -0.949668 0.313259 0.044792 -1.252174 0.998997 0.044777 0.313259 -0.949668 0.000101 0.040240 1.000000 -19.406941 200.000000 -19.406941 0.200499 80.199585 0.000000 30.447508 200.000000 30.447508 0.005930 2.372144 0.305558 -1.827302 200.000000 -1.827302 1.539287 615.714782 -0.825600 2.795392 200.000000 2.795392
 7.000000 0.058034 0.998315 -0.953773 0.300529 0.058067 -1.265549 0.998315 0.058034 0.300529 -0.953773 0.000284 0.113624 1.000000 -19.406941 200.000000 -19.406941 0.336798 134.719123 0.000000 30.447508 200.000000 30.447508 0.005024 2.009559 0.307617 -1.844690 200.000000 -1.844690 0.286185 114.474082 -0.900276 1.715985 200.000000 1.715985
 7.200000 0.069414 0.997588 -0.942068 0.335423 0.069470 -1.228742 0.997588 0.069414 0.335423 -0.942068 0.000582 0.232718 1.000000 -19.406941 200.000000 -19.406941 0.481827 192.730787 0.000000 30.447508 200.000000 30.447508 0.069727 27.890709 0.309017 -1.850859 200.000000 -1.850859 0.008080 3.231961 -0.951057 1.543409 200.000000 1.543409
 7.400000 -0.068038 0.997683 -0.944004 0.329934 -0.068091 -1.234563 0.997683 -0.068038 0.329934 -0.944004 0.000537 0.214792 1.000000 -19.406941 200.000000 -19.406941 0.462920 185.167928 0.000000 30.447508 200.000000 30.447508 0.043752 17.500629 0.309017 -1.850859 200.000000 -1.850859 0.004974 1.989493 -0.951057 1.543409 200.000000 1.543409
 7.600000 -0.062485 0.998046 -0.921701 0.387901 -0.062526 -1.172443 0.998046 -0.062485 0.387901 -0.921701 0.000382 0.152744 1.000000 -19.406941 200.000000 -19.406941 0.390443 156.177389 0.000000 30.447508 200.000000 30.447508 0.622272 248.908843 0.309017 -1.850859 200.000000 -1.850859 0.086175 34.469968 -0.951057 1.543409 200.000000 1.543409
 7.800000 0.085159 0.996367 -0.939688 0.342032 0.085263 -1.221718 0.996367 0.085159 0.342032 -0.939688 0.001320 0.527848 1.000000 -19.406941 200.000000 -19.406941 0.725212 290.084742 0.000000 30.447508 200.000000 30.447508 0.108997 43.598710 0.309017 -1.850859 200.000000 -1.850859 0.012923 5.169334 -0.951057 1.543409 200.000000 1.543409
 8.000000 0.012389 0.999923 -0.966250 0.257607 0.012389 -1.310251 0.999923 0.012389 0.257607 -0.966250 0.000001 0.000236 1.000000 -19.406941 200.000000 -19.406941 0.015348 6.139377 0.000000 30.447508 200.000000 30.447508 0.264295 105.718155 0.309017 -1.850859 200.000000 -1.850859 0.023083 9.233302 -0.951057 1.543409 200.000000 1.543409
 8.200000 0.087404 0.996173 -0.961075 0.276286 0.087516 -1.290869 0.996173 0.087404 0.276286 -0.961075 0.001465 0.585851 1.000000 -19.406941 200.000000 -19.406941 0.763944 305.577649 0.000000 30.447508 200.000000 30.447508 0.107131 42.852552 0.309017 -1.850859 200.000000 -1.850859 0.010038 4.015157 -0.951057 1.543409 200.000000 1.543409
 8.400000 0.050941 0.998702 -0.927677 0.373385 0.050963 -1.188142 0.998702 0.050941 0.373385 -0.927677 0.000169 0.067425 1.000000 -19.406941 200.000000 -19.406941 0.259494 103.797743 0.000000 30.447508 200.000000 30.447508 0.414319 165.727551 0.309017 -1.850859 200.000000 -1.850859 0.054662 21.864753 -0.951057 1.543409 200.000000 1.543409
 8.600000 0.040886 0.999164 -0.938652 0.344866 0.040898 -1.218700 0.999164 0.040886 0.344866 -0.938652 0.000070 0.027969 1.000000 -19.406941 200.000000 -19.406941 0.167169 66.867662 0.000000 30.447508 200.000000 30.447508 0.128517 51.406690 0.309017 -1.850859 200.000000 -1.850859 0.015388 6.155034 -0.951057 1.543409 200.000000 1.543409
 8.800000 -0.060033 0.998196 -0.921118 0.389284 -0.060069 -1.170942 0.998196 -0.060033 0.389284 -0.921118 0.000325 0.130116 1.000000 -19.406941 200.000000 -19.406941 0.360391 144.156447 0.000000 30.447508 200.000000 30.447508 0.644285 257.714185 0.309017 -1.850859 200.000000 -1.850859 0.089634 35.853507 -0.951057 1.543409 200.000000 1.543409
 9.000000 0.011341 0.999936 -0.905302 0.424768 0.011342 -1.132091 0.999936 0.011341 0.424768 -0.905302 0.000000 0.000165 1.000000 -19.406941 200.000000 -19.406941 0.012863 5.145159 0.000000 30.447508 200.000000 30.447508 1.339824 535.929589 0.309017 -1.850859 200.000000 -1.850859 0.209344 83.737739 -0.951057 1.543409 200.000000 1.543409
 9.200000 0.070800 0.997491 -0.934566 0.355790 0.070859 -1.207037 0.997491 0.070800 0.355790 -0.934566 0.000630 0.251891 1.000000 -19.406941 200.000000 -19.406941 0.501257 200.502964 0.000000 30.447508 200.000000 30.447508 0.218776 87.510409 0.309017 -1.850859 200.000000 -1.850859 0.027195 10.877827 -0.951057 1.543409 200.000000 1.543409
 9.400000 0.125980 0.992033 -0.944318 0.329035 0.126316 -1.235514 0.992033 0.125980 0.329035 -0.944318 0.006348 2.539070 1.000000 -19.406941 200.000000 -19.406941 1.587098 634.839341 0.000000 30.447508 200.000000 30.447508 0.040073 16.029344 0.309017 -1.850859 200.000000 -1.850859 0.004541 1.816513 -0.951057 1.543409 200.000000 1.543409
 9.600000 -0.012065 0.999927 -0.913806 0.406152 -0.012065 -1.152557 0.999927 -0.012065 0.406152 -0.913806 0.000001 0.000212 1.000000 -19.406941 200.000000 -19.406941 0.014556 5.822336 0.000000 30.447508 200.000000 30.447508 0.943517 377.406886 0.309017 -1.850859 200.000000 -1.850859 0.138763 55.505176 -0.951057 1.543409 200.000000 1.543409
 9.800000 -0.047039 0.998893 -0.919677 0.392675 -0.047056 -1.167258 0.998893 -0.047039 0.392675 -0.919677 0.000123 0.049012 1.000000 -19.406941 200.000000 -19.406941 0.221264 88.505524 0.000000 30.447508 200.000000 30.447508 0.699865 279.945959 0.309017 -1.850859 200.000000 -1.850859 0.098465 39.386115 -0.951057 1.543409 200.000000 1.543409
 10.000000 -0.013706 0.999906 -0.950762 0.309923 -0.013706 -1.255684 0.999906 -0.013706 0.309923 -0.950762 0.000001 0.000353 1.000000 -19.406941 200.000000 -19.406941 0.018784 7.513799 0.000000 30.447508 200.000000 30.447508 0.000082 0.032839 0.309017 -1.850859 200.000000 -1.850859 0.000009 0.003478 -0.951057 1.543409 200.000000 1.543409
 10.200000 0.115953 0.993255 -0.941475 0.337082 0.116214 -1.226980 0.993255 0.115953 0.337082 -0.941475 0.004550 1.819939 1.000000 -19.406941 200.000000 -19.406941 1.344501 537.800524 0.000000 30.447508 200.000000 30.447508 0.078765 31.506088 0.309017 -1.850859 200.000000 -1.850859 0.009180 3.672032 -0.951057 1.543409 200.000000 1.543409
 10.400000 0.046373 0.998924 -0.943994 0.329963 0.046390 -1.234532 0.998924 0.046373 0.329963 -0.943994 0.000116 0.046296 1.000000 -19.406941 200.000000 -19.406941 0.215050 86.019962 0.000000 30.447508 200.000000 30.447508 0.043874 17.549707 0.309017 -1.850859 200.000000 -1.850859 0.004988 1.995277 -0.951057 1.543409 200.000000 1.543409
 10.600000 -0.034172 0.999416 -0.940979 0.338466 -0.034179 -1.225511 0.999416 -0.034172 0.338466 -0.940979 0.000034 0.013644 1.000000 -19.406941 200.000000 -19.406941 0.116775 46.710080 0.000000 30.447508 200.000000 30.447508 0.086722 34.688764 0.309017 -1.850859 200.000000 -1.850859 0.010156 4.062436 -0.951057 1.543409 200.000000 1.543409
 10.800000 0.026142 0.999658 -0.963044 0.269343 0.026145 -1.298086 0.999658 0.026142 0.269343 -0.963044 0.000012 0.004672 1.000000 -19.406941 200.000000 -19.406941 0.068338 27.335347 0.000000 30.447508 200.000000 30.447508 0.157404 62.961462 0.309017 -1.850859 200.000000 -1.850859 0.014371 5.748327 -0.951057 1.543409 200.000000 1.543409
 11.000000 -0.005420 0.999985 -0.945771 0.324833 -0.005420 -1.239961 0.999985 -0.005420 0.324833 -0.945771 0.000000 0.000009 1.000000 -19.406941 200.000000 -19.406941 0.002938 1.175008 0.000000 30.447508 200.000000 30.447508 0.025015 10.005934 0.309017 -1.850859 200.000000 -1.850859 0.002793 1.117313 -0.951057 1.543409 200.000000 1.543409
 11.200000 -0.013624 0.999907 -0.952389 0.304885 -0.013624 -1.260979 0.999907 -0.013624 0.304885 -0.952389 0.000001 0.000345 1.000000 -19.406941 200.000000 -19.406941 0.018561 7.424351 0.000000 30.447508 200.000000 30.447508 0.001708 0.683062 0.309017 -1.850859 200.000000 -1.850859 0.000178 0.071052 -0.951057 1.543409 200.000000 1.543409
 11.400000 -0.037789 0.999286 -0.963621 0.267271 -0.037798 -1.300236 0.999286 -0.037789 0.267271 -0.963621 0.000051 0.020408 1.000000 -19.406941 200.000000 -19.406941 0.142804 57.121752 0.000000 30.447508 200.000000 30.447508 0.174269 69.707630 0.309017 -1.850859 200.000000 -1.850859 0.015787 6.314933 -0.951057 1.543409 200.000000 1.543409
 11.600000 0.023286 0.999729 -0.945747 0.324905 0.023289 -1.239885 0.999729 0.023286 0.324905 -0.945747 0.000007 0.002941 1.000000 -19.406941 200.000000 -19.406941 0.054226 21.690254 0.000000 30.447508 200.000000 30.447508 0.025244 10.097607 0.309017 -1.850859 200.000000 -1.850859 0.002820 1.127836 -0.951057 1.543409 200.000000 1.543409
 11.800000 0.045864 0.998948 -0.966363 0.257183 0.045880 -1.310690 0.998948 0.045864 0.257183 -0.966363 0.000111 0.044293 1.000000 -19.406941 200.000000 -19.406941 0.210349 84.139675 0.000000 30.447508 200.000000 30.447508 0.268674 107.469636 0.309017 -1.850859 200.000000 -1.850859 0.023428 9.371124 -0.951057 1.543409 200.000000 1.543409
 12.000000 -0.027630 0.999618 -0.965760 0.259437 -0.027634 -1.308357 0.999618 -0.027630 0.259437 -0.965760 0.000015 0.005830 1.000000 -19.406941 200.000000 -19.406941 0.076343 30.537101 0.000000 30.447508 200.000000 30.447508 0.245819 98.327624 0.309017 -1.850859 200.000000 -1.850859 0.021619 8.647784 -0.951057 1.543409 200.000000 1.543409
 12.200000 -0.004324 0.999991 -0.939128 0.343567 -0.004324 -1.220084 0.999991 -0.004324 0.343567 -0.939128 0.000000 0.000003 1.000000 -19.406941 200.000000 -19.406941 0.001869 0.747713 0.000000 30.447508 200.000000 30.447508 0.119369 47.747554 0.309017 -1.850859 200.000000 -1.850859 0.014228 5.691348 -0.951057 1.543409 200.000000 1.543409
 12.400000 -0.018959 0.999820 -0.958883 0.283803 -0.018960 -1.283039 0.999820 -0.018959 0.283803 -0.958883 0.000003 0.001292 1.000000 -19.406941 200.000000 -19.406941 0.035945 14.378036 0.000000 30.447508 200.000000 30.447508 0.063577 25.430632 0.309017 -1.850859 200.000000 -1.850859 0.006125 2.449983 -0.951057 1.543409 200.000000 1.543409
 12.600000 0.012148 0.999926 -0.943846 0.330385 0.012149 -1.234085 0.999926 0.012148 0.330385 -0.943846 0.000001 0.000218 1.000000 -19.406941 200.000000 -19.406941 0.014758 5.903169 0.000000 30.447508 200.000000 30.447508 0.045657 18.262937 0.309017 -1.850859 200.000000 -1.850859 0.005199 2.079429 -0.951057 1.543409 200.000000 1.543409
 12.800000 0.025818 0.999667 -0.929971 0.367633 0.025821 -1.194334 0.999667 0.025818 0.367633 -0.929971 0.000011 0.004445 1.000000 -19.406941 200.000000 -19.406941 0.066659 26.663606 0.000000 30.447508 200.000000 30.447508 0.343587 137.434729 0.309017 -1.850859 200.000000 -1.850859 0.044461 17.784218 -0.951057 1.543409 200.000000 1.543409
 13.000000 -0.031070 0.999517 -0.942108 0.335309 -0.031075 -1.228864 0.999517 -0.031070 0.335309 -0.942108 0.000023 0.009324 1.000000 -19.406941 200.000000 -19.406941 0.096537 38.614694 0.000000 30.447508 200.000000 30.447508 0.069125 27.649950 0.309017 -1.850859 200.000000 -1.850859 0.008007 3.202788 -0.951057 1.543409 200.000000 1.543409
 13.200000 0.060256 0.998183 -0.934385 0.356265 0.060292 -1.206529 0.998183 0.060256 0.356265 -0.934385 0.000330 0.132064 1.000000 -19.406941 200.000000 -19.406941 0.363076 145.230501 0.000000 30.447508 200.000000 30.447508 0.223239 89.295645 0.309017 -1.850859 200.000000 -1.850859 0.027794 11.117726 -0.951057 1.543409 200.000000 1.543409
 13.400000 0.059498 0.998228 -0.972057 0.234743 0.059533 -1.333842 0.998228 0.059498 0.234743 -0.972057 0.000314 0.125536 1.000000 -19.406941 200.000000 -19.406941 0.353997 141.598707 0.000000 30.447508 200.000000 30.447508 0.551664 220.665437 0.309017 -1.850859 200.000000 -1.850859 0.044104 17.641628 -0.951057 1.543409 200.000000 1.543409
 13.600000 0.009805 0.999952 -0.949022 0.315210 0.009805 -1.250118 0.999952 0.009805 0.315210 -0.949022 0.000000 0.000092 1.000000 -19.406941 200.000000 -19.406941 0.009614 3.845615 0.000000 30.447508 200.000000 30.447508 0.003836 1.534289 0.309017 -1.850859 200.000000 -1.850859 0.000414 0.165596 -0.951057 1.543409 200.000000 1.543409
 13.800000 0.042166 0.999111 -0.948594 0.316496 0.042178 -1.248763 0.999111 0.042166 0.316496 -0.948594 0.000079 0.031639 1.000000 -19.406941 200.000000 -19.406941 0.177795 71.118169 0.000000 30.447508 200.000000 30.447508 0.005594 2.237627 0.309017 -1.850859 200.000000 -1.850859 0.000607 0.242613 -0.951057 1.543409 200.000000 1.543409
 14.000000 -0.058313 0.998298 -0.906724 0.421725 -0.058346 -1.135449 0.998298 -0.058313 0.421725 -0.906724 0.000290 0.115828 1.000000 -19.406941 200.000000 -19.406941 0.340045 136.018022 0.000000 30.447508 200.000000 30.447508 1.270309 508.123539 0.309017 -1.850859 200.000000 -1.850859 0.196539 78.615594 -0.951057 1.543409 200.000000 1.543409
 14.200000 -0.009213 0.999958 -0.911510 0.411277 -0.009213 -1.146941 0.999958 -0.009213 0.411277 -0.911510 0.000000 0.000072 1.000000 -19.406941 200.000000 -19.406941 0.008488 3.395300 0.000000 30.447508 200.000000 30.447508 1.045718 418.287388 0.309017 -1.850859 200.000000 -1.850859 0.156391 62.556308 -0.951057 1.543409 200.000000 1.543409
 14.400000 0.079512 0.996834 -0.956301 0.292384 0.079596 -1.274078 0.996834 0.079512 0.292384 -0.956301 0.001002 0.400968 1.000000 -19.406941 200.000000 -19.406941 0.632218 252.887193 0.000000 30.447508 200.000000 30.447508 0.027666 11.066277 0.309017 -1.850859 200.000000 -1.850859 0.002750 1.100185 -0.951057 1.543409 200.000000 1.543409
 14.600000 0.100558 0.994931 -0.940652 0.339372 0.100729 -1.224548 0.994931 0.100558 0.339372 -0.940652 0.002569 1.027721 1.000000 -19.406941 200.000000 -19.406941 1.011196 404.478531 0.000000 30.447508 200.000000 30.447508 0.092140 36.855935 0.309017 -1.850859 200.000000 -1.850859 0.010825 4.329816 -0.951057 1.543409 200.000000 1.543409
 14.800000 0.018044 0.999837 -0.942800 0.333359 0.018045 -1.230933 0.999837 0.018044 0.333359 -0.942800 0.000003 0.001060 1.000000 -19.406941 200.000000 -19.406941 0.032559 13.023662 0.000000 30.447508 200.000000 30.447508 0.059251 23.700511 0.309017 -1.850859 200.000000 -1.850859 0.006817 2.726726 -0.951057 1.543409 200.000000 1.543409
 15.000000 -0.035466 0.999371 -0.952790 0.303630 -0.035473 -1.262297 0.999371 -0.035466 0.303630 -0.952790 0.000040 0.015831 1.000000 -19.406941 200.000000 -19.406941 0.125782 50.312986 0.000000 30.447508 200.000000 30.447508 0.002902 1.160966 0.309017 -1.850859 200.000000 -1.850859 0.000301 0.120220 -0.951057 1.543409 200.000000 1.543409
 15.200000 0.001465 0.999999 -0.954013 0.299765 0.001465 -1.266350 0.999999 0.001465 0.299765 -0.954013 0.000000 0.000000 1.000000 -19.406941 200.000000 -19.406941 0.000215 0.085812 0.000000 30.447508 200.000000 30.447508 0.008560 3.424006 0.309017 -1.850859 200.000000 -1.850859 0.000874 0.349652 -0.951057 1.543409 200.000000 1.543409
 15.400000 0.077948 0.996957 -0.937775 0.347243 0.078027 -1.216167 0.996957 0.077948 0.347243 -0.937775 0.000926 0.370281 1.000000 -19.406941 200.000000 -19.406941 0.607582 243.032754 0.000000 30.447508 200.000000 30.447508 0.146123 58.449371 0.309017 -1.850859 200.000000 -1.850859 0.017639 7.055784 -0.951057 1.543409 200.000000 1.543409
 15.600000 0.020774 0.999784 -0.924634 0.380856 0.020776 -1.180074 0.999784 0.020774 0.380856 -0.924634 0.000005 0.001863 1.000000 -19.406941 200.000000 -19.406941 0.043157 17.262637 0.000000 30.447508 200.000000 30.447508 0.516087 206.434678 0.309017 -1.850859 200.000000 -1.850859 0.069813 27.925352 -0.951057 1.543409 200.000000 1.543409
 15.800000 -0.044513 0.999009 -0.930451 0.366416 -0.044528 -1.195642 0.999009 -0.044513 0.366416 -0.930451 0.000098 0.039299 1.000000 -19.406941 200.000000 -19.406941 0.198142 79.256869 0.000000 30.447508 200.000000 30.447508 0.329467 131.786667 0.309017 -1.850859 200.000000 -1.850859 0.042458 16.983387 -0.951057 1.543409 200.000000 1.543409
 16.000000 -0.051085 0.998694 -0.942654 0.333771 -0.051107 -1.230495 0.998694 -0.051085 0.333771 -0.942654 0.000170 0.068192 1.000000 -19.406941 200.000000 -19.406941 0.260966 104.386435 0.000000 30.447508 200.000000 30.447508 0.061277 24.510926 0.309017 -1.850859 200.000000 -1.850859 0.007060 2.824024 -0.951057 1.543409 200.000000 1.543409
 16.200000 0.034577 0.999402 -0.929587 0.368603 0.034584 -1.193291 0.999402 0.034577 0.368603 -0.929587 0.000036 0.014303 1.000000 -19.406941 200.000000 -19.406941 0.119558 47.823189 0.000000 30.447508 200.000000 30.447508 0.355049 142.019443 0.309017 -1.850859 200.000000 -1.850859 0.046094 18.437721 -0.951057 1.543409 200.000000 1.543409
 16.400000 0.099281 0.995059 -0.960332 0.278860 0.099444 -1.288189 0.995059 0.099281 0.278860 -0.960332 0.002441 0.976353 1.000000 -19.406941 200.000000 -19.406941 0.985665 394.265980 0.000000 30.447508 200.000000 30.447508 0.090942 36.376904 0.309017 -1.850859 200.000000 -1.850859 0.008603 3.441133 -0.951057 1.543409 200.000000 1.543409
 16.600000 -0.018253 0.999833 -0.928409 0.371560 -0.018254 -1.190107 0.999833 -0.018253 0.371560 -0.928409 0.000003 0.001110 1.000000 -19.406941 200.000000 -19.406941 0.033317 13.326918 0.000000 30.447508 200.000000 30.447508 0.391169 156.467423 0.309017 -1.850859 200.000000 -1.850859 0.051292 20.516838 -0.951057 1.543409 200.000000 1.543409
 16.800000 -0.055281 0.998471 -0.938294 0.345840 -0.055309 -1.217663 0.998471 -0.055281 0.345840 -0.938294 0.000234 0.093531 1.000000 -19.406941 200.000000 -19.406941 0.305594 122.237775 0.000000 30.447508 200.000000 30.447508 0.135591 54.236475 0.309017 -1.850859 200.000000 -1.850859 0.016289 6.515670 -0.951057 1.543409 200.000000 1.543409
 17.000000 -0.023082 0.999734 -0.949658 0.313287 -0.023084 -1.252144 0.999734 -0.023082 0.313287 -0.949658 0.000007 0.002839 1.000000 -19.406941 200.000000 -19.406941 0.053278 21.311102 0.000000 30.447508 200.000000 30.447508 0.001824 0.729402 0.309017 -1.850859 200.000000 -1.850859 0.000195 0.078188 -0.951057 1.543409 200.000000 1.543409
 17.200000 0.132973 0.991120 -0.945537 0.325516 0.133368 -1.239239 0.991120 0.132973 0.325516 -0.945537 0.007886 3.154441 1.000000 -19.406941 200.000000 -19.406941 1.768189 707.275416 0.000000 30.447508 200.000000 30.447508 0.027220 10.888141 0.309017 -1.850859 200.000000 -1.850859 0.003047 1.218746 -0.951057 1.543409 200.000000 1.543409
 17.400000 0.077940 0.996958 -0.960449 0.278456 0.078019 -1.288610 0.996958 0.077940 0.278456 -0.960449 0.000925 0.370136 1.000000 -19.406941 200.000000 -19.406941 0.607463 242.985089 0.000000 30.447508 200.000000 30.447508 0.093395 37.358127 0.309017 -1.850859 200.000000 -1.850859 0.008822 3.528664 -0.951057 1.543409 200.000000 1.543409
 17.600000 -0.035604 0.999366 -0.949386 0.314113 -0.035612 -1.251274 0.999366 -0.035604 0.314113 -0.949386 0.000040 0.016079 1.000000 -19.406941 200.000000 -19.406941 0.126765 50.705834 0.000000 30.447508 200.000000 30.447508 0.002597 1.038656 0.309017 -1.850859 200.000000 -1.850859 0.000279 0.111666 -0.951057 1.543409 200.000000 1.543409
 17.800000 -0.058273 0.998301 -0.917691 0.397295 -0.058306 -1.162229 0.998301 -0.058273 0.397295 -0.917691 0.000289 0.115504 1.000000 -19.406941 200.000000 -19.406941 0.339570 135.828121 0.000000 30.447508 200.000000 30.447508 0.779298 311.719076 0.309017 -1.850859 200.000000 -1.850859 0.111326 44.530244 -0.951057 1.543409 200.000000 1.543409
 18.000000 -0.067231 0.997737 -0.920981 0.389608 -0.067281 -1.170590 0.997737 -0.067231 0.389608 -0.920981 0.000512 0.204764 1.000000 -19.406941 200.000000 -19.406941 0.451996 180.798514 0.000000 30.447508 200.000000 30.447508 0.649497 259.798705 0.309017 -1.850859 200.000000 -1.850859 0.090456 36.182347 -0.951057 1.543409 200.000000 1.543409
 18.200000 0.151398 0.988473 -0.931376 0.364059 0.151982 -1.198174 0.988473 0.151398 0.364059 -0.931376 0.013287 5.314905 1.000000 -19.406941 200.000000 -19.406941 2.292120 916.848174 0.000000 30.447508 200.000000 30.447508 0.302962 121.184707 0.309017 -1.850859 200.000000 -1.850859 0.038733 15.493059 -0.951057 1.543409 200.000000 1.543409
 18.400000 0.013394 0.999910 -0.946629 0.322327 0.013395 -1.242610 0.999910 0.013394 0.322327 -0.946629 0.000001 0.000322 1.000000 -19.406941 200.000000 -19.406941 0.017941 7.176349 0.000000 30.447508 200.000000 30.447508 0.017714 7.085767 0.309017 -1.850859 200.000000 -1.850859 0.001961 0.784278 -0.951057 1.543409 200.000000 1.543409
 18.600000 -0.064566 0.997913 -0.930698 0.365787 -0.064611 -1.196318 0.997913 -0.064566 0.365787 -0.930698 0.000435 0.174151 1.000000 -19.406941 200.000000 -19.406941 0.416878 166.751275 0.000000 30.447508 200.000000 30.447508 0.322287 128.914868 0.309017 -1.850859 200.000000 -1.850859 0.041445 16.578017 -0.951057 1.543409 200.000000 1.543409
 18.800000 0.136430 0.990650 -0.936437 0.350835 0.136856 -1.212334 0.990650 0.136430 0.350835 -0.936437 0.008743 3.497082 1.000000 -19.406941 200.000000 -19.406941 1.861306 744.522331 0.000000 30.447508 200.000000 30.447508 0.174876 69.950399 0.309017 -1.850859 200.000000 -1.850859 0.021372 8.548944 -0.951057 1.543409 200.000000 1.543409
 19.000000 0.082502 0.996591 -0.954315 0.298803 0.082596 -1.267359 0.996591 0.082502 0.298803 -0.954315 0.001162 0.464890 1.000000 -19.406941 200.000000 -19.406941 0.680666 272.266394 0.000000 30.447508 200.000000 30.447508 0.010433 4.173310 0.309017 -1.850859 200.000000 -1.850859 0.001062 0.424689 -0.951057 1.543409 200.000000 1.543409
 19.200000 0.041306 0.999147 -0.930080 0.367357 0.041317 -1.194630 0.999147 0.041306 0.367357 -0.930080 0.000073 0.029134 1.000000 -19.406941 200.000000 -19.406941 0.170615 68.245895 0.000000 30.447508 200.000000 30.447508 0.340361 136.144433 0.309017 -1.850859 200.000000 -1.850859 0.044002 17.600854 -0.951057 1.543409 200.000000 1.543409
 19.400000 0.015527 0.999879 -0.942475 0.334275 0.015528 -1.229960 0.999879 0.015527 0.334275 -0.942475 0.000001 0.000581 1.000000 -19.406941 200.000000 -19.406941 0.024109 9.643429 0.000000 30.447508 200.000000 30.447508 0.063798 25.519389 0.309017 -1.850859 200.000000 -1.850859 0.007363 2.945383 -0.951057 1.543409 200.000000 1.543409
 19.600000 -0.058861 0.998266 -0.941160 0.337960 -0.058895 -1.226048 0.998266 -0.058861 0.337960 -0.941160 0.000301 0.120242 1.000000 -19.406941 200.000000 -19.406941 0.346458 138.583398 0.000000 30.447508 200.000000 30.447508 0.083771 33.508345 0.309017 -1.850859 200.000000 -1.850859 0.009793 3.917320 -0.951057 1.543409 200.000000 1.543409
 19.800000 0.119115 0.992880 -0.935598 0.353066 0.119399 -1.209950 0.992880 0.119115 0.353066 -0.935598 0.005069 2.027518 1.000000 -19.406941 200.000000 -19.406941 1.418840 567.536178 0.000000 30.447508 200.000000 30.447508 0.194035 77.614191 0.309017 -1.850859 200.000000 -1.850859 0.023896 9.558323 -0.951057 1.543409 200.000000 1.543409
 20.000000 0.046764 0.998906 -0.949708 0.313136 0.046781 -1.252303 0.998906 0.046764 0.313136 -0.949708 0.000120 0.047875 1.000000 -19.406941 200.000000 -19.406941 0.218683 87.473347 0.000000 30.447508 200.000000 30.447508 0.001697 0.678683 0.309017 -1.850859 200.000000 -1.850859 0.000182 0.072712 -0.951057 1.543409 200.000000 1.543409
