#! FIELDS time sin_phi cos_phi sin_psi cos_psi phi psi cos_phi sin_phi cos_psi sin_psi restraint_phi_cos.bias restraint_phi_cos.force2 restraint_phi_cos.cos_phi_cntr restraint_phi_cos.cos_phi_work restraint_phi_cos.cos_phi_kappa restraint_phi_cos.work restraint_phi_sin.bias restraint_phi_sin.force2 restraint_phi_sin.sin_phi_cntr restraint_phi_sin.sin_phi_work restraint_phi_sin.sin_phi_kappa restraint_phi_sin.work restraint_psi_cos.bias restraint_psi_cos.force2 restraint_psi_cos.cos_psi_cntr restraint_psi_cos.cos_psi_work restraint_psi_cos.cos_psi_kappa restraint_psi_cos.work restraint_psi_sin.bias restraint_psi_sin.force2 restraint_psi_sin.sin_psi_cntr restraint_psi_sin.sin_psi_work restraint_psi_sin.sin_psi_kappa restraint_psi_sin.work
#! SET min_phi -pi
#! SET max_phi pi
#! SET min_psi -pi
#! SET max_psi pi
 0.000000 -0.999983 -0.005782 0.966116 0.258110 -1.576579 1.309731 -0.005782 -0.999983 0.258110 0.966116 0.000000 0.000000 -0.009747 0.000000 0.000000 0.000000 0.000000 0.000000 -0.999953 0.000000 0.000000 0.000000 0.000000 0.000000 0.256142 0.000000 0.000000 0.000000 0.000000 0.000000 0.966639 0.000000 0.000000 0.000000
 0.200000 -1.000000 -0.000266 0.834656 0.550772 -1.571062 0.987508 -0.000266 -1.000000 0.550772 0.834656 0.000899 0.035955 -0.009747 0.429321 20.000000 0.429321 0.000000 0.000001 -0.999953 0.008204 20.000000 0.008204 0.868065 34.722587 0.256142 0.437497 20.000000 0.437497 0.174196 6.967822 0.966639 0.079186 20.000000 0.079186
 0.400000 -0.998237 0.059346 0.982967 0.183784 -1.511415 1.385962 0.059346 -0.998237 0.183784 0.982967 0.095476 7.638063 -0.009747 0.576152 40.000000 0.576152 0.000059 0.004706 -0.999953 0.009175 40.000000 0.009175 0.104715 8.377184 0.256142 0.652623 40.000000 0.652623 0.005332 0.426545 0.966639 0.103853 40.000000 0.103853
 0.600000 -0.997905 0.064694 0.969726 0.244195 -1.506057 1.324107 0.064694 -0.997905 0.244195 0.969726 0.166241 19.948918 -0.009747 0.652738 60.000000 0.652738 0.000126 0.015090 -0.999953 0.009549 60.000000 0.009549 0.004282 0.513884 0.256142 0.812950 60.000000 0.812950 0.000286 0.034310 0.966639 0.126978 60.000000 0.126978
 0.800000 -0.999998 0.001900 0.948099 0.317977 -1.568897 1.247202 0.001900 -0.999998 0.317977 0.948099 0.005425 0.868058 -0.009747 0.745436 80.000000 0.745436 0.000000 0.000013 -0.999953 0.009931 80.000000 0.009931 0.152938 24.470136 0.256142 0.870390 80.000000 0.870390 0.013750 2.199994 0.966639 0.131256 80.000000 0.131256
 1.000000 -0.997907 -0.064664 0.983714 0.179740 -1.635505 1.390074 -0.064664 -0.997907 0.179740 0.983714 0.150795 30.158950 -0.009747 0.830200 100.000000 0.830200 0.000209 0.041836 -0.999953 0.010215 100.000000 0.010215 0.291866 58.373296 0.256142 0.906285 100.000000 0.906285 0.014578 2.915589 0.966639 0.133900 100.000000 0.133900
 1.200000 -0.998632 0.052283 0.985233 0.171221 -1.518489 1.398728 0.052283 -0.998632 0.171221 0.985233 0.230861 55.406593 -0.009747 0.926076 120.000000 0.926076 0.000105 0.025098 -0.999953 0.010632 120.000000 0.010632 0.432703 103.848639 0.256142 0.992002 120.000000 0.992002 0.020743 4.978426 0.966639 0.141239 120.000000 0.141239
 1.400000 -0.999099 0.042450 0.979951 0.199238 -1.528334 1.370216 0.042450 -0.999099 0.199238 0.979951 0.190711 53.399045 -0.009747 0.960891 140.000000 0.960891 0.000051 0.014291 -0.999953 0.010712 140.000000 0.010712 0.226664 63.465860 0.256142 1.092922 140.000000 1.092922 0.012405 3.473287 0.966639 0.149514 140.000000 0.149514
 1.600000 -0.999952 0.009788 0.961509 0.274775 -1.561008 1.292441 0.009788 -0.999952 0.274775 0.961509 0.030528 9.768983 -0.009747 1.007034 160.000000 1.007034 0.000000 0.000000 -0.999953 0.010844 160.000000 0.010844 0.027774 8.887593 0.256142 1.162404 160.000000 1.162404 0.002106 0.673841 0.966639 0.156247 160.000000 0.156247
 1.800000 -0.999822 -0.018890 0.970255 0.242087 -1.589688 1.326281 -0.018890 -0.999822 0.242087 0.970255 0.007525 2.709001 -0.009747 1.052059 180.000000 1.052059 0.000002 0.000556 -0.999953 0.010933 180.000000 0.010933 0.017781 6.401157 0.256142 1.193843 180.000000 1.193843 0.001177 0.423550 0.966639 0.158902 180.000000 0.158902
 2.000000 -0.987244 0.159215 0.942677 0.333708 -1.410901 1.230562 0.159215 -0.987244 0.333708 0.942677 2.854784 1141.913410 -0.009747 1.082091 200.000000 1.082091 0.016151 6.460231 -0.999953 0.011014 200.000000 0.011014 0.601639 240.655703 0.256142 1.219996 200.000000 1.219996 0.057420 22.968050 0.966639 0.161398 200.000000 0.161398
 2.200000 -0.998042 0.062551 0.928312 0.371802 -1.508204 1.189847 0.062551 -0.998042 0.371802 0.928312 0.810274 324.109605 -0.027464 1.150189 200.000000 1.150189 0.171890 68.756144 -0.956582 0.175487 200.000000 0.175487 2.014353 805.741011 0.229874 1.282956 200.000000 1.282956 0.005353 2.141168 0.920996 0.348626 200.000000 0.348626
 2.400000 -0.999863 -0.016557 0.950949 0.309347 -1.587354 1.256290 -0.016557 -0.999863 0.309347 0.950949 0.081936 32.774596 -0.045181 1.255432 200.000000 1.255432 0.750844 300.337497 -0.913212 0.729608 200.000000 0.729608 1.118117 447.246741 0.203606 1.405670 200.000000 1.405670 0.571490 228.596150 0.875352 0.982364 200.000000 0.982364
 2.600000 -0.986210 -0.165496 0.898155 0.439680 -1.737058 1.115554 -0.165496 -0.986210 0.439680 0.898155 1.052624 421.049610 -0.062899 1.309192 200.000000 1.309192 1.354177 541.670799 -0.869841 1.641190 200.000000 1.641190 6.882312 2752.924917 0.177338 1.591052 200.000000 1.591052 0.468484 187.393598 0.829709 2.061118 200.000000 2.061118
 2.800000 -0.996491 -0.083705 0.974988 0.222259 -1.654599 1.346665 -0.083705 -0.996491 0.222259 0.974988 0.000954 0.381472 -0.080616 1.341356 200.000000 1.341356 2.890671 1156.268505 -0.826471 2.924694 200.000000 2.924694 0.506790 202.716010 0.151070 1.787727 200.000000 1.787727 3.645135 1458.053969 0.784065 3.603032 200.000000 3.603032
 3.000000 -0.995315 -0.096690 0.977650 0.210239 -1.667637 1.358977 -0.096690 -0.995315 0.210239 0.977650 0.000270 0.108119 -0.098334 1.411775 200.000000 1.411775 4.503482 1801.392950 -0.783100 4.589473 200.000000 4.589473 0.729937 291.974987 0.124802 2.054542 200.000000 2.054542 5.723022 2289.208674 0.738422 5.598634 200.000000 5.598634
 3.200000 -0.997484 -0.070890 0.999565 0.029508 -1.641746 1.541284 -0.070890 -0.997484 0.029508 0.999565 0.203957 81.582812 -0.116051 1.414484 200.000000 1.414484 6.643718 2657.487063 -0.739730 6.583643 200.000000 6.583643 0.476459 190.583439 0.098534 2.353791 200.000000 2.353791 9.411781 3764.712455 0.692778 8.040729 200.000000 8.040729
 3.400000 -0.996098 -0.088249 0.999573 0.029216 -1.659160 1.541576 -0.088249 -0.996098 0.029216 0.999573 0.207210 82.884103 -0.133769 1.340012 200.000000 1.340012 8.984337 3593.734954 -0.696360 8.927221 200.000000 8.927221 0.185327 74.130818 0.072266 2.666002 200.000000 2.666002 12.421275 4968.510108 0.647135 10.940475 200.000000 10.940475
 3.600000 -0.995853 -0.090980 0.998889 0.047130 -1.661903 1.523649 -0.090980 -0.995853 0.047130 0.998889 0.366099 146.439435 -0.151486 1.213106 200.000000 1.213106 11.755535 4702.214009 -0.652989 11.601005 200.000000 11.601005 0.000128 0.051271 0.045998 2.925482 200.000000 2.925482 15.792470 6316.987980 0.601491 14.292547 200.000000 14.292547
 3.800000 -0.965787 -0.259338 0.999971 -0.007583 -1.833133 1.578379 -0.259338 -0.965787 -0.007583 0.999971 0.812413 324.965392 -0.169204 0.981502 200.000000 0.981502 12.685552 5074.220978 -0.609619 14.554899 200.000000 14.554899 0.074599 29.839760 0.019730 3.058825 200.000000 3.058825 19.724556 7889.822581 0.555848 18.094179 200.000000 18.094179
 4.000000 -0.941138 -0.338023 0.998631 -0.052314 -1.915612 1.623134 -0.338023 -0.941138 -0.052314 0.998631 2.283177 913.270824 -0.186921 0.671044 200.000000 0.671044 14.054202 5621.680948 -0.566248 17.811185 200.000000 17.811185 0.209540 83.816010 -0.006538 3.118815 200.000000 3.118815 23.856024 9542.409545 0.510204 22.340784 200.000000 22.340784
 4.200000 -0.937358 -0.348369 1.000000 0.000961 -1.926627 1.569836 -0.348369 -0.937358 0.000961 1.000000 2.065830 826.332131 -0.204639 0.337522 200.000000 0.337522 17.179328 6871.731280 -0.522878 21.377975 200.000000 21.377975 0.114020 45.608191 -0.032806 2.890374 200.000000 2.890374 28.669448 11467.779110 0.464561 26.975434 200.000000 26.975434
 4.400000 -0.900956 -0.433911 0.989582 -0.143972 -2.019625 1.715271 -0.433911 -0.900956 -0.143972 0.989582 4.475524 1790.209606 -0.222356 -0.257710 200.000000 -0.257710 17.761866 7104.746322 -0.479508 25.027242 200.000000 25.027242 0.720772 288.308619 -0.059074 2.465887 200.000000 2.465887 32.565764 13026.305762 0.418917 31.951814 200.000000 31.951814
 4.600000 -0.878564 -0.477625 0.934979 -0.354703 -2.068746 1.933392 -0.477625 -0.878564 -0.354703 0.934979 5.643064 2257.225524 -0.240074 -0.914288 200.000000 -0.914288 19.574122 7829.648950 -0.436137 28.911974 200.000000 28.911974 7.255510 2902.203961 -0.085342 1.903707 200.000000 1.903707 31.551263 12620.505112 0.373274 37.259603 200.000000 37.259603
 4.800000 -0.795260 -0.606269 0.963219 -0.268717 -2.222157 1.842857 -0.606269 -0.795260 -0.268717 0.963219 12.143658 4857.463295 -0.257791 -1.952593 200.000000 -1.952593 16.200060 6480.023879 -0.392767 32.589921 200.000000 32.589921 2.468240 987.296053 -0.111610 0.849685 200.000000 0.849685 40.397304 16158.921483 0.327631 42.756335 200.000000 42.756335
 5.000000 -0.737678 -0.675153 0.949956 -0.312384 -2.311968 1.888498 -0.675153 -0.737678 -0.312384 0.949956 15.971548 6388.619168 -0.275509 -2.973510 200.000000 -2.973510 15.076241 6030.496228 -0.349396 36.568225 200.000000 36.568225 3.045235 1218.094115 -0.137878 -0.651903 200.000000 -0.651903 44.618221 17847.288377 0.281987 48.282696 200.000000 48.282696
 5.200000 -0.616894 -0.787046 0.827419 -0.561585 -2.476803 2.167097 -0.787046 -0.616894 -0.561585 0.827419 24.385824 9754.329644 -0.293226 -4.341490 200.000000 -4.341490 9.663885 3865.554136 -0.306026 40.127697 200.000000 40.127697 15.795755 6318.302031 -0.164146 -2.859435 200.000000 -2.859435 34.937011 13974.804336 0.236344 53.374590 200.000000 53.374590
 5.400000 -0.666441 -0.745558 0.580758 -0.814076 -2.412168 2.521933 -0.745558 -0.666441 -0.814076 0.580758 18.888937 7555.574965 -0.310944 -5.838935 200.000000 -5.838935 16.304263 6521.705062 -0.262656 43.584189 200.000000 43.584189 38.895382 15558.152753 -0.190414 -5.358084 200.000000 -5.358084 15.214541 6085.816328 0.190700 58.258840 200.000000 58.258840
 5.600000 -0.634909 -0.772587 0.475015 -0.879978 -2.453702 2.646611 -0.772587 -0.634909 -0.879978 0.475015 19.707024 7882.809581 -0.328661 -7.520644 200.000000 -7.520644 17.274290 6909.716011 -0.219285 46.718223 200.000000 46.718223 43.996048 17598.419092 -0.216682 -8.450883 200.000000 -8.450883 10.887263 4354.905370 0.145057 62.266823 200.000000 62.266823
 5.800000 -0.514908 -0.857246 0.258072 -0.966126 -2.600693 2.880566 -0.857246 -0.514908 -0.966126 0.258072 26.098506 10439.402395 -0.346379 -9.344570 200.000000 -9.344570 11.491611 4596.644443 -0.175915 49.474429 200.000000 49.474429 52.298224 20919.289469 -0.242950 -11.917516 200.000000 -11.917516 2.517276 1006.910308 0.099413 65.266000 200.000000 65.266000
 6.000000 -0.445033 -0.895514 0.194685 -0.980866 -2.680382 2.945657 -0.895514 -0.445033 -0.980866 0.194685 28.240518 11296.207282 -0.364096 -11.267680 200.000000 -11.267680 9.764897 3905.958648 -0.132544 51.922255 200.000000 51.922255 50.644204 20257.681614 -0.269218 -15.591673 200.000000 -15.591673 1.985698 794.279028 0.053770 67.222254 200.000000 67.222254
 6.200000 -0.191782 -0.981438 0.032387 -0.999475 -2.948616 3.109200 -0.981438 -0.191782 -0.999475 0.032387 35.954883 14381.953206 -0.381814 -13.299162 200.000000 -13.299162 1.052832 421.132966 -0.089174 53.674288 200.000000 53.674288 49.560033 19824.013217 -0.295487 -19.293826 200.000000 -19.293826 0.058858 23.543036 0.008126 68.188454 200.000000 68.188454
 6.400000 -0.121924 -0.992539 -0.091927 -0.995766 -3.019364 -3.049536 -0.992539 -0.121924 -0.995766 -0.091927 35.165869 14066.347642 -0.399531 -15.354483 200.000000 -15.354483 0.579439 231.775607 -0.045804 54.993950 200.000000 54.993950 45.429110 18171.644116 -0.321755 -22.905882 200.000000 -22.905882 0.296039 118.415606 -0.037517 68.671206 200.000000 68.671206
 6.600000 -0.211851 -0.977302 -0.182300 -0.983243 -2.928124 -2.958267 -0.977302 -0.211851 -0.983243 -0.182300 31.365967 12546.386731 -0.417249 -17.373076 200.000000 -17.373076 4.385585 1754.234165 -0.002433 56.362097 200.000000 56.362097 40.350480 16140.191860 -0.348023 -26.348698 200.000000 -26.348698 0.982868 393.147152 -0.083161 68.066570 200.000000 68.066570
 6.800000 0.081795 -0.996649 -0.353079 -0.935593 3.059706 -2.780732 -0.996649 0.081795 -0.935593 -0.353079 31.548775 12619.510094 -0.434966 -19.386240 200.000000 -19.386240 0.166937 66.774833 0.040937 57.016159 200.000000 57.016159 31.506070 12602.428125 -0.374291 -29.570071 200.000000 -29.570071 5.029943 2011.977137 -0.128804 67.122883 200.000000 67.122883
 7.000000 -0.057169 -0.998365 -0.354810 -0.934938 -3.084392 -2.778882 -0.998365 -0.057169 -0.934938 -0.354810 29.776757 11910.702697 -0.452684 -21.341723 200.000000 -21.341723 2.001570 800.628136 0.084308 57.453492 200.000000 57.453492 28.556172 11422.468794 -0.400559 -32.557302 200.000000 -32.557302 3.253058 1301.223185 -0.174448 65.839882 200.000000 65.839882
 7.200000 0.079570 -0.996829 -0.333389 -0.942790 3.061938 -2.801697 -0.996829 0.079570 -0.942790 -0.333389 27.712652 11085.060845 -0.470401 -23.215295 200.000000 -23.215295 0.231434 92.573762 0.127678 57.398280 200.000000 57.398280 26.621758 10648.703314 -0.426827 -35.252506 200.000000 -35.252506 1.283633 513.453015 -0.220091 64.289620 200.000000 64.289620
 7.400000 0.143197 -0.989694 -0.581422 -0.813602 2.997902 -2.521117 -0.989694 0.143197 -0.813602 -0.581422 25.157807 10063.122928 -0.488119 -25.017675 200.000000 -25.017675 0.077572 31.028863 0.171049 57.513476 200.000000 57.513476 12.996546 5198.618212 -0.453095 -37.706718 200.000000 -37.706718 9.965873 3986.349094 -0.265734 62.740590 200.000000 62.740590
 7.600000 0.132452 -0.991189 -0.485333 -0.874329 3.008751 -2.634849 -0.991189 0.132452 -0.874329 -0.485333 23.556787 9422.714809 -0.505836 -26.630087 200.000000 -26.630087 0.671865 268.746181 0.214419 56.624911 200.000000 56.624911 15.599857 6239.942868 -0.479363 -39.804628 200.000000 -39.804628 3.026036 1210.414494 -0.311378 60.830225 200.000000 60.830225
 7.800000 0.342853 -0.939389 -0.574178 -0.818730 2.791640 -2.529993 -0.939389 0.342853 -0.818730 -0.574178 17.291910 6916.763832 -0.523554 -28.215097 200.000000 -28.215097 0.723584 289.433477 0.257789 56.375683 200.000000 56.375683 9.803127 3921.250827 -0.505631 -41.694369 200.000000 -41.694369 4.715708 1886.283172 -0.357021 59.132703 200.000000 59.132703
 8.000000 0.403900 -0.914803 -0.567670 -0.823256 2.725816 -2.537919 -0.914803 0.403900 -0.823256 -0.567670 13.952611 5581.044436 -0.541271 -29.567669 200.000000 -29.567669 1.055560 422.224031 0.301160 55.316091 200.000000 55.316091 8.488892 3395.556899 -0.531899 -43.318805 200.000000 -43.318805 2.722680 1089.072172 -0.402665 57.514101 200.000000 57.514101
 8.200000 0.327063 -0.945003 -0.641179 -0.767392 2.808399 -2.445559 -0.945003 0.327063 -0.767392 -0.641179 14.900687 5960.274798 -0.558989 -30.856909 200.000000 -30.856909 0.030512 12.204635 0.344530 54.622810 200.000000 54.622810 4.377492 1750.996781 -0.558167 -44.678224 200.000000 -44.678224 3.719901 1487.960257 -0.448308 55.989610 200.000000 55.989610
 8.400000 0.536890 -0.843652 -0.697908 -0.716188 2.574846 -2.369121 -0.843652 0.536890 -0.716188 -0.697908 7.126020 2850.407919 -0.576706 -31.899696 200.000000 -31.899696 2.219790 887.916126 0.387901 53.473959 200.000000 53.473959 1.735873 694.349061 -0.584435 -45.801837 200.000000 -45.801837 4.159808 1663.923308 -0.493952 54.689769 200.000000 54.689769
 8.600000 0.546878 -0.837213 -0.682886 -0.730525 2.562962 -2.389887 -0.837213 0.546878 -0.730525 -0.682886 5.894649 2357.859783 -0.594424 -32.862043 200.000000 -32.862043 1.336489 534.595771 0.431271 52.584030 200.000000 52.584030 1.435729 574.291564 -0.610703 -46.718295 200.000000 -46.718295 2.053223 821.289244 -0.539595 53.647465 200.000000 53.647465
 8.800000 0.569719 -0.821839 -0.716729 -0.697352 2.535428 -2.342492 -0.821839 0.569719 -0.697352 -0.716729 4.397333 1758.933165 -0.612141 -33.710468 200.000000 -33.710468 0.903984 361.593569 0.474641 51.874880 200.000000 51.874880 0.364579 145.831796 -0.636971 -47.412580 200.000000 -47.412580 1.728976 691.590530 -0.585239 52.824252 200.000000 52.824252
 9.000000 0.567115 -0.823639 -0.637219 -0.770683 2.538594 -2.450709 -0.823639 0.567115 -0.770683 -0.637219 3.755085 1502.033819 -0.629859 -34.320058 200.000000 -34.320058 0.241108 96.443113 0.518012 50.913656 200.000000 50.913656 1.154419 461.767675 -0.663239 -47.896747 200.000000 -47.896747 0.004015 1.606038 -0.630882 52.280736 200.000000 52.280736
 9.200000 0.672555 -0.740047 -0.654790 -0.755811 2.403937 -2.427688 -0.740047 0.672555 -0.755811 -0.654790 0.855092 342.036610 -0.647576 -34.913622 200.000000 -34.913622 1.235938 494.375151 0.561382 50.482850 200.000000 50.482850 0.439615 175.845966 -0.689507 -48.202824 200.000000 -48.202824 0.047243 18.897144 -0.676526 52.076061 200.000000 52.076061
 9.400000 0.711264 -0.702925 -0.678537 -0.734567 2.350298 -2.395824 -0.702925 0.711264 -0.734567 -0.678537 0.141615 56.646094 -0.665294 -35.249573 200.000000 -35.249573 1.134460 453.784153 0.604753 49.830228 200.000000 49.830228 0.075404 30.161696 -0.707107 -48.202735 200.000000 -48.202735 0.081626 32.650256 -0.707107 51.940783 200.000000 51.940783
 9.600000 0.568556 -0.822645 -0.690613 -0.723224 2.536843 -2.379256 -0.822645 0.568556 -0.723224 -0.690613 1.949753 779.901297 -0.683011 -35.563543 200.000000 -35.563543 0.633091 253.236489 0.648123 49.674828 200.000000 49.674828 0.025977 10.390710 -0.707107 -48.202735 200.000000 -48.202735 0.027203 10.881224 -0.707107 51.940783 200.000000 51.940783
 9.800000 0.726541 -0.687123 -0.720657 -0.693292 2.328318 -2.336843 -0.687123 0.726541 -0.693292 -0.720657 0.018512 7.404639 -0.700728 -35.674766 200.000000 -35.674766 0.122836 49.134236 0.691493 49.520580 200.000000 49.520580 0.019085 7.634166 -0.707107 -48.202735 200.000000 -48.202735 0.018361 7.344330 -0.707107 51.940783 200.000000 51.940783
 10.000000 0.673033 -0.739612 -0.682560 -0.730829 2.403291 -2.390333 -0.739612 0.673033 -0.730829 -0.682560 0.105662 42.264789 -0.707107 -35.661375 200.000000 -35.661375 0.116102 46.440949 0.707107 49.459345 200.000000 49.459345 0.056276 22.510502 -0.707107 -48.202735 200.000000 -48.202735 0.060254 24.101437 -0.707107 51.940783 200.000000 51.940783
 10.200000 0.772320 -0.635234 -0.666198 -0.745775 2.259107 -2.412494 -0.635234 0.772320 -0.745775 -0.666198 0.516574 206.629405 -0.707107 -35.661375 200.000000 -35.661375 0.425276 170.110295 0.707107 49.459345 200.000000 49.459345 0.149522 59.808781 -0.707107 -48.202735 200.000000 -48.202735 0.167352 66.940894 -0.707107 51.940783 200.000000 51.940783
 10.400000 0.739489 -0.673168 -0.662879 -0.748727 2.309282 -2.416935 -0.673168 0.739489 -0.748727 -0.662879 0.115181 46.072311 -0.707107 -35.661375 200.000000 -35.661375 0.104862 41.944685 0.707107 49.459345 200.000000 49.459345 0.173221 69.288328 -0.707107 -48.202735 200.000000 -48.202735 0.195610 78.244052 -0.707107 51.940783 200.000000 51.940783
 10.600000 0.711406 -0.702782 -0.615641 -0.788027 2.350096 -2.478393 -0.702782 0.711406 -0.788027 -0.615641 0.001871 0.748263 -0.707107 -35.661375 200.000000 -35.661375 0.001848 0.739193 0.707107 49.459345 200.000000 49.459345 0.654803 261.921266 -0.707107 -48.202735 200.000000 -48.202735 0.836598 334.639001 -0.707107 51.940783 200.000000 51.940783
 10.800000 0.728913 -0.684607 -0.670815 -0.741625 2.324861 -2.406286 -0.684607 0.728913 -0.741625 -0.670815 0.050625 20.249840 -0.707107 -35.661375 200.000000 -35.661375 0.047549 19.019576 0.707107 49.459345 200.000000 49.459345 0.119151 47.660599 -0.707107 -48.202735 200.000000 -48.202735 0.131712 52.684963 -0.707107 51.940783 200.000000 51.940783
 11.000000 0.706346 -0.707867 -0.708825 -0.705385 2.357270 -2.353762 -0.707867 0.706346 -0.705385 -0.708825 0.000058 0.023117 -0.707107 -35.661375 200.000000 -35.661375 0.000058 0.023167 0.707107 49.459345 200.000000 49.459345 0.000297 0.118641 -0.707107 -48.202735 200.000000 -48.202735 0.000295 0.118065 -0.707107 51.940783 200.000000 51.940783
 11.200000 0.702813 -0.711375 -0.776134 -0.630568 2.362249 -2.253082 -0.711375 0.702813 -0.630568 -0.776134 0.001822 0.728723 -0.707107 -35.661375 200.000000 -35.661375 0.001844 0.737601 0.707107 49.459345 200.000000 49.459345 0.585814 234.325481 -0.707107 -48.202735 200.000000 -48.202735 0.476472 190.588911 -0.707107 51.940783 200.000000 51.940783
 11.400000 0.711206 -0.702983 -0.791435 -0.611253 2.350380 -2.228439 -0.702983 0.711206 -0.611253 -0.791435 0.001700 0.680095 -0.707107 -35.661375 200.000000 -35.661375 0.001681 0.672232 0.707107 49.459345 200.000000 49.459345 0.918800 367.519806 -0.707107 -48.202735 200.000000 -48.202735 0.711132 284.452989 -0.707107 51.940783 200.000000 51.940783
 11.600000 0.772816 -0.634630 -0.714956 -0.699170 2.258326 -2.345032 -0.634630 0.772816 -0.699170 -0.714956 0.525283 210.113305 -0.707107 -35.661375 200.000000 -35.661375 0.431768 172.707190 0.707107 49.459345 200.000000 49.459345 0.006299 2.519751 -0.707107 -48.202735 200.000000 -48.202735 0.006160 2.464120 -0.707107 51.940783 200.000000 51.940783
 11.800000 0.708306 -0.705905 -0.720552 -0.693401 2.354497 -2.336994 -0.705905 0.708306 -0.693401 -0.720552 0.000144 0.057756 -0.707107 -35.661375 200.000000 -35.661375 0.000144 0.057560 0.707107 49.459345 200.000000 49.459345 0.018786 7.514278 -0.707107 -48.202735 200.000000 -48.202735 0.018078 7.231180 -0.707107 51.940783 200.000000 51.940783
 12.000000 0.697499 -0.716586 -0.710325 -0.703874 2.369691 -2.351633 -0.716586 0.697499 -0.703874 -0.710325 0.008985 3.594129 -0.707107 -35.661375 200.000000 -35.661375 0.009231 3.692472 0.707107 49.459345 200.000000 49.459345 0.001045 0.418127 -0.707107 -48.202735 200.000000 -48.202735 0.001036 0.414329 -0.707107 51.940783 200.000000 51.940783
 12.200000 0.687398 -0.726281 -0.666321 -0.745665 2.383692 -2.412329 -0.726281 0.687398 -0.745665 -0.666321 0.036764 14.705495 -0.707107 -35.661375 200.000000 -35.661375 0.038842 15.536981 0.707107 49.459345 200.000000 49.459345 0.148675 59.470053 -0.707107 -48.202735 200.000000 -48.202735 0.166350 66.539832 -0.707107 51.940783 200.000000 51.940783
 12.400000 0.658804 -0.752315 -0.736233 -0.676728 2.422365 -2.314105 -0.752315 0.658804 -0.676728 -0.736233 0.204378 81.751070 -0.707107 -35.661375 200.000000 -35.661375 0.233319 93.327710 0.707107 49.459345 200.000000 49.459345 0.092289 36.915463 -0.707107 -48.202735 200.000000 -48.202735 0.084836 33.934328 -0.707107 51.940783 200.000000 51.940783
 12.600000 0.686861 -0.726789 -0.709563 -0.704642 2.384432 -2.352715 -0.726789 0.686861 -0.704642 -0.709563 0.038739 15.495445 -0.707107 -35.661375 200.000000 -35.661375 0.040990 16.395843 0.707107 49.459345 200.000000 49.459345 0.000608 0.243044 -0.707107 -48.202735 200.000000 -48.202735 0.000603 0.241358 -0.707107 51.940783 200.000000 51.940783
 12.800000 0.687846 -0.725856 -0.671899 -0.740642 2.383075 -2.404822 -0.725856 0.687846 -0.740642 -0.671899 0.035155 14.062000 -0.707107 -35.661375 200.000000 -35.661375 0.037097 14.838775 0.707107 49.459345 200.000000 49.459345 0.112463 44.985343 -0.707107 -48.202735 200.000000 -48.202735 0.123955 49.582130 -0.707107 51.940783 200.000000 51.940783
 13.000000 0.704620 -0.709585 -0.654322 -0.756216 2.359705 -2.428307 -0.709585 0.704620 -0.756216 -0.654322 0.000614 0.245601 -0.707107 -35.661375 200.000000 -35.661375 0.000618 0.247332 0.707107 49.459345 200.000000 49.459345 0.241172 96.468944 -0.707107 -48.202735 200.000000 -48.202735 0.278624 111.449470 -0.707107 51.940783 200.000000 51.940783
 13.200000 0.704111 -0.710090 -0.615998 -0.787748 2.360422 -2.477941 -0.710090 0.704111 -0.787748 -0.615998 0.000890 0.355987 -0.707107 -35.661375 200.000000 -35.661375 0.000898 0.359010 0.707107 49.459345 200.000000 49.459345 0.650301 260.120519 -0.707107 -48.202735 200.000000 -48.202735 0.830089 332.035441 -0.707107 51.940783 200.000000 51.940783
 13.400000 0.706080 -0.708132 -0.688833 -0.724920 2.357646 -2.381715 -0.708132 0.706080 -0.724920 -0.688833 0.000105 0.042077 -0.707107 -35.661375 200.000000 -35.661375 0.000105 0.042199 0.707107 49.459345 200.000000 49.459345 0.031732 12.692844 -0.707107 -48.202735 200.000000 -48.202735 0.033394 13.357592 -0.707107 51.940783 200.000000 51.940783
 13.600000 0.678398 -0.734694 -0.658993 -0.752149 2.396012 -2.422113 -0.734694 0.678398 -0.752149 -0.658993 0.076107 30.442911 -0.707107 -35.661375 200.000000 -35.661375 0.082418 32.967092 0.707107 49.459345 200.000000 49.459345 0.202877 81.150752 -0.707107 -48.202735 200.000000 -48.202735 0.231489 92.595529 -0.707107 51.940783 200.000000 51.940783
 13.800000 0.680961 -0.732319 -0.667033 -0.745028 2.392518 -2.411373 -0.732319 0.680961 -0.745028 -0.667033 0.063567 25.426988 -0.707107 -35.661375 200.000000 -35.661375 0.068358 27.343376 0.707107 49.459345 200.000000 49.459345 0.143801 57.520378 -0.707107 -48.202735 200.000000 -48.202735 0.160588 64.235259 -0.707107 51.940783 200.000000 51.940783
 14.000000 0.644590 -0.764529 -0.693885 -0.720086 2.441106 -2.374722 -0.764529 0.644590 -0.720086 -0.693885 0.329728 131.891144 -0.707107 -35.661375 200.000000 -35.661375 0.390839 156.335569 0.707107 49.459345 200.000000 49.459345 0.016846 6.738206 -0.707107 -48.202735 200.000000 -48.202735 0.017481 6.992593 -0.707107 51.940783 200.000000 51.940783
 14.200000 0.670736 -0.741696 -0.737977 -0.674826 2.406392 -2.311526 -0.741696 0.670736 -0.674826 -0.737977 0.119644 47.857446 -0.707107 -35.661375 200.000000 -35.661375 0.132285 52.913809 0.707107 49.459345 200.000000 49.459345 0.104202 41.680947 -0.707107 -48.202735 200.000000 -48.202735 0.095294 38.117630 -0.707107 51.940783 200.000000 51.940783
 14.400000 0.691668 -0.722216 -0.740646 -0.671896 2.377797 -2.307562 -0.722216 0.691668 -0.671896 -0.740646 0.022827 9.130999 -0.707107 -35.661375 200.000000 -35.661375 0.023835 9.534173 0.707107 49.459345 200.000000 49.459345 0.123982 49.592999 -0.707107 -48.202735 200.000000 -48.202735 0.112487 44.994736 -0.707107 51.940783 200.000000 51.940783
 14.600000 0.627665 -0.778484 -0.742216 -0.670161 2.463043 -2.305222 -0.778484 0.627665 -0.670161 -0.742216 0.509468 203.787097 -0.707107 -35.661375 200.000000 -35.661375 0.631104 252.441707 0.707107 49.459345 200.000000 49.459345 0.136498 54.599270 -0.707107 -48.202735 200.000000 -48.202735 0.123263 49.305306 -0.707107 51.940783 200.000000 51.940783
 14.800000 0.696293 -0.717757 -0.722523 -0.691347 2.371372 -2.334148 -0.717757 0.696293 -0.691347 -0.722523 0.011343 4.537307 -0.707107 -35.661375 200.000000 -35.661375 0.011693 4.677158 0.707107 49.459345 200.000000 49.459345 0.024836 9.934551 -0.707107 -48.202735 200.000000 -48.202735 0.023765 9.505997 -0.707107 51.940783 200.000000 51.940783
 15.000000 0.697474 -0.716610 -0.717134 -0.696935 2.369726 -2.341911 -0.716610 0.697474 -0.696935 -0.717134 0.009031 3.612365 -0.707107 -35.661375 200.000000 -35.661375 0.009279 3.711463 0.707107 49.459345 200.000000 49.459345 0.010346 4.138479 -0.707107 -48.202735 200.000000 -48.202735 0.010055 4.021925 -0.707107 51.940783 200.000000 51.940783
 15.200000 0.682204 -0.731162 -0.722707 -0.691155 2.390820 -2.333882 -0.731162 0.682204 -0.691155 -0.722707 0.057867 23.146609 -0.707107 -35.661375 200.000000 -35.661375 0.062017 24.806703 0.707107 49.459345 200.000000 49.459345 0.025446 10.178406 -0.707107 -48.202735 200.000000 -48.202735 0.024335 9.734149 -0.707107 51.940783 200.000000 51.940783
 15.400000 0.676970 -0.736011 -0.746802 -0.665047 2.397955 -2.298353 -0.736011 0.676970 -0.665047 -0.746802 0.083546 33.418273 -0.707107 -35.661375 200.000000 -35.661375 0.090825 36.330178 0.707107 49.459345 200.000000 49.459345 0.176905 70.761998 -0.707107 -48.202735 200.000000 -48.202735 0.157569 63.027676 -0.707107 51.940783 200.000000 51.940783
 15.600000 0.654857 -0.755753 -0.754741 -0.656022 2.427600 -2.286333 -0.755753 0.654857 -0.656022 -0.754741 0.236646 94.658444 -0.707107 -35.661375 200.000000 -35.661375 0.273007 109.202825 0.707107 49.459345 200.000000 49.459345 0.260961 104.384520 -0.707107 -48.202735 200.000000 -48.202735 0.226906 90.762319 -0.707107 51.940783 200.000000 51.940783
 15.800000 0.626481 -0.779437 -0.730589 -0.682818 2.464563 -2.322409 -0.779437 0.626481 -0.682818 -0.730589 0.523167 209.266964 -0.707107 -35.661375 200.000000 -35.661375 0.650060 260.023888 0.707107 49.459345 200.000000 49.459345 0.058996 23.598206 -0.707107 -48.202735 200.000000 -48.202735 0.055140 22.056044 -0.707107 51.940783 200.000000 51.940783
 16.000000 0.659972 -0.751290 -0.729402 -0.684085 2.420811 -2.324145 -0.751290 0.659972 -0.684085 -0.729402 0.195219 78.087411 -0.707107 -35.661375 200.000000 -35.661375 0.222170 88.868043 0.707107 49.459345 200.000000 49.459345 0.053001 21.200417 -0.707107 -48.202735 200.000000 -48.202735 0.049710 19.883895 -0.707107 51.940783 200.000000 51.940783
 16.200000 0.708513 -0.705698 -0.689949 -0.723858 2.354205 -2.380174 -0.705698 0.708513 -0.723858 -0.689949 0.000198 0.079357 -0.707107 -35.661375 200.000000 -35.661375 0.000198 0.079042 0.707107 49.459345 200.000000 49.459345 0.028060 11.224169 -0.707107 -48.202735 200.000000 -48.202735 0.029439 11.775643 -0.707107 51.940783 200.000000 51.940783
 16.400000 0.681097 -0.732193 -0.661462 -0.749979 2.392333 -2.418827 -0.732193 0.681097 -0.749979 -0.661462 0.062932 25.172969 -0.707107 -35.661375 200.000000 -35.661375 0.067650 27.060170 0.707107 49.459345 200.000000 49.459345 0.183803 73.521012 -0.707107 -48.202735 200.000000 -48.202735 0.208348 83.339072 -0.707107 51.940783 200.000000 51.940783
 16.600000 0.696836 -0.717230 -0.679529 -0.733648 2.370615 -2.394472 -0.717230 0.696836 -0.733648 -0.679529 0.010248 4.099250 -0.707107 -35.661375 200.000000 -35.661375 0.010548 4.219206 0.707107 49.459345 200.000000 49.459345 0.070445 28.178144 -0.707107 -48.202735 200.000000 -48.202735 0.076051 30.420595 -0.707107 51.940783 200.000000 51.940783
 16.800000 0.673028 -0.739617 -0.674637 -0.738149 2.403297 -2.401119 -0.739617 0.673028 -0.738149 -0.674637 0.105691 42.276592 -0.707107 -35.661375 200.000000 -35.661375 0.116136 46.454545 0.707107 49.459345 200.000000 49.459345 0.096364 38.545765 -0.707107 -48.202735 200.000000 -48.202735 0.105427 42.170730 -0.707107 51.940783 200.000000 51.940783
 17.000000 0.655214 -0.755443 -0.662851 -0.748751 2.427126 -2.416972 -0.755443 0.655214 -0.748751 -0.662851 0.233639 93.455625 -0.707107 -35.661375 200.000000 -35.661375 0.269282 107.712912 0.707107 49.459345 200.000000 49.459345 0.173424 69.369466 -0.707107 -48.202735 200.000000 -48.202735 0.195854 78.341446 -0.707107 51.940783 200.000000 51.940783
 17.200000 0.688610 -0.725132 -0.717794 -0.696256 2.382022 -2.340964 -0.725132 0.688610 -0.696256 -0.717794 0.032491 12.996296 -0.707107 -35.661375 200.000000 -35.661375 0.034213 13.685349 0.707107 49.459345 200.000000 49.459345 0.011774 4.709621 -0.707107 -48.202735 200.000000 -48.202735 0.011421 4.568324 -0.707107 51.940783 200.000000 51.940783
 17.400000 0.747565 -0.664189 -0.670732 -0.741700 2.297205 -2.406397 -0.664189 0.747565 -0.741700 -0.670732 0.184193 73.677338 -0.707107 -35.661375 200.000000 -35.661375 0.163684 65.473626 0.707107 49.459345 200.000000 49.459345 0.119668 47.867237 -0.707107 -48.202735 200.000000 -48.202735 0.132313 52.925193 -0.707107 51.940783 200.000000 51.940783
 17.600000 0.692746 -0.721182 -0.662491 -0.749070 2.376303 -2.417453 -0.721182 0.692746 -0.749070 -0.662491 0.019811 7.924418 -0.707107 -35.661375 200.000000 -35.661375 0.020624 8.249638 0.707107 49.459345 200.000000 49.459345 0.176091 70.436470 -0.707107 -48.202735 200.000000 -48.202735 0.199058 79.623230 -0.707107 51.940783 200.000000 51.940783
 17.800000 0.674494 -0.738281 -0.654527 -0.756038 2.401314 -2.428036 -0.738281 0.674494 -0.756038 -0.654527 0.097181 38.872264 -0.707107 -35.661375 200.000000 -35.661375 0.106361 42.544496 0.707107 49.459345 200.000000 49.459345 0.239431 95.772285 -0.707107 -48.202735 200.000000 -48.202735 0.276461 110.584419 -0.707107 51.940783 200.000000 51.940783
 18.000000 0.671790 -0.740742 -0.719357 -0.694640 2.404970 -2.338716 -0.740742 0.671790 -0.694640 -0.719357 0.113132 45.252734 -0.707107 -35.661375 200.000000 -35.661375 0.124729 49.891639 0.707107 49.459345 200.000000 49.459345 0.015542 6.216609 -0.707107 -48.202735 200.000000 -48.202735 0.015008 6.003038 -0.707107 51.940783 200.000000 51.940783
 18.200000 0.653681 -0.756770 -0.684515 -0.728998 2.429154 -2.387654 -0.756770 0.653681 -0.728998 -0.684515 0.246645 98.657942 -0.707107 -35.661375 200.000000 -35.661375 0.285430 114.172187 0.707107 49.459345 200.000000 49.459345 0.047924 19.169792 -0.707107 -48.202735 200.000000 -48.202735 0.051037 20.414901 -0.707107 51.940783 200.000000 51.940783
 18.400000 0.745153 -0.666894 -0.719905 -0.694072 2.300829 -2.337927 -0.666894 0.745153 -0.694072 -0.719905 0.161708 64.683364 -0.707107 -35.661375 200.000000 -35.661375 0.144750 57.899917 0.707107 49.459345 200.000000 49.459345 0.016990 6.795902 -0.707107 -48.202735 200.000000 -48.202735 0.016380 6.552079 -0.707107 51.940783 200.000000 51.940783
 18.600000 0.713977 -0.700169 -0.689802 -0.723998 2.346431 -2.380378 -0.700169 0.713977 -0.723998 -0.689802 0.004813 1.925239 -0.707107 -35.661375 200.000000 -35.661375 0.004720 1.888008 0.707107 49.459345 200.000000 49.459345 0.028533 11.413177 -0.707107 -48.202735 200.000000 -48.202735 0.029947 11.978816 -0.707107 51.940783 200.000000 51.940783
 18.800000 0.722034 -0.691858 -0.740755 -0.671775 2.334856 -2.307399 -0.691858 0.722034 -0.671775 -0.740755 0.023253 9.301016 -0.707107 -35.661375 200.000000 -35.661375 0.022281 8.912390 0.707107 49.459345 200.000000 49.459345 0.124832 49.932799 -0.707107 -48.202735 200.000000 -48.202735 0.113221 45.288283 -0.707107 51.940783 200.000000 51.940783
 19.000000 0.712389 -0.701785 -0.742009 -0.670390 2.348696 -2.305530 -0.701785 0.712389 -0.670390 -0.742009 0.002832 1.132875 -0.707107 -35.661375 200.000000 -35.661375 0.002790 1.116012 0.707107 49.459345 200.000000 49.459345 0.134814 53.925549 -0.707107 -48.202735 200.000000 -48.202735 0.121817 48.726966 -0.707107 51.940783 200.000000 51.940783
 19.200000 0.676677 -0.736280 -0.693030 -0.720909 2.398352 -2.375909 -0.736280 0.676677 -0.720909 -0.693030 0.085106 34.042375 -0.707107 -35.661375 200.000000 -35.661375 0.092595 37.038079 0.707107 49.459345 200.000000 49.459345 0.019050 7.619846 -0.707107 -48.202735 200.000000 -48.202735 0.019816 7.926313 -0.707107 51.940783 200.000000 51.940783
 19.400000 0.721340 -0.692581 -0.726857 -0.686788 2.335857 -2.327858 -0.692581 0.721340 -0.686788 -0.726857 0.021101 8.440265 -0.707107 -35.661375 200.000000 -35.661375 0.020260 8.103821 0.707107 49.459345 200.000000 49.459345 0.041284 16.513533 -0.707107 -48.202735 200.000000 -48.202735 0.039009 15.603555 -0.707107 51.940783 200.000000 51.940783
 19.600000 0.654943 -0.755679 -0.710874 -0.703320 2.427486 -2.350853 -0.755679 0.654943 -0.703320 -0.710874 0.235922 94.368772 -0.707107 -35.661375 200.000000 -35.661375 0.272110 108.843817 0.707107 49.459345 200.000000 49.459345 0.001434 0.573637 -0.707107 -48.202735 200.000000 -48.202735 0.001419 0.567542 -0.707107 51.940783 200.000000 51.940783
 19.800000 0.735120 -0.677937 -0.701001 -0.713160 2.315749 -2.364792 -0.677937 0.735120 -0.713160 -0.701001 0.085090 34.035821 -0.707107 -35.661375 200.000000 -35.661375 0.078476 31.390319 0.707107 49.459345 200.000000 49.459345 0.003664 1.465694 -0.707107 -48.202735 200.000000 -48.202735 0.003728 1.491116 -0.707107 51.940783 200.000000 51.940783
 20.000000 0.714207 -0.699935 -0.650247 -0.759723 2.346102 -2.433683 -0.699935 0.714207 -0.759723 -0.650247 0.005144 2.057640 -0.707107 -35.661375 200.000000 -35.661375 0.005041 2.016523 0.707107 49.459345 200.000000 49.459345 0.276846 110.738424 -0.707107 -48.202735 200.000000 -48.202735 0.323304 129.321784 -0.707107 51.940783 200.000000 51.940783
