#! FIELDS time sin_phi cos_phi sin_psi cos_psi phi psi cos_phi sin_phi cos_psi sin_psi restraint_phi_cos.bias restraint_phi_cos.force2 restraint_phi_cos.cos_phi_cntr restraint_phi_cos.cos_phi_work restraint_phi_cos.cos_phi_kappa restraint_phi_cos.work restraint_phi_sin.bias restraint_phi_sin.force2 restraint_phi_sin.sin_phi_cntr restraint_phi_sin.sin_phi_work restraint_phi_sin.sin_phi_kappa restraint_phi_sin.work restraint_psi_cos.bias restraint_psi_cos.force2 restraint_psi_cos.cos_psi_cntr restraint_psi_cos.cos_psi_work restraint_psi_cos.cos_psi_kappa restraint_psi_cos.work restraint_psi_sin.bias restraint_psi_sin.force2 restraint_psi_sin.sin_psi_cntr restraint_psi_sin.sin_psi_work restraint_psi_sin.sin_psi_kappa restraint_psi_sin.work
#! SET min_phi -pi
#! SET max_phi pi
#! SET min_psi -pi
#! SET max_psi pi
 0.000000 -0.999983 -0.005782 0.966116 0.258110 -1.576579 1.309731 -0.005782 -0.999983 0.258110 0.966116 0.000000 0.000000 -0.009747 0.000000 0.000000 0.000000 0.000000 0.000000 -0.999953 0.000000 0.000000 0.000000 0.000000 0.000000 0.256142 0.000000 0.000000 0.000000 0.000000 0.000000 0.966639 0.000000 0.000000 0.000000
 0.200000 -1.000000 -0.000266 0.834655 0.550773 -1.571062 0.987506 -0.000266 -1.000000 0.550773 0.834655 0.000899 0.035954 -0.009747 0.429322 20.000000 0.429322 0.000000 0.000001 -0.999953 0.008204 20.000000 0.008204 0.868072 34.722866 0.256142 0.437494 20.000000 0.437494 0.174198 6.967905 0.966639 0.079186 20.000000 0.079186
 0.400000 -0.998238 0.059333 0.982968 0.183778 -1.511428 1.385968 0.059333 -0.998238 0.183778 0.982968 0.095441 7.635246 -0.009747 0.576151 40.000000 0.576151 0.000059 0.004702 -0.999953 0.009175 40.000000 0.009175 0.104733 8.378618 0.256142 0.652620 40.000000 0.652620 0.005333 0.426605 0.966639 0.103852 40.000000 0.103852
 0.600000 -0.997905 0.064690 0.969721 0.244216 -1.506061 1.324085 0.064690 -0.997905 0.244216 0.969721 0.166224 19.946879 -0.009747 0.652738 60.000000 0.652738 0.000126 0.015086 -0.999953 0.009549 60.000000 0.009549 0.004267 0.512080 0.256142 0.812949 60.000000 0.812949 0.000285 0.034192 0.966639 0.126978 60.000000 0.126978
 0.800000 -0.999998 0.001894 0.948099 0.317975 -1.568902 1.247203 0.001894 -0.999998 0.317975 0.948099 0.005420 0.867200 -0.009747 0.745440 80.000000 0.745440 0.000000 0.000013 -0.999953 0.009931 80.000000 0.009931 0.152931 24.469032 0.256142 0.870396 80.000000 0.870396 0.013749 2.199883 0.966639 0.131256 80.000000 0.131256
 1.000000 -0.997905 -0.064690 0.983714 0.179740 -1.635531 1.390074 -0.064690 -0.997905 0.179740 0.983714 0.150938 30.187619 -0.009747 0.830208 100.000000 0.830208 0.000210 0.041905 -0.999953 0.010215 100.000000 0.010215 0.291867 58.373466 0.256142 0.906296 100.000000 0.906296 0.014578 2.915595 0.966639 0.133900 100.000000 0.133900
 1.200000 -0.998628 0.052357 0.985226 0.171262 -1.518415 1.398686 0.052357 -0.998628 0.171262 0.985226 0.231412 55.538994 -0.009747 0.926095 120.000000 0.926095 0.000105 0.025246 -0.999953 0.010633 120.000000 0.010633 0.432282 103.747643 0.256142 0.992025 120.000000 0.992025 0.020727 4.974582 0.966639 0.141240 120.000000 0.141240
 1.400000 -0.999098 0.042471 0.979939 0.199299 -1.528313 1.370154 0.042471 -0.999098 0.199299 0.979939 0.190866 53.442499 -0.009747 0.960898 140.000000 0.960898 0.000051 0.014321 -0.999953 0.010712 140.000000 0.010712 0.226180 63.330420 0.256142 1.092945 140.000000 1.092945 0.012382 3.466844 0.966639 0.149518 140.000000 0.149518
 1.600000 -0.999952 0.009779 0.961528 0.274706 -1.561018 1.292512 0.009779 -0.999952 0.274706 0.961528 0.030498 9.759450 -0.009747 1.007093 160.000000 1.007093 0.000000 0.000000 -0.999953 0.010845 160.000000 0.010845 0.027570 8.822428 0.256142 1.162447 160.000000 1.162447 0.002090 0.668714 0.966639 0.156254 160.000000 0.156254
 1.800000 -0.999816 -0.019191 0.970209 0.242271 -1.589988 1.326090 -0.019191 -0.999816 0.242271 0.970209 0.008027 2.889774 -0.009747 1.051966 180.000000 1.051966 0.000002 0.000605 -0.999953 0.010933 180.000000 0.010933 0.017316 6.233938 0.256142 1.193883 180.000000 1.193883 0.001147 0.412811 0.966639 0.158912 180.000000 0.158912
 2.000000 -0.987451 0.157923 0.943128 0.332430 -1.412209 1.231917 0.157923 -0.987451 0.332430 0.943128 2.811311 1124.524500 -0.009747 1.081900 200.000000 1.081900 0.015628 6.251093 -0.999953 0.011013 200.000000 0.011013 0.581986 232.794469 0.256142 1.219741 200.000000 1.219741 0.055278 22.111200 0.966639 0.161373 200.000000 0.161373
 2.200000 -0.997216 0.074563 0.928964 0.370171 -1.496164 1.191603 0.074563 -0.997216 0.370171 0.928964 0.863908 345.563044 -0.018383 1.114104 200.000000 1.114104 0.286974 114.789660 -0.943646 0.298083 200.000000 0.298083 2.023154 809.261543 0.227933 1.276390 200.000000 1.276390 0.025497 10.198924 0.944931 0.201739 200.000000 0.201739
 2.400000 -0.999812 -0.019374 0.953621 0.301010 -1.590172 1.265045 -0.019374 -0.999812 0.301010 0.953621 0.005846 2.338428 -0.027020 1.165394 200.000000 1.165394 1.264998 505.999371 -0.887340 1.236801 200.000000 1.236801 1.025873 410.349123 0.199725 1.378190 200.000000 1.378190 0.092398 36.959387 0.923224 0.356012 200.000000 0.356012
 2.600000 -0.990637 -0.136522 0.921144 0.389223 -1.707746 1.171009 -0.136522 -0.990637 0.389223 0.921144 1.017358 406.943165 -0.035657 1.192790 200.000000 1.192790 2.547316 1018.926366 -0.831034 2.793922 200.000000 2.793922 4.739629 1895.851545 0.171516 1.495842 200.000000 1.495842 0.038524 15.409479 0.901516 0.628149 200.000000 0.628149
 2.800000 -0.997804 -0.066242 0.983233 0.182356 -1.637087 1.387414 -0.066242 -0.997804 0.182356 0.983233 0.048171 19.268274 -0.044294 1.211716 200.000000 1.211716 4.976280 1990.512159 -0.774728 4.991991 200.000000 4.991991 0.152483 60.993229 0.143307 1.604092 200.000000 1.604092 1.069650 427.860132 0.879809 1.021463 200.000000 1.021463
 3.000000 -0.998340 -0.057597 0.977837 0.209366 -1.628425 1.359870 -0.057597 -0.998340 0.209366 0.977837 0.002177 0.870751 -0.052931 1.262299 200.000000 1.262299 7.835425 3134.170107 -0.718422 7.831312 200.000000 7.831312 0.888642 355.456691 0.115098 1.787895 200.000000 1.787895 1.433678 573.471387 0.858101 1.524979 200.000000 1.524979
 3.200000 -0.999520 -0.030965 0.999158 0.041022 -1.601766 1.529763 -0.030965 -0.999520 0.041022 0.999158 0.093655 37.462034 -0.061568 1.256146 200.000000 1.256146 11.384215 4553.685989 -0.662115 11.261571 200.000000 11.261571 0.210382 84.152964 0.086889 1.930015 200.000000 1.930015 2.649236 1059.694560 0.836394 2.141075 200.000000 2.141075
 3.400000 -0.999598 -0.028365 0.997770 0.066744 -1.599165 1.504003 -0.028365 -0.999598 0.066744 0.997770 0.175059 70.023669 -0.070205 1.258731 200.000000 1.258731 15.506927 6202.770999 -0.605809 15.343934 200.000000 15.343934 0.006502 2.600774 0.058680 2.075711 200.000000 2.075711 3.351984 1340.793605 0.814686 2.873589 200.000000 2.873589
 3.600000 -0.999069 -0.043148 0.999597 0.028396 -1.613957 1.542397 -0.043148 -0.999069 0.028396 0.999597 0.127409 50.963733 -0.078842 1.217643 200.000000 1.217643 20.210924 8084.369679 -0.549503 20.027037 200.000000 20.027037 0.000431 0.172306 0.030471 2.201395 200.000000 2.201395 4.269118 1707.647057 0.792978 3.709048 200.000000 3.709048
 3.800000 -0.998192 -0.060113 0.995900 -0.090461 -1.630945 1.661381 -0.060113 -0.998192 -0.090461 0.995900 0.074893 29.957236 -0.087479 1.147408 200.000000 1.147408 25.501964 10200.785701 -0.493197 25.307706 200.000000 25.307706 0.859754 343.901765 0.002262 2.268953 200.000000 2.268953 5.045832 2018.332731 0.771271 4.642927 200.000000 4.642927
 4.000000 -0.976311 -0.216371 0.994115 -0.108332 -1.788893 1.679341 -0.216371 -0.976311 -0.108332 0.994115 1.446133 578.453182 -0.096116 1.014324 200.000000 1.014324 29.097437 11638.974987 -0.436891 31.149017 200.000000 31.149017 0.678737 271.494784 -0.025947 2.306635 200.000000 2.306635 5.980549 2392.219625 0.749563 5.674342 200.000000 5.674342
 4.200000 -0.988766 -0.149470 0.989867 -0.141999 -1.720829 1.713276 -0.149470 -0.988766 -0.141999 0.989867 0.199963 79.985269 -0.104753 0.890290 200.000000 0.890290 36.988493 14795.397374 -0.380585 37.618043 200.000000 37.618043 0.771640 308.656009 -0.054156 2.304419 200.000000 2.304419 6.864993 2745.997018 0.727856 6.792271 200.000000 6.792271
 4.400000 -0.910095 -0.414399 0.999654 -0.026295 -1.998079 1.597095 -0.414399 -0.910095 -0.026295 0.999654 9.060643 3624.257073 -0.113390 0.588164 200.000000 0.588164 34.318148 13727.259025 -0.324278 44.407307 200.000000 44.407307 0.314374 125.749657 -0.082364 2.129327 200.000000 2.129327 8.614592 3445.836873 0.706148 7.996751 200.000000 7.996751
 4.600000 -0.913519 -0.406795 0.995543 -0.094305 -1.989740 1.665241 -0.406795 -0.913519 -0.094305 0.995543 8.109312 3243.724820 -0.122027 0.262392 200.000000 0.262392 41.673101 16669.240225 -0.267972 51.774348 200.000000 51.774348 0.026467 10.586959 -0.110573 1.855931 200.000000 1.855931 9.678509 3871.403725 0.684440 9.264997 200.000000 9.264997
 4.800000 -0.846171 -0.532911 0.991863 -0.127310 -2.132834 1.698452 -0.532911 -0.846171 -0.127310 0.991863 16.180302 6472.120835 -0.130664 -0.290007 200.000000 -0.290007 40.259666 16103.866408 -0.211666 59.112833 200.000000 59.112833 0.013162 5.264801 -0.138782 1.480022 200.000000 1.480022 10.832672 4333.068633 0.662733 10.592465 200.000000 10.592465
 5.000000 -0.705842 -0.708370 0.970703 -0.240284 -2.357982 1.813455 -0.708370 -0.705842 -0.240284 0.970703 32.383926 12953.570478 -0.139301 -1.047611 200.000000 -1.047611 30.303026 12121.210481 -0.155360 66.194510 200.000000 66.194510 0.537187 214.874998 -0.166991 0.910948 200.000000 0.910948 10.868718 4347.487306 0.641025 11.950538 200.000000 11.950538
 5.200000 -0.590652 -0.806926 0.932946 -0.360016 -2.509726 1.939081 -0.806926 -0.590652 -0.360016 0.932946 43.426603 17370.641386 -0.147938 -2.043552 200.000000 -2.043552 24.166886 9666.754464 -0.099054 72.542048 200.000000 72.542048 2.716419 1086.567453 -0.195200 0.217840 200.000000 0.217840 9.836294 3934.517646 0.619318 13.340825 200.000000 13.340825
 5.400000 -0.563128 -0.826370 0.919578 -0.392908 -2.543427 1.974589 -0.826370 -0.563128 -0.392908 0.919578 44.862562 17945.024765 -0.156575 -3.292609 200.000000 -3.292609 27.079545 10831.818178 -0.042748 77.103310 200.000000 77.103310 2.873009 1149.203414 -0.223409 -0.570295 200.000000 -0.570295 10.366313 4146.525089 0.597610 14.751998 200.000000 14.751998
 5.600000 -0.267832 -0.963465 0.918413 -0.395623 -2.870450 1.977542 -0.963465 -0.267832 -0.395623 0.918413 63.720912 25488.364774 -0.165212 -4.652243 200.000000 -4.652243 7.918099 3167.239446 0.013559 80.393956 200.000000 80.393956 2.073747 829.498735 -0.251618 -1.520366 200.000000 -1.520366 11.731352 4692.540865 0.575902 16.163535 200.000000 16.163535
 5.800000 -0.045109 -0.998982 0.880281 -0.474454 -3.096469 2.065139 -0.998982 -0.045109 -0.474454 0.880281 68.084518 27233.807145 -0.173849 -6.069672 200.000000 -6.069672 1.321891 528.756349 0.069865 81.749503 200.000000 81.749503 3.787958 1515.183294 -0.279827 -2.611259 200.000000 -2.611259 10.633191 4253.276269 0.554195 17.558771 200.000000 17.558771
 6.000000 0.308117 -0.951348 0.812066 -0.583565 2.828379 2.193908 -0.951348 0.308117 -0.583565 0.812066 59.114999 23645.999458 -0.182486 -7.472038 200.000000 -7.472038 3.310442 1324.176756 0.126171 81.567939 200.000000 81.567939 7.591645 3036.657932 -0.308036 -3.941290 200.000000 -3.941290 7.816451 3126.580574 0.532487 18.868423 200.000000 18.868423
 6.200000 0.525638 -0.850709 0.771411 -0.636337 2.588128 2.260537 -0.850709 0.525638 -0.636337 0.771411 43.505378 17402.151146 -0.191123 -8.730889 200.000000 -8.730889 11.775902 4710.360641 0.182477 79.080072 200.000000 79.080072 9.005559 3602.223413 -0.336245 -5.168832 200.000000 -5.168832 6.792873 2717.149226 0.510780 20.246409 200.000000 20.246409
 6.400000 0.412201 -0.911093 0.822715 -0.568454 2.716724 2.175422 -0.911093 0.412201 -0.568454 0.822715 50.599537 20239.814682 -0.199760 -9.920674 200.000000 -9.920674 3.007360 1202.943800 0.238783 76.248611 200.000000 76.248611 4.161642 1664.656887 -0.364453 -6.695461 200.000000 -6.695461 11.131743 4452.697223 0.489072 21.475051 200.000000 21.475051
 6.600000 0.909222 -0.416311 0.741025 -0.671477 2.000181 2.306997 -0.416311 0.909222 -0.671477 0.741025 4.322863 1729.145162 -0.208396 -10.714288 200.000000 -10.714288 37.715875 15086.350183 0.295090 71.052856 200.000000 71.052856 7.773779 3109.511564 -0.392662 -8.283527 200.000000 -8.283527 7.489015 2995.606069 0.467364 22.628700 200.000000 22.628700
 6.800000 0.916716 -0.399540 0.715817 -0.698288 1.981812 2.343799 -0.399540 0.916716 -0.698288 0.715817 3.330875 1332.350059 -0.217033 -11.287141 200.000000 -11.287141 31.958659 12783.463728 0.351396 65.316732 200.000000 65.316732 7.695987 3078.394831 -0.420871 -9.845983 200.000000 -9.845983 7.298663 2919.465277 0.445657 23.799139 200.000000 23.799139
 7.000000 0.845594 -0.533826 0.672274 -0.740303 2.133916 2.404317 -0.533826 0.845594 -0.740303 0.672274 9.496019 3798.407427 -0.225670 -11.878147 200.000000 -11.878147 19.174951 7669.980599 0.407702 60.365427 200.000000 60.365427 8.481051 3392.420445 -0.449080 -11.512952 200.000000 -11.512952 6.166507 2466.602957 0.423949 24.865181 200.000000 24.865181
 7.200000 0.894756 -0.446554 0.581528 -0.813527 2.033707 2.520988 -0.446554 0.894756 -0.813527 0.581528 4.504883 1801.953197 -0.234307 -12.184357 200.000000 -12.184357 18.554417 7421.766651 0.464008 55.035016 200.000000 55.035016 11.305575 4522.230113 -0.477289 -13.337508 200.000000 -13.337508 3.214343 1285.737200 0.402242 25.722734 200.000000 25.722734
 7.400000 0.958269 -0.285868 0.552599 -0.833448 1.860708 2.556114 -0.285868 0.958269 -0.833448 0.552599 0.184241 73.696417 -0.242944 -12.417532 200.000000 -12.417532 19.180446 7672.178335 0.520314 50.168814 200.000000 50.168814 10.755096 4302.038324 -0.505498 -15.058610 200.000000 -15.058610 2.960617 1184.246785 0.380534 26.623678 200.000000 26.623678
 7.600000 0.914577 -0.404411 0.544798 -0.838567 1.987131 2.565445 -0.404411 0.914577 -0.838567 0.544798 2.335688 934.275371 -0.251581 -12.756066 200.000000 -12.756066 11.421492 4568.596995 0.576620 46.300302 200.000000 46.300302 9.294001 3717.600272 -0.533707 -16.787314 200.000000 -16.787314 3.458530 1383.411926 0.358826 27.457764 200.000000 27.457764
 7.800000 0.897189 -0.441647 0.502343 -0.864668 2.028230 2.615286 -0.441647 0.897189 -0.864668 0.502343 3.291632 1316.652704 -0.260218 -12.868905 200.000000 -12.868905 6.983462 2793.384816 0.632927 42.475095 200.000000 42.475095 9.165918 3666.367252 -0.561916 -18.550808 200.000000 -18.550808 2.729901 1091.960246 0.337119 28.147230 200.000000 28.147230
 8.000000 0.915307 -0.402756 0.499885 -0.866092 1.985323 2.618127 -0.402756 0.915307 -0.866092 0.499885 1.792954 717.181744 -0.268855 -12.955717 200.000000 -12.955717 5.110964 2044.385565 0.689233 39.272656 200.000000 39.272656 7.615788 3046.315251 -0.590125 -20.287026 200.000000 -20.287026 3.403051 1361.220498 0.315411 28.748156 200.000000 28.748156
 8.200000 0.964399 -0.264450 0.351985 -0.936006 1.838430 2.781902 -0.264450 0.964399 -0.936006 0.351985 0.017010 6.804122 -0.277492 -13.094718 200.000000 -13.094718 4.789992 1915.996615 0.745539 36.868354 200.000000 36.868354 10.091563 4036.625015 -0.618334 -21.952353 200.000000 -21.952353 0.339667 135.866824 0.293704 29.302352 200.000000 29.302352
 8.400000 0.964887 -0.262666 0.358261 -0.933621 1.836581 2.775188 -0.262666 0.964887 -0.933621 0.358261 0.055051 22.020424 -0.286129 -13.108530 200.000000 -13.108530 2.658258 1063.303083 0.801845 34.837608 200.000000 34.837608 8.241430 3296.571807 -0.646542 -23.554449 200.000000 -23.554449 0.744168 297.667089 0.271996 29.789154 200.000000 29.789154
 8.600000 0.915949 -0.401296 0.257466 -0.966287 1.983727 2.881194 -0.401296 0.915949 -0.966287 0.257466 1.134854 453.941573 -0.294766 -13.117844 200.000000 -13.117844 0.334053 133.621125 0.858151 33.458223 200.000000 33.458223 8.499326 3399.730466 -0.674751 -25.118685 200.000000 -25.118685 0.005151 2.060541 0.250289 30.145714 200.000000 30.145714
 8.800000 0.956126 -0.292954 0.339554 -0.940586 1.868111 2.795150 -0.292954 0.956126 -0.940586 0.339554 0.010918 4.367050 -0.303403 -13.090490 200.000000 -13.090490 0.173630 69.452105 0.914458 32.672395 200.000000 32.672395 5.646620 2258.648128 -0.702960 -26.581503 200.000000 -26.581503 1.231509 492.603512 0.228581 30.457018 200.000000 30.457018
 9.000000 0.929152 -0.369698 0.208441 -0.978035 1.949481 2.931612 -0.369698 0.929152 -0.978035 0.208441 0.368223 147.289047 -0.309017 -13.042242 200.000000 -13.042242 0.047982 19.192601 0.951057 32.452527 200.000000 32.452527 6.094267 2437.706881 -0.731169 -27.933681 200.000000 -27.933681 0.000246 0.098347 0.206873 30.747520 200.000000 30.747520
 9.200000 0.969099 -0.246674 0.255337 -0.966852 1.820043 2.883396 -0.246674 0.969099 -0.966852 0.255337 0.388665 155.465979 -0.309017 -13.042242 200.000000 -13.042242 0.032551 13.020555 0.951057 32.452527 200.000000 32.452527 4.304547 1721.818653 -0.759378 -29.175323 200.000000 -29.175323 0.492402 196.960829 0.185166 31.002174 200.000000 31.002174
 9.400000 0.950039 -0.312130 0.191602 -0.981473 1.888231 2.948799 -0.312130 0.950039 -0.981473 0.191602 0.000969 0.387742 -0.309017 -13.042242 200.000000 -13.042242 0.000103 0.041393 0.951057 32.452527 200.000000 32.452527 3.759171 1503.668370 -0.787587 -30.332837 200.000000 -30.332837 0.079205 31.682086 0.163458 31.125270 200.000000 31.125270
 9.600000 0.939704 -0.341990 0.156569 -0.987667 1.919830 2.984377 -0.341990 0.939704 -0.987667 0.156569 0.108720 43.487929 -0.309017 -13.042242 200.000000 -13.042242 0.012889 5.155451 0.951057 32.452527 200.000000 32.452527 2.953972 1181.588607 -0.815796 -31.352243 200.000000 -31.352243 0.021957 8.782926 0.141751 31.229587 200.000000 31.229587
 9.800000 0.964563 -0.263854 0.103990 -0.994578 1.837812 3.037414 -0.263854 0.964563 -0.994578 0.103990 0.203968 81.587018 -0.309017 -13.042242 200.000000 -13.042242 0.018241 7.296537 0.951057 32.452527 200.000000 32.452527 2.267239 906.895569 -0.844005 -32.237707 200.000000 -32.237707 0.025769 10.307517 0.120043 31.327329 200.000000 31.327329
 10.000000 0.969478 -0.245179 0.078052 -0.996949 1.818501 3.063461 -0.245179 0.969478 -0.996949 0.078052 0.407529 163.011744 -0.309017 -13.042242 200.000000 -13.042242 0.033935 13.573800 0.951057 32.452527 200.000000 32.452527 1.555896 622.358591 -0.872214 -32.989525 200.000000 -32.989525 0.041140 16.455946 0.098335 31.386128 200.000000 31.386128
 10.200000 0.972106 -0.234541 0.116774 -0.993158 1.807543 3.024551 -0.234541 0.972106 -0.993158 0.116774 0.554670 221.868079 -0.309017 -13.042242 200.000000 -13.042242 0.044309 17.723692 0.951057 32.452527 200.000000 32.452527 0.859995 343.997995 -0.900423 -33.605523 200.000000 -33.605523 0.161173 64.469272 0.076628 31.348726 200.000000 31.348726
 10.400000 0.980867 -0.194677 0.024480 -0.999700 1.766724 3.117111 -0.194677 0.980867 -0.999700 0.024480 1.307370 522.947908 -0.309017 -13.042242 200.000000 -13.042242 0.088869 35.547694 0.951057 32.452527 200.000000 32.452527 0.505078 202.031262 -0.928631 -34.056622 200.000000 -34.056622 0.092663 37.065266 0.054920 31.394320 200.000000 31.394320
 10.600000 0.935818 -0.352484 0.036662 -0.999328 1.931020 3.104923 -0.352484 0.935818 -0.999328 0.036662 0.188934 75.573555 -0.309017 -13.042242 200.000000 -13.042242 0.023221 9.288470 0.951057 32.452527 200.000000 32.452527 0.180517 72.206994 -0.956840 -34.369473 200.000000 -34.369473 0.001190 0.475876 0.033213 31.422666 200.000000 31.422666
 10.800000 0.950827 -0.309721 0.034114 -0.999418 1.885696 3.107472 -0.309721 0.950827 -0.999418 0.034114 0.000050 0.019825 -0.309017 -13.042242 200.000000 -13.042242 0.000005 0.002098 0.951057 32.452527 200.000000 32.452527 0.020646 8.258354 -0.985049 -34.528635 200.000000 -34.528635 0.051115 20.446085 0.011505 31.346087 200.000000 31.346087
 11.000000 0.967984 -0.251013 -0.079378 -0.996845 1.824523 -3.062131 -0.251013 0.967984 -0.996845 -0.079378 0.336445 134.578042 -0.309017 -13.042242 200.000000 -13.042242 0.028653 11.461166 0.951057 32.452527 200.000000 32.452527 0.000996 0.398271 -1.000000 -34.545321 200.000000 -34.545321 0.630091 252.036595 -0.000000 31.426065 200.000000 31.426065
 11.200000 0.960391 -0.278657 -0.047439 -0.998874 1.853192 -3.094136 -0.278657 0.960391 -0.998874 -0.047439 0.092171 36.868566 -0.309017 -13.042242 200.000000 -13.042242 0.008713 3.485018 0.951057 32.452527 200.000000 32.452527 0.000127 0.050702 -1.000000 -34.545321 200.000000 -34.545321 0.225045 90.018134 -0.000000 31.426065 200.000000 31.426065
 11.400000 0.971063 -0.238825 -0.092182 -0.995742 1.811952 -3.049280 -0.238825 0.971063 -0.995742 -0.092182 0.492696 197.078521 -0.309017 -13.042242 200.000000 -13.042242 0.040025 16.009905 0.951057 32.452527 200.000000 32.452527 0.001813 0.725159 -1.000000 -34.545321 200.000000 -34.545321 0.849750 339.899963 -0.000000 31.426065 200.000000 31.426065
 11.600000 0.974201 -0.225684 -0.074777 -0.997200 1.798442 -3.066746 -0.225684 0.974201 -0.997200 -0.074777 0.694437 277.774850 -0.309017 -13.042242 200.000000 -13.042242 0.053565 21.425828 0.951057 32.452527 200.000000 32.452527 0.000784 0.313531 -1.000000 -34.545321 200.000000 -34.545321 0.559154 223.661740 -0.000000 31.426065 200.000000 31.426065
 11.800000 0.961541 -0.274663 -0.005894 -0.999983 1.849035 -3.135699 -0.274663 0.961541 -0.999983 -0.005894 0.118022 47.208952 -0.309017 -13.042242 200.000000 -13.042242 0.010992 4.396695 0.951057 32.452527 200.000000 32.452527 0.000000 0.000012 -1.000000 -34.545321 200.000000 -34.545321 0.003474 1.389560 -0.000000 31.426065 200.000000 31.426065
 12.000000 0.958845 -0.283930 0.012852 -0.999917 1.858687 3.128740 -0.283930 0.958845 -0.999917 0.012852 0.062934 25.173745 -0.309017 -13.042242 200.000000 -13.042242 0.006066 2.426376 0.951057 32.452527 200.000000 32.452527 0.000001 0.000273 -1.000000 -34.545321 200.000000 -34.545321 0.016517 6.606753 -0.000000 31.426065 200.000000 31.426065
 12.200000 0.966355 -0.257213 -0.025751 -0.999668 1.830934 -3.115839 -0.257213 0.966355 -0.999668 -0.025751 0.268362 107.344736 -0.309017 -13.042242 200.000000 -13.042242 0.023403 9.361308 0.951057 32.452527 200.000000 32.452527 0.000011 0.004399 -1.000000 -34.545321 200.000000 -34.545321 0.066313 26.525038 -0.000000 31.426065 200.000000 31.426065
 12.400000 0.968363 -0.249545 -0.021602 -0.999767 1.823006 -3.119989 -0.249545 0.968363 -0.999767 -0.021602 0.353697 141.478843 -0.309017 -13.042242 200.000000 -13.042242 0.029953 11.981015 0.951057 32.452527 200.000000 32.452527 0.000005 0.002178 -1.000000 -34.545321 200.000000 -34.545321 0.046665 18.665911 -0.000000 31.426065 200.000000 31.426065
 12.600000 0.971212 -0.238218 0.018041 -0.999837 1.811327 3.123551 -0.238218 0.971212 -0.999837 0.018041 0.501249 200.499420 -0.309017 -13.042242 200.000000 -13.042242 0.040623 16.249239 0.951057 32.452527 200.000000 32.452527 0.000003 0.001060 -1.000000 -34.545321 200.000000 -34.545321 0.032548 13.019032 -0.000000 31.426065 200.000000 31.426065
 12.800000 0.964574 -0.263811 -0.039661 -0.999213 1.837767 -3.101921 -0.263811 0.964574 -0.999213 -0.039661 0.204358 81.743316 -0.309017 -13.042242 200.000000 -13.042242 0.018273 7.309321 0.951057 32.452527 200.000000 32.452527 0.000062 0.024763 -1.000000 -34.545321 200.000000 -34.545321 0.157299 62.919752 -0.000000 31.426065 200.000000 31.426065
 13.000000 0.974771 -0.223208 -0.044352 -0.999016 1.795900 -3.097226 -0.223208 0.974771 -0.999016 -0.044352 0.736321 294.528595 -0.309017 -13.042242 200.000000 -13.042242 0.056237 22.494844 0.951057 32.452527 200.000000 32.452527 0.000097 0.038733 -1.000000 -34.545321 200.000000 -34.545321 0.196711 78.684214 -0.000000 31.426065 200.000000 31.426065
 13.200000 0.950513 -0.310685 0.041139 -0.999153 1.886710 3.100442 -0.310685 0.950513 -0.999153 0.041139 0.000278 0.111234 -0.309017 -13.042242 200.000000 -13.042242 0.000030 0.011814 0.951057 32.452527 200.000000 32.452527 0.000072 0.028667 -1.000000 -34.545321 200.000000 -34.545321 0.169242 67.696648 -0.000000 31.426065 200.000000 31.426065
 13.400000 0.960087 -0.279701 0.062447 -0.998048 1.854279 3.079105 -0.279701 0.960087 -0.998048 0.062447 0.085941 34.376203 -0.309017 -13.042242 200.000000 -13.042242 0.008155 3.262019 0.951057 32.452527 200.000000 32.452527 0.000381 0.152370 -1.000000 -34.545321 200.000000 -34.545321 0.389965 155.986014 -0.000000 31.426065 200.000000 31.426065
 13.600000 0.970483 -0.241169 -0.013387 -0.999910 1.814366 -3.128206 -0.241169 0.970483 -0.999910 -0.013387 0.460339 184.135713 -0.309017 -13.042242 200.000000 -13.042242 0.037740 15.095860 0.951057 32.452527 200.000000 32.452527 0.000001 0.000321 -1.000000 -34.545321 200.000000 -34.545321 0.017920 7.168150 -0.000000 31.426065 200.000000 31.426065
 13.800000 0.978532 -0.206093 -0.022217 -0.999753 1.778377 -3.119373 -0.206093 0.978532 -0.999753 -0.022217 1.059339 423.735437 -0.309017 -13.042242 200.000000 -13.042242 0.075493 30.197071 0.951057 32.452527 200.000000 32.452527 0.000006 0.002437 -1.000000 -34.545321 200.000000 -34.545321 0.049362 19.744676 -0.000000 31.426065 200.000000 31.426065
 14.000000 0.952236 -0.305364 0.013992 -0.999902 1.881117 3.127600 -0.305364 0.952236 -0.999902 0.013992 0.001335 0.533811 -0.309017 -13.042242 200.000000 -13.042242 0.000139 0.055623 0.951057 32.452527 200.000000 32.452527 0.000001 0.000383 -1.000000 -34.545321 200.000000 -34.545321 0.019579 7.831590 -0.000000 31.426065 200.000000 31.426065
 14.200000 0.958210 -0.286067 -0.026387 -0.999652 1.860916 -3.115203 -0.286067 0.958210 -0.999652 -0.026387 0.052671 21.068417 -0.309017 -13.042242 200.000000 -13.042242 0.005117 2.046705 0.951057 32.452527 200.000000 32.452527 0.000012 0.004849 -1.000000 -34.545321 200.000000 -34.545321 0.069626 27.850448 -0.000000 31.426065 200.000000 31.426065
 14.400000 0.960624 -0.277850 0.032582 -0.999469 1.852352 3.109005 -0.277850 0.960624 -0.999469 0.032582 0.097138 38.855164 -0.309017 -13.042242 200.000000 -13.042242 0.009155 3.661823 0.951057 32.452527 200.000000 32.452527 0.000028 0.011276 -1.000000 -34.545321 200.000000 -34.545321 0.106160 42.463885 -0.000000 31.426065 200.000000 31.426065
 14.600000 0.937922 -0.346845 0.006218 -0.999981 1.925002 3.135375 -0.346845 0.937922 -0.999981 0.006218 0.143097 57.238825 -0.309017 -13.042242 200.000000 -13.042242 0.017250 6.900199 0.951057 32.452527 200.000000 32.452527 0.000000 0.000015 -1.000000 -34.545321 200.000000 -34.545321 0.003866 1.546368 -0.000000 31.426065 200.000000 31.426065
 14.800000 0.946281 -0.323347 0.010838 -0.999941 1.900060 3.130754 -0.323347 0.946281 -0.999941 0.010838 0.020534 8.213485 -0.309017 -13.042242 200.000000 -13.042242 0.002281 0.912372 0.951057 32.452527 200.000000 32.452527 0.000000 0.000138 -1.000000 -34.545321 200.000000 -34.545321 0.011747 4.698738 -0.000000 31.426065 200.000000 31.426065
 15.000000 0.966067 -0.258293 -0.050782 -0.998710 1.832052 -3.090789 -0.258293 0.966067 -0.998710 -0.050782 0.257288 102.915283 -0.309017 -13.042242 200.000000 -13.042242 0.022530 9.012004 0.951057 32.452527 200.000000 32.452527 0.000166 0.066589 -1.000000 -34.545321 200.000000 -34.545321 0.257883 103.153024 -0.000000 31.426065 200.000000 31.426065
 15.200000 0.964266 -0.264936 0.063223 -0.997999 1.838934 3.078327 -0.264936 0.964266 -0.997999 0.063223 0.194310 77.724072 -0.309017 -13.042242 200.000000 -13.042242 0.017449 6.979511 0.951057 32.452527 200.000000 32.452527 0.000400 0.160096 -1.000000 -34.545321 200.000000 -34.545321 0.399720 159.887868 -0.000000 31.426065 200.000000 31.426065
 15.400000 0.947497 -0.319766 0.069632 -0.997573 1.896278 3.071904 -0.319766 0.947497 -0.997573 0.069632 0.011553 4.621369 -0.309017 -13.042242 200.000000 -13.042242 0.001267 0.506905 0.951057 32.452527 200.000000 32.452527 0.000589 0.235666 -1.000000 -34.545321 200.000000 -34.545321 0.484865 193.945937 -0.000000 31.426065 200.000000 31.426065
 15.600000 0.979390 -0.201976 -0.068702 -0.997637 1.774172 -3.072836 -0.201976 0.979390 -0.997637 -0.068702 1.145772 458.308790 -0.309017 -13.042242 200.000000 -13.042242 0.080281 32.112401 0.951057 32.452527 200.000000 32.452527 0.000558 0.223312 -1.000000 -34.545321 200.000000 -34.545321 0.472001 188.800414 -0.000000 31.426065 200.000000 31.426065
 15.800000 0.957001 -0.290084 0.058863 -0.998266 1.865111 3.082696 -0.290084 0.957001 -0.998266 0.058863 0.035847 14.338893 -0.309017 -13.042242 200.000000 -13.042242 0.003534 1.413618 0.951057 32.452527 200.000000 32.452527 0.000301 0.120260 -1.000000 -34.545321 200.000000 -34.545321 0.346485 138.593979 -0.000000 31.426065 200.000000 31.426065
 16.000000 0.956287 -0.292430 0.063223 -0.997999 1.867563 3.078328 -0.292430 0.956287 -0.997999 0.063223 0.027513 11.005030 -0.309017 -13.042242 200.000000 -13.042242 0.002736 1.094280 0.951057 32.452527 200.000000 32.452527 0.000400 0.160087 -1.000000 -34.545321 200.000000 -34.545321 0.399709 159.883444 -0.000000 31.426065 200.000000 31.426065
 16.200000 0.962513 -0.271235 0.020010 -0.999800 1.845472 3.121581 -0.271235 0.962513 -0.999800 0.020010 0.142748 57.099156 -0.309017 -13.042242 200.000000 -13.042242 0.013125 5.250183 0.951057 32.452527 200.000000 32.452527 0.000004 0.001604 -1.000000 -34.545321 200.000000 -34.545321 0.040040 16.015956 -0.000000 31.426065 200.000000 31.426065
 16.400000 0.944813 -0.327611 0.026550 -0.999647 1.904571 3.115040 -0.327611 0.944813 -0.999647 0.026550 0.034575 13.830059 -0.309017 -13.042242 200.000000 -13.042242 0.003899 1.559478 0.951057 32.452527 200.000000 32.452527 0.000012 0.004970 -1.000000 -34.545321 200.000000 -34.545321 0.070489 28.195598 -0.000000 31.426065 200.000000 31.426065
 16.600000 0.924967 -0.380048 -0.030034 -0.999549 1.960645 -3.111555 -0.380048 0.924967 -0.999549 -0.030034 0.504547 201.818603 -0.309017 -13.042242 200.000000 -13.042242 0.068068 27.227374 0.951057 32.452527 200.000000 32.452527 0.000020 0.008140 -1.000000 -34.545321 200.000000 -34.545321 0.090202 36.080649 -0.000000 31.426065 200.000000 31.426065
 16.800000 0.950155 -0.311779 -0.008323 -0.999965 1.887861 -3.133270 -0.311779 0.950155 -0.999965 -0.008323 0.000763 0.305154 -0.309017 -13.042242 200.000000 -13.042242 0.000081 0.032535 0.951057 32.452527 200.000000 32.452527 0.000000 0.000048 -1.000000 -34.545321 200.000000 -34.545321 0.006927 2.770648 -0.000000 31.426065 200.000000 31.426065
 17.000000 0.972751 -0.231852 0.052281 -0.998632 1.804778 3.089288 -0.231852 0.972751 -0.998632 0.052281 0.595436 238.174425 -0.309017 -13.042242 200.000000 -13.042242 0.047065 18.825949 0.951057 32.452527 200.000000 32.452527 0.000187 0.074813 -1.000000 -34.545321 200.000000 -34.545321 0.273333 109.333339 -0.000000 31.426065 200.000000 31.426065
 17.200000 0.977228 -0.212193 -0.003769 -0.999993 1.784615 -3.137824 -0.212193 0.977228 -0.999993 -0.003769 0.937494 374.997615 -0.309017 -13.042242 200.000000 -13.042242 0.068494 27.397526 0.951057 32.452527 200.000000 32.452527 0.000000 0.000002 -1.000000 -34.545321 200.000000 -34.545321 0.001420 0.568114 -0.000000 31.426065 200.000000 31.426065
 17.400000 0.944341 -0.328970 0.004828 -0.999988 1.906009 3.136765 -0.328970 0.944341 -0.999988 0.004828 0.039811 15.924258 -0.309017 -13.042242 200.000000 -13.042242 0.004510 1.804189 0.951057 32.452527 200.000000 32.452527 0.000000 0.000005 -1.000000 -34.545321 200.000000 -34.545321 0.002331 0.932433 -0.000000 31.426065 200.000000 31.426065
 17.600000 0.966290 -0.257456 0.105356 -0.994435 1.831185 3.036040 -0.257456 0.966290 -0.994435 0.105356 0.265854 106.341448 -0.309017 -13.042242 200.000000 -13.042242 0.023206 9.282389 0.951057 32.452527 200.000000 32.452527 0.003097 1.238981 -1.000000 -34.545321 200.000000 -34.545321 1.109998 443.999082 -0.000000 31.426065 200.000000 31.426065
 17.800000 0.934756 -0.355291 0.036920 -0.999318 1.934022 3.104664 -0.355291 0.934756 -0.999318 0.036920 0.214130 85.651874 -0.309017 -13.042242 200.000000 -13.042242 0.026572 10.628675 0.951057 32.452527 200.000000 32.452527 0.000046 0.018593 -1.000000 -34.545321 200.000000 -34.545321 0.136311 54.524531 -0.000000 31.426065 200.000000 31.426065
 18.000000 0.904638 -0.426180 0.044360 -0.999016 2.011062 3.097218 -0.426180 0.904638 -0.999016 0.044360 1.372718 549.087211 -0.309017 -13.042242 200.000000 -13.042242 0.215464 86.185794 0.951057 32.452527 200.000000 32.452527 0.000097 0.038761 -1.000000 -34.545321 200.000000 -34.545321 0.196781 78.712254 -0.000000 31.426065 200.000000 31.426065
 18.200000 0.978012 -0.208546 0.034008 -0.999422 1.780885 3.107578 -0.208546 0.978012 -0.999422 0.034008 1.009435 403.773892 -0.309017 -13.042242 200.000000 -13.042242 0.072662 29.064962 0.951057 32.452527 200.000000 32.452527 0.000033 0.013384 -1.000000 -34.545321 200.000000 -34.545321 0.115655 46.262046 -0.000000 31.426065 200.000000 31.426065
 18.400000 0.968190 -0.250216 0.047661 -0.998864 1.823699 3.093913 -0.250216 0.968190 -0.998864 0.047661 0.345759 138.303590 -0.309017 -13.042242 200.000000 -13.042242 0.029356 11.742404 0.951057 32.452527 200.000000 32.452527 0.000129 0.051660 -1.000000 -34.545321 200.000000 -34.545321 0.227159 90.863593 -0.000000 31.426065 200.000000 31.426065
 18.600000 0.983212 -0.182469 0.047275 -0.998882 1.754293 3.094300 -0.182469 0.983212 -0.998882 0.047275 1.601443 640.577276 -0.309017 -13.042242 200.000000 -13.042242 0.103395 41.358064 0.951057 32.452527 200.000000 32.452527 0.000125 0.050005 -1.000000 -34.545321 200.000000 -34.545321 0.223493 89.397034 -0.000000 31.426065 200.000000 31.426065
 18.800000 0.966230 -0.257681 0.043285 -0.999063 1.831418 3.098295 -0.257681 0.966230 -0.999063 0.043285 0.263535 105.413953 -0.309017 -13.042242 200.000000 -13.042242 0.023023 9.209329 0.951057 32.452527 200.000000 32.452527 0.000088 0.035135 -1.000000 -34.545321 200.000000 -34.545321 0.187355 74.942117 -0.000000 31.426065 200.000000 31.426065
 19.000000 0.970873 -0.239593 -0.020769 -0.999784 1.812743 -3.120822 -0.239593 0.970873 -0.999784 -0.020769 0.481963 192.785287 -0.309017 -13.042242 200.000000 -13.042242 0.039271 15.708218 0.951057 32.452527 200.000000 32.452527 0.000005 0.001861 -1.000000 -34.545321 200.000000 -34.545321 0.043134 17.253647 -0.000000 31.426065 200.000000 31.426065
 19.200000 0.967080 -0.254472 -0.034214 -0.999415 1.828098 -3.107372 -0.254472 0.967080 -0.999415 -0.034214 0.297515 119.006059 -0.309017 -13.042242 200.000000 -13.042242 0.025676 10.270248 0.951057 32.452527 200.000000 32.452527 0.000034 0.013711 -1.000000 -34.545321 200.000000 -34.545321 0.117059 46.823782 -0.000000 31.426065 200.000000 31.426065
 19.400000 0.944328 -0.329006 0.024715 -0.999695 1.906047 3.116875 -0.329006 0.944328 -0.999695 0.024715 0.039955 15.981858 -0.309017 -13.042242 200.000000 -13.042242 0.004527 1.810943 0.951057 32.452527 200.000000 32.452527 0.000009 0.003732 -1.000000 -34.545321 200.000000 -34.545321 0.061083 24.433003 -0.000000 31.426065 200.000000 31.426065
 19.600000 0.958728 -0.284324 -0.074591 -0.997214 1.859098 -3.066933 -0.284324 0.958728 -0.997214 -0.074591 0.060974 24.389422 -0.309017 -13.042242 200.000000 -13.042242 0.005885 2.354191 0.951057 32.452527 200.000000 32.452527 0.000776 0.310417 -1.000000 -34.545321 200.000000 -34.545321 0.556375 222.550022 -0.000000 31.426065 200.000000 31.426065
 19.800000 0.969584 -0.244759 0.093916 -0.995580 1.818068 3.047538 -0.244759 0.969584 -0.995580 0.093916 0.412904 165.161773 -0.309017 -13.042242 200.000000 -13.042242 0.034326 13.730496 0.951057 32.452527 200.000000 32.452527 0.001954 0.781400 -1.000000 -34.545321 200.000000 -34.545321 0.882015 352.805949 -0.000000 31.426065 200.000000 31.426065
 20.000000 0.967214 -0.253964 0.020423 -0.999791 1.827573 3.121168 -0.253964 0.967214 -0.999791 0.020423 0.303078 121.231231 -0.309017 -13.042242 200.000000 -13.042242 0.026105 10.441988 0.951057 32.452527 200.000000 32.452527 0.000004 0.001740 -1.000000 -34.545321 200.000000 -34.545321 0.041710 16.683860 -0.000000 31.426065 200.000000 31.426065
