#! FIELDS time sin_phi cos_phi sin_psi cos_psi phi psi cos_phi sin_phi cos_psi sin_psi restraint_phi_cos.bias restraint_phi_cos.force2 restraint_phi_cos.cos_phi_cntr restraint_phi_cos.cos_phi_work restraint_phi_cos.cos_phi_kappa restraint_phi_cos.work restraint_phi_sin.bias restraint_phi_sin.force2 restraint_phi_sin.sin_phi_cntr restraint_phi_sin.sin_phi_work restraint_phi_sin.sin_phi_kappa restraint_phi_sin.work restraint_psi_cos.bias restraint_psi_cos.force2 restraint_psi_cos.cos_psi_cntr restraint_psi_cos.cos_psi_work restraint_psi_cos.cos_psi_kappa restraint_psi_cos.work restraint_psi_sin.bias restraint_psi_sin.force2 restraint_psi_sin.sin_psi_cntr restraint_psi_sin.sin_psi_work restraint_psi_sin.sin_psi_kappa restraint_psi_sin.work
#! SET min_phi -pi
#! SET max_phi pi
#! SET min_psi -pi
#! SET max_psi pi
 0.000000 -0.999983 -0.005782 0.966116 0.258110 -1.576579 1.309731 -0.005782 -0.999983 0.258110 0.966116 0.000000 0.000000 -0.009747 0.000000 0.000000 0.000000 0.000000 0.000000 -0.999953 0.000000 0.000000 0.000000 0.000000 0.000000 0.256142 0.000000 0.000000 0.000000 0.000000 0.000000 0.966639 0.000000 0.000000 0.000000
 0.200000 -1.000000 -0.000266 0.834655 0.550773 -1.571062 0.987506 -0.000266 -1.000000 0.550773 0.834655 0.000899 0.035954 -0.009747 0.429322 20.000000 0.429322 0.000000 0.000001 -0.999953 0.008204 20.000000 0.008204 0.868072 34.722866 0.256142 0.437494 20.000000 0.437494 0.174198 6.967905 0.966639 0.079186 20.000000 0.079186
 0.400000 -0.998238 0.059333 0.982968 0.183778 -1.511428 1.385968 0.059333 -0.998238 0.183778 0.982968 0.095441 7.635246 -0.009747 0.576151 40.000000 0.576151 0.000059 0.004702 -0.999953 0.009175 40.000000 0.009175 0.104733 8.378618 0.256142 0.652620 40.000000 0.652620 0.005333 0.426605 0.966639 0.103852 40.000000 0.103852
 0.600000 -0.997905 0.064690 0.969721 0.244216 -1.506061 1.324085 0.064690 -0.997905 0.244216 0.969721 0.166224 19.946879 -0.009747 0.652738 60.000000 0.652738 0.000126 0.015086 -0.999953 0.009549 60.000000 0.009549 0.004267 0.512080 0.256142 0.812949 60.000000 0.812949 0.000285 0.034192 0.966639 0.126978 60.000000 0.126978
 0.800000 -0.999998 0.001894 0.948099 0.317975 -1.568902 1.247203 0.001894 -0.999998 0.317975 0.948099 0.005420 0.867200 -0.009747 0.745440 80.000000 0.745440 0.000000 0.000013 -0.999953 0.009931 80.000000 0.009931 0.152931 24.469032 0.256142 0.870396 80.000000 0.870396 0.013749 2.199883 0.966639 0.131256 80.000000 0.131256
 1.000000 -0.997905 -0.064690 0.983714 0.179740 -1.635531 1.390074 -0.064690 -0.997905 0.179740 0.983714 0.150938 30.187619 -0.009747 0.830208 100.000000 0.830208 0.000210 0.041905 -0.999953 0.010215 100.000000 0.010215 0.291867 58.373466 0.256142 0.906296 100.000000 0.906296 0.014578 2.915595 0.966639 0.133900 100.000000 0.133900
 1.200000 -0.998628 0.052357 0.985226 0.171262 -1.518415 1.398686 0.052357 -0.998628 0.171262 0.985226 0.231412 55.538994 -0.009747 0.926095 120.000000 0.926095 0.000105 0.025246 -0.999953 0.010633 120.000000 0.010633 0.432282 103.747643 0.256142 0.992025 120.000000 0.992025 0.020727 4.974582 0.966639 0.141240 120.000000 0.141240
 1.400000 -0.999098 0.042471 0.979939 0.199299 -1.528313 1.370154 0.042471 -0.999098 0.199299 0.979939 0.190866 53.442499 -0.009747 0.960898 140.000000 0.960898 0.000051 0.014321 -0.999953 0.010712 140.000000 0.010712 0.226180 63.330420 0.256142 1.092945 140.000000 1.092945 0.012382 3.466844 0.966639 0.149518 140.000000 0.149518
 1.600000 -0.999952 0.009779 0.961528 0.274706 -1.561018 1.292512 0.009779 -0.999952 0.274706 0.961528 0.030498 9.759450 -0.009747 1.007093 160.000000 1.007093 0.000000 0.000000 -0.999953 0.010845 160.000000 0.010845 0.027570 8.822428 0.256142 1.162447 160.000000 1.162447 0.002090 0.668714 0.966639 0.156254 160.000000 0.156254
 1.800000 -0.999816 -0.019191 0.970209 0.242271 -1.589988 1.326090 -0.019191 -0.999816 0.242271 0.970209 0.008027 2.889774 -0.009747 1.051966 180.000000 1.051966 0.000002 0.000605 -0.999953 0.010933 180.000000 0.010933 0.017316 6.233938 0.256142 1.193883 180.000000 1.193883 0.001147 0.412811 0.966639 0.158912 180.000000 0.158912
 2.000000 -0.987451 0.157923 0.943128 0.332430 -1.412209 1.231917 0.157923 -0.987451 0.332430 0.943128 2.811311 1124.524500 -0.009747 1.081900 200.000000 1.081900 0.015628 6.251093 -0.999953 0.011013 200.000000 0.011013 0.581986 232.794469 0.256142 1.219741 200.000000 1.219741 0.055278 22.111200 0.966639 0.161373 200.000000 0.161373
 2.200000 -0.997946 0.064066 0.883187 0.469021 -1.506687 1.082615 0.064066 -0.997946 0.469021 0.883187 0.837768 335.107098 -0.027464 1.149955 200.000000 1.149955 0.171095 68.437874 -0.956582 0.174915 200.000000 0.174915 2.437926 975.170343 0.312882 1.059057 200.000000 1.059057 0.009446 3.778299 0.892906 0.467032 200.000000 0.467032
 2.400000 -0.999146 -0.041327 0.874546 0.484943 -1.612135 1.064498 -0.041327 -0.999146 0.484943 0.874546 0.001485 0.594184 -0.045181 1.258506 200.000000 1.258506 0.738465 295.385934 -0.913212 0.730266 200.000000 0.730266 1.329908 531.963303 0.369622 0.694930 200.000000 0.694930 0.306610 122.643923 0.819173 1.452897 200.000000 1.452897
 2.600000 -0.986553 -0.163444 0.755607 0.655025 -1.734977 0.856581 -0.163444 -0.986553 0.655025 0.755607 1.010925 404.369876 -0.062899 1.332150 200.000000 1.332150 1.362155 544.861873 -0.869841 1.646299 200.000000 1.646299 5.228690 2091.475979 0.426362 0.057173 200.000000 0.057173 0.010337 4.134863 0.745440 2.972824 200.000000 2.972824
 2.800000 -0.999752 -0.022290 0.809644 0.586921 -1.593088 0.943546 -0.022290 -0.999752 0.586921 0.809644 0.340203 136.081170 -0.080616 1.383717 200.000000 1.383717 3.002620 1201.047902 -0.826471 2.935472 200.000000 2.935472 1.077851 431.140225 0.483101 -0.774091 200.000000 -0.774091 1.902665 761.065814 0.671707 4.985727 200.000000 4.985727
 3.000000 -0.990249 -0.139309 0.746742 0.665114 -1.710560 0.843149 -0.139309 -0.990249 0.665114 0.746742 0.167896 67.158324 -0.098334 1.474854 200.000000 1.474854 4.291050 1716.419967 -0.783100 4.594137 200.000000 4.594137 1.569342 627.736856 0.539841 -2.072738 200.000000 -2.072738 2.213170 885.267951 0.597974 7.098716 200.000000 7.098716
 3.200000 -0.993810 -0.111097 0.787304 0.616564 -1.682123 0.906425 -0.111097 -0.993810 0.616564 0.787304 0.002454 0.981765 -0.116051 1.483525 200.000000 1.483525 6.455639 2582.255519 -0.739730 6.597285 200.000000 6.597285 0.039935 15.973993 0.596581 -3.712908 200.000000 -3.712908 6.920223 2768.089092 0.524241 9.066128 200.000000 9.066128
 3.400000 -0.992966 -0.118398 0.576415 0.817157 -1.689473 0.614335 -0.118398 -0.992966 0.817157 0.576415 0.023627 9.450675 -0.133769 1.434218 200.000000 1.434218 8.797547 3519.018642 -0.696360 8.949676 200.000000 8.949676 2.684240 1073.696130 0.653320 -5.506607 200.000000 -5.506607 1.585256 634.102599 0.450508 10.895770 200.000000 10.895770
 3.600000 -0.978489 -0.206298 0.488023 0.872831 -1.778587 0.509823 -0.206298 -0.978489 0.872831 0.488023 0.300435 120.173881 -0.151486 1.291281 200.000000 1.291281 10.595019 4238.007591 -0.652989 11.615901 200.000000 11.615901 2.649439 1059.775479 0.710060 -7.354775 200.000000 -7.354775 1.237592 495.036761 0.376775 12.559397 200.000000 12.559397
 3.800000 -0.976939 -0.213520 0.306759 0.951787 -1.785973 0.311786 -0.213520 -0.976939 0.951787 0.306759 0.196391 78.556316 -0.169204 1.174642 200.000000 1.174642 13.492390 5396.956104 -0.609619 14.642510 200.000000 14.642510 3.422029 1368.811779 0.766800 -9.103480 200.000000 -9.103480 0.001382 0.552651 0.303042 14.139632 200.000000 14.139632
 4.000000 -0.963997 -0.265911 0.240594 0.970626 -1.839946 0.242977 -0.265911 -0.963997 0.970626 0.240594 0.623942 249.576900 -0.186921 0.751103 200.000000 0.751103 15.820431 6328.172522 -0.566248 17.813087 200.000000 17.813087 2.163442 865.376866 0.823539 -10.845450 200.000000 -10.845450 0.012733 5.093248 0.229309 14.826539 200.000000 14.826539
 4.200000 -0.907131 -0.420847 0.146189 0.989257 -2.005176 0.146715 -0.420847 -0.907131 0.989257 0.146189 4.674610 1869.844024 -0.204639 0.421634 200.000000 0.421634 14.765073 5906.029251 -0.522878 21.372045 200.000000 21.372045 1.187609 475.043738 0.880279 -12.197773 200.000000 -12.197773 0.008813 3.525140 0.155577 15.370772 200.000000 15.370772
 4.400000 -0.907519 -0.420011 0.044828 0.998995 -2.004254 0.044843 -0.420011 -0.907519 0.998995 0.044828 3.906737 1562.694786 -0.222356 -0.111568 200.000000 -0.111568 18.319376 7327.750424 -0.479508 25.088907 200.000000 25.088907 0.384100 153.640098 0.937019 -13.094913 200.000000 -13.094913 0.137019 54.807573 0.081844 15.680139 200.000000 15.680139
 4.600000 -0.908425 -0.418048 -0.020277 0.999794 -2.002092 -0.020278 -0.418048 -0.908425 0.999794 -0.020277 3.167489 1266.995617 -0.240074 -0.757681 200.000000 -0.757681 22.305561 8922.224364 -0.436137 28.972271 200.000000 28.972271 0.003643 1.457224 0.993759 -13.427137 200.000000 -13.427137 0.080584 32.233456 0.008111 15.854151 200.000000 15.854151
 4.800000 -0.888510 -0.458857 -0.030687 0.999529 -2.047505 -0.030692 -0.458857 -0.888510 0.999529 -0.030687 4.042748 1617.099256 -0.257791 -1.669113 200.000000 -1.669113 24.576137 9830.454863 -0.392767 32.828639 200.000000 32.828639 0.000022 0.008872 1.000000 -13.430122 200.000000 -13.430122 0.094171 37.668566 0.000000 15.802054 200.000000 15.802054
 5.000000 -0.824395 -0.566014 -0.136447 0.990647 -2.172460 -0.136874 -0.566014 -0.824395 0.990647 -0.136447 8.439353 3375.741072 -0.275509 -2.690060 200.000000 -2.690060 22.562400 9024.959877 -0.349396 36.782837 200.000000 36.782837 0.008747 3.498857 1.000000 -13.430122 200.000000 -13.430122 1.861776 744.710461 0.000000 15.802054 200.000000 15.802054
 5.200000 -0.801717 -0.597704 -0.038009 0.999277 -2.211430 -0.038018 -0.597704 -0.801717 0.999277 -0.038009 9.270662 3708.264605 -0.293226 -3.973616 200.000000 -3.973616 24.570953 9828.381344 -0.306026 40.503349 200.000000 40.503349 0.000052 0.020886 1.000000 -13.430122 200.000000 -13.430122 0.144469 57.787589 0.000000 15.802054 200.000000 15.802054
 5.400000 -0.718980 -0.695031 -0.014012 0.999902 -2.339260 -0.014012 -0.695031 -0.718980 0.999902 -0.014012 14.752317 5900.926787 -0.310944 -5.383141 200.000000 -5.383141 20.823158 8329.263172 -0.262656 44.150652 200.000000 44.150652 0.000001 0.000386 1.000000 -13.430122 200.000000 -13.430122 0.019633 7.853325 0.000000 15.802054 200.000000 15.802054
 5.600000 -0.551364 -0.834264 -0.015541 0.999879 -2.557594 -0.015542 -0.834264 -0.551364 0.999879 -0.015541 25.563460 10225.383903 -0.328661 -6.976289 200.000000 -6.976289 11.027668 4411.067260 -0.219285 47.486568 200.000000 47.486568 0.000001 0.000583 1.000000 -13.430122 200.000000 -13.430122 0.024154 9.661466 0.000000 15.802054 200.000000 15.802054
 5.800000 -0.391067 -0.920362 0.113870 0.993496 -2.739802 0.114117 -0.920362 -0.391067 0.993496 0.113870 32.945700 13178.279827 -0.346379 -8.717685 200.000000 -8.717685 4.629050 1851.620130 -0.175915 50.587355 200.000000 50.587355 0.004231 1.692242 1.000000 -13.430122 200.000000 -13.430122 1.296632 518.652603 0.000000 15.802054 200.000000 15.802054
 6.000000 -0.424653 -0.905356 0.020363 0.999793 -2.703014 0.020365 -0.905356 -0.424653 0.999793 0.020363 29.296244 11718.497768 -0.364096 -10.569419 200.000000 -10.569419 8.532734 3413.093607 -0.132544 53.309723 200.000000 53.309723 0.000004 0.001720 1.000000 -13.430122 200.000000 -13.430122 0.041466 16.586401 0.000000 15.802054 200.000000 15.802054
 6.200000 -0.198187 -0.980164 0.039982 0.999200 -2.942084 0.039993 -0.980164 -0.198187 0.999200 0.039982 35.802323 14320.929106 -0.381814 -12.548029 200.000000 -12.548029 1.188393 475.357226 -0.089174 55.432716 200.000000 55.432716 0.000064 0.025574 1.000000 -13.430122 200.000000 -13.430122 0.159856 63.942221 0.000000 15.802054 200.000000 15.802054
 6.400000 -0.171202 -0.985236 0.009710 0.999953 -2.969543 0.009711 -0.985236 -0.171202 0.999953 0.009710 34.305002 13722.000627 -0.399531 -14.507861 200.000000 -14.507861 1.572480 628.992010 -0.045804 57.328707 200.000000 57.328707 0.000000 0.000089 1.000000 -13.430122 200.000000 -13.430122 0.009429 3.771711 0.000000 15.802054 200.000000 15.802054
 6.600000 -0.196617 -0.980480 0.158163 0.987413 -2.943686 0.158830 -0.980480 -0.196617 0.987413 0.158163 31.722987 12689.194786 -0.417249 -16.540336 200.000000 -16.540336 3.770745 1508.298093 -0.002433 58.574989 200.000000 58.574989 0.015843 6.337335 1.000000 -13.430122 200.000000 -13.430122 2.501563 1000.625226 0.000000 15.802054 200.000000 15.802054
 6.800000 0.104637 -0.994511 -0.062692 0.998033 3.036764 -0.062733 -0.994511 0.104637 0.998033 -0.062692 31.308986 12523.594423 -0.434966 -18.526096 200.000000 -18.526096 0.405760 162.303998 0.040937 59.871385 200.000000 59.871385 0.000387 0.154772 1.000000 -13.430122 200.000000 -13.430122 0.393023 157.209282 0.000000 15.802054 200.000000 15.802054
 7.000000 0.125789 -0.992057 0.012846 0.999917 3.015470 0.012846 -0.992057 0.125789 0.999917 0.012846 29.092364 11636.945759 -0.452684 -20.479976 200.000000 -20.479976 0.172067 68.826839 0.084308 60.124532 200.000000 60.124532 0.000001 0.000272 1.000000 -13.430122 200.000000 -13.430122 0.016502 6.600615 0.000000 15.802054 200.000000 15.802054
 7.200000 0.214777 -0.976663 0.030365 0.999539 2.925129 0.030370 -0.976663 0.214777 0.999539 0.030365 25.630112 10252.044805 -0.470401 -22.356254 200.000000 -22.356254 0.758625 303.449934 0.127678 60.636286 200.000000 60.636286 0.000021 0.008506 1.000000 -13.430122 200.000000 -13.430122 0.092205 36.881971 0.000000 15.802054 200.000000 15.802054
 7.400000 0.163888 -0.986479 0.040445 0.999182 2.976962 0.040457 -0.986479 0.163888 0.999182 0.040445 24.836299 9934.519629 -0.488119 -24.140408 200.000000 -24.140408 0.005127 2.050927 0.171049 60.472646 200.000000 60.472646 0.000067 0.026782 1.000000 -13.430122 200.000000 -13.430122 0.163584 65.433480 0.000000 15.802054 200.000000 15.802054
 7.600000 0.135772 -0.990740 0.015666 0.999877 3.005400 0.015666 -0.990740 0.135772 0.999877 0.015666 23.513181 9405.272258 -0.505836 -25.729077 200.000000 -25.729077 0.618527 247.410972 0.214419 59.425386 200.000000 59.425386 0.000002 0.000602 1.000000 -13.430122 200.000000 -13.430122 0.024541 9.816492 0.000000 15.802054 200.000000 15.802054
 7.800000 0.238336 -0.971183 0.056692 0.998392 2.900941 0.056723 -0.971183 0.238336 0.998392 0.056692 20.037187 8014.874666 -0.523554 -27.319105 200.000000 -27.319105 0.037844 15.137474 0.257789 59.239722 200.000000 59.239722 0.000259 0.103466 1.000000 -13.430122 200.000000 -13.430122 0.321403 128.561287 0.000000 15.802054 200.000000 15.802054
 8.000000 0.395939 -0.918277 0.013127 0.999914 2.734503 0.013127 -0.918277 0.395939 0.999914 0.013127 14.213339 5685.335704 -0.541271 -28.673844 200.000000 -28.673844 0.898305 359.322087 0.301160 58.273476 200.000000 58.273476 0.000001 0.000297 1.000000 -13.430122 200.000000 -13.430122 0.017232 6.892754 0.000000 15.802054 200.000000 15.802054
 8.200000 0.386658 -0.922223 -0.011350 0.999936 2.744587 -0.011351 -0.922223 0.386658 0.999936 -0.011350 13.193921 5277.568418 -0.558989 -29.884769 200.000000 -29.884769 0.177480 70.991860 0.344530 57.223246 200.000000 57.223246 0.000000 0.000166 1.000000 -13.430122 200.000000 -13.430122 0.012883 5.153340 0.000000 15.802054 200.000000 15.802054
 8.400000 0.540905 -0.841083 -0.173048 0.984913 2.570079 -0.173924 -0.841083 0.540905 0.984913 -0.173048 6.989537 2795.814638 -0.576706 -31.000133 200.000000 -31.000133 2.341049 936.419797 0.387901 56.368712 200.000000 56.368712 0.022761 9.104309 1.000000 -13.430122 200.000000 -13.430122 2.994574 1197.829570 0.000000 15.802054 200.000000 15.802054
 8.600000 0.530461 -0.847710 -0.093041 0.995662 2.582449 -0.093176 -0.847710 0.530461 0.995662 -0.093041 6.415377 2566.150882 -0.594424 -31.863982 200.000000 -31.863982 0.983860 393.544153 0.431271 55.103837 200.000000 55.103837 0.001882 0.752631 1.000000 -13.430122 200.000000 -13.430122 0.865662 346.264651 0.000000 15.802054 200.000000 15.802054
 8.800000 0.541733 -0.840551 -0.057663 0.998336 2.569095 -0.057695 -0.840551 0.541733 0.998336 -0.057663 5.217095 2086.837878 -0.612141 -32.696218 200.000000 -32.696218 0.450128 180.051103 0.474641 54.317287 200.000000 54.317287 0.000277 0.110740 1.000000 -13.430122 200.000000 -13.430122 0.332499 132.999787 0.000000 15.802054 200.000000 15.802054
 9.000000 0.658962 -0.752176 0.054458 0.998516 2.422154 0.054485 -0.752176 0.658962 0.998516 0.054458 1.496156 598.462301 -0.629859 -33.309124 200.000000 -33.309124 1.986704 794.681507 0.518012 53.389402 200.000000 53.389402 0.000220 0.088082 1.000000 -13.430122 200.000000 -13.430122 0.296566 118.626359 0.000000 15.802054 200.000000 15.802054
 9.200000 0.676547 -0.736399 -0.072353 0.997379 2.398529 -0.072416 -0.736399 0.676547 0.997379 -0.072353 0.788957 315.582797 -0.647576 -33.765049 200.000000 -33.765049 1.326297 530.518941 0.561382 52.530604 200.000000 52.530604 0.000687 0.274770 1.000000 -13.430122 200.000000 -13.430122 0.523498 209.399191 0.000000 15.802054 200.000000 15.802054
 9.400000 0.647008 -0.762483 -0.079715 0.996818 2.437939 -0.079800 -0.762483 0.647008 0.996818 -0.079715 0.944583 377.833246 -0.665294 -34.189937 200.000000 -34.189937 0.178552 71.420825 0.604753 52.149072 200.000000 52.149072 0.001013 0.405082 1.000000 -13.430122 200.000000 -13.430122 0.635448 254.179111 0.000000 15.802054 200.000000 15.802054
 9.600000 0.693870 -0.720100 -0.114272 0.993450 2.374743 -0.114522 -0.720100 0.693870 0.993450 -0.114272 0.137562 55.024849 -0.683011 -34.344707 200.000000 -34.344707 0.209278 83.711119 0.648123 51.559151 200.000000 51.559151 0.004291 1.716354 1.000000 -13.430122 200.000000 -13.430122 1.305806 522.322445 0.000000 15.802054 200.000000 15.802054
 9.800000 0.639634 -0.768680 -0.026893 0.999638 2.447570 -0.026896 -0.768680 0.639634 0.999638 -0.026893 0.461734 184.693781 -0.700728 -34.453648 200.000000 -34.453648 0.268939 107.575632 0.691493 51.382796 200.000000 51.382796 0.000013 0.005233 1.000000 -13.430122 200.000000 -13.430122 0.072323 28.929261 0.000000 15.802054 200.000000 15.802054
 10.000000 0.685761 -0.727827 -0.015920 0.999873 2.385944 -0.015921 -0.727827 0.685761 0.999873 -0.015920 0.042932 17.172853 -0.707107 -34.486934 200.000000 -34.486934 0.045564 18.225788 0.707107 51.434005 200.000000 51.434005 0.000002 0.000642 1.000000 -13.430122 200.000000 -13.430122 0.025345 10.137925 0.000000 15.802054 200.000000 15.802054
 10.200000 0.756158 -0.654389 -0.057458 0.998348 2.284171 -0.057489 -0.654389 0.756158 0.998348 -0.057458 0.277917 111.166927 -0.707107 -34.486934 200.000000 -34.486934 0.240604 96.241464 0.707107 51.434005 200.000000 51.434005 0.000273 0.109172 1.000000 -13.430122 200.000000 -13.430122 0.330139 132.055483 0.000000 15.802054 200.000000 15.802054
 10.400000 0.661768 -0.749709 -0.036710 0.999326 2.418418 -0.036719 -0.749709 0.661768 0.999326 -0.036710 0.181494 72.597455 -0.707107 -34.486934 200.000000 -34.486934 0.205562 82.224882 0.707107 51.434005 200.000000 51.434005 0.000045 0.018174 1.000000 -13.430122 200.000000 -13.430122 0.134765 53.905983 0.000000 15.802054 200.000000 15.802054
 10.600000 0.734153 -0.678984 -0.037370 0.999302 2.317175 -0.037379 -0.678984 0.734153 0.999302 -0.037370 0.079087 31.634746 -0.707107 -34.486934 200.000000 -34.486934 0.073148 29.259277 0.707107 51.434005 200.000000 51.434005 0.000049 0.019516 1.000000 -13.430122 200.000000 -13.430122 0.139650 55.860087 0.000000 15.802054 200.000000 15.802054
 10.800000 0.654727 -0.755865 0.057440 0.998349 2.427771 0.057471 -0.755865 0.654727 0.998349 0.057440 0.237739 95.095402 -0.707107 -34.486934 200.000000 -34.486934 0.274362 109.744605 0.707107 51.434005 200.000000 51.434005 0.000273 0.109036 1.000000 -13.430122 200.000000 -13.430122 0.329934 131.973468 0.000000 15.802054 200.000000 15.802054
 11.000000 0.690118 -0.723697 -0.039206 0.999231 2.379941 -0.039216 -0.723697 0.690118 0.999231 -0.039206 0.027523 11.009251 -0.707107 -34.486934 200.000000 -34.486934 0.028862 11.544771 0.707107 51.434005 200.000000 51.434005 0.000059 0.023646 1.000000 -13.430122 200.000000 -13.430122 0.153714 61.485481 0.000000 15.802054 200.000000 15.802054
 11.200000 0.706845 -0.707369 0.001793 0.999998 2.356565 0.001793 -0.707369 0.706845 0.999998 0.001793 0.000007 0.002749 -0.707107 -34.486934 200.000000 -34.486934 0.000007 0.002751 0.707107 51.434005 200.000000 51.434005 0.000000 0.000000 1.000000 -13.430122 200.000000 -13.430122 0.000321 0.128528 0.000000 15.802054 200.000000 15.802054
 11.400000 0.682608 -0.730785 -0.056171 0.998421 2.390267 -0.056200 -0.730785 0.682608 0.998421 -0.056171 0.056064 22.425597 -0.707107 -34.486934 200.000000 -34.486934 0.060018 24.007380 0.707107 51.434005 200.000000 51.434005 0.000249 0.099708 1.000000 -13.430122 200.000000 -13.430122 0.315517 126.206819 0.000000 15.802054 200.000000 15.802054
 11.600000 0.792912 -0.609336 -0.020739 0.999785 2.226020 -0.020740 -0.609336 0.792912 0.999785 -0.020739 0.955906 382.362212 -0.707107 -34.486934 200.000000 -34.486934 0.736251 294.500388 0.707107 51.434005 200.000000 51.434005 0.000005 0.001850 1.000000 -13.430122 200.000000 -13.430122 0.043009 17.203553 0.000000 15.802054 200.000000 15.802054
 11.800000 0.729920 -0.683532 -0.052157 0.998639 2.323388 -0.052181 -0.683532 0.729920 0.998639 -0.052157 0.055575 22.229919 -0.707107 -34.486934 200.000000 -34.486934 0.052045 20.817907 0.707107 51.434005 200.000000 51.434005 0.000185 0.074107 1.000000 -13.430122 200.000000 -13.430122 0.272040 108.815946 0.000000 15.802054 200.000000 15.802054
 12.000000 0.739668 -0.672972 0.027341 0.999626 2.309016 0.027345 -0.672972 0.739668 0.999626 0.027341 0.116517 46.606919 -0.707107 -34.486934 200.000000 -34.486934 0.106022 42.408850 0.707107 51.434005 200.000000 51.434005 0.000014 0.005591 1.000000 -13.430122 200.000000 -13.430122 0.074756 29.902291 0.000000 15.802054 200.000000 15.802054
 12.200000 0.697340 -0.716740 0.026050 0.999661 2.369913 0.026053 -0.716740 0.697340 0.999661 0.026050 0.009281 3.712203 -0.707107 -34.486934 200.000000 -34.486934 0.009539 3.815467 0.707107 51.434005 200.000000 51.434005 0.000012 0.004607 1.000000 -13.430122 200.000000 -13.430122 0.067863 27.145122 0.000000 15.802054 200.000000 15.802054
 12.400000 0.760212 -0.649675 -0.020182 0.999796 2.277953 -0.020183 -0.649675 0.760212 0.999796 -0.020182 0.329843 131.937022 -0.707107 -34.486934 200.000000 -34.486934 0.282018 112.807384 0.707107 51.434005 200.000000 51.434005 0.000004 0.001659 1.000000 -13.430122 200.000000 -13.430122 0.040731 16.292280 0.000000 15.802054 200.000000 15.802054
 12.600000 0.779793 -0.626038 0.060287 0.998181 2.247258 0.060323 -0.626038 0.779793 0.998181 0.060287 0.657215 262.886197 -0.707107 -34.486934 200.000000 -34.486934 0.528323 211.329065 0.707107 51.434005 200.000000 51.434005 0.000331 0.132335 1.000000 -13.430122 200.000000 -13.430122 0.363449 145.379410 0.000000 15.802054 200.000000 15.802054
 12.800000 0.723325 -0.690508 -0.108419 0.994105 2.332988 -0.108632 -0.690508 0.723325 0.994105 -0.108419 0.027552 11.020683 -0.707107 -34.486934 200.000000 -34.486934 0.026302 10.520816 0.707107 51.434005 200.000000 51.434005 0.003475 1.389883 1.000000 -13.430122 200.000000 -13.430122 1.175458 470.183253 0.000000 15.802054 200.000000 15.802054
 13.000000 0.690699 -0.723143 -0.077883 0.996963 2.379138 -0.077962 -0.723143 0.690699 0.996963 -0.077883 0.025715 10.286040 -0.707107 -34.486934 200.000000 -34.486934 0.026923 10.769074 0.707107 51.434005 200.000000 51.434005 0.000923 0.369054 1.000000 -13.430122 200.000000 -13.430122 0.606576 242.630305 0.000000 15.802054 200.000000 15.802054
 13.200000 0.679191 -0.733961 -0.055787 0.998443 2.394932 -0.055816 -0.733961 0.679191 0.998443 -0.055787 0.072116 28.846335 -0.707107 -34.486934 200.000000 -34.486934 0.077927 31.170677 0.707107 51.434005 200.000000 51.434005 0.000243 0.097011 1.000000 -13.430122 200.000000 -13.430122 0.311223 124.489311 0.000000 15.802054 200.000000 15.802054
 13.400000 0.700794 -0.713364 0.033674 0.999433 2.365082 0.033681 -0.713364 0.700794 0.999433 0.033674 0.003915 1.565863 -0.707107 -34.486934 200.000000 -34.486934 0.003985 1.593946 0.707107 51.434005 200.000000 51.434005 0.000032 0.012866 1.000000 -13.430122 200.000000 -13.430122 0.113395 45.358115 0.000000 15.802054 200.000000 15.802054
 13.600000 0.736081 -0.676893 0.033893 0.999425 2.314330 0.033899 -0.676893 0.736081 0.999425 0.033893 0.091286 36.514314 -0.707107 -34.486934 200.000000 -34.486934 0.083952 33.580683 0.707107 51.434005 200.000000 51.434005 0.000033 0.013203 1.000000 -13.430122 200.000000 -13.430122 0.114871 45.948586 0.000000 15.802054 200.000000 15.802054
 13.800000 0.734933 -0.678140 -0.069242 0.997600 2.316025 -0.069298 -0.678140 0.734933 0.997600 -0.069242 0.083906 33.562588 -0.707107 -34.486934 200.000000 -34.486934 0.077428 30.971027 0.707107 51.434005 200.000000 51.434005 0.000576 0.230423 1.000000 -13.430122 200.000000 -13.430122 0.479448 191.779302 0.000000 15.802054 200.000000 15.802054
 14.000000 0.710422 -0.703776 -0.069192 0.997603 2.351495 -0.069247 -0.703776 0.710422 0.997603 -0.069192 0.001109 0.443732 -0.707107 -34.486934 200.000000 -34.486934 0.001099 0.439581 0.707107 51.434005 200.000000 51.434005 0.000574 0.229754 1.000000 -13.430122 200.000000 -13.430122 0.478753 191.501071 0.000000 15.802054 200.000000 15.802054
 14.200000 0.649611 -0.760267 -0.029759 0.999557 2.434520 -0.029764 -0.760267 0.649611 0.999557 -0.029759 0.282597 113.038828 -0.707107 -34.486934 200.000000 -34.486934 0.330575 132.229946 0.707107 51.434005 200.000000 51.434005 0.000020 0.007847 1.000000 -13.430122 200.000000 -13.430122 0.088562 35.424668 0.000000 15.802054 200.000000 15.802054
 14.400000 0.726020 -0.687673 0.028176 0.999603 2.329076 0.028179 -0.687673 0.726020 0.999603 0.028176 0.037766 15.106395 -0.707107 -34.486934 200.000000 -34.486934 0.035772 14.308791 0.707107 51.434005 200.000000 51.434005 0.000016 0.006305 1.000000 -13.430122 200.000000 -13.430122 0.079386 31.754565 0.000000 15.802054 200.000000 15.802054
 14.600000 0.720253 -0.693711 0.019632 0.999807 2.337425 0.019634 -0.693711 0.720253 0.999807 0.019632 0.017944 7.177605 -0.707107 -34.486934 200.000000 -34.486934 0.017283 6.913149 0.707107 51.434005 200.000000 51.434005 0.000004 0.001486 1.000000 -13.430122 200.000000 -13.430122 0.038543 15.417152 0.000000 15.802054 200.000000 15.802054
 14.800000 0.689285 -0.724490 0.036215 0.999344 2.381091 0.036223 -0.724490 0.689285 0.999344 0.036215 0.030219 12.087579 -0.707107 -34.486934 200.000000 -34.486934 0.031762 12.704761 0.707107 51.434005 200.000000 51.434005 0.000043 0.017213 1.000000 -13.430122 200.000000 -13.430122 0.131155 52.461863 0.000000 15.802054 200.000000 15.802054
 15.000000 0.720723 -0.693223 0.011476 0.999934 2.336748 0.011476 -0.693223 0.720723 0.999934 0.011476 0.019276 7.710350 -0.707107 -34.486934 200.000000 -34.486934 0.018541 7.416206 0.707107 51.434005 200.000000 51.434005 0.000000 0.000173 1.000000 -13.430122 200.000000 -13.430122 0.013170 5.267972 0.000000 15.802054 200.000000 15.802054
 15.200000 0.655640 -0.755074 -0.029314 0.999570 2.426563 -0.029318 -0.755074 0.655640 0.999570 -0.029314 0.230083 92.033116 -0.707107 -34.486934 200.000000 -34.486934 0.264884 105.953631 0.707107 51.434005 200.000000 51.434005 0.000018 0.007387 1.000000 -13.430122 200.000000 -13.430122 0.085931 34.372478 0.000000 15.802054 200.000000 15.802054
 15.400000 0.733144 -0.680073 -0.063212 0.998000 2.318659 -0.063255 -0.680073 0.733144 0.998000 -0.063212 0.073081 29.232290 -0.707107 -34.486934 200.000000 -34.486934 0.067794 27.117662 0.707107 51.434005 200.000000 51.434005 0.000400 0.159985 1.000000 -13.430122 200.000000 -13.430122 0.399582 159.832692 0.000000 15.802054 200.000000 15.802054
 15.600000 0.661429 -0.750008 -0.044753 0.998998 2.418870 -0.044768 -0.750008 0.661429 0.998998 -0.044753 0.184050 73.620186 -0.707107 -34.486934 200.000000 -34.486934 0.208647 83.458798 0.707107 51.434005 200.000000 51.434005 0.000100 0.040155 1.000000 -13.430122 200.000000 -13.430122 0.200287 80.114883 0.000000 15.802054 200.000000 15.802054
 15.800000 0.698158 -0.715944 -0.040375 0.999185 2.368771 -0.040386 -0.715944 0.698158 0.999185 -0.040375 0.007809 3.123608 -0.707107 -34.486934 200.000000 -34.486934 0.008008 3.203176 0.707107 51.434005 200.000000 51.434005 0.000066 0.026594 1.000000 -13.430122 200.000000 -13.430122 0.163011 65.204319 0.000000 15.802054 200.000000 15.802054
 16.000000 0.694916 -0.719091 0.009857 0.999951 2.373289 0.009857 -0.719091 0.694916 0.999951 0.009857 0.014362 5.744689 -0.707107 -34.486934 200.000000 -34.486934 0.014861 5.944505 0.707107 51.434005 200.000000 51.434005 0.000000 0.000094 1.000000 -13.430122 200.000000 -13.430122 0.009716 3.886355 0.000000 15.802054 200.000000 15.802054
 16.200000 0.663497 -0.748179 -0.020739 0.999785 2.416109 -0.020741 -0.748179 0.663497 0.999785 -0.020739 0.168689 67.475525 -0.707107 -34.486934 200.000000 -34.486934 0.190177 76.070875 0.707107 51.434005 200.000000 51.434005 0.000005 0.001850 1.000000 -13.430122 200.000000 -13.430122 0.043012 17.204738 0.000000 15.802054 200.000000 15.802054
 16.400000 0.750725 -0.660615 -0.059233 0.998244 2.292434 -0.059267 -0.660615 0.750725 0.998244 -0.059233 0.216145 86.458109 -0.707107 -34.486934 200.000000 -34.486934 0.190251 76.100397 0.707107 51.434005 200.000000 51.434005 0.000308 0.123314 1.000000 -13.430122 200.000000 -13.430122 0.350852 140.340777 0.000000 15.802054 200.000000 15.802054
 16.600000 0.623585 -0.781756 -0.040629 0.999174 2.468273 -0.040640 -0.781756 0.623585 0.999174 -0.040629 0.557246 222.898390 -0.707107 -34.486934 200.000000 -34.486934 0.697592 279.036658 0.707107 51.434005 200.000000 51.434005 0.000068 0.027271 1.000000 -13.430122 200.000000 -13.430122 0.165071 66.028560 0.000000 15.802054 200.000000 15.802054
 16.800000 0.699821 -0.714318 -0.053490 0.998568 2.366445 -0.053515 -0.714318 0.699821 0.998568 -0.053490 0.005200 2.080032 -0.707107 -34.486934 200.000000 -34.486934 0.005308 2.123117 0.707107 51.434005 200.000000 51.434005 0.000205 0.081980 1.000000 -13.430122 200.000000 -13.430122 0.286116 114.446491 0.000000 15.802054 200.000000 15.802054
 17.000000 0.724432 -0.689346 0.001329 0.999999 2.331383 0.001329 -0.689346 0.724432 0.999999 0.001329 0.031543 12.617205 -0.707107 -34.486934 200.000000 -34.486934 0.030016 12.006317 0.707107 51.434005 200.000000 51.434005 0.000000 0.000000 1.000000 -13.430122 200.000000 -13.430122 0.000177 0.070612 0.000000 15.802054 200.000000 15.802054
 17.200000 0.683317 -0.730122 0.007919 0.999969 2.389296 0.007919 -0.730122 0.683317 0.999969 0.007919 0.052969 21.187498 -0.707107 -34.486934 200.000000 -34.486934 0.056595 22.637938 0.707107 51.434005 200.000000 51.434005 0.000000 0.000039 1.000000 -13.430122 200.000000 -13.430122 0.006271 2.508336 0.000000 15.802054 200.000000 15.802054
 17.400000 0.733068 -0.680155 -0.022766 0.999741 2.318771 -0.022768 -0.680155 0.733068 0.999741 -0.022766 0.072639 29.055433 -0.707107 -34.486934 200.000000 -34.486934 0.067399 26.959627 0.707107 51.434005 200.000000 51.434005 0.000007 0.002687 1.000000 -13.430122 200.000000 -13.430122 0.051828 20.731385 0.000000 15.802054 200.000000 15.802054
 17.600000 0.651630 -0.758537 -0.052687 0.998611 2.431861 -0.052712 -0.758537 0.651630 0.998611 -0.052687 0.264506 105.802272 -0.707107 -34.486934 200.000000 -34.486934 0.307766 123.106524 0.707107 51.434005 200.000000 51.434005 0.000193 0.077167 1.000000 -13.430122 200.000000 -13.430122 0.277596 111.038398 0.000000 15.802054 200.000000 15.802054
 17.800000 0.728373 -0.685181 -0.029713 0.999558 2.325648 -0.029717 -0.685181 0.728373 0.999558 -0.029713 0.048074 19.229678 -0.707107 -34.486934 200.000000 -34.486934 0.045225 18.089889 0.707107 51.434005 200.000000 51.434005 0.000019 0.007798 1.000000 -13.430122 200.000000 -13.430122 0.088284 35.313767 0.000000 15.802054 200.000000 15.802054
 18.000000 0.626485 -0.779434 0.039255 0.999229 2.464557 0.039265 -0.779434 0.626485 0.999229 0.039255 0.523116 209.246369 -0.707107 -34.486934 200.000000 -34.486934 0.649988 259.995327 0.707107 51.434005 200.000000 51.434005 0.000059 0.023763 1.000000 -13.430122 200.000000 -13.430122 0.154093 61.637353 0.000000 15.802054 200.000000 15.802054
 18.200000 0.724000 -0.689800 0.057772 0.998330 2.332009 0.057804 -0.689800 0.724000 0.998330 0.057772 0.029952 11.980844 -0.707107 -34.486934 200.000000 -34.486934 0.028538 11.415063 0.707107 51.434005 200.000000 51.434005 0.000279 0.111583 1.000000 -13.430122 200.000000 -13.430122 0.333762 133.504645 0.000000 15.802054 200.000000 15.802054
 18.400000 0.754584 -0.656203 -0.027257 0.999628 2.286573 -0.027260 -0.656203 0.754584 0.999628 -0.027257 0.259116 103.646486 -0.707107 -34.486934 200.000000 -34.486934 0.225410 90.163923 0.707107 51.434005 200.000000 51.434005 0.000014 0.005522 1.000000 -13.430122 200.000000 -13.430122 0.074293 29.717247 0.000000 15.802054 200.000000 15.802054
 18.600000 0.706265 -0.707948 -0.005652 0.999984 2.357384 -0.005652 -0.707948 0.706265 0.999984 -0.005652 0.000071 0.028273 -0.707107 -34.486934 200.000000 -34.486934 0.000071 0.028340 0.707107 51.434005 200.000000 51.434005 0.000000 0.000010 1.000000 -13.430122 200.000000 -13.430122 0.003195 1.277968 0.000000 15.802054 200.000000 15.802054
 18.800000 0.698123 -0.715978 0.023475 0.999724 2.368820 0.023477 -0.715978 0.698123 0.999724 0.023475 0.007870 3.147956 -0.707107 -34.486934 200.000000 -34.486934 0.008071 3.228462 0.707107 51.434005 200.000000 51.434005 0.000008 0.003038 1.000000 -13.430122 200.000000 -13.430122 0.055109 22.043660 0.000000 15.802054 200.000000 15.802054
 19.000000 0.699172 -0.714953 0.026299 0.999654 2.367353 0.026302 -0.714953 0.699172 0.999654 0.026299 0.006156 2.462550 -0.707107 -34.486934 200.000000 -34.486934 0.006295 2.518128 0.707107 51.434005 200.000000 51.434005 0.000012 0.004785 1.000000 -13.430122 200.000000 -13.430122 0.069162 27.664794 0.000000 15.802054 200.000000 15.802054
 19.200000 0.732502 -0.680765 0.029433 0.999567 2.319602 0.029437 -0.680765 0.732502 0.999567 0.029433 0.069391 27.756390 -0.707107 -34.486934 200.000000 -34.486934 0.064493 25.797184 0.707107 51.434005 200.000000 51.434005 0.000019 0.007508 1.000000 -13.430122 200.000000 -13.430122 0.086629 34.651572 0.000000 15.802054 200.000000 15.802054
 19.400000 0.769263 -0.638932 -0.048841 0.998807 2.263906 -0.048860 -0.638932 0.769263 0.998807 -0.048841 0.464777 185.910834 -0.707107 -34.486934 200.000000 -34.486934 0.386340 154.536001 0.707107 51.434005 200.000000 51.434005 0.000142 0.056970 1.000000 -13.430122 200.000000 -13.430122 0.238541 95.416501 0.000000 15.802054 200.000000 15.802054
 19.600000 0.695144 -0.718871 -0.047898 0.998852 2.372973 -0.047916 -0.718871 0.695144 0.998852 -0.047898 0.013839 5.535500 -0.707107 -34.486934 200.000000 -34.486934 0.014311 5.724411 0.707107 51.434005 200.000000 51.434005 0.000132 0.052694 1.000000 -13.430122 200.000000 -13.430122 0.229419 91.767567 0.000000 15.802054 200.000000 15.802054
 19.800000 0.665110 -0.746746 -0.049662 0.998766 2.413952 -0.049683 -0.746746 0.665110 0.998766 -0.049662 0.157124 62.849536 -0.707107 -34.486934 200.000000 -34.486934 0.176375 70.550068 0.707107 51.434005 200.000000 51.434005 0.000152 0.060902 1.000000 -13.430122 200.000000 -13.430122 0.246632 98.652825 0.000000 15.802054 200.000000 15.802054
 20.000000 0.709680 -0.704524 0.039199 0.999231 2.352549 0.039209 -0.704524 0.709680 0.999231 0.039199 0.000667 0.266751 -0.707107 -34.486934 200.000000 -34.486934 0.000662 0.264813 0.707107 51.434005 200.000000 51.434005 0.000059 0.023629 1.000000 -13.430122 200.000000 -13.430122 0.153657 61.462762 0.000000 15.802054 200.000000 15.802054
