#! FIELDS time sin_phi cos_phi sin_psi cos_psi phi psi cos_phi sin_phi cos_psi sin_psi restraint_phi_cos.bias restraint_phi_cos.force2 restraint_phi_cos.cos_phi_cntr restraint_phi_cos.cos_phi_work restraint_phi_cos.cos_phi_kappa restraint_phi_cos.work restraint_phi_sin.bias restraint_phi_sin.force2 restraint_phi_sin.sin_phi_cntr restraint_phi_sin.sin_phi_work restraint_phi_sin.sin_phi_kappa restraint_phi_sin.work restraint_psi_cos.bias restraint_psi_cos.force2 restraint_psi_cos.cos_psi_cntr restraint_psi_cos.cos_psi_work restraint_psi_cos.cos_psi_kappa restraint_psi_cos.work restraint_psi_sin.bias restraint_psi_sin.force2 restraint_psi_sin.sin_psi_cntr restraint_psi_sin.sin_psi_work restraint_psi_sin.sin_psi_kappa restraint_psi_sin.work
#! SET min_phi -pi
#! SET max_phi pi
#! SET min_psi -pi
#! SET max_psi pi
 0.000000 -0.999983 -0.005782 0.966116 0.258110 -1.576579 1.309731 -0.005782 -0.999983 0.258110 0.966116 0.000000 0.000000 -0.009747 0.000000 0.000000 0.000000 0.000000 0.000000 -0.999953 0.000000 0.000000 0.000000 0.000000 0.000000 0.256142 0.000000 0.000000 0.000000 0.000000 0.000000 0.966639 0.000000 0.000000 0.000000
 0.200000 -1.000000 -0.000266 0.834655 0.550773 -1.571062 0.987506 -0.000266 -1.000000 0.550773 0.834655 0.000899 0.035954 -0.009747 0.429322 20.000000 0.429322 0.000000 0.000001 -0.999953 0.008204 20.000000 0.008204 0.868072 34.722866 0.256142 0.437494 20.000000 0.437494 0.174198 6.967905 0.966639 0.079186 20.000000 0.079186
 0.400000 -0.998238 0.059333 0.982968 0.183778 -1.511428 1.385968 0.059333 -0.998238 0.183778 0.982968 0.095441 7.635246 -0.009747 0.576151 40.000000 0.576151 0.000059 0.004702 -0.999953 0.009175 40.000000 0.009175 0.104733 8.378618 0.256142 0.652620 40.000000 0.652620 0.005333 0.426605 0.966639 0.103852 40.000000 0.103852
 0.600000 -0.997905 0.064690 0.969721 0.244216 -1.506061 1.324085 0.064690 -0.997905 0.244216 0.969721 0.166224 19.946879 -0.009747 0.652738 60.000000 0.652738 0.000126 0.015086 -0.999953 0.009549 60.000000 0.009549 0.004267 0.512080 0.256142 0.812949 60.000000 0.812949 0.000285 0.034192 0.966639 0.126978 60.000000 0.126978
 0.800000 -0.999998 0.001894 0.948099 0.317975 -1.568902 1.247203 0.001894 -0.999998 0.317975 0.948099 0.005420 0.867200 -0.009747 0.745440 80.000000 0.745440 0.000000 0.000013 -0.999953 0.009931 80.000000 0.009931 0.152931 24.469032 0.256142 0.870396 80.000000 0.870396 0.013749 2.199883 0.966639 0.131256 80.000000 0.131256
 1.000000 -0.997905 -0.064690 0.983714 0.179740 -1.635531 1.390074 -0.064690 -0.997905 0.179740 0.983714 0.150938 30.187619 -0.009747 0.830208 100.000000 0.830208 0.000210 0.041905 -0.999953 0.010215 100.000000 0.010215 0.291867 58.373466 0.256142 0.906296 100.000000 0.906296 0.014578 2.915595 0.966639 0.133900 100.000000 0.133900
 1.200000 -0.998628 0.052357 0.985226 0.171262 -1.518415 1.398686 0.052357 -0.998628 0.171262 0.985226 0.231412 55.538994 -0.009747 0.926095 120.000000 0.926095 0.000105 0.025246 -0.999953 0.010633 120.000000 0.010633 0.432282 103.747643 0.256142 0.992025 120.000000 0.992025 0.020727 4.974582 0.966639 0.141240 120.000000 0.141240
 1.400000 -0.999098 0.042471 0.979939 0.199299 -1.528313 1.370154 0.042471 -0.999098 0.199299 0.979939 0.190866 53.442499 -0.009747 0.960898 140.000000 0.960898 0.000051 0.014321 -0.999953 0.010712 140.000000 0.010712 0.226180 63.330420 0.256142 1.092945 140.000000 1.092945 0.012382 3.466844 0.966639 0.149518 140.000000 0.149518
 1.600000 -0.999952 0.009779 0.961528 0.274706 -1.561018 1.292512 0.009779 -0.999952 0.274706 0.961528 0.030498 9.759450 -0.009747 1.007093 160.000000 1.007093 0.000000 0.000000 -0.999953 0.010845 160.000000 0.010845 0.027570 8.822428 0.256142 1.162447 160.000000 1.162447 0.002090 0.668714 0.966639 0.156254 160.000000 0.156254
 1.800000 -0.999816 -0.019191 0.970209 0.242271 -1.589988 1.326090 -0.019191 -0.999816 0.242271 0.970209 0.008027 2.889774 -0.009747 1.051966 180.000000 1.051966 0.000002 0.000605 -0.999953 0.010933 180.000000 0.010933 0.017316 6.233938 0.256142 1.193883 180.000000 1.193883 0.001147 0.412811 0.966639 0.158912 180.000000 0.158912
 2.000000 -0.987451 0.157923 0.943128 0.332430 -1.412209 1.231917 0.157923 -0.987451 0.332430 0.943128 2.811311 1124.524500 -0.009747 1.081900 200.000000 1.081900 0.015628 6.251093 -0.999953 0.011013 200.000000 0.011013 0.581986 232.794469 0.256142 1.219741 200.000000 1.219741 0.055278 22.111200 0.966639 0.161373 200.000000 0.161373
 2.200000 -0.986766 0.162148 0.886570 0.462595 -1.407929 1.089876 0.162148 -0.986766 0.462595 0.886570 0.898084 359.233595 0.067381 0.819266 200.000000 0.819266 0.162094 64.837573 -0.946506 0.263143 200.000000 0.263143 2.731589 1092.635534 0.297320 1.087220 200.000000 1.087220 0.000152 0.060970 0.887804 0.559398 200.000000 0.559398
 2.400000 -0.990235 0.139412 0.887039 0.461695 -1.430929 1.090891 0.139412 -0.990235 0.461695 0.887039 0.002598 1.039073 0.144508 0.432733 200.000000 0.432733 0.944317 377.726802 -0.893059 1.015798 200.000000 1.015798 1.517760 607.104177 0.338498 0.776350 200.000000 0.776350 0.609482 243.792803 0.808969 1.846871 200.000000 1.846871
 2.600000 -0.996115 0.088061 0.824506 0.565853 -1.482622 0.969329 0.088061 -0.996115 0.565853 0.824506 1.784237 713.694701 0.221636 0.192837 200.000000 0.192837 2.449337 979.734690 -0.839612 2.208325 200.000000 2.208325 3.466209 1386.483435 0.379676 0.212890 200.000000 0.212890 0.890601 356.240499 0.730134 3.887145 200.000000 3.887145
 2.800000 -0.960623 0.277856 0.815986 0.578072 -1.289235 0.954433 0.277856 -0.960623 0.578072 0.815986 0.043711 17.484493 0.298763 -0.108671 200.000000 -0.108671 3.043564 1217.425577 -0.786165 3.753570 200.000000 3.753570 2.471763 988.705251 0.420853 -0.530320 200.000000 -0.530320 2.712164 1084.865422 0.651299 6.692191 200.000000 6.692191
 3.000000 -0.900623 0.434602 0.707033 0.707181 -1.121200 0.785294 0.434602 -0.900623 0.707181 0.707033 0.344695 137.878184 0.375891 -0.787522 200.000000 -0.787522 2.819217 1127.686604 -0.732718 5.497900 200.000000 5.497900 6.009839 2403.935472 0.462031 -1.681551 200.000000 -1.681551 1.810861 724.344225 0.572465 9.837505 200.000000 9.837505
 3.200000 -0.885569 0.464507 0.695806 0.718230 -1.087718 0.769542 0.464507 -0.885569 0.718230 0.695806 0.013199 5.279662 0.453018 -1.607090 200.000000 -1.607090 4.255920 1702.368063 -0.679271 7.368192 200.000000 7.368192 4.623399 1849.359640 0.503209 -3.272882 200.000000 -3.272882 4.087531 1635.012291 0.493630 12.963419 200.000000 12.963419
 3.400000 -0.893577 0.448909 0.544246 0.838926 -1.105252 0.575490 0.448909 -0.893577 0.838926 0.544246 0.659939 263.975592 0.530146 -2.362914 200.000000 -2.362914 7.169209 2867.683666 -0.625824 9.358647 200.000000 9.358647 8.675337 3470.134809 0.544386 -5.193670 200.000000 -5.193670 1.675760 670.303804 0.414795 15.981640 200.000000 15.981640
 3.600000 -0.734503 0.678606 0.411816 0.911267 -0.824934 0.424446 0.678606 -0.734503 0.911267 0.411816 0.508830 203.531834 0.607273 -3.508432 200.000000 -3.508432 2.628493 1051.397284 -0.572377 11.110916 200.000000 11.110916 10.608243 4243.297343 0.585564 -7.321877 200.000000 -7.321877 0.575409 230.163769 0.335960 18.865737 200.000000 18.865737
 3.800000 -0.655222 0.755436 0.365360 0.930866 -0.714477 0.374020 0.755436 -0.655222 0.930866 0.365360 0.504602 201.840730 0.684401 -4.745802 200.000000 -4.745802 1.857571 743.028565 -0.518930 12.611556 200.000000 12.611556 9.249153 3699.661352 0.626742 -9.666232 200.000000 -9.666232 1.171491 468.596359 0.257125 21.240764 200.000000 21.240764
 4.000000 -0.588780 0.808294 0.239968 0.970781 -0.629548 0.242333 0.808294 -0.588780 0.970781 0.239968 0.218700 87.479955 0.761528 -5.649982 200.000000 -5.649982 1.520216 608.086585 -0.465483 13.988362 200.000000 13.988362 9.172492 3668.996652 0.667920 -12.198103 200.000000 -12.198103 0.380413 152.165280 0.178290 22.415642 200.000000 22.415642
 4.200000 -0.455513 0.890229 0.046957 0.998897 -0.472948 0.046974 0.890229 -0.455513 0.998897 0.046957 0.265984 106.393734 0.838656 -6.389259 200.000000 -6.389259 0.189025 75.609871 -0.412036 14.923558 200.000000 14.923558 8.398378 3359.351102 0.709097 -14.600328 200.000000 -14.600328 0.275606 110.242215 0.099455 22.802203 200.000000 22.802203
 4.400000 -0.439595 0.898196 -0.040280 0.999188 -0.455147 -0.040291 0.898196 -0.439595 0.999188 -0.040280 0.030930 12.371816 0.915783 -6.558126 200.000000 -6.558126 0.656195 262.478018 -0.358589 15.692959 200.000000 15.692959 6.195786 2478.314259 0.750275 -16.749723 200.000000 -16.749723 0.370884 148.353598 0.020620 23.092566 200.000000 23.092566
 4.600000 -0.336543 0.941668 -0.152402 0.988319 -0.343243 -0.152999 0.941668 -0.336543 0.988319 -0.152402 0.000390 0.156101 0.939693 -6.539152 200.000000 -6.539152 0.003000 1.199967 -0.342020 15.794663 200.000000 15.794663 3.875611 1550.244571 0.791453 -18.614594 200.000000 -18.614594 0.887134 354.853657 -0.058215 23.127382 200.000000 23.127382
 4.800000 -0.355098 0.934829 -0.099818 0.995006 -0.363019 -0.099984 0.934829 -0.355098 0.995006 -0.099818 0.002366 0.946228 0.939693 -6.539152 200.000000 -6.539152 0.017104 6.841690 -0.342020 15.794663 200.000000 15.794663 2.636571 1054.628301 0.832631 -20.070306 200.000000 -20.070306 0.138620 55.448025 -0.137049 22.474828 200.000000 22.474828
 5.000000 -0.380438 0.924807 -0.170374 0.985379 -0.390269 -0.171209 0.924807 -0.380438 0.985379 -0.170374 0.022159 8.863762 0.939693 -6.539152 200.000000 -6.539152 0.147590 59.036087 -0.342020 15.794663 200.000000 15.794663 1.244814 497.925552 0.873808 -21.058716 200.000000 -21.058716 0.207120 82.847930 -0.215884 21.846090 200.000000 21.846090
 5.200000 -0.388283 0.921540 -0.374833 0.927092 -0.398767 -0.384216 0.921540 -0.388283 0.927092 -0.374833 0.032951 13.180298 0.939693 -6.539152 200.000000 -6.539152 0.214023 85.609235 -0.342020 15.794663 200.000000 15.794663 0.014657 5.862663 0.914986 -21.610223 200.000000 -21.610223 0.641818 256.727107 -0.294719 21.666805 200.000000 21.666805
 5.400000 -0.400167 0.916442 -0.381468 0.924382 -0.411699 -0.391384 0.916442 -0.400167 0.924382 -0.381468 0.054059 21.623435 0.939693 -6.539152 200.000000 -6.539152 0.338109 135.243535 -0.342020 15.794663 200.000000 15.794663 0.023441 9.376495 0.939693 -21.719024 200.000000 -21.719024 0.155612 62.244998 -0.342020 21.742030 200.000000 21.742030
 5.600000 -0.426340 0.904563 -0.346985 0.937871 -0.440443 -0.354354 0.904563 -0.426340 0.937871 -0.346985 0.123408 49.363359 0.939693 -6.539152 200.000000 -6.539152 0.710980 284.392119 -0.342020 15.794663 200.000000 15.794663 0.000332 0.132779 0.939693 -21.719024 200.000000 -21.719024 0.002465 0.985994 -0.342020 21.742030 200.000000 21.742030
 5.800000 -0.356292 0.934375 -0.368196 0.929748 -0.364296 -0.377068 0.934375 -0.356292 0.929748 -0.368196 0.002828 1.131229 0.939693 -6.539152 200.000000 -6.539152 0.020369 8.147448 -0.342020 15.794663 200.000000 15.794663 0.009889 3.955769 0.939693 -21.719024 200.000000 -21.719024 0.068519 27.407715 -0.342020 21.742030 200.000000 21.742030
 6.000000 -0.378226 0.925713 -0.433335 0.901233 -0.387879 -0.448190 0.925713 -0.378226 0.901233 -0.433335 0.019542 7.816917 0.939693 -6.539152 200.000000 -6.539152 0.131087 52.434869 -0.342020 15.794663 200.000000 15.794663 0.147914 59.165724 0.939693 -21.719024 200.000000 -21.719024 0.833838 333.535052 -0.342020 21.742030 200.000000 21.742030
 6.200000 -0.401736 0.915756 -0.315795 0.948827 -0.413412 -0.321295 0.915756 -0.401736 0.948827 -0.315795 0.057298 22.919376 0.939693 -6.539152 200.000000 -6.539152 0.356598 142.639336 -0.342020 15.794663 200.000000 15.794663 0.008344 3.337720 0.939693 -21.719024 200.000000 -21.719024 0.068774 27.509639 -0.342020 21.742030 200.000000 21.742030
 6.400000 -0.438313 0.898822 -0.325210 0.945642 -0.453721 -0.331233 0.898822 -0.438313 0.945642 -0.325210 0.167039 66.815755 0.939693 -6.539152 200.000000 -6.539152 0.927241 370.896291 -0.342020 15.794663 200.000000 15.794663 0.003539 1.415773 0.939693 -21.719024 200.000000 -21.719024 0.028259 11.303673 -0.342020 21.742030 200.000000 21.742030
 6.600000 -0.416931 0.908938 -0.317415 0.948287 -0.430066 -0.323002 0.908938 -0.416931 0.948287 -0.317415 0.094583 37.833195 0.939693 -6.539152 200.000000 -6.539152 0.561159 224.463706 -0.342020 15.794663 200.000000 15.794663 0.007386 2.954458 0.939693 -21.719024 200.000000 -21.719024 0.060544 24.217471 -0.342020 21.742030 200.000000 21.742030
 6.800000 -0.307288 0.951617 -0.354785 0.934948 -0.312342 -0.362684 0.951617 -0.307288 0.934948 -0.354785 0.014218 5.687234 0.939693 -6.539152 200.000000 -6.539152 0.120633 48.253028 -0.342020 15.794663 200.000000 15.794663 0.002251 0.900445 0.939693 -21.719024 200.000000 -21.719024 0.016293 6.517351 -0.342020 21.742030 200.000000 21.742030
 7.000000 -0.414627 0.909992 -0.327494 0.944853 -0.427533 -0.333650 0.909992 -0.414627 0.944853 -0.327494 0.088216 35.286205 0.939693 -6.539152 200.000000 -6.539152 0.527173 210.869362 -0.342020 15.794663 200.000000 15.794663 0.002663 1.065271 0.939693 -21.719024 200.000000 -21.719024 0.021101 8.440221 -0.342020 21.742030 200.000000 21.742030
 7.200000 -0.417333 0.908754 -0.342586 0.939486 -0.430508 -0.349668 0.908754 -0.417333 0.939486 -0.342586 0.095722 38.288698 0.939693 -6.539152 200.000000 -6.539152 0.567201 226.880319 -0.342020 15.794663 200.000000 15.794663 0.000004 0.001702 0.939693 -21.719024 200.000000 -21.719024 0.000032 0.012825 -0.342020 21.742030 200.000000 21.742030
 7.400000 -0.315943 0.948778 -0.273171 0.961965 -0.321450 -0.276688 0.948778 -0.315943 0.961965 -0.273171 0.008255 3.301932 0.939693 -6.539152 200.000000 -6.539152 0.068003 27.201056 -0.342020 15.794663 200.000000 15.794663 0.049607 19.842987 0.939693 -21.719024 200.000000 -21.719024 0.474014 189.605547 -0.342020 21.742030 200.000000 21.742030
 7.600000 -0.298062 0.954547 -0.329317 0.944219 -0.302661 -0.335580 0.954547 -0.298062 0.944219 -0.329317 0.022064 8.825708 0.939693 -6.539152 200.000000 -6.539152 0.193236 77.294480 -0.342020 15.794663 200.000000 15.794663 0.002049 0.819678 0.939693 -21.719024 200.000000 -21.719024 0.016137 6.454807 -0.342020 21.742030 200.000000 21.742030
 7.800000 -0.405526 0.914083 -0.307838 0.951439 -0.417554 -0.312920 0.914083 -0.405526 0.951439 -0.307838 0.065583 26.233251 0.939693 -6.539152 200.000000 -6.539152 0.403302 161.320811 -0.342020 15.794663 200.000000 15.794663 0.013797 5.518916 0.939693 -21.719024 200.000000 -21.719024 0.116842 46.736926 -0.342020 21.742030 200.000000 21.742030
 8.000000 -0.451493 0.892275 -0.322628 0.946526 -0.468438 -0.328504 0.892275 -0.451493 0.946526 -0.322628 0.224846 89.938482 0.939693 -6.539152 200.000000 -6.539152 1.198430 479.372098 -0.342020 15.794663 200.000000 15.794663 0.004669 1.867779 0.939693 -21.719024 200.000000 -21.719024 0.037607 15.042716 -0.342020 21.742030 200.000000 21.742030
 8.200000 -0.324816 0.945777 -0.280835 0.959756 -0.330817 -0.284664 0.945777 -0.324816 0.959756 -0.280835 0.003702 1.480882 0.939693 -6.539152 200.000000 -6.539152 0.029598 11.839171 -0.342020 15.794663 200.000000 15.794663 0.040254 16.101523 0.939693 -21.719024 200.000000 -21.719024 0.374358 149.743334 -0.342020 21.742030 200.000000 21.742030
 8.400000 -0.365939 0.930639 -0.426547 0.904465 -0.374642 -0.440672 0.930639 -0.365939 0.904465 -0.426547 0.008197 3.278840 0.939693 -6.539152 200.000000 -6.539152 0.057211 22.884474 -0.342020 15.794663 200.000000 15.794663 0.124096 49.638577 0.939693 -21.719024 200.000000 -21.719024 0.714483 285.793049 -0.342020 21.742030 200.000000 21.742030
 8.600000 -0.473250 0.880928 -0.384866 0.922972 -0.492976 -0.395063 0.880928 -0.473250 0.922972 -0.384866 0.345326 138.130568 0.939693 -6.539152 200.000000 -6.539152 1.722129 688.851560 -0.342020 15.794663 200.000000 15.794663 0.027957 11.182788 0.939693 -21.719024 200.000000 -21.719024 0.183580 73.432153 -0.342020 21.742030 200.000000 21.742030
 8.800000 -0.348388 0.937350 -0.345638 0.938368 -0.355851 -0.352919 0.937350 -0.348388 0.938368 -0.345638 0.000549 0.219471 0.939693 -6.539152 200.000000 -6.539152 0.004056 1.622234 -0.342020 15.794663 200.000000 15.794663 0.000175 0.070200 0.939693 -21.719024 200.000000 -21.719024 0.001309 0.523612 -0.342020 21.742030 200.000000 21.742030
 9.000000 -0.379574 0.925161 -0.370551 0.928812 -0.389336 -0.379602 0.925161 -0.379574 0.928812 -0.370551 0.021116 8.446229 0.939693 -6.539152 200.000000 -6.539152 0.141028 56.411371 -0.342020 15.794663 200.000000 15.794663 0.011839 4.735509 0.939693 -21.719024 200.000000 -21.719024 0.081403 32.561034 -0.342020 21.742030 200.000000 21.742030
 9.200000 -0.465465 0.885066 -0.380565 0.924754 -0.484160 -0.390407 0.885066 -0.465465 0.924754 -0.380565 0.298403 119.361332 0.939693 -6.539152 200.000000 -6.539152 1.523862 609.544797 -0.342020 15.794663 200.000000 15.794663 0.022315 8.926083 0.939693 -21.719024 200.000000 -21.719024 0.148567 59.426949 -0.342020 21.742030 200.000000 21.742030
 9.400000 -0.436944 0.899489 -0.421031 0.907046 -0.452198 -0.434581 0.899489 -0.436944 0.907046 -0.421031 0.161635 64.653832 0.939693 -6.539152 200.000000 -6.539152 0.901050 360.419876 -0.342020 15.794663 200.000000 15.794663 0.106577 42.630850 0.939693 -21.719024 200.000000 -21.719024 0.624264 249.705620 -0.342020 21.742030 200.000000 21.742030
 9.600000 -0.348854 0.937177 -0.418600 0.908171 -0.356349 -0.431904 0.937177 -0.348854 0.908171 -0.418600 0.000633 0.253153 0.939693 -6.539152 200.000000 -6.539152 0.004671 1.868327 -0.342020 15.794663 200.000000 15.794663 0.099364 39.745729 0.939693 -21.719024 200.000000 -21.719024 0.586454 234.581595 -0.342020 21.742030 200.000000 21.742030
 9.800000 -0.402539 0.915403 -0.307105 0.951676 -0.414289 -0.312150 0.915403 -0.402539 0.951676 -0.307105 0.059000 23.599872 0.939693 -6.539152 200.000000 -6.539152 0.366255 146.502006 -0.342020 15.794663 200.000000 15.794663 0.014359 5.743697 0.939693 -21.719024 200.000000 -21.719024 0.121906 48.762596 -0.342020 21.742030 200.000000 21.742030
 10.000000 -0.437806 0.899069 -0.347277 0.937763 -0.453157 -0.354665 0.899069 -0.437806 0.937763 -0.347277 0.165025 66.010024 0.939693 -6.539152 200.000000 -6.539152 0.917498 366.999146 -0.342020 15.794663 200.000000 15.794663 0.000372 0.148980 0.939693 -21.719024 200.000000 -21.719024 0.002763 1.105238 -0.342020 21.742030 200.000000 21.742030
 10.200000 -0.295142 0.955453 -0.339329 0.940668 -0.299604 -0.346204 0.955453 -0.295142 0.940668 -0.339329 0.024840 9.935996 0.939693 -6.539152 200.000000 -6.539152 0.219754 87.901542 -0.342020 15.794663 200.000000 15.794663 0.000095 0.038027 0.939693 -21.719024 200.000000 -21.719024 0.000724 0.289621 -0.342020 21.742030 200.000000 21.742030
 10.400000 -0.411618 0.911357 -0.308800 0.951127 -0.424229 -0.313931 0.911357 -0.411618 0.951127 -0.308800 0.080293 32.117323 0.939693 -6.539152 200.000000 -6.539152 0.484384 193.753560 -0.342020 15.794663 200.000000 15.794663 0.013075 5.229908 0.939693 -21.719024 200.000000 -21.719024 0.110360 44.144121 -0.342020 21.742030 200.000000 21.742030
 10.600000 -0.367166 0.930156 -0.421037 0.907043 -0.375960 -0.434589 0.930156 -0.367166 0.907043 -0.421037 0.009096 3.638206 0.939693 -6.539152 200.000000 -6.539152 0.063230 25.291813 -0.342020 15.794663 200.000000 15.794663 0.106598 42.639213 0.939693 -21.719024 200.000000 -21.719024 0.624373 249.749225 -0.342020 21.742030 200.000000 21.742030
 10.800000 -0.383381 0.923590 -0.332191 0.943212 -0.393454 -0.338626 0.923590 -0.383381 0.943212 -0.332191 0.025928 10.371342 0.939693 -6.539152 200.000000 -6.539152 0.171071 68.428379 -0.342020 15.794663 200.000000 15.794663 0.001239 0.495470 0.939693 -21.719024 200.000000 -21.719024 0.009661 3.864402 -0.342020 21.742030 200.000000 21.742030
 11.000000 -0.409207 0.912442 -0.254621 0.967041 -0.421584 -0.257455 0.912442 -0.409207 0.967041 -0.254621 0.074261 29.704398 0.939693 -6.539152 200.000000 -6.539152 0.451402 180.560871 -0.342020 15.794663 200.000000 15.794663 0.074794 29.917465 0.939693 -21.719024 200.000000 -21.719024 0.763870 305.547814 -0.342020 21.742030 200.000000 21.742030
 11.200000 -0.303017 0.952985 -0.320646 0.947199 -0.307857 -0.326411 0.952985 -0.303017 0.947199 -0.320646 0.017669 7.067604 0.939693 -6.539152 200.000000 -6.539152 0.152123 60.849345 -0.342020 15.794663 200.000000 15.794663 0.005635 2.253914 0.939693 -21.719024 200.000000 -21.719024 0.045686 18.274348 -0.342020 21.742030 200.000000 21.742030
 11.400000 -0.398978 0.916961 -0.297826 0.954620 -0.410402 -0.302415 0.916961 -0.398978 0.954620 -0.297826 0.051674 20.669793 0.939693 -6.539152 200.000000 -6.539152 0.324417 129.766846 -0.342020 15.794663 200.000000 15.794663 0.022283 8.913261 0.939693 -21.719024 200.000000 -21.719024 0.195312 78.124785 -0.342020 21.742030 200.000000 21.742030
 11.600000 -0.321329 0.946968 -0.254874 0.966974 -0.327133 -0.257718 0.946968 -0.321329 0.966974 -0.254874 0.005292 2.116975 0.939693 -6.539152 200.000000 -6.539152 0.042811 17.124522 -0.342020 15.794663 200.000000 15.794663 0.074429 29.771418 0.939693 -21.719024 200.000000 -21.719024 0.759441 303.776514 -0.342020 21.742030 200.000000 21.742030
 11.800000 -0.357460 0.933928 -0.302898 0.953023 -0.365547 -0.307732 0.933928 -0.357460 0.953023 -0.302898 0.003323 1.329094 0.939693 -6.539152 200.000000 -6.539152 0.023840 9.536035 -0.342020 15.794663 200.000000 15.794663 0.017769 7.107797 0.939693 -21.719024 200.000000 -21.719024 0.153051 61.220367 -0.342020 21.742030 200.000000 21.742030
 12.000000 -0.344093 0.938936 -0.320451 0.947265 -0.351272 -0.326206 0.938936 -0.344093 0.947265 -0.320451 0.000057 0.022914 0.939693 -6.539152 200.000000 -6.539152 0.000429 0.171790 -0.342020 15.794663 200.000000 15.794663 0.005734 2.293596 0.939693 -21.719024 200.000000 -21.719024 0.046521 18.608300 -0.342020 21.742030 200.000000 21.742030
 12.200000 -0.351414 0.936220 -0.298716 0.954342 -0.359081 -0.303347 0.936220 -0.351414 0.954342 -0.298716 0.001206 0.482325 0.939693 -6.539152 200.000000 -6.539152 0.008825 3.529835 -0.342020 15.794663 200.000000 15.794663 0.021460 8.584179 0.939693 -21.719024 200.000000 -21.719024 0.187524 75.009445 -0.342020 21.742030 200.000000 21.742030
 12.400000 -0.377967 0.925819 -0.296733 0.954960 -0.387600 -0.301270 0.925819 -0.377967 0.954960 -0.296733 0.019248 7.699091 0.939693 -6.539152 200.000000 -6.539152 0.129219 51.687517 -0.342020 15.794663 200.000000 15.794663 0.023311 9.324279 0.939693 -21.719024 200.000000 -21.719024 0.205092 82.036752 -0.342020 21.742030 200.000000 21.742030
 12.600000 -0.391412 0.920215 -0.432120 0.901816 -0.402166 -0.446842 0.920215 -0.391412 0.901816 -0.432120 0.037936 15.174538 0.939693 -6.539152 200.000000 -6.539152 0.243960 97.583870 -0.342020 15.794663 200.000000 15.794663 0.143464 57.385462 0.939693 -21.719024 200.000000 -21.719024 0.811802 324.720733 -0.342020 21.742030 200.000000 21.742030
 12.800000 -0.400234 0.916413 -0.381012 0.924570 -0.411772 -0.390890 0.916413 -0.400234 0.924570 -0.381012 0.054194 21.677661 0.939693 -6.539152 200.000000 -6.539152 0.338885 135.554065 -0.342020 15.794663 200.000000 15.794663 0.022869 9.147536 0.939693 -21.719024 200.000000 -21.719024 0.152035 60.813981 -0.342020 21.742030 200.000000 21.742030
 13.000000 -0.306903 0.951741 -0.316997 0.948427 -0.311937 -0.322561 0.951741 -0.306903 0.948427 -0.316997 0.014516 5.806354 0.939693 -6.539152 200.000000 -6.539152 0.123322 49.328643 -0.342020 15.794663 200.000000 15.794663 0.007628 3.051346 0.939693 -21.719024 200.000000 -21.719024 0.062618 25.047100 -0.342020 21.742030 200.000000 21.742030
 13.200000 -0.422110 0.906544 -0.327512 0.944847 -0.435772 -0.333669 0.906544 -0.422110 0.944847 -0.327512 0.109880 43.952115 0.939693 -6.539152 200.000000 -6.539152 0.641445 256.578084 -0.342020 15.794663 200.000000 15.794663 0.002657 1.062778 0.939693 -21.719024 200.000000 -21.719024 0.021050 8.419974 -0.342020 21.742030 200.000000 21.742030
 13.400000 -0.351385 0.936231 -0.468361 0.883537 -0.359050 -0.487435 0.936231 -0.351385 0.883537 -0.468361 0.001198 0.479248 0.939693 -6.539152 200.000000 -6.539152 0.008769 3.507661 -0.342020 15.794663 200.000000 15.794663 0.315346 126.138449 0.939693 -21.719024 200.000000 -21.719024 1.596214 638.485457 -0.342020 21.742030 200.000000 21.742030
 13.600000 -0.354070 0.935219 -0.361698 0.932295 -0.361919 -0.370089 0.935219 -0.354070 0.932295 -0.361698 0.002001 0.800500 0.939693 -6.539152 200.000000 -6.539152 0.014519 5.807542 -0.342020 15.794663 200.000000 15.794663 0.005472 2.188820 0.939693 -21.719024 200.000000 -21.719024 0.038722 15.488828 -0.342020 21.742030 200.000000 21.742030
 13.800000 -0.381449 0.924390 -0.274272 0.961652 -0.391363 -0.277833 0.924390 -0.381449 0.961652 -0.274272 0.023417 9.367000 0.939693 -6.539152 200.000000 -6.539152 0.155464 62.185711 -0.342020 15.794663 200.000000 15.794663 0.048222 19.288698 0.939693 -21.719024 200.000000 -21.719024 0.458977 183.590814 -0.342020 21.742030 200.000000 21.742030
 14.000000 -0.438654 0.898656 -0.417239 0.908797 -0.454100 -0.430405 0.898656 -0.438654 0.908797 -0.417239 0.168399 67.359628 0.939693 -6.539152 200.000000 -6.539152 0.933805 373.522021 -0.342020 15.794663 200.000000 15.794663 0.095455 38.181948 0.939693 -21.719024 200.000000 -21.719024 0.565786 226.314363 -0.342020 21.742030 200.000000 21.742030
 14.200000 -0.530400 0.847748 -0.402547 0.915399 -0.559072 -0.414297 0.847748 -0.530400 0.915399 -0.402547 0.845387 338.154808 0.939693 -6.539152 200.000000 -6.539152 3.548686 1419.474458 -0.342020 15.794663 200.000000 15.794663 0.059016 23.606407 0.939693 -21.719024 200.000000 -21.719024 0.366348 146.539029 -0.342020 21.742030 200.000000 21.742030
 14.400000 -0.378546 0.925582 -0.373463 0.927645 -0.388225 -0.382739 0.925582 -0.378546 0.927645 -0.373463 0.019910 7.963851 0.939693 -6.539152 200.000000 -6.539152 0.133414 53.365574 -0.342020 15.794663 200.000000 15.794663 0.014514 5.805623 0.939693 -21.719024 200.000000 -21.719024 0.098864 39.545414 -0.342020 21.742030 200.000000 21.742030
 14.600000 -0.387872 0.921713 -0.354312 0.935127 -0.398322 -0.362178 0.921713 -0.387872 0.935127 -0.354312 0.032326 12.930225 0.939693 -6.539152 200.000000 -6.539152 0.210238 84.095172 -0.342020 15.794663 200.000000 15.794663 0.002084 0.833646 0.939693 -21.719024 200.000000 -21.719024 0.015108 6.043221 -0.342020 21.742030 200.000000 21.742030
 14.800000 -0.339689 0.940538 -0.406520 0.913642 -0.346586 -0.418642 0.940538 -0.339689 0.913642 -0.406520 0.000071 0.028578 0.939693 -6.539152 200.000000 -6.539152 0.000543 0.217397 -0.342020 15.794663 200.000000 15.794663 0.067864 27.145752 0.939693 -21.719024 200.000000 -21.719024 0.416025 166.409893 -0.342020 21.742030 200.000000 21.742030
 15.000000 -0.346599 0.938013 -0.258392 0.966040 -0.353943 -0.261357 0.938013 -0.346599 0.966040 -0.258392 0.000282 0.112783 0.939693 -6.539152 200.000000 -6.539152 0.002096 0.838576 -0.342020 15.794663 200.000000 15.794663 0.069419 27.767685 0.939693 -21.719024 200.000000 -21.719024 0.699366 279.746537 -0.342020 21.742030 200.000000 21.742030
 15.200000 -0.421842 0.906669 -0.271233 0.962514 -0.435476 -0.274674 0.906669 -0.421842 0.962514 -0.271233 0.109054 43.621690 0.939693 -6.539152 200.000000 -6.539152 0.637156 254.862493 -0.342020 15.794663 200.000000 15.794663 0.052081 20.832247 0.939693 -21.719024 200.000000 -21.719024 0.501086 200.434393 -0.342020 21.742030 200.000000 21.742030
 15.400000 -0.346410 0.938083 -0.378741 0.925503 -0.353741 -0.388436 0.938083 -0.346410 0.925503 -0.378741 0.000259 0.103590 0.939693 -6.539152 200.000000 -6.539152 0.001927 0.770702 -0.342020 15.794663 200.000000 15.794663 0.020136 8.054335 0.939693 -21.719024 200.000000 -21.719024 0.134845 53.938026 -0.342020 21.742030 200.000000 21.742030
 15.600000 -0.451755 0.892142 -0.257006 0.966410 -0.468732 -0.259923 0.892142 -0.451755 0.966410 -0.257006 0.226108 90.443026 0.939693 -6.539152 200.000000 -6.539152 1.204182 481.672820 -0.342020 15.794663 200.000000 15.794663 0.071380 28.552144 0.939693 -21.719024 200.000000 -21.719024 0.722735 289.094051 -0.342020 21.742030 200.000000 21.742030
 15.800000 -0.296336 0.955084 -0.277352 0.960768 -0.300854 -0.281037 0.955084 -0.296336 0.960768 -0.277352 0.023689 9.475489 0.939693 -6.539152 200.000000 -6.539152 0.208704 83.481739 -0.342020 15.794663 200.000000 15.794663 0.044419 17.767659 0.939693 -21.719024 200.000000 -21.719024 0.418201 167.280502 -0.342020 21.742030 200.000000 21.742030
 16.000000 -0.371914 0.928267 -0.318670 0.947866 -0.381070 -0.324326 0.928267 -0.371914 0.947866 -0.318670 0.013054 5.221697 0.939693 -6.539152 200.000000 -6.539152 0.089366 35.746216 -0.342020 15.794663 200.000000 15.794663 0.006680 2.671935 0.939693 -21.719024 200.000000 -21.719024 0.054522 21.808748 -0.342020 21.742030 200.000000 21.742030
 16.200000 -0.357094 0.934069 -0.321116 0.947040 -0.365154 -0.326908 0.934069 -0.357094 0.947040 -0.321116 0.003163 1.265182 0.939693 -6.539152 200.000000 -6.539152 0.022721 9.088365 -0.342020 15.794663 200.000000 15.794663 0.005398 2.159295 0.939693 -21.719024 200.000000 -21.719024 0.043699 17.479435 -0.342020 21.742030 200.000000 21.742030
 16.400000 -0.377194 0.926134 -0.351611 0.936146 -0.386764 -0.359291 0.926134 -0.377194 0.936146 -0.351611 0.018383 7.353099 0.939693 -6.539152 200.000000 -6.539152 0.123719 49.487649 -0.342020 15.794663 200.000000 15.794663 0.001258 0.503063 0.939693 -21.719024 200.000000 -21.719024 0.009198 3.679227 -0.342020 21.742030 200.000000 21.742030
 16.600000 -0.418033 0.908432 -0.336943 0.941525 -0.431279 -0.343668 0.908432 -0.418033 0.941525 -0.336943 0.097724 39.089501 0.939693 -6.539152 200.000000 -6.539152 0.577796 231.118433 -0.342020 15.794663 200.000000 15.794663 0.000336 0.134335 0.939693 -21.719024 200.000000 -21.719024 0.002578 1.031276 -0.342020 21.742030 200.000000 21.742030
 16.800000 -0.354647 0.935000 -0.355602 0.934637 -0.362536 -0.363558 0.935000 -0.354647 0.934637 -0.355602 0.002202 0.880719 0.939693 -6.539152 200.000000 -6.539152 0.015944 6.377453 -0.342020 15.794663 200.000000 15.794663 0.002556 1.022236 0.939693 -21.719024 200.000000 -21.719024 0.018448 7.379083 -0.342020 21.742030 200.000000 21.742030
 17.000000 -0.333837 0.942631 -0.390810 0.920471 -0.340371 -0.401512 0.942631 -0.333837 0.920471 -0.390810 0.000863 0.345322 0.939693 -6.539152 200.000000 -6.539152 0.006696 2.678573 -0.342020 15.794663 200.000000 15.794663 0.036946 14.778508 0.939693 -21.719024 200.000000 -21.719024 0.238049 95.219498 -0.342020 21.742030 200.000000 21.742030
 17.200000 -0.422561 0.906334 -0.396277 0.918131 -0.436269 -0.407458 0.906334 -0.422561 0.918131 -0.396277 0.111277 44.510987 0.939693 -6.539152 200.000000 -6.539152 0.648688 259.475159 -0.342020 15.794663 200.000000 15.794663 0.046490 18.596196 0.939693 -21.719024 200.000000 -21.719024 0.294382 117.752624 -0.342020 21.742030 200.000000 21.742030
 17.400000 -0.416899 0.908953 -0.354508 0.935053 -0.430032 -0.362387 0.908953 -0.416899 0.935053 -0.354508 0.094495 37.797922 0.939693 -6.539152 200.000000 -6.539152 0.560691 224.276386 -0.342020 15.794663 200.000000 15.794663 0.002152 0.860984 0.939693 -21.719024 200.000000 -21.719024 0.015593 6.237389 -0.342020 21.742030 200.000000 21.742030
 17.600000 -0.346200 0.938161 -0.396016 0.918244 -0.353518 -0.407174 0.938161 -0.346200 0.918244 -0.396016 0.000235 0.093867 0.939693 -6.539152 200.000000 -6.539152 0.001747 0.698846 -0.342020 15.794663 200.000000 15.794663 0.046006 18.402312 0.939693 -21.719024 200.000000 -21.719024 0.291554 116.621576 -0.342020 21.742030 200.000000 21.742030
 17.800000 -0.393124 0.919486 -0.397693 0.917519 -0.404026 -0.409001 0.919486 -0.393124 0.917519 -0.397693 0.040833 16.333034 0.939693 -6.539152 200.000000 -6.539152 0.261158 104.463390 -0.342020 15.794663 200.000000 15.794663 0.049169 19.667461 0.939693 -21.719024 200.000000 -21.719024 0.309945 123.977940 -0.342020 21.742030 200.000000 21.742030
 18.000000 -0.480242 0.877136 -0.398583 0.917132 -0.500930 -0.409972 0.877136 -0.480242 0.917132 -0.398583 0.391331 156.532390 0.939693 -6.539152 200.000000 -6.539152 1.910521 764.208547 -0.342020 15.794663 200.000000 15.794663 0.050898 20.359138 0.939693 -21.719024 200.000000 -21.719024 0.319941 127.976305 -0.342020 21.742030 200.000000 21.742030
 18.200000 -0.367236 0.930128 -0.296839 0.954927 -0.376036 -0.301381 0.930128 -0.367236 0.954927 -0.296839 0.009149 3.659520 0.939693 -6.539152 200.000000 -6.539152 0.063585 25.434153 -0.342020 15.794663 200.000000 15.794663 0.023210 9.283940 0.939693 -21.719024 200.000000 -21.719024 0.204129 81.651797 -0.342020 21.742030 200.000000 21.742030
 18.400000 -0.392999 0.919539 -0.374711 0.927142 -0.403890 -0.384085 0.919539 -0.392999 0.927142 -0.374711 0.040617 16.246684 0.939693 -6.539152 200.000000 -6.539152 0.259881 103.952470 -0.342020 15.794663 200.000000 15.794663 0.015752 6.300982 0.939693 -21.719024 200.000000 -21.719024 0.106868 42.747180 -0.342020 21.742030 200.000000 21.742030
 18.600000 -0.350268 0.936649 -0.351721 0.936105 -0.357858 -0.359409 0.936649 -0.350268 0.936105 -0.351721 0.000926 0.370453 0.939693 -6.539152 200.000000 -6.539152 0.006803 2.721337 -0.342020 15.794663 200.000000 15.794663 0.001287 0.514881 0.939693 -21.719024 200.000000 -21.719024 0.009411 3.764299 -0.342020 21.742030 200.000000 21.742030
 18.800000 -0.398254 0.917275 -0.344909 0.938636 -0.409612 -0.352142 0.917275 -0.398254 0.938636 -0.344909 0.050253 20.101305 0.939693 -6.539152 200.000000 -6.539152 0.316219 126.487756 -0.342020 15.794663 200.000000 15.794663 0.000112 0.044660 0.939693 -21.719024 200.000000 -21.719024 0.000835 0.333916 -0.342020 21.742030 200.000000 21.742030
 19.000000 -0.402368 0.915478 -0.368915 0.929463 -0.414102 -0.377841 0.915478 -0.402368 0.929463 -0.368915 0.058634 23.453766 0.939693 -6.539152 200.000000 -6.539152 0.364185 145.673854 -0.342020 15.794663 200.000000 15.794663 0.010464 4.185555 0.939693 -21.719024 200.000000 -21.719024 0.072331 28.932417 -0.342020 21.742030 200.000000 21.742030
 19.200000 -0.447888 0.894090 -0.391102 0.920347 -0.464402 -0.401829 0.894090 -0.447888 0.920347 -0.391102 0.207963 83.185027 0.939693 -6.539152 200.000000 -6.539152 1.120799 448.319497 -0.342020 15.794663 200.000000 15.794663 0.037425 14.969813 0.939693 -21.719024 200.000000 -21.719024 0.240906 96.362441 -0.342020 21.742030 200.000000 21.742030
 19.400000 -0.390340 0.920671 -0.332602 0.943067 -0.401001 -0.339061 0.920671 -0.390340 0.943067 -0.332602 0.036184 14.473412 0.939693 -6.539152 200.000000 -6.539152 0.233484 93.393505 -0.342020 15.794663 200.000000 15.794663 0.001139 0.455574 0.939693 -21.719024 200.000000 -21.719024 0.008871 3.548361 -0.342020 21.742030 200.000000 21.742030
 19.600000 -0.321738 0.946829 -0.325578 0.945515 -0.327565 -0.331623 0.946829 -0.321738 0.945515 -0.325578 0.005092 2.036940 0.939693 -6.539152 200.000000 -6.539152 0.041136 16.454391 -0.342020 15.794663 200.000000 15.794663 0.003390 1.356064 0.939693 -21.719024 200.000000 -21.719024 0.027034 10.813547 -0.342020 21.742030 200.000000 21.742030
 19.800000 -0.406187 0.913790 -0.315250 0.949009 -0.418277 -0.320720 0.913790 -0.406187 0.949009 -0.315250 0.067095 26.837899 0.939693 -6.539152 200.000000 -6.539152 0.411739 164.695531 -0.342020 15.794663 200.000000 15.794663 0.008679 3.471514 0.939693 -21.719024 200.000000 -21.719024 0.071663 28.665366 -0.342020 21.742030 200.000000 21.742030
 20.000000 -0.264136 0.964485 -0.317955 0.948106 -0.267308 -0.323572 0.964485 -0.264136 0.948106 -0.317955 0.061468 24.587374 0.939693 -6.539152 200.000000 -6.539152 0.606594 242.637694 -0.342020 15.794663 200.000000 15.794663 0.007078 2.831154 0.939693 -21.719024 200.000000 -21.719024 0.057911 23.164283 -0.342020 21.742030 200.000000 21.742030
