#! FIELDS time sin_phi cos_phi sin_psi cos_psi phi psi cos_phi sin_phi cos_psi sin_psi restraint_phi_cos.bias restraint_phi_cos.force2 restraint_phi_cos.cos_phi_cntr restraint_phi_cos.cos_phi_work restraint_phi_cos.cos_phi_kappa restraint_phi_cos.work restraint_phi_sin.bias restraint_phi_sin.force2 restraint_phi_sin.sin_phi_cntr restraint_phi_sin.sin_phi_work restraint_phi_sin.sin_phi_kappa restraint_phi_sin.work restraint_psi_cos.bias restraint_psi_cos.force2 restraint_psi_cos.cos_psi_cntr restraint_psi_cos.cos_psi_work restraint_psi_cos.cos_psi_kappa restraint_psi_cos.work restraint_psi_sin.bias restraint_psi_sin.force2 restraint_psi_sin.sin_psi_cntr restraint_psi_sin.sin_psi_work restraint_psi_sin.sin_psi_kappa restraint_psi_sin.work
#! SET min_phi -pi
#! SET max_phi pi
#! SET min_psi -pi
#! SET max_psi pi
 0.000000 -0.999983 -0.005782 0.966116 0.258110 -1.576579 1.309731 -0.005782 -0.999983 0.258110 0.966116 0.000000 0.000000 -0.009747 0.000000 0.000000 0.000000 0.000000 0.000000 -0.999953 0.000000 0.000000 0.000000 0.000000 0.000000 0.256142 0.000000 0.000000 0.000000 0.000000 0.000000 0.966639 0.000000 0.000000 0.000000
 0.200000 -1.000000 -0.000266 0.834655 0.550773 -1.571062 0.987506 -0.000266 -1.000000 0.550773 0.834655 0.000899 0.035954 -0.009747 0.429322 20.000000 0.429322 0.000000 0.000001 -0.999953 0.008204 20.000000 0.008204 0.868072 34.722866 0.256142 0.437494 20.000000 0.437494 0.174198 6.967905 0.966639 0.079186 20.000000 0.079186
 0.400000 -0.998238 0.059333 0.982968 0.183778 -1.511428 1.385968 0.059333 -0.998238 0.183778 0.982968 0.095441 7.635246 -0.009747 0.576151 40.000000 0.576151 0.000059 0.004702 -0.999953 0.009175 40.000000 0.009175 0.104733 8.378618 0.256142 0.652620 40.000000 0.652620 0.005333 0.426605 0.966639 0.103852 40.000000 0.103852
 0.600000 -0.997905 0.064690 0.969721 0.244216 -1.506061 1.324085 0.064690 -0.997905 0.244216 0.969721 0.166224 19.946879 -0.009747 0.652738 60.000000 0.652738 0.000126 0.015086 -0.999953 0.009549 60.000000 0.009549 0.004267 0.512080 0.256142 0.812949 60.000000 0.812949 0.000285 0.034192 0.966639 0.126978 60.000000 0.126978
 0.800000 -0.999998 0.001894 0.948099 0.317975 -1.568902 1.247203 0.001894 -0.999998 0.317975 0.948099 0.005420 0.867200 -0.009747 0.745440 80.000000 0.745440 0.000000 0.000013 -0.999953 0.009931 80.000000 0.009931 0.152931 24.469032 0.256142 0.870396 80.000000 0.870396 0.013749 2.199883 0.966639 0.131256 80.000000 0.131256
 1.000000 -0.997905 -0.064690 0.983714 0.179740 -1.635531 1.390074 -0.064690 -0.997905 0.179740 0.983714 0.150938 30.187619 -0.009747 0.830208 100.000000 0.830208 0.000210 0.041905 -0.999953 0.010215 100.000000 0.010215 0.291867 58.373466 0.256142 0.906296 100.000000 0.906296 0.014578 2.915595 0.966639 0.133900 100.000000 0.133900
 1.200000 -0.998628 0.052357 0.985226 0.171262 -1.518415 1.398686 0.052357 -0.998628 0.171262 0.985226 0.231412 55.538994 -0.009747 0.926095 120.000000 0.926095 0.000105 0.025246 -0.999953 0.010633 120.000000 0.010633 0.432282 103.747643 0.256142 0.992025 120.000000 0.992025 0.020727 4.974582 0.966639 0.141240 120.000000 0.141240
 1.400000 -0.999098 0.042471 0.979939 0.199299 -1.528313 1.370154 0.042471 -0.999098 0.199299 0.979939 0.190866 53.442499 -0.009747 0.960898 140.000000 0.960898 0.000051 0.014321 -0.999953 0.010712 140.000000 0.010712 0.226180 63.330420 0.256142 1.092945 140.000000 1.092945 0.012382 3.466844 0.966639 0.149518 140.000000 0.149518
 1.600000 -0.999952 0.009779 0.961528 0.274706 -1.561018 1.292512 0.009779 -0.999952 0.274706 0.961528 0.030498 9.759450 -0.009747 1.007093 160.000000 1.007093 0.000000 0.000000 -0.999953 0.010845 160.000000 0.010845 0.027570 8.822428 0.256142 1.162447 160.000000 1.162447 0.002090 0.668714 0.966639 0.156254 160.000000 0.156254
 1.800000 -0.999816 -0.019191 0.970209 0.242271 -1.589988 1.326090 -0.019191 -0.999816 0.242271 0.970209 0.008027 2.889774 -0.009747 1.051966 180.000000 1.051966 0.000002 0.000605 -0.999953 0.010933 180.000000 0.010933 0.017316 6.233938 0.256142 1.193883 180.000000 1.193883 0.001147 0.412811 0.966639 0.158912 180.000000 0.158912
 2.000000 -0.987451 0.157923 0.943128 0.332430 -1.412209 1.231917 0.157923 -0.987451 0.332430 0.943128 2.811311 1124.524500 -0.009747 1.081900 200.000000 1.081900 0.015628 6.251093 -0.999953 0.011013 200.000000 0.011013 0.581986 232.794469 0.256142 1.219741 200.000000 1.219741 0.055278 22.111200 0.966639 0.161373 200.000000 0.161373
 2.200000 -0.999939 0.011059 0.953419 0.301650 -1.559737 1.264373 0.011059 -0.999939 0.301650 0.953419 0.709681 283.872383 -0.073184 1.326754 200.000000 1.326754 0.410174 164.069471 -0.935894 0.375043 200.000000 0.375043 1.800889 720.355422 0.167453 1.431619 200.000000 1.431619 0.033579 13.431446 0.935094 0.295912 200.000000 0.295912
 2.400000 -0.994070 -0.108740 0.977271 0.211994 -1.679752 1.357181 -0.108740 -0.994070 0.211994 0.977271 0.077732 31.092827 -0.136621 1.635043 200.000000 1.635043 1.494130 597.651936 -0.871836 1.548355 200.000000 1.548355 1.775037 710.014613 0.078764 1.741906 200.000000 1.741906 0.543487 217.394984 0.903549 0.723040 200.000000 0.723040
 2.600000 -0.931617 -0.363442 0.986744 0.162282 -1.942757 1.407793 -0.363442 -0.931617 0.162282 0.986744 2.669452 1067.780996 -0.200058 1.509696 200.000000 1.509696 1.533622 613.448947 -0.807777 3.358576 200.000000 3.358576 2.965565 1186.226029 -0.009926 1.752648 200.000000 1.752648 1.316524 526.609587 0.872004 1.408153 200.000000 1.408153
 2.800000 -0.952320 -0.305100 0.999872 -0.016001 -1.880839 1.586798 -0.305100 -0.952320 -0.016001 0.999872 0.173094 69.237482 -0.263495 0.918292 200.000000 0.918292 4.351471 1740.588266 -0.743719 5.702241 200.000000 5.702241 0.682512 273.004674 -0.098615 1.407383 200.000000 1.407383 2.541230 1016.492130 0.840460 2.274144 200.000000 2.274144
 3.000000 -0.883144 -0.469102 0.990232 -0.139431 -2.059070 1.710683 -0.469102 -0.883144 -0.139431 0.990232 2.021231 808.492233 -0.326932 0.128155 200.000000 0.128155 4.140562 1656.224799 -0.679660 8.522920 200.000000 8.522920 0.229188 91.675077 -0.187304 0.830738 200.000000 0.830738 3.287587 1315.034939 0.808915 3.250082 200.000000 3.250082
 3.200000 -0.871046 -0.491201 0.917279 -0.398245 -2.084265 1.980399 -0.491201 -0.871046 -0.398245 0.917279 1.016707 406.682824 -0.390369 -1.382582 200.000000 -1.382582 6.525185 2610.073820 -0.615602 11.434135 200.000000 11.434135 1.494534 597.813493 -0.275994 -0.182066 200.000000 -0.182066 1.957459 782.983480 0.777370 4.264031 200.000000 4.264031
 3.400000 -0.756993 -0.653423 0.883482 -0.468465 -2.282893 2.058349 -0.653423 -0.756993 -0.468465 0.883482 3.984667 1593.866906 -0.453806 -3.424227 200.000000 -3.424227 4.220968 1688.387237 -0.551543 14.319878 200.000000 14.319878 1.077067 430.826628 -0.364683 -1.806652 200.000000 -1.806652 1.894945 757.978102 0.745825 5.178160 200.000000 5.178160
 3.600000 -0.682128 -0.731232 0.811421 -0.584463 -2.390923 2.195014 -0.731232 -0.682128 -0.584463 0.811421 4.579123 1831.649360 -0.517243 -5.997296 200.000000 -5.997296 3.788613 1515.445323 -0.487485 16.909871 200.000000 16.909871 1.718457 687.382656 -0.453373 -3.419539 200.000000 -3.419539 0.943629 377.451446 0.714280 6.010115 200.000000 6.010115
 3.800000 -0.620347 -0.784328 0.739142 -0.673549 -2.472408 2.309797 -0.784328 -0.620347 -0.673549 0.739142 4.147220 1658.888171 -0.580681 -8.725996 200.000000 -8.725996 3.877753 1551.101152 -0.423426 19.285974 200.000000 19.285974 1.728897 691.558627 -0.542062 -5.104355 200.000000 -5.104355 0.318173 127.269239 0.682735 6.672781 200.000000 6.672781
 4.000000 -0.507443 -0.861686 0.746028 -0.665914 -2.609378 2.299515 -0.861686 -0.507443 -0.665914 0.746028 4.733575 1893.429874 -0.644118 -11.501746 200.000000 -11.501746 2.192612 877.044617 -0.359368 21.336468 200.000000 21.336468 0.123642 49.456939 -0.630751 -6.547234 200.000000 -6.547234 0.899423 359.769373 0.651190 7.154833 200.000000 7.154833
 4.200000 -0.456898 -0.889519 0.639672 -0.768648 -2.667088 2.447521 -0.889519 -0.456898 -0.768648 0.639672 3.311106 1324.442528 -0.707555 -14.209218 200.000000 -14.209218 2.611071 1044.428212 -0.295309 22.956955 200.000000 22.956955 0.242132 96.852764 -0.719441 -7.794537 200.000000 -7.794537 0.040108 16.043021 0.619646 7.340460 200.000000 7.340460
 4.400000 -0.267456 -0.963570 0.545373 -0.838194 -2.870840 2.564759 -0.963570 -0.267456 -0.838194 0.545373 3.708628 1483.451024 -0.770992 -16.677091 200.000000 -16.677091 0.131083 52.433187 -0.231251 24.109984 200.000000 24.109984 0.090381 36.152511 -0.808130 -8.302035 200.000000 -8.302035 0.182567 73.026840 0.588101 7.367469 200.000000 7.367469
 4.600000 -0.316275 -0.948668 0.596308 -0.802755 -2.819793 2.502698 -0.948668 -0.316275 -0.802755 0.596308 1.305044 522.017439 -0.834429 -18.659450 200.000000 -18.659450 2.222551 889.020570 -0.167193 25.084418 200.000000 25.084418 0.003921 1.568319 -0.809017 -8.305971 200.000000 -8.305971 0.007265 2.905826 0.587785 7.365483 200.000000 7.365483
 4.800000 -0.238557 -0.971129 0.579481 -0.814986 -2.900713 2.523501 -0.971129 -0.238557 -0.814986 0.579481 0.536738 214.695002 -0.897866 -20.097733 200.000000 -20.097733 1.833924 733.569590 -0.103134 25.873991 200.000000 25.873991 0.003562 1.424958 -0.809017 -8.305971 200.000000 -8.305971 0.006896 2.758262 0.587785 7.365483 200.000000 7.365483
 5.000000 -0.106141 -0.994351 0.589229 -0.807966 -3.035251 2.511488 -0.994351 -0.106141 -0.807966 0.589229 0.109215 43.686106 -0.961303 -20.860627 200.000000 -20.860627 0.449776 179.910431 -0.039076 26.619251 200.000000 26.619251 0.000110 0.044193 -0.809017 -8.305971 200.000000 -8.305971 0.000209 0.083407 0.587785 7.365483 200.000000 7.365483
 5.200000 -0.042902 -0.999079 0.486593 -0.873629 -3.098677 2.633407 -0.999079 -0.042902 -0.873629 0.486593 0.000085 0.033910 -1.000000 -20.985145 200.000000 -20.985145 0.184062 73.624863 -0.000000 26.891957 200.000000 26.891957 0.417468 166.987040 -0.809017 -8.305971 200.000000 -8.305971 1.023985 409.594048 0.587785 7.365483 200.000000 7.365483
 5.400000 -0.032176 -0.999482 0.535035 -0.844830 -3.109411 2.577044 -0.999482 -0.032176 -0.844830 0.535035 0.000027 0.010724 -1.000000 -20.985145 200.000000 -20.985145 0.103530 41.412124 -0.000000 26.891957 200.000000 26.891957 0.128257 51.302625 -0.809017 -8.305971 200.000000 -8.305971 0.278259 111.303740 0.587785 7.365483 200.000000 7.365483
 5.600000 -0.042407 -0.999100 0.510218 -0.860045 -3.099173 2.606154 -0.999100 -0.042407 -0.860045 0.510218 0.000081 0.032370 -1.000000 -20.985145 200.000000 -20.985145 0.179836 71.934392 -0.000000 26.891957 200.000000 26.891957 0.260385 104.153853 -0.809017 -8.305971 200.000000 -8.305971 0.601662 240.664855 0.587785 7.365483 200.000000 7.365483
 5.800000 -0.023768 -0.999717 0.507179 -0.861841 -3.117822 2.609684 -0.999717 -0.023768 -0.861841 0.507179 0.000008 0.003192 -1.000000 -20.985145 200.000000 -20.985145 0.056494 22.597441 -0.000000 26.891957 200.000000 26.891957 0.279034 111.613411 -0.809017 -8.305971 200.000000 -8.305971 0.649733 259.893381 0.587785 7.365483 200.000000 7.365483
 6.000000 -0.020961 -0.999780 0.508418 -0.861110 -3.120630 2.608245 -0.999780 -0.020961 -0.861110 0.508418 0.000005 0.001931 -1.000000 -20.985145 200.000000 -20.985145 0.043938 17.575239 -0.000000 26.891957 200.000000 26.891957 0.271370 108.547812 -0.809017 -8.305971 200.000000 -8.305971 0.629909 251.963477 0.587785 7.365483 200.000000 7.365483
 6.200000 -0.030386 -0.999538 0.573949 -0.818891 -3.111202 2.530272 -0.999538 -0.030386 -0.818891 0.573949 0.000021 0.008529 -1.000000 -20.985145 200.000000 -20.985145 0.092330 36.932015 -0.000000 26.891957 200.000000 26.891957 0.009749 3.899727 -0.809017 -8.305971 200.000000 -8.305971 0.019143 7.657377 0.587785 7.365483 200.000000 7.365483
 6.400000 -0.021916 -0.999760 0.525251 -0.850948 -3.119675 2.588583 -0.999760 -0.021916 -0.850948 0.525251 0.000006 0.002308 -1.000000 -20.985145 200.000000 -20.985145 0.048032 19.212707 -0.000000 26.891957 200.000000 26.891957 0.175818 70.327035 -0.809017 -8.305971 200.000000 -8.305971 0.391058 156.423379 0.587785 7.365483 200.000000 7.365483
 6.600000 -0.016286 -0.999867 0.629253 -0.777200 -3.125306 2.461001 -0.999867 -0.016286 -0.777200 0.629253 0.000002 0.000704 -1.000000 -20.985145 200.000000 -20.985145 0.026522 10.608754 -0.000000 26.891957 200.000000 26.891957 0.101229 40.491644 -0.809017 -8.305971 200.000000 -8.305971 0.171958 68.783197 0.587785 7.365483 200.000000 7.365483
 6.800000 -0.108265 -0.994122 0.540760 -0.841177 -3.033115 2.570252 -0.994122 -0.108265 -0.841177 0.540760 0.003455 1.382002 -1.000000 -20.985145 200.000000 -20.985145 1.172131 468.852257 -0.000000 26.891957 200.000000 26.891957 0.103426 41.370577 -0.809017 -8.305971 200.000000 -8.305971 0.221138 88.455262 0.587785 7.365483 200.000000 7.365483
 7.000000 0.007004 -0.999975 0.500383 -0.865804 3.134589 2.617551 -0.999975 0.007004 -0.865804 0.500383 0.000000 0.000024 -1.000000 -20.985145 200.000000 -20.985145 0.004905 1.962098 -0.000000 26.891957 200.000000 26.891957 0.322476 128.990424 -0.809017 -8.305971 200.000000 -8.305971 0.763909 305.563780 0.587785 7.365483 200.000000 7.365483
 7.200000 0.022484 -0.999747 0.613761 -0.789492 3.119107 2.480778 -0.999747 0.022484 -0.789492 0.613761 0.000006 0.002556 -1.000000 -20.985145 200.000000 -20.985145 0.050552 20.220865 -0.000000 26.891957 200.000000 26.891957 0.038122 15.248697 -0.809017 -8.305971 200.000000 -8.305971 0.067472 26.988722 0.587785 7.365483 200.000000 7.365483
 7.400000 -0.036550 -0.999332 0.668306 -0.743887 -3.105035 2.409664 -0.999332 -0.036550 -0.743887 0.668306 0.000045 0.017857 -1.000000 -20.985145 200.000000 -20.985145 0.133587 53.434878 -0.000000 26.891957 200.000000 26.891957 0.424194 169.677648 -0.809017 -8.305971 200.000000 -8.305971 0.648353 259.341260 0.587785 7.365483 200.000000 7.365483
 7.600000 -0.100289 -0.994958 0.599882 -0.800089 -3.041135 2.498240 -0.994958 -0.100289 -0.800089 0.599882 0.002542 1.016716 -1.000000 -20.985145 200.000000 -20.985145 1.005781 402.312535 -0.000000 26.891957 200.000000 26.891957 0.007971 3.188500 -0.809017 -8.305971 200.000000 -8.305971 0.014632 5.852836 0.587785 7.365483 200.000000 7.365483
 7.800000 -0.102958 -0.994686 0.564104 -0.825704 -3.038452 2.542245 -0.994686 -0.102958 -0.825704 0.564104 0.002824 1.129651 -1.000000 -20.985145 200.000000 -20.985145 1.060026 424.010522 -0.000000 26.891957 200.000000 26.891957 0.027845 11.138121 -0.809017 -8.305971 200.000000 -8.305971 0.056081 22.432511 0.587785 7.365483 200.000000 7.365483
 8.000000 0.001100 -0.999999 0.637593 -0.770373 3.140492 2.450223 -0.999999 0.001100 -0.770373 0.637593 0.000000 0.000000 -1.000000 -20.985145 200.000000 -20.985145 0.000121 0.048429 -0.000000 26.891957 200.000000 26.891957 0.149334 59.733495 -0.809017 -8.305971 200.000000 -8.305971 0.248083 99.233063 0.587785 7.365483 200.000000 7.365483
 8.200000 -0.009140 -0.999958 0.586655 -0.809837 -3.132452 2.514670 -0.999958 -0.009140 -0.809837 0.586655 0.000000 0.000070 -1.000000 -20.985145 200.000000 -20.985145 0.008354 3.341631 -0.000000 26.891957 200.000000 26.891957 0.000067 0.026885 -0.809017 -8.305971 200.000000 -8.305971 0.000128 0.051082 0.587785 7.365483 200.000000 7.365483
 8.400000 -0.046240 -0.998930 0.573623 -0.819119 -3.095337 2.530670 -0.998930 -0.046240 -0.819119 0.573623 0.000114 0.045763 -1.000000 -20.985145 200.000000 -20.985145 0.213809 85.523660 -0.000000 26.891957 200.000000 26.891957 0.010205 4.082172 -0.809017 -8.305971 200.000000 -8.305971 0.020056 8.022370 0.587785 7.365483 200.000000 7.365483
 8.600000 -0.058760 -0.998272 0.575335 -0.817918 -3.082799 2.528579 -0.998272 -0.058760 -0.817918 0.575335 0.000299 0.119420 -1.000000 -20.985145 200.000000 -20.985145 0.345274 138.109579 -0.000000 26.891957 200.000000 26.891957 0.007923 3.169130 -0.809017 -8.305971 200.000000 -8.305971 0.015501 6.200566 0.587785 7.365483 200.000000 7.365483
 8.800000 -0.013497 -0.999909 0.599085 -0.800686 -3.128095 2.499235 -0.999909 -0.013497 -0.800686 0.599085 0.000001 0.000332 -1.000000 -20.985145 200.000000 -20.985145 0.018217 7.286829 -0.000000 26.891957 200.000000 26.891957 0.006941 2.776546 -0.809017 -8.305971 200.000000 -8.305971 0.012768 5.107279 0.587785 7.365483 200.000000 7.365483
 9.000000 -0.052895 -0.998600 0.540571 -0.841299 -3.088673 2.570477 -0.998600 -0.052895 -0.841299 0.540571 0.000196 0.078390 -1.000000 -20.985145 200.000000 -20.985145 0.279786 111.914292 -0.000000 26.891957 200.000000 26.891957 0.104211 41.684268 -0.809017 -8.305971 200.000000 -8.305971 0.222923 89.169035 0.587785 7.365483 200.000000 7.365483
 9.200000 -0.090012 -0.995941 0.496974 -0.867766 -3.051459 2.621485 -0.995941 -0.090012 -0.867766 0.496974 0.001648 0.659109 -1.000000 -20.985145 200.000000 -20.985145 0.810208 324.083080 -0.000000 26.891957 200.000000 26.891957 0.345139 138.055677 -0.809017 -8.305971 200.000000 -8.305971 0.824672 329.868758 0.587785 7.365483 200.000000 7.365483
 9.400000 0.000830 -1.000000 0.476349 -0.879256 3.140763 2.645095 -1.000000 0.000830 -0.879256 0.476349 0.000000 0.000000 -1.000000 -20.985145 200.000000 -20.985145 0.000069 0.027548 -0.000000 26.891957 200.000000 26.891957 0.493353 197.341367 -0.809017 -8.305971 200.000000 -8.305971 1.241797 496.718602 0.587785 7.365483 200.000000 7.365483
 9.600000 -0.014622 -0.999893 0.636456 -0.771313 -3.126971 2.451697 -0.999893 -0.014622 -0.771313 0.636456 0.000001 0.000457 -1.000000 -20.985145 200.000000 -20.985145 0.021379 8.551586 -0.000000 26.891957 200.000000 26.891957 0.142162 56.864840 -0.809017 -8.305971 200.000000 -8.305971 0.236889 94.755581 0.587785 7.365483 200.000000 7.365483
 9.800000 -0.067176 -0.997741 0.571450 -0.820637 -3.074366 2.533321 -0.997741 -0.067176 -0.820637 0.571450 0.000510 0.204096 -1.000000 -20.985145 200.000000 -20.985145 0.451260 180.504060 -0.000000 26.891957 200.000000 26.891957 0.013502 5.400854 -0.809017 -8.305971 200.000000 -8.305971 0.026684 10.673577 0.587785 7.365483 200.000000 7.365483
 10.000000 -0.080936 -0.996719 0.475630 -0.879645 -3.060568 2.645912 -0.996719 -0.080936 -0.879645 0.475630 0.001076 0.430526 -1.000000 -20.985145 200.000000 -20.985145 0.655069 262.027533 -0.000000 26.891957 200.000000 26.891957 0.498837 199.534797 -0.809017 -8.305971 200.000000 -8.305971 1.257878 503.151128 0.587785 7.365483 200.000000 7.365483
 10.200000 -0.085159 -0.996367 0.486934 -0.873439 -3.056330 2.633016 -0.996367 -0.085159 -0.873439 0.486934 0.001320 0.527842 -1.000000 -20.985145 200.000000 -20.985145 0.725208 290.083001 -0.000000 26.891957 200.000000 26.891957 0.415015 166.005966 -0.809017 -8.305971 200.000000 -8.305971 1.017093 406.837249 0.587785 7.365483 200.000000 7.365483
 10.400000 -0.042285 -0.999106 0.603797 -0.797138 -3.099295 2.493337 -0.999106 -0.042285 -0.797138 0.603797 0.000080 0.031998 -1.000000 -20.985145 200.000000 -20.985145 0.178800 71.519956 -0.000000 26.891957 200.000000 26.891957 0.014110 5.644133 -0.809017 -8.305971 200.000000 -8.305971 0.025637 10.254735 0.587785 7.365483 200.000000 7.365483
 10.600000 -0.020560 -0.999789 0.593620 -0.804746 -3.121031 2.506043 -0.999789 -0.020560 -0.804746 0.593620 0.000004 0.001787 -1.000000 -20.985145 200.000000 -20.985145 0.042273 16.909020 -0.000000 26.891957 200.000000 26.891957 0.001825 0.729804 -0.809017 -8.305971 200.000000 -8.305971 0.003404 1.361721 0.587785 7.365483 200.000000 7.365483
 10.800000 -0.037001 -0.999315 0.610326 -0.792151 -3.104584 2.485121 -0.999315 -0.037001 -0.792151 0.610326 0.000047 0.018756 -1.000000 -20.985145 200.000000 -20.985145 0.136904 54.761641 -0.000000 26.891957 200.000000 26.891957 0.028447 11.378972 -0.809017 -8.305971 200.000000 -8.305971 0.050807 20.322757 0.587785 7.365483 200.000000 7.365483
 11.000000 -0.067075 -0.997748 0.624301 -0.781184 -3.074467 2.467356 -0.997748 -0.067075 -0.781184 0.624301 0.000507 0.202870 -1.000000 -20.985145 200.000000 -20.985145 0.449903 179.961303 -0.000000 26.891957 200.000000 26.891957 0.077469 30.987539 -0.809017 -8.305971 200.000000 -8.305971 0.133341 53.336418 0.587785 7.365483 200.000000 7.365483
 11.200000 -0.102835 -0.994698 0.629858 -0.776710 -3.038575 2.460222 -0.994698 -0.102835 -0.776710 0.629858 0.002811 1.124284 -1.000000 -20.985145 200.000000 -20.985145 1.057512 423.004733 -0.000000 26.891957 200.000000 26.891957 0.104372 41.748768 -0.809017 -8.305971 200.000000 -8.305971 0.177011 70.804459 0.587785 7.365483 200.000000 7.365483
 11.400000 -0.063334 -0.997992 0.555070 -0.831804 -3.078216 2.553146 -0.997992 -0.063334 -0.831804 0.555070 0.000403 0.161220 -1.000000 -20.985145 200.000000 -20.985145 0.401119 160.447513 -0.000000 26.891957 200.000000 26.891957 0.051924 20.769582 -0.809017 -8.305971 200.000000 -8.305971 0.107031 42.812228 0.587785 7.365483 200.000000 7.365483
 11.600000 0.004043 -0.999992 0.539617 -0.841911 3.137549 2.571611 -0.999992 0.004043 -0.841911 0.539617 0.000000 0.000003 -1.000000 -20.985145 200.000000 -20.985145 0.001635 0.653982 -0.000000 26.891957 200.000000 26.891957 0.108199 43.279753 -0.809017 -8.305971 200.000000 -8.305971 0.232019 92.807511 0.587785 7.365483 200.000000 7.365483
 11.800000 -0.029283 -0.999571 0.641557 -0.767075 -3.112305 2.445066 -0.999571 -0.029283 -0.767075 0.641557 0.000018 0.007356 -1.000000 -20.985145 200.000000 -20.985145 0.085751 34.300504 -0.000000 26.891957 200.000000 26.891957 0.175909 70.363630 -0.809017 -8.305971 200.000000 -8.305971 0.289139 115.655451 0.587785 7.365483 200.000000 7.365483
 12.000000 -0.134495 -0.990914 0.631013 -0.775772 -3.006689 2.458735 -0.990914 -0.134495 -0.775772 0.631013 0.008255 3.302043 -1.000000 -20.985145 200.000000 -20.985145 1.808897 723.558942 -0.000000 26.891957 200.000000 26.891957 0.110520 44.207952 -0.809017 -8.305971 200.000000 -8.305971 0.186862 74.744645 0.587785 7.365483 200.000000 7.365483
 12.200000 -0.074587 -0.997214 0.606023 -0.795447 -3.066936 2.490542 -0.997214 -0.074587 -0.795447 0.606023 0.000776 0.310364 -1.000000 -20.985145 200.000000 -20.985145 0.556327 222.530907 -0.000000 26.891957 200.000000 26.891957 0.018413 7.365350 -0.809017 -8.305971 200.000000 -8.305971 0.033260 13.304075 0.587785 7.365483 200.000000 7.365483
 12.400000 -0.056641 -0.998395 0.524455 -0.851438 -3.084921 2.589518 -0.998395 -0.056641 -0.851438 0.524455 0.000258 0.103093 -1.000000 -20.985145 200.000000 -20.985145 0.320823 128.329049 -0.000000 26.891957 200.000000 26.891957 0.179955 71.982193 -0.809017 -8.305971 200.000000 -8.305971 0.401072 160.428727 0.587785 7.365483 200.000000 7.365483
 12.600000 -0.035195 -0.999380 0.568604 -0.822612 -3.106391 2.536785 -0.999380 -0.035195 -0.822612 0.568604 0.000038 0.015352 -1.000000 -20.985145 200.000000 -20.985145 0.123865 49.546128 -0.000000 26.891957 200.000000 26.891957 0.018481 7.392594 -0.809017 -8.305971 200.000000 -8.305971 0.036794 14.717421 0.587785 7.365483 200.000000 7.365483
 12.800000 -0.071643 -0.997430 0.547608 -0.836735 -3.069888 2.562090 -0.997430 -0.071643 -0.836735 0.547608 0.000660 0.264127 -1.000000 -20.985145 200.000000 -20.985145 0.513273 205.309106 -0.000000 26.891957 200.000000 26.891957 0.076829 30.731663 -0.809017 -8.305971 200.000000 -8.305971 0.161422 64.568742 0.587785 7.365483 200.000000 7.365483
 13.000000 0.025886 -0.999665 0.635486 -0.772113 3.115704 2.452955 -0.999665 0.025886 -0.772113 0.635486 0.000011 0.004491 -1.000000 -20.985145 200.000000 -20.985145 0.067007 26.802901 -0.000000 26.891957 200.000000 26.891957 0.136194 54.477645 -0.809017 -8.305971 200.000000 -8.305971 0.227535 91.013910 0.587785 7.365483 200.000000 7.365483
 13.200000 -0.024258 -0.999706 0.544634 -0.838674 -3.117332 2.565641 -0.999706 -0.024258 -0.838674 0.544634 0.000009 0.003464 -1.000000 -20.985145 200.000000 -20.985145 0.058847 23.538869 -0.000000 26.891957 200.000000 26.891957 0.087955 35.181855 -0.809017 -8.305971 200.000000 -8.305971 0.186207 74.482838 0.587785 7.365483 200.000000 7.365483
 13.400000 -0.046474 -0.998920 0.526667 -0.850071 -3.095102 2.586917 -0.998920 -0.046474 -0.850071 0.526667 0.000117 0.046697 -1.000000 -20.985145 200.000000 -20.985145 0.215979 86.391587 -0.000000 26.891957 200.000000 26.891957 0.168547 67.418681 -0.809017 -8.305971 200.000000 -8.305971 0.373539 149.415644 0.587785 7.365483 200.000000 7.365483
 13.600000 -0.110800 -0.993843 0.484064 -0.875033 -3.030565 2.636300 -0.993843 -0.110800 -0.875033 0.484064 0.003791 1.516481 -1.000000 -20.985145 200.000000 -20.985145 1.227663 491.065372 -0.000000 26.891957 200.000000 26.891957 0.435808 174.323009 -0.809017 -8.305971 200.000000 -8.305971 1.075814 430.325697 0.587785 7.365483 200.000000 7.365483
 13.800000 -0.025236 -0.999682 0.593061 -0.805157 -3.116354 2.506737 -0.999682 -0.025236 -0.805157 0.593061 0.000010 0.004057 -1.000000 -20.985145 200.000000 -20.985145 0.063684 25.473571 -0.000000 26.891957 200.000000 26.891957 0.001490 0.595879 -0.809017 -8.305971 200.000000 -8.305971 0.002784 1.113453 0.587785 7.365483 200.000000 7.365483
 14.000000 -0.063686 -0.997970 0.557780 -0.829989 -3.077863 2.549884 -0.997970 -0.063686 -0.829989 0.557780 0.000412 0.164842 -1.000000 -20.985145 200.000000 -20.985145 0.405595 162.238195 -0.000000 26.891957 200.000000 26.891957 0.043982 17.592809 -0.809017 -8.305971 200.000000 -8.305971 0.090032 36.012776 0.587785 7.365483 200.000000 7.365483
 14.200000 -0.048302 -0.998833 0.564872 -0.825178 -3.093272 2.541314 -0.998833 -0.048302 -0.825178 0.564872 0.000136 0.054496 -1.000000 -20.985145 200.000000 -20.985145 0.233307 93.322633 -0.000000 26.891957 200.000000 26.891957 0.026118 10.447392 -0.809017 -8.305971 200.000000 -8.305971 0.052499 20.999793 0.587785 7.365483 200.000000 7.365483
 14.400000 0.002410 -0.999997 0.563779 -0.825926 3.139182 2.542639 -0.999997 0.002410 -0.825926 0.563779 0.000000 0.000000 -1.000000 -20.985145 200.000000 -20.985145 0.000581 0.232399 -0.000000 26.891957 200.000000 26.891957 0.028591 11.436333 -0.809017 -8.305971 200.000000 -8.305971 0.057631 23.052377 0.587785 7.365483 200.000000 7.365483
 14.600000 -0.072996 -0.997332 0.547555 -0.836770 -3.068532 2.562153 -0.997332 -0.072996 -0.836770 0.547555 0.000712 0.284678 -1.000000 -20.985145 200.000000 -20.985145 0.532840 213.136044 -0.000000 26.891957 200.000000 26.891957 0.077020 30.808087 -0.809017 -8.305971 200.000000 -8.305971 0.161845 64.738024 0.587785 7.365483 200.000000 7.365483
 14.800000 -0.105240 -0.994447 0.586563 -0.809903 -3.036157 2.514784 -0.994447 -0.105240 -0.809903 0.586563 0.003084 1.233511 -1.000000 -20.985145 200.000000 -20.985145 1.107552 443.020703 -0.000000 26.891957 200.000000 26.891957 0.000079 0.031430 -0.809017 -8.305971 200.000000 -8.305971 0.000149 0.059732 0.587785 7.365483 200.000000 7.365483
 15.000000 -0.196782 -0.980447 0.595297 -0.803506 -2.943518 2.503957 -0.980447 -0.196782 -0.803506 0.595297 0.038231 15.292466 -1.000000 -20.985145 200.000000 -20.985145 3.872327 1548.930847 -0.000000 26.891957 200.000000 26.891957 0.003037 1.214946 -0.809017 -8.305971 200.000000 -8.305971 0.005643 2.257037 0.587785 7.365483 200.000000 7.365483
 15.200000 -0.058480 -0.998289 0.521455 -0.853279 -3.083079 2.593037 -0.998289 -0.058480 -0.853279 0.521455 0.000293 0.117157 -1.000000 -20.985145 200.000000 -20.985145 0.341989 136.795755 -0.000000 26.891957 200.000000 26.891957 0.195909 78.363632 -0.809017 -8.305971 200.000000 -8.305971 0.439967 175.986603 0.587785 7.365483 200.000000 7.365483
 15.400000 -0.053474 -0.998569 0.561682 -0.827353 -3.088093 2.545175 -0.998569 -0.053474 -0.827353 0.561682 0.000205 0.081883 -1.000000 -20.985145 200.000000 -20.985145 0.285948 114.379042 -0.000000 26.891957 200.000000 26.891957 0.033620 13.448186 -0.809017 -8.305971 200.000000 -8.305971 0.068135 27.254177 0.587785 7.365483 200.000000 7.365483
 15.600000 -0.129828 -0.991537 0.569038 -0.822311 -3.011397 2.536257 -0.991537 -0.129828 -0.822311 0.569038 0.007163 2.865188 -1.000000 -20.985145 200.000000 -20.985145 1.685524 674.209463 -0.000000 26.891957 200.000000 26.891957 0.017674 7.069551 -0.809017 -8.305971 200.000000 -8.305971 0.035146 14.058553 0.587785 7.365483 200.000000 7.365483
 15.800000 -0.115993 -0.993250 0.597519 -0.801855 -3.025337 2.501190 -0.993250 -0.115993 -0.801855 0.597519 0.004556 1.822514 -1.000000 -20.985145 200.000000 -20.985145 1.345449 538.179593 -0.000000 26.891957 200.000000 26.891957 0.005129 2.051794 -0.809017 -8.305971 200.000000 -8.305971 0.009474 3.789625 0.587785 7.365483 200.000000 7.365483
 16.000000 -0.052253 -0.998634 0.582593 -0.812764 -3.089316 2.519677 -0.998634 -0.052253 -0.812764 0.582593 0.000187 0.074649 -1.000000 -20.985145 200.000000 -20.985145 0.273034 109.213484 -0.000000 26.891957 200.000000 26.891957 0.001404 0.561588 -0.809017 -8.305971 200.000000 -8.305971 0.002696 1.078325 0.587785 7.365483 200.000000 7.365483
 16.200000 -0.098657 -0.995121 0.564796 -0.825230 -3.042775 2.541406 -0.995121 -0.098657 -0.825230 0.564796 0.002380 0.952006 -1.000000 -20.985145 200.000000 -20.985145 0.973328 389.331217 -0.000000 26.891957 200.000000 26.891957 0.026288 10.515060 -0.809017 -8.305971 200.000000 -8.305971 0.052850 21.139961 0.587785 7.365483 200.000000 7.365483
 16.400000 -0.058401 -0.998293 0.546716 -0.837318 -3.083158 2.563156 -0.998293 -0.058401 -0.837318 0.546716 0.000291 0.116529 -1.000000 -20.985145 200.000000 -20.985145 0.341073 136.429094 -0.000000 26.891957 200.000000 26.891957 0.080096 32.038248 -0.809017 -8.305971 200.000000 -8.305971 0.168669 67.467618 0.587785 7.365483 200.000000 7.365483
 16.600000 -0.085861 -0.996307 0.608792 -0.793330 -3.055626 2.487056 -0.996307 -0.085861 -0.793330 0.608792 0.001364 0.545484 -1.000000 -20.985145 200.000000 -20.985145 0.737205 294.882052 -0.000000 26.891957 200.000000 26.891957 0.024608 9.843389 -0.809017 -8.305971 200.000000 -8.305971 0.044128 17.651283 0.587785 7.365483 200.000000 7.365483
 16.800000 -0.110083 -0.993922 0.587474 -0.809243 -3.031286 2.513659 -0.993922 -0.110083 -0.809243 0.587474 0.003694 1.477499 -1.000000 -20.985145 200.000000 -20.985145 1.211830 484.732180 -0.000000 26.891957 200.000000 26.891957 0.000005 0.002048 -0.809017 -8.305971 200.000000 -8.305971 0.000010 0.003883 0.587785 7.365483 200.000000 7.365483
 17.000000 -0.021103 -0.999777 0.569862 -0.821740 -3.120488 2.535255 -0.999777 -0.021103 -0.821740 0.569862 0.000005 0.001984 -1.000000 -20.985145 200.000000 -20.985145 0.044532 17.812811 -0.000000 26.891957 200.000000 26.891957 0.016189 6.475458 -0.809017 -8.305971 200.000000 -8.305971 0.032125 12.849812 0.587785 7.365483 200.000000 7.365483
 17.200000 0.024941 -0.999689 0.619204 -0.785230 3.116649 2.473864 -0.999689 0.024941 -0.785230 0.619204 0.000010 0.003870 -1.000000 -20.985145 200.000000 -20.985145 0.062204 24.881450 -0.000000 26.891957 200.000000 26.891957 0.056583 22.633186 -0.809017 -8.305971 200.000000 -8.305971 0.098716 39.486596 0.587785 7.365483 200.000000 7.365483
 17.400000 -0.120102 -0.992762 0.579650 -0.814865 -3.021201 2.523293 -0.992762 -0.120102 -0.814865 0.579650 0.005239 2.095767 -1.000000 -20.985145 200.000000 -20.985145 1.442437 576.974862 -0.000000 26.891957 200.000000 26.891957 0.003420 1.368162 -0.809017 -8.305971 200.000000 -8.305971 0.006618 2.647164 0.587785 7.365483 200.000000 7.365483
 17.600000 -0.032246 -0.999480 0.527500 -0.849555 -3.109341 2.585937 -0.999480 -0.032246 -0.849555 0.527500 0.000027 0.010818 -1.000000 -20.985145 200.000000 -20.985145 0.103983 41.593348 -0.000000 26.891957 200.000000 26.891957 0.164333 65.733082 -0.809017 -8.305971 200.000000 -8.305971 0.363430 145.371956 0.587785 7.365483 200.000000 7.365483
 17.800000 0.022937 -0.999737 0.470411 -0.882447 3.118653 2.651836 -0.999737 0.022937 -0.882447 0.470411 0.000007 0.002769 -1.000000 -20.985145 200.000000 -20.985145 0.052613 21.045104 -0.000000 26.891957 200.000000 26.891957 0.539202 215.680616 -0.809017 -8.305971 200.000000 -8.305971 1.377667 551.066745 0.587785 7.365483 200.000000 7.365483
 18.000000 0.035735 -0.999361 0.593471 -0.804856 3.105850 2.506228 -0.999361 0.035735 -0.804856 0.593471 0.000041 0.016318 -1.000000 -20.985145 200.000000 -20.985145 0.127701 51.080486 -0.000000 26.891957 200.000000 26.891957 0.001732 0.692720 -0.809017 -8.305971 200.000000 -8.305971 0.003233 1.293028 0.587785 7.365483 200.000000 7.365483
 18.200000 -0.023534 -0.999723 0.632548 -0.774521 -3.118057 2.456754 -0.999723 -0.023534 -0.774521 0.632548 0.000008 0.003068 -1.000000 -20.985145 200.000000 -20.985145 0.055385 22.153862 -0.000000 26.891957 200.000000 26.891957 0.118995 47.598119 -0.809017 -8.305971 200.000000 -8.305971 0.200369 80.147533 0.587785 7.365483 200.000000 7.365483
 18.400000 -0.150169 -0.988660 0.534049 -0.845453 -2.990853 2.578210 -0.988660 -0.150169 -0.845453 0.534049 0.012859 5.143580 -1.000000 -20.985145 200.000000 -20.985145 2.255087 902.034866 -0.000000 26.891957 200.000000 26.891957 0.132760 53.104101 -0.809017 -8.305971 200.000000 -8.305971 0.288754 115.501679 0.587785 7.365483 200.000000 7.365483
 18.600000 -0.096467 -0.995336 0.530311 -0.847803 -3.044975 2.582625 -0.995336 -0.096467 -0.847803 0.530311 0.002175 0.870054 -1.000000 -20.985145 200.000000 -20.985145 0.930592 372.236617 -0.000000 26.891957 200.000000 26.891957 0.150435 60.174054 -0.809017 -8.305971 200.000000 -8.305971 0.330325 132.129943 0.587785 7.365483 200.000000 7.365483
 18.800000 -0.010544 -0.999944 0.554789 -0.831991 -3.131048 2.553483 -0.999944 -0.010544 -0.831991 0.554789 0.000000 0.000124 -1.000000 -20.985145 200.000000 -20.985145 0.011119 4.447447 -0.000000 26.891957 200.000000 26.891957 0.052781 21.112360 -0.809017 -8.305971 200.000000 -8.305971 0.108875 43.550120 0.587785 7.365483 200.000000 7.365483
 19.000000 0.052590 -0.998616 0.630472 -0.776212 3.088979 2.459431 -0.998616 0.052590 -0.776212 0.630472 0.000191 0.076596 -1.000000 -20.985145 200.000000 -20.985145 0.276569 110.627552 -0.000000 26.891957 200.000000 26.891957 0.107617 43.046826 -0.809017 -8.305971 200.000000 -8.305971 0.182216 72.886498 0.587785 7.365483 200.000000 7.365483
 19.200000 0.019602 -0.999808 0.654944 -0.755677 3.121989 2.427484 -0.999808 0.019602 -0.755677 0.654944 0.000004 0.001477 -1.000000 -20.985145 200.000000 -20.985145 0.038424 15.369792 -0.000000 26.891957 200.000000 26.891957 0.284515 113.805920 -0.809017 -8.305971 200.000000 -8.305971 0.451035 180.414067 0.587785 7.365483 200.000000 7.365483
 19.400000 -0.076851 -0.997043 0.620860 -0.783922 -3.064665 2.471754 -0.997043 -0.076851 -0.783922 0.620860 0.000875 0.349858 -1.000000 -20.985145 200.000000 -20.985145 0.590613 236.245270 -0.000000 26.891957 200.000000 26.891957 0.062977 25.190726 -0.809017 -8.305971 200.000000 -8.305971 0.109391 43.756391 0.587785 7.365483 200.000000 7.365483
 19.600000 -0.070932 -0.997481 0.566399 -0.824131 -3.070601 2.539463 -0.997481 -0.070932 -0.824131 0.566399 0.000634 0.253787 -1.000000 -20.985145 200.000000 -20.985145 0.503138 201.255148 -0.000000 26.891957 200.000000 26.891957 0.022844 9.137563 -0.809017 -8.305971 200.000000 -8.305971 0.045737 18.294953 0.587785 7.365483 200.000000 7.365483
 19.800000 -0.051594 -0.998668 0.553483 -0.832861 -3.089976 2.555053 -0.998668 -0.051594 -0.832861 0.553483 0.000177 0.070952 -1.000000 -20.985145 200.000000 -20.985145 0.266191 106.476471 -0.000000 26.891957 200.000000 26.891957 0.056852 22.740904 -0.809017 -8.305971 200.000000 -8.305971 0.117667 47.066741 0.587785 7.365483 200.000000 7.365483
 20.000000 -0.053698 -0.998557 0.589178 -0.808003 -3.087868 2.511551 -0.998557 -0.053698 -0.808003 0.589178 0.000208 0.083267 -1.000000 -20.985145 200.000000 -20.985145 0.288353 115.341124 -0.000000 26.891957 200.000000 26.891957 0.000103 0.041115 -0.809017 -8.305971 200.000000 -8.305971 0.000194 0.077607 0.587785 7.365483 200.000000 7.365483
