#! FIELDS time sin_phi cos_phi sin_psi cos_psi phi psi cos_phi sin_phi cos_psi sin_psi restraint_phi_cos.bias restraint_phi_cos.force2 restraint_phi_cos.cos_phi_cntr restraint_phi_cos.cos_phi_work restraint_phi_cos.cos_phi_kappa restraint_phi_cos.work restraint_phi_sin.bias restraint_phi_sin.force2 restraint_phi_sin.sin_phi_cntr restraint_phi_sin.sin_phi_work restraint_phi_sin.sin_phi_kappa restraint_phi_sin.work restraint_psi_cos.bias restraint_psi_cos.force2 restraint_psi_cos.cos_psi_cntr restraint_psi_cos.cos_psi_work restraint_psi_cos.cos_psi_kappa restraint_psi_cos.work restraint_psi_sin.bias restraint_psi_sin.force2 restraint_psi_sin.sin_psi_cntr restraint_psi_sin.sin_psi_work restraint_psi_sin.sin_psi_kappa restraint_psi_sin.work
#! SET min_phi -pi
#! SET max_phi pi
#! SET min_psi -pi
#! SET max_psi pi
 0.000000 -0.999983 -0.005782 0.966116 0.258110 -1.576579 1.309731 -0.005782 -0.999983 0.258110 0.966116 0.000000 0.000000 -0.009747 0.000000 0.000000 0.000000 0.000000 0.000000 -0.999953 0.000000 0.000000 0.000000 0.000000 0.000000 0.256142 0.000000 0.000000 0.000000 0.000000 0.000000 0.966639 0.000000 0.000000 0.000000
 0.200000 -1.000000 -0.000264 0.834655 0.550773 -1.571061 0.987507 -0.000264 -1.000000 0.550773 0.834655 0.000899 0.035966 -0.009747 0.429324 20.000000 0.429324 0.000000 0.000001 -0.999953 0.008204 20.000000 0.008204 0.868070 34.722782 0.256142 0.437493 20.000000 0.437493 0.174197 6.967880 0.966639 0.079185 20.000000 0.079185
 0.400000 -0.998238 0.059342 0.982965 0.183795 -1.511420 1.385951 0.059342 -0.998238 0.183795 0.982965 0.095463 7.637058 -0.009747 0.576154 40.000000 0.576154 0.000059 0.004705 -0.999953 0.009175 40.000000 0.009175 0.104684 8.374688 0.256142 0.652618 40.000000 0.652618 0.005330 0.426439 0.966639 0.103852 40.000000 0.103852
 0.600000 -0.997904 0.064711 0.969721 0.244214 -1.506040 1.324087 0.064711 -0.997904 0.244214 0.969721 0.166319 19.958274 -0.009747 0.652736 60.000000 0.652736 0.000126 0.015106 -0.999953 0.009549 60.000000 0.009549 0.004268 0.512206 0.256142 0.812938 60.000000 0.812938 0.000285 0.034200 0.966639 0.126976 60.000000 0.126976
 0.800000 -0.999998 0.001908 0.948096 0.317983 -1.568889 1.247195 0.001908 -0.999998 0.317983 0.948096 0.005433 0.869268 -0.009747 0.745436 80.000000 0.745436 0.000000 0.000013 -0.999953 0.009931 80.000000 0.009931 0.152970 24.475215 0.256142 0.870379 80.000000 0.870379 0.013753 2.200505 0.966639 0.131253 80.000000 0.131253
 1.000000 -0.997909 -0.064640 0.983716 0.179728 -1.635482 1.390087 -0.064640 -0.997909 0.179728 0.983716 0.150667 30.133479 -0.009747 0.830208 100.000000 0.830208 0.000209 0.041775 -0.999953 0.010215 100.000000 0.010215 0.291960 58.392061 0.256142 0.906273 100.000000 0.906273 0.014582 2.916355 0.966639 0.133898 100.000000 0.133898
 1.200000 -0.998639 0.052154 0.985240 0.171180 -1.518619 1.398770 0.052154 -0.998639 0.171180 0.985240 0.229900 55.175967 -0.009747 0.926067 120.000000 0.926067 0.000104 0.024842 -0.999953 0.010632 120.000000 0.010632 0.433121 103.949039 0.256142 0.991982 120.000000 0.991982 0.020759 4.982245 0.966639 0.141235 120.000000 0.141235
 1.400000 -0.999103 0.042350 0.979968 0.199156 -1.528433 1.370300 0.042350 -0.999103 0.199156 0.979968 0.189985 53.195900 -0.009747 0.960911 140.000000 0.960911 0.000051 0.014150 -0.999953 0.010712 140.000000 0.010712 0.227324 63.650676 0.256142 1.092898 140.000000 1.092898 0.012436 3.482075 0.966639 0.149505 140.000000 0.149505
 1.600000 -0.999952 0.009799 0.961481 0.274871 -1.560997 1.292341 0.009799 -0.999952 0.274871 0.961481 0.030562 9.779924 -0.009747 1.006960 160.000000 1.006960 0.000000 0.000000 -0.999953 0.010844 160.000000 0.010844 0.028061 8.979435 0.256142 1.162338 160.000000 1.162338 0.002128 0.681070 0.966639 0.156231 160.000000 0.156231
 1.800000 -0.999849 -0.017369 0.970441 0.241337 -1.588166 1.327053 -0.017369 -0.999849 0.241337 0.970441 0.005230 1.882629 -0.009747 1.052434 180.000000 1.052434 0.000001 0.000346 -0.999953 0.010934 180.000000 0.010934 0.019727 7.101823 0.256142 1.193845 180.000000 1.193845 0.001301 0.468409 0.966639 0.158883 180.000000 0.158883
 2.000000 -0.986712 0.162481 0.941191 0.337876 -1.407592 1.226138 0.162481 -0.986712 0.337876 0.941191 2.966227 1186.490951 -0.009747 1.082629 200.000000 1.082629 0.017532 7.012760 -0.999953 0.011019 200.000000 0.011019 0.668031 267.212427 0.256142 1.221031 200.000000 1.221031 0.064761 25.904575 0.966639 0.161502 200.000000 0.161502
 2.200000 -0.989758 0.142752 0.951731 0.306932 -1.427555 1.258829 0.142752 -0.989758 0.306932 0.951731 0.784834 313.933785 0.054161 0.869288 200.000000 0.869288 0.281898 112.759197 -0.936664 0.375640 200.000000 0.375640 1.945438 778.175127 0.167453 1.404382 200.000000 1.404382 0.027680 11.071936 0.935094 0.298531 200.000000 0.298531
 2.400000 -0.989346 0.145586 0.984823 0.173561 -1.424691 1.396352 0.145586 -0.989346 0.173561 0.984823 0.075714 30.285799 0.118069 0.481464 200.000000 0.481464 1.344890 537.956064 -0.873376 1.469869 200.000000 1.469869 0.898645 359.458143 0.078764 1.722823 200.000000 1.722823 0.660544 264.217643 0.903549 0.727190 200.000000 0.727190
 2.600000 -0.996599 0.082407 0.978639 0.205584 -1.488296 1.363736 0.082407 -0.996599 0.205584 0.978639 0.991430 396.571881 0.181978 0.128215 200.000000 0.128215 3.478623 1391.449072 -0.810088 3.233217 200.000000 3.233217 4.644453 1857.781195 -0.009926 1.986489 200.000000 1.986489 1.137101 454.840588 0.872004 1.409687 200.000000 1.409687
 2.800000 -0.984348 0.176237 0.998581 -0.053252 -1.393634 1.624073 0.176237 -0.984348 -0.053252 0.998581 0.485094 194.037507 0.245886 -0.431739 200.000000 -0.431739 5.642897 2257.158732 -0.746800 5.577301 200.000000 5.577301 0.205782 82.312765 -0.098615 1.965535 200.000000 1.965535 2.500241 1000.096353 0.840460 2.289341 200.000000 2.289341
 3.000000 -0.954448 0.298377 0.997673 -0.068179 -1.267805 1.639028 0.298377 -0.954448 -0.068179 0.997673 0.013035 5.213818 0.309794 -1.391433 200.000000 -1.391433 7.340652 2936.260782 -0.683512 8.343873 200.000000 8.343873 1.419088 567.635076 -0.187304 1.614035 200.000000 1.614035 3.562972 1425.188700 0.808915 3.294150 200.000000 3.294150
 3.200000 -0.920004 0.391909 0.955798 -0.294026 -1.168091 1.869232 0.391909 -0.920004 -0.294026 0.955798 0.033152 13.260677 0.373702 -2.635736 200.000000 -2.635736 8.986818 3594.727379 -0.620224 11.379657 200.000000 11.379657 0.032515 13.005900 -0.275994 0.775086 200.000000 0.775086 3.183642 1273.456762 0.777370 4.319743 200.000000 4.319743
 3.400000 -0.830478 0.557051 0.897347 -0.441327 -0.979965 2.027873 0.557051 -0.830478 -0.441327 0.897347 1.426636 570.654336 0.437610 -4.093808 200.000000 -4.093808 7.482547 2993.018878 -0.556936 14.667283 200.000000 14.667283 0.587420 234.967889 -0.364683 -0.606255 200.000000 -0.606255 2.295878 918.351316 0.745825 5.271986 200.000000 5.271986
 3.600000 -0.664655 0.747150 0.854063 -0.520170 -0.727032 2.117846 0.747150 -0.664655 -0.520170 0.854063 6.033537 2413.414845 0.501518 -6.024275 200.000000 -6.024275 2.924369 1169.747642 -0.493647 17.889745 200.000000 17.889745 0.446190 178.476000 -0.453373 -2.028370 200.000000 -2.028370 1.953916 781.566469 0.714280 6.137051 200.000000 6.137051
 3.800000 -0.689358 0.724421 0.766637 -0.642080 -0.760602 2.268005 0.724421 -0.689358 -0.642080 0.766637 2.527952 1011.180956 0.565426 -8.377071 200.000000 -8.377071 6.708029 2683.211430 -0.430359 20.811989 200.000000 20.811989 1.000367 400.146670 -0.542062 -3.336946 200.000000 -3.336946 0.703956 281.582419 0.682735 6.879701 200.000000 6.879701
 4.000000 -0.629131 0.777300 0.698755 -0.715361 -0.680434 2.367937 0.777300 -0.629131 -0.715361 0.698755 2.189396 875.758469 0.629334 -10.714039 200.000000 -10.714039 6.867513 2747.005076 -0.367071 23.598230 200.000000 23.598230 0.715883 286.353127 -0.630751 -4.419365 200.000000 -4.419365 0.226237 90.494957 0.651190 7.457459 200.000000 7.457459
 4.200000 -0.515967 0.856609 0.680199 -0.733027 -0.542136 2.393558 0.856609 -0.515967 -0.733027 0.680199 2.668883 1067.553198 0.693242 -13.123004 200.000000 -13.123004 4.502185 1800.873840 -0.303783 25.921017 200.000000 25.921017 0.018460 7.383904 -0.719441 -5.144097 200.000000 -5.144097 0.366673 146.669295 0.619646 7.830053 200.000000 7.830053
 4.400000 -0.482102 0.876115 0.564954 -0.825122 -0.503052 2.541215 0.876115 -0.482102 -0.825122 0.564954 1.415283 566.113352 0.757150 -15.275626 200.000000 -15.275626 5.837385 2334.953956 -0.240495 28.095100 200.000000 28.095100 0.028873 11.549361 -0.808130 -5.043400 200.000000 -5.043400 0.053576 21.430451 0.588101 8.122701 200.000000 8.122701
 4.600000 -0.214631 0.976695 0.630656 -0.776063 -0.216314 2.459195 0.976695 -0.214631 -0.776063 0.630656 2.422305 968.921805 0.821058 -17.153586 200.000000 -17.153586 0.140060 56.024102 -0.177207 29.807003 200.000000 29.807003 0.108599 43.439758 -0.809017 -5.047776 200.000000 -5.047776 0.183789 73.515752 0.587785 8.120478 200.000000 8.120478
 4.800000 -0.167906 0.985803 0.582453 -0.812865 -0.168705 2.519850 0.985803 -0.167906 -0.812865 0.582453 1.016818 406.727392 0.884966 -18.669470 200.000000 -18.669470 0.291464 116.585561 -0.113919 30.887440 200.000000 30.887440 0.001480 0.592143 -0.809017 -5.047776 200.000000 -5.047776 0.002844 1.137408 0.587785 8.120478 200.000000 8.120478
 5.000000 -0.119365 0.992850 0.638436 -0.769675 -0.119651 2.449128 0.992850 -0.119365 -0.769675 0.638436 0.193396 77.358361 0.948874 -19.473165 200.000000 -19.473165 0.472448 188.979298 -0.050631 32.207641 200.000000 32.207641 0.154782 61.912748 -0.809017 -5.047776 200.000000 -5.047776 0.256553 102.621138 0.587785 8.120478 200.000000 8.120478
 5.200000 0.003294 0.999995 0.645684 -0.763605 0.003294 2.439674 0.999995 0.003294 -0.763605 0.645684 0.000000 0.000001 1.000000 -19.681699 200.000000 -19.681699 0.001085 0.433939 0.000000 32.839170 200.000000 32.839170 0.206226 82.490505 -0.809017 -5.047776 200.000000 -5.047776 0.335225 134.089887 0.587785 8.120478 200.000000 8.120478
 5.400000 -0.160228 0.987080 0.558096 -0.829776 -0.160921 2.549503 0.987080 -0.160228 -0.829776 0.558096 0.016693 6.677000 1.000000 -19.681699 200.000000 -19.681699 2.567297 1026.918686 0.000000 32.839170 200.000000 32.839170 0.043096 17.238218 -0.809017 -5.047776 200.000000 -5.047776 0.088146 35.258324 0.587785 8.120478 200.000000 8.120478
 5.600000 -0.081061 0.996709 0.645418 -0.763830 -0.081150 2.440022 0.996709 -0.081061 -0.763830 0.645418 0.001083 0.433196 1.000000 -19.681699 200.000000 -19.681699 0.657093 262.837293 0.000000 32.839170 200.000000 32.839170 0.204189 81.675688 -0.809017 -5.047776 200.000000 -5.047776 0.332152 132.860649 0.587785 8.120478 200.000000 8.120478
 5.800000 -0.193934 0.981015 0.655928 -0.754824 -0.195171 2.426181 0.981015 -0.193934 -0.754824 0.655928 0.036045 14.417883 1.000000 -19.681699 200.000000 -19.681699 3.761044 1504.417617 0.000000 32.839170 200.000000 32.839170 0.293693 117.477160 -0.809017 -5.047776 200.000000 -5.047776 0.464342 185.736786 0.587785 8.120478 200.000000 8.120478
 6.000000 -0.023584 0.999722 0.579181 -0.815199 -0.023586 2.523869 0.999722 -0.023584 -0.815199 0.579181 0.000008 0.003095 1.000000 -19.681699 200.000000 -19.681699 0.055621 22.248590 0.000000 32.839170 200.000000 32.839170 0.003821 1.528587 -0.809017 -5.047776 200.000000 -5.047776 0.007403 2.961153 0.587785 8.120478 200.000000 8.120478
 6.200000 -0.126444 0.991974 0.627267 -0.778804 -0.126783 2.463553 0.991974 -0.126444 -0.778804 0.627267 0.006442 2.576821 1.000000 -19.681699 200.000000 -19.681699 1.598806 639.522392 0.000000 32.839170 200.000000 32.839170 0.091283 36.513279 -0.809017 -5.047776 200.000000 -5.047776 0.155885 62.353895 0.587785 8.120478 200.000000 8.120478
 6.400000 -0.177547 0.984112 0.578773 -0.815488 -0.178493 2.524369 0.984112 -0.177547 -0.815488 0.578773 0.025242 10.096747 1.000000 -19.681699 200.000000 -19.681699 3.152296 1260.918379 0.000000 32.839170 200.000000 32.839170 0.004188 1.675189 -0.809017 -5.047776 200.000000 -5.047776 0.008121 3.248576 0.587785 8.120478 200.000000 8.120478
 6.600000 0.018722 0.999825 0.594772 -0.803895 0.018723 2.504611 0.999825 0.018722 -0.803895 0.594772 0.000003 0.001229 1.000000 -19.681699 200.000000 -19.681699 0.035052 14.020608 0.000000 32.839170 200.000000 32.839170 0.002624 1.049524 -0.809017 -5.047776 200.000000 -5.047776 0.004881 1.952403 0.587785 8.120478 200.000000 8.120478
 6.800000 -0.046359 0.998925 0.625281 -0.780400 -0.046376 2.466101 0.998925 -0.046359 -0.780400 0.625281 0.000116 0.046240 1.000000 -19.681699 200.000000 -19.681699 0.214919 85.967493 0.000000 32.839170 200.000000 32.839170 0.081894 32.757728 -0.809017 -5.047776 200.000000 -5.047776 0.140592 56.236780 0.587785 8.120478 200.000000 8.120478
 7.000000 -0.020366 0.999793 0.615365 -0.788243 -0.020367 2.478744 0.999793 -0.020366 -0.788243 0.615365 0.000004 0.001721 1.000000 -19.681699 200.000000 -19.681699 0.041476 16.590271 0.000000 32.839170 200.000000 32.839170 0.043158 17.263137 -0.809017 -5.047776 200.000000 -5.047776 0.076063 30.425041 0.587785 8.120478 200.000000 8.120478
 7.200000 -0.048809 0.998808 0.664859 -0.746969 -0.048828 2.414287 0.998808 -0.048809 -0.746969 0.664859 0.000142 0.056822 1.000000 -19.681699 200.000000 -19.681699 0.238232 95.292721 0.000000 32.839170 200.000000 32.839170 0.385000 154.000092 -0.809017 -5.047776 200.000000 -5.047776 0.594041 237.616402 0.587785 8.120478 200.000000 8.120478
 7.400000 -0.099949 0.994993 0.677002 -0.735981 -0.100116 2.397911 0.994993 -0.099949 -0.735981 0.677002 0.002507 1.002983 1.000000 -19.681699 200.000000 -19.681699 0.998983 399.593139 0.000000 32.839170 200.000000 32.839170 0.533427 213.370949 -0.809017 -5.047776 200.000000 -5.047776 0.795969 318.387407 0.587785 8.120478 200.000000 8.120478
 7.600000 -0.098031 0.995183 0.617682 -0.786428 -0.098189 2.475801 0.995183 -0.098031 -0.786428 0.617682 0.002320 0.928016 1.000000 -19.681699 200.000000 -19.681699 0.961016 384.406318 0.000000 32.839170 200.000000 32.839170 0.051026 20.410507 -0.809017 -5.047776 200.000000 -5.047776 0.089381 35.752519 0.587785 8.120478 200.000000 8.120478
 7.800000 0.001094 0.999999 0.649824 -0.760085 0.001094 2.434240 0.999999 0.001094 -0.760085 0.649824 0.000000 0.000000 1.000000 -19.681699 200.000000 -19.681699 0.000120 0.047861 0.000000 32.839170 200.000000 32.839170 0.239436 95.774567 -0.809017 -5.047776 200.000000 -5.047776 0.384880 153.952005 0.587785 8.120478 200.000000 8.120478
 8.000000 -0.232594 0.972574 0.629699 -0.776839 -0.234744 2.460427 0.972574 -0.232594 -0.776839 0.629699 0.075219 30.087532 1.000000 -19.681699 200.000000 -19.681699 5.409991 2163.996585 0.000000 32.839170 200.000000 32.839170 0.103542 41.416952 -0.809017 -5.047776 200.000000 -5.047776 0.175679 70.271418 0.587785 8.120478 200.000000 8.120478
 8.200000 -0.082124 0.996622 0.592629 -0.805475 -0.082217 2.507273 0.996622 -0.082124 -0.805475 0.592629 0.001141 0.456402 1.000000 -19.681699 200.000000 -19.681699 0.674435 269.773864 0.000000 32.839170 200.000000 32.839170 0.001254 0.501759 -0.809017 -5.047776 200.000000 -5.047776 0.002347 0.938638 0.587785 8.120478 200.000000 8.120478
 8.400000 -0.107589 0.994195 0.632152 -0.774844 -0.107798 2.457265 0.994195 -0.107589 -0.774844 0.632152 0.003369 1.347713 1.000000 -19.681699 200.000000 -19.681699 1.157541 463.016463 0.000000 32.839170 200.000000 32.839170 0.116777 46.710872 -0.809017 -5.047776 200.000000 -5.047776 0.196842 78.736701 0.587785 8.120478 200.000000 8.120478
 8.600000 -0.072513 0.997367 0.673273 -0.739394 -0.072577 2.402965 0.997367 -0.072513 -0.739394 0.673273 0.000693 0.277212 1.000000 -19.681699 200.000000 -19.681699 0.525816 210.326412 0.000000 32.839170 200.000000 32.839170 0.484743 193.897012 -0.809017 -5.047776 200.000000 -5.047776 0.730824 292.329549 0.587785 8.120478 200.000000 8.120478
 8.800000 -0.037285 0.999305 0.592497 -0.805572 -0.037294 2.507437 0.999305 -0.037285 -0.805572 0.592497 0.000048 0.019340 1.000000 -19.681699 200.000000 -19.681699 0.139019 55.607477 0.000000 32.839170 200.000000 32.839170 0.001187 0.474617 -0.809017 -5.047776 200.000000 -5.047776 0.002220 0.888169 0.587785 8.120478 200.000000 8.120478
 9.000000 -0.027175 0.999631 0.587157 -0.809473 -0.027179 2.514050 0.999631 -0.027175 -0.809473 0.587157 0.000014 0.005456 1.000000 -19.681699 200.000000 -19.681699 0.073850 29.539949 0.000000 32.839170 200.000000 32.839170 0.000021 0.008316 -0.809017 -5.047776 200.000000 -5.047776 0.000039 0.015780 0.587785 8.120478 200.000000 8.120478
 9.200000 -0.035243 0.999379 0.628165 -0.778080 -0.035251 2.462400 0.999379 -0.035243 -0.778080 0.628165 0.000039 0.015437 1.000000 -19.681699 200.000000 -19.681699 0.124208 49.683384 0.000000 32.839170 200.000000 32.839170 0.095709 38.283494 -0.809017 -5.047776 200.000000 -5.047776 0.163052 65.220930 0.587785 8.120478 200.000000 8.120478
 9.400000 -0.099917 0.994996 0.675115 -0.737713 -0.100084 2.400473 0.994996 -0.099917 -0.737713 0.675115 0.002504 1.001706 1.000000 -19.681699 200.000000 -19.681699 0.998348 399.339360 0.000000 32.839170 200.000000 32.839170 0.508428 203.371217 -0.809017 -5.047776 200.000000 -5.047776 0.762642 305.056711 0.587785 8.120478 200.000000 8.120478
 9.600000 -0.026416 0.999651 0.640188 -0.768219 -0.026419 2.446850 0.999651 -0.026416 -0.768219 0.640188 0.000012 0.004871 1.000000 -19.681699 200.000000 -19.681699 0.069780 27.911921 0.000000 32.839170 200.000000 32.839170 0.166452 66.580679 -0.809017 -5.047776 200.000000 -5.047776 0.274602 109.840798 0.587785 8.120478 200.000000 8.120478
 9.800000 -0.156652 0.987654 0.618333 -0.785916 -0.157300 2.474973 0.987654 -0.156652 -0.785916 0.618333 0.015243 6.097141 1.000000 -19.681699 200.000000 -19.681699 2.453996 981.598473 0.000000 32.839170 200.000000 32.839170 0.053364 21.345573 -0.809017 -5.047776 200.000000 -5.047776 0.093315 37.326154 0.587785 8.120478 200.000000 8.120478
 10.000000 0.009863 0.999951 0.655289 -0.755379 0.009863 2.427028 0.999951 0.009863 -0.755379 0.655289 0.000000 0.000095 1.000000 -19.681699 200.000000 -19.681699 0.009727 3.890804 0.000000 32.839170 200.000000 32.839170 0.287707 115.082856 -0.809017 -5.047776 200.000000 -5.047776 0.455670 182.267821 0.587785 8.120478 200.000000 8.120478
 10.200000 0.017143 0.999853 0.628337 -0.777941 0.017144 2.462179 0.999853 0.017143 -0.777941 0.628337 0.000002 0.000864 1.000000 -19.681699 200.000000 -19.681699 0.029388 11.755292 0.000000 32.839170 200.000000 32.839170 0.096571 38.628244 -0.809017 -5.047776 200.000000 -5.047776 0.164445 65.778109 0.587785 8.120478 200.000000 8.120478
 10.400000 -0.086469 0.996255 0.600129 -0.799903 -0.086577 2.497931 0.996255 -0.086469 -0.799903 0.600129 0.001403 0.561130 1.000000 -19.681699 200.000000 -19.681699 0.747683 299.073291 0.000000 32.839170 200.000000 32.839170 0.008306 3.322281 -0.809017 -5.047776 200.000000 -5.047776 0.015236 6.094464 0.587785 8.120478 200.000000 8.120478
 10.600000 -0.118598 0.992942 0.587243 -0.809411 -0.118878 2.513944 0.992942 -0.118598 -0.809411 0.587243 0.004981 1.992417 1.000000 -19.681699 200.000000 -19.681699 1.406549 562.619527 0.000000 32.839170 200.000000 32.839170 0.000015 0.006195 -0.809017 -5.047776 200.000000 -5.047776 0.000029 0.011752 0.587785 8.120478 200.000000 8.120478
 10.800000 -0.135569 0.990768 0.627683 -0.778469 -0.135987 2.463019 0.990768 -0.135569 -0.778469 0.627683 0.008523 3.409236 1.000000 -19.681699 200.000000 -19.681699 1.837889 735.155452 0.000000 32.839170 200.000000 32.839170 0.093319 37.327593 -0.809017 -5.047776 200.000000 -5.047776 0.159185 63.674021 0.587785 8.120478 200.000000 8.120478
 11.000000 -0.024889 0.999690 0.600237 -0.799822 -0.024892 2.497795 0.999690 -0.024889 -0.799822 0.600237 0.000010 0.003839 1.000000 -19.681699 200.000000 -19.681699 0.061948 24.779206 0.000000 32.839170 200.000000 32.839170 0.008455 3.381810 -0.809017 -5.047776 200.000000 -5.047776 0.015505 6.201906 0.587785 8.120478 200.000000 8.120478
 11.200000 -0.120263 0.992742 0.575138 -0.818056 -0.120554 2.528819 0.992742 -0.120263 -0.818056 0.575138 0.005268 2.107072 1.000000 -19.681699 200.000000 -19.681699 1.446308 578.523241 0.000000 32.839170 200.000000 32.839170 0.008171 3.268274 -0.809017 -5.047776 200.000000 -5.047776 0.015994 6.397794 0.587785 8.120478 200.000000 8.120478
 11.400000 0.026166 0.999658 0.778686 -0.627414 0.026169 2.249023 0.999658 0.026166 -0.627414 0.778686 0.000012 0.004689 1.000000 -19.681699 200.000000 -19.681699 0.068467 27.386626 0.000000 32.839170 200.000000 32.839170 3.297983 1319.193159 -0.809017 -5.047776 200.000000 -5.047776 3.644320 1457.727867 0.587785 8.120478 200.000000 8.120478
 11.600000 -0.097482 0.995237 0.637704 -0.770282 -0.097637 2.450079 0.995237 -0.097482 -0.770282 0.637704 0.002268 0.907332 1.000000 -19.681699 200.000000 -19.681699 0.950272 380.108660 0.000000 32.839170 200.000000 32.839170 0.150042 60.016848 -0.809017 -5.047776 200.000000 -5.047776 0.249186 99.674236 0.587785 8.120478 200.000000 8.120478
 11.800000 -0.050214 0.998738 0.519741 -0.854324 -0.050235 2.595045 0.998738 -0.050214 -0.854324 0.519741 0.000159 0.063657 1.000000 -19.681699 200.000000 -19.681699 0.252143 100.857388 0.000000 32.839170 200.000000 32.839170 0.205274 82.109486 -0.809017 -5.047776 200.000000 -5.047776 0.463008 185.203104 0.587785 8.120478 200.000000 8.120478
 12.000000 -0.221113 0.975248 0.663515 -0.748163 -0.222956 2.416086 0.975248 -0.221113 -0.748163 0.663515 0.061266 24.506217 1.000000 -19.681699 200.000000 -19.681699 4.889110 1955.643965 0.000000 32.839170 200.000000 32.839170 0.370320 148.127901 -0.809017 -5.047776 200.000000 -5.047776 0.573498 229.399028 0.587785 8.120478 200.000000 8.120478
 12.200000 -0.080992 0.996715 0.604251 -0.796794 -0.081081 2.492767 0.996715 -0.080992 -0.796794 0.604251 0.001079 0.431712 1.000000 -19.681699 200.000000 -19.681699 0.655969 262.387412 0.000000 32.839170 200.000000 32.839170 0.014940 5.976000 -0.809017 -5.047776 200.000000 -5.047776 0.027112 10.844776 0.587785 8.120478 200.000000 8.120478
 12.400000 -0.066657 0.997776 0.584674 -0.811268 -0.066706 2.517114 0.997776 -0.066657 -0.811268 0.584674 0.000495 0.197854 1.000000 -19.681699 200.000000 -19.681699 0.444313 177.725291 0.000000 32.839170 200.000000 32.839170 0.000507 0.202684 -0.809017 -5.047776 200.000000 -5.047776 0.000968 0.387086 0.587785 8.120478 200.000000 8.120478
 12.600000 -0.037454 0.999298 0.625861 -0.779935 -0.037462 2.465358 0.999298 -0.037454 -0.779935 0.625861 0.000049 0.019692 1.000000 -19.681699 200.000000 -19.681699 0.140278 56.111291 0.000000 32.839170 200.000000 32.839170 0.084579 33.831597 -0.809017 -5.047776 200.000000 -5.047776 0.144977 57.990849 0.587785 8.120478 200.000000 8.120478
 12.800000 -0.092822 0.995683 0.579434 -0.815019 -0.092956 2.523559 0.995683 -0.092822 -0.815019 0.579434 0.001864 0.745565 1.000000 -19.681699 200.000000 -19.681699 0.861597 344.638891 0.000000 32.839170 200.000000 32.839170 0.003603 1.441140 -0.809017 -5.047776 200.000000 -5.047776 0.006975 2.789928 0.587785 8.120478 200.000000 8.120478
 13.000000 -0.021546 0.999768 0.487023 -0.873389 -0.021547 2.632914 0.999768 -0.021546 -0.873389 0.487023 0.000005 0.002155 1.000000 -19.681699 200.000000 -19.681699 0.046422 18.568654 0.000000 32.839170 200.000000 32.839170 0.414376 165.750363 -0.809017 -5.047776 200.000000 -5.047776 1.015299 406.119617 0.587785 8.120478 200.000000 8.120478
 13.200000 -0.118303 0.992978 0.627538 -0.778586 -0.118581 2.463206 0.992978 -0.118303 -0.778586 0.627538 0.004931 1.972593 1.000000 -19.681699 200.000000 -19.681699 1.399559 559.823558 0.000000 32.839170 200.000000 32.839170 0.092605 37.042141 -0.809017 -5.047776 200.000000 -5.047776 0.158029 63.211507 0.587785 8.120478 200.000000 8.120478
 13.400000 -0.086151 0.996282 0.650311 -0.759668 -0.086258 2.433598 0.996282 -0.086151 -0.759668 0.650311 0.001382 0.552920 1.000000 -19.681699 200.000000 -19.681699 0.742203 296.881317 0.000000 32.839170 200.000000 32.839170 0.243535 97.413840 -0.809017 -5.047776 200.000000 -5.047776 0.390952 156.380624 0.587785 8.120478 200.000000 8.120478
 13.600000 -0.021512 0.999769 0.621070 -0.783755 -0.021514 2.471485 0.999769 -0.021512 -0.783755 0.621070 0.000005 0.002142 1.000000 -19.681699 200.000000 -19.681699 0.046276 18.510550 0.000000 32.839170 200.000000 32.839170 0.063816 25.526521 -0.809017 -5.047776 200.000000 -5.047776 0.110787 44.314956 0.587785 8.120478 200.000000 8.120478
 13.800000 -0.077388 0.997001 0.710599 -0.703597 -0.077466 2.351243 0.997001 -0.077388 -0.703597 0.710599 0.000899 0.359753 1.000000 -19.681699 200.000000 -19.681699 0.598895 239.558005 0.000000 32.839170 200.000000 32.839170 1.111343 444.537009 -0.809017 -5.047776 200.000000 -5.047776 1.508333 603.333204 0.587785 8.120478 200.000000 8.120478
 14.000000 -0.090141 0.995929 0.714423 -0.699714 -0.090264 2.345794 0.995929 -0.090141 -0.699714 0.714423 0.001657 0.662923 1.000000 -19.681699 200.000000 -19.681699 0.812543 325.017298 0.000000 32.839170 200.000000 32.839170 1.194707 477.882751 -0.809017 -5.047776 200.000000 -5.047776 1.603705 641.482001 0.587785 8.120478 200.000000 8.120478
 14.200000 -0.074884 0.997192 0.531477 -0.847073 -0.074954 2.581250 0.997192 -0.074884 -0.847073 0.531477 0.000788 0.315331 1.000000 -19.681699 200.000000 -19.681699 0.560755 224.302186 0.000000 32.839170 200.000000 32.839170 0.144826 57.930282 -0.809017 -5.047776 200.000000 -5.047776 0.317066 126.826521 0.587785 8.120478 200.000000 8.120478
 14.400000 -0.160273 0.987073 0.650494 -0.759511 -0.160968 2.433358 0.987073 -0.160273 -0.759511 0.650494 0.016712 6.684626 1.000000 -19.681699 200.000000 -19.681699 2.568753 1027.501148 0.000000 32.839170 200.000000 32.839170 0.245082 98.032851 -0.809017 -5.047776 200.000000 -5.047776 0.393241 157.296470 0.587785 8.120478 200.000000 8.120478
 14.600000 -0.064490 0.997918 0.671618 -0.740898 -0.064535 2.405203 0.997918 -0.064490 -0.740898 0.671618 0.000433 0.173329 1.000000 -19.681699 200.000000 -19.681699 0.415894 166.357758 0.000000 32.839170 200.000000 32.839170 0.464021 185.608342 -0.809017 -5.047776 200.000000 -5.047776 0.702787 281.114872 0.587785 8.120478 200.000000 8.120478
 14.800000 -0.063242 0.997998 0.600363 -0.799727 -0.063284 2.497637 0.997998 -0.063242 -0.799727 0.600363 0.000401 0.160285 1.000000 -19.681699 200.000000 -19.681699 0.399956 159.982269 0.000000 32.839170 200.000000 32.839170 0.008630 3.451909 -0.809017 -5.047776 200.000000 -5.047776 0.015821 6.328370 0.587785 8.120478 200.000000 8.120478
 15.000000 -0.127051 0.991896 0.605282 -0.796011 -0.127396 2.491472 0.991896 -0.127051 -0.796011 0.605282 0.006567 2.626899 1.000000 -19.681699 200.000000 -19.681699 1.614204 645.681557 0.000000 32.839170 200.000000 32.839170 0.016915 6.766175 -0.809017 -5.047776 200.000000 -5.047776 0.030614 12.245558 0.587785 8.120478 200.000000 8.120478
 15.200000 -0.067081 0.997748 0.534891 -0.844921 -0.067131 2.577214 0.997748 -0.067081 -0.844921 0.534891 0.000507 0.202945 1.000000 -19.681699 200.000000 -19.681699 0.449987 179.994663 0.000000 32.839170 200.000000 32.839170 0.128912 51.564778 -0.809017 -5.047776 200.000000 -5.047776 0.279784 111.913627 0.587785 8.120478 200.000000 8.120478
 15.400000 0.022594 0.999745 0.587338 -0.809342 0.022596 2.513826 0.999745 0.022594 -0.809342 0.587338 0.000007 0.002607 1.000000 -19.681699 200.000000 -19.681699 0.051047 20.418975 0.000000 32.839170 200.000000 32.839170 0.000011 0.004213 -0.809017 -5.047776 200.000000 -5.047776 0.000020 0.007990 0.587785 8.120478 200.000000 8.120478
 15.600000 -0.077397 0.997000 0.535859 -0.844308 -0.077474 2.576068 0.997000 -0.077397 -0.844308 0.535859 0.000900 0.359914 1.000000 -19.681699 200.000000 -19.681699 0.599029 239.611437 0.000000 32.839170 200.000000 32.839170 0.124544 49.817582 -0.809017 -5.047776 200.000000 -5.047776 0.269638 107.855346 0.587785 8.120478 200.000000 8.120478
 15.800000 -0.030146 0.999546 0.614599 -0.788840 -0.030151 2.479716 0.999546 -0.030146 -0.788840 0.614599 0.000021 0.008263 1.000000 -19.681699 200.000000 -19.681699 0.090878 36.351272 0.000000 32.839170 200.000000 32.839170 0.040711 16.284473 -0.809017 -5.047776 200.000000 -5.047776 0.071896 28.758300 0.587785 8.120478 200.000000 8.120478
 16.000000 -0.016667 0.999861 0.605424 -0.795903 -0.016668 2.491295 0.999861 -0.016667 -0.795903 0.605424 0.000002 0.000772 1.000000 -19.681699 200.000000 -19.681699 0.027780 11.111891 0.000000 32.839170 200.000000 32.839170 0.017197 6.878710 -0.809017 -5.047776 200.000000 -5.047776 0.031111 12.444600 0.587785 8.120478 200.000000 8.120478
 16.200000 -0.030568 0.999533 0.673206 -0.739455 -0.030572 2.403057 0.999533 -0.030568 -0.739455 0.673206 0.000022 0.008735 1.000000 -19.681699 200.000000 -19.681699 0.093438 37.375389 0.000000 32.839170 200.000000 32.839170 0.483887 193.554667 -0.809017 -5.047776 200.000000 -5.047776 0.729670 291.867850 0.587785 8.120478 200.000000 8.120478
 16.400000 0.014074 0.999901 0.663104 -0.748527 0.014074 2.416634 0.999901 0.014074 -0.748527 0.663104 0.000001 0.000392 1.000000 -19.681699 200.000000 -19.681699 0.019807 7.922850 0.000000 32.839170 200.000000 32.839170 0.365904 146.361728 -0.809017 -5.047776 200.000000 -5.047776 0.567297 226.918651 0.587785 8.120478 200.000000 8.120478
 16.600000 -0.054530 0.998512 0.648256 -0.761422 -0.054557 2.436301 0.998512 -0.054530 -0.761422 0.648256 0.000221 0.088552 1.000000 -19.681699 200.000000 -19.681699 0.297356 118.942393 0.000000 32.839170 200.000000 32.839170 0.226524 90.609601 -0.809017 -5.047776 200.000000 -5.047776 0.365671 146.268458 0.587785 8.120478 200.000000 8.120478
 16.800000 -0.113462 0.993542 0.648420 -0.761283 -0.113707 2.436086 0.993542 -0.113462 -0.761283 0.648420 0.004170 1.668036 1.000000 -19.681699 200.000000 -19.681699 1.287355 514.941890 0.000000 32.839170 200.000000 32.839170 0.227853 91.141125 -0.809017 -5.047776 200.000000 -5.047776 0.367654 147.061411 0.587785 8.120478 200.000000 8.120478
 17.000000 -0.038142 0.999272 0.697511 -0.716575 -0.038151 2.369675 0.999272 -0.038142 -0.716575 0.697511 0.000053 0.021179 1.000000 -19.681699 200.000000 -19.681699 0.145478 58.191400 0.000000 32.839170 200.000000 32.839170 0.854561 341.824544 -0.809017 -5.047776 200.000000 -5.047776 1.203964 481.585699 0.587785 8.120478 200.000000 8.120478
 17.200000 -0.107194 0.994238 0.592174 -0.805810 -0.107401 2.507839 0.994238 -0.107194 -0.805810 0.592174 0.003320 1.327978 1.000000 -19.681699 200.000000 -19.681699 1.149059 459.623769 0.000000 32.839170 200.000000 32.839170 0.001028 0.411372 -0.809017 -5.047776 200.000000 -5.047776 0.001926 0.770464 0.587785 8.120478 200.000000 8.120478
 17.400000 -0.092781 0.995687 0.600299 -0.799776 -0.092914 2.497718 0.995687 -0.092781 -0.799776 0.600299 0.001861 0.744226 1.000000 -19.681699 200.000000 -19.681699 0.860825 344.329805 0.000000 32.839170 200.000000 32.839170 0.008540 3.415933 -0.809017 -5.047776 200.000000 -5.047776 0.015659 6.263474 0.587785 8.120478 200.000000 8.120478
 17.600000 0.001615 0.999999 0.577266 -0.816556 0.001615 2.526216 0.999999 0.001615 -0.816556 0.577266 0.000000 0.000000 1.000000 -19.681699 200.000000 -19.681699 0.000261 0.104299 0.000000 32.839170 200.000000 32.839170 0.005683 2.273359 -0.809017 -5.047776 200.000000 -5.047776 0.011064 4.425787 0.587785 8.120478 200.000000 8.120478
 17.800000 -0.122031 0.992526 0.609827 -0.792534 -0.122336 2.485750 0.992526 -0.122031 -0.792534 0.609827 0.005586 2.234252 1.000000 -19.681699 200.000000 -19.681699 1.489156 595.662270 0.000000 32.839170 200.000000 32.839170 0.027168 10.867001 -0.809017 -5.047776 200.000000 -5.047776 0.048585 19.433852 0.587785 8.120478 200.000000 8.120478
 18.000000 -0.006675 0.999978 0.594487 -0.804105 -0.006675 2.504965 0.999978 -0.006675 -0.804105 0.594487 0.000000 0.000020 1.000000 -19.681699 200.000000 -19.681699 0.004456 1.782416 0.000000 32.839170 200.000000 32.839170 0.002413 0.965165 -0.809017 -5.047776 200.000000 -5.047776 0.004492 1.796803 0.587785 8.120478 200.000000 8.120478
 18.200000 -0.091277 0.995826 0.561772 -0.827292 -0.091404 2.545067 0.995826 -0.091277 -0.827292 0.561772 0.001743 0.697034 1.000000 -19.681699 200.000000 -19.681699 0.833143 333.257324 0.000000 32.839170 200.000000 32.839170 0.033398 13.359345 -0.809017 -5.047776 200.000000 -5.047776 0.067670 27.067917 0.587785 8.120478 200.000000 8.120478
 18.400000 -0.080200 0.996779 0.636470 -0.771302 -0.080286 2.451680 0.996779 -0.080200 -0.771302 0.636470 0.001038 0.415048 1.000000 -19.681699 200.000000 -19.681699 0.643205 257.281820 0.000000 32.839170 200.000000 32.839170 0.142243 56.897393 -0.809017 -5.047776 200.000000 -5.047776 0.237016 94.806506 0.587785 8.120478 200.000000 8.120478
 18.600000 -0.083339 0.996521 0.634712 -0.772748 -0.083435 2.453956 0.996521 -0.083339 -0.772748 0.634712 0.001210 0.484056 1.000000 -19.681699 200.000000 -19.681699 0.694531 277.812450 0.000000 32.839170 200.000000 32.839170 0.131541 52.616231 -0.809017 -5.047776 200.000000 -5.047776 0.220215 88.086198 0.587785 8.120478 200.000000 8.120478
 18.800000 -0.014760 0.999891 0.597392 -0.801950 -0.014760 2.501348 0.999891 -0.014760 -0.801950 0.597392 0.000001 0.000475 1.000000 -19.681699 200.000000 -19.681699 0.021784 8.713728 0.000000 32.839170 200.000000 32.839170 0.004995 1.997970 -0.809017 -5.047776 200.000000 -5.047776 0.009229 3.691437 0.587785 8.120478 200.000000 8.120478
 19.000000 -0.076769 0.997049 0.613248 -0.789891 -0.076844 2.481427 0.997049 -0.076769 -0.789891 0.613248 0.000871 0.348351 1.000000 -19.681699 200.000000 -19.681699 0.589342 235.736610 0.000000 32.839170 200.000000 32.839170 0.036582 14.632833 -0.809017 -5.047776 200.000000 -5.047776 0.064834 25.933741 0.587785 8.120478 200.000000 8.120478
 19.200000 0.014916 0.999889 0.640164 -0.768238 0.014916 2.446881 0.999889 0.014916 -0.768238 0.640164 0.000001 0.000495 1.000000 -19.681699 200.000000 -19.681699 0.022248 8.899294 0.000000 32.839170 200.000000 32.839170 0.166293 66.517022 -0.809017 -5.047776 200.000000 -5.047776 0.274357 109.742679 0.587785 8.120478 200.000000 8.120478
 19.400000 -0.076961 0.997034 0.622422 -0.782682 -0.077037 2.469759 0.997034 -0.076961 -0.782682 0.622422 0.000880 0.351855 1.000000 -19.681699 200.000000 -19.681699 0.592294 236.917757 0.000000 32.839170 200.000000 32.839170 0.069353 27.741320 -0.809017 -5.047776 200.000000 -5.047776 0.119969 47.987665 0.587785 8.120478 200.000000 8.120478
 19.600000 -0.094820 0.995494 0.642471 -0.766310 -0.094962 2.443874 0.995494 -0.094820 -0.766310 0.642471 0.002030 0.811991 1.000000 -19.681699 200.000000 -19.681699 0.899075 359.630132 0.000000 32.839170 200.000000 32.839170 0.182391 72.956466 -0.809017 -5.047776 200.000000 -5.047776 0.299057 119.622716 0.587785 8.120478 200.000000 8.120478
 19.800000 -0.185596 0.982626 0.630041 -0.776562 -0.186679 2.459987 0.982626 -0.185596 -0.776562 0.630041 0.030185 12.074152 1.000000 -19.681699 200.000000 -19.681699 3.444603 1377.841071 0.000000 32.839170 200.000000 32.839170 0.105333 42.133233 -0.809017 -5.047776 200.000000 -5.047776 0.178554 71.421656 0.587785 8.120478 200.000000 8.120478
 20.000000 -0.099995 0.994988 0.629503 -0.776998 -0.100163 2.460679 0.994988 -0.099995 -0.776998 0.629503 0.002512 1.004840 1.000000 -19.681699 200.000000 -19.681699 0.999905 399.961906 0.000000 32.839170 200.000000 32.839170 0.102521 41.008280 -0.809017 -5.047776 200.000000 -5.047776 0.174036 69.614455 0.587785 8.120478 200.000000 8.120478
