#! FIELDS time sin_phi cos_phi sin_psi cos_psi phi psi cos_phi sin_phi cos_psi sin_psi restraint_phi_cos.bias restraint_phi_cos.force2 restraint_phi_cos.cos_phi_cntr restraint_phi_cos.cos_phi_work restraint_phi_cos.cos_phi_kappa restraint_phi_cos.work restraint_phi_sin.bias restraint_phi_sin.force2 restraint_phi_sin.sin_phi_cntr restraint_phi_sin.sin_phi_work restraint_phi_sin.sin_phi_kappa restraint_phi_sin.work restraint_psi_cos.bias restraint_psi_cos.force2 restraint_psi_cos.cos_psi_cntr restraint_psi_cos.cos_psi_work restraint_psi_cos.cos_psi_kappa restraint_psi_cos.work restraint_psi_sin.bias restraint_psi_sin.force2 restraint_psi_sin.sin_psi_cntr restraint_psi_sin.sin_psi_work restraint_psi_sin.sin_psi_kappa restraint_psi_sin.work
#! SET min_phi -pi
#! SET max_phi pi
#! SET min_psi -pi
#! SET max_psi pi
 0.000000 -0.999983 -0.005782 0.966116 0.258110 -1.576579 1.309731 -0.005782 -0.999983 0.258110 0.966116 0.000000 0.000000 -0.009747 0.000000 0.000000 0.000000 0.000000 0.000000 -0.999953 0.000000 0.000000 0.000000 0.000000 0.000000 0.256142 0.000000 0.000000 0.000000 0.000000 0.000000 0.966639 0.000000 0.000000 0.000000
 0.200000 -1.000000 -0.000266 0.834656 0.550772 -1.571062 0.987508 -0.000266 -1.000000 0.550772 0.834656 0.000899 0.035955 -0.009747 0.429321 20.000000 0.429321 0.000000 0.000001 -0.999953 0.008204 20.000000 0.008204 0.868065 34.722587 0.256142 0.437497 20.000000 0.437497 0.174196 6.967822 0.966639 0.079186 20.000000 0.079186
 0.400000 -0.998237 0.059346 0.982967 0.183784 -1.511415 1.385962 0.059346 -0.998237 0.183784 0.982967 0.095476 7.638063 -0.009747 0.576152 40.000000 0.576152 0.000059 0.004706 -0.999953 0.009175 40.000000 0.009175 0.104715 8.377184 0.256142 0.652623 40.000000 0.652623 0.005332 0.426545 0.966639 0.103853 40.000000 0.103853
 0.600000 -0.997905 0.064694 0.969726 0.244195 -1.506057 1.324107 0.064694 -0.997905 0.244195 0.969726 0.166241 19.948918 -0.009747 0.652738 60.000000 0.652738 0.000126 0.015090 -0.999953 0.009549 60.000000 0.009549 0.004282 0.513884 0.256142 0.812950 60.000000 0.812950 0.000286 0.034310 0.966639 0.126978 60.000000 0.126978
 0.800000 -0.999998 0.001900 0.948099 0.317977 -1.568897 1.247202 0.001900 -0.999998 0.317977 0.948099 0.005425 0.868058 -0.009747 0.745436 80.000000 0.745436 0.000000 0.000013 -0.999953 0.009931 80.000000 0.009931 0.152938 24.470136 0.256142 0.870390 80.000000 0.870390 0.013750 2.199994 0.966639 0.131256 80.000000 0.131256
 1.000000 -0.997907 -0.064664 0.983714 0.179740 -1.635505 1.390074 -0.064664 -0.997907 0.179740 0.983714 0.150795 30.158950 -0.009747 0.830200 100.000000 0.830200 0.000209 0.041836 -0.999953 0.010215 100.000000 0.010215 0.291866 58.373296 0.256142 0.906285 100.000000 0.906285 0.014578 2.915589 0.966639 0.133900 100.000000 0.133900
 1.200000 -0.998632 0.052283 0.985233 0.171221 -1.518489 1.398728 0.052283 -0.998632 0.171221 0.985233 0.230861 55.406593 -0.009747 0.926076 120.000000 0.926076 0.000105 0.025098 -0.999953 0.010632 120.000000 0.010632 0.432703 103.848639 0.256142 0.992002 120.000000 0.992002 0.020743 4.978426 0.966639 0.141239 120.000000 0.141239
 1.400000 -0.999099 0.042450 0.979951 0.199238 -1.528334 1.370216 0.042450 -0.999099 0.199238 0.979951 0.190711 53.399045 -0.009747 0.960891 140.000000 0.960891 0.000051 0.014291 -0.999953 0.010712 140.000000 0.010712 0.226664 63.465860 0.256142 1.092922 140.000000 1.092922 0.012405 3.473287 0.966639 0.149514 140.000000 0.149514
 1.600000 -0.999952 0.009788 0.961509 0.274775 -1.561008 1.292441 0.009788 -0.999952 0.274775 0.961509 0.030528 9.768983 -0.009747 1.007034 160.000000 1.007034 0.000000 0.000000 -0.999953 0.010844 160.000000 0.010844 0.027774 8.887593 0.256142 1.162404 160.000000 1.162404 0.002106 0.673841 0.966639 0.156247 160.000000 0.156247
 1.800000 -0.999822 -0.018890 0.970255 0.242087 -1.589688 1.326281 -0.018890 -0.999822 0.242087 0.970255 0.007525 2.709001 -0.009747 1.052059 180.000000 1.052059 0.000002 0.000556 -0.999953 0.010933 180.000000 0.010933 0.017781 6.401157 0.256142 1.193843 180.000000 1.193843 0.001177 0.423550 0.966639 0.158902 180.000000 0.158902
 2.000000 -0.987244 0.159215 0.942677 0.333708 -1.410901 1.230562 0.159215 -0.987244 0.333708 0.942677 2.854784 1141.913410 -0.009747 1.082091 200.000000 1.082091 0.016151 6.460231 -0.999953 0.011014 200.000000 0.011014 0.601639 240.655703 0.256142 1.219996 200.000000 1.219996 0.057420 22.968050 0.966639 0.161398 200.000000 0.161398
 2.200000 -0.995086 0.099015 0.924784 0.380493 -1.471619 1.180467 0.099015 -0.995086 0.380493 0.924784 0.798473 319.389297 0.009658 1.010860 200.000000 1.010860 0.437770 175.108049 -0.928922 0.479477 200.000000 0.479477 2.147715 859.086185 0.233942 1.278249 200.000000 1.278249 0.014284 5.713730 0.912832 0.416276 200.000000 0.416276
 2.400000 -0.998570 0.053467 0.948384 0.317124 -1.517304 1.248101 0.053467 -0.998570 0.317124 0.948384 0.059560 23.823828 0.029062 0.889695 200.000000 0.889695 1.979048 791.619259 -0.857891 1.957702 200.000000 1.957702 1.110534 444.213752 0.211742 1.398606 200.000000 1.398606 0.798503 319.401345 0.859025 1.266911 200.000000 1.266911
 2.600000 -0.998693 -0.051103 0.898119 0.439753 -1.621922 1.115472 -0.051103 -0.998693 0.439753 0.898119 0.991399 396.559461 0.048466 0.792194 200.000000 0.792194 4.487328 1794.931195 -0.786860 4.413697 200.000000 4.413697 6.260600 2504.240065 0.189541 1.595448 200.000000 1.595448 0.863047 345.218875 0.805218 2.707141 200.000000 2.707141
 2.800000 -0.998151 0.060783 0.972197 0.234163 -1.509976 1.334438 0.060783 -0.998151 0.234163 0.972197 0.005023 2.009305 0.067870 0.673763 200.000000 0.673763 7.970546 3188.218263 -0.715829 7.855630 200.000000 7.855630 0.446522 178.608803 0.167341 1.816914 200.000000 1.816914 4.874643 1949.857354 0.751411 4.772149 200.000000 4.772149
 3.000000 -0.995197 0.097891 0.966455 0.256834 -1.472748 1.311051 0.097891 -0.995197 0.256834 0.966455 0.011272 4.508900 0.087274 0.452485 200.000000 0.452485 12.277903 4911.161232 -0.644799 12.251507 200.000000 12.251507 1.247542 499.016766 0.145141 2.132262 200.000000 2.132262 7.228092 2891.236756 0.697604 7.437594 200.000000 7.437594
 3.200000 -0.990287 0.139039 0.993064 0.117576 -1.431306 1.452948 0.139039 -0.990287 0.117576 0.993064 0.104721 41.888275 0.106678 0.240424 200.000000 0.240424 17.348804 6939.521435 -0.573768 17.582115 200.000000 17.582115 0.002878 1.151063 0.122941 2.461000 200.000000 2.461000 12.198706 4879.482370 0.643797 10.717831 200.000000 10.717831
 3.400000 -0.959062 0.283195 0.990857 0.134914 -1.283673 1.435470 0.283195 -0.959062 0.134914 0.990857 2.468434 987.373708 0.126082 -0.080213 200.000000 -0.080213 20.823264 8329.305767 -0.502737 23.817234 200.000000 23.817234 0.116782 46.712643 0.100740 2.796336 200.000000 2.796336 16.069428 6427.771019 0.589990 14.630652 200.000000 14.630652
 3.600000 -0.924369 0.381499 0.999541 0.030300 -1.179379 1.540492 0.381499 -0.924369 0.030300 0.999541 5.570194 2228.077721 0.145487 -0.549918 200.000000 -0.549918 24.271657 9708.662701 -0.431706 30.892020 200.000000 30.892020 0.232713 93.085188 0.078540 3.150700 200.000000 3.150700 21.470002 8588.000938 0.536184 19.150823 200.000000 19.150823
 3.800000 -0.922385 0.386272 0.996375 0.085069 -1.174210 1.485624 0.386272 -0.922385 0.085069 0.996375 4.900974 1960.389435 0.164891 -1.170591 200.000000 -1.170591 31.551719 12620.687604 -0.360676 38.707878 200.000000 38.707878 0.082539 33.015643 0.056340 3.539090 200.000000 3.539090 26.419442 10567.776698 0.482377 24.279353 200.000000 24.279353
 4.000000 -0.888701 0.458487 0.994011 0.109280 -1.094505 1.461298 0.458487 -0.888701 0.109280 0.994011 7.518118 3007.247342 0.184295 -2.004305 200.000000 -2.004305 35.886848 14354.739245 -0.289645 47.139241 200.000000 47.139241 0.564605 225.841926 0.034139 3.816057 200.000000 3.816057 31.972400 12788.960065 0.428570 30.064747 200.000000 30.064747
 4.200000 -0.801370 0.598169 0.998439 0.055860 -0.929581 1.514907 0.598169 -0.801370 0.055860 0.998439 15.560698 6224.279142 0.203699 -3.293607 200.000000 -3.293607 33.960392 13584.156851 -0.218614 55.586318 200.000000 55.586318 0.192909 77.163724 0.011939 3.972824 200.000000 3.972824 38.897162 15558.864648 0.374763 36.452808 200.000000 36.452808
 4.400000 -0.738507 0.674246 0.992741 -0.120268 -0.830854 1.691356 0.674246 -0.738507 -0.120268 0.992741 20.352968 8141.187190 0.223103 -4.859357 200.000000 -4.859357 34.919077 13967.630601 -0.147583 64.121435 200.000000 64.121435 1.210144 484.057485 -0.010261 4.090561 200.000000 4.090561 45.129607 18051.842807 0.320956 43.447260 200.000000 43.447260
 4.600000 -0.448661 0.893702 0.989188 -0.146652 -0.465266 1.717979 0.893702 -0.448661 -0.146652 0.989188 42.405502 16962.200968 0.242507 -7.070995 200.000000 -7.070995 13.846424 5538.569636 -0.076553 70.800418 200.000000 70.800418 1.303938 521.575391 -0.032462 3.643443 200.000000 3.643443 52.134087 20853.634755 0.267149 50.949751 200.000000 50.949751
 4.800000 -0.051887 0.998653 0.961855 -0.273561 -0.051910 1.847890 0.998653 -0.051887 -0.273561 0.961855 54.278825 21711.529872 0.261911 -9.704849 200.000000 -9.704849 0.214973 85.989208 -0.005522 75.060584 200.000000 75.060584 4.791695 1916.678127 -0.054662 3.026748 200.000000 3.026748 56.027127 22410.850757 0.213342 58.844732 200.000000 58.844732
 5.000000 0.033182 0.999449 0.972835 -0.231501 0.033188 1.804417 0.999449 0.033182 -0.231501 0.972835 51.571625 20628.650159 0.281315 -12.510365 200.000000 -12.510365 0.104500 41.799964 0.065509 76.349960 200.000000 76.349960 2.391321 956.528208 -0.076862 2.031046 200.000000 2.031046 66.145642 26458.256628 0.159535 67.115522 200.000000 67.115522
 5.200000 0.479775 0.877392 0.867803 -0.496908 0.500398 2.090828 0.877392 0.479775 -0.496908 0.867803 33.255066 13302.026329 0.300720 -15.103262 200.000000 -15.103262 11.781048 4712.419145 0.136540 74.064318 200.000000 74.064318 15.828082 6331.232765 -0.099062 0.874962 200.000000 0.874962 58.075893 23230.357121 0.105728 75.664832 200.000000 75.664832
 5.400000 0.617093 0.786890 0.630706 -0.776022 0.665043 2.459130 0.786890 0.617093 -0.776022 0.630706 21.787115 8714.845839 0.320124 -17.271930 200.000000 -17.271930 16.770865 6708.345962 0.207570 69.672132 200.000000 69.672132 42.870973 17148.389376 -0.121263 -1.462851 200.000000 -1.462851 33.499171 13399.668419 0.051921 83.013846 200.000000 83.013846
 5.600000 0.736682 0.676239 -0.292215 -0.956353 0.828151 -2.845051 0.676239 0.736682 -0.956353 -0.292215 11.337460 4534.983843 0.339528 -18.805109 200.000000 -18.805109 20.983818 8393.527220 0.278601 63.461661 200.000000 63.461661 66.078953 26431.581057 -0.143463 -4.904170 200.000000 -4.904170 8.429085 3371.634152 -0.001886 85.497465 200.000000 85.497465
 5.800000 0.715159 0.698962 -0.487033 -0.873384 0.796851 -2.632903 0.698962 0.715159 -0.873384 -0.487033 11.562053 4624.821334 0.358932 -20.121769 200.000000 -20.121769 13.360986 5344.394453 0.349632 57.681512 200.000000 57.681512 50.086774 20034.709694 -0.165663 -8.062073 200.000000 -8.062073 18.605442 7442.176624 -0.055693 80.490566 200.000000 80.490566
 6.000000 0.702684 0.711502 -0.547528 -0.836788 0.779163 -2.562186 0.711502 0.702684 -0.836788 -0.547528 11.099955 4439.981840 0.378336 -21.255509 200.000000 -21.255509 7.953610 3181.443955 0.420663 52.534512 200.000000 52.534512 42.110220 16844.087944 -0.187864 -11.373151 200.000000 -11.373151 19.186841 7674.736226 -0.109500 77.338878 200.000000 77.338878
 6.200000 0.776211 0.630474 -0.584005 -0.811750 0.888633 -2.517939 0.630474 0.776211 -0.811750 -0.584005 5.416485 2166.594094 0.397740 -22.205201 200.000000 -22.205201 8.095010 3238.003948 0.491693 48.070459 200.000000 48.070459 36.202635 14481.054133 -0.210064 -13.603651 200.000000 -13.603651 17.698678 7079.471133 -0.163307 71.239709 200.000000 71.239709
 6.400000 0.761765 0.647853 -0.647685 -0.761908 0.866033 -2.437050 0.647853 0.761765 -0.761908 -0.647685 5.322659 2129.063723 0.417144 -22.916032 200.000000 -22.916032 3.961735 1584.694019 0.562724 44.133269 200.000000 44.133269 28.052251 11220.900467 -0.232264 -16.107772 200.000000 -16.107772 18.539181 7415.672317 -0.217114 66.657213 200.000000 66.657213
 6.600000 0.806475 0.591268 -0.812488 -0.582978 0.938166 -2.193186 0.591268 0.806475 -0.582978 -0.812488 2.393827 957.530705 0.436548 -23.547208 200.000000 -23.547208 2.983219 1193.287478 0.633755 41.171476 200.000000 41.171476 10.792112 4316.844982 -0.254465 -17.676889 200.000000 -17.676889 29.329506 11731.802321 -0.270921 60.781216 200.000000 60.781216
 6.800000 0.839795 0.542904 -0.861111 -0.508418 0.996906 -2.104143 0.542904 0.839795 -0.508418 -0.861111 0.756048 302.419066 0.455953 -23.976992 200.000000 -23.976992 1.822754 729.101687 0.704786 38.901273 200.000000 38.901273 5.370936 2148.374562 -0.276665 -19.722153 200.000000 -19.722153 28.770672 11508.268978 -0.324728 56.781009 200.000000 56.781009
 7.000000 0.889619 0.456704 -0.742643 -0.669687 1.096510 -2.304584 0.456704 0.889619 -0.669687 -0.742643 0.034794 13.917563 0.475357 -24.253775 200.000000 -24.253775 1.295102 518.040891 0.775816 37.468391 200.000000 37.468391 13.750899 5500.359740 -0.298865 -20.972800 200.000000 -20.972800 13.257515 5303.005962 -0.378535 51.776015 200.000000 51.776015
 7.200000 0.862857 0.505449 -0.814708 -0.579872 1.040894 -2.189368 0.505449 0.862857 -0.579872 -0.814708 0.011423 4.569137 0.494761 -24.344399 200.000000 -24.344399 0.025631 10.252272 0.846847 36.776840 200.000000 36.776840 6.698077 2679.230785 -0.321066 -22.271780 200.000000 -22.271780 14.620388 5848.155376 -0.432341 47.567588 200.000000 47.567588
 7.400000 0.891000 0.454003 -0.744864 -0.667216 1.099544 -2.301261 0.454003 0.891000 -0.667216 -0.744864 0.211575 84.629811 0.500000 -24.378878 200.000000 -24.378878 0.062374 24.949763 0.866025 36.810914 200.000000 36.810914 10.494368 4197.747387 -0.343266 -23.242592 200.000000 -23.242592 6.693393 2677.357159 -0.486148 43.557669 200.000000 43.557669
 7.600000 0.875178 0.483801 -0.851409 -0.524503 1.065804 -2.122927 0.483801 0.875178 -0.524503 -0.851409 0.026241 10.496256 0.500000 -24.378878 200.000000 -24.378878 0.008377 3.350811 0.866025 36.810914 200.000000 36.810914 2.529265 1011.705956 -0.365466 -24.148466 200.000000 -24.148466 9.700322 3880.128902 -0.539955 40.205633 200.000000 40.205633
 7.800000 0.909051 0.416685 -0.808171 -0.588947 1.141001 -2.200552 0.416685 0.909051 -0.588947 -0.808171 0.694136 277.654532 0.500000 -24.378878 200.000000 -24.378878 0.185119 74.047624 0.866025 36.810914 200.000000 36.810914 4.051399 1620.559575 -0.387666 -24.899642 200.000000 -24.899642 4.597128 1838.851268 -0.593762 37.313994 200.000000 37.313994
 8.000000 0.842332 0.538959 -0.846551 -0.532308 1.001596 -2.132121 0.538959 0.842332 -0.532308 -0.846551 0.151780 60.711892 0.500000 -24.378878 200.000000 -24.378878 0.056137 22.454998 0.866025 36.810914 200.000000 36.810914 1.499180 599.672091 -0.409867 -25.375562 200.000000 -25.375562 3.959371 1583.748445 -0.647569 34.743927 200.000000 34.743927
 8.200000 0.885297 0.465026 -0.853235 -0.521527 1.087133 -2.119436 0.465026 0.885297 -0.521527 -0.853235 0.122319 48.927644 0.500000 -24.378878 200.000000 -24.378878 0.037140 14.855933 0.866025 36.810914 200.000000 36.810914 0.800312 320.124923 -0.432067 -25.900042 200.000000 -25.900042 2.306100 922.439812 -0.701376 32.951389 200.000000 32.951389
 8.400000 0.832221 0.554444 -0.859924 -0.510422 0.983102 -2.106472 0.554444 0.832221 -0.510422 -0.859924 0.296413 118.565331 0.500000 -24.378878 200.000000 -24.378878 0.114273 45.709152 0.866025 36.810914 200.000000 36.810914 0.315336 126.134217 -0.454267 -26.046266 200.000000 -26.046266 1.097065 438.826114 -0.755183 31.334354 200.000000 31.334354
 8.600000 0.864293 0.502988 -0.893343 -0.449376 1.043743 -2.036863 0.502988 0.864293 -0.449376 -0.893343 0.000893 0.357237 0.500000 -24.378878 200.000000 -24.378878 0.000300 0.120032 0.866025 36.810914 200.000000 36.810914 0.073398 29.359084 -0.476468 -26.239347 200.000000 -26.239347 0.711540 284.616073 -0.808990 30.511481 200.000000 30.511481
 8.800000 0.891432 0.453154 -0.866827 -0.498610 1.100497 -2.092791 0.453154 0.891432 -0.498610 -0.866827 0.219459 87.783528 0.500000 -24.378878 200.000000 -24.378878 0.064552 25.820755 0.866025 36.810914 200.000000 36.810914 0.000000 0.000136 -0.498668 -26.239010 200.000000 -26.239010 0.001624 0.649504 -0.862797 30.115107 200.000000 30.115107
 9.000000 0.844774 0.535123 -0.895735 -0.444588 1.006143 -2.031511 0.535123 0.844774 -0.444588 -0.895735 0.123362 49.344887 0.500000 -24.378878 200.000000 -24.378878 0.045161 18.064576 0.866025 36.810914 200.000000 36.810914 0.307048 122.819113 -0.500000 -26.238106 200.000000 -26.238106 0.088267 35.306702 -0.866025 30.112562 200.000000 30.112562
 9.200000 0.868849 0.495077 -0.873326 -0.487135 1.052873 -2.079603 0.495077 0.868849 -0.487135 -0.873326 0.002424 0.969448 0.500000 -24.378878 200.000000 -24.378878 0.000797 0.318935 0.866025 36.810914 200.000000 36.810914 0.016550 6.619828 -0.500000 -26.238106 200.000000 -26.238106 0.005330 2.132187 -0.866025 30.112562 200.000000 30.112562
 9.400000 0.856383 0.516342 -0.884275 -0.466967 1.028223 -2.056654 0.516342 0.856383 -0.466967 -0.884275 0.026705 10.681936 0.500000 -24.378878 200.000000 -24.378878 0.009298 3.719266 0.866025 36.810914 200.000000 36.810914 0.109117 43.646865 -0.500000 -26.238106 200.000000 -26.238106 0.033304 13.321448 -0.866025 30.112562 200.000000 30.112562
 9.600000 0.817175 0.576389 -0.876024 -0.482268 0.956493 -2.074038 0.576389 0.817175 -0.482268 -0.876024 0.583528 233.411319 0.500000 -24.378878 200.000000 -24.378878 0.238632 95.452774 0.866025 36.810914 200.000000 36.810914 0.031443 12.577083 -0.500000 -26.238106 200.000000 -26.238106 0.009997 3.998702 -0.866025 30.112562 200.000000 30.112562
 9.800000 0.898503 0.438967 -0.871503 -0.490390 1.116348 -2.083333 0.438967 0.898503 -0.490390 -0.871503 0.372502 149.000765 0.500000 -24.378878 200.000000 -24.378878 0.105480 42.192167 0.866025 36.810914 200.000000 36.810914 0.009236 3.694237 -0.500000 -26.238106 200.000000 -26.238106 0.003001 1.200254 -0.866025 30.112562 200.000000 30.112562
 10.000000 0.863893 0.503675 -0.882660 -0.470012 1.042949 -2.060100 0.503675 0.863893 -0.470012 -0.882660 0.001351 0.540291 0.500000 -24.378878 200.000000 -24.378878 0.000455 0.181871 0.866025 36.810914 200.000000 36.810914 0.089929 35.971678 -0.500000 -26.238106 200.000000 -26.238106 0.027671 11.068565 -0.866025 30.112562 200.000000 30.112562
 10.200000 0.856871 0.515532 -0.847422 -0.530920 1.029168 -2.130483 0.515532 0.856871 -0.530920 -0.847422 0.024123 9.649334 0.500000 -24.378878 200.000000 -24.378878 0.008381 3.352480 0.866025 36.810914 200.000000 36.810914 0.095606 38.242562 -0.500000 -26.238106 200.000000 -26.238106 0.034610 13.843813 -0.866025 30.112562 200.000000 30.112562
 10.400000 0.890775 0.454444 -0.839717 -0.543025 1.099048 -2.144831 0.454444 0.890775 -0.543025 -0.839717 0.207536 83.014297 0.500000 -24.378878 200.000000 -24.378878 0.061256 24.502404 0.866025 36.810914 200.000000 36.810914 0.185112 74.044728 -0.500000 -26.238106 200.000000 -26.238106 0.069214 27.685762 -0.866025 30.112562 200.000000 30.112562
 10.600000 0.856947 0.515404 -0.858076 -0.513522 1.029317 -2.110081 0.515404 0.856947 -0.513522 -0.858076 0.023728 9.491308 0.500000 -24.378878 200.000000 -24.378878 0.008241 3.296454 0.866025 36.810914 200.000000 36.810914 0.018285 7.314173 -0.500000 -26.238106 200.000000 -26.238106 0.006319 2.527587 -0.866025 30.112562 200.000000 30.112562
 10.800000 0.867412 0.497590 -0.831635 -0.555323 1.049978 -2.159548 0.497590 0.867412 -0.555323 -0.831635 0.000581 0.232270 0.500000 -24.378878 200.000000 -24.378878 0.000192 0.076927 0.866025 36.810914 200.000000 36.810914 0.306067 122.426820 -0.500000 -26.238106 200.000000 -26.238106 0.118273 47.309270 -0.866025 30.112562 200.000000 30.112562
 11.000000 0.818892 0.573948 -0.867674 -0.497133 0.959477 -2.091087 0.573948 0.818892 -0.497133 -0.867674 0.546835 218.734189 0.500000 -24.378878 200.000000 -24.378878 0.222160 88.864122 0.866025 36.810914 200.000000 36.810914 0.000822 0.328843 -0.500000 -26.238106 200.000000 -26.238106 0.000272 0.108779 -0.866025 30.112562 200.000000 30.112562
 11.200000 0.859692 0.510812 -0.849109 -0.528218 1.034667 -2.127296 0.510812 0.859692 -0.528218 -0.849109 0.011690 4.676136 0.500000 -24.378878 200.000000 -24.378878 0.004011 1.604311 0.866025 36.810914 200.000000 36.810914 0.079623 31.849185 -0.500000 -26.238106 200.000000 -26.238106 0.028616 11.446481 -0.866025 30.112562 200.000000 30.112562
 11.400000 0.882532 0.470253 -0.831818 -0.555049 1.081219 -2.159218 0.470253 0.882532 -0.555049 -0.831818 0.088490 35.395882 0.500000 -24.378878 200.000000 -24.378878 0.027246 10.898403 0.866025 36.810914 200.000000 36.810914 0.303035 121.214198 -0.500000 -26.238106 200.000000 -26.238106 0.117015 46.806188 -0.866025 30.112562 200.000000 30.112562
 11.600000 0.798538 0.601944 -0.853200 -0.521584 0.924863 -2.119502 0.601944 0.798538 -0.521584 -0.853200 1.039254 415.701630 0.500000 -24.378878 200.000000 -24.378878 0.455449 182.179587 0.866025 36.810914 200.000000 36.810914 0.046585 18.634034 -0.500000 -26.238106 200.000000 -26.238106 0.016449 6.579440 -0.866025 30.112562 200.000000 30.112562
 11.800000 0.892778 0.450497 -0.845808 -0.533487 1.103474 -2.133514 0.450497 0.892778 -0.533487 -0.845808 0.245052 98.020958 0.500000 -24.378878 200.000000 -24.378878 0.071569 28.627680 0.866025 36.810914 200.000000 36.810914 0.112136 44.854470 -0.500000 -26.238106 200.000000 -26.238106 0.040873 16.349043 -0.866025 30.112562 200.000000 30.112562
 12.000000 0.828086 0.560600 -0.852181 -0.523247 0.975686 -2.121453 0.560600 0.828086 -0.523247 -0.852181 0.367241 146.896458 0.500000 -24.378878 200.000000 -24.378878 0.143936 57.574577 0.866025 36.810914 200.000000 36.810914 0.054042 21.616686 -0.500000 -26.238106 200.000000 -26.238106 0.019166 7.666537 -0.866025 30.112562 200.000000 30.112562
 12.200000 0.796511 0.604624 -0.901724 -0.432313 0.921502 -2.017852 0.604624 0.796511 -0.432313 -0.901724 1.094621 437.848506 0.500000 -24.378878 200.000000 -24.378878 0.483226 193.290566 0.866025 36.810914 200.000000 36.810914 0.458155 183.261972 -0.500000 -26.238106 200.000000 -26.238106 0.127437 50.974675 -0.866025 30.112562 200.000000 30.112562
 12.400000 0.870518 0.492136 -0.836610 -0.547799 1.056254 -2.150527 0.492136 0.870518 -0.547799 -0.836610 0.006184 2.473574 0.500000 -24.378878 200.000000 -24.378878 0.002019 0.807414 0.866025 36.810914 200.000000 36.810914 0.228473 91.389139 -0.500000 -26.238106 200.000000 -26.238106 0.086526 34.610434 -0.866025 30.112562 200.000000 30.112562
 12.600000 0.802609 0.596506 -0.874886 -0.484330 0.931655 -2.076393 0.596506 0.802609 -0.484330 -0.874886 0.931344 372.537519 0.500000 -24.378878 200.000000 -24.378878 0.402170 160.868139 0.866025 36.810914 200.000000 36.810914 0.024556 9.822321 -0.500000 -26.238106 200.000000 -26.238106 0.007850 3.140091 -0.866025 30.112562 200.000000 30.112562
 12.800000 0.863383 0.504549 -0.861491 -0.507773 1.041937 -2.103394 0.504549 0.863383 -0.507773 -0.861491 0.002069 0.827641 0.500000 -24.378878 200.000000 -24.378878 0.000698 0.279247 0.866025 36.810914 200.000000 36.810914 0.006041 2.416529 -0.500000 -26.238106 200.000000 -26.238106 0.002056 0.822380 -0.866025 30.112562 200.000000 30.112562
 13.000000 0.882130 0.471006 -0.843494 -0.537138 1.080366 -2.137837 0.471006 0.882130 -0.537138 -0.843494 0.084065 33.626135 0.500000 -24.378878 200.000000 -24.378878 0.025936 10.374345 0.866025 36.810914 200.000000 36.810914 0.137927 55.170612 -0.500000 -26.238106 200.000000 -26.238106 0.050766 20.306411 -0.866025 30.112562 200.000000 30.112562
 13.200000 0.821708 0.569909 -0.909397 -0.415929 0.964401 -1.999761 0.569909 0.821708 -0.415929 -0.909397 0.488726 195.490374 0.500000 -24.378878 200.000000 -24.378878 0.196404 78.561793 0.866025 36.810914 200.000000 36.810914 0.706788 282.715264 -0.500000 -26.238106 200.000000 -26.238106 0.188109 75.243641 -0.866025 30.112562 200.000000 30.112562
 13.400000 0.866387 0.499374 -0.858224 -0.513275 1.047921 -2.109793 0.499374 0.866387 -0.513275 -0.858224 0.000039 0.015696 0.500000 -24.378878 200.000000 -24.378878 0.000013 0.005223 0.866025 36.810914 200.000000 36.810914 0.017624 7.049420 -0.500000 -26.238106 200.000000 -26.238106 0.006086 2.434491 -0.866025 30.112562 200.000000 30.112562
 13.600000 0.917582 0.397545 -0.891725 -0.452578 1.161956 -2.040451 0.397545 0.917582 -0.452578 -0.891725 1.049693 419.877250 0.500000 -24.378878 200.000000 -24.378878 0.265813 106.325270 0.866025 36.810914 200.000000 36.810914 0.224880 89.952003 -0.500000 -26.238106 200.000000 -26.238106 0.066045 26.417893 -0.866025 30.112562 200.000000 30.112562
 13.800000 0.800738 0.599015 -0.903352 -0.428899 0.928526 -2.014070 0.599015 0.800738 -0.428899 -0.903352 0.980399 392.159629 0.500000 -24.378878 200.000000 -24.378878 0.426248 170.499235 0.866025 36.810914 200.000000 36.810914 0.505531 202.212340 -0.500000 -26.238106 200.000000 -26.238106 0.139330 55.731898 -0.866025 30.112562 200.000000 30.112562
 14.000000 0.869637 0.493691 -0.842031 -0.539430 1.054467 -2.140556 0.493691 0.869637 -0.539430 -0.842031 0.003980 1.592181 0.500000 -24.378878 200.000000 -24.378878 0.001305 0.521872 0.866025 36.810914 200.000000 36.810914 0.155470 62.187983 -0.500000 -26.238106 200.000000 -26.238106 0.057575 23.029921 -0.866025 30.112562 200.000000 30.112562
 14.200000 0.811780 0.583964 -0.859896 -0.510469 0.947193 -2.106526 0.583964 0.811780 -0.510469 -0.859896 0.704993 281.997377 0.500000 -24.378878 200.000000 -24.378878 0.294260 117.704132 0.866025 36.810914 200.000000 36.810914 0.010960 4.383843 -0.500000 -26.238106 200.000000 -26.238106 0.003757 1.502653 -0.866025 30.112562 200.000000 30.112562
 14.400000 0.828962 0.559305 -0.822304 -0.569049 0.977250 -2.176145 0.559305 0.828962 -0.569049 -0.822304 0.351705 140.681836 0.500000 -24.378878 200.000000 -24.378878 0.137368 54.947354 0.866025 36.810914 200.000000 36.810914 0.476774 190.709642 -0.500000 -26.238106 200.000000 -26.238106 0.191158 76.463382 -0.866025 30.112562 200.000000 30.112562
 14.600000 0.881507 0.472171 -0.818711 -0.574205 1.079045 -2.182430 0.472171 0.881507 -0.574205 -0.818711 0.077448 30.979145 0.500000 -24.378878 200.000000 -24.378878 0.023969 9.587464 0.866025 36.810914 200.000000 36.810914 0.550644 220.257610 -0.500000 -26.238106 200.000000 -26.238106 0.223863 89.545035 -0.866025 30.112562 200.000000 30.112562
 14.800000 0.814539 0.580109 -0.840971 -0.541081 0.951934 -2.142518 0.580109 0.814539 -0.541081 -0.840971 0.641742 256.696905 0.500000 -24.378878 200.000000 -24.378878 0.265085 106.034048 0.866025 36.810914 200.000000 36.810914 0.168761 67.504587 -0.500000 -26.238106 200.000000 -26.238106 0.062774 25.109433 -0.866025 30.112562 200.000000 30.112562
 15.000000 0.817297 0.576216 -0.837686 -0.546152 0.956705 -2.148560 0.576216 0.817297 -0.546152 -0.837686 0.580888 232.355392 0.500000 -24.378878 200.000000 -24.378878 0.237442 94.976651 0.866025 36.810914 200.000000 36.810914 0.212998 85.199104 -0.500000 -26.238106 200.000000 -26.238106 0.080310 32.124185 -0.866025 30.112562 200.000000 30.112562
 15.200000 0.857892 0.513829 -0.865671 -0.500613 1.031154 -2.095103 0.513829 0.857892 -0.500613 -0.865671 0.019125 7.649975 0.500000 -24.378878 200.000000 -24.378878 0.006614 2.645797 0.866025 36.810914 200.000000 36.810914 0.000038 0.015048 -0.500000 -26.238106 200.000000 -26.238106 0.000013 0.005024 -0.866025 30.112562 200.000000 30.112562
 15.400000 0.877470 0.479632 -0.794280 -0.607552 1.070561 -2.223771 0.479632 0.877470 -0.607552 -0.794280 0.041485 16.594173 0.500000 -24.378878 200.000000 -24.378878 0.013097 5.238900 0.866025 36.810914 200.000000 36.810914 1.156747 462.698862 -0.500000 -26.238106 200.000000 -26.238106 0.514744 205.897457 -0.866025 30.112562 200.000000 30.112562
 15.600000 0.863035 0.505144 -0.869108 -0.494623 1.041247 -2.088197 0.505144 0.863035 -0.494623 -0.869108 0.002646 1.058467 0.500000 -24.378878 200.000000 -24.378878 0.000894 0.357696 0.866025 36.810914 200.000000 36.810914 0.002892 1.156611 -0.500000 -26.238106 200.000000 -26.238106 0.000950 0.380048 -0.866025 30.112562 200.000000 30.112562
 15.800000 0.882578 0.470166 -0.864885 -0.501970 1.081318 -2.096671 0.470166 0.882578 -0.501970 -0.864885 0.089009 35.603622 0.500000 -24.378878 200.000000 -24.378878 0.027400 10.959814 0.866025 36.810914 200.000000 36.810914 0.000388 0.155193 -0.500000 -26.238106 200.000000 -26.238106 0.000130 0.052004 -0.866025 30.112562 200.000000 30.112562
 16.000000 0.877954 0.478744 -0.873038 -0.487652 1.071573 -2.080194 0.478744 0.877954 -0.487652 -0.873038 0.045181 18.072309 0.500000 -24.378878 200.000000 -24.378878 0.014230 5.692056 0.866025 36.810914 200.000000 36.810914 0.015248 6.099040 -0.500000 -26.238106 200.000000 -26.238106 0.004918 1.967154 -0.866025 30.112562 200.000000 30.112562
 16.200000 0.828357 0.560200 -0.887866 -0.460102 0.976169 -2.048907 0.560200 0.828357 -0.460102 -0.887866 0.362406 144.962404 0.500000 -24.378878 200.000000 -24.378878 0.141889 56.755521 0.866025 36.810914 200.000000 36.810914 0.159184 63.673695 -0.500000 -26.238106 200.000000 -26.238106 0.047701 19.080488 -0.866025 30.112562 200.000000 30.112562
 16.400000 0.838726 0.544554 -0.898405 -0.439168 0.994939 -2.025469 0.544554 0.838726 -0.439168 -0.898405 0.198505 79.402066 0.500000 -24.378878 200.000000 -24.378878 0.074527 29.810653 0.866025 36.810914 200.000000 36.810914 0.370048 148.019171 -0.500000 -26.238106 200.000000 -26.238106 0.104842 41.936869 -0.866025 30.112562 200.000000 30.112562
 16.600000 0.858275 0.513190 -0.902465 -0.430763 1.031899 -2.016135 0.513190 0.858275 -0.430763 -0.902465 0.017398 6.959139 0.500000 -24.378878 200.000000 -24.378878 0.006007 2.402766 0.866025 36.810914 200.000000 36.810914 0.479372 191.748664 -0.500000 -26.238106 200.000000 -26.238106 0.132784 53.113570 -0.866025 30.112562 200.000000 30.112562
 16.800000 0.844268 0.535921 -0.871117 -0.491076 1.005198 -2.084121 0.535921 0.844268 -0.491076 -0.871117 0.129033 51.613356 0.500000 -24.378878 200.000000 -24.378878 0.047338 18.935393 0.866025 36.810914 200.000000 36.810914 0.007963 3.185260 -0.500000 -26.238106 200.000000 -26.238106 0.002592 1.036784 -0.866025 30.112562 200.000000 30.112562
 17.000000 0.810540 0.585683 -0.901043 -0.433730 0.945074 -2.019425 0.585683 0.810540 -0.433730 -0.901043 0.734157 293.662817 0.500000 -24.378878 200.000000 -24.378878 0.307860 123.144179 0.866025 36.810914 200.000000 36.810914 0.439170 175.667986 -0.500000 -26.238106 200.000000 -26.238106 0.122622 49.048835 -0.866025 30.112562 200.000000 30.112562
 17.200000 0.846516 0.532364 -0.873318 -0.487151 1.009406 -2.079621 0.532364 0.846516 -0.487151 -0.873318 0.104742 41.896608 0.500000 -24.378878 200.000000 -24.378878 0.038063 15.225179 0.866025 36.810914 200.000000 36.810914 0.016509 6.603654 -0.500000 -26.238106 200.000000 -26.238106 0.005318 2.127067 -0.866025 30.112562 200.000000 30.112562
 17.400000 0.847033 0.531540 -0.898567 -0.438836 1.010378 -2.025100 0.531540 0.847033 -0.438836 -0.898567 0.099479 39.791647 0.500000 -24.378878 200.000000 -24.378878 0.036071 14.428460 0.866025 36.810914 200.000000 36.810914 0.374100 149.639800 -0.500000 -26.238106 200.000000 -26.238106 0.105896 42.358256 -0.866025 30.112562 200.000000 30.112562
 17.600000 0.860865 0.508833 -0.910124 -0.414336 1.036968 -1.998009 0.508833 0.860865 -0.414336 -0.910124 0.007802 3.120642 0.500000 -24.378878 200.000000 -24.378878 0.002663 1.065007 0.866025 36.810914 200.000000 36.810914 0.733835 293.534066 -0.500000 -26.238106 200.000000 -26.238106 0.194469 77.787704 -0.866025 30.112562 200.000000 30.112562
 17.800000 0.859982 0.510325 -0.898349 -0.439283 1.035234 -2.025597 0.510325 0.859982 -0.439283 -0.898349 0.010660 4.264004 0.500000 -24.378878 200.000000 -24.378878 0.003653 1.461014 0.866025 36.810914 200.000000 36.810914 0.368656 147.462424 -0.500000 -26.238106 200.000000 -26.238106 0.104480 41.791972 -0.866025 30.112562 200.000000 30.112562
 18.000000 0.833422 0.552637 -0.909047 -0.416694 0.985272 -2.000602 0.552637 0.833422 -0.416694 -0.909047 0.277062 110.824991 0.500000 -24.378878 200.000000 -24.378878 0.106297 42.518620 0.866025 36.810914 200.000000 36.810914 0.693984 277.593720 -0.500000 -26.238106 200.000000 -26.238106 0.185083 74.033229 -0.866025 30.112562 200.000000 30.112562
 18.200000 0.884046 0.467400 -0.897943 -0.440112 1.084449 -2.026520 0.467400 0.884046 -0.440112 -0.897943 0.106278 42.511066 0.500000 -24.378878 200.000000 -24.378878 0.032474 12.989797 0.866025 36.810914 200.000000 36.810914 0.358653 143.461298 -0.500000 -26.238106 200.000000 -26.238106 0.101872 40.748609 -0.866025 30.112562 200.000000 30.112562
 18.400000 0.883939 0.467603 -0.839410 -0.543499 1.084220 -2.145396 0.467603 0.883939 -0.543499 -0.839410 0.104959 41.983559 0.500000 -24.378878 200.000000 -24.378878 0.032089 12.835566 0.866025 36.810914 200.000000 36.810914 0.189212 75.684940 -0.500000 -26.238106 200.000000 -26.238106 0.070837 28.334957 -0.866025 30.112562 200.000000 30.112562
 18.600000 0.852502 0.522723 -0.864024 -0.503451 1.020754 -2.098385 0.522723 0.852502 -0.503451 -0.864024 0.051634 20.653751 0.500000 -24.378878 200.000000 -24.378878 0.018287 7.314792 0.866025 36.810914 200.000000 36.810914 0.001191 0.476391 -0.500000 -26.238106 200.000000 -26.238106 0.000401 0.160265 -0.866025 30.112562 200.000000 30.112562
 18.800000 0.852850 0.522156 -0.838697 -0.544598 1.021419 -2.146706 0.522156 0.852850 -0.544598 -0.838697 0.049089 19.635648 0.500000 -24.378878 200.000000 -24.378878 0.017359 6.943699 0.866025 36.810914 200.000000 36.810914 0.198897 79.558609 -0.500000 -26.238106 200.000000 -26.238106 0.074682 29.872936 -0.866025 30.112562 200.000000 30.112562
 19.000000 0.879359 0.476159 -0.902858 -0.429940 1.074515 -2.015222 0.476159 0.879359 -0.429940 -0.902858 0.056839 22.735594 0.500000 -24.378878 200.000000 -24.378878 0.017779 7.111566 0.866025 36.810914 200.000000 36.810914 0.490844 196.337706 -0.500000 -26.238106 200.000000 -26.238106 0.135661 54.264411 -0.866025 30.112562 200.000000 30.112562
 19.200000 0.838954 0.544203 -0.825967 -0.563719 0.995358 -2.169678 0.544203 0.838954 -0.563719 -0.825967 0.195390 78.155859 0.500000 -24.378878 200.000000 -24.378878 0.073288 29.315226 0.866025 36.810914 200.000000 36.810914 0.406014 162.405421 -0.500000 -26.238106 200.000000 -26.238106 0.160472 64.188607 -0.866025 30.112562 200.000000 30.112562
 19.400000 0.872154 0.489231 -0.873036 -0.487655 1.059588 -2.080198 0.489231 0.872154 -0.487655 -0.873036 0.011596 4.638442 0.500000 -24.378878 200.000000 -24.378878 0.003756 1.502377 0.866025 36.810914 200.000000 36.810914 0.015239 6.095608 -0.500000 -26.238106 200.000000 -26.238106 0.004915 1.966065 -0.866025 30.112562 200.000000 30.112562
 19.600000 0.828844 0.559480 -0.767660 -0.640857 0.977038 -2.266411 0.559480 0.828844 -0.640857 -0.767660 0.353787 141.514667 0.500000 -24.378878 200.000000 -24.378878 0.138247 55.298652 0.866025 36.810914 200.000000 36.810914 1.984074 793.629698 -0.500000 -26.238106 200.000000 -26.238106 0.967573 387.029022 -0.866025 30.112562 200.000000 30.112562
 19.800000 0.856169 0.516695 -0.894584 -0.446900 1.027810 -2.034094 0.516695 0.856169 -0.446900 -0.894584 0.027873 11.149242 0.500000 -24.378878 200.000000 -24.378878 0.009714 3.885638 0.866025 36.810914 200.000000 36.810914 0.281958 112.783252 -0.500000 -26.238106 200.000000 -26.238106 0.081558 32.623246 -0.866025 30.112562 200.000000 30.112562
 20.000000 0.830579 0.556901 -0.819248 -0.573440 0.980146 -2.181495 0.556901 0.830579 -0.573440 -0.819248 0.323775 129.510112 0.500000 -24.378878 200.000000 -24.378878 0.125647 50.258726 0.866025 36.810914 200.000000 36.810914 0.539341 215.736209 -0.500000 -26.238106 200.000000 -26.238106 0.218815 87.526157 -0.866025 30.112562 200.000000 30.112562
