#! FIELDS time sin_phi cos_phi sin_psi cos_psi phi psi cos_phi sin_phi cos_psi sin_psi restraint_phi_cos.bias restraint_phi_cos.force2 restraint_phi_cos.cos_phi_cntr restraint_phi_cos.cos_phi_work restraint_phi_cos.cos_phi_kappa restraint_phi_cos.work restraint_phi_sin.bias restraint_phi_sin.force2 restraint_phi_sin.sin_phi_cntr restraint_phi_sin.sin_phi_work restraint_phi_sin.sin_phi_kappa restraint_phi_sin.work restraint_psi_cos.bias restraint_psi_cos.force2 restraint_psi_cos.cos_psi_cntr restraint_psi_cos.cos_psi_work restraint_psi_cos.cos_psi_kappa restraint_psi_cos.work restraint_psi_sin.bias restraint_psi_sin.force2 restraint_psi_sin.sin_psi_cntr restraint_psi_sin.sin_psi_work restraint_psi_sin.sin_psi_kappa restraint_psi_sin.work
#! SET min_phi -pi
#! SET max_phi pi
#! SET min_psi -pi
#! SET max_psi pi
 0.000000 -0.999983 -0.005782 0.966116 0.258110 -1.576579 1.309731 -0.005782 -0.999983 0.258110 0.966116 0.000000 0.000000 -0.009747 0.000000 0.000000 0.000000 0.000000 0.000000 -0.999953 0.000000 0.000000 0.000000 0.000000 0.000000 0.256142 0.000000 0.000000 0.000000 0.000000 0.000000 0.966639 0.000000 0.000000 0.000000
 0.200000 -1.000000 -0.000266 0.834656 0.550772 -1.571062 0.987508 -0.000266 -1.000000 0.550772 0.834656 0.000899 0.035955 -0.009747 0.429321 20.000000 0.429321 0.000000 0.000001 -0.999953 0.008204 20.000000 0.008204 0.868065 34.722587 0.256142 0.437497 20.000000 0.437497 0.174196 6.967822 0.966639 0.079186 20.000000 0.079186
 0.400000 -0.998237 0.059346 0.982967 0.183784 -1.511415 1.385962 0.059346 -0.998237 0.183784 0.982967 0.095476 7.638063 -0.009747 0.576152 40.000000 0.576152 0.000059 0.004706 -0.999953 0.009175 40.000000 0.009175 0.104715 8.377184 0.256142 0.652623 40.000000 0.652623 0.005332 0.426545 0.966639 0.103853 40.000000 0.103853
 0.600000 -0.997905 0.064694 0.969726 0.244195 -1.506057 1.324107 0.064694 -0.997905 0.244195 0.969726 0.166241 19.948918 -0.009747 0.652738 60.000000 0.652738 0.000126 0.015090 -0.999953 0.009549 60.000000 0.009549 0.004282 0.513884 0.256142 0.812950 60.000000 0.812950 0.000286 0.034310 0.966639 0.126978 60.000000 0.126978
 0.800000 -0.999998 0.001900 0.948099 0.317977 -1.568897 1.247202 0.001900 -0.999998 0.317977 0.948099 0.005425 0.868058 -0.009747 0.745436 80.000000 0.745436 0.000000 0.000013 -0.999953 0.009931 80.000000 0.009931 0.152938 24.470136 0.256142 0.870390 80.000000 0.870390 0.013750 2.199994 0.966639 0.131256 80.000000 0.131256
 1.000000 -0.997907 -0.064664 0.983714 0.179740 -1.635505 1.390074 -0.064664 -0.997907 0.179740 0.983714 0.150795 30.158950 -0.009747 0.830200 100.000000 0.830200 0.000209 0.041836 -0.999953 0.010215 100.000000 0.010215 0.291866 58.373296 0.256142 0.906285 100.000000 0.906285 0.014578 2.915589 0.966639 0.133900 100.000000 0.133900
 1.200000 -0.998632 0.052283 0.985233 0.171221 -1.518489 1.398728 0.052283 -0.998632 0.171221 0.985233 0.230861 55.406593 -0.009747 0.926076 120.000000 0.926076 0.000105 0.025098 -0.999953 0.010632 120.000000 0.010632 0.432703 103.848639 0.256142 0.992002 120.000000 0.992002 0.020743 4.978426 0.966639 0.141239 120.000000 0.141239
 1.400000 -0.999099 0.042450 0.979951 0.199238 -1.528334 1.370216 0.042450 -0.999099 0.199238 0.979951 0.190711 53.399045 -0.009747 0.960891 140.000000 0.960891 0.000051 0.014291 -0.999953 0.010712 140.000000 0.010712 0.226664 63.465860 0.256142 1.092922 140.000000 1.092922 0.012405 3.473287 0.966639 0.149514 140.000000 0.149514
 1.600000 -0.999952 0.009788 0.961509 0.274775 -1.561008 1.292441 0.009788 -0.999952 0.274775 0.961509 0.030528 9.768983 -0.009747 1.007034 160.000000 1.007034 0.000000 0.000000 -0.999953 0.010844 160.000000 0.010844 0.027774 8.887593 0.256142 1.162404 160.000000 1.162404 0.002106 0.673841 0.966639 0.156247 160.000000 0.156247
 1.800000 -0.999822 -0.018890 0.970255 0.242087 -1.589688 1.326281 -0.018890 -0.999822 0.242087 0.970255 0.007525 2.709001 -0.009747 1.052059 180.000000 1.052059 0.000002 0.000556 -0.999953 0.010933 180.000000 0.010933 0.017781 6.401157 0.256142 1.193843 180.000000 1.193843 0.001177 0.423550 0.966639 0.158902 180.000000 0.158902
 2.000000 -0.987244 0.159215 0.942677 0.333708 -1.410901 1.230562 0.159215 -0.987244 0.333708 0.942677 2.854784 1141.913410 -0.009747 1.082091 200.000000 1.082091 0.016151 6.460231 -0.999953 0.011014 200.000000 0.011014 0.601639 240.655703 0.256142 1.219996 200.000000 1.219996 0.057420 22.968050 0.966639 0.161398 200.000000 0.161398
 2.200000 -0.983675 0.179956 0.881979 0.471289 -1.389854 1.080044 0.179956 -0.983675 0.471289 0.881979 0.884835 353.933967 0.085891 0.770628 200.000000 0.770628 0.007831 3.132279 -0.974825 0.056550 200.000000 0.056550 2.509281 1003.712353 0.312882 1.062510 200.000000 1.062510 0.011941 4.776294 0.892906 0.469081 200.000000 0.469081
 2.400000 -0.979119 0.203290 0.873269 0.487238 -1.366080 1.061872 0.203290 -0.979119 0.487238 0.873269 0.047356 18.942577 0.181528 0.450995 200.000000 0.450995 0.086555 34.622026 -0.949698 0.183022 200.000000 0.183022 1.383364 553.345468 0.369622 0.732193 200.000000 0.732193 0.292637 117.054700 0.819173 1.478735 200.000000 1.478735
 2.600000 -0.992046 0.125880 0.820128 0.572181 -1.444582 0.961634 0.125880 -0.992046 0.572181 0.820128 2.288734 915.493529 0.277165 0.510236 200.000000 0.510236 0.455276 182.110331 -0.924571 0.359218 200.000000 0.359218 2.126325 850.530187 0.426362 0.029815 200.000000 0.029815 0.557820 223.127932 0.745440 2.972506 200.000000 2.972506
 2.800000 -0.957390 0.288797 0.819754 0.572715 -1.277826 0.960982 0.288797 -0.957390 0.572715 0.819754 0.705693 282.277359 0.372802 0.782346 200.000000 0.782346 0.335774 134.309667 -0.899444 0.540120 200.000000 0.540120 0.803067 321.226835 0.483101 -0.830505 200.000000 -0.830505 2.191796 876.718351 0.671707 4.977888 200.000000 4.977888
 3.000000 -0.899801 0.436300 0.713964 0.700183 -1.119314 0.795143 0.436300 -0.899801 0.700183 0.713964 0.103297 41.318996 0.468440 1.057448 200.000000 1.057448 0.064944 25.977455 -0.874317 0.668806 200.000000 0.668806 2.570942 1028.376896 0.539841 -2.181772 200.000000 -2.181772 1.345359 538.143602 0.597974 7.014832 200.000000 7.014832
 3.200000 -0.907221 0.420653 0.650430 0.759566 -1.136631 0.708150 0.420653 -0.907221 0.759566 0.650430 0.629589 251.835614 0.500000 1.252291 200.000000 1.252291 0.169711 67.884564 -0.866025 0.701709 200.000000 0.701709 2.656428 1062.571018 0.596581 -3.771330 200.000000 -3.771330 1.592360 636.943805 0.524241 9.023954 200.000000 9.023954
 3.400000 -0.905419 0.424519 0.490756 0.871297 -1.132365 0.512957 0.424519 -0.905419 0.871297 0.490756 0.569734 227.893780 0.500000 1.252291 200.000000 1.252291 0.155185 62.073949 -0.866025 0.701709 200.000000 0.701709 4.751380 1900.552103 0.653320 -5.605020 200.000000 -5.605020 0.161988 64.795319 0.450508 10.854584 200.000000 10.854584
 3.600000 -0.899621 0.436672 0.387014 0.922074 -1.118900 0.397391 0.436672 -0.899621 0.922074 0.387014 0.401044 160.417603 0.500000 1.252291 200.000000 1.252291 0.112865 45.146043 -0.866025 0.701709 200.000000 0.701709 4.494989 1797.995573 0.710060 -7.469204 200.000000 -7.469204 0.010482 4.192906 0.376775 12.498443 200.000000 12.498443
 3.800000 -0.870743 0.491738 0.440941 0.897536 -1.056712 0.456647 0.491738 -0.870743 0.897536 0.440941 0.006826 2.730382 0.500000 1.252291 200.000000 1.252291 0.002226 0.890294 -0.866025 0.701709 200.000000 0.701709 1.709195 683.678015 0.766800 -9.311300 200.000000 -9.311300 1.901608 760.643049 0.303042 13.804010 200.000000 13.804010
 4.000000 -0.861323 0.508058 0.351802 0.936074 -1.037868 0.359496 0.508058 -0.861323 0.936074 0.351802 0.006493 2.597144 0.500000 1.252291 200.000000 1.252291 0.002211 0.884519 -0.866025 0.701709 200.000000 0.701709 1.266408 506.563144 0.823539 -11.001582 200.000000 -11.001582 1.500451 600.180507 0.229309 14.671154 200.000000 14.671154
 4.200000 -0.850232 0.526408 0.111808 0.993730 -1.016426 0.112043 0.526408 -0.850232 0.993730 0.111808 0.069739 27.895633 0.500000 1.252291 200.000000 1.252291 0.024943 9.977266 -0.866025 0.701709 200.000000 0.701709 1.287103 514.841380 0.880279 -12.373762 200.000000 -12.373762 0.191566 76.626230 0.155577 15.093762 200.000000 15.093762
 4.400000 -0.820606 0.571494 0.008464 0.999964 -0.962471 0.008464 0.571494 -0.820606 0.999964 0.008464 0.511143 204.457274 0.500000 1.252291 200.000000 1.252291 0.206292 82.516707 -0.866025 0.701709 200.000000 0.701709 0.396211 158.484221 0.937019 -13.283462 200.000000 -13.283462 0.538454 215.381629 0.081844 15.362709 200.000000 15.362709
 4.600000 -0.903431 0.428733 0.011210 0.999937 -1.127706 0.011211 0.428733 -0.903431 0.999937 0.011210 0.507893 203.157149 0.500000 1.252291 200.000000 1.252291 0.139918 55.967315 -0.866025 0.701709 200.000000 0.701709 0.003817 1.526970 0.993759 -13.622969 200.000000 -13.622969 0.000961 0.384312 0.008111 15.656153 200.000000 15.656153
 4.800000 -0.870533 0.492110 0.134313 0.990939 -1.056284 0.134720 0.492110 -0.870533 0.990939 0.134313 0.006225 2.489841 0.500000 1.252291 200.000000 1.252291 0.002032 0.812668 -0.866025 0.701709 200.000000 0.701709 0.008210 3.284121 1.000000 -13.624789 200.000000 -13.624789 1.804004 721.601677 0.000000 15.650080 200.000000 15.650080
 5.000000 -0.848159 0.529742 0.053248 0.998581 -1.012500 0.053273 0.529742 -0.848159 0.998581 0.053248 0.088459 35.383539 0.500000 1.252291 200.000000 1.252291 0.031921 12.768596 -0.866025 0.701709 200.000000 0.701709 0.000201 0.080505 1.000000 -13.624789 200.000000 -13.624789 0.283533 113.413329 0.000000 15.650080 200.000000 15.650080
 5.200000 -0.884964 0.465659 -0.020976 0.999780 -1.086418 -0.020978 0.465659 -0.884964 0.999780 -0.020976 0.117932 47.172950 0.500000 1.252291 200.000000 1.252291 0.035868 14.347398 -0.866025 0.701709 200.000000 0.701709 0.000005 0.001936 1.000000 -13.624789 200.000000 -13.624789 0.044000 17.599890 0.000000 15.650080 200.000000 15.650080
 5.400000 -0.899685 0.436540 0.067350 0.997729 -1.119047 0.067401 0.436540 -0.899685 0.997729 0.067350 0.402722 161.088843 0.500000 1.252291 200.000000 1.252291 0.113297 45.318841 -0.866025 0.701709 200.000000 0.701709 0.000516 0.206226 1.000000 -13.624789 200.000000 -13.624789 0.453605 181.442163 0.000000 15.650080 200.000000 15.650080
 5.600000 -0.910689 0.413093 0.030947 0.999521 -1.144949 0.030952 0.413093 -0.910689 0.999521 0.030947 0.755285 302.114059 0.500000 1.252291 200.000000 1.252291 0.199483 79.793153 -0.866025 0.701709 200.000000 0.701709 0.000023 0.009177 1.000000 -13.624789 200.000000 -13.624789 0.095772 38.308644 0.000000 15.650080 200.000000 15.650080
 5.800000 -0.858991 0.511992 -0.090381 0.995907 -1.033295 -0.090504 0.511992 -0.858991 0.995907 -0.090381 0.014380 5.751846 0.500000 1.252291 200.000000 1.252291 0.004949 1.979588 -0.866025 0.701709 200.000000 0.701709 0.001675 0.670019 1.000000 -13.624789 200.000000 -13.624789 0.816872 326.748656 0.000000 15.650080 200.000000 15.650080
 6.000000 -0.858301 0.513147 0.026497 0.999649 -1.031949 0.026500 0.513147 -0.858301 0.999649 0.026497 0.017283 6.913325 0.500000 1.252291 200.000000 1.252291 0.005967 2.386671 -0.866025 0.701709 200.000000 0.701709 0.000012 0.004931 1.000000 -13.624789 200.000000 -13.624789 0.070210 28.084143 0.000000 15.650080 200.000000 15.650080
 6.200000 -0.901917 0.431909 -0.008549 0.999963 -1.124188 -0.008549 0.431909 -0.901917 0.999963 -0.008549 0.463632 185.452862 0.500000 1.252291 200.000000 1.252291 0.128820 51.528176 -0.866025 0.701709 200.000000 0.701709 0.000000 0.000053 1.000000 -13.624789 200.000000 -13.624789 0.007308 2.923363 0.000000 15.650080 200.000000 15.650080
 6.400000 -0.862425 0.506185 0.111345 0.993782 -1.040041 0.111577 0.506185 -0.862425 0.993782 0.111345 0.003826 1.530203 0.500000 1.252291 200.000000 1.252291 0.001296 0.518551 -0.866025 0.701709 200.000000 0.701709 0.003867 1.546654 1.000000 -13.624789 200.000000 -13.624789 1.239779 495.911464 0.000000 15.650080 200.000000 15.650080
 6.600000 -0.847934 0.530101 0.061799 0.998089 -1.012076 0.061838 0.530101 -0.847934 0.998089 0.061799 0.090610 36.243939 0.500000 1.252291 200.000000 1.252291 0.032729 13.091645 -0.866025 0.701709 200.000000 0.701709 0.000365 0.146131 1.000000 -13.624789 200.000000 -13.624789 0.381906 152.762385 0.000000 15.650080 200.000000 15.650080
 6.800000 -0.900962 0.433898 -0.022223 0.999753 -1.121982 -0.022224 0.433898 -0.900962 0.999753 -0.022223 0.436949 174.779529 0.500000 1.252291 200.000000 1.252291 0.122057 48.822771 -0.866025 0.701709 200.000000 0.701709 0.000006 0.002439 1.000000 -13.624789 200.000000 -13.624789 0.049384 19.753718 0.000000 15.650080 200.000000 15.650080
 7.000000 -0.879820 0.475306 -0.009556 0.999954 -1.075484 -0.009556 0.475306 -0.879820 0.999954 -0.009556 0.060978 24.391228 0.500000 1.252291 200.000000 1.252291 0.019030 7.612090 -0.866025 0.701709 200.000000 0.701709 0.000000 0.000083 1.000000 -13.624789 200.000000 -13.624789 0.009132 3.652895 0.000000 15.650080 200.000000 15.650080
 7.200000 -0.899850 0.436199 0.024922 0.999689 -1.119426 0.024924 0.436199 -0.899850 0.999689 0.024922 0.407051 162.820308 0.500000 1.252291 200.000000 1.252291 0.114410 45.764133 -0.866025 0.701709 200.000000 0.701709 0.000010 0.003859 1.000000 -13.624789 200.000000 -13.624789 0.062109 24.843678 0.000000 15.650080 200.000000 15.650080
 7.400000 -0.851956 0.523614 -0.028965 0.999580 -1.019709 -0.028969 0.523614 -0.851956 0.999580 -0.028965 0.055760 22.304107 0.500000 1.252291 200.000000 1.252291 0.019795 7.918084 -0.866025 0.701709 200.000000 0.701709 0.000018 0.007041 1.000000 -13.624789 200.000000 -13.624789 0.083895 33.558035 0.000000 15.650080 200.000000 15.650080
 7.600000 -0.846181 0.532896 -0.043470 0.999055 -1.008777 -0.043484 0.532896 -0.846181 0.999055 -0.043470 0.108215 43.285873 0.500000 1.252291 200.000000 1.252291 0.039381 15.752420 -0.866025 0.701709 200.000000 0.701709 0.000089 0.035743 1.000000 -13.624789 200.000000 -13.624789 0.188968 75.587204 0.000000 15.650080 200.000000 15.650080
 7.800000 -0.918261 0.395976 -0.055478 0.998460 -1.163666 -0.055507 0.395976 -0.918261 0.998460 -0.055478 1.082102 432.840880 0.500000 1.252291 200.000000 1.252291 0.272855 109.141971 -0.866025 0.701709 200.000000 0.701709 0.000237 0.094877 1.000000 -13.624789 200.000000 -13.624789 0.307784 123.113504 0.000000 15.650080 200.000000 15.650080
 8.000000 -0.879107 0.476625 -0.079318 0.996849 -1.073985 -0.079402 0.476625 -0.879107 0.996849 -0.079318 0.054640 21.856146 0.500000 1.252291 200.000000 1.252291 0.017112 6.844982 -0.866025 0.701709 200.000000 0.701709 0.000993 0.397070 1.000000 -13.624789 200.000000 -13.624789 0.629142 251.656830 0.000000 15.650080 200.000000 15.650080
 8.200000 -0.893383 0.449295 0.027131 0.999632 -1.104820 0.027134 0.449295 -0.893383 0.999632 0.027131 0.257098 102.839126 0.500000 1.252291 200.000000 1.252291 0.074846 29.938320 -0.866025 0.701709 200.000000 0.701709 0.000014 0.005420 1.000000 -13.624789 200.000000 -13.624789 0.073609 29.443728 0.000000 15.650080 200.000000 15.650080
 8.400000 -0.877677 0.479253 -0.036326 0.999340 -1.070993 -0.036334 0.479253 -0.877677 0.999340 -0.036326 0.043044 17.217763 0.500000 1.252291 200.000000 1.252291 0.013576 5.430274 -0.866025 0.701709 200.000000 0.701709 0.000044 0.017425 1.000000 -13.624789 200.000000 -13.624789 0.131959 52.783470 0.000000 15.650080 200.000000 15.650080
 8.600000 -0.872047 0.489423 0.030157 0.999545 -1.059369 0.030161 0.489423 -0.872047 0.999545 0.030157 0.011188 4.475080 0.500000 1.252291 200.000000 1.252291 0.003626 1.450204 -0.866025 0.701709 200.000000 0.701709 0.000021 0.008274 1.000000 -13.624789 200.000000 -13.624789 0.090941 36.376593 0.000000 15.650080 200.000000 15.650080
 8.800000 -0.843552 0.537047 0.098286 0.995158 -1.003863 0.098445 0.537047 -0.843552 0.995158 0.098286 0.137252 54.900683 0.500000 1.252291 200.000000 1.252291 0.050505 20.202146 -0.866025 0.701709 200.000000 0.701709 0.002344 0.937716 1.000000 -13.624789 200.000000 -13.624789 0.966013 386.405131 0.000000 15.650080 200.000000 15.650080
 9.000000 -0.900028 0.435832 0.055696 0.998448 -1.119834 0.055725 0.435832 -0.900028 0.998448 0.055696 0.411757 164.702614 0.500000 1.252291 200.000000 1.252291 0.115619 46.247503 -0.866025 0.701709 200.000000 0.701709 0.000241 0.096378 1.000000 -13.624789 200.000000 -13.624789 0.310208 124.083113 0.000000 15.650080 200.000000 15.650080
 9.200000 -0.893331 0.449398 -0.027577 0.999620 -1.104705 -0.027580 0.449398 -0.893331 0.999620 -0.027577 0.256053 102.421246 0.500000 1.252291 200.000000 1.252291 0.074562 29.824905 -0.866025 0.701709 200.000000 0.701709 0.000014 0.005786 1.000000 -13.624789 200.000000 -13.624789 0.076049 30.419504 0.000000 15.650080 200.000000 15.650080
 9.400000 -0.891433 0.453152 0.056346 0.998411 -1.100498 0.056376 0.453152 -0.891433 0.998411 0.056346 0.219474 87.789419 0.500000 1.252291 200.000000 1.252291 0.064556 25.822379 -0.866025 0.701709 200.000000 0.701709 0.000252 0.100960 1.000000 -13.624789 200.000000 -13.624789 0.317489 126.995656 0.000000 15.650080 200.000000 15.650080
 9.600000 -0.882223 0.470831 0.041903 0.999122 -1.080564 0.041915 0.470831 -0.882223 0.999122 0.041903 0.085083 34.033147 0.500000 1.252291 200.000000 1.252291 0.026238 10.495012 -0.866025 0.701709 200.000000 0.701709 0.000077 0.030857 1.000000 -13.624789 200.000000 -13.624789 0.175585 70.234100 0.000000 15.650080 200.000000 15.650080
 9.800000 -0.918041 0.396485 0.040159 0.999193 -1.163112 0.040170 0.396485 -0.918041 0.999193 0.040159 1.071544 428.617433 0.500000 1.252291 200.000000 1.252291 0.270566 108.226422 -0.866025 0.701709 200.000000 0.701709 0.000065 0.026031 1.000000 -13.624789 200.000000 -13.624789 0.161278 64.511042 0.000000 15.650080 200.000000 15.650080
 10.000000 -0.906135 0.422989 0.020224 0.999795 -1.134054 0.020225 0.422989 -0.906135 0.999795 0.020224 0.593063 237.225198 0.500000 1.252291 200.000000 1.252291 0.160875 64.349976 -0.866025 0.701709 200.000000 0.701709 0.000004 0.001673 1.000000 -13.624789 200.000000 -13.624789 0.040901 16.360451 0.000000 15.650080 200.000000 15.650080
 10.200000 -0.910281 0.413990 -0.093904 0.995581 -1.143963 -0.094043 0.413990 -0.910281 0.995581 -0.093904 0.739764 295.905591 0.500000 1.252291 200.000000 1.252291 0.195858 78.343079 -0.866025 0.701709 200.000000 0.701709 0.001953 0.781018 1.000000 -13.624789 200.000000 -13.624789 0.881800 352.719821 0.000000 15.650080 200.000000 15.650080
 10.400000 -0.839115 0.543954 -0.106769 0.994284 -0.995655 -0.106973 0.543954 -0.839115 0.994284 -0.106769 0.193192 77.276715 0.500000 1.252291 200.000000 1.252291 0.072415 28.966138 -0.866025 0.701709 200.000000 0.701709 0.003267 1.306991 1.000000 -13.624789 200.000000 -13.624789 1.139970 455.987804 0.000000 15.650080 200.000000 15.650080
 10.600000 -0.848824 0.528676 -0.072751 0.997350 -1.013756 -0.072815 0.528676 -0.848824 0.997350 -0.072751 0.082232 32.892660 0.500000 1.252291 200.000000 1.252291 0.029590 11.835986 -0.866025 0.701709 200.000000 0.701709 0.000702 0.280873 1.000000 -13.624789 200.000000 -13.624789 0.529272 211.708816 0.000000 15.650080 200.000000 15.650080
 10.800000 -0.888691 0.458507 0.069912 0.997553 -1.094482 0.069969 0.458507 -0.888691 0.997553 0.069912 0.172167 68.866781 0.500000 1.252291 200.000000 1.252291 0.051372 20.548806 -0.866025 0.701709 200.000000 0.701709 0.000599 0.239480 1.000000 -13.624789 200.000000 -13.624789 0.488769 195.507481 0.000000 15.650080 200.000000 15.650080
 11.000000 -0.889285 0.457354 0.056277 0.998415 -1.095779 0.056306 0.457354 -0.889285 0.998415 0.056277 0.181868 72.747257 0.500000 1.252291 200.000000 1.252291 0.054100 21.639839 -0.866025 0.701709 200.000000 0.701709 0.000251 0.100462 1.000000 -13.624789 200.000000 -13.624789 0.316707 126.682764 0.000000 15.650080 200.000000 15.650080
 11.200000 -0.886323 0.463067 0.085636 0.996326 -1.089344 0.085741 0.463067 -0.886323 0.996326 0.085636 0.136406 54.562382 0.500000 1.252291 200.000000 1.252291 0.041201 16.480298 -0.866025 0.701709 200.000000 0.701709 0.001349 0.539798 1.000000 -13.624789 200.000000 -13.624789 0.733360 293.343877 0.000000 15.650080 200.000000 15.650080
 11.400000 -0.850441 0.526071 0.171738 0.985143 -1.016822 0.172594 0.526071 -0.850441 0.985143 0.171738 0.067969 27.187628 0.500000 1.252291 200.000000 1.252291 0.024288 9.715285 -0.866025 0.701709 200.000000 0.701709 0.022074 8.829647 1.000000 -13.624789 200.000000 -13.624789 2.949398 1179.759229 0.000000 15.650080 200.000000 15.650080
 11.600000 -0.894717 0.446633 0.161709 0.986838 -1.107798 0.162422 0.446633 -0.894717 0.986838 0.161709 0.284808 113.923392 0.500000 1.252291 200.000000 1.252291 0.082324 32.929406 -0.866025 0.701709 200.000000 0.701709 0.017323 6.929058 1.000000 -13.624789 200.000000 -13.624789 2.614988 1045.995125 0.000000 15.650080 200.000000 15.650080
 11.800000 -0.901177 0.433450 0.097733 0.995213 -1.122478 0.097890 0.433450 -0.901177 0.995213 0.097733 0.442887 177.154747 0.500000 1.252291 200.000000 1.252291 0.123567 49.426780 -0.866025 0.701709 200.000000 0.701709 0.002292 0.916750 1.000000 -13.624789 200.000000 -13.624789 0.955179 382.071483 0.000000 15.650080 200.000000 15.650080
 12.000000 -0.908727 0.417390 0.080982 0.996716 -1.140225 0.081071 0.417390 -0.908727 0.996716 0.080982 0.682436 272.974226 0.500000 1.252291 200.000000 1.252291 0.182345 72.938072 -0.866025 0.701709 200.000000 0.701709 0.001079 0.431506 1.000000 -13.624789 200.000000 -13.624789 0.655813 262.325073 0.000000 15.650080 200.000000 15.650080
 12.200000 -0.873378 0.487043 0.075731 0.997128 -1.062096 0.075804 0.487043 -0.873378 0.997128 0.075731 0.016789 6.715404 0.500000 1.252291 200.000000 1.252291 0.005406 2.162438 -0.866025 0.701709 200.000000 0.701709 0.000825 0.329872 1.000000 -13.624789 200.000000 -13.624789 0.573520 229.408192 0.000000 15.650080 200.000000 15.650080
 12.400000 -0.931184 0.364550 -0.017847 0.999841 -1.197647 -0.017848 0.364550 -0.931184 0.999841 -0.017847 1.834680 733.871951 0.500000 1.252291 200.000000 1.252291 0.424564 169.825468 -0.866025 0.701709 200.000000 0.701709 0.000003 0.001015 1.000000 -13.624789 200.000000 -13.624789 0.031852 12.740889 0.000000 15.650080 200.000000 15.650080
 12.600000 -0.903883 0.427779 0.001725 0.999999 -1.128762 0.001725 0.427779 -0.903883 0.999999 0.001725 0.521589 208.635724 0.500000 1.252291 200.000000 1.252291 0.143323 57.329193 -0.866025 0.701709 200.000000 0.701709 0.000000 0.000000 1.000000 -13.624789 200.000000 -13.624789 0.000298 0.119090 0.000000 15.650080 200.000000 15.650080
 12.800000 -0.910659 0.413160 -0.020619 0.999787 -1.144875 -0.020621 0.413160 -0.910659 0.999787 -0.020619 0.754121 301.648478 0.500000 1.252291 200.000000 1.252291 0.199212 79.684602 -0.866025 0.701709 200.000000 0.701709 0.000005 0.001808 1.000000 -13.624789 200.000000 -13.624789 0.042515 17.006069 0.000000 15.650080 200.000000 15.650080
 13.000000 -0.871635 0.490155 0.027501 0.999622 -1.058529 0.027504 0.490155 -0.871635 0.999622 0.027501 0.009692 3.876968 0.500000 1.252291 200.000000 1.252291 0.003147 1.258834 -0.866025 0.701709 200.000000 0.701709 0.000014 0.005722 1.000000 -13.624789 200.000000 -13.624789 0.075630 30.252035 0.000000 15.650080 200.000000 15.650080
 13.200000 -0.885750 0.464163 0.034608 0.999401 -1.088107 0.034615 0.464163 -0.885750 0.999401 0.034608 0.128428 51.371377 0.500000 1.252291 200.000000 1.252291 0.038905 15.562003 -0.866025 0.701709 200.000000 0.701709 0.000036 0.014354 1.000000 -13.624789 200.000000 -13.624789 0.119772 47.908822 0.000000 15.650080 200.000000 15.650080
 13.400000 -0.912319 0.409479 0.071045 0.997473 -1.148913 0.071105 0.409479 -0.912319 0.997473 0.071045 0.819397 327.758790 0.500000 1.252291 200.000000 1.252291 0.214313 85.725143 -0.866025 0.701709 200.000000 0.701709 0.000639 0.255414 1.000000 -13.624789 200.000000 -13.624789 0.504746 201.898509 0.000000 15.650080 200.000000 15.650080
 13.600000 -0.894542 0.446984 0.051803 0.998657 -1.107405 0.051826 0.446984 -0.894542 0.998657 0.051803 0.281067 112.426785 0.500000 1.252291 200.000000 1.252291 0.081319 32.527454 -0.866025 0.701709 200.000000 0.701709 0.000180 0.072110 1.000000 -13.624789 200.000000 -13.624789 0.268352 107.340973 0.000000 15.650080 200.000000 15.650080
 13.800000 -0.913423 0.407011 0.059375 0.998236 -1.151617 0.059410 0.407011 -0.913423 0.998236 0.059375 0.864695 345.877860 0.500000 1.252291 200.000000 1.252291 0.224655 89.862189 -0.866025 0.701709 200.000000 0.701709 0.000311 0.124502 1.000000 -13.624789 200.000000 -13.624789 0.352537 141.014604 0.000000 15.650080 200.000000 15.650080
 14.000000 -0.850157 0.526529 0.095416 0.995438 -1.016284 0.095561 0.526529 -0.850157 0.995438 0.095416 0.070376 28.150497 0.500000 1.252291 200.000000 1.252291 0.025179 10.071658 -0.866025 0.701709 200.000000 0.701709 0.002082 0.832645 1.000000 -13.624789 200.000000 -13.624789 0.910412 364.164953 0.000000 15.650080 200.000000 15.650080
 14.200000 -0.832564 0.553929 0.050407 0.998729 -0.983721 0.050428 0.553929 -0.832564 0.998729 0.050407 0.290831 116.332334 0.500000 1.252291 200.000000 1.252291 0.111966 44.786391 -0.866025 0.701709 200.000000 0.701709 0.000162 0.064640 1.000000 -13.624789 200.000000 -13.624789 0.254082 101.632799 0.000000 15.650080 200.000000 15.650080
 14.400000 -0.886600 0.462537 -0.026646 0.999645 -1.089942 -0.026649 0.462537 -0.886600 0.999645 -0.026646 0.140349 56.139627 0.500000 1.252291 200.000000 1.252291 0.042332 16.932690 -0.866025 0.701709 200.000000 0.701709 0.000013 0.005043 1.000000 -13.624789 200.000000 -13.624789 0.071001 28.400340 0.000000 15.650080 200.000000 15.650080
 14.600000 -0.874259 0.485459 -0.040771 0.999169 -1.063908 -0.040782 0.485459 -0.874259 0.999169 -0.040771 0.021144 8.457652 0.500000 1.252291 200.000000 1.252291 0.006780 2.711979 -0.866025 0.701709 200.000000 0.701709 0.000069 0.027653 1.000000 -13.624789 200.000000 -13.624789 0.166224 66.489708 0.000000 15.650080 200.000000 15.650080
 14.800000 -0.889845 0.456264 -0.074514 0.997220 -1.097005 -0.074583 0.456264 -0.889845 0.997220 -0.074514 0.191287 76.514837 0.500000 1.252291 200.000000 1.252291 0.056736 22.694268 -0.866025 0.701709 200.000000 0.701709 0.000773 0.309140 1.000000 -13.624789 200.000000 -13.624789 0.555231 222.092399 0.000000 15.650080 200.000000 15.650080
 15.000000 -0.876712 0.481015 0.015656 0.999877 -1.068984 0.015656 0.481015 -0.876712 0.999877 0.015656 0.036044 14.417443 0.500000 1.252291 200.000000 1.252291 0.011421 4.568517 -0.866025 0.701709 200.000000 0.701709 0.000002 0.000601 1.000000 -13.624789 200.000000 -13.624789 0.024510 9.804058 0.000000 15.650080 200.000000 15.650080
 15.200000 -0.849711 0.527249 0.034723 0.999397 -1.015437 0.034730 0.527249 -0.849711 0.999397 0.034723 0.074250 29.700125 0.500000 1.252291 200.000000 1.252291 0.026616 10.646542 -0.866025 0.701709 200.000000 0.701709 0.000036 0.014545 1.000000 -13.624789 200.000000 -13.624789 0.120566 48.226369 0.000000 15.650080 200.000000 15.650080
 15.400000 -0.894876 0.446315 0.020795 0.999784 -1.108154 0.020797 0.446315 -0.894876 0.999784 0.020795 0.288212 115.284729 0.500000 1.252291 200.000000 1.252291 0.083236 33.294521 -0.866025 0.701709 200.000000 0.701709 0.000005 0.001870 1.000000 -13.624789 200.000000 -13.624789 0.043244 17.297766 0.000000 15.650080 200.000000 15.650080
 15.600000 -0.885126 0.465351 0.032179 0.999482 -1.086765 0.032184 0.465351 -0.885126 0.999482 0.032179 0.120053 48.021389 0.500000 1.252291 200.000000 1.252291 0.036484 14.593452 -0.866025 0.701709 200.000000 0.701709 0.000027 0.010728 1.000000 -13.624789 200.000000 -13.624789 0.103547 41.418958 0.000000 15.650080 200.000000 15.650080
 15.800000 -0.881795 0.471633 0.020060 0.999799 -1.079655 0.020062 0.471633 -0.881795 0.999799 0.020060 0.080470 32.188120 0.500000 1.252291 200.000000 1.252291 0.024868 9.947323 -0.866025 0.701709 200.000000 0.701709 0.000004 0.001620 1.000000 -13.624789 200.000000 -13.624789 0.040242 16.096677 0.000000 15.650080 200.000000 15.650080
 16.000000 -0.872871 0.487951 0.031478 0.999504 -1.061055 0.031483 0.487951 -0.872871 0.999504 0.031478 0.014517 5.806837 0.500000 1.252291 200.000000 1.252291 0.004686 1.874405 -0.866025 0.701709 200.000000 0.701709 0.000025 0.009823 1.000000 -13.624789 200.000000 -13.624789 0.099085 39.633929 0.000000 15.650080 200.000000 15.650080
 16.200000 -0.840666 0.541554 -0.015065 0.999887 -0.998512 -0.015066 0.541554 -0.840666 0.999887 -0.015065 0.172671 69.068389 0.500000 1.252291 200.000000 1.252291 0.064309 25.723649 -0.866025 0.701709 200.000000 0.701709 0.000001 0.000515 1.000000 -13.624789 200.000000 -13.624789 0.022697 9.078753 0.000000 15.650080 200.000000 15.650080
 16.400000 -0.866341 0.499453 -0.047218 0.998885 -1.047829 -0.047236 0.499453 -0.866341 0.998885 -0.047218 0.000030 0.011956 0.500000 1.252291 200.000000 1.252291 0.000010 0.003980 -0.866025 0.701709 200.000000 0.701709 0.000124 0.049764 1.000000 -13.624789 200.000000 -13.624789 0.222955 89.181904 0.000000 15.650080 200.000000 15.650080
 16.600000 -0.858290 0.513165 -0.037423 0.999300 -1.031929 -0.037431 0.513165 -0.858290 0.999300 -0.037423 0.017331 6.932245 0.500000 1.252291 200.000000 1.252291 0.005983 2.393318 -0.866025 0.701709 200.000000 0.701709 0.000049 0.019626 1.000000 -13.624789 200.000000 -13.624789 0.140045 56.018120 0.000000 15.650080 200.000000 15.650080
 16.800000 -0.879985 0.475001 -0.006231 0.999981 -1.075831 -0.006231 0.475001 -0.879985 0.999981 -0.006231 0.062494 24.997701 0.500000 1.252291 200.000000 1.252291 0.019488 7.795008 -0.866025 0.701709 200.000000 0.701709 0.000000 0.000015 1.000000 -13.624789 200.000000 -13.624789 0.003882 1.552866 0.000000 15.650080 200.000000 15.650080
 17.000000 -0.869586 0.493781 0.026841 0.999640 -1.054364 0.026844 0.493781 -0.869586 0.999640 0.026841 0.003868 1.547018 0.500000 1.252291 200.000000 1.252291 0.001268 0.507191 -0.866025 0.701709 200.000000 0.701709 0.000013 0.005192 1.000000 -13.624789 200.000000 -13.624789 0.072042 28.816923 0.000000 15.650080 200.000000 15.650080
 17.200000 -0.884044 0.467404 -0.008969 0.999960 -1.084444 -0.008969 0.467404 -0.884044 0.999960 -0.008969 0.106248 42.499057 0.500000 1.252291 200.000000 1.252291 0.032466 12.986287 -0.866025 0.701709 200.000000 0.701709 0.000000 0.000065 1.000000 -13.624789 200.000000 -13.624789 0.008044 3.217694 0.000000 15.650080 200.000000 15.650080
 17.400000 -0.894713 0.446642 0.028744 0.999587 -1.107788 0.028748 0.446642 -0.894713 0.999587 0.028744 0.284709 113.883518 0.500000 1.252291 200.000000 1.252291 0.082297 32.918704 -0.866025 0.701709 200.000000 0.701709 0.000017 0.006829 1.000000 -13.624789 200.000000 -13.624789 0.082621 33.048420 0.000000 15.650080 200.000000 15.650080
 17.600000 -0.858462 0.512877 0.156989 0.987600 -1.032263 0.157641 0.512877 -0.858462 0.987600 0.156989 0.016582 6.632948 0.500000 1.252291 200.000000 1.252291 0.005721 2.288233 -0.866025 0.701709 200.000000 0.701709 0.015375 6.150021 1.000000 -13.624789 200.000000 -13.624789 2.464549 985.819428 0.000000 15.650080 200.000000 15.650080
 17.800000 -0.871435 0.490511 0.109044 0.994037 -1.058121 0.109261 0.490511 -0.871435 0.994037 0.109044 0.009005 3.601816 0.500000 1.252291 200.000000 1.252291 0.002927 1.170604 -0.866025 0.701709 200.000000 0.701709 0.003556 1.422311 1.000000 -13.624789 200.000000 -13.624789 1.189051 475.620394 0.000000 15.650080 200.000000 15.650080
 18.000000 -0.836169 0.548472 0.058898 0.998264 -0.990260 0.058932 0.548472 -0.836169 0.998264 0.058898 0.234958 93.983162 0.500000 1.252291 200.000000 1.252291 0.089143 35.657097 -0.866025 0.701709 200.000000 0.701709 0.000301 0.120549 1.000000 -13.624789 200.000000 -13.624789 0.346901 138.760233 0.000000 15.650080 200.000000 15.650080
 18.200000 -0.890756 0.454482 0.004167 0.999991 -1.099006 0.004167 0.454482 -0.890756 0.999991 0.004167 0.207189 82.875579 0.500000 1.252291 200.000000 1.252291 0.061160 24.463953 -0.866025 0.701709 200.000000 0.701709 0.000000 0.000003 1.000000 -13.624789 200.000000 -13.624789 0.001736 0.694522 0.000000 15.650080 200.000000 15.650080
 18.400000 -0.883835 0.467798 -0.025416 0.999677 -1.083998 -0.025419 0.467798 -0.883835 0.999677 -0.025416 0.103696 41.478375 0.500000 1.252291 200.000000 1.252291 0.031719 12.687742 -0.866025 0.701709 200.000000 0.701709 0.000010 0.004174 1.000000 -13.624789 200.000000 -13.624789 0.064599 25.839578 0.000000 15.650080 200.000000 15.650080
 18.600000 -0.862123 0.506699 -0.054663 0.998505 -1.039445 -0.054690 0.506699 -0.862123 0.998505 -0.054663 0.004488 1.795093 0.500000 1.252291 200.000000 1.252291 0.001523 0.609150 -0.866025 0.701709 200.000000 0.701709 0.000224 0.089417 1.000000 -13.624789 200.000000 -13.624789 0.298803 119.521159 0.000000 15.650080 200.000000 15.650080
 18.800000 -0.865708 0.500549 -0.105709 0.994397 -1.046564 -0.105907 0.500549 -0.865708 0.994397 -0.105709 0.000030 0.012045 0.500000 1.252291 200.000000 1.252291 0.000010 0.004021 -0.866025 0.701709 200.000000 0.701709 0.003139 1.255719 1.000000 -13.624789 200.000000 -13.624789 1.117449 446.979697 0.000000 15.650080 200.000000 15.650080
 19.000000 -0.858590 0.512662 -0.003240 0.999995 -1.032514 -0.003240 0.512662 -0.858590 0.999995 -0.003240 0.016033 6.413161 0.500000 1.252291 200.000000 1.252291 0.005528 2.211141 -0.866025 0.701709 200.000000 0.701709 0.000000 0.000001 1.000000 -13.624789 200.000000 -13.624789 0.001050 0.419877 0.000000 15.650080 200.000000 15.650080
 19.200000 -0.861759 0.507317 0.047612 0.998866 -1.038727 0.047630 0.507317 -0.861759 0.998866 0.047612 0.005354 2.141786 0.500000 1.252291 200.000000 1.252291 0.001820 0.727997 -0.866025 0.701709 200.000000 0.701709 0.000129 0.051447 1.000000 -13.624789 200.000000 -13.624789 0.226692 90.676621 0.000000 15.650080 200.000000 15.650080
 19.400000 -0.854617 0.519260 0.034031 0.999421 -1.024812 0.034038 0.519260 -0.854617 0.999421 0.034031 0.037093 14.837148 0.500000 1.252291 200.000000 1.252291 0.013016 5.206417 -0.866025 0.701709 200.000000 0.701709 0.000034 0.013420 1.000000 -13.624789 200.000000 -13.624789 0.115812 46.324615 0.000000 15.650080 200.000000 15.650080
 19.600000 -0.828909 0.559384 0.012585 0.999921 -0.977154 0.012585 0.559384 -0.828909 0.999921 0.012585 0.352647 141.058997 0.500000 1.252291 200.000000 1.252291 0.137766 55.106415 -0.866025 0.701709 200.000000 0.701709 0.000001 0.000251 1.000000 -13.624789 200.000000 -13.624789 0.015838 6.335069 0.000000 15.650080 200.000000 15.650080
 19.800000 -0.898679 0.438606 -0.044148 0.999025 -1.116749 -0.044162 0.438606 -0.898679 0.999025 -0.044148 0.376919 150.767570 0.500000 1.252291 200.000000 1.252291 0.106628 42.651150 -0.866025 0.701709 200.000000 0.701709 0.000095 0.038024 1.000000 -13.624789 200.000000 -13.624789 0.194903 77.961091 0.000000 15.650080 200.000000 15.650080
 20.000000 -0.910525 0.413454 0.071262 0.997458 -1.144553 0.071322 0.413454 -0.910525 0.997458 0.071262 0.749029 299.611691 0.500000 1.252291 200.000000 1.252291 0.198023 79.209358 -0.866025 0.701709 200.000000 0.701709 0.000646 0.258543 1.000000 -13.624789 200.000000 -13.624789 0.507824 203.129792 0.000000 15.650080 200.000000 15.650080
