#! FIELDS time sin_phi cos_phi sin_psi cos_psi phi psi cos_phi sin_phi cos_psi sin_psi restraint_phi_cos.bias restraint_phi_cos.force2 restraint_phi_cos.cos_phi_cntr restraint_phi_cos.cos_phi_work restraint_phi_cos.cos_phi_kappa restraint_phi_cos.work restraint_phi_sin.bias restraint_phi_sin.force2 restraint_phi_sin.sin_phi_cntr restraint_phi_sin.sin_phi_work restraint_phi_sin.sin_phi_kappa restraint_phi_sin.work restraint_psi_cos.bias restraint_psi_cos.force2 restraint_psi_cos.cos_psi_cntr restraint_psi_cos.cos_psi_work restraint_psi_cos.cos_psi_kappa restraint_psi_cos.work restraint_psi_sin.bias restraint_psi_sin.force2 restraint_psi_sin.sin_psi_cntr restraint_psi_sin.sin_psi_work restraint_psi_sin.sin_psi_kappa restraint_psi_sin.work
#! SET min_phi -pi
#! SET max_phi pi
#! SET min_psi -pi
#! SET max_psi pi
 0.000000 -0.999983 -0.005782 0.966116 0.258110 -1.576579 1.309731 -0.005782 -0.999983 0.258110 0.966116 0.000000 0.000000 -0.009747 0.000000 0.000000 0.000000 0.000000 0.000000 -0.999953 0.000000 0.000000 0.000000 0.000000 0.000000 0.256142 0.000000 0.000000 0.000000 0.000000 0.000000 0.966639 0.000000 0.000000 0.000000
 0.200000 -1.000000 -0.000264 0.834655 0.550773 -1.571061 0.987507 -0.000264 -1.000000 0.550773 0.834655 0.000899 0.035966 -0.009747 0.429324 20.000000 0.429324 0.000000 0.000001 -0.999953 0.008204 20.000000 0.008204 0.868070 34.722782 0.256142 0.437493 20.000000 0.437493 0.174197 6.967880 0.966639 0.079185 20.000000 0.079185
 0.400000 -0.998238 0.059342 0.982965 0.183795 -1.511420 1.385951 0.059342 -0.998238 0.183795 0.982965 0.095463 7.637058 -0.009747 0.576154 40.000000 0.576154 0.000059 0.004705 -0.999953 0.009175 40.000000 0.009175 0.104684 8.374688 0.256142 0.652618 40.000000 0.652618 0.005330 0.426439 0.966639 0.103852 40.000000 0.103852
 0.600000 -0.997904 0.064707 0.969723 0.244208 -1.506044 1.324093 0.064707 -0.997904 0.244208 0.969723 0.166301 19.956128 -0.009747 0.652736 60.000000 0.652736 0.000126 0.015103 -0.999953 0.009549 60.000000 0.009549 0.004273 0.512732 0.256142 0.812939 60.000000 0.812939 0.000285 0.034235 0.966639 0.126976 60.000000 0.126976
 0.800000 -0.999998 0.001900 0.948100 0.317973 -1.568897 1.247205 0.001900 -0.999998 0.317973 0.948100 0.005425 0.868039 -0.009747 0.745437 80.000000 0.745437 0.000000 0.000013 -0.999953 0.009931 80.000000 0.009931 0.152921 24.467429 0.256142 0.870379 80.000000 0.870379 0.013748 2.199722 0.966639 0.131253 80.000000 0.131253
 1.000000 -0.997909 -0.064641 0.983718 0.179719 -1.635483 1.390096 -0.064641 -0.997909 0.179719 0.983718 0.150672 30.134477 -0.009747 0.830210 100.000000 0.830210 0.000209 0.041777 -0.999953 0.010215 100.000000 0.010215 0.292028 58.405667 0.256142 0.906275 100.000000 0.906275 0.014585 2.916910 0.966639 0.133897 100.000000 0.133897
 1.200000 -0.998636 0.052207 0.985239 0.171186 -1.518566 1.398763 0.052207 -0.998636 0.171186 0.985239 0.230294 55.270595 -0.009747 0.926077 120.000000 0.926077 0.000104 0.024947 -0.999953 0.010632 120.000000 0.010632 0.433057 103.933787 0.256142 0.991984 120.000000 0.991984 0.020757 4.981665 0.966639 0.141235 120.000000 0.141235
 1.400000 -0.999101 0.042382 0.979960 0.199194 -1.528402 1.370261 0.042382 -0.999101 0.199194 0.979960 0.190214 53.259857 -0.009747 0.960908 140.000000 0.960908 0.000051 0.014194 -0.999953 0.010712 140.000000 0.010712 0.227021 63.565762 0.256142 1.092899 140.000000 1.092899 0.012422 3.478038 0.966639 0.149507 140.000000 0.149507
 1.600000 -0.999952 0.009768 0.961488 0.274846 -1.561028 1.292366 0.009768 -0.999952 0.274846 0.961488 0.030466 9.748973 -0.009747 1.006979 160.000000 1.006979 0.000000 0.000000 -0.999953 0.010844 160.000000 0.010844 0.027987 8.955922 0.256142 1.162342 160.000000 1.162342 0.002123 0.679219 0.966639 0.156234 160.000000 0.156234
 1.800000 -0.999841 -0.017854 0.970382 0.241575 -1.588651 1.326807 -0.017854 -0.999841 0.241575 0.970382 0.005915 2.129495 -0.009747 1.052323 180.000000 1.052323 0.000001 0.000406 -0.999953 0.010933 180.000000 0.010933 0.019098 6.875227 0.256142 1.193817 180.000000 1.193817 0.001261 0.453925 0.966639 0.158885 180.000000 0.158885
 2.000000 -0.986844 0.161678 0.941597 0.336743 -1.408406 1.227341 0.161678 -0.986844 0.336743 0.941597 2.938627 1175.450891 -0.009747 1.082490 200.000000 1.082490 0.017184 6.873721 -0.999953 0.011018 200.000000 0.011018 0.649644 259.857531 0.256142 1.220700 200.000000 1.220700 0.062712 25.084911 0.966639 0.161468 200.000000 0.161468
 2.200000 -0.999771 -0.021383 0.961943 0.273251 -1.592181 1.294026 -0.021383 -0.999771 0.273251 0.961943 0.779747 311.898898 -0.109687 1.516277 200.000000 1.516277 0.008197 3.278601 -0.990718 0.011022 200.000000 0.011022 1.354132 541.652942 0.156884 1.333627 200.000000 1.333627 0.007907 3.162874 0.970835 0.156380 200.000000 0.156380
 2.400000 -0.992223 -0.124472 0.986846 0.161666 -1.695592 1.408418 -0.124472 -0.992223 0.161666 0.986846 0.241831 96.732379 -0.173648 1.820957 200.000000 1.820957 0.005499 2.199517 -0.984808 0.015054 200.000000 0.015054 1.082451 432.980579 0.057625 1.452173 200.000000 1.452173 0.013958 5.583304 0.975031 0.141282 200.000000 0.141282
 2.600000 -0.969270 -0.245998 0.986885 0.161427 -1.819346 1.408660 -0.245998 -0.969270 0.161427 0.986885 0.523453 209.381183 -0.173648 1.820957 200.000000 1.820957 0.024141 9.656525 -0.984808 0.015054 200.000000 0.015054 4.123382 1649.352602 -0.041634 1.556251 200.000000 1.556251 0.005864 2.345532 0.979227 0.124455 200.000000 0.124455
 2.800000 -0.974233 -0.225545 0.995986 -0.089511 -1.798299 1.660427 -0.225545 -0.974233 -0.089511 0.995986 0.269329 107.731500 -0.173648 1.820957 200.000000 1.820957 0.011183 4.473241 -0.984808 0.015054 200.000000 0.015054 0.264013 105.605050 -0.140893 1.467999 200.000000 1.467999 0.015782 6.312953 0.983423 0.114832 200.000000 0.114832
 3.000000 -0.989421 -0.145076 0.998696 -0.051057 -1.716386 1.621876 -0.145076 -0.989421 -0.051057 0.998696 0.081637 32.654963 -0.173648 1.820957 200.000000 1.820957 0.002128 0.851107 -0.984808 0.015054 200.000000 0.015054 1.502860 601.143896 -0.173648 1.700188 200.000000 1.700188 0.019288 7.715048 0.984808 0.113218 200.000000 0.113218
 3.200000 -0.987341 -0.158612 0.982714 -0.185131 -1.730081 1.757001 -0.158612 -0.987341 -0.185131 0.982714 0.022607 9.042984 -0.173648 1.820957 200.000000 1.820957 0.000642 0.256679 -0.984808 0.015054 200.000000 0.015054 0.013185 5.274172 -0.173648 1.700188 200.000000 1.700188 0.000438 0.175376 0.984808 0.113218 200.000000 0.113218
 3.400000 -0.982542 -0.186040 0.996213 -0.086945 -1.757926 1.657851 -0.186040 -0.982542 -0.086945 0.996213 0.015355 6.141988 -0.173648 1.820957 200.000000 1.820957 0.000513 0.205304 -0.984808 0.015054 200.000000 0.015054 0.751744 300.697673 -0.173648 1.700188 200.000000 1.700188 0.013008 5.203290 0.984808 0.113218 200.000000 0.113218
 3.600000 -0.978799 -0.204822 0.992020 -0.126077 -1.777078 1.697210 -0.204822 -0.978799 -0.126077 0.992020 0.097178 38.871121 -0.173648 1.820957 200.000000 1.820957 0.003610 1.444043 -0.984808 0.015054 200.000000 0.015054 0.226301 90.520529 -0.173648 1.700188 200.000000 1.700188 0.005202 2.080922 0.984808 0.113218 200.000000 0.113218
 3.800000 -0.986278 -0.165094 0.988566 -0.150786 -1.736650 1.722159 -0.165094 -0.986278 -0.150786 0.988566 0.007317 2.926768 -0.173648 1.820957 200.000000 1.820957 0.000216 0.086440 -0.984808 0.015054 200.000000 0.015054 0.052269 20.907492 -0.173648 1.700188 200.000000 1.700188 0.001413 0.565114 0.984808 0.113218 200.000000 0.113218
 4.000000 -0.992164 -0.124945 0.983282 -0.182092 -1.696069 1.753910 -0.124945 -0.992164 -0.182092 0.983282 0.237197 94.878604 -0.173648 1.820957 200.000000 1.820957 0.005411 2.164354 -0.984808 0.015054 200.000000 0.015054 0.007129 2.851726 -0.173648 1.700188 200.000000 1.700188 0.000233 0.093172 0.984808 0.113218 200.000000 0.113218
 4.200000 -0.985134 -0.171790 0.986340 -0.164720 -1.743443 1.736270 -0.171790 -0.985134 -0.164720 0.986340 0.000345 0.138079 -0.173648 1.820957 200.000000 1.820957 0.000011 0.004246 -0.984808 0.015054 200.000000 0.015054 0.007972 3.188825 -0.173648 1.700188 200.000000 1.700188 0.000235 0.093966 0.984808 0.113218 200.000000 0.113218
 4.400000 -0.977821 -0.209443 0.983392 -0.181494 -1.781802 1.753302 -0.209443 -0.977821 -0.181494 0.983392 0.128128 51.251266 -0.173648 1.820957 200.000000 1.820957 0.004882 1.952689 -0.984808 0.015054 200.000000 0.015054 0.006156 2.462321 -0.173648 1.700188 200.000000 1.700188 0.000200 0.080170 0.984808 0.113218 200.000000 0.113218
 4.600000 -0.982605 -0.185708 0.974730 -0.223387 -1.757589 1.796084 -0.185708 -0.982605 -0.223387 0.974730 0.014544 5.817619 -0.173648 1.820957 200.000000 1.820957 0.000485 0.194091 -0.984808 0.015054 200.000000 0.015054 0.247396 98.958582 -0.173648 1.700188 200.000000 1.700188 0.010157 4.062605 0.984808 0.113218 200.000000 0.113218
 4.800000 -0.990754 -0.135668 0.986985 -0.160810 -1.706884 1.732307 -0.135668 -0.990754 -0.160810 0.986985 0.144253 57.701025 -0.173648 1.820957 200.000000 1.820957 0.003536 1.414511 -0.984808 0.015054 200.000000 0.015054 0.016483 6.593166 -0.173648 1.700188 200.000000 1.700188 0.000474 0.189694 0.984808 0.113218 200.000000 0.113218
 5.000000 -0.992426 -0.122846 0.973052 -0.230584 -1.693953 1.803474 -0.122846 -0.992426 -0.230584 0.973052 0.258088 103.235303 -0.173648 1.820957 200.000000 1.820957 0.005803 2.321368 -0.984808 0.015054 200.000000 0.015054 0.324169 129.667409 -0.173648 1.700188 200.000000 1.700188 0.013819 5.527506 0.984808 0.113218 200.000000 0.113218
 5.200000 -0.977792 -0.209577 0.969363 -0.245635 -1.781938 1.818971 -0.209577 -0.977792 -0.245635 0.969363 0.129085 51.633803 -0.173648 1.820957 200.000000 1.820957 0.004922 1.968691 -0.984808 0.015054 200.000000 0.015054 0.518203 207.281366 -0.173648 1.700188 200.000000 1.700188 0.023856 9.542218 0.984808 0.113218 200.000000 0.113218
 5.400000 -0.994150 -0.108007 0.972926 -0.231117 -1.679015 1.804022 -0.108007 -0.994150 -0.231117 0.972926 0.430871 172.348262 -0.173648 1.820957 200.000000 1.820957 0.008728 3.491167 -0.984808 0.015054 200.000000 0.015054 0.330268 132.107259 -0.173648 1.700188 200.000000 1.700188 0.014118 5.647107 0.984808 0.113218 200.000000 0.113218
 5.600000 -0.970403 -0.241492 0.968940 -0.247296 -1.814700 1.820685 -0.241492 -0.970403 -0.247296 0.968940 0.460284 184.113710 -0.173648 1.820957 200.000000 1.820957 0.020751 8.300219 -0.984808 0.015054 200.000000 0.015054 0.542405 216.962026 -0.173648 1.700188 200.000000 1.700188 0.025179 10.071554 0.984808 0.113218 200.000000 0.113218
 5.800000 -0.999380 -0.035209 0.976246 -0.216663 -1.606012 1.789191 -0.035209 -0.999380 -0.216663 0.976246 1.916546 766.618360 -0.173648 1.820957 200.000000 1.820957 0.021235 8.493989 -0.984808 0.015054 200.000000 0.015054 0.185028 74.011165 -0.173648 1.700188 200.000000 1.700188 0.007330 2.931839 0.984808 0.113218 200.000000 0.113218
 6.000000 -0.986556 -0.163422 0.988427 -0.151699 -1.734954 1.723083 -0.163422 -0.986556 -0.151699 0.988427 0.010458 4.183274 -0.173648 1.820957 200.000000 1.820957 0.000306 0.122299 -0.984808 0.015054 200.000000 0.015054 0.048179 19.271514 -0.173648 1.700188 200.000000 1.700188 0.001310 0.523903 0.984808 0.113218 200.000000 0.113218
 6.200000 -0.994221 -0.107357 0.986354 -0.164640 -1.678361 1.736189 -0.107357 -0.994221 -0.164640 0.986354 0.439451 175.780428 -0.173648 1.820957 200.000000 1.820957 0.008860 3.544014 -0.984808 0.015054 200.000000 0.015054 0.008115 3.245804 -0.173648 1.700188 200.000000 1.700188 0.000239 0.095599 0.984808 0.113218 200.000000 0.113218
 6.400000 -0.997681 -0.068066 0.976329 -0.216290 -1.638915 1.788810 -0.068066 -0.997681 -0.216290 0.976329 1.114766 445.906528 -0.173648 1.820957 200.000000 1.820957 0.016572 6.628657 -0.984808 0.015054 200.000000 0.015054 0.181836 72.734335 -0.173648 1.700188 200.000000 1.700188 0.007189 2.875518 0.984808 0.113218 200.000000 0.113218
 6.600000 -0.980034 -0.198831 0.993483 -0.113984 -1.770961 1.685029 -0.198831 -0.980034 -0.113984 0.993483 0.063418 25.367107 -0.173648 1.820957 200.000000 1.820957 0.002279 0.911633 -0.984808 0.015054 200.000000 0.015054 0.355980 142.391915 -0.173648 1.700188 200.000000 1.700188 0.007525 3.010098 0.984808 0.113218 200.000000 0.113218
 6.800000 -0.999932 0.011652 0.984033 -0.177984 -1.559144 1.749734 0.011652 -0.999932 -0.177984 0.984033 3.433606 1373.442319 -0.173648 1.820957 200.000000 1.820957 0.022875 9.149854 -0.984808 0.015054 200.000000 0.015054 0.001880 0.752003 -0.173648 1.700188 200.000000 1.700188 0.000060 0.023987 0.984808 0.113218 200.000000 0.113218
 7.000000 -0.985909 -0.167284 0.994968 -0.100192 -1.738870 1.671157 -0.167284 -0.985909 -0.100192 0.994968 0.004051 1.620280 -0.173648 1.820957 200.000000 1.820957 0.000121 0.048493 -0.984808 0.015054 200.000000 0.015054 0.539582 215.832666 -0.173648 1.700188 200.000000 1.700188 0.010323 4.129327 0.984808 0.113218 200.000000 0.113218
 7.200000 -0.945692 -0.325063 0.976541 -0.215330 -1.901874 1.787826 -0.325063 -0.945692 -0.215330 0.976541 2.292636 917.054232 -0.173648 1.820957 200.000000 1.820957 0.153001 61.200219 -0.984808 0.015054 200.000000 0.015054 0.173736 69.494382 -0.173648 1.700188 200.000000 1.700188 0.006833 2.733317 0.984808 0.113218 200.000000 0.113218
 7.400000 -0.997183 -0.075006 0.982441 -0.186572 -1.645873 1.758468 -0.075006 -0.997183 -0.186572 0.982441 0.973021 389.208453 -0.173648 1.820957 200.000000 1.820957 0.015315 6.125926 -0.984808 0.015054 200.000000 0.015054 0.016701 6.680501 -0.173648 1.700188 200.000000 1.700188 0.000560 0.223988 0.984808 0.113218 200.000000 0.113218
 7.600000 -0.968166 -0.250311 0.984361 -0.176165 -1.823798 1.747885 -0.250311 -0.968166 -0.176165 0.984361 0.587715 235.086178 -0.173648 1.820957 200.000000 1.820957 0.027696 11.078529 -0.984808 0.015054 200.000000 0.015054 0.000633 0.253351 -0.173648 1.700188 200.000000 1.700188 0.000020 0.007995 0.984808 0.113218 200.000000 0.113218
 7.800000 -0.976293 -0.216455 0.982493 -0.186302 -1.788978 1.758193 -0.216455 -0.976293 -0.186302 0.982493 0.183242 73.296630 -0.173648 1.820957 200.000000 1.820957 0.007251 2.900301 -0.984808 0.015054 200.000000 0.015054 0.016012 6.404856 -0.173648 1.700188 200.000000 1.700188 0.000536 0.214414 0.984808 0.113218 200.000000 0.113218
 8.000000 -0.990459 -0.137809 0.995820 -0.091339 -1.709046 1.662263 -0.137809 -0.990459 -0.091339 0.995820 0.128442 51.376693 -0.173648 1.820957 200.000000 1.820957 0.003193 1.277358 -0.984808 0.015054 200.000000 0.015054 0.677475 270.989942 -0.173648 1.700188 200.000000 1.700188 0.012127 4.850632 0.984808 0.113218 200.000000 0.113218
 8.200000 -0.959312 -0.282350 0.984364 -0.176147 -1.857039 1.747867 -0.282350 -0.959312 -0.176147 0.984364 1.181605 472.642026 -0.173648 1.820957 200.000000 1.820957 0.065006 26.002340 -0.984808 0.015054 200.000000 0.015054 0.000624 0.249726 -0.173648 1.700188 200.000000 1.700188 0.000020 0.007880 0.984808 0.113218 200.000000 0.113218
 8.400000 -0.983537 -0.180706 0.986203 -0.165540 -1.752500 1.737102 -0.180706 -0.983537 -0.165540 0.986203 0.004981 1.992444 -0.173648 1.820957 200.000000 1.820957 0.000161 0.064574 -0.984808 0.015054 200.000000 0.015054 0.006574 2.629715 -0.173648 1.700188 200.000000 1.700188 0.000195 0.077877 0.984808 0.113218 200.000000 0.113218
 8.600000 -0.998755 -0.049891 0.973720 -0.227746 -1.620708 1.800559 -0.049891 -0.998755 -0.227746 0.973720 1.531591 612.636448 -0.173648 1.820957 200.000000 1.820957 0.019452 7.780674 -0.984808 0.015054 200.000000 0.015054 0.292662 117.064685 -0.173648 1.700188 200.000000 1.700188 0.012293 4.917102 0.984808 0.113218 200.000000 0.113218
 8.800000 -0.981160 -0.193197 0.993753 -0.111599 -1.765216 1.682628 -0.193197 -0.981160 -0.111599 0.993753 0.038216 15.286427 -0.173648 1.820957 200.000000 1.820957 0.001331 0.532254 -0.984808 0.015054 200.000000 0.015054 0.385010 154.003832 -0.173648 1.700188 200.000000 1.700188 0.008002 3.200925 0.984808 0.113218 200.000000 0.113218
 9.000000 -0.986259 -0.165206 0.979614 -0.200887 -1.736763 1.773060 -0.165206 -0.986259 -0.200887 0.979614 0.007127 2.850916 -0.173648 1.820957 200.000000 1.820957 0.000211 0.084257 -0.984808 0.015054 200.000000 0.015054 0.074195 29.678105 -0.173648 1.700188 200.000000 1.700188 0.002697 1.078827 0.984808 0.113218 200.000000 0.113218
 9.200000 -0.992456 -0.122601 0.973122 -0.230291 -1.693707 1.803173 -0.122601 -0.992456 -0.230291 0.973122 0.260577 104.230932 -0.173648 1.820957 200.000000 1.820957 0.005850 2.339822 -0.984808 0.015054 200.000000 0.015054 0.320843 128.337315 -0.173648 1.700188 200.000000 1.700188 0.013656 5.462497 0.984808 0.113218 200.000000 0.113218
 9.400000 -0.985897 -0.167353 0.987700 -0.156360 -1.738940 1.727801 -0.167353 -0.985897 -0.156360 0.987700 0.003963 1.585272 -0.173648 1.820957 200.000000 1.820957 0.000119 0.047465 -0.984808 0.015054 200.000000 0.015054 0.029888 11.955158 -0.173648 1.700188 200.000000 1.700188 0.000837 0.334632 0.984808 0.113218 200.000000 0.113218
 9.600000 -0.994192 -0.107626 0.979602 -0.200946 -1.678631 1.773120 -0.107626 -0.994192 -0.200946 0.979602 0.435899 174.359450 -0.173648 1.820957 200.000000 1.820957 0.008805 3.522188 -0.984808 0.015054 200.000000 0.015054 0.074518 29.807261 -0.173648 1.700188 200.000000 1.700188 0.002710 1.083878 0.984808 0.113218 200.000000 0.113218
 9.800000 -0.992162 -0.124958 0.983683 -0.179913 -1.696082 1.751694 -0.124958 -0.992162 -0.179913 0.983683 0.237070 94.827955 -0.173648 1.820957 200.000000 1.820957 0.005408 2.163391 -0.984808 0.015054 200.000000 0.015054 0.003924 1.569776 -0.173648 1.700188 200.000000 1.700188 0.000127 0.050641 0.984808 0.113218 200.000000 0.113218
 10.000000 -0.984510 -0.175330 0.976888 -0.213754 -1.747037 1.786212 -0.175330 -0.984510 -0.213754 0.976888 0.000283 0.113124 -0.173648 1.820957 200.000000 1.820957 0.000009 0.003552 -0.984808 0.015054 200.000000 0.015054 0.160847 64.338688 -0.173648 1.700188 200.000000 1.700188 0.006273 2.509186 0.984808 0.113218 200.000000 0.113218
 10.200000 -0.989847 -0.142135 0.985711 -0.168447 -1.713415 1.740051 -0.142135 -0.989847 -0.168447 0.985711 0.099306 39.722249 -0.173648 1.820957 200.000000 1.820957 0.002540 1.015852 -0.984808 0.015054 200.000000 0.015054 0.002705 1.081894 -0.173648 1.700188 200.000000 1.700188 0.000082 0.032608 0.984808 0.113218 200.000000 0.113218
 10.400000 -0.982790 -0.184726 0.979281 -0.202506 -1.756589 1.774712 -0.184726 -0.982790 -0.202506 0.979281 0.012271 4.908523 -0.173648 1.820957 200.000000 1.820957 0.000407 0.162836 -0.984808 0.015054 200.000000 0.015054 0.083276 33.310589 -0.173648 1.700188 200.000000 1.700188 0.003054 1.221776 0.984808 0.113218 200.000000 0.113218
 10.600000 -0.990014 -0.140970 0.975120 -0.221680 -1.712237 1.794333 -0.140970 -0.990014 -0.221680 0.975120 0.106789 42.715418 -0.173648 1.820957 200.000000 1.820957 0.002710 1.084165 -0.984808 0.015054 200.000000 0.015054 0.230703 92.281225 -0.173648 1.700188 200.000000 1.700188 0.009386 3.754468 0.984808 0.113218 200.000000 0.113218
 10.800000 -0.993214 -0.116302 0.982075 -0.188491 -1.687363 1.760421 -0.116302 -0.993214 -0.188491 0.982075 0.328853 131.541236 -0.173648 1.820957 200.000000 1.820957 0.007066 2.826494 -0.984808 0.015054 200.000000 0.015054 0.022030 8.812117 -0.173648 1.700188 200.000000 1.700188 0.000747 0.298727 0.984808 0.113218 200.000000 0.113218
 11.000000 -0.982397 -0.186806 0.988992 -0.147970 -1.758706 1.719312 -0.186806 -0.982397 -0.147970 0.988992 0.017313 6.925024 -0.173648 1.820957 200.000000 1.820957 0.000581 0.232500 -0.984808 0.015054 200.000000 0.015054 0.065937 26.374714 -0.173648 1.700188 200.000000 1.700188 0.001751 0.700266 0.984808 0.113218 200.000000 0.113218
 11.200000 -0.985479 -0.169796 0.974829 -0.222955 -1.741418 1.795641 -0.169796 -0.985479 -0.222955 0.974829 0.001484 0.593721 -0.173648 1.820957 200.000000 1.820957 0.000045 0.018040 -0.984808 0.015054 200.000000 0.015054 0.243116 97.246430 -0.173648 1.700188 200.000000 1.700188 0.009958 3.983226 0.984808 0.113218 200.000000 0.113218
 11.400000 -0.992463 -0.122547 0.998166 -0.060541 -1.693652 1.631375 -0.122547 -0.992463 -0.060541 0.998166 0.261136 104.454462 -0.173648 1.820957 200.000000 1.820957 0.005860 2.343958 -0.984808 0.015054 200.000000 0.015054 1.279318 511.727194 -0.173648 1.700188 200.000000 1.700188 0.017843 7.137387 0.984808 0.113218 200.000000 0.113218
 11.600000 -0.973452 -0.228889 0.983908 -0.178674 -1.801733 1.750435 -0.228889 -0.973452 -0.178674 0.983908 0.305159 122.063642 -0.173648 1.820957 200.000000 1.820957 0.012894 5.157727 -0.984808 0.015054 200.000000 0.015054 0.002526 1.010342 -0.173648 1.700188 200.000000 1.700188 0.000081 0.032358 0.984808 0.113218 200.000000 0.113218
 11.800000 -0.993178 -0.116604 0.993053 -0.117665 -1.687666 1.688735 -0.116604 -0.993178 -0.117665 0.993053 0.325403 130.161308 -0.173648 1.820957 200.000000 1.820957 0.007007 2.802764 -0.984808 0.015054 200.000000 0.015054 0.313409 125.363688 -0.173648 1.700188 200.000000 1.700188 0.006799 2.719575 0.984808 0.113218 200.000000 0.113218
 12.000000 -0.977918 -0.208990 0.985521 -0.169556 -1.781338 1.741175 -0.208990 -0.977918 -0.169556 0.985521 0.124904 49.961548 -0.173648 1.820957 200.000000 1.820957 0.004747 1.898861 -0.984808 0.015054 200.000000 0.015054 0.001675 0.669860 -0.173648 1.700188 200.000000 1.700188 0.000051 0.020324 0.984808 0.113218 200.000000 0.113218
 12.200000 -0.992842 -0.119439 0.981298 -0.192495 -1.690521 1.764500 -0.119439 -0.992842 -0.192495 0.981298 0.293865 117.545834 -0.173648 1.820957 200.000000 1.820957 0.006454 2.581678 -0.984808 0.015054 200.000000 0.015054 0.035519 14.207553 -0.173648 1.700188 200.000000 1.700188 0.001232 0.492727 0.984808 0.113218 200.000000 0.113218
 12.400000 -0.985693 -0.168548 0.988962 -0.148172 -1.740153 1.719516 -0.168548 -0.985693 -0.148172 0.988962 0.002601 1.040375 -0.173648 1.820957 200.000000 1.820957 0.000078 0.031375 -0.984808 0.015054 200.000000 0.015054 0.064902 25.960704 -0.173648 1.700188 200.000000 1.700188 0.001725 0.690162 0.984808 0.113218 200.000000 0.113218
 12.600000 -0.987618 -0.156880 0.992944 -0.118586 -1.728327 1.689662 -0.156880 -0.987618 -0.118586 0.992944 0.028117 11.246622 -0.173648 1.820957 200.000000 1.820957 0.000790 0.315819 -0.984808 0.015054 200.000000 0.015054 0.303185 121.274092 -0.173648 1.700188 200.000000 1.700188 0.006620 2.647807 0.984808 0.113218 200.000000 0.113218
 12.800000 -0.985761 -0.168155 0.980055 -0.198728 -1.739754 1.770856 -0.168155 -0.985761 -0.198728 0.980055 0.003018 1.207124 -0.173648 1.820957 200.000000 1.820957 0.000091 0.036318 -0.984808 0.015054 200.000000 0.015054 0.062901 25.160503 -0.173648 1.700188 200.000000 1.700188 0.002259 0.903690 0.984808 0.113218 200.000000 0.113218
 13.000000 -0.980683 -0.195604 0.976076 -0.217431 -1.767670 1.789978 -0.195604 -0.980683 -0.217431 0.976076 0.048207 19.282707 -0.173648 1.820957 200.000000 1.820957 0.001701 0.680570 -0.984808 0.015054 200.000000 0.015054 0.191690 76.675909 -0.173648 1.700188 200.000000 1.700188 0.007625 3.049887 0.984808 0.113218 200.000000 0.113218
 13.200000 -0.984784 -0.173781 0.986747 -0.162263 -1.745464 1.733780 -0.173781 -0.984784 -0.162263 0.986747 0.000002 0.000708 -0.173648 1.820957 200.000000 1.820957 0.000000 0.000022 -0.984808 0.015054 200.000000 0.015054 0.012961 5.184436 -0.173648 1.700188 200.000000 1.700188 0.000376 0.150499 0.984808 0.113218 200.000000 0.113218
 13.400000 -0.980171 -0.198156 0.958690 -0.284454 -1.770272 1.859233 -0.198156 -0.980171 -0.284454 0.958690 0.060062 24.024660 -0.173648 1.820957 200.000000 1.820957 0.002150 0.860141 -0.984808 0.015054 200.000000 0.015054 1.227788 491.115241 -0.173648 1.700188 200.000000 1.700188 0.068215 27.285991 0.984808 0.113218 200.000000 0.113218
 13.600000 -0.979661 -0.200660 0.982777 -0.184797 -1.772828 1.756662 -0.200660 -0.979661 -0.184797 0.982777 0.072963 29.185337 -0.173648 1.820957 200.000000 1.820957 0.002649 1.059578 -0.984808 0.015054 200.000000 0.015054 0.012430 4.972118 -0.173648 1.700188 200.000000 1.700188 0.000413 0.165014 0.984808 0.113218 200.000000 0.113218
 13.800000 -0.993209 -0.116345 0.981997 -0.188895 -1.687406 1.760833 -0.116345 -0.993209 -0.188895 0.981997 0.328364 131.345761 -0.173648 1.820957 200.000000 1.820957 0.007058 2.823137 -0.984808 0.015054 200.000000 0.015054 0.023245 9.298138 -0.173648 1.700188 200.000000 1.700188 0.000790 0.315931 0.984808 0.113218 200.000000 0.113218
 14.000000 -0.991105 -0.133082 0.979767 -0.200141 -1.704274 1.772298 -0.133082 -0.991105 -0.200141 0.979767 0.164565 65.825954 -0.173648 1.820957 200.000000 1.820957 0.003966 1.586257 -0.984808 0.015054 200.000000 0.015054 0.070188 28.075175 -0.173648 1.700188 200.000000 1.700188 0.002541 1.016340 0.984808 0.113218 200.000000 0.113218
 14.200000 -0.995586 -0.093850 0.986930 -0.161149 -1.664785 1.732651 -0.093850 -0.995586 -0.161149 0.986930 0.636774 254.709640 -0.173648 1.820957 200.000000 1.820957 0.011618 4.647121 -0.984808 0.015054 200.000000 0.015054 0.015622 6.248902 -0.173648 1.700188 200.000000 1.700188 0.000450 0.180165 0.984808 0.113218 200.000000 0.113218
 14.400000 -0.988431 -0.151674 0.971959 -0.235148 -1.723058 1.808168 -0.151674 -0.988431 -0.235148 0.971959 0.048288 19.315179 -0.173648 1.820957 200.000000 1.820957 0.001313 0.525008 -0.984808 0.015054 200.000000 0.015054 0.378228 151.291372 -0.173648 1.700188 200.000000 1.700188 0.016508 6.603139 0.984808 0.113218 200.000000 0.113218
 14.600000 -0.976608 -0.215026 0.981159 -0.193200 -1.787514 1.765219 -0.215026 -0.976608 -0.193200 0.981159 0.171210 68.483997 -0.173648 1.820957 200.000000 1.820957 0.006723 2.689183 -0.984808 0.015054 200.000000 0.015054 0.038229 15.291402 -0.173648 1.700188 200.000000 1.700188 0.001331 0.532437 0.984808 0.113218 200.000000 0.113218
 14.800000 -0.988982 -0.148035 0.962747 -0.270403 -1.719378 1.844608 -0.148035 -0.988982 -0.270403 0.962747 0.065601 26.240414 -0.173648 1.820957 200.000000 1.820957 0.001742 0.696991 -0.984808 0.015054 200.000000 0.015054 0.936144 374.457592 -0.173648 1.700188 200.000000 1.700188 0.048666 19.466534 0.984808 0.113218 200.000000 0.113218
 15.000000 -0.990421 -0.138081 0.979412 -0.201871 -1.709320 1.774064 -0.138081 -0.990421 -0.201871 0.979412 0.126502 50.600674 -0.173648 1.820957 200.000000 1.820957 0.003151 1.260308 -0.984808 0.015054 200.000000 0.015054 0.079653 31.861396 -0.173648 1.700188 200.000000 1.700188 0.002911 1.164526 0.984808 0.113218 200.000000 0.113218
 15.200000 -0.980678 -0.195627 0.974166 -0.225835 -1.767693 1.798596 -0.195627 -0.980678 -0.225835 0.974166 0.048307 19.322859 -0.173648 1.820957 200.000000 1.820957 0.001705 0.682074 -0.984808 0.015054 200.000000 0.015054 0.272342 108.936738 -0.173648 1.700188 200.000000 1.700188 0.011325 4.530158 0.984808 0.113218 200.000000 0.113218
 15.400000 -0.990662 -0.136338 0.986105 -0.166124 -1.707561 1.737694 -0.136338 -0.990662 -0.166124 0.986105 0.139202 55.680995 -0.173648 1.820957 200.000000 1.820957 0.003428 1.371045 -0.984808 0.015054 200.000000 0.015054 0.005661 2.264277 -0.173648 1.700188 200.000000 1.700188 0.000168 0.067293 0.984808 0.113218 200.000000 0.113218
 15.600000 -0.997643 -0.068614 0.987936 -0.154865 -1.639464 1.726287 -0.068614 -0.997643 -0.154865 0.987936 1.103217 441.286882 -0.173648 1.820957 200.000000 1.820957 0.016475 6.590030 -0.984808 0.015054 200.000000 0.015054 0.035281 14.112229 -0.173648 1.700188 200.000000 1.700188 0.000978 0.391345 0.984808 0.113218 200.000000 0.113218
 15.800000 -0.990135 -0.140115 0.978183 -0.207745 -1.711374 1.780065 -0.140115 -0.990135 -0.207745 0.978183 0.112447 44.978924 -0.173648 1.820957 200.000000 1.820957 0.002838 1.135282 -0.984808 0.015054 200.000000 0.015054 0.116259 46.503593 -0.173648 1.700188 200.000000 1.700188 0.004389 1.755479 0.984808 0.113218 200.000000 0.113218
 16.000000 -0.991028 -0.133658 0.987418 -0.158132 -1.704855 1.729595 -0.133658 -0.991028 -0.158132 0.987418 0.159923 63.969043 -0.173648 1.820957 200.000000 1.820957 0.003869 1.547428 -0.984808 0.015054 200.000000 0.015054 0.024074 9.629689 -0.173648 1.700188 200.000000 1.700188 0.000681 0.272521 0.984808 0.113218 200.000000 0.113218
 16.200000 -0.989901 -0.141762 0.978655 -0.205510 -1.713037 1.777781 -0.141762 -0.989901 -0.205510 0.978655 0.101676 40.670275 -0.173648 1.820957 200.000000 1.820957 0.002594 1.037579 -0.984808 0.015054 200.000000 0.015054 0.101515 40.605965 -0.173648 1.700188 200.000000 1.700188 0.003786 1.514204 0.984808 0.113218 200.000000 0.113218
 16.400000 -0.984036 -0.177971 0.992772 -0.120015 -1.749720 1.691101 -0.177971 -0.984036 -0.120015 0.992772 0.001869 0.747476 -0.173648 1.820957 200.000000 1.820957 0.000060 0.023841 -0.984808 0.015054 200.000000 0.015054 0.287655 115.062026 -0.173648 1.700188 200.000000 1.700188 0.006343 2.537243 0.984808 0.113218 200.000000 0.113218
 16.600000 -0.983354 -0.181700 0.982763 -0.184868 -1.753512 1.756734 -0.181700 -0.983354 -0.184868 0.982763 0.006484 2.593548 -0.173648 1.820957 200.000000 1.820957 0.000211 0.084544 -0.984808 0.015054 200.000000 0.015054 0.012589 5.035501 -0.173648 1.700188 200.000000 1.700188 0.000418 0.167186 0.984808 0.113218 200.000000 0.113218
 16.800000 -0.992285 -0.123981 0.992432 -0.122793 -1.695097 1.693900 -0.123981 -0.992285 -0.122793 0.992432 0.246682 98.672615 -0.173648 1.820957 200.000000 1.820957 0.005590 2.236115 -0.984808 0.015054 200.000000 0.015054 0.258629 103.451692 -0.173648 1.700188 200.000000 1.700188 0.005813 2.325384 0.984808 0.113218 200.000000 0.113218
 17.000000 -0.991985 -0.126357 0.990530 -0.137299 -1.697492 1.708530 -0.126357 -0.991985 -0.137299 0.990530 0.223650 89.459936 -0.173648 1.820957 200.000000 1.820957 0.005151 2.060452 -0.984808 0.015054 200.000000 0.015054 0.132128 52.851208 -0.173648 1.700188 200.000000 1.700188 0.003274 1.309619 0.984808 0.113218 200.000000 0.113218
 17.200000 -0.984353 -0.176207 0.992705 -0.120571 -1.747928 1.691661 -0.176207 -0.984353 -0.120571 0.992705 0.000655 0.261895 -0.173648 1.820957 200.000000 1.820957 0.000021 0.008267 -0.984808 0.015054 200.000000 0.015054 0.281717 112.686994 -0.173648 1.700188 200.000000 1.700188 0.006236 2.494466 0.984808 0.113218 200.000000 0.113218
 17.400000 -0.981704 -0.190413 0.992715 -0.120485 -1.762379 1.691575 -0.190413 -0.981704 -0.120485 0.992715 0.028105 11.241934 -0.173648 1.820957 200.000000 1.820957 0.000963 0.385297 -0.984808 0.015054 200.000000 0.015054 0.282634 113.053535 -0.173648 1.700188 200.000000 1.700188 0.006253 2.501086 0.984808 0.113218 200.000000 0.113218
 17.600000 -0.974599 -0.223958 0.998302 -0.058253 -1.796670 1.629082 -0.223958 -0.974599 -0.058253 0.998302 0.253109 101.243652 -0.173648 1.820957 200.000000 1.820957 0.010422 4.168936 -0.984808 0.015054 200.000000 0.015054 1.331603 532.641283 -0.173648 1.700188 200.000000 1.700188 0.018209 7.283624 0.984808 0.113218 200.000000 0.113218
 17.800000 -0.988184 -0.153274 0.994134 -0.108152 -1.724677 1.679160 -0.153274 -0.988184 -0.108152 0.994134 0.041512 16.604699 -0.173648 1.820957 200.000000 1.820957 0.001140 0.455899 -0.984808 0.015054 200.000000 0.015054 0.428978 171.591386 -0.173648 1.700188 200.000000 1.700188 0.008699 3.479453 0.984808 0.113218 200.000000 0.113218
 18.000000 -0.987679 -0.156494 0.988522 -0.151076 -1.727936 1.722453 -0.156494 -0.987679 -0.151076 0.988522 0.029427 11.770682 -0.173648 1.820957 200.000000 1.820957 0.000824 0.329743 -0.984808 0.015054 200.000000 0.015054 0.050952 20.380907 -0.173648 1.700188 200.000000 1.700188 0.001380 0.551890 0.984808 0.113218 200.000000 0.113218
 18.200000 -0.976920 -0.213605 0.997369 -0.072486 -1.786060 1.643346 -0.213605 -0.976920 -0.072486 0.997369 0.159654 63.861737 -0.173648 1.820957 200.000000 1.820957 0.006221 2.488588 -0.984808 0.015054 200.000000 0.015054 1.023374 409.349693 -0.173648 1.700188 200.000000 1.700188 0.015780 6.311813 0.984808 0.113218 200.000000 0.113218
 18.400000 -0.968827 -0.247737 0.993060 -0.117609 -1.821140 1.688678 -0.247737 -0.968827 -0.117609 0.993060 0.548910 219.563964 -0.173648 1.820957 200.000000 1.820957 0.025537 10.214847 -0.984808 0.015054 200.000000 0.015054 0.314038 125.615323 -0.173648 1.700188 200.000000 1.700188 0.006810 2.723965 0.984808 0.113218 200.000000 0.113218
 18.600000 -0.981923 -0.189279 0.984403 -0.175929 -1.761224 1.747646 -0.189279 -0.981923 -0.175929 0.984403 0.024432 9.772975 -0.173648 1.820957 200.000000 1.820957 0.000832 0.332794 -0.984808 0.015054 200.000000 0.015054 0.000520 0.208143 -0.173648 1.700188 200.000000 1.700188 0.000016 0.006559 0.984808 0.113218 200.000000 0.113218
 18.800000 -0.987249 -0.159182 0.995666 -0.093001 -1.730658 1.663931 -0.159182 -0.987249 -0.093001 0.995666 0.020927 8.370752 -0.173648 1.820957 200.000000 1.820957 0.000596 0.238436 -0.984808 0.015054 200.000000 0.015054 0.650405 260.161911 -0.173648 1.700188 200.000000 1.700188 0.011790 4.716115 0.984808 0.113218 200.000000 0.113218
 19.000000 -0.987805 -0.155698 0.987708 -0.156311 -1.727130 1.727751 -0.155698 -0.987805 -0.156311 0.987708 0.032222 12.888639 -0.173648 1.820957 200.000000 1.820957 0.000898 0.359276 -0.984808 0.015054 200.000000 0.015054 0.030058 12.023095 -0.173648 1.700188 200.000000 1.700188 0.000841 0.336431 0.984808 0.113218 200.000000 0.113218
 19.200000 -0.987435 -0.158023 0.993236 -0.116113 -1.729484 1.687172 -0.158023 -0.987435 -0.116113 0.993236 0.024416 9.766298 -0.173648 1.820957 200.000000 1.820957 0.000690 0.276200 -0.984808 0.015054 200.000000 0.015054 0.331030 132.411831 -0.173648 1.700188 200.000000 1.700188 0.007104 2.841420 0.984808 0.113218 200.000000 0.113218
 19.400000 -0.992407 -0.122999 0.974861 -0.222815 -1.694108 1.795498 -0.122999 -0.992407 -0.222815 0.974861 0.256535 102.613804 -0.173648 1.820957 200.000000 1.820957 0.005775 2.309822 -0.984808 0.015054 200.000000 0.015054 0.241742 96.696983 -0.173648 1.700188 200.000000 1.700188 0.009895 3.957806 0.984808 0.113218 200.000000 0.113218
 19.600000 -0.985655 -0.168773 0.984968 -0.172738 -1.740381 1.744405 -0.168773 -0.985655 -0.172738 0.984968 0.002377 0.950735 -0.173648 1.820957 200.000000 1.820957 0.000072 0.028711 -0.984808 0.015054 200.000000 0.015054 0.000083 0.033139 -0.173648 1.700188 200.000000 1.700188 0.000003 0.001025 0.984808 0.113218 200.000000 0.113218
 19.800000 -0.990062 -0.140632 0.940047 -0.341044 -1.711896 1.918823 -0.140632 -0.990062 -0.341044 0.940047 0.109006 43.602318 -0.173648 1.820957 200.000000 1.820957 0.002761 1.104249 -0.984808 0.015054 200.000000 0.015054 2.802125 1120.850095 -0.173648 1.700188 200.000000 1.700188 0.200348 80.139382 0.984808 0.113218 200.000000 0.113218
 20.000000 -0.995790 -0.091668 0.985608 -0.169045 -1.662593 1.740656 -0.091668 -0.995790 -0.169045 0.985608 0.672073 268.829213 -0.173648 1.820957 200.000000 1.820957 0.012060 4.824051 -0.984808 0.015054 200.000000 0.015054 0.002119 0.847748 -0.173648 1.700188 200.000000 1.700188 0.000064 0.025643 0.984808 0.113218 200.000000 0.113218
