#! FIELDS time sin_phi cos_phi sin_psi cos_psi phi psi cos_phi sin_phi cos_psi sin_psi restraint_phi_cos.bias restraint_phi_cos.force2 restraint_phi_cos.cos_phi_cntr restraint_phi_cos.cos_phi_work restraint_phi_cos.cos_phi_kappa restraint_phi_cos.work restraint_phi_sin.bias restraint_phi_sin.force2 restraint_phi_sin.sin_phi_cntr restraint_phi_sin.sin_phi_work restraint_phi_sin.sin_phi_kappa restraint_phi_sin.work restraint_psi_cos.bias restraint_psi_cos.force2 restraint_psi_cos.cos_psi_cntr restraint_psi_cos.cos_psi_work restraint_psi_cos.cos_psi_kappa restraint_psi_cos.work restraint_psi_sin.bias restraint_psi_sin.force2 restraint_psi_sin.sin_psi_cntr restraint_psi_sin.sin_psi_work restraint_psi_sin.sin_psi_kappa restraint_psi_sin.work
#! SET min_phi -pi
#! SET max_phi pi
#! SET min_psi -pi
#! SET max_psi pi
 0.000000 -0.999983 -0.005782 0.966116 0.258110 -1.576579 1.309731 -0.005782 -0.999983 0.258110 0.966116 0.000000 0.000000 -0.009747 0.000000 0.000000 0.000000 0.000000 0.000000 -0.999953 0.000000 0.000000 0.000000 0.000000 0.000000 0.256142 0.000000 0.000000 0.000000 0.000000 0.000000 0.966639 0.000000 0.000000 0.000000
 0.200000 -1.000000 -0.000266 0.834654 0.550774 -1.571062 0.987505 -0.000266 -1.000000 0.550774 0.834654 0.000899 0.035952 -0.009747 0.429322 20.000000 0.429322 0.000000 0.000001 -0.999953 0.008204 20.000000 0.008204 0.868079 34.723159 0.256142 0.437494 20.000000 0.437494 0.174200 6.967991 0.966639 0.079186 20.000000 0.079186
 0.400000 -0.998238 0.059344 0.982966 0.183790 -1.511418 1.385956 0.059344 -0.998238 0.183790 0.982966 0.095469 7.637512 -0.009747 0.576150 40.000000 0.576150 0.000059 0.004705 -0.999953 0.009175 40.000000 0.009175 0.104699 8.375897 0.256142 0.652622 40.000000 0.652622 0.005331 0.426490 0.966639 0.103852 40.000000 0.103852
 0.600000 -0.997904 0.064712 0.969719 0.244224 -1.506039 1.324077 0.064712 -0.997904 0.244224 0.969719 0.166321 19.958503 -0.009747 0.652735 60.000000 0.652735 0.000126 0.015107 -0.999953 0.009549 60.000000 0.009549 0.004261 0.511338 0.256142 0.812947 60.000000 0.812947 0.000285 0.034144 0.966639 0.126978 60.000000 0.126978
 0.800000 -0.999998 0.001903 0.948101 0.317970 -1.568894 1.247209 0.001903 -0.999998 0.317970 0.948101 0.005428 0.868524 -0.009747 0.745436 80.000000 0.745436 0.000000 0.000013 -0.999953 0.009931 80.000000 0.009931 0.152906 24.464912 0.256142 0.870390 80.000000 0.870390 0.013747 2.199469 0.966639 0.131255 80.000000 0.131255
 1.000000 -0.997910 -0.064626 0.983712 0.179754 -1.635467 1.390060 -0.064626 -0.997910 0.179754 0.983712 0.150586 30.117270 -0.009747 0.830203 100.000000 0.830203 0.000209 0.041736 -0.999953 0.010215 100.000000 0.010215 0.291759 58.351722 0.256142 0.906282 100.000000 0.906282 0.014574 2.914707 0.966639 0.133899 100.000000 0.133899
 1.200000 -0.998631 0.052315 0.985228 0.171251 -1.518457 1.398698 0.052315 -0.998631 0.171251 0.985228 0.231101 55.464312 -0.009747 0.926071 120.000000 0.926071 0.000105 0.025163 -0.999953 0.010632 120.000000 0.010632 0.432397 103.775384 0.256142 0.991998 120.000000 0.991998 0.020732 4.975638 0.966639 0.141238 120.000000 0.141238
 1.400000 -0.999098 0.042454 0.979946 0.199264 -1.528329 1.370189 0.042454 -0.999098 0.199264 0.979946 0.190745 53.408626 -0.009747 0.960889 140.000000 0.960889 0.000051 0.014298 -0.999953 0.010712 140.000000 0.010712 0.226460 63.408817 0.256142 1.092913 140.000000 1.092913 0.012395 3.470574 0.966639 0.149512 140.000000 0.149512
 1.600000 -0.999952 0.009799 0.961502 0.274796 -1.560997 1.292419 0.009799 -0.999952 0.274796 0.961502 0.030562 9.779723 -0.009747 1.007028 160.000000 1.007028 0.000000 0.000000 -0.999953 0.010844 160.000000 0.010844 0.027837 8.907908 0.256142 1.162388 160.000000 1.162388 0.002111 0.675440 0.966639 0.156244 160.000000 0.156244
 1.800000 -0.999823 -0.018803 0.970268 0.242032 -1.589600 1.326336 -0.018803 -0.999823 0.242032 0.970268 0.007382 2.657428 -0.009747 1.052093 180.000000 1.052093 0.000002 0.000542 -0.999953 0.010933 180.000000 0.010933 0.017919 6.450699 0.256142 1.193826 180.000000 1.193826 0.001185 0.426729 0.966639 0.158898 180.000000 0.158898
 2.000000 -0.987192 0.159534 0.942534 0.334111 -1.410577 1.230134 0.159534 -0.987192 0.334111 0.942534 2.865606 1146.242258 -0.009747 1.082144 200.000000 1.082144 0.016282 6.512852 -0.999953 0.011015 200.000000 0.011015 0.607915 243.165831 0.256142 1.220068 200.000000 1.220068 0.058107 23.242855 0.966639 0.161405 200.000000 0.161405
 2.200000 -0.999799 -0.020062 0.956797 0.290758 -1.590860 1.275778 -0.020062 -0.999799 0.290758 0.956797 0.803253 321.301326 -0.109687 1.525582 200.000000 1.525582 0.008246 3.298463 -0.990718 0.011114 200.000000 0.011114 1.562357 624.942998 0.165763 1.406583 200.000000 1.406583 0.035313 14.125194 0.938005 0.278699 200.000000 0.278699
 2.400000 -0.993069 -0.117529 0.981783 0.190007 -1.688598 1.379628 -0.117529 -0.993069 0.190007 0.981783 0.314931 125.972388 -0.173648 1.822305 200.000000 1.822305 0.006825 2.730190 -0.984808 0.015281 200.000000 0.015281 1.313826 525.530209 0.075384 1.621842 200.000000 1.621842 0.524349 209.739447 0.909371 0.649151 200.000000 0.649151
 2.600000 -0.963405 -0.268050 0.980148 0.198265 -1.842165 1.371208 -0.268050 -0.963405 0.198265 0.980148 0.891175 356.470069 -0.173648 1.822305 200.000000 1.822305 0.045808 18.323231 -0.984808 0.015281 200.000000 0.015281 4.547986 1819.194580 -0.014995 1.714851 200.000000 1.714851 0.988266 395.306288 0.880737 1.229679 200.000000 1.229679
 2.800000 -0.989183 -0.146689 0.999237 -0.039049 -1.718017 1.609855 -0.146689 -0.989183 -0.039049 0.999237 0.072680 29.071969 -0.173648 1.822305 200.000000 1.822305 0.001914 0.765595 -0.984808 0.015281 200.000000 0.015281 0.439895 175.957805 -0.105374 1.450121 200.000000 1.450121 2.164858 865.943018 0.852103 1.959392 200.000000 1.959392
 3.000000 -0.980808 -0.194977 0.990412 -0.138142 -1.767031 1.709382 -0.194977 -0.980808 -0.138142 0.990412 0.045493 18.197174 -0.173648 1.822305 200.000000 1.822305 0.001600 0.639996 -0.984808 0.015281 200.000000 0.015281 0.331896 132.758556 -0.195753 1.054803 200.000000 1.054803 2.787021 1114.808349 0.823469 2.778620 200.000000 2.778620
 3.200000 -0.978217 -0.207585 0.933827 -0.357726 -1.779902 1.936628 -0.207585 -0.978217 -0.357726 0.933827 0.115170 46.067899 -0.173648 1.822305 200.000000 1.822305 0.004344 1.737512 -0.984808 0.015281 200.000000 0.015281 0.512572 205.028667 -0.286132 0.153261 200.000000 0.153261 1.931879 772.751616 0.794835 3.606826 200.000000 3.606826
 3.400000 -0.977485 -0.211003 0.901101 -0.433609 -1.783397 2.019290 -0.211003 -0.977485 -0.433609 0.901101 0.139537 55.814655 -0.173648 1.822305 200.000000 1.822305 0.005362 2.144638 -0.984808 0.015281 200.000000 0.015281 0.326021 130.408283 -0.376511 -1.090747 200.000000 -1.090747 1.819817 727.926900 0.766200 4.359612 200.000000 4.359612
 3.600000 -0.978161 -0.207851 0.840607 -0.541646 -1.780174 2.143191 -0.207851 -0.978161 -0.541646 0.840607 0.116982 46.792931 -0.173648 1.822305 200.000000 1.822305 0.004419 1.767423 -0.984808 0.015281 200.000000 0.015281 0.558851 223.540211 -0.466890 -2.287681 200.000000 -2.287681 1.061728 424.691074 0.737566 5.036587 200.000000 5.036587
 3.800000 -0.966808 -0.255504 0.745536 -0.666465 -1.829165 2.300253 -0.255504 -0.966808 -0.666465 0.745536 0.670040 268.016038 -0.173648 1.822305 200.000000 1.822305 0.032399 12.959705 -0.984808 0.015281 200.000000 0.015281 1.192375 476.949910 -0.557269 -3.634366 200.000000 -3.634366 0.133986 53.594589 0.708932 5.511073 200.000000 5.511073
 4.000000 -0.987941 -0.154829 0.720425 -0.693532 -1.726250 2.337177 -0.154829 -0.987941 -0.693532 0.720425 0.035418 14.167142 -0.173648 1.822305 200.000000 1.822305 0.000982 0.392779 -0.984808 0.015281 200.000000 0.015281 0.210538 84.215367 -0.647648 -4.402390 200.000000 -4.402390 0.161019 64.407690 0.680298 5.895638 200.000000 5.895638
 4.200000 -0.988561 -0.150818 0.672130 -0.740433 -1.722192 2.404511 -0.150818 -0.988561 -0.740433 0.672130 0.052120 20.847819 -0.173648 1.822305 200.000000 1.822305 0.001409 0.563617 -0.984808 0.015281 200.000000 0.015281 0.000579 0.231549 -0.738027 -5.050535 200.000000 -5.050535 0.041886 16.754428 0.651664 5.990202 200.000000 5.990202
 4.400000 -0.983325 -0.181856 0.587370 -0.809318 -1.753670 2.513787 -0.181856 -0.983325 -0.809318 0.587370 0.006738 2.695059 -0.173648 1.822305 200.000000 1.822305 0.000220 0.087933 -0.984808 0.015281 200.000000 0.015281 0.187263 74.905037 -0.766044 -5.019677 200.000000 -5.019677 0.307107 122.843000 0.642788 6.021204 200.000000 6.021204
 4.600000 -0.987431 -0.158052 0.636417 -0.771345 -1.729513 2.451749 -0.158052 -0.987431 -0.771345 0.636417 0.024326 9.730212 -0.173648 1.822305 200.000000 1.822305 0.000688 0.275229 -0.984808 0.015281 200.000000 0.015281 0.002810 1.123959 -0.766044 -5.019677 200.000000 -5.019677 0.004059 1.623448 0.642788 6.021204 200.000000 6.021204
 4.800000 -0.987451 -0.157924 0.613514 -0.789684 -1.729385 2.481090 -0.157924 -0.987451 -0.789684 0.613514 0.024724 9.889574 -0.173648 1.822305 200.000000 1.822305 0.000699 0.279516 -0.984808 0.015281 200.000000 0.015281 0.055883 22.353373 -0.766044 -5.019677 200.000000 -5.019677 0.085697 34.278604 0.642788 6.021204 200.000000 6.021204
 5.000000 -0.991846 -0.127445 0.609236 -0.792989 -1.698589 2.486495 -0.127445 -0.991846 -0.792989 0.609236 0.213474 85.389626 -0.173648 1.822305 200.000000 1.822305 0.004953 1.981279 -0.984808 0.015281 200.000000 0.015281 0.072599 29.039713 -0.766044 -5.019677 200.000000 -5.019677 0.112569 45.027490 0.642788 6.021204 200.000000 6.021204
 5.200000 -0.993558 -0.113321 0.653239 -0.757152 -1.684361 2.429739 -0.113321 -0.993558 -0.757152 0.653239 0.363939 145.575746 -0.173648 1.822305 200.000000 1.822305 0.007657 3.062990 -0.984808 0.015281 200.000000 0.015281 0.007907 3.162984 -0.766044 -5.019677 200.000000 -5.019677 0.010922 4.368992 0.642788 6.021204 200.000000 6.021204
 5.400000 -0.990993 -0.133915 0.594293 -0.804248 -1.705115 2.505206 -0.133915 -0.990993 -0.804248 0.594293 0.157869 63.147457 -0.173648 1.822305 200.000000 1.822305 0.003825 1.530170 -0.984808 0.015281 200.000000 0.015281 0.145954 58.381631 -0.766044 -5.019677 200.000000 -5.019677 0.235170 94.067867 0.642788 6.021204 200.000000 6.021204
 5.600000 -0.977562 -0.210646 0.572616 -0.819824 -1.783032 2.531900 -0.210646 -0.977562 -0.819824 0.572616 0.136882 54.752676 -0.173648 1.822305 200.000000 1.822305 0.005249 2.099764 -0.984808 0.015281 200.000000 0.015281 0.289223 115.689011 -0.766044 -5.019677 200.000000 -5.019677 0.492408 196.963362 0.642788 6.021204 200.000000 6.021204
 5.800000 -0.986817 -0.161842 0.632557 -0.774513 -1.733353 2.456742 -0.161842 -0.986817 -0.774513 0.632557 0.013939 5.575473 -0.173648 1.822305 200.000000 1.822305 0.000404 0.161433 -0.984808 0.015281 200.000000 0.015281 0.007172 2.868977 -0.766044 -5.019677 200.000000 -5.019677 0.010466 4.186274 0.642788 6.021204 200.000000 6.021204
 6.000000 -0.962146 -0.272535 0.623330 -0.781959 -1.846823 2.468599 -0.272535 -0.962146 -0.781959 0.623330 0.977865 391.146115 -0.173648 1.822305 200.000000 1.822305 0.051356 20.542567 -0.984808 0.015281 200.000000 0.015281 0.025327 10.130790 -0.766044 -5.019677 200.000000 -5.019677 0.037860 15.143944 0.642788 6.021204 200.000000 6.021204
 6.200000 -0.982215 -0.187761 0.562153 -0.827033 -1.759678 2.544606 -0.187761 -0.982215 -0.827033 0.562153 0.019916 7.966544 -0.173648 1.822305 200.000000 1.822305 0.000672 0.268936 -0.984808 0.015281 200.000000 0.015281 0.371964 148.785446 -0.766044 -5.019677 200.000000 -5.019677 0.650194 260.077689 0.642788 6.021204 200.000000 6.021204
 6.400000 -0.994872 -0.101143 0.627397 -0.778700 -1.672113 2.463387 -0.101143 -0.994872 -0.778700 0.627397 0.525697 210.278641 -0.173648 1.822305 200.000000 1.822305 0.010129 4.051461 -0.984808 0.015281 200.000000 0.015281 0.016015 6.406116 -0.766044 -5.019677 200.000000 -5.019677 0.023687 9.474890 0.642788 6.021204 200.000000 6.021204
 6.600000 -0.999997 0.002424 0.659769 -0.751469 -1.568373 2.421082 0.002424 -0.999997 -0.751469 0.659769 3.100131 1240.052306 -0.173648 1.822305 200.000000 1.822305 0.023072 9.228605 -0.984808 0.015281 200.000000 0.015281 0.021245 8.497899 -0.766044 -5.019677 200.000000 -5.019677 0.028835 11.534099 0.642788 6.021204 200.000000 6.021204
 6.800000 -0.978638 -0.205593 0.666823 -0.745216 -1.777866 2.411655 -0.205593 -0.978638 -0.745216 0.666823 0.102048 40.819343 -0.173648 1.822305 200.000000 1.822305 0.003807 1.522859 -0.984808 0.015281 200.000000 0.015281 0.043382 17.352847 -0.766044 -5.019677 200.000000 -5.019677 0.057770 23.108141 0.642788 6.021204 200.000000 6.021204
 7.000000 -0.959236 -0.282605 0.618392 -0.785869 -1.857305 2.474897 -0.282605 -0.959236 -0.785869 0.618392 1.187167 474.866818 -0.173648 1.822305 200.000000 1.822305 0.065390 26.156050 -0.984808 0.015281 200.000000 0.015281 0.039303 15.721235 -0.766044 -5.019677 200.000000 -5.019677 0.059512 23.804975 0.642788 6.021204 200.000000 6.021204
 7.200000 -0.981940 -0.189190 0.619427 -0.785055 -1.761134 2.473581 -0.189190 -0.981940 -0.785055 0.619427 0.024156 9.662279 -0.173648 1.822305 200.000000 1.822305 0.000822 0.328858 -0.984808 0.015281 200.000000 0.015281 0.036139 14.455494 -0.766044 -5.019677 200.000000 -5.019677 0.054574 21.829608 0.642788 6.021204 200.000000 6.021204
 7.400000 -0.971483 -0.237110 0.654742 -0.755853 -1.810186 2.427752 -0.237110 -0.971483 -0.755853 0.654742 0.402742 161.096916 -0.173648 1.822305 200.000000 1.822305 0.017756 7.102206 -0.984808 0.015281 200.000000 0.015281 0.010387 4.154998 -0.766044 -5.019677 200.000000 -5.019677 0.014290 5.716193 0.642788 6.021204 200.000000 6.021204
 7.600000 -0.982742 -0.184983 0.589501 -0.807768 -1.756851 2.511152 -0.184983 -0.982742 -0.807768 0.589501 0.012848 5.139166 -0.173648 1.822305 200.000000 1.822305 0.000427 0.170741 -0.984808 0.015281 200.000000 0.015281 0.174085 69.633927 -0.766044 -5.019677 200.000000 -5.019677 0.283950 113.580083 0.642788 6.021204 200.000000 6.021204
 7.800000 -0.997216 -0.074564 0.621715 -0.783243 -1.645430 2.470662 -0.074564 -0.997216 -0.783243 0.621715 0.981760 392.703924 -0.173648 1.822305 200.000000 1.822305 0.015397 6.158784 -0.984808 0.015281 200.000000 0.015281 0.029581 11.832285 -0.766044 -5.019677 200.000000 -5.019677 0.044405 17.762062 0.642788 6.021204 200.000000 6.021204
 8.000000 -0.996305 -0.085890 0.720704 -0.693243 -1.656792 2.336775 -0.085890 -0.996305 -0.693243 0.720704 0.770150 308.060111 -0.173648 1.822305 200.000000 1.822305 0.013218 5.287126 -0.984808 0.015281 200.000000 0.015281 0.530010 212.003922 -0.766044 -5.019677 200.000000 -5.019677 0.607100 242.840042 0.642788 6.021204 200.000000 6.021204
 8.200000 -0.975028 -0.222083 0.583964 -0.811780 -1.794746 2.517990 -0.222083 -0.975028 -0.811780 0.583964 0.234589 93.835743 -0.173648 1.822305 200.000000 1.822305 0.009565 3.825856 -0.984808 0.015281 200.000000 0.015281 0.209171 83.668404 -0.766044 -5.019677 200.000000 -5.019677 0.346023 138.409368 0.642788 6.021204 200.000000 6.021204
 8.400000 -0.989533 -0.144307 0.636976 -0.770884 -1.715609 2.451023 -0.144307 -0.989533 -0.770884 0.636976 0.086089 34.435713 -0.173648 1.822305 200.000000 1.822305 0.002233 0.893094 -0.984808 0.015281 200.000000 0.015281 0.002342 0.936698 -0.766044 -5.019677 200.000000 -5.019677 0.003377 1.350974 0.642788 6.021204 200.000000 6.021204
 8.600000 -0.995873 -0.090757 0.617513 -0.786561 -1.661678 2.476016 -0.090757 -0.995873 -0.786561 0.617513 0.687099 274.839632 -0.173648 1.822305 200.000000 1.822305 0.012244 4.897669 -0.984808 0.015281 200.000000 0.015281 0.042091 16.836411 -0.766044 -5.019677 200.000000 -5.019677 0.063880 25.551891 0.642788 6.021204 200.000000 6.021204
 8.800000 -0.977875 -0.209190 0.680757 -0.732509 -1.781543 2.392797 -0.209190 -0.977875 -0.732509 0.680757 0.126320 50.528013 -0.173648 1.822305 200.000000 1.822305 0.004806 1.922480 -0.984808 0.015281 200.000000 0.015281 0.112460 44.984102 -0.766044 -5.019677 200.000000 -5.019677 0.144167 57.666896 0.642788 6.021204 200.000000 6.021204
 9.000000 -0.976576 -0.215172 0.649640 -0.760242 -1.787664 2.434482 -0.215172 -0.976576 -0.760242 0.649640 0.172419 68.967640 -0.173648 1.822305 200.000000 1.822305 0.006776 2.710296 -0.984808 0.015281 200.000000 0.015281 0.003367 1.346767 -0.766044 -5.019677 200.000000 -5.019677 0.004696 1.878244 0.642788 6.021204 200.000000 6.021204
 9.200000 -0.980431 -0.196861 0.666395 -0.745599 -1.768951 2.412229 -0.196861 -0.980431 -0.745599 0.666395 0.053882 21.552635 -0.173648 1.822305 200.000000 1.822305 0.001915 0.766067 -0.984808 0.015281 200.000000 0.015281 0.041802 16.720862 -0.766044 -5.019677 200.000000 -5.019677 0.055731 22.292400 0.642788 6.021204 200.000000 6.021204
 9.400000 -0.978858 -0.204541 0.646024 -0.763317 -1.776792 2.439228 -0.204541 -0.978858 -0.763317 0.646024 0.095440 38.175806 -0.173648 1.822305 200.000000 1.822305 0.003540 1.416030 -0.984808 0.015281 200.000000 0.015281 0.000744 0.297563 -0.766044 -5.019677 200.000000 -5.019677 0.001048 0.419007 0.642788 6.021204 200.000000 6.021204
 9.600000 -0.979559 -0.201155 0.654642 -0.755939 -1.773333 2.427884 -0.201155 -0.979559 -0.755939 0.654642 0.075662 30.264747 -0.173648 1.822305 200.000000 1.822305 0.002754 1.101788 -0.984808 0.015281 200.000000 0.015281 0.010212 4.084807 -0.766044 -5.019677 200.000000 -5.019677 0.014053 5.621132 0.642788 6.021204 200.000000 6.021204
 9.800000 -0.983223 -0.182407 0.676507 -0.736436 -1.754230 2.398583 -0.182407 -0.983223 -0.736436 0.676507 0.007671 3.068462 -0.173648 1.822305 200.000000 1.822305 0.000251 0.100436 -0.984808 0.015281 200.000000 0.015281 0.087667 35.066757 -0.766044 -5.019677 200.000000 -5.019677 0.113702 45.480930 0.642788 6.021204 200.000000 6.021204
 10.000000 -0.999176 -0.040576 0.646448 -0.762958 -1.611384 2.438673 -0.040576 -0.999176 -0.762958 0.646448 1.770812 708.324755 -0.173648 1.822305 200.000000 1.822305 0.020646 8.258369 -0.984808 0.015281 200.000000 0.015281 0.000952 0.380982 -0.766044 -5.019677 200.000000 -5.019677 0.001340 0.535866 0.642788 6.021204 200.000000 6.021204
 10.200000 -0.998630 -0.052321 0.684438 -0.729071 -1.623142 2.387760 -0.052321 -0.998630 -0.729071 0.684438 1.472019 588.807512 -0.173648 1.822305 200.000000 1.822305 0.019106 7.642510 -0.984808 0.015281 200.000000 0.015281 0.136702 54.680602 -0.766044 -5.019677 200.000000 -5.019677 0.173474 69.389465 0.642788 6.021204 200.000000 6.021204
 10.400000 -0.988891 -0.148643 0.668961 -0.743298 -1.719993 2.408783 -0.148643 -0.988891 -0.743298 0.668961 0.062524 25.009590 -0.173648 1.822305 200.000000 1.822305 0.001667 0.666872 -0.984808 0.015281 200.000000 0.015281 0.051740 20.696175 -0.766044 -5.019677 200.000000 -5.019677 0.068502 27.400892 0.642788 6.021204 200.000000 6.021204
 10.600000 -0.962262 -0.272125 0.637928 -0.770096 -1.846397 2.449788 -0.272125 -0.962262 -0.770096 0.637928 0.969772 387.908973 -0.173648 1.822305 200.000000 1.822305 0.050832 20.332704 -0.984808 0.015281 200.000000 0.015281 0.001641 0.656572 -0.766044 -5.019677 200.000000 -5.019677 0.002361 0.944580 0.642788 6.021204 200.000000 6.021204
 10.800000 -0.975563 -0.219718 0.667167 -0.744908 -1.792321 2.411193 -0.219718 -0.975563 -0.744908 0.667167 0.212240 84.896066 -0.173648 1.822305 200.000000 1.822305 0.008546 3.418254 -0.984808 0.015281 200.000000 0.015281 0.044675 17.870170 -0.766044 -5.019677 200.000000 -5.019677 0.059437 23.774834 0.642788 6.021204 200.000000 6.021204
 11.000000 -0.976409 -0.215928 0.569461 -0.822019 -1.788439 2.535743 -0.215928 -0.976409 -0.822019 0.569461 0.178761 71.504399 -0.173648 1.822305 200.000000 1.822305 0.007054 2.821415 -0.984808 0.015281 200.000000 0.015281 0.313310 125.323987 -0.766044 -5.019677 200.000000 -5.019677 0.537683 215.073279 0.642788 6.021204 200.000000 6.021204
 11.200000 -0.988719 -0.149785 0.641360 -0.767240 -1.721147 2.445323 -0.149785 -0.988719 -0.767240 0.641360 0.056946 22.778587 -0.173648 1.822305 200.000000 1.822305 0.001529 0.611800 -0.984808 0.015281 200.000000 0.015281 0.000143 0.057172 -0.766044 -5.019677 200.000000 -5.019677 0.000204 0.081508 0.642788 6.021204 200.000000 6.021204
 11.400000 -0.985395 -0.170286 0.670420 -0.741982 -1.741916 2.406818 -0.170286 -0.985395 -0.741982 0.670420 0.001131 0.452204 -0.173648 1.822305 200.000000 1.822305 0.000034 0.013780 -0.984808 0.015281 200.000000 0.015281 0.057901 23.160474 -0.766044 -5.019677 200.000000 -5.019677 0.076355 30.542066 0.642788 6.021204 200.000000 6.021204
 11.600000 -0.980458 -0.196730 0.677344 -0.735666 -1.768818 2.397446 -0.196730 -0.980458 -0.735666 0.677344 0.053277 21.310826 -0.173648 1.822305 200.000000 1.822305 0.001892 0.756918 -0.984808 0.015281 200.000000 0.015281 0.092285 36.913884 -0.766044 -5.019677 200.000000 -5.019677 0.119417 47.766941 0.642788 6.021204 200.000000 6.021204
 11.800000 -0.976946 -0.213486 0.662358 -0.749188 -1.785938 2.417631 -0.213486 -0.976946 -0.749188 0.662358 0.158708 63.483016 -0.173648 1.822305 200.000000 1.822305 0.006181 2.472249 -0.984808 0.015281 200.000000 0.015281 0.028415 11.366047 -0.766044 -5.019677 200.000000 -5.019677 0.038299 15.319690 0.642788 6.021204 200.000000 6.021204
 12.000000 -0.974341 -0.225078 0.584321 -0.811523 -1.797819 2.517550 -0.225078 -0.974341 -0.811523 0.584321 0.264502 105.800786 -0.173648 1.822305 200.000000 1.822305 0.010956 4.382314 -0.984808 0.015281 200.000000 0.015281 0.206829 82.731440 -0.766044 -5.019677 200.000000 -5.019677 0.341838 136.735284 0.642788 6.021204 200.000000 6.021204
 12.200000 -0.978630 -0.205629 0.637176 -0.770718 -1.777903 2.450764 -0.205629 -0.978630 -0.770718 0.637176 0.102280 40.911819 -0.173648 1.822305 200.000000 1.822305 0.003817 1.526612 -0.984808 0.015281 200.000000 0.015281 0.002184 0.873714 -0.766044 -5.019677 200.000000 -5.019677 0.003149 1.259469 0.642788 6.021204 200.000000 6.021204
 12.400000 -0.985413 -0.170182 0.622975 -0.782242 -1.741811 2.469053 -0.170182 -0.985413 -0.782242 0.622975 0.001201 0.480545 -0.173648 1.822305 200.000000 1.822305 0.000037 0.014635 -0.984808 0.015281 200.000000 0.015281 0.026236 10.494290 -0.766044 -5.019677 200.000000 -5.019677 0.039255 15.701864 0.642788 6.021204 200.000000 6.021204
 12.600000 -0.980447 -0.196784 0.660289 -0.751012 -1.768873 2.420389 -0.196784 -0.980447 -0.751012 0.660289 0.053526 21.410487 -0.173648 1.822305 200.000000 1.822305 0.001902 0.760687 -0.984808 0.015281 200.000000 0.015281 0.022599 9.039508 -0.766044 -5.019677 200.000000 -5.019677 0.030630 12.252030 0.642788 6.021204 200.000000 6.021204
 12.800000 -0.972433 -0.233184 0.626395 -0.779506 -1.806147 2.464672 -0.233184 -0.972433 -0.779506 0.626395 0.354450 141.779938 -0.173648 1.822305 200.000000 1.822305 0.015314 6.125714 -0.984808 0.015281 200.000000 0.015281 0.018120 7.248010 -0.766044 -5.019677 200.000000 -5.019677 0.026871 10.748215 0.642788 6.021204 200.000000 6.021204
 13.000000 -0.980102 -0.198495 0.658286 -0.752768 -1.770619 2.423053 -0.198495 -0.980102 -0.752768 0.658286 0.061739 24.695466 -0.173648 1.822305 200.000000 1.822305 0.002215 0.885836 -0.984808 0.015281 200.000000 0.015281 0.017627 7.050919 -0.766044 -5.019677 200.000000 -5.019677 0.024021 9.608374 0.642788 6.021204 200.000000 6.021204
 13.200000 -0.990126 -0.140182 0.587225 -0.809424 -1.711441 2.513967 -0.140182 -0.990126 -0.809424 0.587225 0.111999 44.799564 -0.173648 1.822305 200.000000 1.822305 0.002828 1.131249 -0.984808 0.015281 200.000000 0.015281 0.188177 75.270833 -0.766044 -5.019677 200.000000 -5.019677 0.308722 123.488636 0.642788 6.021204 200.000000 6.021204
 13.400000 -0.980950 -0.194259 0.637087 -0.770792 -1.766298 2.450879 -0.194259 -0.980950 -0.770792 0.637087 0.042481 16.992335 -0.173648 1.822305 200.000000 1.822305 0.001488 0.595209 -0.984808 0.015281 200.000000 0.015281 0.002254 0.901456 -0.766044 -5.019677 200.000000 -5.019677 0.003249 1.299765 0.642788 6.021204 200.000000 6.021204
 13.600000 -0.996793 -0.080024 0.570330 -0.821415 -1.650906 2.534685 -0.080024 -0.996793 -0.821415 0.570330 0.876556 350.622212 -0.173648 1.822305 200.000000 1.822305 0.014365 5.745814 -0.984808 0.015281 200.000000 0.015281 0.306594 122.637449 -0.766044 -5.019677 200.000000 -5.019677 0.525004 210.001514 0.642788 6.021204 200.000000 6.021204
 13.800000 -0.995496 -0.094802 0.616657 -0.787232 -1.665741 2.477104 -0.094802 -0.995496 -0.787232 0.616657 0.621672 248.668764 -0.173648 1.822305 200.000000 1.822305 0.011424 4.569671 -0.984808 0.015281 200.000000 0.015281 0.044891 17.956391 -0.766044 -5.019677 200.000000 -5.019677 0.068281 27.312306 0.642788 6.021204 200.000000 6.021204
 14.000000 -0.977518 -0.210850 0.568663 -0.822571 -1.783241 2.536713 -0.210850 -0.977518 -0.822571 0.568663 0.138398 55.359246 -0.173648 1.822305 200.000000 1.822305 0.005313 2.125380 -0.984808 0.015281 200.000000 0.015281 0.319523 127.809024 -0.766044 -5.019677 200.000000 -5.019677 0.549449 219.779764 0.642788 6.021204 200.000000 6.021204
 14.200000 -0.993338 -0.115235 0.628623 -0.777710 -1.686288 2.461811 -0.115235 -0.993338 -0.777710 0.628623 0.341205 136.481961 -0.173648 1.822305 200.000000 1.822305 0.007277 2.910747 -0.984808 0.015281 200.000000 0.015281 0.013608 5.443399 -0.766044 -5.019677 200.000000 -5.019677 0.020063 8.025180 0.642788 6.021204 200.000000 6.021204
 14.400000 -0.997794 -0.066390 0.564478 -0.825448 -1.637235 2.541792 -0.066390 -0.997794 -0.825448 0.564478 1.150429 460.171581 -0.173648 1.822305 200.000000 1.822305 0.016864 6.745436 -0.984808 0.015281 200.000000 0.015281 0.352883 141.153392 -0.766044 -5.019677 200.000000 -5.019677 0.613247 245.298789 0.642788 6.021204 200.000000 6.021204
 14.600000 -0.994128 -0.108208 0.644177 -0.764877 -1.679216 2.441646 -0.108208 -0.994128 -0.764877 0.644177 0.428246 171.298384 -0.173648 1.822305 200.000000 1.822305 0.008687 3.474912 -0.984808 0.015281 200.000000 0.015281 0.000136 0.054553 -0.766044 -5.019677 200.000000 -5.019677 0.000193 0.077195 0.642788 6.021204 200.000000 6.021204
 14.800000 -0.991884 -0.127142 0.518990 -0.854780 -1.698284 2.595923 -0.127142 -0.991884 -0.854780 0.518990 0.216279 86.511665 -0.173648 1.822305 200.000000 1.822305 0.005008 2.003203 -0.984808 0.015281 200.000000 0.015281 0.787400 314.960143 -0.766044 -5.019677 200.000000 -5.019677 1.532573 613.029271 0.642788 6.021204 200.000000 6.021204
 15.000000 -0.994338 -0.106265 0.647046 -0.762451 -1.677262 2.437889 -0.106265 -0.994338 -0.762451 0.647046 0.454050 181.619851 -0.173648 1.822305 200.000000 1.822305 0.009082 3.632908 -0.984808 0.015281 200.000000 0.015281 0.001291 0.516509 -0.766044 -5.019677 200.000000 -5.019677 0.001813 0.725335 0.642788 6.021204 200.000000 6.021204
 15.200000 -0.992128 -0.125228 0.607653 -0.794202 -1.696354 2.488490 -0.125228 -0.992128 -0.794202 0.607653 0.234452 93.780642 -0.173648 1.822305 200.000000 1.822305 0.005359 2.143436 -0.984808 0.015281 200.000000 0.015281 0.079287 31.714976 -0.766044 -5.019677 200.000000 -5.019677 0.123443 49.377006 0.642788 6.021204 200.000000 6.021204
 15.400000 -0.983534 -0.180721 0.664046 -0.747692 -1.752515 2.415376 -0.180721 -0.983534 -0.747692 0.664046 0.005002 2.000760 -0.173648 1.822305 200.000000 1.822305 0.000162 0.064849 -0.984808 0.015281 200.000000 0.015281 0.033682 13.472843 -0.766044 -5.019677 200.000000 -5.019677 0.045192 18.076697 0.642788 6.021204 200.000000 6.021204
 15.600000 -0.989976 -0.141239 0.618020 -0.786162 -1.712509 2.475371 -0.141239 -0.989976 -0.786162 0.618020 0.105036 42.014449 -0.173648 1.822305 200.000000 1.822305 0.002671 1.068242 -0.984808 0.015281 200.000000 0.015281 0.040473 16.189228 -0.766044 -5.019677 200.000000 -5.019677 0.061343 24.537349 0.642788 6.021204 200.000000 6.021204
 15.800000 -0.985541 -0.169437 0.619139 -0.785281 -1.741055 2.473947 -0.169437 -0.985541 -0.785281 0.619139 0.001773 0.709200 -0.173648 1.822305 200.000000 1.822305 0.000054 0.021502 -0.984808 0.015281 200.000000 0.015281 0.037006 14.802520 -0.766044 -5.019677 200.000000 -5.019677 0.055926 22.370392 0.642788 6.021204 200.000000 6.021204
 16.000000 -0.981375 -0.192101 0.569004 -0.822335 -1.764099 2.536299 -0.192101 -0.981375 -0.822335 0.569004 0.034051 13.620489 -0.173648 1.822305 200.000000 1.822305 0.001178 0.471316 -0.984808 0.015281 200.000000 0.015281 0.316863 126.745166 -0.766044 -5.019677 200.000000 -5.019677 0.544408 217.763117 0.642788 6.021204 200.000000 6.021204
 16.200000 -0.989740 -0.142883 0.713101 -0.701061 -1.714170 2.347681 -0.142883 -0.989740 -0.701061 0.713101 0.094652 37.860653 -0.173648 1.822305 200.000000 1.822305 0.002432 0.972938 -0.984808 0.015281 200.000000 0.015281 0.422279 168.911401 -0.766044 -5.019677 200.000000 -5.019677 0.494395 197.757968 0.642788 6.021204 200.000000 6.021204
 16.400000 -0.993719 -0.111906 0.682805 -0.730600 -1.682937 2.389997 -0.111906 -0.993719 -0.730600 0.682805 0.381212 152.484918 -0.173648 1.822305 200.000000 1.822305 0.007941 3.176285 -0.984808 0.015281 200.000000 0.015281 0.125628 50.251322 -0.766044 -5.019677 200.000000 -5.019677 0.160142 64.056707 0.642788 6.021204 200.000000 6.021204
 16.600000 -0.983253 -0.182245 0.670577 -0.741840 -1.754065 2.406606 -0.182245 -0.983253 -0.741840 0.670577 0.007390 2.955931 -0.173648 1.822305 200.000000 1.822305 0.000242 0.096662 -0.984808 0.015281 200.000000 0.015281 0.058586 23.434284 -0.766044 -5.019677 200.000000 -5.019677 0.077225 30.889949 0.642788 6.021204 200.000000 6.021204
 16.800000 -0.972692 -0.232101 0.645517 -0.763746 -1.805033 2.439893 -0.232101 -0.972692 -0.763746 0.645517 0.341671 136.668465 -0.173648 1.822305 200.000000 1.822305 0.014680 5.871917 -0.984808 0.015281 200.000000 0.015281 0.000528 0.211327 -0.766044 -5.019677 200.000000 -5.019677 0.000745 0.297976 0.642788 6.021204 200.000000 6.021204
 17.000000 -0.966998 -0.254785 0.662029 -0.749478 -1.828422 2.418070 -0.254785 -0.966998 -0.749478 0.662029 0.658326 263.330356 -0.173648 1.822305 200.000000 1.822305 0.031720 12.688055 -0.984808 0.015281 200.000000 0.015281 0.027444 10.977528 -0.766044 -5.019677 200.000000 -5.019677 0.037023 14.809164 0.642788 6.021204 200.000000 6.021204
 17.200000 -0.976018 -0.217692 0.662782 -0.748813 -1.790245 2.417065 -0.217692 -0.976018 -0.748813 0.662782 0.193986 77.594277 -0.173648 1.822305 200.000000 1.822305 0.007727 3.090728 -0.984808 0.015281 200.000000 0.015281 0.029694 11.877565 -0.766044 -5.019677 200.000000 -5.019677 0.039977 15.990819 0.642788 6.021204 200.000000 6.021204
 17.400000 -0.981870 -0.189553 0.695640 -0.718391 -1.761503 2.372283 -0.189553 -0.981870 -0.718391 0.695640 0.025296 10.118568 -0.173648 1.822305 200.000000 1.822305 0.000863 0.345102 -0.984808 0.015281 200.000000 0.015281 0.227087 90.834821 -0.766044 -5.019677 200.000000 -5.019677 0.279335 111.733977 0.642788 6.021204 200.000000 6.021204
 17.600000 -0.984868 -0.173306 0.668456 -0.743752 -1.744982 2.409462 -0.173306 -0.984868 -0.743752 0.668456 0.000012 0.004687 -0.173648 1.822305 200.000000 1.822305 0.000000 0.000145 -0.984808 0.015281 200.000000 0.015281 0.049696 19.878404 -0.766044 -5.019677 200.000000 -5.019677 0.065886 26.354305 0.642788 6.021204 200.000000 6.021204
 17.800000 -0.992819 -0.119626 0.656588 -0.754249 -1.690710 2.425306 -0.119626 -0.992819 -0.754249 0.656588 0.291835 116.734081 -0.173648 1.822305 200.000000 1.822305 0.006418 2.567189 -0.984808 0.015281 200.000000 0.015281 0.013913 5.565230 -0.766044 -5.019677 200.000000 -5.019677 0.019046 7.618480 0.642788 6.021204 200.000000 6.021204
 18.000000 -0.973694 -0.227858 0.646116 -0.763239 -1.800673 2.439108 -0.227858 -0.973694 -0.763239 0.646116 0.293869 117.547423 -0.173648 1.822305 200.000000 1.822305 0.012351 4.940252 -0.984808 0.015281 200.000000 0.015281 0.000787 0.314854 -0.766044 -5.019677 200.000000 -5.019677 0.001108 0.443245 0.642788 6.021204 200.000000 6.021204
 18.200000 -0.986301 -0.164958 0.670409 -0.741992 -1.736511 2.406833 -0.164958 -0.986301 -0.741992 0.670409 0.007553 3.021106 -0.173648 1.822305 200.000000 1.822305 0.000223 0.089152 -0.984808 0.015281 200.000000 0.015281 0.057852 23.140973 -0.766044 -5.019677 200.000000 -5.019677 0.076293 30.517281 0.642788 6.021204 200.000000 6.021204
 18.400000 -0.985058 -0.172223 0.638988 -0.769217 -1.743883 2.448411 -0.172223 -0.985058 -0.769217 0.638988 0.000203 0.081207 -0.173648 1.822305 200.000000 1.822305 0.000006 0.002504 -0.984808 0.015281 200.000000 0.015281 0.001006 0.402587 -0.766044 -5.019677 200.000000 -5.019677 0.001444 0.577565 0.642788 6.021204 200.000000 6.021204
 18.600000 -0.980552 -0.196262 0.677834 -0.735215 -1.768341 2.396780 -0.196262 -0.980552 -0.735215 0.677834 0.051138 20.455157 -0.173648 1.822305 200.000000 1.822305 0.001812 0.724621 -0.984808 0.015281 200.000000 0.015281 0.095048 38.019197 -0.766044 -5.019677 200.000000 -5.019677 0.122828 49.131172 0.642788 6.021204 200.000000 6.021204
 18.800000 -0.971107 -0.238643 0.701083 -0.713079 -1.811764 2.364677 -0.238643 -0.971107 -0.713079 0.701083 0.422428 168.971033 -0.173648 1.822305 200.000000 1.822305 0.018770 7.507917 -0.984808 0.015281 200.000000 0.015281 0.280530 112.211895 -0.766044 -5.019677 200.000000 -5.019677 0.339839 135.935491 0.642788 6.021204 200.000000 6.021204
 19.000000 -0.972620 -0.232402 0.674904 -0.737906 -1.805342 2.400759 -0.232402 -0.972620 -0.737906 0.674904 0.345196 138.078567 -0.173648 1.822305 200.000000 1.822305 0.014854 5.941736 -0.984808 0.015281 200.000000 0.015281 0.079177 31.670917 -0.766044 -5.019677 200.000000 -5.019677 0.103143 41.257266 0.642788 6.021204 200.000000 6.021204
 19.200000 -0.992489 -0.122337 0.670837 -0.741605 -1.693441 2.406256 -0.122337 -0.992489 -0.741605 0.670837 0.263284 105.313573 -0.173648 1.822305 200.000000 1.822305 0.005900 2.359830 -0.984808 0.015281 200.000000 0.015281 0.059728 23.891352 -0.766044 -5.019677 200.000000 -5.019677 0.078675 31.470172 0.642788 6.021204 200.000000 6.021204
 19.400000 -0.992413 -0.122953 0.776172 -0.630521 -1.694061 2.253021 -0.122953 -0.992413 -0.630521 0.776172 0.257003 102.801245 -0.173648 1.822305 200.000000 1.822305 0.005783 2.313306 -0.984808 0.015281 200.000000 0.015281 1.836650 734.660023 -0.766044 -5.019677 200.000000 -5.019677 1.779136 711.654555 0.642788 6.021204 200.000000 6.021204
 19.600000 -0.975186 -0.221387 0.611024 -0.791612 -1.794033 2.484239 -0.221387 -0.975186 -0.791612 0.611024 0.227898 91.159118 -0.173648 1.822305 200.000000 1.822305 0.009258 3.703069 -0.984808 0.015281 200.000000 0.015281 0.065371 26.148372 -0.766044 -5.019677 200.000000 -5.019677 0.100894 40.357443 0.642788 6.021204 200.000000 6.021204
 19.800000 -0.955686 -0.294389 0.658977 -0.752163 -1.869613 2.422135 -0.294389 -0.955686 -0.752163 0.658977 1.457841 583.136314 -0.173648 1.822305 200.000000 1.822305 0.084810 33.923992 -0.984808 0.015281 200.000000 0.015281 0.019269 7.707410 -0.766044 -5.019677 200.000000 -5.019677 0.026209 10.483497 0.642788 6.021204 200.000000 6.021204
 20.000000 -0.993715 -0.111937 0.655926 -0.754825 -1.682968 2.426184 -0.111937 -0.993715 -0.754825 0.655926 0.380830 152.331844 -0.173648 1.822305 200.000000 1.822305 0.007934 3.173797 -0.984808 0.015281 200.000000 0.015281 0.012587 5.034726 -0.766044 -5.019677 200.000000 -5.019677 0.017261 6.904516 0.642788 6.021204 200.000000 6.021204
