#! FIELDS time sin_phi cos_phi sin_psi cos_psi phi psi cos_phi sin_phi cos_psi sin_psi restraint_phi_cos.bias restraint_phi_cos.force2 restraint_phi_cos.cos_phi_cntr restraint_phi_cos.cos_phi_work restraint_phi_cos.cos_phi_kappa restraint_phi_cos.work restraint_phi_sin.bias restraint_phi_sin.force2 restraint_phi_sin.sin_phi_cntr restraint_phi_sin.sin_phi_work restraint_phi_sin.sin_phi_kappa restraint_phi_sin.work restraint_psi_cos.bias restraint_psi_cos.force2 restraint_psi_cos.cos_psi_cntr restraint_psi_cos.cos_psi_work restraint_psi_cos.cos_psi_kappa restraint_psi_cos.work restraint_psi_sin.bias restraint_psi_sin.force2 restraint_psi_sin.sin_psi_cntr restraint_psi_sin.sin_psi_work restraint_psi_sin.sin_psi_kappa restraint_psi_sin.work
#! SET min_phi -pi
#! SET max_phi pi
#! SET min_psi -pi
#! SET max_psi pi
 0.000000 -0.999983 -0.005782 0.966116 0.258110 -1.576579 1.309731 -0.005782 -0.999983 0.258110 0.966116 0.000000 0.000000 -0.009747 0.000000 0.000000 0.000000 0.000000 0.000000 -0.999953 0.000000 0.000000 0.000000 0.000000 0.000000 0.256142 0.000000 0.000000 0.000000 0.000000 0.000000 0.966639 0.000000 0.000000 0.000000
 0.200000 -1.000000 -0.000266 0.834655 0.550773 -1.571062 0.987506 -0.000266 -1.000000 0.550773 0.834655 0.000899 0.035954 -0.009747 0.429322 20.000000 0.429322 0.000000 0.000001 -0.999953 0.008204 20.000000 0.008204 0.868072 34.722866 0.256142 0.437494 20.000000 0.437494 0.174198 6.967905 0.966639 0.079186 20.000000 0.079186
 0.400000 -0.998238 0.059333 0.982968 0.183778 -1.511428 1.385968 0.059333 -0.998238 0.183778 0.982968 0.095441 7.635246 -0.009747 0.576151 40.000000 0.576151 0.000059 0.004702 -0.999953 0.009175 40.000000 0.009175 0.104733 8.378618 0.256142 0.652620 40.000000 0.652620 0.005333 0.426605 0.966639 0.103852 40.000000 0.103852
 0.600000 -0.997905 0.064690 0.969721 0.244216 -1.506061 1.324085 0.064690 -0.997905 0.244216 0.969721 0.166224 19.946879 -0.009747 0.652738 60.000000 0.652738 0.000126 0.015086 -0.999953 0.009549 60.000000 0.009549 0.004267 0.512080 0.256142 0.812949 60.000000 0.812949 0.000285 0.034192 0.966639 0.126978 60.000000 0.126978
 0.800000 -0.999998 0.001894 0.948099 0.317975 -1.568902 1.247203 0.001894 -0.999998 0.317975 0.948099 0.005420 0.867200 -0.009747 0.745440 80.000000 0.745440 0.000000 0.000013 -0.999953 0.009931 80.000000 0.009931 0.152931 24.469032 0.256142 0.870396 80.000000 0.870396 0.013749 2.199883 0.966639 0.131256 80.000000 0.131256
 1.000000 -0.997905 -0.064690 0.983714 0.179740 -1.635531 1.390074 -0.064690 -0.997905 0.179740 0.983714 0.150938 30.187619 -0.009747 0.830208 100.000000 0.830208 0.000210 0.041905 -0.999953 0.010215 100.000000 0.010215 0.291867 58.373466 0.256142 0.906296 100.000000 0.906296 0.014578 2.915595 0.966639 0.133900 100.000000 0.133900
 1.200000 -0.998628 0.052357 0.985226 0.171262 -1.518415 1.398686 0.052357 -0.998628 0.171262 0.985226 0.231412 55.538994 -0.009747 0.926095 120.000000 0.926095 0.000105 0.025246 -0.999953 0.010633 120.000000 0.010633 0.432282 103.747643 0.256142 0.992025 120.000000 0.992025 0.020727 4.974582 0.966639 0.141240 120.000000 0.141240
 1.400000 -0.999098 0.042471 0.979939 0.199299 -1.528313 1.370154 0.042471 -0.999098 0.199299 0.979939 0.190866 53.442499 -0.009747 0.960898 140.000000 0.960898 0.000051 0.014321 -0.999953 0.010712 140.000000 0.010712 0.226180 63.330420 0.256142 1.092945 140.000000 1.092945 0.012382 3.466844 0.966639 0.149518 140.000000 0.149518
 1.600000 -0.999952 0.009779 0.961528 0.274706 -1.561018 1.292512 0.009779 -0.999952 0.274706 0.961528 0.030498 9.759450 -0.009747 1.007093 160.000000 1.007093 0.000000 0.000000 -0.999953 0.010845 160.000000 0.010845 0.027570 8.822428 0.256142 1.162447 160.000000 1.162447 0.002090 0.668714 0.966639 0.156254 160.000000 0.156254
 1.800000 -0.999816 -0.019191 0.970209 0.242271 -1.589988 1.326090 -0.019191 -0.999816 0.242271 0.970209 0.008027 2.889774 -0.009747 1.051966 180.000000 1.051966 0.000002 0.000605 -0.999953 0.010933 180.000000 0.010933 0.017316 6.233938 0.256142 1.193883 180.000000 1.193883 0.001147 0.412811 0.966639 0.158912 180.000000 0.158912
 2.000000 -0.987451 0.157923 0.943128 0.332430 -1.412209 1.231917 0.157923 -0.987451 0.332430 0.943128 2.811311 1124.524500 -0.009747 1.081900 200.000000 1.081900 0.015628 6.251093 -0.999953 0.011013 200.000000 0.011013 0.581986 232.794469 0.256142 1.219741 200.000000 1.219741 0.055278 22.111200 0.966639 0.161373 200.000000 0.161373
 2.200000 -0.982507 0.186226 0.923211 0.384293 -1.383477 1.176354 0.186226 -0.982507 0.384293 0.923211 0.946413 378.565150 0.088942 0.774942 200.000000 0.774942 0.000532 0.212968 -0.984814 0.023290 200.000000 0.023290 2.433535 973.413910 0.228295 1.293159 200.000000 1.293159 0.000778 0.311215 0.926001 0.305845 200.000000 0.305845
 2.400000 -0.984421 0.175827 0.949578 0.313532 -1.394050 1.251886 0.175827 -0.984421 0.313532 0.949578 0.013931 5.572241 0.187630 0.480406 200.000000 0.480406 0.021740 8.696185 -0.969676 0.052609 200.000000 0.052609 1.278797 511.518794 0.200448 1.432150 200.000000 1.432150 0.412366 164.946579 0.885362 0.811080 200.000000 0.811080
 2.600000 -0.988475 0.151381 0.943841 0.330400 -1.418831 1.234069 0.151381 -0.988475 0.330400 0.943841 1.820812 728.324866 0.286319 0.636785 200.000000 0.636785 0.115173 46.069305 -0.954538 0.080638 200.000000 0.080638 2.490057 996.022645 0.172600 1.630057 200.000000 1.630057 0.982432 392.972828 0.844723 1.677250 200.000000 1.677250
 2.800000 -0.971514 0.236982 0.965865 0.259046 -1.331539 1.308762 0.236982 -0.971514 0.259046 0.965865 0.518911 207.564212 0.309017 0.838838 200.000000 0.838838 0.041851 16.740592 -0.951057 0.088052 200.000000 0.088052 1.306292 522.516615 0.144753 1.802514 200.000000 1.802514 2.617278 1046.911042 0.804085 2.940903 200.000000 2.940903
 3.000000 -0.965666 0.259786 0.963823 0.266545 -1.307995 1.300990 0.259786 -0.965666 0.266545 0.963823 0.242365 96.946161 0.309017 0.838838 200.000000 0.838838 0.021344 8.537612 -0.951057 0.088052 200.000000 0.088052 2.239181 895.672347 0.116906 2.047789 200.000000 2.047789 4.015062 1606.024700 0.763446 4.561282 200.000000 4.561282
 3.200000 -0.973602 0.228251 0.981956 0.189110 -1.340515 1.380540 0.228251 -0.973602 0.189110 0.981956 0.652311 260.924526 0.309017 0.838838 200.000000 0.838838 0.050831 20.332448 -0.951057 0.088052 200.000000 0.088052 1.001039 400.415404 0.089059 2.248112 200.000000 2.248112 6.715770 2686.307852 0.722808 6.551449 200.000000 6.551449
 3.400000 -0.938311 0.345791 0.974348 0.225047 -1.217714 1.343805 0.345791 -0.938311 0.225047 0.974348 0.135236 54.094515 0.309017 0.838838 200.000000 0.838838 0.016244 6.497537 -0.951057 0.088052 200.000000 0.088052 2.684227 1073.690986 0.061211 2.457216 200.000000 2.457216 8.536832 3414.732618 0.682169 8.892075 200.000000 8.892075
 3.600000 -0.950075 0.312022 0.994179 0.107737 -1.253476 1.462850 0.312022 -0.950075 0.107737 0.994179 0.000903 0.361219 0.309017 0.838838 200.000000 0.838838 0.000096 0.038546 -0.951057 0.088052 200.000000 0.088052 0.553134 221.253736 0.033364 2.645653 200.000000 2.645653 12.436112 4974.444924 0.641531 11.585231 200.000000 11.585231
 3.800000 -0.960121 0.279585 0.999039 -0.043823 -1.287434 1.614633 0.279585 -0.960121 -0.043823 0.999039 0.086624 34.649493 0.309017 0.838838 200.000000 0.838838 0.008216 3.286536 -0.951057 0.088052 200.000000 0.088052 0.243440 97.375858 0.005517 2.870179 200.000000 2.870179 15.852115 6340.846017 0.600892 14.630796 200.000000 14.630796
 4.000000 -0.942475 0.334278 0.998744 -0.050111 -1.229958 1.620929 0.334278 -0.942475 -0.050111 0.998744 0.063811 25.524256 0.309017 0.838838 200.000000 0.838838 0.007365 2.945969 -0.951057 0.088052 200.000000 0.088052 0.077176 30.870525 -0.022331 2.978554 200.000000 2.978554 19.227350 7690.939857 0.560254 18.028430 200.000000 18.028430
 4.200000 -0.949629 0.313376 0.985034 -0.172359 -1.252050 1.744020 0.313376 -0.949629 -0.172359 0.985034 0.001900 0.760124 0.309017 0.838838 200.000000 0.838838 0.000204 0.081507 -0.951057 0.088052 200.000000 0.088052 1.492816 597.126235 -0.050178 2.884130 200.000000 2.884130 21.661499 8664.599719 0.519615 21.740427 200.000000 21.740427
 4.400000 -0.937476 0.348050 0.961679 -0.274176 -1.215307 1.848530 0.348050 -0.937476 -0.274176 0.961679 0.152354 60.941639 0.309017 0.838838 200.000000 0.838838 0.018443 7.377069 -0.951057 0.088052 200.000000 0.088052 3.847529 1539.011481 -0.078025 2.770087 200.000000 2.770087 23.300206 9320.082419 0.478977 25.754107 200.000000 25.754107
 4.600000 -0.931381 0.364046 0.999970 0.007681 -1.198188 1.563115 0.364046 -0.931381 0.007681 0.999970 0.302822 121.128639 0.309017 0.838838 200.000000 0.838838 0.038713 15.485223 -0.951057 0.088052 200.000000 0.088052 1.289451 515.780464 -0.105873 2.281571 200.000000 2.281571 31.543107 12617.242969 0.438338 29.982478 200.000000 29.982478
 4.800000 -0.975965 0.217929 0.994077 -0.108674 -1.351104 1.679685 0.217929 -0.975965 -0.108674 0.994077 0.829700 331.880051 0.309017 0.838838 200.000000 0.838838 0.062041 24.816505 -0.951057 0.088052 200.000000 0.088052 0.062730 25.092042 -0.133720 1.414361 200.000000 1.414361 35.566673 14226.669186 0.397699 34.357160 200.000000 34.357160
 5.000000 -0.954670 0.297667 0.933692 -0.358077 -1.268549 1.937004 0.297667 -0.954670 -0.358077 0.933692 0.012883 5.153100 0.309017 0.838838 200.000000 0.838838 0.001306 0.522242 -0.951057 0.088052 200.000000 0.088052 3.861613 1544.645397 -0.161567 0.075313 200.000000 0.075313 33.250347 13300.138628 0.357061 38.723017 200.000000 38.723017
 5.200000 -0.918814 0.394690 0.815993 -0.578061 -1.165066 2.187147 0.394690 -0.918814 -0.578061 0.815993 0.733984 293.593691 0.309017 0.838838 200.000000 0.838838 0.103955 41.582160 -0.951057 0.088052 200.000000 0.088052 15.104647 6041.858839 -0.189414 -1.425607 200.000000 -1.425607 24.957106 9982.842345 0.316422 43.200501 200.000000 43.200501
 5.400000 -0.943037 0.332689 0.674895 -0.737913 -1.231643 2.400770 0.332689 -0.943037 -0.737913 0.674895 0.056034 22.413671 0.309017 0.838838 200.000000 0.838838 0.006432 2.572657 -0.951057 0.088052 200.000000 0.088052 27.107812 10843.124735 -0.217262 -3.306377 200.000000 -3.306377 15.929006 6371.602205 0.275784 47.568826 200.000000 47.568826
 5.600000 -0.964920 0.262544 0.672804 -0.739820 -1.305139 2.403600 0.262544 -0.964920 -0.739820 0.672804 0.215974 86.389608 0.309017 0.838838 200.000000 0.838838 0.019220 7.687874 -0.951057 0.088052 200.000000 0.088052 24.473928 9789.571215 -0.245109 -5.613721 200.000000 -5.613721 19.154553 7661.821047 0.235145 51.646722 200.000000 51.646722
 5.800000 -0.946151 0.323725 0.689802 -0.723998 -1.241132 2.380377 0.323725 -0.946151 -0.723998 0.689802 0.021633 8.653268 0.309017 0.838838 200.000000 0.838838 0.002406 0.962507 -0.951057 0.088052 200.000000 0.088052 20.343876 8137.550458 -0.272956 -8.433480 200.000000 -8.433480 24.531721 9812.688582 0.194507 55.098729 200.000000 55.098729
 6.000000 -0.978816 0.204743 0.603070 -0.797688 -1.364595 2.494248 0.204743 -0.978816 -0.797688 0.603070 1.087309 434.923522 0.309017 0.838838 200.000000 0.838838 0.077058 30.823087 -0.951057 0.088052 200.000000 0.088052 24.689412 9875.764720 -0.300804 -11.572081 200.000000 -11.572081 20.178247 8071.298675 0.153868 57.914283 200.000000 57.914283
 6.200000 -0.939864 0.341549 0.401768 -0.915742 -1.222232 2.728146 0.341549 -0.939864 -0.915742 0.401768 0.105831 42.332494 0.309017 0.838838 200.000000 0.838838 0.012527 5.010829 -0.951057 0.088052 200.000000 0.088052 34.467542 13787.016916 -0.328651 -14.814395 200.000000 -14.814395 8.325418 3330.167348 0.113230 60.188767 200.000000 60.188767
 6.400000 -0.942980 0.332849 0.091661 -0.995790 -1.231473 3.049803 0.332849 -0.942980 -0.995790 0.091661 0.056798 22.719259 0.309017 0.838838 200.000000 0.838838 0.006523 2.609196 -0.951057 0.088052 200.000000 0.088052 40.869418 16347.767198 -0.356498 -18.136235 200.000000 -18.136235 0.036367 14.546924 0.072591 62.097428 200.000000 62.097428
 6.600000 -0.923522 0.383547 -0.053690 -0.998558 -1.177163 -3.087877 0.383547 -0.923522 -0.998558 -0.053690 0.555465 222.186182 0.309017 0.838838 200.000000 0.838838 0.075817 30.326985 -0.951057 0.088052 200.000000 0.088052 37.725645 15090.258067 -0.384346 -21.491289 200.000000 -21.491289 0.733460 293.383948 0.031953 63.359346 200.000000 63.359346
 6.800000 -0.948915 0.315532 0.061932 -0.998080 -1.249779 3.079621 0.315532 -0.948915 -0.998080 0.061932 0.004244 1.697748 0.309017 0.838838 200.000000 0.838838 0.000459 0.183448 -0.951057 0.088052 200.000000 0.088052 34.326414 13730.565446 -0.412193 -24.767195 200.000000 -24.767195 0.498686 199.474319 -0.008686 64.317987 200.000000 64.317987
 7.000000 -0.969013 0.247009 -0.047070 -0.998892 -1.321204 -3.094505 0.247009 -0.969013 -0.998892 -0.047070 0.384499 153.799463 0.309017 0.838838 200.000000 0.838838 0.032244 12.897665 -0.951057 0.088052 200.000000 0.088052 31.231486 12492.594305 -0.440040 -27.945589 200.000000 -27.945589 0.000508 0.203307 -0.049325 64.595551 200.000000 64.595551
 7.200000 -0.965580 0.260104 -0.014522 -0.999895 -1.307666 -3.127070 0.260104 -0.965580 -0.999895 -0.014522 0.239243 95.697287 0.309017 0.838838 200.000000 0.838838 0.021095 8.437812 -0.951057 0.088052 200.000000 0.088052 28.303148 11321.259212 -0.467888 -30.958431 200.000000 -30.958431 0.569137 227.654708 -0.089963 64.607292 200.000000 64.607292
 7.400000 -0.973861 0.227145 -0.154168 -0.988045 -1.341652 -2.986807 0.227145 -0.973861 -0.988045 -0.154168 0.670309 268.123724 0.309017 0.838838 200.000000 0.838838 0.052005 20.801868 -0.951057 0.088052 200.000000 0.088052 24.236898 9694.759040 -0.495735 -33.763478 200.000000 -33.763478 0.055537 22.214788 -0.130602 64.208728 200.000000 64.208728
 7.600000 -0.959284 0.282444 -0.205346 -0.978689 -1.284456 -2.934775 0.282444 -0.959284 -0.978689 -0.205346 0.070615 28.245856 0.309017 0.838838 200.000000 0.838838 0.006769 2.707602 -0.951057 0.088052 200.000000 0.088052 20.712265 8284.905870 -0.523582 -36.372247 200.000000 -36.372247 0.116321 46.528553 -0.171240 63.830955 200.000000 63.830955
 7.800000 -0.968352 0.249587 -0.186783 -0.982401 -1.318543 -2.953706 0.249587 -0.968352 -0.982401 -0.186783 0.353191 141.276583 0.309017 0.838838 200.000000 0.838838 0.029915 11.965845 -0.951057 0.088052 200.000000 0.088052 18.573663 7429.465298 -0.551429 -38.704187 200.000000 -38.704187 0.062979 25.191451 -0.211879 63.119519 200.000000 63.119519
 8.000000 -0.968925 0.247355 -0.352215 -0.935919 -1.320847 -2.781656 0.247355 -0.968925 -0.935919 -0.352215 0.380218 152.087362 0.309017 0.838838 200.000000 0.838838 0.031928 12.771145 -0.951057 0.088052 200.000000 0.088052 12.719391 5087.756376 -0.579277 -40.830447 200.000000 -40.830447 0.993955 397.581933 -0.252517 62.480102 200.000000 62.480102
 8.200000 -0.926227 0.376966 -0.471070 -0.882096 -1.184278 -2.651089 0.376966 -0.926227 -0.882096 -0.471070 0.461705 184.682146 0.309017 0.838838 200.000000 0.838838 0.061650 24.659921 -0.951057 0.088052 200.000000 0.088052 7.560942 3024.376843 -0.607124 -42.748766 200.000000 -42.748766 3.165354 1266.141528 -0.293156 61.908073 200.000000 61.908073
 8.400000 -0.913045 0.407859 -0.431056 -0.902325 -1.150688 -2.695930 0.407859 -0.913045 -0.902325 -0.431056 0.976979 390.791533 0.309017 0.838838 200.000000 0.838838 0.144489 57.795559 -0.951057 0.088052 200.000000 0.088052 7.147804 2859.121792 -0.634971 -44.390111 200.000000 -44.390111 0.945985 378.393952 -0.333794 61.206570 200.000000 61.206570
 8.600000 -0.964624 0.263629 -0.493916 -0.869510 -1.304014 -2.625005 0.263629 -0.964624 -0.869510 -0.493916 0.206004 82.401519 0.309017 0.838838 200.000000 0.838838 0.018408 7.363122 -0.951057 0.088052 200.000000 0.088052 4.272115 1708.846014 -0.662819 -45.804881 200.000000 -45.804881 1.427622 571.048847 -0.374433 60.638723 200.000000 60.638723
 8.800000 -0.973559 0.228437 -0.523821 -0.851828 -1.340324 -2.590262 0.228437 -0.973559 -0.851828 -0.523821 0.649312 259.724612 0.309017 0.838838 200.000000 0.838838 0.050635 20.253873 -0.951057 0.088052 200.000000 0.088052 2.597329 1038.931751 -0.690666 -46.999196 200.000000 -46.999196 1.182650 473.059939 -0.415071 60.178917 200.000000 60.178917
 9.000000 -0.947386 0.320094 -0.482435 -0.875932 -1.244968 -2.638160 0.320094 -0.947386 -0.875932 -0.482435 0.012270 4.907811 0.309017 0.838838 200.000000 0.838838 0.001347 0.538948 -0.951057 0.088052 200.000000 0.088052 2.478055 991.222114 -0.718513 -47.946983 200.000000 -47.946983 0.071424 28.569509 -0.455710 59.797741 200.000000 59.797741
 9.200000 -0.974530 0.224256 -0.542926 -0.839781 -1.344616 -2.567675 0.224256 -0.974530 -0.839781 -0.542926 0.718436 287.374375 0.309017 0.838838 200.000000 0.838838 0.055101 22.040514 -0.951057 0.088052 200.000000 0.088052 0.872731 349.092284 -0.746361 -48.635559 200.000000 -48.635559 0.216945 86.778000 -0.496349 59.473141 200.000000 59.473141
 9.400000 -0.968809 0.247810 -0.574361 -0.818602 -1.320377 -2.529769 0.247810 -0.968809 -0.818602 -0.574361 0.374625 149.849953 0.309017 0.838838 200.000000 0.838838 0.031513 12.605392 -0.951057 0.088052 200.000000 0.088052 0.197083 78.833294 -0.774208 -49.165966 200.000000 -49.165966 0.139683 55.873291 -0.536987 59.478313 200.000000 59.478313
 9.600000 -0.948453 0.316917 -0.468278 -0.883581 -1.248319 -2.654251 0.316917 -0.948453 -0.883581 -0.468278 0.006241 2.496395 0.309017 0.838838 200.000000 0.838838 0.000678 0.271074 -0.951057 0.088052 200.000000 0.088052 0.664645 265.858164 -0.802055 -49.462694 200.000000 -49.462694 1.195681 478.272233 -0.577626 59.626832 200.000000 59.626832
 9.800000 -0.972560 0.232654 -0.556628 -0.830762 -1.335990 -2.551271 0.232654 -0.972560 -0.830762 -0.556628 0.583126 233.250507 0.309017 0.838838 200.000000 0.838838 0.046238 18.495133 -0.951057 0.088052 200.000000 0.088052 0.047284 18.913621 -0.809017 -49.478525 200.000000 -49.478525 0.097078 38.831086 -0.587785 59.642066 200.000000 59.642066
 10.000000 -0.972742 0.231891 -0.549620 -0.835415 -1.336775 -2.559683 0.231891 -0.972742 -0.835415 -0.549620 0.594839 237.935405 0.309017 0.838838 200.000000 0.838838 0.047025 18.809930 -0.951057 0.088052 200.000000 0.088052 0.069684 27.873432 -0.809017 -49.478525 200.000000 -49.478525 0.145657 58.262816 -0.587785 59.642066 200.000000 59.642066
 10.200000 -0.955658 0.294480 -0.518738 -0.854933 -1.271885 -2.596218 0.294480 -0.955658 -0.854933 -0.518738 0.021132 8.452876 0.309017 0.838838 200.000000 0.838838 0.002117 0.846805 -0.951057 0.088052 200.000000 0.088052 0.210828 84.331237 -0.809017 -49.478525 200.000000 -49.478525 0.476747 190.698644 -0.587785 59.642066 200.000000 59.642066
 10.400000 -0.959784 0.280739 -0.514481 -0.857502 -1.286233 -2.601190 0.280739 -0.959784 -0.857502 -0.514481 0.079967 31.986614 0.309017 0.838838 200.000000 0.838838 0.007617 3.046937 -0.951057 0.088052 200.000000 0.088052 0.235077 94.030670 -0.809017 -49.478525 200.000000 -49.478525 0.537349 214.939773 -0.587785 59.642066 200.000000 59.642066
 10.600000 -0.948215 0.317629 -0.515618 -0.856818 -1.247568 -2.599863 0.317629 -0.948215 -0.856818 -0.515618 0.007417 2.966685 0.309017 0.838838 200.000000 0.838838 0.000807 0.322955 -0.951057 0.088052 200.000000 0.088052 0.228496 91.398591 -0.809017 -49.478525 200.000000 -49.478525 0.520805 208.321807 -0.587785 59.642066 200.000000 59.642066
 10.800000 -0.958532 0.284985 -0.551091 -0.834445 -1.281806 -2.557921 0.284985 -0.958532 -0.834445 -0.551091 0.057754 23.101610 0.309017 0.838838 200.000000 0.838838 0.005588 2.235313 -0.951057 0.088052 200.000000 0.088052 0.064659 25.863492 -0.809017 -49.478525 200.000000 -49.478525 0.134646 53.858390 -0.587785 59.642066 200.000000 59.642066
 11.000000 -0.946089 0.323907 -0.508035 -0.861336 -1.240941 -2.608691 0.323907 -0.946089 -0.861336 -0.508035 0.022170 8.868028 0.309017 0.838838 200.000000 0.838838 0.002468 0.987025 -0.951057 0.088052 200.000000 0.088052 0.273732 109.492842 -0.809017 -49.478525 200.000000 -49.478525 0.636010 254.403916 -0.587785 59.642066 200.000000 59.642066
 11.200000 -0.943989 0.329978 -0.561824 -0.827256 -1.234516 -2.545003 0.329978 -0.943989 -0.827256 -0.561824 0.043938 17.575024 0.309017 0.838838 200.000000 0.838838 0.004996 1.998261 -0.951057 0.088052 200.000000 0.088052 0.033268 13.307143 -0.809017 -49.478525 200.000000 -49.478525 0.067396 26.958502 -0.587785 59.642066 200.000000 59.642066
 11.400000 -0.959919 0.280276 -0.542761 -0.839887 -1.286714 -2.567872 0.280276 -0.959919 -0.839887 -0.542761 0.082603 33.041127 0.309017 0.838838 200.000000 0.838838 0.007855 3.142009 -0.951057 0.088052 200.000000 0.088052 0.095298 38.119384 -0.809017 -49.478525 200.000000 -49.478525 0.202722 81.088725 -0.587785 59.642066 200.000000 59.642066
 11.600000 -0.970548 0.240907 -0.572875 -0.819643 -1.327496 -2.531583 0.240907 -0.970548 -0.819643 -0.572875 0.463898 185.559224 0.309017 0.838838 200.000000 0.838838 0.037993 15.197063 -0.951057 0.088052 200.000000 0.088052 0.011290 4.516131 -0.809017 -49.478525 200.000000 -49.478525 0.022231 8.892354 -0.587785 59.642066 200.000000 59.642066
 11.800000 -0.955798 0.294024 -0.575529 -0.817781 -1.272362 -2.528341 0.294024 -0.955798 -0.817781 -0.575529 0.022478 8.991271 0.309017 0.838838 200.000000 0.838838 0.002248 0.899249 -0.951057 0.088052 200.000000 0.088052 0.007681 3.072404 -0.809017 -49.478525 200.000000 -49.478525 0.015021 6.008295 -0.587785 59.642066 200.000000 59.642066
 12.000000 -0.972535 0.232757 -0.458558 -0.888664 -1.335885 -2.665220 0.232757 -0.972535 -0.888664 -0.458558 0.581564 232.625581 0.309017 0.838838 200.000000 0.838838 0.046133 18.453023 -0.951057 0.088052 200.000000 0.088052 0.634369 253.747716 -0.809017 -49.478525 200.000000 -49.478525 1.669959 667.983625 -0.587785 59.642066 200.000000 59.642066
 12.200000 -0.988211 0.153100 -0.581186 -0.813771 -1.417092 -2.521408 0.153100 -0.988211 -0.813771 -0.581186 2.431019 972.407438 0.309017 0.838838 200.000000 0.838838 0.138044 55.217452 -0.951057 0.088052 200.000000 0.088052 0.002260 0.904019 -0.809017 -49.478525 200.000000 -49.478525 0.004355 1.742184 -0.587785 59.642066 200.000000 59.642066
 12.400000 -0.973575 0.228366 -0.593960 -0.804495 -1.340397 -2.505621 0.228366 -0.973575 -0.804495 -0.593960 0.650453 260.181350 0.309017 0.838838 200.000000 0.838838 0.050709 20.283793 -0.951057 0.088052 200.000000 0.088052 0.002045 0.817966 -0.809017 -49.478525 200.000000 -49.478525 0.003812 1.524867 -0.587785 59.642066 200.000000 59.642066
 12.600000 -0.939649 0.342140 -0.503610 -0.863931 -1.221603 -2.613820 0.342140 -0.939649 -0.863931 -0.503610 0.109714 43.885725 0.309017 0.838838 200.000000 0.838838 0.013013 5.205316 -0.951057 0.088052 200.000000 0.088052 0.301553 120.621316 -0.809017 -49.478525 200.000000 -49.478525 0.708540 283.416030 -0.587785 59.642066 200.000000 59.642066
 12.800000 -0.980781 0.195112 -0.562475 -0.826814 -1.374424 -2.544216 0.195112 -0.980781 -0.826814 -0.562475 1.297429 518.971478 0.309017 0.838838 200.000000 0.838838 0.088354 35.341595 -0.951057 0.088052 200.000000 0.088052 0.031674 12.669748 -0.809017 -49.478525 200.000000 -49.478525 0.064061 25.624344 -0.587785 59.642066 200.000000 59.642066
 13.000000 -0.955513 0.294948 -0.564404 -0.825499 -1.271396 -2.541882 0.294948 -0.955513 -0.825499 -0.564404 0.019795 7.917861 0.309017 0.838838 200.000000 0.838838 0.001986 0.794558 -0.951057 0.088052 200.000000 0.088052 0.027165 10.866057 -0.809017 -49.478525 200.000000 -49.478525 0.054669 21.867682 -0.587785 59.642066 200.000000 59.642066
 13.200000 -0.961800 0.273754 -0.531509 -0.847053 -1.293502 -2.581212 0.273754 -0.961800 -0.847053 -0.531509 0.124347 49.738665 0.309017 0.838838 200.000000 0.838838 0.011542 4.616636 -0.951057 0.088052 200.000000 0.088052 0.144673 57.869275 -0.809017 -49.478525 200.000000 -49.478525 0.316707 126.682660 -0.587785 59.642066 200.000000 59.642066
 13.400000 -0.960830 0.277138 -0.641407 -0.767201 -1.289982 -2.445261 0.277138 -0.960830 -0.767201 -0.641407 0.101628 40.651044 0.309017 0.838838 200.000000 0.838838 0.009552 3.820958 -0.951057 0.088052 200.000000 0.088052 0.174862 69.944726 -0.809017 -49.478525 200.000000 -49.478525 0.287533 115.013124 -0.587785 59.642066 200.000000 59.642066
 13.600000 -0.956198 0.292721 -0.505668 -0.862728 -1.273725 -2.611436 0.292721 -0.956198 -0.862728 -0.505668 0.026555 10.622147 0.309017 0.838838 200.000000 0.838838 0.002643 1.057329 -0.951057 0.088052 200.000000 0.088052 0.288486 115.394538 -0.809017 -49.478525 200.000000 -49.478525 0.674318 269.727054 -0.587785 59.642066 200.000000 59.642066
 13.800000 -0.971598 0.236637 -0.551263 -0.834332 -1.331894 -2.557716 0.236637 -0.971598 -0.834332 -0.551263 0.523893 209.557169 0.309017 0.838838 200.000000 0.838838 0.042196 16.878501 -0.951057 0.088052 200.000000 0.088052 0.064084 25.633424 -0.809017 -49.478525 200.000000 -49.478525 0.133390 53.355853 -0.587785 59.642066 200.000000 59.642066
 14.000000 -0.947814 0.318825 -0.607330 -0.794449 -1.246307 -2.488897 0.318825 -0.947814 -0.794449 -0.607330 0.009619 3.847689 0.309017 0.838838 200.000000 0.838838 0.001052 0.420639 -0.951057 0.088052 200.000000 0.088052 0.021222 8.488630 -0.809017 -49.478525 200.000000 -49.478525 0.038201 15.280497 -0.587785 59.642066 200.000000 59.642066
 14.200000 -0.934670 0.355517 -0.558171 -0.829726 -1.207329 -2.549412 0.355517 -0.934670 -0.829726 -0.558171 0.216227 86.490890 0.309017 0.838838 200.000000 0.838838 0.026853 10.741076 -0.951057 0.088052 200.000000 0.088052 0.042885 17.153987 -0.809017 -49.478525 200.000000 -49.478525 0.087698 35.079245 -0.587785 59.642066 200.000000 59.642066
 14.400000 -0.979069 0.203529 -0.575297 -0.817944 -1.365835 -2.528625 0.203529 -0.979069 -0.817944 -0.575297 1.112764 445.105780 0.309017 0.838838 200.000000 0.838838 0.078469 31.387626 -0.951057 0.088052 200.000000 0.088052 0.007970 3.187854 -0.809017 -49.478525 200.000000 -49.478525 0.015595 6.237803 -0.587785 59.642066 200.000000 59.642066
 14.600000 -0.984686 0.174334 -0.565994 -0.824409 -1.395566 -2.539954 0.174334 -0.984686 -0.824409 -0.565994 1.813938 725.575101 0.309017 0.838838 200.000000 0.838838 0.113098 45.239009 -0.951057 0.088052 200.000000 0.088052 0.023693 9.477148 -0.809017 -49.478525 200.000000 -49.478525 0.047487 18.994659 -0.587785 59.642066 200.000000 59.642066
 14.800000 -0.972903 0.231212 -0.515016 -0.857181 -1.337473 -2.600566 0.231212 -0.972903 -0.857181 -0.515016 0.605355 242.141984 0.309017 0.838838 200.000000 0.838838 0.047728 19.091260 -0.951057 0.088052 200.000000 0.088052 0.231973 92.789212 -0.809017 -49.478525 200.000000 -49.478525 0.529537 211.814648 -0.587785 59.642066 200.000000 59.642066
 15.000000 -0.971063 0.238823 -0.559571 -0.828782 -1.329643 -2.547724 0.238823 -0.971063 -0.828782 -0.559571 0.492720 197.087806 0.309017 0.838838 200.000000 0.838838 0.040026 16.010556 -0.951057 0.088052 200.000000 0.088052 0.039066 15.626485 -0.809017 -49.478525 200.000000 -49.478525 0.079602 31.840930 -0.587785 59.642066 200.000000 59.642066
 15.200000 -0.964101 0.265534 -0.577554 -0.816352 -1.302039 -2.525863 0.265534 -0.964101 -0.816352 -0.577554 0.189077 75.630684 0.309017 0.838838 200.000000 0.838838 0.017017 6.806848 -0.951057 0.088052 200.000000 0.088052 0.005381 2.152298 -0.809017 -49.478525 200.000000 -49.478525 0.010467 4.186987 -0.587785 59.642066 200.000000 59.642066
 15.400000 -0.963178 0.268865 -0.531618 -0.846984 -1.298582 -2.581083 0.268865 -0.963178 -0.846984 -0.531618 0.161216 64.486541 0.309017 0.838838 200.000000 0.838838 0.014693 5.877025 -0.951057 0.088052 200.000000 0.088052 0.144152 57.660717 -0.809017 -49.478525 200.000000 -49.478525 0.315477 126.190996 -0.587785 59.642066 200.000000 59.642066
 15.600000 -0.944054 0.329791 -0.513181 -0.858280 -1.234714 -2.602705 0.329791 -0.944054 -0.858280 -0.513181 0.043157 17.262871 0.309017 0.838838 200.000000 0.838838 0.004904 1.961485 -0.951057 0.088052 200.000000 0.088052 0.242687 97.074689 -0.809017 -49.478525 200.000000 -49.478525 0.556575 222.630073 -0.587785 59.642066 200.000000 59.642066
 15.800000 -0.944198 0.329379 -0.561637 -0.827384 -1.235150 -2.545230 0.329379 -0.944198 -0.827384 -0.561637 0.041462 16.584985 0.309017 0.838838 200.000000 0.838838 0.004704 1.881746 -0.951057 0.088052 200.000000 0.088052 0.033735 13.493853 -0.809017 -49.478525 200.000000 -49.478525 0.068375 27.349947 -0.587785 59.642066 200.000000 59.642066
 16.000000 -0.961248 0.275684 -0.554075 -0.832467 -1.291496 -2.554341 0.275684 -0.961248 -0.832467 -0.554075 0.111112 44.444861 0.309017 0.838838 200.000000 0.838838 0.010388 4.155030 -0.951057 0.088052 200.000000 0.088052 0.054989 21.995781 -0.809017 -49.478525 200.000000 -49.478525 0.113639 45.455535 -0.587785 59.642066 200.000000 59.642066
 16.200000 -0.952223 0.305405 -0.637044 -0.770827 -1.260433 -2.450935 0.305405 -0.952223 -0.770827 -0.637044 0.001305 0.521911 0.309017 0.838838 200.000000 0.838838 0.000136 0.054391 -0.951057 0.088052 200.000000 0.088052 0.145844 58.337560 -0.809017 -49.478525 200.000000 -49.478525 0.242642 97.056777 -0.587785 59.642066 200.000000 59.642066
 16.400000 -0.942879 0.333134 -0.592776 -0.805367 -1.231170 -2.507091 0.333134 -0.942879 -0.805367 -0.592776 0.058165 23.265854 0.309017 0.838838 200.000000 0.838838 0.006687 2.674627 -0.951057 0.088052 200.000000 0.088052 0.001332 0.532789 -0.809017 -49.478525 200.000000 -49.478525 0.002491 0.996305 -0.587785 59.642066 200.000000 59.642066
 16.600000 -0.925874 0.377832 -0.559850 -0.828594 -1.183343 -2.547388 0.377832 -0.925874 -0.828594 -0.559850 0.473551 189.420546 0.309017 0.838838 200.000000 0.838838 0.063415 25.366073 -0.951057 0.088052 200.000000 0.088052 0.038327 15.330848 -0.809017 -49.478525 200.000000 -49.478525 0.078041 31.216230 -0.587785 59.642066 200.000000 59.642066
 16.800000 -0.963389 0.268106 -0.560466 -0.828178 -1.299370 -2.546644 0.268106 -0.963389 -0.828178 -0.560466 0.167372 66.948948 0.309017 0.838838 200.000000 0.838838 0.015210 6.084067 -0.951057 0.088052 200.000000 0.088052 0.036713 14.685071 -0.809017 -49.478525 200.000000 -49.478525 0.074635 29.854025 -0.587785 59.642066 200.000000 59.642066
 17.000000 -0.952299 0.305166 -0.611341 -0.791368 -1.260684 -2.483839 0.305166 -0.952299 -0.791368 -0.611341 0.001483 0.593242 0.309017 0.838838 200.000000 0.838838 0.000154 0.061771 -0.951057 0.088052 200.000000 0.088052 0.031150 12.460152 -0.809017 -49.478525 200.000000 -49.478525 0.055486 22.194350 -0.587785 59.642066 200.000000 59.642066
 17.200000 -0.972965 0.230953 -0.595328 -0.803483 -1.337739 -2.503919 0.230953 -0.972965 -0.803483 -0.595328 0.609397 243.758619 0.309017 0.838838 200.000000 0.838838 0.047998 19.199047 -0.951057 0.088052 200.000000 0.088052 0.003063 1.225017 -0.809017 -49.478525 200.000000 -49.478525 0.005689 2.275565 -0.587785 59.642066 200.000000 59.642066
 17.400000 -0.971467 0.237176 -0.598988 -0.800758 -1.331338 -2.499356 0.237176 -0.971467 -0.800758 -0.598988 0.516109 206.443487 0.309017 0.838838 200.000000 0.838838 0.041657 16.662906 -0.951057 0.088052 200.000000 0.088052 0.006821 2.728285 -0.809017 -49.478525 200.000000 -49.478525 0.012549 5.019784 -0.587785 59.642066 200.000000 59.642066
 17.600000 -0.975870 0.218352 -0.573161 -0.819443 -1.350671 -2.531235 0.218352 -0.975870 -0.819443 -0.573161 0.822013 328.805003 0.309017 0.838838 200.000000 0.838838 0.061571 24.628469 -0.951057 0.088052 200.000000 0.088052 0.010870 4.347892 -0.809017 -49.478525 200.000000 -49.478525 0.021387 8.554776 -0.587785 59.642066 200.000000 59.642066
 17.800000 -0.968549 0.248821 -0.521558 -0.853216 -1.319334 -2.592917 0.248821 -0.968549 -0.853216 -0.521558 0.362356 144.942516 0.309017 0.838838 200.000000 0.838838 0.030600 12.240177 -0.951057 0.088052 200.000000 0.088052 0.195353 78.141351 -0.809017 -49.478525 200.000000 -49.478525 0.438604 175.441634 -0.587785 59.642066 200.000000 59.642066
 18.000000 -0.965536 0.260269 -0.605011 -0.796217 -1.307495 -2.491813 0.260269 -0.965536 -0.796217 -0.605011 0.237634 95.053698 0.309017 0.838838 200.000000 0.838838 0.020966 8.386308 -0.951057 0.088052 200.000000 0.088052 0.016383 6.553217 -0.809017 -49.478525 200.000000 -49.478525 0.029671 11.868592 -0.587785 59.642066 200.000000 59.642066
 18.200000 -0.991982 0.126381 -0.650436 -0.759561 -1.444077 -2.433434 0.126381 -0.991982 -0.759561 -0.650436 3.335601 1334.240493 0.309017 0.838838 200.000000 0.838838 0.167488 66.995194 -0.951057 0.088052 200.000000 0.088052 0.244591 97.836312 -0.809017 -49.478525 200.000000 -49.478525 0.392514 157.005757 -0.587785 59.642066 200.000000 59.642066
 18.400000 -0.962300 0.271989 -0.520329 -0.853966 -1.295337 -2.594357 0.271989 -0.962300 -0.853966 -0.520329 0.137108 54.843025 0.309017 0.838838 200.000000 0.838838 0.012642 5.056973 -0.951057 0.088052 200.000000 0.088052 0.202043 80.817130 -0.809017 -49.478525 200.000000 -49.478525 0.455041 182.016355 -0.587785 59.642066 200.000000 59.642066
 18.600000 -0.964495 0.264100 -0.623007 -0.782216 -1.303526 -2.469012 0.264100 -0.964495 -0.782216 -0.623007 0.201755 80.701931 0.309017 0.838838 200.000000 0.838838 0.018060 7.224079 -0.951057 0.088052 200.000000 0.088052 0.071828 28.731123 -0.809017 -49.478525 200.000000 -49.478525 0.124057 49.622776 -0.587785 59.642066 200.000000 59.642066
 18.800000 -0.977883 0.209150 -0.527506 -0.849551 -1.360090 -2.585930 0.209150 -0.977883 -0.849551 -0.527506 0.997334 398.933413 0.309017 0.838838 200.000000 0.838838 0.071969 28.787447 -0.951057 0.088052 200.000000 0.088052 0.164302 65.720652 -0.809017 -49.478525 200.000000 -49.478525 0.363355 145.342185 -0.587785 59.642066 200.000000 59.642066
 19.000000 -0.980125 0.198379 -0.595667 -0.803232 -1.371093 -2.503497 0.198379 -0.980125 -0.803232 -0.595667 1.224080 489.631993 0.309017 0.838838 200.000000 0.838838 0.084500 33.800040 -0.951057 0.088052 200.000000 0.088052 0.003347 1.338820 -0.809017 -49.478525 200.000000 -49.478525 0.006212 2.484763 -0.587785 59.642066 200.000000 59.642066
 19.200000 -0.963743 0.266831 -0.546747 -0.837298 -1.300694 -2.563119 0.266831 -0.963743 -0.837298 -0.546747 0.177970 71.187964 0.309017 0.838838 200.000000 0.838838 0.016096 6.438352 -0.951057 0.088052 200.000000 0.088052 0.079982 31.992757 -0.809017 -49.478525 200.000000 -49.478525 0.168416 67.366520 -0.587785 59.642066 200.000000 59.642066
 19.400000 -0.951001 0.309186 -0.567680 -0.823250 -1.256459 -2.537908 0.309186 -0.951001 -0.823250 -0.567680 0.000003 0.001149 0.309017 0.838838 200.000000 0.838838 0.000000 0.000121 -0.951057 0.088052 200.000000 0.088052 0.020256 8.102578 -0.809017 -49.478525 200.000000 -49.478525 0.040423 16.169322 -0.587785 59.642066 200.000000 59.642066
 19.600000 -0.964980 0.262324 -0.612265 -0.790653 -1.305367 -2.482671 0.262324 -0.964980 -0.790653 -0.612265 0.218025 87.210123 0.309017 0.838838 200.000000 0.838838 0.019386 7.754430 -0.951057 0.088052 200.000000 0.088052 0.033724 13.489552 -0.809017 -49.478525 200.000000 -49.478525 0.059924 23.969541 -0.587785 59.642066 200.000000 59.642066
 19.800000 -0.976977 0.213343 -0.609177 -0.793035 -1.355801 -2.486571 0.213343 -0.976977 -0.793035 -0.609177 0.915348 366.139292 0.309017 0.838838 200.000000 0.838838 0.067189 26.875535 -0.951057 0.088052 200.000000 0.088052 0.025543 10.217394 -0.809017 -49.478525 200.000000 -49.478525 0.045759 18.303436 -0.587785 59.642066 200.000000 59.642066
 20.000000 -0.961050 0.276376 -0.467331 -0.884082 -1.290775 -2.655323 0.276376 -0.961050 -0.884082 -0.467331 0.106544 42.617436 0.309017 0.838838 200.000000 0.838838 0.009986 3.994463 -0.951057 0.088052 200.000000 0.088052 0.563481 225.392258 -0.809017 -49.478525 200.000000 -49.478525 1.450919 580.367543 -0.587785 59.642066 200.000000 59.642066
