#! FIELDS time sin_phi cos_phi sin_psi cos_psi phi psi cos_phi sin_phi cos_psi sin_psi restraint_phi_cos.bias restraint_phi_cos.force2 restraint_phi_cos.cos_phi_cntr restraint_phi_cos.cos_phi_work restraint_phi_cos.cos_phi_kappa restraint_phi_cos.work restraint_phi_sin.bias restraint_phi_sin.force2 restraint_phi_sin.sin_phi_cntr restraint_phi_sin.sin_phi_work restraint_phi_sin.sin_phi_kappa restraint_phi_sin.work restraint_psi_cos.bias restraint_psi_cos.force2 restraint_psi_cos.cos_psi_cntr restraint_psi_cos.cos_psi_work restraint_psi_cos.cos_psi_kappa restraint_psi_cos.work restraint_psi_sin.bias restraint_psi_sin.force2 restraint_psi_sin.sin_psi_cntr restraint_psi_sin.sin_psi_work restraint_psi_sin.sin_psi_kappa restraint_psi_sin.work
#! SET min_phi -pi
#! SET max_phi pi
#! SET min_psi -pi
#! SET max_psi pi
 0.000000 -0.999983 -0.005782 0.966116 0.258110 -1.576579 1.309731 -0.005782 -0.999983 0.258110 0.966116 0.000000 0.000000 -0.009747 0.000000 0.000000 0.000000 0.000000 0.000000 -0.999953 0.000000 0.000000 0.000000 0.000000 0.000000 0.256142 0.000000 0.000000 0.000000 0.000000 0.000000 0.966639 0.000000 0.000000 0.000000
 0.200000 -1.000000 -0.000267 0.834656 0.550772 -1.571063 0.987508 -0.000267 -1.000000 0.550772 0.834656 0.000899 0.035948 -0.009747 0.429323 20.000000 0.429323 0.000000 0.000001 -0.999953 0.008204 20.000000 0.008204 0.868064 34.722547 0.256142 0.437490 20.000000 0.437490 0.174195 6.967810 0.966639 0.079184 20.000000 0.079184
 0.400000 -0.998238 0.059344 0.982966 0.183785 -1.511417 1.385960 0.059344 -0.998238 0.183785 0.982966 0.095470 7.637587 -0.009747 0.576154 40.000000 0.576154 0.000059 0.004705 -0.999953 0.009175 40.000000 0.009175 0.104710 8.376839 0.256142 0.652617 40.000000 0.652617 0.005332 0.426530 0.966639 0.103851 40.000000 0.103851
 0.600000 -0.997906 0.064680 0.969721 0.244216 -1.506071 1.324085 0.064680 -0.997906 0.244216 0.969721 0.166180 19.941551 -0.009747 0.652741 60.000000 0.652741 0.000126 0.015077 -0.999953 0.009549 60.000000 0.009549 0.004267 0.512065 0.256142 0.812944 60.000000 0.812944 0.000285 0.034191 0.966639 0.126977 60.000000 0.126977
 0.800000 -0.999998 0.001902 0.948093 0.317994 -1.568894 1.247184 0.001902 -0.999998 0.317994 0.948093 0.005427 0.868381 -0.009747 0.745441 80.000000 0.745441 0.000000 0.000013 -0.999953 0.009931 80.000000 0.009931 0.153024 24.483797 0.256142 0.870390 80.000000 0.870390 0.013759 2.201368 0.966639 0.131254 80.000000 0.131254
 1.000000 -0.997908 -0.064646 0.983715 0.179737 -1.635487 1.390077 -0.064646 -0.997908 0.179737 0.983715 0.150695 30.139069 -0.009747 0.830208 100.000000 0.830208 0.000209 0.041788 -0.999953 0.010215 100.000000 0.010215 0.291889 58.377783 0.256142 0.906284 100.000000 0.906284 0.014579 2.915772 0.966639 0.133898 100.000000 0.133898
 1.200000 -0.998639 0.052161 0.985238 0.171190 -1.518612 1.398759 0.052161 -0.998639 0.171190 0.985238 0.229952 55.188547 -0.009747 0.926072 120.000000 0.926072 0.000104 0.024856 -0.999953 0.010632 120.000000 0.010632 0.433013 103.923142 0.256142 0.991996 120.000000 0.991996 0.020755 4.981260 0.966639 0.141236 120.000000 0.141236
 1.400000 -0.999100 0.042415 0.979964 0.199175 -1.528369 1.370280 0.042415 -0.999100 0.199175 0.979964 0.190458 53.328269 -0.009747 0.960907 140.000000 0.960907 0.000051 0.014242 -0.999953 0.010712 140.000000 0.010712 0.227170 63.607668 0.256142 1.092918 140.000000 1.092918 0.012429 3.480030 0.966639 0.149508 140.000000 0.149508
 1.600000 -0.999952 0.009799 0.961483 0.274866 -1.560997 1.292347 0.009799 -0.999952 0.274866 0.961483 0.030562 9.779977 -0.009747 1.006971 160.000000 1.006971 0.000000 0.000000 -0.999953 0.010844 160.000000 0.010844 0.028044 8.974219 0.256142 1.162367 160.000000 1.162367 0.002127 0.680659 0.966639 0.156235 160.000000 0.156235
 1.800000 -0.999845 -0.017625 0.970413 0.241453 -1.588422 1.326934 -0.017625 -0.999845 0.241453 0.970413 0.005586 2.010870 -0.009747 1.052368 180.000000 1.052368 0.000001 0.000377 -0.999953 0.010933 180.000000 0.010933 0.019421 6.991447 0.256142 1.193858 180.000000 1.193858 0.001282 0.461357 0.966639 0.158887 180.000000 0.158887
 2.000000 -0.986780 0.162067 0.941411 0.337263 -1.408011 1.226789 0.162067 -0.986780 0.337263 0.941411 2.951990 1180.796033 -0.009747 1.082555 200.000000 1.082555 0.017352 6.940857 -0.999953 0.011018 200.000000 0.011018 0.658048 263.219125 0.256142 1.220872 200.000000 1.220872 0.063647 25.458942 0.966639 0.161486 200.000000 0.161486
 2.200000 -0.999995 0.003293 0.927911 0.372802 -1.567504 1.188769 0.003293 -0.999995 0.372802 0.927911 0.584862 233.944792 -0.073184 1.320145 200.000000 1.320145 0.410888 164.355138 -0.935894 0.373707 200.000000 0.373707 1.928216 771.286584 0.233942 1.270689 200.000000 1.270689 0.022737 9.094652 0.912832 0.423233 200.000000 0.423233
 2.400000 -0.994216 -0.107403 0.940314 0.340309 -1.678407 1.223551 -0.107403 -0.994216 0.340309 0.940314 0.085367 34.146891 -0.136621 1.665238 200.000000 1.665238 1.497686 599.074270 -0.871836 1.546222 200.000000 1.546222 1.652941 661.176439 0.211742 1.382816 200.000000 1.382816 0.660785 264.313814 0.859025 1.278802 200.000000 1.278802
 2.600000 -0.942583 -0.333973 0.890035 0.455892 -1.911312 1.097422 -0.333973 -0.942583 0.455892 0.890035 1.793323 717.329029 -0.200058 1.630401 200.000000 1.630401 1.817254 726.901458 -0.807777 3.368760 200.000000 3.368760 7.094284 2837.713572 0.189541 1.553976 200.000000 1.553976 0.719386 287.754515 0.805218 2.737146 200.000000 2.737146
 2.800000 -0.952877 -0.303358 0.953162 0.302461 -1.879012 1.263523 -0.303358 -0.952877 0.302461 0.953162 0.158910 63.563889 -0.263495 1.168518 200.000000 1.168518 4.374700 1749.879816 -0.743719 5.747650 200.000000 5.747650 1.825734 730.293726 0.167341 1.730374 200.000000 1.730374 4.070326 1628.130573 0.751411 4.818267 200.000000 4.818267
 3.000000 -0.896997 -0.442036 0.979762 0.200168 -2.028663 1.369267 -0.442036 -0.896997 0.200168 0.979762 1.324887 529.954628 -0.326932 0.547104 200.000000 0.547104 4.723544 1889.417726 -0.679660 8.637155 200.000000 8.637155 0.302802 121.120762 0.145141 1.955747 200.000000 1.955747 7.961267 3184.506923 0.697604 7.517793 200.000000 7.517793
 3.200000 -0.899056 -0.437833 0.996141 0.087772 -2.023984 1.482911 -0.437833 -0.899056 0.087772 0.996141 0.225285 90.114099 -0.390369 -0.801277 200.000000 -0.801277 8.034635 3213.854113 -0.615602 11.649557 200.000000 11.649557 0.123680 49.471893 0.122941 2.249085 200.000000 2.249085 12.414569 4965.827680 0.643797 10.815992 200.000000 10.815992
 3.400000 -0.831424 -0.555638 0.994594 0.103843 -2.159927 1.466766 -0.555638 -0.831424 0.103843 0.994594 1.036976 414.790388 -0.453806 -2.701434 200.000000 -2.701434 7.833324 3133.329530 -0.551543 14.652276 200.000000 14.652276 0.000962 0.384963 0.100740 2.541501 200.000000 2.541501 16.370382 6548.152782 0.589990 14.741537 200.000000 14.741537
 3.600000 -0.759271 -0.650775 0.983532 0.180736 -2.279401 1.389062 -0.650775 -0.759271 0.180736 0.983532 1.783056 713.222481 -0.517243 -4.999869 200.000000 -4.999869 7.386769 2954.707481 -0.487485 17.516496 200.000000 17.516496 1.044396 417.758210 0.078540 2.909316 200.000000 2.909316 20.012041 8004.816267 0.536184 19.261408 200.000000 19.261408
 3.800000 -0.664473 -0.747313 0.984863 0.173337 -2.414805 1.396580 -0.747313 -0.664473 0.173337 0.984863 2.776619 1110.647731 -0.580681 -7.727166 200.000000 -7.727166 5.810333 2324.133024 -0.423426 19.913735 200.000000 19.913735 1.368833 547.533149 0.056340 3.047457 200.000000 3.047457 25.249221 10099.688492 0.482377 24.470229 200.000000 24.470229
 4.000000 -0.485782 -0.874080 0.999776 -0.021173 -2.634335 1.591971 -0.874080 -0.485782 -0.021173 0.999776 5.288260 2115.303892 -0.644118 -10.462391 200.000000 -10.462391 1.598056 639.222283 -0.359368 22.029981 200.000000 22.029981 0.305943 122.377188 0.034139 3.172456 200.000000 3.172456 32.627652 13051.060662 0.428570 30.276484 200.000000 30.276484
 4.200000 -0.428229 -0.903670 0.999702 -0.024415 -2.699061 1.595214 -0.903670 -0.428229 -0.024415 0.999702 3.846133 1538.453148 -0.707555 -13.050870 200.000000 -13.050870 1.766748 706.699108 -0.295309 23.899650 200.000000 23.899650 0.132164 52.865453 0.011939 3.281152 200.000000 3.281152 39.054901 15621.960545 0.374763 36.685799 200.000000 36.685799
 4.400000 -0.338753 -0.940875 0.997688 0.067954 -2.796001 1.502790 -0.940875 -0.338753 0.067954 0.997688 2.886032 1154.412765 -0.770992 -15.466487 200.000000 -15.466487 1.155673 462.269365 -0.231251 25.191105 200.000000 25.191105 0.611758 244.703383 -0.010261 3.090565 200.000000 3.090565 45.796718 18318.687135 0.320956 43.676650 200.000000 43.676650
 4.600000 -0.123522 -0.992342 0.931213 -0.364474 -3.017754 1.943865 -0.992342 -0.123522 -0.364474 0.931213 2.493642 997.456946 -0.834429 -17.431357 200.000000 -17.431357 0.190711 76.284340 -0.167193 26.242653 200.000000 26.242653 11.023246 4409.298373 -0.032462 2.565588 200.000000 2.565588 44.098183 17639.273331 0.267149 51.094725 200.000000 51.094725
 4.800000 -0.159299 -0.987230 0.987065 -0.160323 -2.981612 1.731815 -0.987230 -0.159299 -0.160323 0.987065 0.798596 319.438303 -0.897866 -18.834586 200.000000 -18.834586 0.315447 126.178793 -0.103134 27.140926 200.000000 27.140926 1.116435 446.573988 -0.054662 1.728056 200.000000 1.728056 59.864678 23945.871346 0.213342 58.918880 200.000000 58.918880
 5.000000 -0.092089 -0.995751 0.821968 -0.569533 -3.049373 2.176734 -0.995751 -0.092089 -0.569533 0.821968 0.118662 47.464935 -0.961303 -19.609828 200.000000 -19.609828 0.281044 112.417706 -0.039076 27.807554 200.000000 27.807554 24.272459 9708.983491 -0.076862 -0.121608 200.000000 -0.121608 43.881814 17552.725753 0.159535 66.060811 200.000000 66.060811
 5.200000 0.034817 -0.999394 0.664279 -0.747485 3.106768 2.415064 -0.999394 0.034817 -0.747485 0.664279 0.000037 0.014705 -1.000000 -19.724424 200.000000 -19.724424 0.121226 48.490264 -0.000000 28.339540 200.000000 28.339540 42.045171 16818.068571 -0.099062 -2.437461 200.000000 -2.437461 31.197892 12479.156860 0.105728 73.114302 200.000000 73.114302
 5.400000 -0.097090 -0.995276 0.389076 -0.921206 -3.044349 2.741965 -0.995276 -0.097090 -0.921206 0.389076 0.002232 0.892806 -1.000000 -19.724424 200.000000 -19.724424 0.942652 377.060896 -0.000000 28.339540 200.000000 28.339540 63.990871 25596.348300 -0.121263 -5.854048 200.000000 -5.854048 11.367334 4546.933556 0.051921 77.263042 200.000000 77.263042
 5.600000 -0.046172 -0.998934 0.142825 -0.989748 -3.095404 2.998277 -0.998934 -0.046172 -0.989748 0.142825 0.000114 0.045496 -1.000000 -19.724424 200.000000 -19.724424 0.213183 85.273250 -0.000000 28.339540 200.000000 28.339540 71.619800 28647.920042 -0.143463 -9.516507 200.000000 -9.516507 2.094131 837.652257 -0.001886 79.837431 200.000000 79.837431
 5.800000 -0.109298 -0.994009 -0.010370 -0.999946 -3.032076 -3.131222 -0.994009 -0.109298 -0.999946 -0.010370 0.003589 1.435684 -1.000000 -19.724424 200.000000 -19.724424 1.194611 477.844409 -0.000000 28.339540 200.000000 28.339540 69.602782 27841.112786 -0.165663 -13.244519 200.000000 -13.244519 0.205413 82.165332 -0.055693 79.295227 200.000000 79.295227
 6.000000 -0.141769 -0.989900 -0.463909 -0.885883 -2.999344 -2.659190 -0.989900 -0.141769 -0.885883 -0.463909 0.010202 4.080627 -1.000000 -19.724424 200.000000 -19.724424 2.009855 803.941886 -0.000000 28.339540 200.000000 28.339540 48.723042 19489.216915 -0.187864 -16.713951 200.000000 -16.713951 12.560618 5024.247303 -0.109500 77.289114 200.000000 77.289114
 6.200000 -0.158340 -0.987385 -0.483344 -0.875431 -2.982584 -2.637123 -0.987385 -0.158340 -0.875431 -0.483344 0.015915 6.365812 -1.000000 -19.724424 200.000000 -19.724424 2.507142 1002.856658 -0.000000 28.339540 200.000000 28.339540 44.271292 17708.516926 -0.210064 -19.775062 200.000000 -19.775062 10.242354 4096.941701 -0.163307 73.887030 200.000000 73.887030
 6.400000 -0.058349 -0.998296 -0.665809 -0.746122 -3.083210 -2.413015 -0.998296 -0.058349 -0.746122 -0.665809 0.000290 0.116113 -1.000000 -19.724424 200.000000 -19.724424 0.340464 136.185524 -0.000000 28.339540 200.000000 28.339540 26.404983 10561.993071 -0.232264 -22.425752 200.000000 -22.425752 20.132761 8053.104340 -0.217114 69.873418 200.000000 69.873418
 6.600000 -0.077338 -0.997005 -0.579502 -0.814971 -3.064177 -2.523475 -0.997005 -0.077338 -0.814971 -0.579502 0.000897 0.358818 -1.000000 -19.724424 200.000000 -19.724424 0.598117 239.246910 -0.000000 28.339540 200.000000 28.339540 31.416724 12566.689747 -0.254465 -24.815215 200.000000 -24.815215 9.522243 3808.897016 -0.270921 65.830378 200.000000 65.830378
 6.800000 -0.109539 -0.993982 -0.737991 -0.674811 -3.031833 -2.311504 -0.993982 -0.109539 -0.674811 -0.737991 0.003621 1.448435 -1.000000 -19.724424 200.000000 -19.724424 1.199888 479.955313 -0.000000 28.339540 200.000000 28.339540 15.852003 6340.801212 -0.276665 -26.725264 200.000000 -26.725264 17.078658 6831.463209 -0.324728 61.350874 200.000000 61.350874
 7.000000 -0.080569 -0.996749 -0.765454 -0.643491 -3.060937 -2.269846 -0.996749 -0.080569 -0.643491 -0.765454 0.001057 0.422741 -1.000000 -19.724424 200.000000 -19.724424 0.649129 259.651453 -0.000000 28.339540 200.000000 28.339540 11.876663 4750.665160 -0.298865 -28.582699 200.000000 -28.582699 14.970672 5988.268732 -0.378535 57.538459 200.000000 57.538459
 7.200000 -0.099483 -0.995039 -0.744607 -0.667504 -3.041944 -2.301647 -0.995039 -0.099483 -0.667504 -0.744607 0.002461 0.984374 -1.000000 -19.724424 200.000000 -19.724424 0.989695 395.878026 -0.000000 28.339540 200.000000 28.339540 12.001934 4800.773546 -0.321066 -29.924623 200.000000 -29.924623 9.750950 3900.379942 -0.432341 53.419965 200.000000 53.419965
 7.400000 -0.048788 -0.998809 -0.881659 -0.471888 -3.092785 -2.062227 -0.998809 -0.048788 -0.471888 -0.881659 0.000142 0.056725 -1.000000 -19.724424 200.000000 -19.724424 0.238028 95.211259 -0.000000 28.339540 200.000000 28.339540 1.654365 661.746152 -0.343266 -31.263323 200.000000 -31.263323 15.642826 6257.130296 -0.486148 50.080415 200.000000 50.080415
 7.600000 -0.060170 -0.998188 -0.838131 -0.545469 -3.081386 -2.147745 -0.998188 -0.060170 -0.545469 -0.838131 0.000328 0.131316 -1.000000 -19.724424 200.000000 -19.724424 0.362048 144.819070 -0.000000 28.339540 200.000000 28.339540 3.240096 1296.038520 -0.365466 -32.394887 200.000000 -32.394887 8.890880 3556.351810 -0.539955 47.133186 200.000000 47.133186
 7.800000 -0.003285 -0.999995 -0.854313 -0.519759 -3.138307 -2.117365 -0.999995 -0.003285 -0.519759 -0.854313 0.000000 0.000001 -1.000000 -19.724424 200.000000 -19.724424 0.001079 0.431769 -0.000000 28.339540 200.000000 28.339540 1.744836 697.934237 -0.387666 -33.193784 200.000000 -33.193784 6.788674 2715.469797 -0.593762 44.332970 200.000000 44.332970
 8.000000 -0.032379 -0.999476 -0.874194 -0.485578 -3.109208 -2.077820 -0.999476 -0.032379 -0.485578 -0.874194 0.000027 0.010997 -1.000000 -19.724424 200.000000 -19.724424 0.104839 41.935445 -0.000000 28.339540 200.000000 28.339540 0.573212 229.284790 -0.409867 -34.001721 200.000000 -34.001721 5.135862 2054.344612 -0.647569 42.299155 200.000000 42.299155
 8.200000 -0.026531 -0.999648 -0.819559 -0.572994 -3.115059 -2.180951 -0.999648 -0.026531 -0.572994 -0.819559 0.000012 0.004956 -1.000000 -19.724424 200.000000 -19.724424 0.070389 28.155501 -0.000000 28.339540 200.000000 28.339540 1.986048 794.419245 -0.432067 -34.549261 200.000000 -34.549261 1.396727 558.690776 -0.701376 40.555300 200.000000 40.555300
 8.400000 -0.033322 -0.999445 -0.824939 -0.565221 -3.108264 -2.171498 -0.999445 -0.033322 -0.565221 -0.824939 0.000031 0.012336 -1.000000 -19.724424 200.000000 -19.724424 0.111039 44.415412 -0.000000 28.339540 200.000000 28.339540 1.231075 492.430182 -0.454267 -34.929866 200.000000 -34.929866 0.486594 194.637537 -0.755183 39.299158 200.000000 39.299158
 8.600000 -0.098624 -0.995125 -0.843859 -0.536565 -3.042808 -2.137158 -0.995125 -0.098624 -0.536565 -0.843859 0.002377 0.950727 -1.000000 -19.724424 200.000000 -19.724424 0.972676 389.070266 -0.000000 28.339540 200.000000 28.339540 0.361172 144.468729 -0.476468 -35.304546 200.000000 -35.304546 0.121583 48.633301 -0.808990 38.742310 200.000000 38.742310
 8.800000 -0.068816 -0.997629 -0.774299 -0.632820 -3.072722 -2.255987 -0.997629 -0.068816 -0.632820 -0.774299 0.000562 0.224795 -1.000000 -19.724424 200.000000 -19.724424 0.473563 189.425260 -0.000000 28.339540 200.000000 28.339540 1.799689 719.875590 -0.498668 -35.402981 200.000000 -35.402981 0.783197 313.278890 -0.862797 38.512030 200.000000 38.512030
 9.000000 0.010952 -0.999940 -0.837042 -0.547139 3.130640 -2.149739 -0.999940 0.010952 -0.547139 -0.837042 0.000000 0.000144 -1.000000 -19.724424 200.000000 -19.724424 0.011995 4.797842 -0.000000 28.339540 200.000000 28.339540 0.222207 88.882835 -0.500000 -35.418391 200.000000 -35.418391 0.084005 33.601823 -0.866025 38.535084 200.000000 38.535084
 9.200000 -0.024821 -0.999692 -0.826943 -0.562285 -3.116769 -2.167943 -0.999692 -0.024821 -0.562285 -0.826943 0.000009 0.003797 -1.000000 -19.724424 200.000000 -19.724424 0.061606 24.642572 -0.000000 28.339540 200.000000 28.339540 0.387944 155.177551 -0.500000 -35.418391 200.000000 -35.418391 0.152740 61.096057 -0.866025 38.535084 200.000000 38.535084
 9.400000 -0.020761 -0.999784 -0.872172 -0.489199 -3.120830 -2.081968 -0.999784 -0.020761 -0.489199 -0.872172 0.000005 0.001858 -1.000000 -19.724424 200.000000 -19.724424 0.043102 17.240864 -0.000000 28.339540 200.000000 28.339540 0.011666 4.666219 -0.500000 -35.418391 200.000000 -35.418391 0.003778 1.511244 -0.866025 38.535084 200.000000 38.535084
 9.600000 -0.052867 -0.998602 -0.893186 -0.449688 -3.088701 -2.037212 -0.998602 -0.052867 -0.449688 -0.893186 0.000196 0.078227 -1.000000 -19.724424 200.000000 -19.724424 0.279495 111.798030 -0.000000 28.339540 200.000000 28.339540 0.253130 101.252112 -0.500000 -35.418391 200.000000 -35.418391 0.073768 29.507337 -0.866025 38.535084 200.000000 38.535084
 9.800000 -0.070525 -0.997510 -0.867790 -0.496931 -3.071009 -2.090855 -0.997510 -0.070525 -0.496931 -0.867790 0.000620 0.248002 -1.000000 -19.724424 200.000000 -19.724424 0.497378 198.951013 -0.000000 28.339540 200.000000 28.339540 0.000942 0.376779 -0.500000 -35.418391 200.000000 -35.418391 0.000311 0.124569 -0.866025 38.535084 200.000000 38.535084
 10.000000 -0.035828 -0.999358 -0.867133 -0.498076 -3.105757 -2.092175 -0.999358 -0.035828 -0.498076 -0.867133 0.000041 0.016488 -1.000000 -19.724424 200.000000 -19.724424 0.128364 51.345708 -0.000000 28.339540 200.000000 28.339540 0.000370 0.148000 -0.500000 -35.418391 200.000000 -35.418391 0.000123 0.049081 -0.866025 38.535084 200.000000 38.535084
 10.200000 -0.101040 -0.994882 -0.856625 -0.515939 -3.040379 -2.112899 -0.994882 -0.101040 -0.515939 -0.856625 0.002619 1.047627 -1.000000 -19.724424 200.000000 -19.724424 1.020917 408.366994 -0.000000 28.339540 200.000000 28.339540 0.025404 10.161755 -0.500000 -35.418391 200.000000 -35.418391 0.008836 3.534348 -0.866025 38.535084 200.000000 38.535084
 10.400000 -0.119325 -0.992855 -0.830027 -0.557723 -3.021983 -2.162437 -0.992855 -0.119325 -0.557723 -0.830027 0.005105 2.041898 -1.000000 -19.724424 200.000000 -19.724424 1.423845 569.538039 -0.000000 28.339540 200.000000 28.339540 0.333200 133.279871 -0.500000 -35.418391 200.000000 -35.418391 0.129590 51.835869 -0.866025 38.535084 200.000000 38.535084
 10.600000 -0.033714 -0.999432 -0.844411 -0.535697 -3.107873 -2.136129 -0.999432 -0.033714 -0.535697 -0.844411 0.000032 0.012926 -1.000000 -19.724424 200.000000 -19.724424 0.113661 45.464285 -0.000000 28.339540 200.000000 28.339540 0.127424 50.969697 -0.500000 -35.418391 200.000000 -35.418391 0.046720 18.688027 -0.866025 38.535084 200.000000 38.535084
 10.800000 -0.099164 -0.995071 -0.836605 -0.547806 -3.042265 -2.150536 -0.995071 -0.099164 -0.547806 -0.836605 0.002429 0.971779 -1.000000 -19.724424 200.000000 -19.724424 0.983359 393.343707 -0.000000 28.339540 200.000000 28.339540 0.228541 91.416327 -0.500000 -35.418391 200.000000 -35.418391 0.086553 34.621390 -0.866025 38.535084 200.000000 38.535084
 11.000000 -0.061490 -0.998108 -0.887735 -0.460356 -3.080064 -2.049192 -0.998108 -0.061490 -0.460356 -0.887735 0.000358 0.143228 -1.000000 -19.724424 200.000000 -19.724424 0.378096 151.238433 -0.000000 28.339540 200.000000 28.339540 0.157167 62.866673 -0.500000 -35.418391 200.000000 -35.418391 0.047129 18.851438 -0.866025 38.535084 200.000000 38.535084
 11.200000 -0.025750 -0.999668 -0.919273 -0.393620 -3.115840 -1.975363 -0.999668 -0.025750 -0.393620 -0.919273 0.000011 0.004398 -1.000000 -19.724424 200.000000 -19.724424 0.066304 26.521524 -0.000000 28.339540 200.000000 28.339540 1.131660 452.664137 -0.500000 -35.418391 200.000000 -35.418391 0.283531 113.412430 -0.866025 38.535084 200.000000 38.535084
 11.400000 -0.109026 -0.994039 -0.884444 -0.466646 -3.032350 -2.056291 -0.994039 -0.109026 -0.466646 -0.884444 0.003553 1.421386 -1.000000 -19.724424 200.000000 -19.724424 1.188665 475.466193 -0.000000 28.339540 200.000000 28.339540 0.111251 44.500401 -0.500000 -35.418391 200.000000 -35.418391 0.033926 13.570297 -0.866025 38.535084 200.000000 38.535084
 11.600000 0.002515 -0.999997 -0.889703 -0.456540 3.139077 -2.044899 -0.999997 0.002515 -0.456540 -0.889703 0.000000 0.000000 -1.000000 -19.724424 200.000000 -19.724424 0.000633 0.253094 -0.000000 28.339540 200.000000 28.339540 0.188874 75.549758 -0.500000 -35.418391 200.000000 -35.418391 0.056062 22.424621 -0.866025 38.535084 200.000000 38.535084
 11.800000 0.054017 -0.998540 -0.842909 -0.538056 3.087549 -2.138926 -0.998540 0.054017 -0.538056 -0.842909 0.000213 0.085265 -1.000000 -19.724424 200.000000 -19.724424 0.291788 116.715330 -0.000000 28.339540 200.000000 28.339540 0.144828 57.931395 -0.500000 -35.418391 200.000000 -35.418391 0.053437 21.374950 -0.866025 38.535084 200.000000 38.535084
 12.000000 0.091307 -0.995823 -0.868147 -0.496307 3.050158 -2.090136 -0.995823 0.091307 -0.496307 -0.868147 0.001745 0.697960 -1.000000 -19.724424 200.000000 -19.724424 0.833695 333.477957 -0.000000 28.339540 200.000000 28.339540 0.001364 0.545500 -0.500000 -35.418391 200.000000 -35.418391 0.000450 0.180052 -0.866025 38.535084 200.000000 38.535084
 12.200000 0.010114 -0.999949 -0.862882 -0.505405 3.131479 -2.100647 -0.999949 0.010114 -0.505405 -0.862882 0.000000 0.000105 -1.000000 -19.724424 200.000000 -19.724424 0.010229 4.091413 -0.000000 28.339540 200.000000 28.339540 0.002921 1.168395 -0.500000 -35.418391 200.000000 -35.418391 0.000988 0.395119 -0.866025 38.535084 200.000000 38.535084
 12.400000 -0.025796 -0.999667 -0.884724 -0.466116 -3.115794 -2.055692 -0.999667 -0.025796 -0.466116 -0.884724 0.000011 0.004429 -1.000000 -19.724424 200.000000 -19.724424 0.066542 26.616775 -0.000000 28.339540 200.000000 28.339540 0.114815 45.925922 -0.500000 -35.418391 200.000000 -35.418391 0.034963 13.985186 -0.866025 38.535084 200.000000 38.535084
 12.600000 0.008756 -0.999962 -0.871042 -0.491208 3.132836 -2.084273 -0.999962 0.008756 -0.491208 -0.871042 0.000000 0.000059 -1.000000 -19.724424 200.000000 -19.724424 0.007667 3.066924 -0.000000 28.339540 200.000000 28.339540 0.007729 3.091693 -0.500000 -35.418391 200.000000 -35.418391 0.002517 1.006683 -0.866025 38.535084 200.000000 38.535084
 12.800000 -0.026072 -0.999660 -0.858612 -0.512627 -3.115517 -2.109038 -0.999660 -0.026072 -0.512627 -0.858612 0.000012 0.004622 -1.000000 -19.724424 200.000000 -19.724424 0.067976 27.190448 -0.000000 28.339540 200.000000 28.339540 0.015944 6.377474 -0.500000 -35.418391 200.000000 -35.418391 0.005497 2.198630 -0.866025 38.535084 200.000000 38.535084
 13.000000 -0.023842 -0.999716 -0.852512 -0.522708 -3.117749 -2.120821 -0.999716 -0.023842 -0.522708 -0.852512 0.000008 0.003232 -1.000000 -19.724424 200.000000 -19.724424 0.056842 22.736965 -0.000000 28.339540 200.000000 28.339540 0.051567 20.626781 -0.500000 -35.418391 200.000000 -35.418391 0.018262 7.304951 -0.866025 38.535084 200.000000 38.535084
 13.200000 -0.047851 -0.998854 -0.861829 -0.507199 -3.093723 -2.102728 -0.998854 -0.047851 -0.507199 -0.861829 0.000131 0.052490 -1.000000 -19.724424 200.000000 -19.724424 0.228976 91.590439 -0.000000 28.339540 200.000000 28.339540 0.005183 2.073144 -0.500000 -35.418391 200.000000 -35.418391 0.001761 0.704443 -0.866025 38.535084 200.000000 38.535084
 13.400000 -0.111936 -0.993715 -0.853743 -0.520694 -3.029421 -2.118460 -0.993715 -0.111936 -0.520694 -0.853743 0.003950 1.579853 -1.000000 -19.724424 200.000000 -19.724424 1.252972 501.188887 -0.000000 28.339540 200.000000 28.339540 0.042826 17.130224 -0.500000 -35.418391 200.000000 -35.418391 0.015085 6.034127 -0.866025 38.535084 200.000000 38.535084
 13.600000 -0.121780 -0.992557 -0.864860 -0.502013 -3.019510 -2.096721 -0.992557 -0.121780 -0.502013 -0.864860 0.005540 2.215835 -1.000000 -19.724424 200.000000 -19.724424 1.483028 593.211386 -0.000000 28.339540 200.000000 28.339540 0.000405 0.162072 -0.500000 -35.418391 200.000000 -35.418391 0.000136 0.054315 -0.866025 38.535084 200.000000 38.535084
 13.800000 -0.068677 -0.997639 -0.846314 -0.532684 -3.072862 -2.132565 -0.997639 -0.068677 -0.532684 -0.846314 0.000557 0.222979 -1.000000 -19.724424 200.000000 -19.724424 0.471649 188.659472 -0.000000 28.339540 200.000000 28.339540 0.106824 42.729414 -0.500000 -35.418391 200.000000 -35.418391 0.038853 15.541104 -0.866025 38.535084 200.000000 38.535084
 14.000000 -0.017238 -0.999851 -0.867039 -0.498240 -3.124354 -2.092364 -0.999851 -0.017238 -0.498240 -0.867039 0.000002 0.000883 -1.000000 -19.724424 200.000000 -19.724424 0.029715 11.885964 -0.000000 28.339540 200.000000 28.339540 0.000310 0.123845 -0.500000 -35.418391 200.000000 -35.418391 0.000103 0.041089 -0.866025 38.535084 200.000000 38.535084
 14.200000 -0.070214 -0.997532 -0.849177 -0.528109 -3.071320 -2.127168 -0.997532 -0.070214 -0.528109 -0.849177 0.000609 0.243657 -1.000000 -19.724424 200.000000 -19.724424 0.493007 197.202998 -0.000000 28.339540 200.000000 28.339540 0.079011 31.604257 -0.500000 -35.418391 200.000000 -35.418391 0.028388 11.355157 -0.866025 38.535084 200.000000 38.535084
 14.400000 -0.035223 -0.999379 -0.851618 -0.524163 -3.106363 -2.122529 -0.999379 -0.035223 -0.524163 -0.851618 0.000039 0.015401 -1.000000 -19.724424 200.000000 -19.724424 0.124064 49.625518 -0.000000 28.339540 200.000000 28.339540 0.058387 23.354675 -0.500000 -35.418391 200.000000 -35.418391 0.020758 8.303217 -0.866025 38.535084 200.000000 38.535084
 14.600000 -0.083629 -0.996497 -0.855083 -0.518491 -3.057866 -2.115881 -0.996497 -0.083629 -0.518491 -0.855083 0.001227 0.490843 -1.000000 -19.724424 200.000000 -19.724424 0.699374 279.749778 -0.000000 28.339540 200.000000 28.339540 0.034191 13.676466 -0.500000 -35.418391 200.000000 -35.418391 0.011973 4.789295 -0.866025 38.535084 200.000000 38.535084
 14.800000 -0.107888 -0.994163 -0.858493 -0.512825 -3.033494 -2.109268 -0.994163 -0.107888 -0.512825 -0.858493 0.003407 1.362789 -1.000000 -19.724424 200.000000 -19.724424 1.163979 465.591404 -0.000000 28.339540 200.000000 28.339540 0.016448 6.579012 -0.500000 -35.418391 200.000000 -35.418391 0.005673 2.269308 -0.866025 38.535084 200.000000 38.535084
 15.000000 -0.078342 -0.996927 -0.869714 -0.493556 -3.063170 -2.086970 -0.996927 -0.078342 -0.493556 -0.869714 0.000945 0.377855 -1.000000 -19.724424 200.000000 -19.724424 0.613754 245.501691 -0.000000 28.339540 200.000000 28.339540 0.004153 1.661126 -0.500000 -35.418391 200.000000 -35.418391 0.001361 0.544274 -0.866025 38.535084 200.000000 38.535084
 15.200000 -0.067867 -0.997694 -0.845794 -0.533509 -3.073674 -2.133541 -0.997694 -0.067867 -0.533509 -0.845794 0.000532 0.212634 -1.000000 -19.724424 200.000000 -19.724424 0.460591 184.236384 -0.000000 28.339540 200.000000 28.339540 0.112287 44.914755 -0.500000 -35.418391 200.000000 -35.418391 0.040930 16.372001 -0.866025 38.535084 200.000000 38.535084
 15.400000 -0.076550 -0.997066 -0.870492 -0.492182 -3.064968 -2.085391 -0.997066 -0.076550 -0.492182 -0.870492 0.000861 0.344387 -1.000000 -19.724424 200.000000 -19.724424 0.585984 234.393462 -0.000000 28.339540 200.000000 28.339540 0.006112 2.444634 -0.500000 -35.418391 200.000000 -35.418391 0.001995 0.798065 -0.866025 38.535084 200.000000 38.535084
 15.600000 -0.050567 -0.998721 -0.891753 -0.452522 -3.091005 -2.040388 -0.998721 -0.050567 -0.452522 -0.891753 0.000164 0.065465 -1.000000 -19.724424 200.000000 -19.724424 0.255697 102.278855 -0.000000 28.339540 200.000000 28.339540 0.225416 90.166225 -0.500000 -35.418391 200.000000 -35.418391 0.066192 26.476807 -0.866025 38.535084 200.000000 38.535084
 15.800000 0.009599 -0.999954 -0.864253 -0.503058 3.131994 -2.097930 -0.999954 0.009599 -0.503058 -0.864253 0.000000 0.000085 -1.000000 -19.724424 200.000000 -19.724424 0.009214 3.685500 -0.000000 28.339540 200.000000 28.339540 0.000935 0.374018 -0.500000 -35.418391 200.000000 -35.418391 0.000314 0.125694 -0.866025 38.535084 200.000000 38.535084
 16.000000 -0.001358 -0.999999 -0.857269 -0.514869 -3.140235 -2.111651 -0.999999 -0.001358 -0.514869 -0.857269 0.000000 0.000000 -1.000000 -19.724424 200.000000 -19.724424 0.000184 0.073737 -0.000000 28.339540 200.000000 28.339540 0.022109 8.843552 -0.500000 -35.418391 200.000000 -35.418391 0.007668 3.067100 -0.866025 38.535084 200.000000 38.535084
 16.200000 0.006096 -0.999981 -0.868054 -0.496470 3.135496 -2.090324 -0.999981 0.006096 -0.496470 -0.868054 0.000000 0.000014 -1.000000 -19.724424 200.000000 -19.724424 0.003717 1.486613 -0.000000 28.339540 200.000000 28.339540 0.001246 0.498398 -0.500000 -35.418391 200.000000 -35.418391 0.000411 0.164576 -0.866025 38.535084 200.000000 38.535084
 16.400000 -0.095478 -0.995432 -0.857985 -0.513674 -3.045969 -2.110258 -0.995432 -0.095478 -0.513674 -0.857985 0.002087 0.834842 -1.000000 -19.724424 200.000000 -19.724424 0.911610 364.643961 -0.000000 28.339540 200.000000 28.339540 0.018698 7.479096 -0.500000 -35.418391 200.000000 -35.418391 0.006464 2.585626 -0.866025 38.535084 200.000000 38.535084
 16.600000 -0.028799 -0.999585 -0.863612 -0.504157 -3.112789 -2.099202 -0.999585 -0.028799 -0.504157 -0.863612 0.000017 0.006882 -1.000000 -19.724424 200.000000 -19.724424 0.082940 33.175886 -0.000000 28.339540 200.000000 28.339540 0.001728 0.691140 -0.500000 -35.418391 200.000000 -35.418391 0.000582 0.232948 -0.866025 38.535084 200.000000 38.535084
 16.800000 -0.140458 -0.990087 -0.872358 -0.488867 -3.000669 -2.081587 -0.990087 -0.140458 -0.488867 -0.872358 0.009827 3.930988 -1.000000 -19.724424 200.000000 -19.724424 1.972844 789.137740 -0.000000 28.339540 200.000000 28.339540 0.012395 4.957959 -0.500000 -35.418391 200.000000 -35.418391 0.004011 1.604306 -0.866025 38.535084 200.000000 38.535084
 17.000000 -0.141011 -0.990008 -0.866173 -0.499744 -3.000110 -2.094099 -0.990008 -0.141011 -0.499744 -0.866173 0.009984 3.993546 -1.000000 -19.724424 200.000000 -19.724424 1.988402 795.360837 -0.000000 28.339540 200.000000 28.339540 0.000007 0.002625 -0.500000 -35.418391 200.000000 -35.418391 0.000002 0.000874 -0.866025 38.535084 200.000000 38.535084
 17.200000 -0.061167 -0.998128 -0.849910 -0.526927 -3.080387 -2.125778 -0.998128 -0.061167 -0.526927 -0.849910 0.000351 0.140244 -1.000000 -19.724424 200.000000 -19.724424 0.374141 149.656386 -0.000000 28.339540 200.000000 28.339540 0.072509 29.003489 -0.500000 -35.418391 200.000000 -35.418391 0.025970 10.387900 -0.866025 38.535084 200.000000 38.535084
 17.400000 -0.156308 -0.987708 -0.849900 -0.526945 -2.984641 -2.125798 -0.987708 -0.156308 -0.526945 -0.849900 0.015108 6.043388 -1.000000 -19.724424 200.000000 -19.724424 2.443222 977.288717 -0.000000 28.339540 200.000000 28.339540 0.072602 29.040710 -0.500000 -35.418391 200.000000 -35.418391 0.026004 10.401711 -0.866025 38.535084 200.000000 38.535084
 17.600000 -0.045285 -0.998974 -0.889278 -0.457368 -3.096292 -2.045830 -0.998974 -0.045285 -0.457368 -0.889278 0.000105 0.042097 -1.000000 -19.724424 200.000000 -19.724424 0.205071 82.028244 -0.000000 28.339540 200.000000 28.339540 0.181748 72.699383 -0.500000 -35.418391 200.000000 -35.418391 0.054066 21.626410 -0.866025 38.535084 200.000000 38.535084
 17.800000 -0.054604 -0.998508 -0.877896 -0.478852 -3.086961 -2.070142 -0.998508 -0.054604 -0.478852 -0.877896 0.000223 0.089033 -1.000000 -19.724424 200.000000 -19.724424 0.298161 119.264466 -0.000000 28.339540 200.000000 28.339540 0.044725 17.890139 -0.500000 -35.418391 200.000000 -35.418391 0.014091 5.636295 -0.866025 38.535084 200.000000 38.535084
 18.000000 -0.077105 -0.997023 -0.853249 -0.521504 -3.064411 -2.119409 -0.997023 -0.077105 -0.521504 -0.853249 0.000886 0.354500 -1.000000 -19.724424 200.000000 -19.724424 0.594513 237.805069 -0.000000 28.339540 200.000000 28.339540 0.046244 18.497481 -0.500000 -35.418391 200.000000 -35.418391 0.016325 6.529844 -0.866025 38.535084 200.000000 38.535084
 18.200000 -0.022112 -0.999755 -0.839987 -0.542607 -3.119479 -2.144334 -0.999755 -0.022112 -0.542607 -0.839987 0.000006 0.002391 -1.000000 -19.724424 200.000000 -19.724424 0.048895 19.557935 -0.000000 28.339540 200.000000 28.339540 0.181537 72.614982 -0.500000 -35.418391 200.000000 -35.418391 0.067802 27.120865 -0.866025 38.535084 200.000000 38.535084
 18.400000 -0.130645 -0.991429 -0.839563 -0.543262 -3.010573 -2.145114 -0.991429 -0.130645 -0.543262 -0.839563 0.007346 2.938362 -1.000000 -19.724424 200.000000 -19.724424 1.706819 682.727700 -0.000000 28.339540 200.000000 28.339540 0.187161 74.864276 -0.500000 -35.418391 200.000000 -35.418391 0.070025 28.009987 -0.866025 38.535084 200.000000 38.535084
 18.600000 0.018393 -0.999831 -0.830073 -0.557654 3.123199 -2.162353 -0.999831 0.018393 -0.557654 -0.830073 0.000003 0.001145 -1.000000 -19.724424 200.000000 -19.724424 0.033831 13.532201 -0.000000 28.339540 200.000000 28.339540 0.332400 132.959868 -0.500000 -35.418391 200.000000 -35.418391 0.129254 51.701791 -0.866025 38.535084 200.000000 38.535084
 18.800000 -0.051766 -0.998659 -0.860304 -0.509782 -3.089803 -2.105728 -0.998659 -0.051766 -0.509782 -0.860304 0.000180 0.071907 -1.000000 -19.724424 200.000000 -19.724424 0.267975 107.190029 -0.000000 28.339540 200.000000 28.339540 0.009569 3.827491 -0.500000 -35.418391 200.000000 -35.418391 0.003274 1.309551 -0.866025 38.535084 200.000000 38.535084
 19.000000 0.051247 -0.998686 -0.863404 -0.504512 3.090323 -2.099613 -0.998686 0.051247 -0.504512 -0.863404 0.000173 0.069065 -1.000000 -19.724424 200.000000 -19.724424 0.262629 105.051572 -0.000000 28.339540 200.000000 28.339540 0.002036 0.814457 -0.500000 -35.418391 200.000000 -35.418391 0.000687 0.274772 -0.866025 38.535084 200.000000 38.535084
 19.200000 0.061654 -0.998098 -0.854529 -0.519404 3.079899 -2.116950 -0.998098 0.061654 -0.519404 -0.854529 0.000362 0.144771 -1.000000 -19.724424 200.000000 -19.724424 0.380126 152.050415 -0.000000 28.339540 200.000000 28.339540 0.037653 15.061203 -0.500000 -35.418391 200.000000 -35.418391 0.013218 5.287082 -0.866025 38.535084 200.000000 38.535084
 19.400000 -0.033922 -0.999424 -0.870786 -0.491663 -3.107664 -2.084795 -0.999424 -0.033922 -0.491663 -0.870786 0.000033 0.013249 -1.000000 -19.724424 200.000000 -19.724424 0.115071 46.028489 -0.000000 28.339540 200.000000 28.339540 0.006950 2.780192 -0.500000 -35.418391 200.000000 -35.418391 0.002266 0.906354 -0.866025 38.535084 200.000000 38.535084
 19.600000 -0.031236 -0.999512 -0.861295 -0.508105 -3.110352 -2.103779 -0.999512 -0.031236 -0.508105 -0.861295 0.000024 0.009524 -1.000000 -19.724424 200.000000 -19.724424 0.097567 39.026716 -0.000000 28.339540 200.000000 28.339540 0.006568 2.627389 -0.500000 -35.418391 200.000000 -35.418391 0.002237 0.894931 -0.866025 38.535084 200.000000 38.535084
 19.800000 -0.109014 -0.994040 -0.834354 -0.551229 -3.032361 -2.154633 -0.994040 -0.109014 -0.551229 -0.834354 0.003552 1.420774 -1.000000 -19.724424 200.000000 -19.724424 1.188410 475.364154 -0.000000 28.339540 200.000000 28.339540 0.262441 104.976243 -0.500000 -35.418391 200.000000 -35.418391 0.100308 40.123053 -0.866025 38.535084 200.000000 38.535084
 20.000000 -0.083201 -0.996533 -0.779758 -0.626081 -3.058295 -2.247314 -0.996533 -0.083201 -0.626081 -0.779758 0.001202 0.480866 -1.000000 -19.724424 200.000000 -19.724424 0.692243 276.897016 -0.000000 28.339540 200.000000 28.339540 1.589644 635.857667 -0.500000 -35.418391 200.000000 -35.418391 0.744207 297.682916 -0.866025 38.535084 200.000000 38.535084
