#! FIELDS time sin_phi cos_phi sin_psi cos_psi phi psi cos_phi sin_phi cos_psi sin_psi restraint_phi_cos.bias restraint_phi_cos.force2 restraint_phi_cos.cos_phi_cntr restraint_phi_cos.cos_phi_work restraint_phi_cos.cos_phi_kappa restraint_phi_cos.work restraint_phi_sin.bias restraint_phi_sin.force2 restraint_phi_sin.sin_phi_cntr restraint_phi_sin.sin_phi_work restraint_phi_sin.sin_phi_kappa restraint_phi_sin.work restraint_psi_cos.bias restraint_psi_cos.force2 restraint_psi_cos.cos_psi_cntr restraint_psi_cos.cos_psi_work restraint_psi_cos.cos_psi_kappa restraint_psi_cos.work restraint_psi_sin.bias restraint_psi_sin.force2 restraint_psi_sin.sin_psi_cntr restraint_psi_sin.sin_psi_work restraint_psi_sin.sin_psi_kappa restraint_psi_sin.work
#! SET min_phi -pi
#! SET max_phi pi
#! SET min_psi -pi
#! SET max_psi pi
 0.000000 -0.999983 -0.005782 0.966116 0.258110 -1.576579 1.309731 -0.005782 -0.999983 0.258110 0.966116 0.000000 0.000000 -0.009747 0.000000 0.000000 0.000000 0.000000 0.000000 -0.999953 0.000000 0.000000 0.000000 0.000000 0.000000 0.256142 0.000000 0.000000 0.000000 0.000000 0.000000 0.966639 0.000000 0.000000 0.000000
 0.200000 -1.000000 -0.000264 0.834655 0.550773 -1.571061 0.987507 -0.000264 -1.000000 0.550773 0.834655 0.000899 0.035966 -0.009747 0.429324 20.000000 0.429324 0.000000 0.000001 -0.999953 0.008204 20.000000 0.008204 0.868070 34.722782 0.256142 0.437493 20.000000 0.437493 0.174197 6.967880 0.966639 0.079185 20.000000 0.079185
 0.400000 -0.998238 0.059339 0.982966 0.183787 -1.511423 1.385959 0.059339 -0.998238 0.183787 0.982966 0.095456 7.636475 -0.009747 0.576154 40.000000 0.576154 0.000059 0.004704 -0.999953 0.009175 40.000000 0.009175 0.104707 8.376560 0.256142 0.652617 40.000000 0.652617 0.005331 0.426518 0.966639 0.103852 40.000000 0.103852
 0.600000 -0.997904 0.064704 0.969724 0.244202 -1.506047 1.324099 0.064704 -0.997904 0.244202 0.969724 0.166287 19.954449 -0.009747 0.652736 60.000000 0.652736 0.000126 0.015100 -0.999953 0.009549 60.000000 0.009549 0.004277 0.513220 0.256142 0.812937 60.000000 0.812937 0.000286 0.034266 0.966639 0.126976 60.000000 0.126976
 0.800000 -0.999998 0.001902 0.948098 0.317978 -1.568894 1.247200 0.001902 -0.999998 0.317978 0.948098 0.005428 0.868410 -0.009747 0.745434 80.000000 0.745434 0.000000 0.000013 -0.999953 0.009931 80.000000 0.009931 0.152947 24.471577 0.256142 0.870377 80.000000 0.870377 0.013751 2.200139 0.966639 0.131253 80.000000 0.131253
 1.000000 -0.997909 -0.064633 0.983717 0.179726 -1.635474 1.390089 -0.064633 -0.997909 0.179726 0.983717 0.150626 30.125145 -0.009747 0.830204 100.000000 0.830204 0.000209 0.041755 -0.999953 0.010215 100.000000 0.010215 0.291976 58.395284 0.256142 0.906269 100.000000 0.906269 0.014582 2.916486 0.966639 0.133897 100.000000 0.133897
 1.200000 -0.998639 0.052151 0.985243 0.171162 -1.518622 1.398787 0.052151 -0.998639 0.171162 0.985243 0.229877 55.170492 -0.009747 0.926054 120.000000 0.926054 0.000103 0.024836 -0.999953 0.010632 120.000000 0.010632 0.433296 103.991039 0.256142 0.991971 120.000000 0.991971 0.020766 4.983843 0.966639 0.141234 120.000000 0.141234
 1.400000 -0.999103 0.042349 0.979973 0.199131 -1.528435 1.370325 0.042349 -0.999103 0.199131 0.979973 0.189976 53.193248 -0.009747 0.960901 140.000000 0.960901 0.000051 0.014148 -0.999953 0.010712 140.000000 0.010712 0.227518 63.704945 0.256142 1.092885 140.000000 1.092885 0.012445 3.484654 0.966639 0.149504 140.000000 0.149504
 1.600000 -0.999952 0.009793 0.961471 0.274906 -1.561004 1.292305 0.009793 -0.999952 0.274906 0.961471 0.030542 9.773545 -0.009747 1.006937 160.000000 1.006937 0.000000 0.000000 -0.999953 0.010843 160.000000 0.010843 0.028165 9.012865 0.256142 1.162325 160.000000 1.162325 0.002137 0.683702 0.966639 0.156229 160.000000 0.156229
 1.800000 -0.999854 -0.017108 0.970471 0.241217 -1.587905 1.327176 -0.017108 -0.999854 0.241217 0.970471 0.004877 1.755646 -0.009747 1.052466 180.000000 1.052466 0.000001 0.000317 -0.999953 0.010934 180.000000 0.010934 0.020048 7.217435 0.256142 1.193852 180.000000 1.193852 0.001322 0.475790 0.966639 0.158882 180.000000 0.158882
 2.000000 -0.986655 0.162825 0.941008 0.338385 -1.407243 1.225596 0.162825 -0.986655 0.338385 0.941008 2.978091 1191.236371 -0.009747 1.082659 200.000000 1.082659 0.017682 7.072969 -0.999953 0.011019 200.000000 0.011019 0.676384 270.553703 0.256142 1.221181 200.000000 1.221181 0.065696 26.278538 0.966639 0.161518 200.000000 0.161518
 2.200000 -0.996265 0.086344 0.935257 0.353970 -1.484344 1.208983 0.086344 -0.996265 0.353970 0.935257 0.777092 310.836605 -0.001808 1.054690 200.000000 1.054690 0.407134 162.853622 -0.932458 0.432195 200.000000 0.432195 1.727897 691.158987 0.222521 1.247880 200.000000 1.247880 0.157381 62.952496 0.974928 0.164218 200.000000 0.164218
 2.400000 -0.999935 0.011392 0.957344 0.288950 -1.559404 1.277666 0.011392 -0.999935 0.288950 0.957344 0.002769 1.107799 0.006130 1.005542 200.000000 1.005542 1.821717 728.686981 -0.864964 1.771618 200.000000 1.771618 0.441287 176.514718 0.222521 1.247880 200.000000 1.247880 0.030919 12.367643 0.974928 0.164218 200.000000 0.164218
 2.600000 -0.995123 -0.098638 0.915166 0.403076 -1.669594 1.155921 -0.098638 -0.995123 0.403076 0.915166 1.270245 508.098021 0.014068 0.978227 200.000000 0.978227 3.906692 1562.676901 -0.797470 4.009292 200.000000 4.009292 3.260020 1304.008108 0.222521 1.247880 200.000000 1.247880 0.357144 142.857428 0.974928 0.164218 200.000000 0.164218
 2.800000 -0.999278 0.038000 0.965113 0.261835 -1.532788 1.305873 0.038000 -0.999278 0.261835 0.965113 0.025581 10.232217 0.022006 0.940504 200.000000 0.940504 7.252360 2900.944173 -0.729976 7.156738 200.000000 7.156738 0.154558 61.823214 0.222521 1.247880 200.000000 1.247880 0.009634 3.853531 0.974928 0.164218 200.000000 0.164218
 3.000000 -0.999176 -0.040576 0.974262 0.225417 -1.611384 1.343425 -0.040576 -0.999176 0.225417 0.974262 0.497306 198.922477 0.029944 0.862747 200.000000 0.862747 11.336350 4534.540019 -0.662481 11.196390 200.000000 11.196390 0.000839 0.335498 0.222521 1.247880 200.000000 1.247880 0.000044 0.017718 0.974928 0.164218 200.000000 0.164218
 3.200000 -0.999340 0.036329 0.976308 0.216384 -1.534460 1.352687 0.036329 -0.999340 0.216384 0.976308 0.000241 0.096485 0.037882 0.811809 200.000000 0.811809 16.350104 6540.041598 -0.594987 16.123501 200.000000 16.123501 0.003766 1.506416 0.222521 1.247880 200.000000 1.247880 0.000191 0.076220 0.974928 0.164218 200.000000 0.164218
 3.400000 -0.991858 0.127348 0.980614 0.195949 -1.443101 1.373572 0.127348 -0.991858 0.195949 0.980614 0.664691 265.876427 0.045820 0.726801 200.000000 0.726801 21.563482 8625.392960 -0.527493 21.933678 200.000000 21.933678 0.070609 28.243457 0.222521 1.247880 200.000000 1.247880 0.003233 1.293336 0.974928 0.164218 200.000000 0.164218
 3.600000 -0.972199 0.234158 0.961157 0.276001 -1.334444 1.291166 0.234158 -0.972199 0.276001 0.961157 3.254403 1301.761221 0.053758 0.597282 200.000000 0.597282 26.234863 10493.945197 -0.459999 28.627274 200.000000 28.627274 0.286007 114.402818 0.222521 1.247880 200.000000 1.247880 0.018962 7.584998 0.974928 0.164218 200.000000 0.164218
 3.800000 -0.990204 0.139629 0.987520 0.157494 -1.430710 1.412644 0.139629 -0.990204 0.157494 0.987520 0.607350 242.939904 0.061696 0.484018 200.000000 0.484018 35.724443 14289.777162 -0.392505 36.190800 200.000000 36.190800 0.422852 169.140839 0.222521 1.247880 200.000000 1.247880 0.015856 6.342394 0.974928 0.164218 200.000000 0.164218
 4.000000 -0.943953 0.330080 0.966122 0.258086 -1.234408 1.309756 0.330080 -0.943953 0.258086 0.966122 6.783219 2713.287769 0.069634 0.282964 200.000000 0.282964 38.308975 15323.589985 -0.325010 44.549288 200.000000 44.549288 0.126487 50.594642 0.222521 1.247880 200.000000 1.247880 0.007754 3.101780 0.974928 0.164218 200.000000 0.164218
 4.200000 -0.926810 0.375530 0.982989 0.183667 -1.185828 1.386081 0.375530 -0.926810 0.183667 0.982989 8.877869 3551.147738 0.077572 0.065349 200.000000 0.065349 44.795465 17918.185927 -0.257516 53.727990 200.000000 53.727990 0.150964 60.385723 0.222521 1.247880 200.000000 1.247880 0.006497 2.598960 0.974928 0.164218 200.000000 0.164218
 4.400000 -0.930554 0.366154 0.965596 0.260047 -1.195924 1.307726 0.366154 -0.930554 0.260047 0.965596 7.876080 3150.431909 0.085510 -0.231419 200.000000 -0.231419 54.838816 21935.526354 -0.190022 63.680605 200.000000 63.680605 0.140819 56.327797 0.222521 1.247880 200.000000 1.247880 0.008708 3.483385 0.974928 0.164218 200.000000 0.164218
 4.600000 -0.952534 0.304432 0.992584 0.121563 -1.261455 1.448932 0.304432 -0.952534 0.121563 0.992584 4.451406 1780.562272 0.093448 -0.679356 200.000000 -0.679356 68.891048 27556.419088 -0.122528 74.055200 200.000000 74.055200 1.019260 407.704041 0.222521 1.247880 200.000000 1.247880 0.031173 12.469182 0.974928 0.164218 200.000000 0.164218
 4.800000 -0.857978 0.513687 0.933855 0.357651 -1.031320 1.205045 0.513687 -0.857978 0.357651 0.933855 16.999185 6799.673987 0.101386 -1.335537 200.000000 -1.335537 64.471918 25788.767164 -0.055034 84.350086 200.000000 84.350086 1.826021 730.408566 0.222521 1.247880 200.000000 1.247880 0.168697 67.478677 0.974928 0.164218 200.000000 0.164218
 5.000000 -0.263700 0.964605 0.977488 0.210991 -0.266856 1.358208 0.964605 -0.263700 0.210991 0.977488 73.150466 29260.186420 0.109324 -2.382496 200.000000 -2.382496 7.626465 3050.586073 0.012461 91.737043 200.000000 91.737043 0.013294 5.317741 0.222521 1.247880 200.000000 1.247880 0.000655 0.262171 0.974928 0.164218 200.000000 0.164218
 5.200000 0.722797 0.691061 0.964713 0.263302 0.807841 1.304352 0.691061 0.722797 0.263302 0.964713 32.924480 13169.792073 0.117262 -3.663712 200.000000 -3.663712 41.324553 16529.821029 0.079955 89.277460 200.000000 89.277460 0.166313 66.525196 0.222521 1.247880 200.000000 1.247880 0.010434 4.173497 0.974928 0.164218 200.000000 0.164218
 5.400000 0.901892 0.431962 0.935412 0.353560 1.124129 1.209422 0.431962 0.901892 0.353560 0.935412 9.410285 3764.114140 0.125200 -4.526055 200.000000 -4.526055 56.918379 22767.351725 0.147449 80.856612 200.000000 80.856612 1.717127 686.850728 0.222521 1.247880 200.000000 1.247880 0.156152 62.460914 0.974928 0.164218 200.000000 0.164218
 5.600000 0.756377 0.654135 0.973803 0.227393 0.857757 1.341396 0.654135 0.756377 0.227393 0.973803 27.143788 10857.515332 0.133138 -5.305309 200.000000 -5.305309 29.315104 11726.041785 0.214943 72.764909 200.000000 72.764909 0.002374 0.949549 0.222521 1.247880 200.000000 1.247880 0.000127 0.050614 0.974928 0.164218 200.000000 0.164218
 5.800000 0.840834 0.541292 0.959482 0.281771 0.998823 1.285157 0.541292 0.840834 0.281771 0.959482 16.017274 6406.909703 0.141077 -6.033093 200.000000 -6.033093 31.180729 12472.291498 0.282437 65.396058 200.000000 65.396058 0.351057 140.422970 0.222521 1.247880 200.000000 1.247880 0.023859 9.543450 0.974928 0.164218 200.000000 0.164218
 6.000000 0.849645 0.527356 0.947511 0.319723 1.015311 1.245359 0.527356 0.849645 0.319723 0.947511 14.314213 5725.685043 0.149015 -6.516226 200.000000 -6.516226 24.971303 9988.521041 0.349932 57.687182 200.000000 57.687182 0.944829 377.931770 0.222521 1.247880 200.000000 1.247880 0.075169 30.067558 0.974928 0.164218 200.000000 0.164218
 6.200000 0.841662 0.540005 0.945205 0.326478 1.000353 1.238222 0.540005 0.841662 0.326478 0.945205 14.672948 5869.179078 0.156953 -7.083923 200.000000 -7.083923 17.997596 7199.038358 0.417426 51.322527 200.000000 51.322527 1.080700 432.280051 0.222521 1.247880 200.000000 1.247880 0.088346 35.338256 0.974928 0.164218 200.000000 0.164218
 6.400000 0.893198 0.449663 0.980774 0.195146 1.104408 1.374390 0.449663 0.893198 0.195146 0.980774 8.109539 3243.815755 0.164891 -7.456923 200.000000 -7.456923 16.669109 6667.643646 0.484920 45.078806 200.000000 45.078806 0.074937 29.974915 0.222521 1.247880 200.000000 1.247880 0.003418 1.367141 0.974928 0.164218 200.000000 0.164218
 6.600000 0.967896 0.251349 0.960687 0.277633 1.316722 1.289466 0.251349 0.967896 0.277633 0.960687 0.616547 246.618627 0.172829 -7.771759 200.000000 -7.771759 17.262552 6905.020942 0.552414 39.577071 200.000000 39.577071 0.303739 121.495740 0.222521 1.247880 200.000000 1.247880 0.020280 8.112063 0.974928 0.164218 200.000000 0.164218
 6.800000 0.922421 0.386187 0.967157 0.254181 1.174302 1.313795 0.386187 0.922421 0.254181 0.967157 4.219734 1687.893600 0.180767 -8.102011 200.000000 -8.102011 9.151366 3660.546374 0.619908 35.085411 200.000000 35.085411 0.100238 40.095232 0.222521 1.247880 200.000000 1.247880 0.006039 2.415744 0.974928 0.164218 200.000000 0.164218
 7.000000 0.929187 0.369609 0.970251 0.242103 1.192208 1.326264 0.369609 0.929187 0.242103 0.970251 3.272642 1309.056780 0.188705 -8.268147 200.000000 -8.268147 5.845983 2338.393041 0.687403 31.008666 200.000000 31.008666 0.038345 15.337995 0.222521 1.247880 200.000000 1.247880 0.002188 0.875089 0.974928 0.164218 200.000000 0.164218
 7.200000 0.921433 0.388538 0.967774 0.251819 1.171752 1.316237 0.388538 0.921433 0.251819 0.967774 3.682367 1472.946731 0.196643 -8.511316 200.000000 -8.511316 2.773423 1109.369180 0.754897 28.095181 200.000000 28.095181 0.085838 34.335337 0.222521 1.247880 200.000000 1.247880 0.005117 2.046956 0.974928 0.164218 200.000000 0.164218
 7.400000 0.953467 0.301498 0.967784 0.251782 1.264532 1.316275 0.301498 0.953467 0.251782 0.967784 0.939301 375.720462 0.204581 -8.665415 200.000000 -8.665415 1.718082 687.232995 0.822391 25.870979 200.000000 25.870979 0.085622 34.248933 0.222521 1.247880 200.000000 1.247880 0.005104 2.041467 0.974928 0.164218 200.000000 0.164218
 7.600000 0.973115 0.230318 0.956113 0.292998 1.338391 1.273436 0.230318 0.973115 0.292998 0.956113 0.031682 12.672711 0.212519 -8.777353 200.000000 -8.777353 0.692725 277.090105 0.889885 24.490015 200.000000 24.490015 0.496695 198.678089 0.222521 1.247880 200.000000 1.247880 0.035399 14.159744 0.974928 0.164218 200.000000 0.164218
 7.800000 0.962236 0.272217 0.975876 0.218326 1.295100 1.350697 0.272217 0.962236 0.218326 0.975876 0.267912 107.164755 0.220457 -8.905696 200.000000 -8.905696 0.002358 0.943385 0.957379 24.085513 200.000000 24.085513 0.001760 0.703855 0.222521 1.247880 200.000000 1.247880 0.000090 0.035944 0.974928 0.164218 200.000000 0.164218
 8.000000 0.963509 0.267676 0.966137 0.258031 1.299816 1.309813 0.267676 0.963509 0.258031 0.966137 0.203898 81.559146 0.222521 -8.922134 200.000000 -8.922134 0.013039 5.215675 0.974928 24.092833 200.000000 24.092833 0.126094 50.437423 0.222521 1.247880 200.000000 1.247880 0.007728 3.091383 0.974928 0.164218 200.000000 0.164218
 8.200000 0.951477 0.307719 0.967460 0.253025 1.258002 1.314991 0.307719 0.951477 0.253025 0.967460 0.725871 290.348240 0.222521 -8.922134 200.000000 -8.922134 0.054993 21.997267 0.974928 24.092833 200.000000 24.092833 0.093048 37.219356 0.222521 1.247880 200.000000 1.247880 0.005577 2.230907 0.974928 0.164218 200.000000 0.164218
 8.400000 0.962156 0.272498 0.974973 0.222321 1.294808 1.346601 0.272498 0.962156 0.222321 0.974973 0.249772 99.908942 0.222521 -8.922134 200.000000 -8.922134 0.016311 6.524561 0.974928 24.092833 200.000000 24.092833 0.000004 0.001591 0.222521 1.247880 200.000000 1.247880 0.000000 0.000083 0.974928 0.164218 200.000000 0.164218
 8.600000 0.949704 0.313149 0.967974 0.251052 1.252289 1.317029 0.313149 0.949704 0.251052 0.967974 0.821351 328.540279 0.222521 -8.922134 200.000000 -8.922134 0.063625 25.450035 0.974928 24.092833 200.000000 24.092833 0.081403 32.561076 0.222521 1.247880 200.000000 1.247880 0.004836 1.934511 0.974928 0.164218 200.000000 0.164218
 8.800000 0.957604 0.288088 0.950925 0.309422 1.278567 1.256211 0.288088 0.957604 0.309422 0.950925 0.429906 171.962524 0.222521 -8.922134 200.000000 -8.922134 0.030012 12.004875 0.974928 24.092833 200.000000 24.092833 0.755186 302.074291 0.222521 1.247880 200.000000 1.247880 0.057615 23.046148 0.974928 0.164218 200.000000 0.164218
 9.000000 0.970993 0.239106 0.973460 0.228857 1.329351 1.339893 0.239106 0.970993 0.228857 0.973460 0.027507 11.002803 0.222521 -8.922134 200.000000 -8.922134 0.001548 0.619206 0.974928 24.092833 200.000000 24.092833 0.004014 1.605684 0.222521 1.247880 200.000000 1.247880 0.000215 0.086177 0.974928 0.164218 200.000000 0.164218
 9.200000 0.958124 0.286354 0.963816 0.266569 1.280377 1.300964 0.286354 0.958124 0.266569 0.963816 0.407470 162.987971 0.222521 -8.922134 200.000000 -8.922134 0.028238 11.295130 0.974928 24.092833 200.000000 24.092833 0.194027 77.610610 0.222521 1.247880 200.000000 1.247880 0.012348 4.939221 0.974928 0.164218 200.000000 0.164218
 9.400000 0.967825 0.251625 0.977150 0.212551 1.316437 1.356612 0.251625 0.967825 0.212551 0.977150 0.084705 33.882084 0.222521 -8.922134 200.000000 -8.922134 0.005045 2.018177 0.974928 24.092833 200.000000 24.092833 0.009941 3.976380 0.222521 1.247880 200.000000 1.247880 0.000494 0.197522 0.974928 0.164218 200.000000 0.164218
 9.600000 0.976093 0.217354 0.965355 0.260939 1.351694 1.306801 0.217354 0.976093 0.260939 0.965355 0.002670 1.067961 0.222521 -8.922134 200.000000 -8.922134 0.000136 0.054286 0.974928 24.092833 200.000000 24.092833 0.147597 59.038744 0.222521 1.247880 200.000000 1.247880 0.009164 3.665459 0.974928 0.164218 200.000000 0.164218
 9.800000 0.942028 0.335535 0.980467 0.196683 1.228623 1.372822 0.335535 0.942028 0.196683 0.980467 1.277228 510.891282 0.222521 -8.922134 200.000000 -8.922134 0.108243 43.297279 0.974928 24.092833 200.000000 24.092833 0.066758 26.703387 0.222521 1.247880 200.000000 1.247880 0.003068 1.227294 0.974928 0.164218 200.000000 0.164218
 10.000000 0.963662 0.267123 0.960512 0.278238 1.300390 1.288837 0.267123 0.963662 0.278238 0.960512 0.198934 79.573738 0.222521 -8.922134 200.000000 -8.922134 0.012691 5.076430 0.974928 24.092833 200.000000 24.092833 0.310439 124.175766 0.222521 1.247880 200.000000 1.247880 0.020781 8.312561 0.974928 0.164218 200.000000 0.164218
 10.200000 0.960966 0.276667 0.972287 0.233789 1.290472 1.334824 0.276667 0.960966 0.233789 0.972287 0.293179 117.271500 0.222521 -8.922134 200.000000 -8.922134 0.019494 7.797537 0.974928 24.092833 200.000000 24.092833 0.012696 5.078599 0.222521 1.247880 200.000000 1.247880 0.000697 0.278892 0.974928 0.164218 200.000000 0.164218
 10.400000 0.980949 0.194264 0.987512 0.157544 1.375289 1.412593 0.194264 0.980949 0.157544 0.987512 0.079844 31.937792 0.222521 -8.922134 200.000000 -8.922134 0.003626 1.450261 0.974928 24.092833 200.000000 24.092833 0.422195 168.878033 0.222521 1.247880 200.000000 1.247880 0.015836 6.334276 0.974928 0.164218 200.000000 0.164218
 10.600000 0.976109 0.217283 0.959329 0.282291 1.351767 1.284615 0.217283 0.976109 0.282291 0.959329 0.002744 1.097616 0.222521 -8.922134 200.000000 -8.922134 0.000139 0.055775 0.974928 24.092833 200.000000 24.092833 0.357248 142.899307 0.222521 1.247880 200.000000 1.247880 0.024333 9.733330 0.974928 0.164218 200.000000 0.164218
 10.800000 0.955487 0.295034 0.951120 0.308822 1.271305 1.256842 0.295034 0.955487 0.308822 0.951120 0.525822 210.328676 0.222521 -8.922134 200.000000 -8.922134 0.037796 15.118583 0.974928 24.092833 200.000000 24.092833 0.744793 297.917233 0.222521 1.247880 200.000000 1.247880 0.056683 22.673153 0.974928 0.164218 200.000000 0.164218
 11.000000 0.960586 0.277982 0.971517 0.236968 1.289103 1.331553 0.277982 0.960586 0.236968 0.971517 0.307595 123.037982 0.222521 -8.922134 200.000000 -8.922134 0.020568 8.227352 0.974928 24.092833 200.000000 24.092833 0.020871 8.348541 0.222521 1.247880 200.000000 1.247880 0.001163 0.465239 0.974928 0.164218 200.000000 0.164218
 11.200000 0.958161 0.286229 0.973488 0.228738 1.280508 1.340016 0.286229 0.958161 0.228738 0.973488 0.405869 162.347418 0.222521 -8.922134 200.000000 -8.922134 0.028112 11.244752 0.974928 24.092833 200.000000 24.092833 0.003865 1.545834 0.222521 1.247880 200.000000 1.247880 0.000207 0.082918 0.974928 0.164218 200.000000 0.164218
 11.400000 0.963845 0.266465 0.957431 0.288662 1.301073 1.277968 0.266465 0.963845 0.288662 0.957431 0.193104 77.241736 0.222521 -8.922134 200.000000 -8.922134 0.012284 4.913492 0.974928 24.092833 200.000000 24.092833 0.437459 174.983524 0.222521 1.247880 200.000000 1.247880 0.030614 12.245415 0.974928 0.164218 200.000000 0.164218
 11.600000 0.974307 0.225223 0.968422 0.249318 1.343625 1.318821 0.225223 0.974307 0.249318 0.968422 0.000730 0.291952 0.222521 -8.922134 200.000000 -8.922134 0.000039 0.015404 0.974928 24.092833 200.000000 24.092833 0.071806 28.722261 0.222521 1.247880 200.000000 1.247880 0.004233 1.693181 0.974928 0.164218 200.000000 0.164218
 11.800000 0.970305 0.241886 0.971533 0.236903 1.326487 1.331619 0.241886 0.970305 0.236903 0.971533 0.037500 14.999925 0.222521 -8.922134 200.000000 -8.922134 0.002137 0.854954 0.974928 24.092833 200.000000 24.092833 0.020685 8.273948 0.222521 1.247880 200.000000 1.247880 0.001152 0.460945 0.974928 0.164218 200.000000 0.164218
 12.000000 0.961579 0.274528 0.973662 0.227997 1.292697 1.340776 0.274528 0.961579 0.227997 0.973662 0.270477 108.190937 0.222521 -8.922134 200.000000 -8.922134 0.017819 7.127738 0.974928 24.092833 200.000000 24.092833 0.002999 1.199536 0.222521 1.247880 200.000000 1.247880 0.000160 0.064121 0.974928 0.164218 200.000000 0.164218
 12.200000 0.941166 0.337944 0.970950 0.239281 1.226065 1.329171 0.337944 0.941166 0.239281 0.970950 1.332238 532.895087 0.222521 -8.922134 200.000000 -8.922134 0.113984 45.593626 0.974928 24.092833 200.000000 24.092833 0.028091 11.236392 0.222521 1.247880 200.000000 1.247880 0.001582 0.632860 0.974928 0.164218 200.000000 0.164218
 12.400000 0.962259 0.272136 0.961407 0.275132 1.295184 1.292069 0.272136 0.962259 0.275132 0.961407 0.246166 98.466563 0.222521 -8.922134 200.000000 -8.922134 0.016051 6.420283 0.974928 24.092833 200.000000 24.092833 0.276791 110.716306 0.222521 1.247880 200.000000 1.247880 0.018283 7.313137 0.974928 0.164218 200.000000 0.164218
 12.600000 0.975833 0.218517 0.984653 0.174524 1.350502 1.395374 0.218517 0.975833 0.174524 0.984653 0.001603 0.641229 0.222521 -8.922134 200.000000 -8.922134 0.000082 0.032776 0.974928 24.092833 200.000000 24.092833 0.230370 92.148151 0.222521 1.247880 200.000000 1.247880 0.009458 3.783029 0.974928 0.164218 200.000000 0.164218
 12.800000 0.977311 0.211807 0.983527 0.180759 1.357372 1.389038 0.211807 0.977311 0.180759 0.983527 0.011478 4.591169 0.222521 -8.922134 200.000000 -8.922134 0.000568 0.227245 0.974928 24.092833 200.000000 24.092833 0.174408 69.763209 0.222521 1.247880 200.000000 1.247880 0.007395 2.958093 0.974928 0.164218 200.000000 0.164218
 13.000000 0.970329 0.241790 0.946897 0.321537 1.326586 1.243444 0.241790 0.970329 0.321537 0.946897 0.037129 14.851567 0.222521 -8.922134 200.000000 -8.922134 0.002115 0.846128 0.974928 24.092833 200.000000 24.092833 0.980422 392.168768 0.222521 1.247880 200.000000 1.247880 0.078573 31.429393 0.974928 0.164218 200.000000 0.164218
 13.200000 0.907239 0.420616 0.962668 0.270684 1.136672 1.296693 0.420616 0.907239 0.270684 0.962668 3.924173 1569.669383 0.222521 -8.922134 200.000000 -8.922134 0.458183 183.273318 0.974928 24.092833 200.000000 24.092833 0.231966 92.786344 0.222521 1.247880 200.000000 1.247880 0.015030 6.011902 0.974928 0.164218 200.000000 0.164218
 13.400000 0.970699 0.240297 0.958847 0.283922 1.328125 1.282914 0.240297 0.970699 0.283922 0.958847 0.031598 12.639344 0.222521 -8.922134 200.000000 -8.922134 0.001788 0.715196 0.974928 24.092833 200.000000 24.092833 0.377012 150.804745 0.222521 1.247880 200.000000 1.247880 0.025859 10.343427 0.974928 0.164218 200.000000 0.164218
 13.600000 0.971035 0.238935 0.980620 0.195921 1.329527 1.373600 0.238935 0.971035 0.195921 0.980620 0.026944 10.777435 0.222521 -8.922134 200.000000 -8.922134 0.001515 0.606048 0.974928 24.092833 200.000000 24.092833 0.070756 28.302346 0.222521 1.247880 200.000000 1.247880 0.003240 1.295854 0.974928 0.164218 200.000000 0.164218
 13.800000 0.959754 0.280842 0.947084 0.320986 1.286125 1.244026 0.280842 0.959754 0.320986 0.947084 0.340132 136.052748 0.222521 -8.922134 200.000000 -8.922134 0.023024 9.209800 0.974928 24.092833 200.000000 24.092833 0.969541 387.816228 0.222521 1.247880 200.000000 1.247880 0.077529 31.011613 0.974928 0.164218 200.000000 0.164218
 14.000000 0.944760 0.327763 0.966788 0.255581 1.236862 1.312348 0.327763 0.944760 0.255581 0.966788 1.107579 443.031569 0.222521 -8.922134 200.000000 -8.922134 0.091009 36.403760 0.974928 24.092833 200.000000 24.092833 0.109294 43.717757 0.222521 1.247880 200.000000 1.247880 0.006626 2.650495 0.974928 0.164218 200.000000 0.164218
 14.200000 0.958825 0.283997 0.976437 0.215804 1.282837 1.353281 0.283997 0.958825 0.215804 0.976437 0.377925 151.170152 0.222521 -8.922134 200.000000 -8.922134 0.025929 10.371770 0.974928 24.092833 200.000000 24.092833 0.004511 1.804570 0.222521 1.247880 200.000000 1.247880 0.000228 0.091052 0.974928 0.164218 200.000000 0.164218
 14.400000 0.970228 0.242192 0.973659 0.228008 1.326172 1.340765 0.242192 0.970228 0.228008 0.973659 0.038694 15.477775 0.222521 -8.922134 200.000000 -8.922134 0.002209 0.883423 0.974928 24.092833 200.000000 24.092833 0.003011 1.204469 0.222521 1.247880 200.000000 1.247880 0.000161 0.064388 0.974928 0.164218 200.000000 0.164218
 14.600000 0.972980 0.230891 0.977005 0.213216 1.337803 1.355931 0.230891 0.972980 0.213216 0.977005 0.007007 2.802615 0.222521 -8.922134 200.000000 -8.922134 0.000380 0.151850 0.974928 24.092833 200.000000 24.092833 0.008659 3.463406 0.222521 1.247880 200.000000 1.247880 0.000431 0.172593 0.974928 0.164218 200.000000 0.164218
 14.800000 0.936318 0.351152 0.952892 0.303310 1.211995 1.262632 0.351152 0.936318 0.303310 0.952892 1.654595 661.838122 0.222521 -8.922134 200.000000 -8.922134 0.149069 59.627577 0.974928 24.092833 200.000000 24.092833 0.652683 261.073133 0.222521 1.247880 200.000000 1.247880 0.048558 19.423212 0.974928 0.164218 200.000000 0.164218
 15.000000 0.964811 0.262944 0.950879 0.309562 1.304724 1.256064 0.262944 0.964811 0.309562 0.950879 0.163402 65.360783 0.222521 -8.922134 200.000000 -8.922134 0.010235 4.093985 0.974928 24.092833 200.000000 24.092833 0.757622 303.048708 0.222521 1.247880 200.000000 1.247880 0.057834 23.133760 0.974928 0.164218 200.000000 0.164218
 15.200000 0.958305 0.285748 0.984507 0.175346 1.281009 1.394540 0.285748 0.958305 0.175346 0.984507 0.399772 159.908797 0.222521 -8.922134 200.000000 -8.922134 0.027633 11.053303 0.974928 24.092833 200.000000 24.092833 0.222551 89.020524 0.222521 1.247880 200.000000 1.247880 0.009176 3.670315 0.974928 0.164218 200.000000 0.164218
 15.400000 0.947394 0.320071 0.958682 0.284479 1.244992 1.282334 0.320071 0.947394 0.284479 0.958682 0.951597 380.638839 0.222521 -8.922134 200.000000 -8.922134 0.075814 30.325456 0.974928 24.092833 200.000000 24.092833 0.383875 153.550199 0.222521 1.247880 200.000000 1.247880 0.026392 10.556687 0.974928 0.164218 200.000000 0.164218
 15.600000 0.981329 0.192339 0.968716 0.248171 1.377252 1.320004 0.192339 0.981329 0.248171 0.968716 0.091097 36.438636 0.222521 -8.922134 200.000000 -8.922134 0.004097 1.638751 0.974928 24.092833 200.000000 24.092833 0.065794 26.317631 0.222521 1.247880 200.000000 1.247880 0.003859 1.543431 0.974928 0.164218 200.000000 0.164218
 15.800000 0.967294 0.253656 0.954847 0.297097 1.314338 1.269146 0.253656 0.967294 0.297097 0.954847 0.096939 38.775647 0.222521 -8.922134 200.000000 -8.922134 0.005827 2.330761 0.974928 24.092833 200.000000 24.092833 0.556153 222.461376 0.222521 1.247880 200.000000 1.247880 0.040323 16.129049 0.974928 0.164218 200.000000 0.164218
 16.000000 0.960988 0.276591 0.968237 0.250035 1.290551 1.318080 0.276591 0.960988 0.250035 0.968237 0.292358 116.943244 0.222521 -8.922134 200.000000 -8.922134 0.019433 7.773173 0.974928 24.092833 200.000000 24.092833 0.075703 30.281135 0.222521 1.247880 200.000000 1.247880 0.004477 1.790851 0.974928 0.164218 200.000000 0.164218
 16.200000 0.964322 0.264733 0.988792 0.149303 1.302869 1.420933 0.264733 0.964322 0.149303 0.988792 0.178189 71.275410 0.222521 -8.922134 200.000000 -8.922134 0.011249 4.499700 0.974928 24.092833 200.000000 24.092833 0.536092 214.436733 0.222521 1.247880 200.000000 1.247880 0.019220 7.688014 0.974928 0.164218 200.000000 0.164218
 16.400000 0.948308 0.317350 0.987534 0.157408 1.247862 1.412731 0.317350 0.948308 0.157408 0.987534 0.899263 359.705330 0.222521 -8.922134 200.000000 -8.922134 0.070860 28.344068 0.974928 24.092833 200.000000 24.092833 0.423969 169.587706 0.222521 1.247880 200.000000 1.247880 0.015890 6.356189 0.974928 0.164218 200.000000 0.164218
 16.600000 0.972243 0.233972 0.974995 0.222228 1.334635 1.346698 0.233972 0.972243 0.222228 0.974995 0.013113 5.245288 0.222521 -8.922134 200.000000 -8.922134 0.000721 0.288290 0.974928 24.092833 200.000000 24.092833 0.000009 0.003441 0.222521 1.247880 200.000000 1.247880 0.000000 0.000179 0.974928 0.164218 200.000000 0.164218
 16.800000 0.968609 0.248589 0.950484 0.310772 1.319573 1.254791 0.248589 0.968609 0.310772 0.950484 0.067953 27.181310 0.222521 -8.922134 200.000000 -8.922134 0.003993 1.597088 0.974928 24.092833 200.000000 24.092833 0.778827 311.530825 0.222521 1.247880 200.000000 1.247880 0.059748 23.899310 0.974928 0.164218 200.000000 0.164218
 17.000000 0.941152 0.337983 0.968055 0.250738 1.226023 1.317353 0.337983 0.941152 0.250738 0.968055 1.333153 533.261344 0.222521 -8.922134 200.000000 -8.922134 0.114080 45.632098 0.974928 24.092833 200.000000 24.092833 0.079622 31.848901 0.222521 1.247880 200.000000 1.247880 0.004724 1.889534 0.974928 0.164218 200.000000 0.164218
 17.200000 0.982029 0.188731 0.951062 0.309000 1.380927 1.256655 0.188731 0.982029 0.309000 0.951062 0.114179 45.671649 0.222521 -8.922134 200.000000 -8.922134 0.005042 2.016969 0.974928 24.092833 200.000000 24.092833 0.747860 299.144011 0.222521 1.247880 200.000000 1.247880 0.056958 22.783096 0.974928 0.164218 200.000000 0.164218
 17.400000 0.949078 0.315043 0.972999 0.230810 1.250295 1.337886 0.315043 0.949078 0.230810 0.972999 0.856028 342.411020 0.222521 -8.922134 200.000000 -8.922134 0.066824 26.729750 0.974928 24.092833 200.000000 24.092833 0.006871 2.748206 0.222521 1.247880 200.000000 1.247880 0.000372 0.148845 0.974928 0.164218 200.000000 0.164218
 17.600000 0.983497 0.180925 0.958383 0.285486 1.388869 1.281283 0.180925 0.983497 0.285486 0.958383 0.173021 69.208344 0.222521 -8.922134 200.000000 -8.922134 0.007343 2.937079 0.974928 24.092833 200.000000 24.092833 0.396456 158.582444 0.222521 1.247880 200.000000 1.247880 0.027374 10.949404 0.974928 0.164218 200.000000 0.164218
 17.800000 0.982274 0.187451 0.951493 0.307671 1.382229 1.258052 0.187451 0.982274 0.307671 0.951493 0.122987 49.194965 0.222521 -8.922134 200.000000 -8.922134 0.005396 2.158532 0.974928 24.092833 200.000000 24.092833 0.725050 290.020184 0.222521 1.247880 200.000000 1.247880 0.054920 21.968068 0.974928 0.164218 200.000000 0.164218
 18.000000 0.951934 0.306303 0.946339 0.323174 1.259490 1.241714 0.306303 0.951934 0.323174 0.946339 0.701938 280.775087 0.222521 -8.922134 200.000000 -8.922134 0.052871 21.148470 0.974928 24.092833 200.000000 24.092833 1.013113 405.245332 0.222521 1.247880 200.000000 1.247880 0.081730 32.692115 0.974928 0.164218 200.000000 0.164218
 18.200000 0.937992 0.346656 0.971023 0.238987 1.216792 1.329474 0.346656 0.937992 0.238987 0.971023 1.540957 616.382918 0.222521 -8.922134 200.000000 -8.922134 0.136424 54.569736 0.974928 24.092833 200.000000 24.092833 0.027114 10.845529 0.222521 1.247880 200.000000 1.247880 0.001525 0.610022 0.974928 0.164218 200.000000 0.164218
 18.400000 0.976653 0.214825 0.973481 0.228767 1.354284 1.339985 0.214825 0.976653 0.228767 0.973481 0.005923 2.369046 0.222521 -8.922134 200.000000 -8.922134 0.000297 0.118974 0.974928 24.092833 200.000000 24.092833 0.003902 1.560721 0.222521 1.247880 200.000000 1.247880 0.000209 0.083728 0.974928 0.164218 200.000000 0.164218
 18.600000 0.950357 0.311160 0.980486 0.196589 1.254382 1.372918 0.311160 0.950357 0.196589 0.980486 0.785696 314.278506 0.222521 -8.922134 200.000000 -8.922134 0.060371 24.148412 0.974928 24.092833 200.000000 24.092833 0.067244 26.897766 0.222521 1.247880 200.000000 1.247880 0.003089 1.235650 0.974928 0.164218 200.000000 0.164218
 18.800000 0.974405 0.224799 0.984570 0.174993 1.344059 1.394898 0.224799 0.974405 0.174993 0.984570 0.000519 0.207636 0.222521 -8.922134 200.000000 -8.922134 0.000027 0.010934 0.974928 24.092833 200.000000 24.092833 0.225893 90.357126 0.222521 1.247880 200.000000 1.247880 0.009296 3.718580 0.974928 0.164218 200.000000 0.164218
 19.000000 0.953352 0.301862 0.968259 0.249950 1.264151 1.318168 0.301862 0.953352 0.249950 0.968259 0.629507 251.802608 0.222521 -8.922134 200.000000 -8.922134 0.046554 18.621644 0.974928 24.092833 200.000000 24.092833 0.075235 30.093929 0.222521 1.247880 200.000000 1.247880 0.004448 1.779098 0.974928 0.164218 200.000000 0.164218
 19.200000 0.952569 0.304322 0.973007 0.230775 1.261570 1.337922 0.304322 0.952569 0.230775 0.973007 0.669135 267.654148 0.222521 -8.922134 200.000000 -8.922134 0.049991 19.996231 0.974928 24.092833 200.000000 24.092833 0.006813 2.725184 0.222521 1.247880 200.000000 1.247880 0.000369 0.147574 0.974928 0.164218 200.000000 0.164218
 19.400000 0.960457 0.278428 0.965595 0.260049 1.288639 1.307723 0.278428 0.960457 0.260049 0.965595 0.312560 125.023860 0.222521 -8.922134 200.000000 -8.922134 0.020940 8.376161 0.974928 24.092833 200.000000 24.092833 0.140835 56.334027 0.222521 1.247880 200.000000 1.247880 0.008710 3.483802 0.974928 0.164218 200.000000 0.164218
 19.600000 0.974647 0.223748 0.958074 0.286519 1.345138 1.280204 0.223748 0.974647 0.286519 0.958074 0.000151 0.060267 0.222521 -8.922134 200.000000 -8.922134 0.000008 0.003158 0.974928 24.092833 200.000000 24.092833 0.409580 163.831825 0.222521 1.247880 200.000000 1.247880 0.028404 11.361555 0.974928 0.164218 200.000000 0.164218
 19.800000 0.962956 0.269659 0.968842 0.247680 1.297757 1.320511 0.269659 0.962956 0.247680 0.968842 0.222200 88.880008 0.222521 -8.922134 200.000000 -8.922134 0.014333 5.733192 0.974928 24.092833 200.000000 24.092833 0.063300 25.319925 0.222521 1.247880 200.000000 1.247880 0.003704 1.481632 0.974928 0.164218 200.000000 0.164218
 20.000000 0.936396 0.350945 0.931671 0.363302 1.212216 1.198986 0.350945 0.936396 0.363302 0.931671 1.649282 659.712669 0.222521 -8.922134 200.000000 -8.922134 0.148471 59.388445 0.974928 24.092833 200.000000 24.092833 1.981938 792.775070 0.222521 1.247880 200.000000 1.247880 0.187113 74.845251 0.974928 0.164218 200.000000 0.164218
