#! FIELDS time sin_phi cos_phi sin_psi cos_psi phi psi cos_phi sin_phi cos_psi sin_psi restraint_phi_cos.bias restraint_phi_cos.force2 restraint_phi_cos.cos_phi_cntr restraint_phi_cos.cos_phi_work restraint_phi_cos.cos_phi_kappa restraint_phi_cos.work restraint_phi_sin.bias restraint_phi_sin.force2 restraint_phi_sin.sin_phi_cntr restraint_phi_sin.sin_phi_work restraint_phi_sin.sin_phi_kappa restraint_phi_sin.work restraint_psi_cos.bias restraint_psi_cos.force2 restraint_psi_cos.cos_psi_cntr restraint_psi_cos.cos_psi_work restraint_psi_cos.cos_psi_kappa restraint_psi_cos.work restraint_psi_sin.bias restraint_psi_sin.force2 restraint_psi_sin.sin_psi_cntr restraint_psi_sin.sin_psi_work restraint_psi_sin.sin_psi_kappa restraint_psi_sin.work
#! SET min_phi -pi
#! SET max_phi pi
#! SET min_psi -pi
#! SET max_psi pi
 0.000000 -0.999983 -0.005782 0.966116 0.258110 -1.576579 1.309731 -0.005782 -0.999983 0.258110 0.966116 0.000000 0.000000 -0.009747 0.000000 0.000000 0.000000 0.000000 0.000000 -0.999953 0.000000 0.000000 0.000000 0.000000 0.000000 0.256142 0.000000 0.000000 0.000000 0.000000 0.000000 0.966639 0.000000 0.000000 0.000000
 0.200000 -1.000000 -0.000266 0.834655 0.550773 -1.571062 0.987506 -0.000266 -1.000000 0.550773 0.834655 0.000899 0.035954 -0.009747 0.429322 20.000000 0.429322 0.000000 0.000001 -0.999953 0.008204 20.000000 0.008204 0.868072 34.722866 0.256142 0.437494 20.000000 0.437494 0.174198 6.967905 0.966639 0.079186 20.000000 0.079186
 0.400000 -0.998238 0.059333 0.982968 0.183778 -1.511428 1.385968 0.059333 -0.998238 0.183778 0.982968 0.095441 7.635246 -0.009747 0.576151 40.000000 0.576151 0.000059 0.004702 -0.999953 0.009175 40.000000 0.009175 0.104733 8.378618 0.256142 0.652620 40.000000 0.652620 0.005333 0.426605 0.966639 0.103852 40.000000 0.103852
 0.600000 -0.997905 0.064690 0.969721 0.244216 -1.506061 1.324085 0.064690 -0.997905 0.244216 0.969721 0.166224 19.946879 -0.009747 0.652738 60.000000 0.652738 0.000126 0.015086 -0.999953 0.009549 60.000000 0.009549 0.004267 0.512080 0.256142 0.812949 60.000000 0.812949 0.000285 0.034192 0.966639 0.126978 60.000000 0.126978
 0.800000 -0.999998 0.001894 0.948099 0.317975 -1.568902 1.247203 0.001894 -0.999998 0.317975 0.948099 0.005420 0.867200 -0.009747 0.745440 80.000000 0.745440 0.000000 0.000013 -0.999953 0.009931 80.000000 0.009931 0.152931 24.469032 0.256142 0.870396 80.000000 0.870396 0.013749 2.199883 0.966639 0.131256 80.000000 0.131256
 1.000000 -0.997905 -0.064690 0.983714 0.179740 -1.635531 1.390074 -0.064690 -0.997905 0.179740 0.983714 0.150938 30.187619 -0.009747 0.830208 100.000000 0.830208 0.000210 0.041905 -0.999953 0.010215 100.000000 0.010215 0.291867 58.373466 0.256142 0.906296 100.000000 0.906296 0.014578 2.915595 0.966639 0.133900 100.000000 0.133900
 1.200000 -0.998628 0.052357 0.985226 0.171262 -1.518415 1.398686 0.052357 -0.998628 0.171262 0.985226 0.231412 55.538994 -0.009747 0.926095 120.000000 0.926095 0.000105 0.025246 -0.999953 0.010633 120.000000 0.010633 0.432282 103.747643 0.256142 0.992025 120.000000 0.992025 0.020727 4.974582 0.966639 0.141240 120.000000 0.141240
 1.400000 -0.999098 0.042471 0.979939 0.199299 -1.528313 1.370154 0.042471 -0.999098 0.199299 0.979939 0.190866 53.442499 -0.009747 0.960898 140.000000 0.960898 0.000051 0.014321 -0.999953 0.010712 140.000000 0.010712 0.226180 63.330420 0.256142 1.092945 140.000000 1.092945 0.012382 3.466844 0.966639 0.149518 140.000000 0.149518
 1.600000 -0.999952 0.009779 0.961528 0.274706 -1.561018 1.292512 0.009779 -0.999952 0.274706 0.961528 0.030498 9.759450 -0.009747 1.007093 160.000000 1.007093 0.000000 0.000000 -0.999953 0.010845 160.000000 0.010845 0.027570 8.822428 0.256142 1.162447 160.000000 1.162447 0.002090 0.668714 0.966639 0.156254 160.000000 0.156254
 1.800000 -0.999816 -0.019191 0.970209 0.242271 -1.589988 1.326090 -0.019191 -0.999816 0.242271 0.970209 0.008027 2.889774 -0.009747 1.051966 180.000000 1.051966 0.000002 0.000605 -0.999953 0.010933 180.000000 0.010933 0.017316 6.233938 0.256142 1.193883 180.000000 1.193883 0.001147 0.412811 0.966639 0.158912 180.000000 0.158912
 2.000000 -0.987451 0.157923 0.943128 0.332430 -1.412209 1.231917 0.157923 -0.987451 0.332430 0.943128 2.811311 1124.524500 -0.009747 1.081900 200.000000 1.081900 0.015628 6.251093 -0.999953 0.011013 200.000000 0.011013 0.581986 232.794469 0.256142 1.219741 200.000000 1.219741 0.055278 22.111200 0.966639 0.161373 200.000000 0.161373
 2.200000 -0.988749 0.149585 0.951409 0.307929 -1.420648 1.257780 0.149585 -0.988749 0.307929 0.951409 0.910557 364.222796 0.054161 0.861422 200.000000 0.861422 0.271280 108.512064 -0.936664 0.375585 200.000000 0.375585 2.075104 830.041780 0.163877 1.444757 200.000000 1.444757 0.009273 3.709146 0.941780 0.252285 200.000000 0.252285
 2.400000 -0.992208 0.124595 0.984639 0.174601 -1.445877 1.395296 0.124595 -0.992208 0.174601 0.984639 0.004258 1.703141 0.118069 0.481376 200.000000 0.481376 1.412092 564.836851 -0.873376 1.475156 200.000000 1.475156 1.060676 424.270515 0.071612 1.809678 200.000000 1.809678 0.458587 183.434670 0.916920 0.542003 200.000000 0.542003
 2.600000 -0.996203 0.087064 0.983120 0.182962 -1.483622 1.386798 0.087064 -0.996203 0.182962 0.983120 0.900864 360.345584 0.181978 0.129250 200.000000 0.129250 3.463866 1385.546493 -0.810088 3.241820 200.000000 3.241820 4.145924 1658.369681 -0.020653 2.033146 200.000000 2.033146 0.829177 331.670756 0.892061 0.997933 200.000000 0.997933
 2.800000 -0.980946 0.194282 0.997754 -0.066983 -1.375271 1.637830 0.194282 -0.980946 -0.066983 0.997754 0.266294 106.517437 0.245886 -0.434575 200.000000 -0.434575 5.482424 2192.969775 -0.746800 5.586907 200.000000 5.586907 0.211005 84.402051 -0.112919 1.944037 200.000000 1.944037 1.704400 681.760180 0.867201 1.568546 200.000000 1.568546
 3.000000 -0.944923 0.327292 0.992377 -0.123236 -1.237360 1.694346 0.327292 -0.944923 -0.123236 0.992377 0.030621 12.248234 0.309794 -1.305313 200.000000 -1.305313 6.833588 2733.435203 -0.683512 8.386432 200.000000 8.386432 0.671547 268.618820 -0.205184 1.707170 200.000000 1.707170 2.251063 900.425023 0.842342 2.203793 200.000000 2.203793
 3.200000 -0.935092 0.354404 0.938755 -0.344586 -1.208519 1.922594 0.354404 -0.935092 -0.344586 0.938755 0.037238 14.895202 0.373702 -2.502925 200.000000 -2.502925 9.914221 3965.688373 -0.620224 11.462407 200.000000 11.462407 0.222187 88.874770 -0.297449 1.034490 200.000000 1.034490 1.470696 588.278328 0.817483 2.824226 200.000000 2.824226
 3.400000 -0.830805 0.556564 0.936656 -0.350250 -0.980552 1.928635 0.556564 -0.830805 -0.350250 0.936656 1.415018 566.007107 0.437610 -4.025824 200.000000 -4.025824 7.500430 3000.172072 -0.556936 14.746410 200.000000 14.746410 0.155740 62.296072 -0.389714 -0.108431 200.000000 -0.108431 2.074549 829.819468 0.792623 3.346095 200.000000 3.346095
 3.600000 -0.740289 0.672288 0.859998 -0.510297 -0.833501 2.106326 0.672288 -0.740289 -0.510297 0.859998 2.916265 1166.506009 0.501518 -5.988107 200.000000 -5.988107 6.083228 2433.291013 -0.493647 17.960350 200.000000 17.960350 0.080185 32.074150 -0.481980 -1.013065 200.000000 -1.013065 0.850724 340.289763 0.767764 3.795695 200.000000 3.795695
 3.800000 -0.699115 0.715009 0.842209 -0.539152 -0.774159 2.140226 0.715009 -0.699115 -0.539152 0.842209 2.237532 895.012667 0.565426 -8.347378 200.000000 -8.347378 7.222956 2889.182362 -0.430359 20.863726 200.000000 20.863726 0.123154 49.261653 -0.574245 -1.634161 200.000000 -1.634161 0.986138 394.455016 0.742904 4.138856 200.000000 4.138856
 4.000000 -0.630094 0.776519 0.711467 -0.702720 -0.681674 2.350009 0.776519 -0.630094 -0.702720 0.711467 2.166355 866.541917 0.629334 -10.653060 200.000000 -10.653060 6.918094 2767.237498 -0.367071 23.691064 200.000000 23.691064 0.131112 52.444956 -0.666510 -2.030080 200.000000 -2.030080 0.004327 1.730768 0.718045 4.305330 200.000000 4.305330
 4.200000 -0.565064 0.825047 0.743683 -0.668533 -0.600511 2.303031 0.825047 -0.565064 -0.668533 0.743683 1.737274 694.909516 0.693242 -13.061293 200.000000 -13.061293 6.826761 2730.704407 -0.303783 26.020765 200.000000 26.020765 0.148795 59.517976 -0.707107 -1.814093 200.000000 -1.814093 0.133779 53.511700 0.707107 4.387945 200.000000 4.387945
 4.400000 -0.460115 0.887859 0.718490 -0.695537 -0.478125 2.339964 0.887859 -0.460115 -0.695537 0.718490 1.708503 683.401316 0.757150 -15.230392 200.000000 -15.230392 4.823301 1929.320428 -0.240495 28.152246 200.000000 28.152246 0.013385 5.354068 -0.707107 -1.814093 200.000000 -1.814093 0.012958 5.183052 0.707107 4.387945 200.000000 4.387945
 4.600000 -0.242440 0.970166 0.767262 -0.641334 -0.244880 2.267032 0.970166 -0.242440 -0.641334 0.767262 2.223341 889.336511 0.821058 -17.162942 200.000000 -17.162942 0.425542 170.216932 -0.177207 29.751997 200.000000 29.751997 0.432601 173.040459 -0.707107 -1.814093 200.000000 -1.814093 0.361859 144.743703 0.707107 4.387945 200.000000 4.387945
 4.800000 -0.266273 0.963898 0.674088 -0.738651 -0.269524 2.401863 0.963898 -0.266273 -0.738651 0.674088 0.623027 249.210873 0.884966 -18.686530 200.000000 -18.686530 2.321185 928.473948 -0.113919 30.786242 200.000000 30.786242 0.099504 39.801451 -0.707107 -1.814093 200.000000 -1.814093 0.109023 43.609395 0.707107 4.387945 200.000000 4.387945
 5.000000 -0.074751 0.997202 0.723554 -0.690268 -0.074821 2.332656 0.997202 -0.074751 -0.690268 0.723554 0.233566 93.426335 0.948874 -19.544727 200.000000 -19.544727 0.058179 23.271587 -0.050631 31.860508 200.000000 31.860508 0.028353 11.341396 -0.707107 -1.814093 200.000000 -1.814093 0.027050 10.819805 0.707107 4.387945 200.000000 4.387945
 5.200000 0.005047 0.999987 0.722227 -0.691656 0.005047 2.334575 0.999987 0.005047 -0.691656 0.722227 0.000000 0.000006 1.000000 -19.755282 200.000000 -19.755282 0.002547 1.018892 0.000000 32.459016 200.000000 32.459016 0.023874 9.549586 -0.707107 -1.814093 200.000000 -1.814093 0.022864 9.145444 0.707107 4.387945 200.000000 4.387945
 5.400000 -0.152487 0.988306 0.727484 -0.686124 -0.153084 2.326944 0.988306 -0.152487 -0.686124 0.727484 0.013676 5.470436 1.000000 -19.755282 200.000000 -19.755282 2.325220 930.088055 0.000000 32.459016 200.000000 32.459016 0.044027 17.610706 -0.707107 -1.814093 200.000000 -1.814093 0.041525 16.609888 0.707107 4.387945 200.000000 4.387945
 5.600000 -0.099494 0.995038 0.740759 -0.671771 -0.099659 2.307394 0.995038 -0.099494 -0.671771 0.740759 0.002462 0.984791 1.000000 -19.755282 200.000000 -19.755282 0.989904 395.961796 0.000000 32.459016 200.000000 32.459016 0.124860 49.944115 -0.707107 -1.814093 200.000000 -1.814093 0.113245 45.298057 0.707107 4.387945 200.000000 4.387945
 5.800000 -0.085802 0.996312 0.729402 -0.684085 -0.085908 2.324145 0.996312 -0.085802 -0.684085 0.729402 0.001360 0.544004 1.000000 -19.755282 200.000000 -19.755282 0.736206 294.482486 0.000000 32.459016 200.000000 32.459016 0.053001 21.200393 -0.707107 -1.814093 200.000000 -1.814093 0.049710 19.883873 0.707107 4.387945 200.000000 4.387945
 6.000000 -0.085173 0.996366 0.721148 -0.692781 -0.085276 2.336134 0.996366 -0.085173 -0.692781 0.721148 0.001320 0.528181 1.000000 -19.755282 200.000000 -19.755282 0.725440 290.175956 0.000000 32.459016 200.000000 32.459016 0.020523 8.209384 -0.707107 -1.814093 200.000000 -1.814093 0.019716 7.886519 0.707107 4.387945 200.000000 4.387945
 6.200000 -0.088986 0.996033 0.756909 -0.653520 -0.089104 2.283022 0.996033 -0.088986 -0.653520 0.756909 0.001574 0.629517 1.000000 -19.755282 200.000000 -19.755282 0.791847 316.738805 0.000000 32.459016 200.000000 32.459016 0.287157 114.862778 -0.707107 -1.814093 200.000000 -1.814093 0.248031 99.212273 0.707107 4.387945 200.000000 4.387945
 6.400000 0.081243 0.996694 0.728895 -0.684625 0.081333 2.324886 0.996694 0.081243 -0.684625 0.728895 0.001093 0.437106 1.000000 -19.755282 200.000000 -19.755282 0.660047 264.018939 0.000000 32.459016 200.000000 32.459016 0.050542 20.216683 -0.707107 -1.814093 200.000000 -1.814093 0.047473 18.989394 0.707107 4.387945 200.000000 4.387945
 6.600000 -0.140178 0.990126 0.752035 -0.659123 -0.140641 2.290449 0.990126 -0.140178 -0.659123 0.752035 0.009749 3.899536 1.000000 -19.755282 200.000000 -19.755282 1.964975 785.990190 0.000000 32.459016 200.000000 32.459016 0.230243 92.097078 -0.707107 -1.814093 200.000000 -1.814093 0.201855 80.741807 0.707107 4.387945 200.000000 4.387945
 6.800000 -0.227385 0.973805 0.729736 -0.683729 -0.229391 2.323657 0.973805 -0.227385 -0.683729 0.729736 0.068618 27.447200 1.000000 -19.755282 200.000000 -19.755282 5.170390 2068.155814 0.000000 32.459016 200.000000 32.459016 0.054653 21.861036 -0.707107 -1.814093 200.000000 -1.814093 0.051209 20.483483 0.707107 4.387945 200.000000 4.387945
 7.000000 -0.018146 0.999835 0.669088 -0.743183 -0.018147 2.408612 0.999835 -0.018146 -0.743183 0.669088 0.000003 0.001084 1.000000 -19.755282 200.000000 -19.755282 0.032927 13.170974 0.000000 32.459016 200.000000 32.459016 0.130152 52.060656 -0.707107 -1.814093 200.000000 -1.814093 0.144544 57.817549 0.707107 4.387945 200.000000 4.387945
 7.200000 -0.015950 0.999873 0.693478 -0.720478 -0.015951 2.375287 0.999873 -0.015950 -0.720478 0.693478 0.000002 0.000647 1.000000 -19.755282 200.000000 -19.755282 0.025442 10.176646 0.000000 32.459016 200.000000 32.459016 0.017878 7.151227 -0.707107 -1.814093 200.000000 -1.814093 0.018574 7.429597 0.707107 4.387945 200.000000 4.387945
 7.400000 -0.060864 0.998146 0.787436 -0.616396 -0.060902 2.234954 0.998146 -0.060864 -0.616396 0.787436 0.000344 0.137482 1.000000 -19.755282 200.000000 -19.755282 0.370442 148.176763 0.000000 32.459016 200.000000 32.459016 0.822846 329.138495 -0.707107 -1.814093 200.000000 -1.814093 0.645285 258.113905 0.707107 4.387945 200.000000 4.387945
 7.600000 -0.104249 0.994551 0.729794 -0.683667 -0.104438 2.323571 0.994551 -0.104249 -0.683667 0.729794 0.002969 1.187550 1.000000 -19.755282 200.000000 -19.755282 1.086779 434.711442 0.000000 32.459016 200.000000 32.459016 0.054944 21.977574 -0.707107 -1.814093 200.000000 -1.814093 0.051473 20.589164 0.707107 4.387945 200.000000 4.387945
 7.800000 0.004538 0.999990 0.748253 -0.663414 0.004538 2.296168 0.999990 0.004538 -0.663414 0.748253 0.000000 0.000004 1.000000 -19.755282 200.000000 -19.755282 0.002060 0.823907 0.000000 32.459016 200.000000 32.459016 0.190910 76.364067 -0.707107 -1.814093 200.000000 -1.814093 0.169301 67.720362 0.707107 4.387945 200.000000 4.387945
 8.000000 -0.108775 0.994066 0.766383 -0.642383 -0.108991 2.268401 0.994066 -0.108775 -0.642383 0.766383 0.003521 1.408311 1.000000 -19.755282 200.000000 -19.755282 1.183202 473.280789 0.000000 32.459016 200.000000 32.459016 0.418911 167.564528 -0.707107 -1.814093 200.000000 -1.814093 0.351372 140.548773 0.707107 4.387945 200.000000 4.387945
 8.200000 -0.087328 0.996180 0.717064 -0.697007 -0.087439 2.342012 0.996180 -0.087328 -0.697007 0.717064 0.001460 0.583811 1.000000 -19.755282 200.000000 -19.755282 0.762616 305.046317 0.000000 32.459016 200.000000 32.459016 0.010200 4.080059 -0.707107 -1.814093 200.000000 -1.814093 0.009915 3.965948 0.707107 4.387945 200.000000 4.387945
 8.400000 -0.053424 0.998572 0.725943 -0.687755 -0.053449 2.329188 0.998572 -0.053424 -0.687755 0.725943 0.000204 0.081574 1.000000 -19.755282 200.000000 -19.755282 0.285409 114.163405 0.000000 32.459016 200.000000 32.459016 0.037449 14.979730 -0.707107 -1.814093 200.000000 -1.814093 0.035480 14.192006 0.707107 4.387945 200.000000 4.387945
 8.600000 -0.080254 0.996774 0.737689 -0.675141 -0.080341 2.311952 0.996774 -0.080254 -0.675141 0.737689 0.001040 0.416175 1.000000 -19.755282 200.000000 -19.755282 0.644076 257.630295 0.000000 32.459016 200.000000 32.459016 0.102181 40.872445 -0.707107 -1.814093 200.000000 -1.814093 0.093525 37.410169 0.707107 4.387945 200.000000 4.387945
 8.800000 -0.017920 0.999839 0.775826 -0.630948 -0.017921 2.253570 0.999839 -0.017920 -0.630948 0.775826 0.000003 0.001031 1.000000 -19.755282 200.000000 -19.755282 0.032112 12.844842 0.000000 32.459016 200.000000 32.459016 0.580023 232.009263 -0.707107 -1.814093 200.000000 -1.814093 0.472226 188.890522 0.707107 4.387945 200.000000 4.387945
 9.000000 -0.059039 0.998256 0.670320 -0.742072 -0.059073 2.406953 0.998256 -0.059039 -0.742072 0.670320 0.000304 0.121705 1.000000 -19.755282 200.000000 -19.755282 0.348558 139.423119 0.000000 32.459016 200.000000 32.459016 0.122260 48.903921 -0.707107 -1.814093 200.000000 -1.814093 0.135329 54.131622 0.707107 4.387945 200.000000 4.387945
 9.200000 -0.094223 0.995551 0.743922 -0.668267 -0.094363 2.302673 0.995551 -0.094223 -0.668267 0.743922 0.001979 0.791695 1.000000 -19.755282 200.000000 -19.755282 0.887793 355.117255 0.000000 32.459016 200.000000 32.459016 0.150855 60.342148 -0.707107 -1.814093 200.000000 -1.814093 0.135535 54.213832 0.707107 4.387945 200.000000 4.387945
 9.400000 -0.061680 0.998096 0.723978 -0.689823 -0.061719 2.332041 0.998096 -0.061680 -0.689823 0.723978 0.000363 0.145014 1.000000 -19.755282 200.000000 -19.755282 0.380445 152.178046 0.000000 32.459016 200.000000 32.459016 0.029872 11.948952 -0.707107 -1.814093 200.000000 -1.814093 0.028464 11.385403 0.707107 4.387945 200.000000 4.387945
 9.600000 -0.130308 0.991474 0.679530 -0.733648 -0.130680 2.394471 0.991474 -0.130308 -0.733648 0.679530 0.007270 2.908042 1.000000 -19.755282 200.000000 -19.755282 1.698028 679.211249 0.000000 32.459016 200.000000 32.459016 0.070444 28.177693 -0.707107 -1.814093 200.000000 -1.814093 0.076050 30.420088 0.707107 4.387945 200.000000 4.387945
 9.800000 -0.014557 0.999894 0.799516 -0.600644 -0.014557 2.215103 0.999894 -0.014557 -0.600644 0.799516 0.000001 0.000449 1.000000 -19.755282 200.000000 -19.755282 0.021189 8.475675 0.000000 32.459016 200.000000 32.459016 1.133422 453.368942 -0.707107 -1.814093 200.000000 -1.814093 0.853951 341.580331 0.707107 4.387945 200.000000 4.387945
 10.000000 -0.114998 0.993366 0.716380 -0.697710 -0.115253 2.342993 0.993366 -0.114998 -0.697710 0.716380 0.004401 1.760541 1.000000 -19.755282 200.000000 -19.755282 1.322452 528.980996 0.000000 32.459016 200.000000 32.459016 0.008830 3.531807 -0.707107 -1.814093 200.000000 -1.814093 0.008599 3.439771 0.707107 4.387945 200.000000 4.387945
 10.200000 -0.042101 0.999113 0.685089 -0.728460 -0.042114 2.386867 0.999113 -0.042101 -0.728460 0.685089 0.000079 0.031446 1.000000 -19.755282 200.000000 -19.755282 0.177251 70.900295 0.000000 32.459016 200.000000 32.459016 0.045595 18.238092 -0.707107 -1.814093 200.000000 -1.814093 0.048480 19.392141 0.707107 4.387945 200.000000 4.387945
 10.400000 -0.081806 0.996648 0.724401 -0.689379 -0.081897 2.331427 0.996648 -0.081806 -0.689379 0.724401 0.001123 0.449359 1.000000 -19.755282 200.000000 -19.755282 0.669219 267.687730 0.000000 32.459016 200.000000 32.459016 0.031429 12.571626 -0.707107 -1.814093 200.000000 -1.814093 0.029910 11.964005 0.707107 4.387945 200.000000 4.387945
 10.600000 -0.017236 0.999851 0.756995 -0.653421 -0.017237 2.282891 0.999851 -0.017236 -0.653421 0.756995 0.000002 0.000883 1.000000 -19.755282 200.000000 -19.755282 0.029707 11.882793 0.000000 32.459016 200.000000 32.459016 0.288216 115.286454 -0.707107 -1.814093 200.000000 -1.814093 0.248880 99.552177 0.707107 4.387945 200.000000 4.387945
 10.800000 -0.073389 0.997303 0.770572 -0.637353 -0.073455 2.261854 0.997303 -0.073389 -0.637353 0.770572 0.000727 0.290875 1.000000 -19.755282 200.000000 -19.755282 0.538601 215.440426 0.000000 32.459016 200.000000 32.459016 0.486565 194.626053 -0.707107 -1.814093 200.000000 -1.814093 0.402788 161.115029 0.707107 4.387945 200.000000 4.387945
 11.000000 -0.017088 0.999854 0.721740 -0.692164 -0.017089 2.335280 0.999854 -0.017088 -0.692164 0.721740 0.000002 0.000853 1.000000 -19.755282 200.000000 -19.755282 0.029200 11.680047 0.000000 32.459016 200.000000 32.459016 0.022327 8.930995 -0.707107 -1.814093 200.000000 -1.814093 0.021413 8.565099 0.707107 4.387945 200.000000 4.387945
 11.200000 -0.131845 0.991270 0.731437 -0.681909 -0.132230 2.321166 0.991270 -0.131845 -0.681909 0.731437 0.007621 3.048277 1.000000 -19.755282 200.000000 -19.755282 1.738311 695.324397 0.000000 32.459016 200.000000 32.459016 0.063492 25.396929 -0.707107 -1.814093 200.000000 -1.814093 0.059196 23.678245 0.707107 4.387945 200.000000 4.387945
 11.400000 0.068286 0.997666 0.753635 -0.657293 0.068340 2.288017 0.997666 0.068286 -0.657293 0.753635 0.000545 0.217947 1.000000 -19.755282 200.000000 -19.755282 0.466303 186.521191 0.000000 32.459016 200.000000 32.459016 0.248144 99.257614 -0.707107 -1.814093 200.000000 -1.814093 0.216491 86.596395 0.707107 4.387945 200.000000 4.387945
 11.600000 0.025131 0.999684 0.705250 -0.708959 0.025134 2.358817 0.999684 0.025131 -0.708959 0.705250 0.000010 0.003990 1.000000 -19.755282 200.000000 -19.755282 0.063156 25.262466 0.000000 32.459016 200.000000 32.459016 0.000343 0.137210 -0.707107 -1.814093 200.000000 -1.814093 0.000345 0.137932 0.707107 4.387945 200.000000 4.387945
 11.800000 0.011289 0.999936 0.722187 -0.691698 0.011289 2.334634 0.999936 0.011289 -0.691698 0.722187 0.000000 0.000162 1.000000 -19.755282 200.000000 -19.755282 0.012744 5.097691 0.000000 32.459016 200.000000 32.459016 0.023743 9.497172 -0.707107 -1.814093 200.000000 -1.814093 0.022741 9.096318 0.707107 4.387945 200.000000 4.387945
 12.000000 -0.080142 0.996783 0.719340 -0.694658 -0.080228 2.338741 0.996783 -0.080142 -0.694658 0.719340 0.001035 0.413837 1.000000 -19.755282 200.000000 -19.755282 0.642267 256.906829 0.000000 32.459016 200.000000 32.459016 0.015497 6.198770 -0.707107 -1.814093 200.000000 -1.814093 0.014965 5.986110 0.707107 4.387945 200.000000 4.387945
 12.200000 -0.096971 0.995287 0.659519 -0.751688 -0.097123 2.421414 0.995287 -0.096971 -0.751688 0.659519 0.002221 0.888404 1.000000 -19.755282 200.000000 -19.755282 0.940331 376.132239 0.000000 32.459016 200.000000 32.459016 0.198747 79.498642 -0.707107 -1.814093 200.000000 -1.814093 0.226459 90.583415 0.707107 4.387945 200.000000 4.387945
 12.400000 -0.080563 0.996750 0.774338 -0.632773 -0.080650 2.255925 0.996750 -0.080563 -0.632773 0.774338 0.001057 0.422616 1.000000 -19.755282 200.000000 -19.755282 0.649032 259.612976 0.000000 32.459016 200.000000 32.459016 0.552556 221.022585 -0.707107 -1.814093 200.000000 -1.814093 0.451999 180.799556 0.707107 4.387945 200.000000 4.387945
 12.600000 -0.032001 0.999488 0.765030 -0.643995 -0.032007 2.270505 0.999488 -0.032001 -0.643995 0.765030 0.000026 0.010493 1.000000 -19.755282 200.000000 -19.755282 0.102408 40.963195 0.000000 32.459016 200.000000 32.459016 0.398311 159.324400 -0.707107 -1.814093 200.000000 -1.814093 0.335507 134.202979 0.707107 4.387945 200.000000 4.387945
 12.800000 -0.013209 0.999913 0.712567 -0.701604 -0.013210 2.348442 0.999913 -0.013209 -0.701604 0.712567 0.000001 0.000304 1.000000 -19.755282 200.000000 -19.755282 0.017449 6.979492 0.000000 32.459016 200.000000 32.459016 0.003028 1.211243 -0.707107 -1.814093 200.000000 -1.814093 0.002982 1.192608 0.707107 4.387945 200.000000 4.387945
 13.000000 -0.044098 0.999027 0.767754 -0.640745 -0.044112 2.266264 0.999027 -0.044098 -0.640745 0.767754 0.000095 0.037852 1.000000 -19.755282 200.000000 -19.755282 0.194461 77.784444 0.000000 32.459016 200.000000 32.459016 0.440395 176.157978 -0.707107 -1.814093 200.000000 -1.814093 0.367811 147.124206 0.707107 4.387945 200.000000 4.387945
 13.200000 -0.099413 0.995046 0.704883 -0.709324 -0.099578 2.359335 0.995046 -0.099413 -0.709324 0.704883 0.002454 0.981592 1.000000 -19.755282 200.000000 -19.755282 0.988300 395.319808 0.000000 32.459016 200.000000 32.459016 0.000492 0.196621 -0.707107 -1.814093 200.000000 -1.814093 0.000495 0.197860 0.707107 4.387945 200.000000 4.387945
 13.400000 -0.062652 0.998035 0.669412 -0.742892 -0.062693 2.408176 0.998035 -0.062652 -0.742892 0.669412 0.000386 0.154382 1.000000 -19.755282 200.000000 -19.755282 0.392529 157.011437 0.000000 32.459016 200.000000 32.459016 0.128056 51.222487 -0.707107 -1.814093 200.000000 -1.814093 0.142093 56.837078 0.707107 4.387945 200.000000 4.387945
 13.600000 -0.145485 0.989361 0.763167 -0.646202 -0.146003 2.273393 0.989361 -0.145485 -0.646202 0.763167 0.011320 4.527947 1.000000 -19.755282 200.000000 -19.755282 2.116577 846.630979 0.000000 32.459016 200.000000 32.459016 0.370941 148.376286 -0.707107 -1.814093 200.000000 -1.814093 0.314269 125.707757 0.707107 4.387945 200.000000 4.387945
 13.800000 -0.108270 0.994121 0.735932 -0.677056 -0.108483 2.314551 0.994121 -0.108270 -0.677056 0.735932 0.003456 1.382279 1.000000 -19.755282 200.000000 -19.755282 1.172248 468.899216 0.000000 32.459016 200.000000 32.459016 0.090306 36.122253 -0.707107 -1.814093 200.000000 -1.814093 0.083087 33.234820 0.707107 4.387945 200.000000 4.387945
 14.000000 0.035873 0.999356 0.704209 -0.709993 0.035881 2.360284 0.999356 0.035873 -0.709993 0.704209 0.000041 0.016571 1.000000 -19.755282 200.000000 -19.755282 0.128688 51.475273 0.000000 32.459016 200.000000 32.459016 0.000833 0.333137 -0.707107 -1.814093 200.000000 -1.814093 0.000840 0.335873 0.707107 4.387945 200.000000 4.387945
 14.200000 -0.170503 0.985357 0.770647 -0.637263 -0.171340 2.261738 0.985357 -0.170503 -0.637263 0.770647 0.021441 8.576513 1.000000 -19.755282 200.000000 -19.755282 2.907127 1162.850833 0.000000 32.459016 200.000000 32.459016 0.487817 195.126954 -0.707107 -1.814093 200.000000 -1.814093 0.403730 161.491914 0.707107 4.387945 200.000000 4.387945
 14.400000 -0.109568 0.993979 0.716803 -0.697275 -0.109789 2.342386 0.993979 -0.109568 -0.697275 0.716803 0.003625 1.449977 1.000000 -19.755282 200.000000 -19.755282 1.200525 480.210042 0.000000 32.459016 200.000000 32.459016 0.009666 3.866271 -0.707107 -1.814093 200.000000 -1.814093 0.009402 3.760951 0.707107 4.387945 200.000000 4.387945
 14.600000 -0.152128 0.988361 0.650301 -0.759677 -0.152721 2.433612 0.988361 -0.152128 -0.759677 0.650301 0.013547 5.418899 1.000000 -19.755282 200.000000 -19.755282 2.314306 925.722228 0.000000 32.459016 200.000000 32.459016 0.276359 110.543558 -0.707107 -1.814093 200.000000 -1.814093 0.322689 129.075774 0.707107 4.387945 200.000000 4.387945
 14.800000 -0.049901 0.998754 0.739907 -0.672709 -0.049922 2.308661 0.998754 -0.049901 -0.672709 0.739907 0.000155 0.062086 1.000000 -19.755282 200.000000 -19.755282 0.249016 99.606229 0.000000 32.459016 200.000000 32.459016 0.118318 47.327274 -0.707107 -1.814093 200.000000 -1.814093 0.107584 43.033703 0.707107 4.387945 200.000000 4.387945
 15.000000 -0.162227 0.986753 0.705926 -0.708285 -0.162947 2.357862 0.986753 -0.162227 -0.708285 0.705926 0.017547 7.018866 1.000000 -19.755282 200.000000 -19.755282 2.631767 1052.706846 0.000000 32.459016 200.000000 32.459016 0.000139 0.055549 -0.707107 -1.814093 200.000000 -1.814093 0.000139 0.055734 0.707107 4.387945 200.000000 4.387945
 15.200000 0.007173 0.999974 0.757394 -0.652958 0.007173 2.282279 0.999974 0.007173 -0.652958 0.757394 0.000000 0.000026 1.000000 -19.755282 200.000000 -19.755282 0.005145 2.057822 0.000000 32.459016 200.000000 32.459016 0.293213 117.285356 -0.707107 -1.814093 200.000000 -1.814093 0.252885 101.154040 0.707107 4.387945 200.000000 4.387945
 15.400000 -0.157322 0.987547 0.707122 -0.707092 -0.157978 2.356173 0.987547 -0.157322 -0.707092 0.707122 0.015507 6.202745 1.000000 -19.755282 200.000000 -19.755282 2.475024 990.009695 0.000000 32.459016 200.000000 32.459016 0.000000 0.000009 -0.707107 -1.814093 200.000000 -1.814093 0.000000 0.000009 0.707107 4.387945 200.000000 4.387945
 15.600000 -0.105323 0.994438 0.719484 -0.694509 -0.105518 2.338534 0.994438 -0.105323 -0.694509 0.719484 0.003093 1.237390 1.000000 -19.755282 200.000000 -19.755282 1.109287 443.714776 0.000000 32.459016 200.000000 32.459016 0.015870 6.347900 -0.707107 -1.814093 200.000000 -1.814093 0.015319 6.127588 0.707107 4.387945 200.000000 4.387945
 15.800000 -0.092698 0.995694 0.738412 -0.674349 -0.092831 2.310880 0.995694 -0.092698 -0.674349 0.738412 0.001854 0.741573 1.000000 -19.755282 200.000000 -19.755282 0.859292 343.716983 0.000000 32.459016 200.000000 32.459016 0.107304 42.921739 -0.707107 -1.814093 200.000000 -1.814093 0.098004 39.201606 0.707107 4.387945 200.000000 4.387945
 16.000000 0.005195 0.999987 0.701881 -0.712294 0.005195 2.363558 0.999987 0.005195 -0.712294 0.701881 0.000000 0.000007 1.000000 -19.755282 200.000000 -19.755282 0.002698 1.079359 0.000000 32.459016 200.000000 32.459016 0.002691 1.076337 -0.707107 -1.814093 200.000000 -1.814093 0.002731 1.092305 0.707107 4.387945 200.000000 4.387945
 16.200000 -0.058325 0.998298 0.725702 -0.688009 -0.058359 2.329538 0.998298 -0.058325 -0.688009 0.725702 0.000290 0.115923 1.000000 -19.755282 200.000000 -19.755282 0.340185 136.074126 0.000000 32.459016 200.000000 32.459016 0.036474 14.589525 -0.707107 -1.814093 200.000000 -1.814093 0.034580 13.831991 0.707107 4.387945 200.000000 4.387945
 16.400000 0.013206 0.999913 0.750865 -0.660455 0.013206 2.292221 0.999913 0.013206 -0.660455 0.750865 0.000001 0.000304 1.000000 -19.755282 200.000000 -19.755282 0.017439 6.975783 0.000000 32.459016 200.000000 32.459016 0.217636 87.054319 -0.707107 -1.814093 200.000000 -1.814093 0.191481 76.592457 0.707107 4.387945 200.000000 4.387945
 16.600000 -0.018864 0.999822 0.783359 -0.621570 -0.018865 2.241541 0.999822 -0.018864 -0.621570 0.783359 0.000003 0.001267 1.000000 -19.755282 200.000000 -19.755282 0.035586 14.234594 0.000000 32.459016 200.000000 32.459016 0.731662 292.664710 -0.707107 -1.814093 200.000000 -1.814093 0.581440 232.575920 0.707107 4.387945 200.000000 4.387945
 16.800000 0.049083 0.998795 0.757978 -0.652281 0.049103 2.281386 0.998795 0.049083 -0.652281 0.757978 0.000145 0.058112 1.000000 -19.755282 200.000000 -19.755282 0.240919 96.367442 0.000000 32.459016 200.000000 32.459016 0.300591 120.236464 -0.707107 -1.814093 200.000000 -1.814093 0.258784 103.513592 0.707107 4.387945 200.000000 4.387945
 17.000000 -0.100572 0.994930 0.761665 -0.647971 -0.100743 2.275714 0.994930 -0.100572 -0.647971 0.761665 0.002571 1.028300 1.000000 -19.755282 200.000000 -19.755282 1.011481 404.592234 0.000000 32.459016 200.000000 32.459016 0.349703 139.881082 -0.707107 -1.814093 200.000000 -1.814093 0.297659 119.063575 0.707107 4.387945 200.000000 4.387945
 17.200000 -0.030255 0.999542 0.760650 -0.649162 -0.030260 2.277279 0.999542 -0.030255 -0.649162 0.760650 0.000021 0.008383 1.000000 -19.755282 200.000000 -19.755282 0.091536 36.614435 0.000000 32.459016 200.000000 32.459016 0.335757 134.302892 -0.707107 -1.814093 200.000000 -1.814093 0.286688 114.675026 0.707107 4.387945 200.000000 4.387945
 17.400000 -0.019062 0.999818 0.729425 -0.684060 -0.019063 2.324111 0.999818 -0.019062 -0.684060 0.729425 0.000003 0.001321 1.000000 -19.755282 200.000000 -19.755282 0.036335 14.534192 0.000000 32.459016 200.000000 32.459016 0.053114 21.245583 -0.707107 -1.814093 200.000000 -1.814093 0.049812 19.924916 0.707107 4.387945 200.000000 4.387945
 17.600000 0.004974 0.999988 0.719419 -0.694576 0.004974 2.338627 0.999988 0.004974 -0.694576 0.719419 0.000000 0.000006 1.000000 -19.755282 200.000000 -19.755282 0.002474 0.989705 0.000000 32.459016 200.000000 32.459016 0.015702 6.280932 -0.707107 -1.814093 200.000000 -1.814093 0.015160 6.064067 0.707107 4.387945 200.000000 4.387945
 17.800000 0.080723 0.996737 0.731065 -0.682308 0.080810 2.321711 0.996737 0.080723 -0.682308 0.731065 0.001065 0.425989 1.000000 -19.755282 200.000000 -19.755282 0.651613 260.645265 0.000000 32.459016 200.000000 32.459016 0.061498 24.599189 -0.707107 -1.814093 200.000000 -1.814093 0.057399 22.959540 0.707107 4.387945 200.000000 4.387945
 18.000000 0.027622 0.999618 0.756686 -0.653778 0.027626 2.283363 0.999618 0.027622 -0.653778 0.756686 0.000015 0.005824 1.000000 -19.755282 200.000000 -19.755282 0.076299 30.519798 0.000000 32.459016 200.000000 32.459016 0.284393 113.757027 -0.707107 -1.814093 200.000000 -1.814093 0.245811 98.324526 0.707107 4.387945 200.000000 4.387945
 18.200000 -0.130772 0.991412 0.658196 -0.752846 -0.131148 2.423172 0.991412 -0.130772 -0.752846 0.658196 0.007375 2.949845 1.000000 -19.755282 200.000000 -19.755282 1.710137 684.054710 0.000000 32.459016 200.000000 32.459016 0.209211 83.684390 -0.707107 -1.814093 200.000000 -1.814093 0.239224 95.689473 0.707107 4.387945 200.000000 4.387945
 18.400000 -0.143531 0.989646 0.792191 -0.610273 -0.144028 2.227201 0.989646 -0.143531 -0.610273 0.792191 0.010721 4.288342 1.000000 -19.755282 200.000000 -19.755282 2.060110 824.044168 0.000000 32.459016 200.000000 32.459016 0.937685 375.073889 -0.707107 -1.814093 200.000000 -1.814093 0.723940 289.575984 0.707107 4.387945 200.000000 4.387945
 18.600000 -0.055380 0.998465 0.745211 -0.666828 -0.055408 2.300741 0.998465 -0.055380 -0.666828 0.745211 0.000236 0.094203 1.000000 -19.755282 200.000000 -19.755282 0.306689 122.675569 0.000000 32.459016 200.000000 32.459016 0.162236 64.894324 -0.707107 -1.814093 200.000000 -1.814093 0.145196 58.078523 0.707107 4.387945 200.000000 4.387945
 18.800000 -0.041328 0.999146 0.622677 -0.782479 -0.041340 2.469434 0.999146 -0.041328 -0.782479 0.622677 0.000073 0.029198 1.000000 -19.755282 200.000000 -19.755282 0.170801 68.320549 0.000000 32.459016 200.000000 32.459016 0.568099 227.239577 -0.707107 -1.814093 200.000000 -1.814093 0.712842 285.136707 0.707107 4.387945 200.000000 4.387945
 19.000000 -0.007412 0.999973 0.759029 -0.651056 -0.007412 2.279772 0.999973 -0.007412 -0.651056 0.759029 0.000000 0.000030 1.000000 -19.755282 200.000000 -19.755282 0.005493 2.197316 0.000000 32.459016 200.000000 32.459016 0.314165 125.666172 -0.707107 -1.814093 200.000000 -1.814093 0.269596 107.838441 0.707107 4.387945 200.000000 4.387945
 19.200000 -0.118140 0.992997 0.703418 -0.710777 -0.118417 2.361398 0.992997 -0.118140 -0.710777 0.703418 0.004904 1.961740 1.000000 -19.755282 200.000000 -19.755282 1.395717 558.286845 0.000000 32.459016 200.000000 32.459016 0.001347 0.538721 -0.707107 -1.814093 200.000000 -1.814093 0.001361 0.544357 0.707107 4.387945 200.000000 4.387945
 19.400000 -0.104324 0.994543 0.632889 -0.774242 -0.104514 2.456314 0.994543 -0.104324 -0.774242 0.632889 0.002977 1.190982 1.000000 -19.755282 200.000000 -19.755282 1.088344 435.337547 0.000000 32.459016 200.000000 32.459016 0.450720 180.287992 -0.707107 -1.814093 200.000000 -1.814093 0.550826 220.330590 0.707107 4.387945 200.000000 4.387945
 19.600000 -0.016742 0.999860 0.780026 -0.625748 -0.016743 2.246886 0.999860 -0.016742 -0.625748 0.780026 0.000002 0.000786 1.000000 -19.755282 200.000000 -19.755282 0.028029 11.211468 0.000000 32.459016 200.000000 32.459016 0.661930 264.772089 -0.707107 -1.814093 200.000000 -1.814093 0.531714 212.685775 0.707107 4.387945 200.000000 4.387945
 19.800000 -0.079154 0.996862 0.750439 -0.660940 -0.079237 2.292867 0.996862 -0.079154 -0.660940 0.750439 0.000984 0.393775 1.000000 -19.755282 200.000000 -19.755282 0.626530 250.612048 0.000000 32.459016 200.000000 32.459016 0.213138 85.255231 -0.707107 -1.814093 200.000000 -1.814093 0.187767 75.106679 0.707107 4.387945 200.000000 4.387945
 20.000000 -0.030505 0.999535 0.738592 -0.674153 -0.030509 2.310614 0.999535 -0.030505 -0.674153 0.738592 0.000022 0.008663 1.000000 -19.755282 200.000000 -19.755282 0.093053 37.221202 0.000000 32.459016 200.000000 32.459016 0.108594 43.437720 -0.707107 -1.814093 200.000000 -1.814093 0.099129 39.651758 0.707107 4.387945 200.000000 4.387945
