#! FIELDS time sin_phi cos_phi sin_psi cos_psi phi psi cos_phi sin_phi cos_psi sin_psi restraint_phi_cos.bias restraint_phi_cos.force2 restraint_phi_cos.cos_phi_cntr restraint_phi_cos.cos_phi_work restraint_phi_cos.cos_phi_kappa restraint_phi_cos.work restraint_phi_sin.bias restraint_phi_sin.force2 restraint_phi_sin.sin_phi_cntr restraint_phi_sin.sin_phi_work restraint_phi_sin.sin_phi_kappa restraint_phi_sin.work restraint_psi_cos.bias restraint_psi_cos.force2 restraint_psi_cos.cos_psi_cntr restraint_psi_cos.cos_psi_work restraint_psi_cos.cos_psi_kappa restraint_psi_cos.work restraint_psi_sin.bias restraint_psi_sin.force2 restraint_psi_sin.sin_psi_cntr restraint_psi_sin.sin_psi_work restraint_psi_sin.sin_psi_kappa restraint_psi_sin.work
#! SET min_phi -pi
#! SET max_phi pi
#! SET min_psi -pi
#! SET max_psi pi
 0.000000 -0.999983 -0.005782 0.966116 0.258110 -1.576579 1.309731 -0.005782 -0.999983 0.258110 0.966116 0.000000 0.000000 -0.009747 0.000000 0.000000 0.000000 0.000000 0.000000 -0.999953 0.000000 0.000000 0.000000 0.000000 0.000000 0.256142 0.000000 0.000000 0.000000 0.000000 0.000000 0.966639 0.000000 0.000000 0.000000
 0.200000 -1.000000 -0.000266 0.834654 0.550774 -1.571062 0.987505 -0.000266 -1.000000 0.550774 0.834654 0.000899 0.035952 -0.009747 0.429322 20.000000 0.429322 0.000000 0.000001 -0.999953 0.008204 20.000000 0.008204 0.868079 34.723159 0.256142 0.437494 20.000000 0.437494 0.174200 6.967991 0.966639 0.079186 20.000000 0.079186
 0.400000 -0.998238 0.059344 0.982966 0.183790 -1.511418 1.385956 0.059344 -0.998238 0.183790 0.982966 0.095469 7.637512 -0.009747 0.576150 40.000000 0.576150 0.000059 0.004705 -0.999953 0.009175 40.000000 0.009175 0.104699 8.375897 0.256142 0.652622 40.000000 0.652622 0.005331 0.426490 0.966639 0.103852 40.000000 0.103852
 0.600000 -0.997904 0.064712 0.969719 0.244224 -1.506039 1.324077 0.064712 -0.997904 0.244224 0.969719 0.166321 19.958503 -0.009747 0.652735 60.000000 0.652735 0.000126 0.015107 -0.999953 0.009549 60.000000 0.009549 0.004261 0.511338 0.256142 0.812947 60.000000 0.812947 0.000285 0.034144 0.966639 0.126978 60.000000 0.126978
 0.800000 -0.999998 0.001903 0.948101 0.317970 -1.568894 1.247209 0.001903 -0.999998 0.317970 0.948101 0.005428 0.868524 -0.009747 0.745436 80.000000 0.745436 0.000000 0.000013 -0.999953 0.009931 80.000000 0.009931 0.152906 24.464912 0.256142 0.870390 80.000000 0.870390 0.013747 2.199469 0.966639 0.131255 80.000000 0.131255
 1.000000 -0.997910 -0.064626 0.983712 0.179754 -1.635467 1.390060 -0.064626 -0.997910 0.179754 0.983712 0.150586 30.117270 -0.009747 0.830203 100.000000 0.830203 0.000209 0.041736 -0.999953 0.010215 100.000000 0.010215 0.291759 58.351722 0.256142 0.906282 100.000000 0.906282 0.014574 2.914707 0.966639 0.133899 100.000000 0.133899
 1.200000 -0.998631 0.052315 0.985228 0.171251 -1.518457 1.398698 0.052315 -0.998631 0.171251 0.985228 0.231101 55.464312 -0.009747 0.926071 120.000000 0.926071 0.000105 0.025163 -0.999953 0.010632 120.000000 0.010632 0.432397 103.775384 0.256142 0.991998 120.000000 0.991998 0.020732 4.975638 0.966639 0.141238 120.000000 0.141238
 1.400000 -0.999098 0.042454 0.979946 0.199264 -1.528329 1.370189 0.042454 -0.999098 0.199264 0.979946 0.190745 53.408626 -0.009747 0.960889 140.000000 0.960889 0.000051 0.014298 -0.999953 0.010712 140.000000 0.010712 0.226460 63.408817 0.256142 1.092913 140.000000 1.092913 0.012395 3.470574 0.966639 0.149512 140.000000 0.149512
 1.600000 -0.999952 0.009799 0.961502 0.274796 -1.560997 1.292419 0.009799 -0.999952 0.274796 0.961502 0.030562 9.779723 -0.009747 1.007028 160.000000 1.007028 0.000000 0.000000 -0.999953 0.010844 160.000000 0.010844 0.027837 8.907908 0.256142 1.162388 160.000000 1.162388 0.002111 0.675440 0.966639 0.156244 160.000000 0.156244
 1.800000 -0.999823 -0.018803 0.970268 0.242032 -1.589600 1.326336 -0.018803 -0.999823 0.242032 0.970268 0.007382 2.657428 -0.009747 1.052093 180.000000 1.052093 0.000002 0.000542 -0.999953 0.010933 180.000000 0.010933 0.017919 6.450699 0.256142 1.193826 180.000000 1.193826 0.001185 0.426729 0.966639 0.158898 180.000000 0.158898
 2.000000 -0.987192 0.159534 0.942534 0.334111 -1.410577 1.230134 0.159534 -0.987192 0.334111 0.942534 2.865606 1146.242258 -0.009747 1.082144 200.000000 1.082144 0.016282 6.512852 -0.999953 0.011015 200.000000 0.011015 0.607915 243.165831 0.256142 1.220068 200.000000 1.220068 0.058107 23.242855 0.966639 0.161405 200.000000 0.161405
 2.200000 -0.983302 0.181981 0.895259 0.445547 -1.387796 1.109012 0.181981 -0.983302 0.445547 0.895259 0.865628 346.251315 0.088942 0.768400 200.000000 0.768400 0.000229 0.091492 -0.984814 0.023203 200.000000 0.023203 2.589056 1035.622343 0.284641 1.131001 200.000000 1.131001 0.007647 3.058788 0.886514 0.614505 200.000000 0.614505
 2.400000 -0.979200 0.202899 0.898022 0.439951 -1.366478 1.115252 0.202899 -0.979200 0.439951 0.898022 0.023315 9.325811 0.187630 0.479130 200.000000 0.479130 0.009069 3.627688 -0.969676 0.052687 200.000000 0.052687 1.608112 643.244697 0.313140 0.927844 200.000000 0.927844 0.839653 335.861273 0.806389 2.088520 200.000000 2.088520
 2.600000 -0.991326 0.131429 0.850975 0.525206 -1.438986 1.017839 0.131429 -0.991326 0.525206 0.850975 2.399077 959.630653 0.286319 0.642023 200.000000 0.642023 0.135331 54.132202 -0.954538 0.081488 200.000000 0.081488 3.369723 1347.889023 0.341638 0.498120 200.000000 0.498120 1.555275 622.109801 0.726264 4.410866 200.000000 4.410866
 2.800000 -0.971669 0.236346 0.853394 0.521267 -1.332192 1.022462 0.236346 -0.971669 0.521267 0.853394 0.528102 211.240915 0.309017 0.820984 200.000000 0.820984 0.042487 16.994774 -0.951057 0.087869 200.000000 0.087869 2.284016 913.606599 0.370137 -0.036617 200.000000 -0.036617 4.295446 1718.178386 0.646139 7.684491 200.000000 7.684491
 3.000000 -0.951802 0.306714 0.745233 0.666804 -1.259057 0.840884 0.306714 -0.951802 0.666804 0.745233 0.000530 0.212119 0.309017 0.820984 200.000000 0.820984 0.000056 0.022210 -0.951057 0.087869 200.000000 0.087869 7.191413 2876.565238 0.398636 -0.911930 200.000000 -0.911930 3.211943 1284.777249 0.566014 11.448684 200.000000 11.448684
 3.200000 -0.976853 0.213914 0.733149 0.680068 -1.355217 0.822941 0.213914 -0.976853 0.680068 0.733149 0.904467 361.786653 0.309017 0.820984 200.000000 0.820984 0.066544 26.617511 -0.951057 0.087869 200.000000 0.087869 6.397520 2559.007845 0.427135 -2.079398 200.000000 -2.079398 6.113752 2445.500877 0.485889 15.548302 200.000000 15.548302
 3.400000 -0.987677 0.156509 0.581236 0.813735 -1.413641 0.620246 0.156509 -0.987677 0.813735 0.581236 2.325868 930.347159 0.309017 0.820984 200.000000 0.820984 0.134103 53.641009 -0.951057 0.087869 200.000000 0.087869 12.823714 5129.485786 0.455633 -3.523605 200.000000 -3.523605 3.079015 1231.606139 0.405764 19.849320 200.000000 19.849320
 3.600000 -0.970617 0.240631 0.446957 0.894555 -1.327781 0.463361 0.240631 -0.970617 0.894555 0.446957 0.467671 187.068295 0.309017 0.820984 200.000000 0.820984 0.038260 15.304165 -0.951057 0.087869 200.000000 0.087869 16.844736 6737.894553 0.484132 -5.234945 200.000000 -5.234945 1.471804 588.721531 0.325639 24.095234 200.000000 24.095234
 3.800000 -0.953037 0.302853 0.446613 0.894727 -1.263111 0.462977 0.302853 -0.953037 0.894727 0.446613 0.003799 1.519763 0.309017 0.820984 200.000000 0.820984 0.000392 0.156934 -0.951057 0.087869 200.000000 0.087869 14.599769 5839.907758 0.512631 -7.261245 200.000000 -7.261245 4.044080 1617.632194 0.245514 27.777684 200.000000 27.777684
 4.000000 -0.960102 0.279649 0.324146 0.946007 -1.287368 0.330109 0.279649 -0.960102 0.946007 0.324146 0.086248 34.499243 0.309017 0.820984 200.000000 0.820984 0.008183 3.273059 -0.951057 0.087869 200.000000 0.087869 16.392599 6557.039799 0.541129 -9.532909 200.000000 -9.532909 2.520367 1008.146786 0.165389 30.497469 200.000000 30.497469
 4.200000 -0.933764 0.357888 0.098463 0.995141 -1.204791 0.098623 0.357888 -0.933764 0.995141 0.098463 0.238839 95.535732 0.309017 0.820984 200.000000 0.820984 0.029902 11.960623 -0.951057 0.087869 200.000000 0.087869 18.106107 7242.442971 0.569628 -11.875070 200.000000 -11.875070 0.017420 6.968133 0.085264 32.397999 200.000000 32.397999
 4.400000 -0.961846 0.273590 0.109470 0.993990 -1.293673 0.109690 0.273590 -0.961846 0.993990 0.109470 0.125507 50.202684 0.309017 0.820984 200.000000 0.820984 0.011642 4.656853 -0.951057 0.087869 200.000000 0.087869 15.670783 6268.313262 0.598127 -14.201419 200.000000 -14.201419 1.088490 435.395878 0.005139 33.382938 200.000000 33.382938
 4.600000 -0.979479 0.201548 0.048236 0.998836 -1.367858 0.048255 0.201548 -0.979479 0.998836 0.048236 1.154948 461.979167 0.309017 0.820984 200.000000 0.820984 0.080781 32.312452 -0.951057 0.087869 200.000000 0.087869 13.854072 5541.628923 0.626625 -16.397375 200.000000 -16.397375 1.518357 607.342794 -0.074985 33.360063 200.000000 33.360063
 4.800000 -0.961063 0.276328 -0.099994 0.994988 -1.290825 -0.100161 0.276328 -0.961063 0.994988 -0.099994 0.106856 42.742213 0.309017 0.820984 200.000000 0.820984 0.010014 4.005447 -0.951057 0.087869 200.000000 0.087869 11.550755 4620.302073 0.655124 -18.346353 200.000000 -18.346353 0.303787 121.514669 -0.155110 32.517762 200.000000 32.517762
 5.000000 -0.956143 0.292902 -0.404689 0.914455 -1.273536 -0.416638 0.292902 -0.956143 0.914455 -0.404689 0.025971 10.388302 0.309017 0.820984 200.000000 0.820984 0.002587 1.034732 -0.951057 0.087869 200.000000 0.087869 5.328332 2131.332863 0.683623 -20.031835 200.000000 -20.031835 2.871439 1148.575412 -0.235235 31.742585 200.000000 31.742585
 5.200000 -0.967619 0.252415 -0.445780 0.895143 -1.315621 -0.462045 0.252415 -0.967619 0.895143 -0.445780 0.320373 128.149345 0.309017 0.820984 200.000000 0.820984 0.027431 10.972570 -0.951057 0.087869 200.000000 0.087869 3.349674 1339.869694 0.712121 -21.375866 200.000000 -21.375866 1.700926 680.370279 -0.315360 30.586707 200.000000 30.586707
 5.400000 -0.961898 0.273410 -0.463729 0.885977 -1.293860 -0.482199 0.273410 -0.961898 0.885977 -0.463729 0.126788 50.715050 0.309017 0.820984 200.000000 0.820984 0.011753 4.701217 -0.951057 0.087869 200.000000 0.087869 2.112871 845.148344 0.740620 -22.432316 200.000000 -22.432316 0.465714 186.285658 -0.395485 29.899195 200.000000 29.899195
 5.600000 -0.961729 0.274002 -0.471192 0.882030 -1.293245 -0.490642 0.274002 -0.961729 0.882030 -0.471192 0.122608 49.043167 0.309017 0.820984 200.000000 0.820984 0.011391 4.556282 -0.951057 0.087869 200.000000 0.087869 1.274904 509.961751 0.769119 -23.169443 200.000000 -23.169443 0.001952 0.780738 -0.475610 29.431326 200.000000 29.431326
 5.800000 -0.955079 0.296352 -0.580501 0.814260 -1.269925 -0.619344 0.296352 -0.955079 0.814260 -0.580501 0.016039 6.415709 0.309017 0.820984 200.000000 0.820984 0.001618 0.647110 -0.951057 0.087869 200.000000 0.087869 0.027696 11.078335 0.797618 -23.555093 200.000000 -23.555093 0.061334 24.533524 -0.555735 29.306244 200.000000 29.306244
 6.000000 -0.955537 0.294873 -0.562403 0.826863 -1.271474 -0.597290 0.294873 -0.955537 0.826863 -0.562403 0.020007 8.002661 0.309017 0.820984 200.000000 0.820984 0.002007 0.802848 -0.951057 0.087869 200.000000 0.087869 0.031848 12.739158 0.809017 -23.602816 200.000000 -23.602816 0.064424 25.769465 -0.587785 29.355695 200.000000 29.355695
 6.200000 -0.931912 0.362684 -0.519235 0.854632 -1.199650 -0.545955 0.362684 -0.931912 0.854632 -0.519235 0.288017 115.206879 0.309017 0.820984 200.000000 0.820984 0.036651 14.660356 -0.951057 0.087869 200.000000 0.087869 0.208071 83.228298 0.809017 -23.602816 200.000000 -23.602816 0.469920 187.967815 -0.587785 29.355695 200.000000 29.355695
 6.400000 -0.965347 0.260971 -0.553440 0.832889 -1.306769 -0.586489 0.260971 -0.965347 0.832889 -0.553440 0.230845 92.338029 0.309017 0.820984 200.000000 0.820984 0.020421 8.168413 -0.951057 0.087869 200.000000 0.087869 0.056988 22.795130 0.809017 -23.602816 200.000000 -23.602816 0.117960 47.184141 -0.587785 29.355695 200.000000 29.355695
 6.600000 -0.908770 0.417297 -0.491455 0.870903 -1.140327 -0.513760 0.417297 -0.908770 0.870903 -0.491455 1.172461 468.984499 0.309017 0.820984 200.000000 0.820984 0.178814 71.525798 -0.951057 0.087869 200.000000 0.087869 0.382984 153.193628 0.809017 -23.602816 200.000000 -23.602816 0.927943 371.177029 -0.587785 29.355695 200.000000 29.355695
 6.800000 -0.901752 0.432254 -0.468874 0.883265 -1.123805 -0.488015 0.432254 -0.901752 0.883265 -0.468874 1.518742 607.496677 0.309017 0.820984 200.000000 0.820984 0.243096 97.238269 -0.951057 0.087869 200.000000 0.087869 0.551279 220.511664 0.809017 -23.602816 200.000000 -23.602816 1.413993 565.597349 -0.587785 29.355695 200.000000 29.355695
 7.000000 -0.974103 0.226104 -0.512706 0.858565 -1.342720 -0.538333 0.226104 -0.974103 0.858565 -0.512706 0.687450 274.979971 0.309017 0.820984 200.000000 0.820984 0.053114 21.245757 -0.951057 0.087869 200.000000 0.087869 0.245496 98.198295 0.809017 -23.602816 200.000000 -23.602816 0.563696 225.478569 -0.587785 29.355695 200.000000 29.355695
 7.200000 -0.931598 0.363490 -0.605972 0.795486 -1.198785 -0.650987 0.363490 -0.931598 0.795486 -0.605972 0.296727 118.690656 0.309017 0.820984 200.000000 0.820984 0.037862 15.144965 -0.951057 0.087869 200.000000 0.087869 0.018309 7.323701 0.809017 -23.602816 200.000000 -23.602816 0.033076 13.230595 -0.587785 29.355695 200.000000 29.355695
 7.400000 -0.968062 0.250711 -0.615487 0.788147 -1.317381 -0.663003 0.250711 -0.968062 0.788147 -0.615487 0.339956 135.982202 0.309017 0.820984 200.000000 0.820984 0.028918 11.567327 -0.951057 0.087869 200.000000 0.087869 0.043554 17.421573 0.809017 -23.602816 200.000000 -23.602816 0.076736 30.694401 -0.587785 29.355695 200.000000 29.355695
 7.600000 -0.960774 0.277331 -0.576406 0.817163 -1.289781 -0.614324 0.277331 -0.960774 0.817163 -0.576406 0.100401 40.160527 0.309017 0.820984 200.000000 0.820984 0.009444 3.777557 -0.951057 0.087869 200.000000 0.087869 0.006636 2.654568 0.809017 -23.602816 200.000000 -23.602816 0.012949 5.179438 -0.587785 29.355695 200.000000 29.355695
 7.800000 -0.926917 0.375267 -0.566409 0.824124 -1.186112 -0.602142 0.375267 -0.926917 0.824124 -0.566409 0.438906 175.562284 0.309017 0.820984 200.000000 0.820984 0.058273 23.309078 -0.951057 0.087869 200.000000 0.087869 0.022823 9.129383 0.809017 -23.602816 200.000000 -23.602816 0.045695 18.278113 -0.587785 29.355695 200.000000 29.355695
 8.000000 -0.956200 0.292715 -0.573481 0.819219 -1.273732 -0.610749 0.292715 -0.956200 0.819219 -0.573481 0.026576 10.630435 0.309017 0.820984 200.000000 0.820984 0.002645 1.058130 -0.951057 0.087869 200.000000 0.087869 0.010407 4.162956 0.809017 -23.602816 200.000000 -23.602816 0.020460 8.184129 -0.587785 29.355695 200.000000 29.355695
 8.200000 -0.930442 0.366439 -0.621148 0.783694 -1.195617 -0.670206 0.366439 -0.930442 0.783694 -0.621148 0.329731 131.892231 0.309017 0.820984 200.000000 0.820984 0.042496 16.998311 -0.951057 0.087869 200.000000 0.087869 0.064127 25.650977 0.809017 -23.602816 200.000000 -23.602816 0.111305 44.521859 -0.587785 29.355695 200.000000 29.355695
 8.400000 -0.951504 0.307637 -0.573410 0.819269 -1.258087 -0.610662 0.307637 -0.951504 0.819269 -0.573410 0.000190 0.076133 0.309017 0.820984 200.000000 0.820984 0.000020 0.007998 -0.951057 0.087869 200.000000 0.087869 0.010510 4.203844 0.809017 -23.602816 200.000000 -23.602816 0.020665 8.266036 -0.587785 29.355695 200.000000 29.355695
 8.600000 -0.949862 0.312669 -0.546075 0.837736 -1.252794 -0.577672 0.312669 -0.949862 0.837736 -0.546075 0.001334 0.533578 0.309017 0.820984 200.000000 0.820984 0.000143 0.057071 -0.951057 0.087869 200.000000 0.087869 0.082478 32.991298 0.809017 -23.602816 200.000000 -23.602816 0.173971 69.588416 -0.587785 29.355695 200.000000 29.355695
 8.800000 -0.947333 0.320251 -0.505517 0.862816 -1.244801 -0.529981 0.320251 -0.947333 0.862816 -0.505517 0.012621 5.048533 0.309017 0.820984 200.000000 0.820984 0.001387 0.554711 -0.951057 0.087869 200.000000 0.087869 0.289438 115.775352 0.809017 -23.602816 200.000000 -23.602816 0.676802 270.720671 -0.587785 29.355695 200.000000 29.355695
 9.000000 -0.971455 0.237223 -0.525407 0.850851 -1.331290 -0.553193 0.237223 -0.971455 0.850851 -0.525407 0.515437 206.174757 0.309017 0.820984 200.000000 0.820984 0.041611 16.644264 -0.951057 0.087869 200.000000 0.087869 0.175011 70.004441 0.809017 -23.602816 200.000000 -23.602816 0.389110 155.644177 -0.587785 29.355695 200.000000 29.355695
 9.200000 -0.950158 0.311768 -0.545836 0.837892 -1.253743 -0.577386 0.311768 -0.950158 0.837892 -0.545836 0.000757 0.302721 0.309017 0.820984 200.000000 0.820984 0.000081 0.032275 -0.951057 0.087869 200.000000 0.087869 0.083378 33.351275 0.809017 -23.602816 200.000000 -23.602816 0.175977 70.390835 -0.587785 29.355695 200.000000 29.355695
 9.400000 -0.940532 0.339705 -0.610656 0.791896 -1.224193 -0.656889 0.339705 -0.940532 0.791896 -0.610656 0.094175 37.670037 0.309017 0.820984 200.000000 0.820984 0.011076 4.430573 -0.951057 0.087869 200.000000 0.087869 0.029313 11.725005 0.809017 -23.602816 200.000000 -23.602816 0.052306 20.922576 -0.587785 29.355695 200.000000 29.355695
 9.600000 -0.936055 0.351853 -0.629596 0.776923 -1.211246 -0.681033 0.351853 -0.936055 0.776923 -0.629596 0.183492 73.396757 0.309017 0.820984 200.000000 0.820984 0.022504 9.001474 -0.951057 0.087869 200.000000 0.087869 0.103005 41.202069 0.809017 -23.602816 200.000000 -23.602816 0.174815 69.926045 -0.587785 29.355695 200.000000 29.355695
 9.800000 -0.961303 0.275493 -0.576112 0.817370 -1.291694 -0.613964 0.275493 -0.961303 0.817370 -0.576112 0.112386 44.954244 0.309017 0.820984 200.000000 0.820984 0.010499 4.199673 -0.951057 0.087869 200.000000 0.087869 0.006978 2.791242 0.809017 -23.602816 200.000000 -23.602816 0.013626 5.450244 -0.587785 29.355695 200.000000 29.355695
 10.000000 -0.954071 0.299581 -0.584529 0.811373 -1.266543 -0.624300 0.299581 -0.954071 0.811373 -0.584529 0.008903 3.561302 0.309017 0.820984 200.000000 0.820984 0.000909 0.363431 -0.951057 0.087869 200.000000 0.087869 0.000555 0.221948 0.809017 -23.602816 200.000000 -23.602816 0.001060 0.424035 -0.587785 29.355695 200.000000 29.355695
 10.200000 -0.933247 0.359235 -0.528825 0.848731 -1.203348 -0.557216 0.359235 -0.933247 0.848731 -0.528825 0.252189 100.875513 0.309017 0.820984 200.000000 0.820984 0.031718 12.687180 -0.951057 0.087869 200.000000 0.087869 0.157719 63.087455 0.809017 -23.602816 200.000000 -23.602816 0.347629 139.051793 -0.587785 29.355695 200.000000 29.355695
 10.400000 -0.957192 0.289455 -0.600034 0.799974 -1.277139 -0.643544 0.289455 -0.957192 0.799974 -0.600034 0.038266 15.306517 0.309017 0.820984 200.000000 0.820984 0.003764 1.505548 -0.951057 0.087869 200.000000 0.087869 0.008177 3.270811 0.809017 -23.602816 200.000000 -23.602816 0.015004 6.001529 -0.587785 29.355695 200.000000 29.355695
 10.600000 -0.939476 0.342615 -0.615093 0.788454 -1.221098 -0.662504 0.342615 -0.939476 0.788454 -0.615093 0.112879 45.151748 0.309017 0.820984 200.000000 0.820984 0.013411 5.364267 -0.951057 0.087869 200.000000 0.087869 0.042282 16.912997 0.809017 -23.602816 200.000000 -23.602816 0.074573 29.829302 -0.587785 29.355695 200.000000 29.355695
 10.800000 -0.933607 0.358297 -0.552247 0.833681 -1.204353 -0.585057 0.358297 -0.933607 0.833681 -0.552247 0.242856 97.142511 0.309017 0.820984 200.000000 0.820984 0.030447 12.178744 -0.951057 0.087869 200.000000 0.087869 0.060830 24.332064 0.809017 -23.602816 200.000000 -23.602816 0.126299 50.519642 -0.587785 29.355695 200.000000 29.355695
 11.000000 -0.946953 0.321374 -0.578712 0.815532 -1.243617 -0.617148 0.321374 -0.946953 0.815532 -0.578712 0.015268 6.107369 0.309017 0.820984 200.000000 0.820984 0.001684 0.673716 -0.951057 0.087869 200.000000 0.087869 0.004245 1.697838 0.809017 -23.602816 200.000000 -23.602816 0.008233 3.293022 -0.587785 29.355695 200.000000 29.355695
 11.200000 -0.947653 0.319303 -0.573273 0.819364 -1.245803 -0.610495 0.319303 -0.947653 0.819364 -0.573273 0.010580 4.231879 0.309017 0.820984 200.000000 0.820984 0.001159 0.463423 -0.951057 0.087869 200.000000 0.087869 0.010707 4.282779 0.809017 -23.602816 200.000000 -23.602816 0.021061 8.424224 -0.587785 29.355695 200.000000 29.355695
 11.400000 -0.946028 0.324085 -0.563227 0.826302 -1.240752 -0.598286 0.324085 -0.946028 0.826302 -0.563227 0.022705 9.082061 0.309017 0.820984 200.000000 0.820984 0.002529 1.011483 -0.951057 0.087869 200.000000 0.087869 0.029878 11.951045 0.809017 -23.602816 200.000000 -23.602816 0.060310 24.124089 -0.587785 29.355695 200.000000 29.355695
 11.600000 -0.949388 0.314106 -0.556731 0.830693 -1.251282 -0.590445 0.314106 -0.949388 0.830693 -0.556731 0.002589 1.035730 0.309017 0.820984 200.000000 0.820984 0.000278 0.111348 -0.951057 0.087869 200.000000 0.087869 0.046985 18.794132 0.809017 -23.602816 200.000000 -23.602816 0.096439 38.575606 -0.587785 29.355695 200.000000 29.355695
 11.800000 -0.971361 0.237607 -0.549562 0.835453 -1.330895 -0.581840 0.237607 -0.971361 0.835453 -0.549562 0.509937 203.974785 0.309017 0.820984 200.000000 0.820984 0.041229 16.491436 -0.951057 0.087869 200.000000 0.087869 0.069886 27.954490 0.809017 -23.602816 200.000000 -23.602816 0.146102 58.440965 -0.587785 29.355695 200.000000 29.355695
 12.000000 -0.956963 0.290210 -0.568349 0.822788 -1.276350 -0.604498 0.290210 -0.956963 0.822788 -0.568349 0.035371 14.148256 0.309017 0.820984 200.000000 0.820984 0.003489 1.395468 -0.951057 0.087869 200.000000 0.087869 0.018963 7.585122 0.809017 -23.602816 200.000000 -23.602816 0.037777 15.110619 -0.587785 29.355695 200.000000 29.355695
 12.200000 -0.940860 0.338795 -0.589596 0.807698 -1.225160 -0.630558 0.338795 -0.940860 0.807698 -0.589596 0.088675 35.470162 0.309017 0.820984 200.000000 0.820984 0.010397 4.158701 -0.951057 0.087869 200.000000 0.087869 0.000174 0.069545 0.809017 -23.602816 200.000000 -23.602816 0.000328 0.131129 -0.587785 29.355695 200.000000 29.355695
 12.400000 -0.943231 0.332137 -0.634689 0.772768 -1.232228 -0.687606 0.332137 -0.943231 0.772768 -0.634689 0.053456 21.382311 0.309017 0.820984 200.000000 0.820984 0.006124 2.449561 -0.951057 0.087869 200.000000 0.087869 0.131402 52.560740 0.809017 -23.602816 200.000000 -23.602816 0.219997 87.998781 -0.587785 29.355695 200.000000 29.355695
 12.600000 -0.950527 0.310641 -0.619421 0.785059 -1.254929 -0.668005 0.310641 -0.950527 0.785059 -0.619421 0.000264 0.105535 0.309017 0.820984 200.000000 0.820984 0.000028 0.011207 -0.951057 0.087869 200.000000 0.087869 0.057400 22.959989 0.809017 -23.602816 200.000000 -23.602816 0.100084 40.033756 -0.587785 29.355695 200.000000 29.355695
 12.800000 -0.968406 0.249381 -0.503409 0.864048 -1.318756 -0.527540 0.249381 -0.968406 0.864048 -0.503409 0.355651 142.260312 0.309017 0.820984 200.000000 0.820984 0.030099 12.039589 -0.951057 0.087869 200.000000 0.087869 0.302844 121.137676 0.809017 -23.602816 200.000000 -23.602816 0.711936 284.774372 -0.587785 29.355695 200.000000 29.355695
 13.000000 -0.967894 0.251360 -0.549871 0.835249 -1.316711 -0.582210 0.251360 -0.967894 0.835249 -0.549871 0.332430 132.971877 0.309017 0.820984 200.000000 0.820984 0.028349 11.339488 -0.951057 0.087869 200.000000 0.087869 0.068814 27.525708 0.809017 -23.602816 200.000000 -23.602816 0.143748 57.499046 -0.587785 29.355695 200.000000 29.355695
 13.200000 -0.921585 0.388176 -0.529369 0.848392 -1.172145 -0.557856 0.388176 -0.921585 0.848392 -0.529369 0.626607 250.642804 0.309017 0.820984 200.000000 0.820984 0.086854 34.741706 -0.951057 0.087869 200.000000 0.087869 0.155038 62.015382 0.809017 -23.602816 200.000000 -23.602816 0.341250 136.500033 -0.587785 29.355695 200.000000 29.355695
 13.400000 -0.944807 0.327629 -0.560123 0.828410 -1.237004 -0.594534 0.327629 -0.944807 0.828410 -0.560123 0.034640 13.856001 0.309017 0.820984 200.000000 0.820984 0.003906 1.562499 -0.951057 0.087869 200.000000 0.087869 0.037608 15.043178 0.809017 -23.602816 200.000000 -23.602816 0.076523 30.609015 -0.587785 29.355695 200.000000 29.355695
 13.600000 -0.897587 0.440838 -0.570734 0.821135 -1.114265 -0.607399 0.440838 -0.897587 0.821135 -0.570734 1.737669 695.067462 0.309017 0.820984 200.000000 0.820984 0.285900 114.360188 -0.951057 0.087869 200.000000 0.087869 0.014685 5.874059 0.809017 -23.602816 200.000000 -23.602816 0.029076 11.630231 -0.587785 29.355695 200.000000 29.355695
 13.800000 -0.923241 0.384221 -0.525346 0.850889 -1.176432 -0.553122 0.384221 -0.923241 0.850889 -0.525346 0.565570 226.228104 0.309017 0.820984 200.000000 0.820984 0.077370 30.948152 -0.951057 0.087869 200.000000 0.087869 0.175324 70.129678 0.809017 -23.602816 200.000000 -23.602816 0.389867 155.946622 -0.587785 29.355695 200.000000 29.355695
 14.000000 -0.972177 0.234249 -0.518439 0.855115 -1.334350 -0.545024 0.234249 -0.972177 0.855115 -0.518439 0.559022 223.608691 0.309017 0.820984 200.000000 0.820984 0.044606 17.842276 -0.951057 0.087869 200.000000 0.087869 0.212501 85.000384 0.809017 -23.602816 200.000000 -23.602816 0.480895 192.358000 -0.587785 29.355695 200.000000 29.355695
 14.200000 -0.930902 0.365270 -0.556523 0.830832 -1.196874 -0.590195 0.365270 -0.930902 0.830832 -0.556523 0.316439 126.575646 0.309017 0.820984 200.000000 0.820984 0.040622 16.248740 -0.951057 0.087869 200.000000 0.087869 0.047591 19.036483 0.809017 -23.602816 200.000000 -23.602816 0.097735 39.093882 -0.587785 29.355695 200.000000 29.355695
 14.400000 -0.964886 0.262668 -0.586859 0.809689 -1.305010 -0.627174 0.262668 -0.964886 0.809689 -0.586859 0.214820 85.927979 0.309017 0.820984 200.000000 0.820984 0.019126 7.650391 -0.951057 0.087869 200.000000 0.087869 0.000045 0.018075 0.809017 -23.602816 200.000000 -23.602816 0.000086 0.034325 -0.587785 29.355695 200.000000 29.355695
 14.600000 -0.966039 0.258398 -0.625777 0.780002 -1.309433 -0.676127 0.258398 -0.966039 0.780002 -0.625777 0.256230 102.491805 0.309017 0.820984 200.000000 0.820984 0.022446 8.978489 -0.951057 0.087869 200.000000 0.087869 0.084186 33.674562 0.809017 -23.602816 200.000000 -23.602816 0.144336 57.734598 -0.587785 29.355695 200.000000 29.355695
 14.800000 -0.961372 0.275254 -0.640313 0.768114 -1.291943 -0.694906 0.275254 -0.961372 0.768114 -0.640313 0.113996 45.598225 0.309017 0.820984 200.000000 0.820984 0.010640 4.256043 -0.951057 0.087869 200.000000 0.087869 0.167308 66.923105 0.809017 -23.602816 200.000000 -23.602816 0.275921 110.368445 -0.587785 29.355695 200.000000 29.355695
 15.000000 -0.963148 0.268972 -0.506795 0.862067 -1.298471 -0.531463 0.268972 -0.963148 0.862067 -0.506795 0.160360 64.143880 0.309017 0.820984 200.000000 0.820984 0.014620 5.848140 -0.951057 0.087869 200.000000 0.087869 0.281428 112.571026 0.809017 -23.602816 200.000000 -23.602816 0.655946 262.378364 -0.587785 29.355695 200.000000 29.355695
 15.200000 -0.948079 0.318034 -0.509242 0.860623 -1.247141 -0.534304 0.318034 -0.948079 0.860623 -0.509242 0.008131 3.252289 0.309017 0.820984 200.000000 0.820984 0.000886 0.354554 -0.951057 0.087869 200.000000 0.087869 0.266323 106.529192 0.809017 -23.602816 200.000000 -23.602816 0.616907 246.762909 -0.587785 29.355695 200.000000 29.355695
 15.400000 -0.959868 0.280452 -0.567642 0.823276 -1.286531 -0.603639 0.280452 -0.959868 0.823276 -0.567642 0.081595 32.637973 0.309017 0.820984 200.000000 0.820984 0.007764 3.105691 -0.951057 0.087869 200.000000 0.087869 0.020331 8.132209 0.809017 -23.602816 200.000000 -23.602816 0.040575 16.230029 -0.587785 29.355695 200.000000 29.355695
 15.600000 -0.948766 0.315980 -0.503732 0.863860 -1.249306 -0.527913 0.315980 -0.948766 0.863860 -0.503732 0.004849 1.939573 0.309017 0.820984 200.000000 0.820984 0.000525 0.209912 -0.951057 0.087869 200.000000 0.087869 0.300778 120.311118 0.809017 -23.602816 200.000000 -23.602816 0.706501 282.600537 -0.587785 29.355695 200.000000 29.355695
 15.800000 -0.967974 0.251050 -0.519187 0.854661 -1.317031 -0.545900 0.251050 -0.967974 0.854661 -0.519187 0.336012 134.404741 0.309017 0.820984 200.000000 0.820984 0.028620 11.448050 -0.951057 0.087869 200.000000 0.087869 0.208334 83.333620 0.809017 -23.602816 200.000000 -23.602816 0.470571 188.228361 -0.587785 29.355695 200.000000 29.355695
 16.000000 -0.928274 0.371896 -0.532484 0.846440 -1.189746 -0.561532 0.371896 -0.928274 0.846440 -0.532484 0.395377 158.150819 0.309017 0.820984 200.000000 0.820984 0.051902 20.760996 -0.951057 0.087869 200.000000 0.087869 0.140050 56.020127 0.809017 -23.602816 200.000000 -23.602816 0.305827 122.330709 -0.587785 29.355695 200.000000 29.355695
 16.200000 -0.945443 0.325789 -0.609242 0.792984 -1.238950 -0.655105 0.325789 -0.945443 0.792984 -0.609242 0.028129 11.251753 0.309017 0.820984 200.000000 0.820984 0.003152 1.260656 -0.951057 0.087869 200.000000 0.087869 0.025705 10.282023 0.809017 -23.602816 200.000000 -23.602816 0.046040 18.416030 -0.587785 29.355695 200.000000 29.355695
 16.400000 -0.942497 0.334214 -0.642516 0.766272 -1.230025 -0.697777 0.334214 -0.942497 0.766272 -0.642516 0.063489 25.395682 0.309017 0.820984 200.000000 0.820984 0.007326 2.930479 -0.951057 0.087869 200.000000 0.087869 0.182711 73.084478 0.809017 -23.602816 200.000000 -23.602816 0.299546 119.818213 -0.587785 29.355695 200.000000 29.355695
 16.600000 -0.949231 0.314581 -0.586212 0.810158 -1.250781 -0.626375 0.314581 -0.949231 0.810158 -0.586212 0.003096 1.238489 0.309017 0.820984 200.000000 0.820984 0.000333 0.133372 -0.951057 0.087869 200.000000 0.087869 0.000130 0.052037 0.809017 -23.602816 200.000000 -23.602816 0.000247 0.098984 -0.587785 29.355695 200.000000 29.355695
 16.800000 -0.946704 0.322104 -0.638804 0.769370 -1.242845 -0.692942 0.322104 -0.946704 0.769370 -0.638804 0.017128 6.851046 0.309017 0.820984 200.000000 0.820984 0.001894 0.757704 -0.951057 0.087869 200.000000 0.087869 0.157189 62.875604 0.809017 -23.602816 200.000000 -23.602816 0.260286 104.114486 -0.587785 29.355695 200.000000 29.355695
 17.000000 -0.931991 0.362481 -0.569614 0.821913 -1.199868 -0.606036 0.362481 -0.931991 0.821913 -0.569614 0.285839 114.335592 0.309017 0.820984 200.000000 0.820984 0.036349 14.539455 -0.951057 0.087869 200.000000 0.087869 0.016630 6.651869 0.809017 -23.602816 200.000000 -23.602816 0.033021 13.208334 -0.587785 29.355695 200.000000 29.355695
 17.200000 -0.946304 0.323277 -0.504893 0.863182 -1.241606 -0.529258 0.323277 -0.946304 0.863182 -0.504893 0.020336 8.134361 0.309017 0.820984 200.000000 0.820984 0.002258 0.903363 -0.951057 0.087869 200.000000 0.087869 0.293386 117.354293 0.809017 -23.602816 200.000000 -23.602816 0.687117 274.846713 -0.587785 29.355695 200.000000 29.355695
 17.400000 -0.948526 0.316699 -0.546862 0.837223 -1.248549 -0.578612 0.316699 -0.948526 0.837223 -0.546862 0.005901 2.360584 0.309017 0.820984 200.000000 0.820984 0.000640 0.256128 -0.951057 0.087869 200.000000 0.087869 0.079555 31.822154 0.809017 -23.602816 200.000000 -23.602816 0.167469 66.987485 -0.587785 29.355695 200.000000 29.355695
 17.600000 -0.944149 0.329519 -0.486917 0.873448 -1.235002 -0.508557 0.329519 -0.944149 0.873448 -0.486917 0.042033 16.813284 0.309017 0.820984 200.000000 0.820984 0.004771 1.908581 -0.951057 0.087869 200.000000 0.087869 0.415138 166.055125 0.809017 -23.602816 200.000000 -23.602816 1.017438 406.975294 -0.587785 29.355695 200.000000 29.355695
 17.800000 -0.942399 0.334492 -0.547824 0.836594 -1.229731 -0.579761 0.334492 -0.942399 0.836594 -0.547824 0.064896 25.958248 0.309017 0.820984 200.000000 0.820984 0.007496 2.998293 -0.951057 0.087869 200.000000 0.087869 0.076048 30.419178 0.809017 -23.602816 200.000000 -23.602816 0.159692 63.876938 -0.587785 29.355695 200.000000 29.355695
 18.000000 -0.962432 0.271524 -0.511046 0.859553 -1.295820 -0.536402 0.271524 -0.962432 0.859553 -0.511046 0.140573 56.229056 0.309017 0.820984 200.000000 0.820984 0.012939 5.175770 -0.951057 0.087869 200.000000 0.087869 0.255391 102.156456 0.809017 -23.602816 200.000000 -23.602816 0.588888 235.555157 -0.587785 29.355695 200.000000 29.355695
 18.200000 -0.924470 0.381255 -0.528076 0.849197 -1.179643 -0.556334 0.381255 -0.924470 0.849197 -0.528076 0.521832 208.732784 0.309017 0.820984 200.000000 0.820984 0.070685 28.273833 -0.951057 0.087869 200.000000 0.087869 0.161442 64.576714 0.809017 -23.602816 200.000000 -23.602816 0.356514 142.605485 -0.587785 29.355695 200.000000 29.355695
 18.400000 -0.951662 0.307148 -0.588072 0.808809 -1.258602 -0.628672 0.307148 -0.951662 0.808809 -0.588072 0.000349 0.139764 0.309017 0.820984 200.000000 0.820984 0.000037 0.014657 -0.951057 0.087869 200.000000 0.087869 0.000004 0.001732 0.809017 -23.602816 200.000000 -23.602816 0.000008 0.003278 -0.587785 29.355695 200.000000 29.355695
 18.600000 -0.941034 0.338312 -0.580652 0.814152 -1.225673 -0.619530 0.338312 -0.941034 0.814152 -0.580652 0.085821 34.328518 0.309017 0.820984 200.000000 0.820984 0.010045 4.018109 -0.951057 0.087869 200.000000 0.087869 0.002636 1.054572 0.809017 -23.602816 200.000000 -23.602816 0.005088 2.035131 -0.587785 29.355695 200.000000 29.355695
 18.800000 -0.939378 0.342882 -0.609982 0.792415 -1.220813 -0.656038 0.342882 -0.939378 0.792415 -0.609982 0.114684 45.873773 0.309017 0.820984 200.000000 0.820984 0.013638 5.455087 -0.951057 0.087869 200.000000 0.087869 0.027562 11.024782 0.809017 -23.602816 200.000000 -23.602816 0.049270 19.707983 -0.587785 29.355695 200.000000 29.355695
 19.000000 -0.925081 0.379769 -0.599104 0.800671 -1.181250 -0.642382 0.379769 -0.925081 0.800671 -0.599104 0.500582 200.232753 0.309017 0.820984 200.000000 0.820984 0.067471 26.988202 -0.951057 0.087869 200.000000 0.087869 0.006966 2.786250 0.809017 -23.602816 200.000000 -23.602816 0.012812 5.124869 -0.587785 29.355695 200.000000 29.355695
 19.200000 -0.952801 0.303596 -0.569066 0.822292 -1.262332 -0.605370 0.303596 -0.952801 0.822292 -0.569066 0.002939 1.175685 0.309017 0.820984 200.000000 0.820984 0.000304 0.121729 -0.951057 0.087869 200.000000 0.087869 0.017622 7.048768 0.809017 -23.602816 200.000000 -23.602816 0.035041 14.016203 -0.587785 29.355695 200.000000 29.355695
 19.400000 -0.963759 0.266774 -0.537474 0.843281 -1.300752 -0.567438 0.266774 -0.963759 0.843281 -0.537474 0.178449 71.379675 0.309017 0.820984 200.000000 0.820984 0.016136 6.454312 -0.951057 0.087869 200.000000 0.087869 0.117400 46.959873 0.809017 -23.602816 200.000000 -23.602816 0.253127 101.250845 -0.587785 29.355695 200.000000 29.355695
 19.600000 -0.958080 0.286502 -0.536603 0.843835 -1.280222 -0.566407 0.286502 -0.958080 0.843835 -0.536603 0.050691 20.276547 0.309017 0.820984 200.000000 0.820984 0.004932 1.972931 -0.951057 0.087869 200.000000 0.087869 0.121226 48.490531 0.809017 -23.602816 200.000000 -23.602816 0.261958 104.783216 -0.587785 29.355695 200.000000 29.355695
 19.800000 -0.955721 0.294274 -0.579562 0.814928 -1.272101 -0.618191 0.294274 -0.955721 0.814928 -0.579562 0.021737 8.694752 0.309017 0.820984 200.000000 0.820984 0.002176 0.870382 -0.951057 0.087869 200.000000 0.087869 0.003494 1.397735 0.809017 -23.602816 200.000000 -23.602816 0.006763 2.705002 -0.587785 29.355695 200.000000 29.355695
 20.000000 -0.957123 0.289681 -0.583781 0.811911 -1.276903 -0.623378 0.289681 -0.957123 0.811911 -0.583781 0.037389 14.955416 0.309017 0.820984 200.000000 0.820984 0.003681 1.472229 -0.951057 0.087869 200.000000 0.087869 0.000838 0.335076 0.809017 -23.602816 200.000000 -23.602816 0.001604 0.641412 -0.587785 29.355695 200.000000 29.355695
