#! FIELDS time sin_phi cos_phi sin_psi cos_psi phi psi cos_phi sin_phi cos_psi sin_psi restraint_phi_cos.bias restraint_phi_cos.force2 restraint_phi_cos.cos_phi_cntr restraint_phi_cos.cos_phi_work restraint_phi_cos.cos_phi_kappa restraint_phi_cos.work restraint_phi_sin.bias restraint_phi_sin.force2 restraint_phi_sin.sin_phi_cntr restraint_phi_sin.sin_phi_work restraint_phi_sin.sin_phi_kappa restraint_phi_sin.work restraint_psi_cos.bias restraint_psi_cos.force2 restraint_psi_cos.cos_psi_cntr restraint_psi_cos.cos_psi_work restraint_psi_cos.cos_psi_kappa restraint_psi_cos.work restraint_psi_sin.bias restraint_psi_sin.force2 restraint_psi_sin.sin_psi_cntr restraint_psi_sin.sin_psi_work restraint_psi_sin.sin_psi_kappa restraint_psi_sin.work
#! SET min_phi -pi
#! SET max_phi pi
#! SET min_psi -pi
#! SET max_psi pi
 0.000000 -0.999983 -0.005782 0.966116 0.258110 -1.576579 1.309731 -0.005782 -0.999983 0.258110 0.966116 0.000000 0.000000 -0.009747 0.000000 0.000000 0.000000 0.000000 0.000000 -0.999953 0.000000 0.000000 0.000000 0.000000 0.000000 0.256142 0.000000 0.000000 0.000000 0.000000 0.000000 0.966639 0.000000 0.000000 0.000000
 0.200000 -1.000000 -0.000270 0.834659 0.550766 -1.571067 0.987514 -0.000270 -1.000000 0.550766 0.834659 0.000898 0.035920 -0.009747 0.429322 20.000000 0.429322 0.000000 0.000001 -0.999953 0.008204 20.000000 0.008204 0.868034 34.721347 0.256142 0.437490 20.000000 0.437490 0.174186 6.967456 0.966639 0.079184 20.000000 0.079184
 0.400000 -0.998237 0.059353 0.982965 0.183791 -1.511408 1.385954 0.059353 -0.998237 0.183791 0.982965 0.095495 7.639617 -0.009747 0.576151 40.000000 0.576151 0.000059 0.004708 -0.999953 0.009175 40.000000 0.009175 0.104694 8.375539 0.256142 0.652615 40.000000 0.652615 0.005331 0.426475 0.966639 0.103851 40.000000 0.103851
 0.600000 -0.997905 0.064696 0.969722 0.244212 -1.506055 1.324090 0.064696 -0.997905 0.244212 0.969722 0.166252 19.950207 -0.009747 0.652738 60.000000 0.652738 0.000126 0.015092 -0.999953 0.009549 60.000000 0.009549 0.004270 0.512437 0.256142 0.812942 60.000000 0.812942 0.000285 0.034215 0.966639 0.126976 60.000000 0.126976
 0.800000 -0.999998 0.001896 0.948099 0.317975 -1.568900 1.247204 0.001896 -0.999998 0.317975 0.948099 0.005422 0.867516 -0.009747 0.745440 80.000000 0.745440 0.000000 0.000013 -0.999953 0.009931 80.000000 0.009931 0.152929 24.468694 0.256142 0.870387 80.000000 0.870387 0.013749 2.199849 0.966639 0.131254 80.000000 0.131254
 1.000000 -0.997908 -0.064647 0.983715 0.179733 -1.635488 1.390081 -0.064647 -0.997908 0.179733 0.983715 0.150702 30.140315 -0.009747 0.830209 100.000000 0.830209 0.000209 0.041791 -0.999953 0.010215 100.000000 0.010215 0.291921 58.384155 0.256142 0.906285 100.000000 0.906285 0.014580 2.916032 0.966639 0.133898 100.000000 0.133898
 1.200000 -0.998638 0.052178 0.985243 0.171159 -1.518594 1.398790 0.052178 -0.998638 0.171159 0.985243 0.230080 55.219214 -0.009747 0.926076 120.000000 0.926076 0.000104 0.024890 -0.999953 0.010632 120.000000 0.010632 0.433327 103.998443 0.256142 0.992004 120.000000 0.992004 0.020767 4.984124 0.966639 0.141237 120.000000 0.141237
 1.400000 -0.999101 0.042384 0.979961 0.199189 -1.528400 1.370266 0.042384 -0.999101 0.199189 0.979961 0.190230 53.264498 -0.009747 0.960915 140.000000 0.960915 0.000051 0.014198 -0.999953 0.010712 140.000000 0.010712 0.227056 63.575605 0.256142 1.092924 140.000000 1.092924 0.012423 3.478506 0.966639 0.149509 140.000000 0.149509
 1.600000 -0.999952 0.009813 0.961483 0.274866 -1.560983 1.292346 0.009813 -0.999952 0.274866 0.961483 0.030606 9.793775 -0.009747 1.006981 160.000000 1.006981 0.000000 0.000000 -0.999953 0.010844 160.000000 0.010844 0.028045 8.974410 0.256142 1.162377 160.000000 1.162377 0.002127 0.680674 0.966639 0.156236 160.000000 0.156236
 1.800000 -0.999841 -0.017822 0.970391 0.241538 -1.588620 1.326845 -0.017822 -0.999841 0.241538 0.970391 0.005870 2.113146 -0.009747 1.052342 180.000000 1.052342 0.000001 0.000402 -0.999953 0.010933 180.000000 0.010933 0.019195 6.910145 0.256142 1.193859 180.000000 1.193859 0.001267 0.456159 0.966639 0.158888 180.000000 0.158888
 2.000000 -0.986834 0.161737 0.941559 0.336847 -1.408346 1.227230 0.161737 -0.986834 0.336847 0.941559 2.940653 1176.261186 -0.009747 1.082518 200.000000 1.082518 0.017210 6.883876 -0.999953 0.011018 200.000000 0.011018 0.651327 260.530806 0.256142 1.220776 200.000000 1.220776 0.062899 25.159742 0.966639 0.161475 200.000000 0.161475
 2.200000 -0.996360 0.085246 0.885234 0.465145 -1.485446 1.086997 0.085246 -0.996360 0.465145 0.885234 0.701522 280.608651 0.001489 1.042498 200.000000 1.042498 0.424811 169.924532 -0.931182 0.447910 200.000000 0.447910 2.318414 927.365709 0.312882 1.081702 200.000000 1.081702 0.005886 2.354298 0.892906 0.479671 200.000000 0.479671
 2.400000 -0.999693 0.024786 0.877625 0.479349 -1.546007 1.070884 0.024786 -0.999693 0.479349 0.877625 0.014547 5.818658 0.012725 0.972141 200.000000 0.972141 1.884595 753.838099 -0.862412 1.838514 200.000000 1.838514 1.203998 481.599230 0.369622 0.732709 200.000000 0.732709 0.341657 136.662698 0.819173 1.474856 200.000000 1.474856
 2.600000 -0.995461 -0.095167 0.761892 0.647704 -1.666107 0.866230 -0.095167 -0.995461 0.647704 0.761892 1.419148 567.659011 0.023961 0.912569 200.000000 0.912569 4.073102 1629.240951 -0.793642 4.158672 200.000000 4.158672 4.899230 1959.691851 0.426362 0.032809 200.000000 0.032809 0.027068 10.827073 0.745440 2.953317 200.000000 2.953317
 2.800000 -0.997615 0.069028 0.792521 0.609844 -1.501714 0.914933 0.069028 -0.997615 0.609844 0.792521 0.114451 45.780538 0.035197 0.848148 200.000000 0.848148 7.438864 2975.545613 -0.724872 7.403701 200.000000 7.403701 1.606375 642.549889 0.483101 -0.783496 200.000000 -0.783496 1.459607 583.842753 0.671707 4.979280 200.000000 4.979280
 3.000000 -0.999646 0.026623 0.782503 0.622647 -1.544170 0.898675 0.026623 -0.999646 0.622647 0.782503 0.039245 15.697971 0.046433 0.732748 200.000000 0.732748 11.802232 4720.892981 -0.656102 11.578633 200.000000 11.578633 0.685686 274.274538 0.539841 -2.058208 200.000000 -2.058208 3.405076 1362.030352 0.597974 7.120747 200.000000 7.120747
 3.200000 -0.995895 0.090513 0.770739 0.637150 -1.480159 0.880001 0.090513 -0.995895 0.637150 0.770739 0.107872 43.148931 0.057669 0.621546 200.000000 0.621546 16.692425 6676.969961 -0.587332 16.669182 200.000000 16.669182 0.164591 65.836339 0.596581 -3.688326 200.000000 -3.688326 6.076133 2430.453140 0.524241 9.130451 200.000000 9.130451
 3.400000 -0.989531 0.144321 0.651365 0.758764 -1.425970 0.709382 0.144321 -0.989531 0.758764 0.651365 0.568756 227.502419 0.068905 0.490026 200.000000 0.490026 22.181222 8872.488733 -0.518561 22.680927 200.000000 22.680927 1.111847 444.738611 0.653320 -5.445820 200.000000 -5.445820 4.034341 1613.736434 0.450508 11.075735 200.000000 11.075735
 3.600000 -0.986708 0.162503 0.489898 0.871780 -1.407570 0.511973 0.162503 -0.986708 0.871780 0.489898 0.678349 271.339605 0.080141 0.295656 200.000000 0.295656 28.827957 11531.182687 -0.449791 29.544973 200.000000 29.544973 2.615328 1046.131301 0.710060 -7.311590 200.000000 -7.311590 1.279669 511.867536 0.376775 12.746421 200.000000 12.746421
 3.800000 -0.940441 0.339958 0.327811 0.944743 -1.223924 0.333985 0.339958 -0.940441 0.944743 0.327811 6.179271 2471.708251 0.091377 0.028274 200.000000 0.028274 31.294997 12517.998895 -0.381021 37.231530 200.000000 37.231530 3.166392 1266.556991 0.766800 -9.113625 200.000000 -9.113625 0.061347 24.538886 0.303042 14.195208 200.000000 14.195208
 4.000000 -0.914085 0.405523 0.305450 0.952208 -1.153245 0.310411 0.405523 -0.914085 0.952208 0.305450 9.175478 3670.191147 0.102613 -0.281679 200.000000 -0.281679 36.220372 14488.148850 -0.312251 45.753230 200.000000 45.753230 1.655558 662.223073 0.823539 -10.789818 200.000000 -10.789818 0.579744 231.897773 0.229309 15.099080 200.000000 15.099080
 4.200000 -0.860141 0.510056 0.168663 0.985674 -1.035546 0.169473 0.510056 -0.860141 0.985674 0.168663 15.698040 6279.216067 0.113849 -0.796816 200.000000 -0.796816 38.026969 15210.787682 -0.243481 54.828907 200.000000 54.828907 1.110802 444.320727 0.880279 -12.140884 200.000000 -12.140884 0.017125 6.850120 0.155577 15.693183 200.000000 15.693183
 4.400000 -0.841356 0.540482 0.039119 0.999235 -0.999787 0.039129 0.540482 -0.841356 0.999235 0.039119 17.255459 6902.183492 0.125085 -1.522437 200.000000 -1.522437 44.441564 17776.625527 -0.174711 64.233196 200.000000 64.233196 0.387078 154.831393 0.937019 -13.036293 200.000000 -13.036293 0.182537 73.014979 0.081844 16.109062 200.000000 16.109062
 4.600000 -0.740084 0.672514 -0.059178 0.998247 -0.833195 -0.059213 0.672514 -0.740084 0.998247 -0.059178 28.750360 11500.144022 0.136321 -2.500995 200.000000 -2.500995 40.213802 16085.520945 -0.105941 73.587111 200.000000 73.587111 0.002015 0.805978 0.993759 -13.392172 200.000000 -13.392172 0.452776 181.110438 0.008111 16.226476 200.000000 16.226476
 4.800000 -0.578605 0.815608 -0.042010 0.999117 -0.617017 -0.042023 0.815608 -0.578605 0.999117 -0.042010 44.629277 17851.710852 0.147557 -3.716932 200.000000 -3.716932 29.315111 11726.044355 -0.037170 82.540144 200.000000 82.540144 0.000078 0.031175 1.000000 -13.395293 200.000000 -13.395293 0.176488 70.595007 0.000000 16.183703 200.000000 16.183703
 5.000000 0.097586 0.995227 -0.072660 0.997357 0.097741 -0.072724 0.995227 0.097586 0.997357 -0.072660 69.962286 27984.914233 0.158793 -5.519255 200.000000 -5.519255 0.435414 174.165686 0.031600 84.695528 200.000000 84.695528 0.000699 0.279468 1.000000 -13.395293 200.000000 -13.395293 0.527949 211.179639 0.000000 16.183703 200.000000 16.183703
 5.200000 0.666075 0.745885 0.043823 0.999039 0.728934 0.043837 0.745885 0.666075 0.999039 0.043823 33.161042 13264.416910 0.170028 -6.959891 200.000000 -6.959891 32.002242 12800.896975 0.100370 77.971728 200.000000 77.971728 0.000092 0.036918 1.000000 -13.395293 200.000000 -13.395293 0.192048 76.819253 0.000000 16.183703 200.000000 16.183703
 5.400000 0.745805 0.666164 -0.151242 0.988497 0.841743 -0.151824 0.666164 0.745805 0.988497 -0.151242 23.512757 9405.102774 0.181264 -8.144147 200.000000 -8.144147 33.254295 13301.717972 0.169140 70.078711 200.000000 70.078711 0.013232 5.292958 1.000000 -13.395293 200.000000 -13.395293 2.287411 914.964227 0.000000 16.183703 200.000000 16.183703
 5.600000 0.799513 0.600648 -0.069298 0.997596 0.926484 -0.069354 0.600648 0.799513 0.997596 -0.069298 16.658492 6663.396911 0.192500 -9.166351 200.000000 -9.166351 31.539805 12615.921892 0.237910 62.421511 200.000000 62.421511 0.000578 0.231169 1.000000 -13.395293 200.000000 -13.395293 0.480222 192.088965 0.000000 16.183703 200.000000 16.183703
 5.800000 0.624996 0.780628 -0.047087 0.998891 0.675126 -0.047104 0.780628 0.624996 0.998891 -0.047087 33.280397 13312.158849 0.203736 -10.032889 200.000000 -10.032889 10.132494 4052.997629 0.306680 55.082781 200.000000 55.082781 0.000123 0.049212 1.000000 -13.395293 200.000000 -13.395293 0.221715 88.685927 0.000000 16.183703 200.000000 16.183703
 6.000000 0.822041 0.569429 -0.012739 0.999919 0.964986 -0.012740 0.569429 0.822041 0.999919 -0.012739 12.563936 5025.574450 0.214972 -10.801162 200.000000 -10.801162 19.944296 7977.718262 0.375450 48.355940 200.000000 48.355940 0.000001 0.000263 1.000000 -13.395293 200.000000 -13.395293 0.016229 6.491781 0.000000 16.183703 200.000000 16.183703
 6.200000 0.890826 0.454345 -0.139039 0.990287 1.099159 -0.139491 0.454345 0.890826 0.990287 -0.139039 5.204659 2081.863423 0.226208 -11.446794 200.000000 -11.446794 19.945610 7978.243992 0.444221 42.192310 200.000000 42.192310 0.009435 3.773822 1.000000 -13.395293 200.000000 -13.395293 1.933198 773.279239 0.000000 16.183703 200.000000 16.183703
 6.400000 0.916014 0.401146 -0.037290 0.999304 1.158028 -0.037299 0.401146 0.916014 0.999304 -0.037290 2.679843 1071.937243 0.237444 -11.994661 200.000000 -11.994661 16.242777 6497.110827 0.512991 36.710818 200.000000 36.710818 0.000048 0.019350 1.000000 -13.395293 200.000000 -13.395293 0.139057 55.622772 0.000000 16.183703 200.000000 16.183703
 6.600000 0.912435 0.409221 -0.024320 0.999704 1.149197 -0.024323 0.409221 0.912435 0.999704 -0.024320 2.577328 1030.931019 0.248680 -12.455778 200.000000 -12.455778 10.934572 4373.828848 0.581761 32.016421 200.000000 32.016421 0.000009 0.003499 1.000000 -13.395293 200.000000 -13.395293 0.059147 23.658906 0.000000 16.183703 200.000000 16.183703
 6.800000 0.899775 0.436354 -0.081486 0.996675 1.119254 -0.081576 0.436354 0.899775 0.996675 -0.081486 3.113042 1245.216835 0.259916 -12.856206 200.000000 -12.856206 6.212259 2484.903732 0.650531 28.129277 200.000000 28.129277 0.001106 0.442358 1.000000 -13.395293 200.000000 -13.395293 0.663994 265.597499 0.000000 16.183703 200.000000 16.183703
 7.000000 0.900635 0.434577 -0.038144 0.999272 1.121228 -0.038154 0.434577 0.900635 0.999272 -0.038144 2.670771 1068.308531 0.271152 -13.133754 200.000000 -13.133754 3.288189 1315.275478 0.719301 24.897969 200.000000 24.897969 0.000053 0.021185 1.000000 -13.395293 200.000000 -13.395293 0.145499 58.199669 0.000000 16.183703 200.000000 16.183703
 7.200000 0.873209 0.487345 -0.009751 0.999952 1.061750 -0.009751 0.487345 0.873209 0.999952 -0.009751 4.200748 1680.299289 0.282388 -13.397212 200.000000 -13.397212 0.724851 289.940431 0.788071 22.643985 200.000000 22.643985 0.000000 0.000090 1.000000 -13.395293 200.000000 -13.395293 0.009507 3.802920 0.000000 16.183703 200.000000 16.183703
 7.400000 0.925783 0.378055 0.041949 0.999120 1.183101 0.041962 0.378055 0.925783 0.999120 0.041949 0.712871 285.148501 0.293624 -13.591310 200.000000 -13.591310 0.475293 190.117381 0.856841 21.230258 200.000000 21.230258 0.000077 0.030994 1.000000 -13.395293 200.000000 -13.395293 0.175974 70.389589 0.000000 16.183703 200.000000 16.183703
 7.600000 0.933018 0.359829 -0.044265 0.999020 1.202712 -0.044279 0.359829 0.933018 0.999020 -0.044265 0.302160 120.864053 0.304860 -13.755547 200.000000 -13.755547 0.005486 2.194420 0.925612 20.739013 200.000000 20.739013 0.000096 0.038428 1.000000 -13.395293 200.000000 -13.395293 0.195936 78.374319 0.000000 16.183703 200.000000 16.183703
 7.800000 0.918748 0.394845 0.054204 0.998530 1.164897 0.054231 0.394845 0.918748 0.998530 0.054204 0.736644 294.657666 0.309017 -13.790086 200.000000 -13.790086 0.104386 41.754226 0.951057 20.751158 200.000000 20.751158 0.000216 0.086453 1.000000 -13.395293 200.000000 -13.395293 0.293813 117.525087 0.000000 16.183703 200.000000 16.183703
 8.000000 0.902106 0.431515 -0.042707 0.999088 1.124625 -0.042720 0.431515 0.902106 0.999088 -0.042707 1.500566 600.226224 0.309017 -13.790086 200.000000 -13.790086 0.239616 95.846247 0.951057 20.751158 200.000000 20.751158 0.000083 0.033297 1.000000 -13.395293 200.000000 -13.395293 0.182391 72.956466 0.000000 16.183703 200.000000 16.183703
 8.200000 0.894581 0.446906 -0.100332 0.994954 1.107493 -0.100501 0.446906 0.894581 0.994954 -0.100332 1.901325 760.529839 0.309017 -13.790086 200.000000 -13.790086 0.318947 127.578628 0.951057 20.751158 200.000000 20.751158 0.002546 1.018487 1.000000 -13.395293 200.000000 -13.395293 1.006655 402.662060 0.000000 16.183703 200.000000 16.183703
 8.400000 0.955874 0.293777 -0.061104 0.998131 1.272621 -0.061143 0.293777 0.955874 0.998131 -0.061104 0.023227 9.290792 0.309017 -13.790086 200.000000 -13.790086 0.002321 0.928368 0.951057 20.751158 200.000000 20.751158 0.000349 0.139670 1.000000 -13.395293 200.000000 -13.395293 0.373376 149.350357 0.000000 16.183703 200.000000 16.183703
 8.600000 0.952662 0.304031 -0.062870 0.998022 1.261875 -0.062912 0.304031 0.952662 0.998022 -0.062870 0.002486 0.994393 0.309017 -13.790086 200.000000 -13.790086 0.000258 0.103120 0.951057 20.751158 200.000000 20.751158 0.000391 0.156544 1.000000 -13.395293 200.000000 -13.395293 0.395266 158.106224 0.000000 16.183703 200.000000 16.183703
 8.800000 0.938712 0.344701 -0.040395 0.999184 1.218876 -0.040406 0.344701 0.938712 0.999184 -0.040395 0.127336 50.934412 0.309017 -13.790086 200.000000 -13.790086 0.015238 6.095018 0.951057 20.751158 200.000000 20.751158 0.000067 0.026649 1.000000 -13.395293 200.000000 -13.395293 0.163178 65.271295 0.000000 16.183703 200.000000 16.183703
 9.000000 0.945440 0.325796 -0.051418 0.998677 1.238943 -0.051441 0.325796 0.945440 0.998677 -0.051418 0.028154 11.261568 0.309017 -13.790086 200.000000 -13.790086 0.003154 1.261788 0.951057 20.751158 200.000000 20.751158 0.000175 0.069991 1.000000 -13.395293 200.000000 -13.395293 0.264384 105.753544 0.000000 16.183703 200.000000 16.183703
 9.200000 0.929449 0.368950 -0.061397 0.998113 1.192917 -0.061436 0.368950 0.929449 0.998113 -0.061397 0.359198 143.679210 0.309017 -13.790086 200.000000 -13.790086 0.046688 18.675055 0.951057 20.751158 200.000000 20.751158 0.000356 0.142367 1.000000 -13.395293 200.000000 -13.395293 0.376959 150.783737 0.000000 16.183703 200.000000 16.183703
 9.400000 0.946445 0.322866 0.027270 0.999628 1.242040 0.027274 0.322866 0.946445 0.999628 0.027270 0.019180 7.671831 0.309017 -13.790086 200.000000 -13.790086 0.002127 0.850762 0.951057 20.751158 200.000000 20.751158 0.000014 0.005533 1.000000 -13.395293 200.000000 -13.395293 0.074367 29.746909 0.000000 16.183703 200.000000 16.183703
 9.600000 0.946332 0.323197 0.046681 0.998910 1.241691 0.046698 0.323197 0.946332 0.998910 0.046681 0.020106 8.042407 0.309017 -13.790086 200.000000 -13.790086 0.002232 0.892897 0.951057 20.751158 200.000000 20.751158 0.000119 0.047537 1.000000 -13.395293 200.000000 -13.395293 0.217911 87.164479 0.000000 16.183703 200.000000 16.183703
 9.800000 0.951139 0.308763 -0.020042 0.999799 1.256904 -0.020043 0.308763 0.951139 0.999799 -0.020042 0.000006 0.002584 0.309017 -13.790086 200.000000 -13.790086 0.000001 0.000273 0.951057 20.751158 200.000000 20.751158 0.000004 0.001614 1.000000 -13.395293 200.000000 -13.395293 0.040168 16.067181 0.000000 16.183703 200.000000 16.183703
 10.000000 0.924765 0.380540 -0.079194 0.996859 1.180416 -0.079277 0.380540 0.924765 0.996859 -0.079194 0.511550 204.619911 0.309017 -13.790086 200.000000 -13.790086 0.069127 27.650629 0.951057 20.751158 200.000000 20.751158 0.000986 0.394575 1.000000 -13.395293 200.000000 -13.395293 0.627166 250.866336 0.000000 16.183703 200.000000 16.183703
 10.200000 0.948291 0.317402 -0.041866 0.999123 1.247808 -0.041878 0.317402 0.948291 0.999123 -0.041866 0.007031 2.812381 0.309017 -13.790086 200.000000 -13.790086 0.000765 0.305911 0.951057 20.751158 200.000000 20.751158 0.000077 0.030748 1.000000 -13.395293 200.000000 -13.395293 0.175273 70.109254 0.000000 16.183703 200.000000 16.183703
 10.400000 0.948641 0.316354 0.077483 0.996994 1.248913 0.077561 0.316354 0.948641 0.996994 0.077483 0.005383 2.153351 0.309017 -13.790086 200.000000 -13.790086 0.000583 0.233357 0.951057 20.751158 200.000000 20.751158 0.000904 0.361517 1.000000 -13.395293 200.000000 -13.395293 0.600359 240.143589 0.000000 16.183703 200.000000 16.183703
 10.600000 0.955591 0.294696 -0.033380 0.999443 1.271658 -0.033386 0.294696 0.955591 0.999443 -0.033380 0.020508 8.203135 0.309017 -13.790086 200.000000 -13.790086 0.002056 0.822433 0.951057 20.751158 200.000000 20.751158 0.000031 0.012421 1.000000 -13.395293 200.000000 -13.395293 0.111419 44.567665 0.000000 16.183703 200.000000 16.183703
 10.800000 0.945696 0.325054 -0.076410 0.997077 1.239728 -0.076484 0.325054 0.945696 0.997077 -0.076410 0.025718 10.287214 0.309017 -13.790086 200.000000 -13.790086 0.002874 1.149614 0.951057 20.751158 200.000000 20.751158 0.000855 0.341870 1.000000 -13.395293 200.000000 -13.395293 0.583842 233.536772 0.000000 16.183703 200.000000 16.183703
 11.000000 0.917060 0.398750 0.059782 0.998211 1.160643 0.059818 0.398750 0.917060 0.998211 0.059782 0.805201 322.080270 0.309017 -13.790086 200.000000 -13.790086 0.115578 46.231387 0.951057 20.751158 200.000000 20.751158 0.000320 0.127956 1.000000 -13.395293 200.000000 -13.395293 0.357390 142.955939 0.000000 16.183703 200.000000 16.183703
 11.200000 0.952481 0.304598 -0.001750 0.999998 1.261280 -0.001750 0.304598 0.952481 0.999998 -0.001750 0.001953 0.781095 0.309017 -13.790086 200.000000 -13.790086 0.000203 0.081166 0.951057 20.751158 200.000000 20.751158 0.000000 0.000000 1.000000 -13.395293 200.000000 -13.395293 0.000306 0.122505 0.000000 16.183703 200.000000 16.183703
 11.400000 0.963748 0.266815 -0.001053 0.999999 1.300709 -0.001053 0.266815 0.963748 0.999999 -0.001053 0.178098 71.239070 0.309017 -13.790086 200.000000 -13.790086 0.016107 6.442607 0.951057 20.751158 200.000000 20.751158 0.000000 0.000000 1.000000 -13.395293 200.000000 -13.395293 0.000111 0.044334 0.000000 16.183703 200.000000 16.183703
 11.600000 0.954044 0.299665 -0.041488 0.999139 1.266455 -0.041500 0.299665 0.954044 0.999139 -0.041488 0.008746 3.498336 0.309017 -13.790086 200.000000 -13.790086 0.000893 0.357114 0.951057 20.751158 200.000000 20.751158 0.000074 0.029653 1.000000 -13.395293 200.000000 -13.395293 0.172125 68.850113 0.000000 16.183703 200.000000 16.183703
 11.800000 0.922201 0.386711 -0.068747 0.997634 1.173733 -0.068801 0.386711 0.922201 0.997634 -0.068747 0.603642 241.456850 0.309017 -13.790086 200.000000 -13.790086 0.083265 33.306126 0.951057 20.751158 200.000000 20.751158 0.000560 0.223893 1.000000 -13.395293 200.000000 -13.395293 0.472613 189.045305 0.000000 16.183703 200.000000 16.183703
 12.000000 0.935118 0.354337 0.034231 0.999414 1.208592 0.034238 0.354337 0.935118 0.999414 0.034231 0.205388 82.155091 0.309017 -13.790086 200.000000 -13.790086 0.025404 10.161577 0.951057 20.751158 200.000000 20.751158 0.000034 0.013738 1.000000 -13.395293 200.000000 -13.395293 0.117176 46.870273 0.000000 16.183703 200.000000 16.183703
 12.200000 0.951609 0.307311 -0.054986 0.998487 1.258430 -0.055013 0.307311 0.951609 0.998487 -0.054986 0.000291 0.116378 0.309017 -13.790086 200.000000 -13.790086 0.000031 0.012211 0.951057 20.751158 200.000000 20.751158 0.000229 0.091549 1.000000 -13.395293 200.000000 -13.395293 0.302341 120.936558 0.000000 16.183703 200.000000 16.183703
 12.400000 0.948268 0.317470 -0.065338 0.997863 1.247736 -0.065384 0.317470 0.948268 0.997863 -0.065338 0.007146 2.858402 0.309017 -13.790086 200.000000 -13.790086 0.000777 0.310992 0.951057 20.751158 200.000000 20.751158 0.000457 0.182635 1.000000 -13.395293 200.000000 -13.395293 0.426901 170.760461 0.000000 16.183703 200.000000 16.183703
 12.600000 0.930667 0.365868 -0.005986 0.999982 1.196231 -0.005986 0.365868 0.930667 0.999982 -0.005986 0.323201 129.280283 0.309017 -13.790086 200.000000 -13.790086 0.041574 16.629529 0.951057 20.751158 200.000000 20.751158 0.000000 0.000013 1.000000 -13.395293 200.000000 -13.395293 0.003583 1.433190 0.000000 16.183703 200.000000 16.183703
 12.800000 0.918986 0.394289 -0.043252 0.999064 1.165502 -0.043266 0.394289 0.918986 0.999064 -0.043252 0.727132 290.852934 0.309017 -13.790086 200.000000 -13.790086 0.102849 41.139496 0.951057 20.751158 200.000000 20.751158 0.000088 0.035031 1.000000 -13.395293 200.000000 -13.395293 0.187077 74.830921 0.000000 16.183703 200.000000 16.183703
 13.000000 0.956968 0.290192 -0.046160 0.998934 1.276369 -0.046177 0.290192 0.956968 0.998934 -0.046160 0.035438 14.175202 0.309017 -13.790086 200.000000 -13.790086 0.003495 1.398034 0.951057 20.751158 200.000000 20.751158 0.000114 0.045450 1.000000 -13.395293 200.000000 -13.395293 0.213077 85.230801 0.000000 16.183703 200.000000 16.183703
 13.200000 0.924214 0.381874 -0.035811 0.999359 1.178973 -0.035819 0.381874 0.924214 0.999359 -0.035811 0.530816 212.326254 0.309017 -13.790086 200.000000 -13.790086 0.072050 28.820058 0.951057 20.751158 200.000000 20.751158 0.000041 0.016456 1.000000 -13.395293 200.000000 -13.395293 0.128242 51.296682 0.000000 16.183703 200.000000 16.183703
 13.400000 0.896600 0.442841 -0.066135 0.997811 1.112032 -0.066184 0.442841 0.896600 0.997811 -0.066135 1.790876 716.350271 0.309017 -13.790086 200.000000 -13.790086 0.296547 118.618919 0.951057 20.751158 200.000000 20.751158 0.000479 0.191727 1.000000 -13.395293 200.000000 -13.395293 0.437387 174.954814 0.000000 16.183703 200.000000 16.183703
 13.600000 0.936622 0.350343 0.023950 0.999713 1.212859 0.023952 0.350343 0.936622 0.999713 0.023950 0.170783 68.313182 0.309017 -13.790086 200.000000 -13.790086 0.020837 8.334772 0.951057 20.751158 200.000000 20.751158 0.000008 0.003291 1.000000 -13.395293 200.000000 -13.395293 0.057360 22.944178 0.000000 16.183703 200.000000 16.183703
 13.800000 0.915869 0.401476 0.018488 0.999829 1.157668 0.018489 0.401476 0.915869 0.999829 0.018488 0.854876 341.950226 0.309017 -13.790086 200.000000 -13.790086 0.123814 49.525508 0.951057 20.751158 200.000000 20.751158 0.000003 0.001168 1.000000 -13.395293 200.000000 -13.395293 0.034180 13.672073 0.000000 16.183703 200.000000 16.183703
 14.000000 0.933975 0.357338 0.059785 0.998211 1.205380 0.059821 0.357338 0.933975 0.998211 0.059785 0.233497 93.398619 0.309017 -13.790086 200.000000 -13.790086 0.029178 11.671191 0.951057 20.751158 200.000000 20.751158 0.000320 0.127984 1.000000 -13.395293 200.000000 -13.395293 0.357429 142.971651 0.000000 16.183703 200.000000 16.183703
 14.200000 0.947927 0.318486 -0.028138 0.999604 1.246664 -0.028142 0.318486 0.947927 0.999604 -0.028138 0.008967 3.586843 0.309017 -13.790086 200.000000 -13.790086 0.000979 0.391654 0.951057 20.751158 200.000000 20.751158 0.000016 0.006271 1.000000 -13.395293 200.000000 -13.395293 0.079176 31.670204 0.000000 16.183703 200.000000 16.183703
 14.400000 0.937390 0.348282 -0.053281 0.998580 1.215059 -0.053306 0.348282 0.937390 0.998580 -0.053281 0.154170 61.668192 0.309017 -13.790086 200.000000 -13.790086 0.018677 7.470973 0.951057 20.751158 200.000000 20.751158 0.000202 0.080707 1.000000 -13.395293 200.000000 -13.395293 0.283888 113.555176 0.000000 16.183703 200.000000 16.183703
 14.600000 0.936902 0.349591 -0.064134 0.997941 1.213661 -0.064178 0.349591 0.936902 0.997941 -0.064134 0.164628 65.851255 0.309017 -13.790086 200.000000 -13.790086 0.020034 8.013709 0.951057 20.751158 200.000000 20.751158 0.000424 0.169526 1.000000 -13.395293 200.000000 -13.395293 0.411312 164.524643 0.000000 16.183703 200.000000 16.183703
 14.800000 0.947560 0.319577 0.005283 0.999986 1.245514 0.005283 0.319577 0.947560 0.999986 0.005283 0.011151 4.460241 0.309017 -13.790086 200.000000 -13.790086 0.001222 0.488904 0.951057 20.751158 200.000000 20.751158 0.000000 0.000008 1.000000 -13.395293 200.000000 -13.395293 0.002791 1.116584 0.000000 16.183703 200.000000 16.183703
 15.000000 0.960825 0.277156 0.012679 0.999920 1.289963 0.012679 0.277156 0.960825 0.999920 0.012679 0.101511 40.604415 0.309017 -13.790086 200.000000 -13.790086 0.009542 3.816834 0.951057 20.751158 200.000000 20.751158 0.000001 0.000258 1.000000 -13.395293 200.000000 -13.395293 0.016075 6.429972 0.000000 16.183703 200.000000 16.183703
 15.200000 0.966592 0.256319 -0.027452 0.999623 1.311584 -0.027455 0.256319 0.966592 0.999623 -0.027452 0.277707 111.082695 0.309017 -13.790086 200.000000 -13.790086 0.024136 9.654321 0.951057 20.751158 200.000000 20.751158 0.000014 0.005681 1.000000 -13.395293 200.000000 -13.395293 0.075359 30.143622 0.000000 16.183703 200.000000 16.183703
 15.400000 0.920730 0.390199 0.077514 0.996991 1.169948 0.077592 0.390199 0.920730 0.996991 0.077514 0.659054 263.621556 0.309017 -13.790086 200.000000 -13.790086 0.091967 36.786708 0.951057 20.751158 200.000000 20.751158 0.000905 0.362105 1.000000 -13.395293 200.000000 -13.395293 0.600847 240.338681 0.000000 16.183703 200.000000 16.183703
 15.600000 0.931795 0.362985 0.009688 0.999953 1.199327 0.009689 0.362985 0.931795 0.999953 0.009688 0.291257 116.502618 0.309017 -13.790086 200.000000 -13.790086 0.037101 14.840377 0.951057 20.751158 200.000000 20.751158 0.000000 0.000088 1.000000 -13.395293 200.000000 -13.395293 0.009387 3.754611 0.000000 16.183703 200.000000 16.183703
 15.800000 0.941253 0.337703 -0.002972 0.999996 1.226321 -0.002972 0.337703 0.941253 0.999996 -0.002972 0.082289 32.915661 0.309017 -13.790086 200.000000 -13.790086 0.009611 3.844599 0.951057 20.751158 200.000000 20.751158 0.000000 0.000001 1.000000 -13.395293 200.000000 -13.395293 0.000883 0.353204 0.000000 16.183703 200.000000 16.183703
 16.000000 0.952721 0.303848 0.004598 0.999989 1.262068 0.004598 0.303848 0.952721 0.999989 0.004598 0.002672 1.068863 0.309017 -13.790086 200.000000 -13.790086 0.000277 0.110769 0.951057 20.751158 200.000000 20.751158 0.000000 0.000004 1.000000 -13.395293 200.000000 -13.395293 0.002114 0.845675 0.000000 16.183703 200.000000 16.183703
 16.200000 0.957003 0.290078 -0.036386 0.999338 1.276488 -0.036394 0.290078 0.957003 0.999338 -0.036386 0.035870 14.348158 0.309017 -13.790086 200.000000 -13.790086 0.003536 1.414500 0.951057 20.751158 200.000000 20.751158 0.000044 0.017540 1.000000 -13.395293 200.000000 -13.395293 0.132396 52.958288 0.000000 16.183703 200.000000 16.183703
 16.400000 0.929914 0.367778 -0.034832 0.999393 1.194178 -0.034839 0.367778 0.929914 0.999393 -0.034832 0.345282 138.112740 0.309017 -13.790086 200.000000 -13.790086 0.044702 17.880669 0.951057 20.751158 200.000000 20.751158 0.000037 0.014730 1.000000 -13.395293 200.000000 -13.395293 0.121329 48.531670 0.000000 16.183703 200.000000 16.183703
 16.600000 0.922185 0.386748 -0.048616 0.998818 1.173694 -0.048635 0.386748 0.922185 0.998818 -0.048616 0.604210 241.684189 0.309017 -13.790086 200.000000 -13.790086 0.083354 33.341535 0.951057 20.751158 200.000000 20.751158 0.000140 0.055927 1.000000 -13.395293 200.000000 -13.395293 0.236350 94.539998 0.000000 16.183703 200.000000 16.183703
 16.800000 0.942622 0.333863 -0.115193 0.993343 1.230398 -0.115449 0.333863 0.942622 0.993343 -0.115193 0.061732 24.692984 0.309017 -13.790086 200.000000 -13.790086 0.007115 2.845910 0.951057 20.751158 200.000000 20.751158 0.004431 1.772534 1.000000 -13.395293 200.000000 -13.395293 1.326934 530.773613 0.000000 16.183703 200.000000 16.183703
 17.000000 0.952061 0.305908 -0.091741 0.995783 1.259904 -0.091870 0.305908 0.952061 0.995783 -0.091741 0.000967 0.386669 0.309017 -13.790086 200.000000 -13.790086 0.000101 0.040369 0.951057 20.751158 200.000000 20.751158 0.001778 0.711344 1.000000 -13.395293 200.000000 -13.395293 0.841634 336.653620 0.000000 16.183703 200.000000 16.183703
 17.200000 0.955115 0.296234 -0.136356 0.990660 1.270049 -0.136782 0.296234 0.955115 0.990660 -0.136356 0.016341 6.536296 0.309017 -13.790086 200.000000 -13.790086 0.001647 0.658989 0.951057 20.751158 200.000000 20.751158 0.008724 3.489518 1.000000 -13.395293 200.000000 -13.395293 1.859301 743.720572 0.000000 16.183703 200.000000 16.183703
 17.400000 0.950296 0.311349 -0.054959 0.998489 1.254184 -0.054987 0.311349 0.950296 0.998489 -0.054959 0.000544 0.217472 0.309017 -13.790086 200.000000 -13.790086 0.000058 0.023151 0.951057 20.751158 200.000000 20.751158 0.000228 0.091373 1.000000 -13.395293 200.000000 -13.395293 0.302051 120.820282 0.000000 16.183703 200.000000 16.183703
 17.600000 0.923567 0.383438 -0.064201 0.997937 1.177281 -0.064245 0.383438 0.923567 0.997937 -0.064201 0.553846 221.538222 0.309017 -13.790086 200.000000 -13.790086 0.075569 30.227590 0.951057 20.751158 200.000000 20.751158 0.000426 0.170242 1.000000 -13.395293 200.000000 -13.395293 0.412178 164.871263 0.000000 16.183703 200.000000 16.183703
 17.800000 0.955504 0.294978 -0.042539 0.999095 1.271364 -0.042552 0.294978 0.955504 0.999095 -0.042539 0.019710 7.884137 0.309017 -13.790086 200.000000 -13.790086 0.001978 0.791260 0.951057 20.751158 200.000000 20.751158 0.000082 0.032776 1.000000 -13.395293 200.000000 -13.395293 0.180960 72.383927 0.000000 16.183703 200.000000 16.183703
 18.000000 0.945950 0.324312 -0.014884 0.999889 1.240512 -0.014884 0.324312 0.945950 0.999889 -0.014884 0.023393 9.357259 0.309017 -13.790086 200.000000 -13.790086 0.002607 1.042964 0.951057 20.751158 200.000000 20.751158 0.000001 0.000491 1.000000 -13.395293 200.000000 -13.395293 0.022152 8.860921 0.000000 16.183703 200.000000 16.183703
 18.200000 0.932232 0.361862 -0.016630 0.999862 1.200532 -0.016631 0.361862 0.932232 0.999862 -0.016630 0.279257 111.702847 0.309017 -13.790086 200.000000 -13.790086 0.035437 14.174859 0.951057 20.751158 200.000000 20.751158 0.000002 0.000765 1.000000 -13.395293 200.000000 -13.395293 0.027655 11.061982 0.000000 16.183703 200.000000 16.183703
 18.400000 0.882867 0.469624 -0.003646 0.999993 1.081932 -0.003646 0.469624 0.882867 0.999993 -0.003646 2.579458 1031.783020 0.309017 -13.790086 200.000000 -13.790086 0.464987 185.994690 0.951057 20.751158 200.000000 20.751158 0.000000 0.000002 1.000000 -13.395293 200.000000 -13.395293 0.001329 0.531788 0.000000 16.183703 200.000000 16.183703
 18.600000 0.933292 0.359118 -0.111785 0.993732 1.203473 -0.112019 0.359118 0.933292 0.993732 -0.111785 0.251015 100.406002 0.309017 -13.790086 200.000000 -13.790086 0.031558 12.623104 0.951057 20.751158 200.000000 20.751158 0.003928 1.571284 1.000000 -13.395293 200.000000 -13.395293 1.249581 499.832212 0.000000 16.183703 200.000000 16.183703
 18.800000 0.968577 0.248714 -0.153001 0.988226 1.319444 -0.153604 0.248714 0.968577 0.988226 -0.153001 0.363646 145.458323 0.309017 -13.790086 200.000000 -13.790086 0.030697 12.278672 0.951057 20.751158 200.000000 20.751158 0.013863 5.545057 1.000000 -13.395293 200.000000 -13.395293 2.340932 936.372739 0.000000 16.183703 200.000000 16.183703
 19.000000 0.942159 0.335165 -0.005792 0.999983 1.229015 -0.005792 0.335165 0.942159 0.999983 -0.005792 0.068374 27.349660 0.309017 -13.790086 200.000000 -13.790086 0.007916 3.166427 0.951057 20.751158 200.000000 20.751158 0.000000 0.000011 1.000000 -13.395293 200.000000 -13.395293 0.003354 1.341793 0.000000 16.183703 200.000000 16.183703
 19.200000 0.924044 0.382286 0.041228 0.999150 1.178527 0.041240 0.382286 0.924044 0.999150 0.041228 0.536835 214.733924 0.309017 -13.790086 200.000000 -13.790086 0.072967 29.186930 0.951057 20.751158 200.000000 20.751158 0.000072 0.028916 1.000000 -13.395293 200.000000 -13.395293 0.169974 67.989431 0.000000 16.183703 200.000000 16.183703
 19.400000 0.942980 0.332850 0.048364 0.998830 1.231472 0.048383 0.332850 0.942980 0.998830 0.048364 0.056800 22.720102 0.309017 -13.790086 200.000000 -13.790086 0.006523 2.609297 0.951057 20.751158 200.000000 20.751158 0.000137 0.054778 1.000000 -13.395293 200.000000 -13.395293 0.233911 93.564359 0.000000 16.183703 200.000000 16.183703
 19.600000 0.924408 0.381405 -0.095330 0.995446 1.179480 -0.095475 0.381405 0.924408 0.995446 -0.095330 0.524006 209.602354 0.309017 -13.790086 200.000000 -13.790086 0.071015 28.405865 0.951057 20.751158 200.000000 20.751158 0.002074 0.829670 1.000000 -13.395293 200.000000 -13.395293 0.908788 363.515318 0.000000 16.183703 200.000000 16.183703
 19.800000 0.965290 0.261181 -0.022345 0.999750 1.306551 -0.022347 0.261181 0.965290 0.999750 -0.022345 0.228830 91.531979 0.309017 -13.790086 200.000000 -13.790086 0.020259 8.103561 0.951057 20.751158 200.000000 20.751158 0.000006 0.002494 1.000000 -13.395293 200.000000 -13.395293 0.049932 19.972818 0.000000 16.183703 200.000000 16.183703
 20.000000 0.960943 0.276748 -0.063057 0.998010 1.290388 -0.063099 0.276748 0.960943 0.998010 -0.063057 0.104130 41.651888 0.309017 -13.790086 200.000000 -13.790086 0.009773 3.909363 0.951057 20.751158 200.000000 20.751158 0.000396 0.158412 1.000000 -13.395293 200.000000 -13.395293 0.397614 159.045695 0.000000 16.183703 200.000000 16.183703
