#! FIELDS time sin_phi cos_phi sin_psi cos_psi phi psi cos_phi sin_phi cos_psi sin_psi restraint_phi_cos.bias restraint_phi_cos.force2 restraint_phi_cos.cos_phi_cntr restraint_phi_cos.cos_phi_work restraint_phi_cos.cos_phi_kappa restraint_phi_cos.work restraint_phi_sin.bias restraint_phi_sin.force2 restraint_phi_sin.sin_phi_cntr restraint_phi_sin.sin_phi_work restraint_phi_sin.sin_phi_kappa restraint_phi_sin.work restraint_psi_cos.bias restraint_psi_cos.force2 restraint_psi_cos.cos_psi_cntr restraint_psi_cos.cos_psi_work restraint_psi_cos.cos_psi_kappa restraint_psi_cos.work restraint_psi_sin.bias restraint_psi_sin.force2 restraint_psi_sin.sin_psi_cntr restraint_psi_sin.sin_psi_work restraint_psi_sin.sin_psi_kappa restraint_psi_sin.work
#! SET min_phi -pi
#! SET max_phi pi
#! SET min_psi -pi
#! SET max_psi pi
 0.000000 -0.999983 -0.005782 0.966116 0.258110 -1.576579 1.309731 -0.005782 -0.999983 0.258110 0.966116 0.000000 0.000000 -0.009747 0.000000 0.000000 0.000000 0.000000 0.000000 -0.999953 0.000000 0.000000 0.000000 0.000000 0.000000 0.256142 0.000000 0.000000 0.000000 0.000000 0.000000 0.966639 0.000000 0.000000 0.000000
 0.200000 -1.000000 -0.000266 0.834656 0.550772 -1.571062 0.987508 -0.000266 -1.000000 0.550772 0.834656 0.000899 0.035955 -0.009747 0.429321 20.000000 0.429321 0.000000 0.000001 -0.999953 0.008204 20.000000 0.008204 0.868065 34.722587 0.256142 0.437497 20.000000 0.437497 0.174196 6.967822 0.966639 0.079186 20.000000 0.079186
 0.400000 -0.998237 0.059346 0.982967 0.183784 -1.511415 1.385962 0.059346 -0.998237 0.183784 0.982967 0.095476 7.638063 -0.009747 0.576152 40.000000 0.576152 0.000059 0.004706 -0.999953 0.009175 40.000000 0.009175 0.104715 8.377184 0.256142 0.652623 40.000000 0.652623 0.005332 0.426545 0.966639 0.103853 40.000000 0.103853
 0.600000 -0.997905 0.064703 0.969726 0.244195 -1.506049 1.324107 0.064703 -0.997905 0.244195 0.969726 0.166280 19.953585 -0.009747 0.652738 60.000000 0.652738 0.000126 0.015098 -0.999953 0.009549 60.000000 0.009549 0.004282 0.513843 0.256142 0.812950 60.000000 0.812950 0.000286 0.034307 0.966639 0.126978 60.000000 0.126978
 0.800000 -0.999998 0.001899 0.948099 0.317975 -1.568897 1.247203 0.001899 -0.999998 0.317975 0.948099 0.005425 0.867970 -0.009747 0.745439 80.000000 0.745439 0.000000 0.000013 -0.999953 0.009931 80.000000 0.009931 0.152931 24.469036 0.256142 0.870391 80.000000 0.870391 0.013749 2.199883 0.966639 0.131256 80.000000 0.131256
 1.000000 -0.997906 -0.064675 0.983712 0.179753 -1.635517 1.390061 -0.064675 -0.997906 0.179753 0.983712 0.150859 30.171890 -0.009747 0.830205 100.000000 0.830205 0.000209 0.041867 -0.999953 0.010215 100.000000 0.010215 0.291767 58.353477 0.256142 0.906286 100.000000 0.906286 0.014574 2.914779 0.966639 0.133900 100.000000 0.133900
 1.200000 -0.998629 0.052349 0.985230 0.171237 -1.518424 1.398711 0.052349 -0.998629 0.171237 0.985230 0.231349 55.523677 -0.009747 0.926084 120.000000 0.926084 0.000105 0.025229 -0.999953 0.010632 120.000000 0.010632 0.432537 103.808931 0.256142 0.992012 120.000000 0.992012 0.020737 4.976915 0.966639 0.141240 120.000000 0.141240
 1.400000 -0.999098 0.042461 0.979941 0.199286 -1.528322 1.370167 0.042461 -0.999098 0.199286 0.979941 0.190797 53.423125 -0.009747 0.960886 140.000000 0.960886 0.000051 0.014308 -0.999953 0.010712 140.000000 0.010712 0.226287 63.360331 0.256142 1.092933 140.000000 1.092933 0.012387 3.468267 0.966639 0.149517 140.000000 0.149517
 1.600000 -0.999952 0.009753 0.961526 0.274715 -1.561043 1.292504 0.009753 -0.999952 0.274715 0.961526 0.030418 9.733701 -0.009747 1.007077 160.000000 1.007077 0.000000 0.000000 -0.999953 0.010844 160.000000 0.010844 0.027594 8.830079 0.256142 1.162437 160.000000 1.162437 0.002092 0.669316 0.966639 0.156252 160.000000 0.156252
 1.800000 -0.999816 -0.019196 0.970211 0.242259 -1.589994 1.326102 -0.019196 -0.999816 0.242259 0.970211 0.008037 2.893362 -0.009747 1.051955 180.000000 1.051955 0.000002 0.000606 -0.999953 0.010933 180.000000 0.010933 0.017346 6.244606 0.256142 1.193871 180.000000 1.193871 0.001149 0.413497 0.966639 0.158910 180.000000 0.158910
 2.000000 -0.987443 0.157978 0.943112 0.332477 -1.412153 1.231868 0.157978 -0.987443 0.332477 0.943112 2.813164 1125.265707 -0.009747 1.081895 200.000000 1.081895 0.015650 6.259935 -0.999953 0.011013 200.000000 0.011013 0.582691 233.076266 0.256142 1.219744 200.000000 1.219744 0.055355 22.141815 0.966639 0.161373 200.000000 0.161373
 2.200000 -0.995938 0.090038 0.875743 0.482777 -1.480636 1.066974 0.090038 -0.995938 0.482777 0.875743 0.843583 337.433216 -0.001808 1.052354 200.000000 1.052354 0.402971 161.188442 -0.932458 0.431168 200.000000 0.431168 2.305188 922.075058 0.330948 1.046541 200.000000 1.046541 0.084629 33.851461 0.904835 0.315683 200.000000 0.315683
 2.400000 -0.999954 0.009606 0.865737 0.500499 -1.561190 1.046622 0.009606 -0.999954 0.500499 0.865737 0.001208 0.483358 0.006130 1.003974 200.000000 1.003974 1.822224 728.889522 -0.864964 1.777081 200.000000 1.777081 0.897652 359.060846 0.405754 0.712840 200.000000 0.712840 0.051563 20.625050 0.843030 0.830675 200.000000 0.830675
 2.600000 -0.993072 -0.117510 0.764847 0.644212 -1.688578 0.870804 -0.117510 -0.993072 0.644212 0.764847 1.731268 692.507188 0.014068 0.964760 200.000000 0.964760 3.826007 1530.402700 -0.797470 4.015395 200.000000 4.015395 2.678201 1071.280437 0.480560 0.157444 200.000000 0.157444 0.026825 10.730142 0.781225 1.568722 200.000000 1.568722
 2.800000 -0.996865 0.079120 0.778910 0.627136 -1.491594 0.892925 0.079120 -0.996865 0.627136 0.778910 0.326199 130.479466 0.022006 0.922715 200.000000 0.922715 7.122998 2849.199220 -0.729976 7.162547 200.000000 7.162547 0.515099 206.039726 0.555366 -0.437195 200.000000 -0.437195 0.353891 141.556573 0.719421 2.509026 200.000000 2.509026
 3.000000 -0.999999 0.001236 0.723667 0.690149 -1.569561 0.809102 0.001236 -0.999999 0.690149 0.723667 0.082415 32.965925 0.029944 0.850476 200.000000 0.850476 11.391824 4556.729416 -0.662481 11.193238 200.000000 11.193238 0.359727 143.890661 0.630172 -1.276308 200.000000 -1.276308 0.436276 174.510207 0.657616 3.381793 200.000000 3.381793
 3.200000 -0.995052 0.099354 0.763352 0.645982 -1.471278 0.868487 0.099354 -0.995052 0.645982 0.763352 0.377885 151.154006 0.037882 0.772715 200.000000 0.772715 16.005189 6402.075642 -0.594987 16.118878 200.000000 16.118878 0.348044 139.217624 0.704978 -2.149077 200.000000 -2.149077 2.806990 1122.795806 0.595812 4.076689 200.000000 4.076689
 3.400000 -0.989032 0.147702 0.569641 0.821894 -1.422552 0.606069 0.147702 -0.989032 0.821894 0.569641 1.037993 415.197204 0.045820 0.681971 200.000000 0.681971 21.301813 8520.725053 -0.527493 21.958881 200.000000 21.958881 0.177327 70.930721 0.779783 -2.890774 200.000000 -2.890774 0.126978 50.791140 0.534007 4.574759 200.000000 4.574759
 3.600000 -0.976009 0.217731 0.475728 0.879593 -1.351307 0.495791 0.217731 -0.976009 0.879593 0.475728 2.688727 1075.490661 0.053758 0.565323 200.000000 0.565323 26.626620 10650.648102 -0.459999 28.663339 200.000000 28.663339 0.062516 25.006533 0.854589 -3.266286 200.000000 -3.266286 0.001243 0.497117 0.472203 4.941152 200.000000 4.941152
 3.800000 -0.980646 0.195791 0.436374 0.899765 -1.373733 0.451565 0.195791 -0.980646 0.899765 0.436374 1.798135 719.253810 0.061696 0.444923 200.000000 0.444923 34.590993 13836.397280 -0.392505 36.253283 200.000000 36.253283 0.000145 0.057951 0.900969 -3.202783 200.000000 -3.202783 0.000620 0.248120 0.433884 5.219170 200.000000 5.219170
 4.000000 -0.980727 0.195385 0.473093 0.881012 -1.374146 0.492799 0.195385 -0.980727 0.881012 0.473093 1.581328 632.531079 0.069634 0.203063 200.000000 0.203063 42.996372 17198.548608 -0.325010 44.557277 200.000000 44.557277 0.039827 15.930668 0.900969 -3.202783 200.000000 -3.202783 0.153740 61.496082 0.433884 5.219170 200.000000 5.219170
 4.200000 -0.978731 0.205148 0.451399 0.892322 -1.364181 0.468333 0.205148 -0.978731 0.892322 0.451399 1.627574 651.029421 0.077572 -0.062907 200.000000 -0.062907 52.015051 20806.020557 -0.257516 53.706954 200.000000 53.706954 0.007477 2.990636 0.900969 -3.202783 200.000000 -3.202783 0.030679 12.271592 0.433884 5.219170 200.000000 5.219170
 4.400000 -0.952221 0.305408 0.452716 0.891655 -1.260429 0.469809 0.305408 -0.952221 0.891655 0.452716 4.835527 1934.210843 0.085510 -0.416468 200.000000 -0.416468 58.094792 23237.916635 -0.190022 63.510600 200.000000 63.510600 0.008676 3.470255 0.900969 -3.202783 200.000000 -3.202783 0.035467 14.186783 0.433884 5.219170 200.000000 5.219170
 4.600000 -0.961788 0.273794 0.457288 0.889319 -1.293461 0.474943 0.273794 -0.961788 0.889319 0.457288 3.252463 1300.985002 0.093448 -0.873456 200.000000 -0.873456 70.435819 28174.327639 -0.122528 73.801478 200.000000 73.801478 0.013572 5.428890 0.900969 -3.202783 200.000000 -3.202783 0.054774 21.909594 0.433884 5.219170 200.000000 5.219170
 4.800000 -0.907364 0.420347 0.422881 0.906185 -1.136969 0.436623 0.420347 -0.907364 0.906185 0.422881 10.173571 4069.428592 0.101386 -1.480344 200.000000 -1.480344 72.646639 29058.655477 -0.055034 84.372046 200.000000 84.372046 0.002721 1.088322 0.900969 -3.202783 200.000000 -3.202783 0.012105 4.841993 0.433884 5.219170 200.000000 5.219170
 5.000000 -0.440284 0.897858 0.416266 0.909243 -0.455915 0.429334 0.897858 -0.440284 0.909243 0.416266 62.178616 24871.446214 0.109324 -2.548124 200.000000 -2.548124 20.497781 8199.112454 0.012461 91.931964 200.000000 91.931964 0.006846 2.738507 0.900969 -3.202783 200.000000 -3.202783 0.031040 12.416016 0.433884 5.219170 200.000000 5.219170
 5.200000 0.629551 0.776959 0.412498 0.910959 0.680976 0.425194 0.776959 0.629551 0.910959 0.412498 43.519953 17407.981045 0.117262 -3.833839 200.000000 -3.833839 30.205640 12082.256012 0.079955 94.228663 200.000000 94.228663 0.009980 3.991857 0.900969 -3.202783 200.000000 -3.202783 0.045737 18.294663 0.433884 5.219170 200.000000 5.219170
 5.400000 0.769714 0.638388 0.400161 0.916445 0.878394 0.411693 0.638388 0.769714 0.916445 0.400161 26.336185 10534.473840 0.125200 -4.598438 200.000000 -4.598438 38.721434 15488.573756 0.147449 85.187709 200.000000 85.187709 0.023950 9.580161 0.900969 -3.202783 200.000000 -3.202783 0.113721 45.488491 0.433884 5.219170 200.000000 5.219170
 5.600000 0.786870 0.617119 0.408494 0.912761 0.905721 0.420803 0.617119 0.786870 0.912761 0.408494 23.423688 9369.475295 0.133138 -5.384725 200.000000 -5.384725 32.710038 13084.015142 0.214943 77.130678 200.000000 77.130678 0.013906 5.562208 0.900969 -3.202783 200.000000 -3.202783 0.064464 25.785688 0.433884 5.219170 200.000000 5.219170
 5.800000 0.860000 0.510294 0.332349 0.943157 1.035270 0.338793 0.510294 0.860000 0.943157 0.332349 13.632153 5452.861340 0.141077 -6.006659 200.000000 -6.006659 33.357863 13343.145221 0.282437 69.040118 200.000000 69.040118 0.177981 71.192232 0.900969 -3.202783 200.000000 -3.202783 1.030938 412.375229 0.433884 5.219170 200.000000 5.219170
 6.000000 0.877442 0.479682 0.288209 0.957568 1.070504 0.292355 0.479682 0.877442 0.957568 0.288209 10.934117 4373.646659 0.149015 -6.531167 200.000000 -6.531167 27.826749 11130.699606 0.349932 61.451497 200.000000 61.451497 0.320342 128.136978 0.900969 -3.202783 200.000000 -3.202783 2.122127 848.850670 0.433884 5.219170 200.000000 5.219170
 6.200000 0.948466 0.316880 0.449109 0.893477 1.248358 0.465768 0.316880 0.948466 0.893477 0.449109 2.557687 1023.074914 0.156953 -7.032403 200.000000 -7.032403 28.200321 11280.128405 0.417426 54.760695 200.000000 54.760695 0.005613 2.245093 0.900969 -3.202783 200.000000 -3.202783 0.023180 9.272161 0.433884 5.219170 200.000000 5.219170
 6.400000 0.888238 0.459384 0.455220 0.890379 1.093495 0.472619 0.459384 0.888238 0.890379 0.455220 8.672612 3469.044666 0.164891 -7.405265 200.000000 -7.405265 16.266538 6506.615256 0.484920 48.505110 200.000000 48.505110 0.011214 4.485680 0.900969 -3.202783 200.000000 -3.202783 0.045522 18.208899 0.433884 5.219170 200.000000 5.219170
 6.600000 0.933050 0.359747 0.484997 0.874516 1.202800 0.506360 0.359747 0.933050 0.874516 0.484997 3.493846 1397.538444 0.172829 -7.746400 200.000000 -7.746400 14.488352 5795.340772 0.552414 43.067840 200.000000 43.067840 0.069977 27.990776 0.900969 -3.202783 200.000000 -3.202783 0.261258 104.503367 0.433884 5.219170 200.000000 5.219170
 6.800000 0.915894 0.401421 0.494667 0.869082 1.157729 0.517452 0.401421 0.915894 0.869082 0.494667 4.868813 1947.525126 0.180767 -8.048182 200.000000 -8.048182 8.760736 3504.294578 0.619908 38.450506 200.000000 38.450506 0.101675 40.670036 0.900969 -3.202783 200.000000 -3.202783 0.369466 147.786414 0.433884 5.219170 200.000000 5.219170
 7.000000 0.909431 0.415855 0.439769 0.898111 1.141914 0.455342 0.415855 0.909431 0.898111 0.439769 5.159704 2063.881517 0.188705 -8.295085 200.000000 -8.295085 4.929665 1971.866088 0.687403 34.592046 200.000000 34.592046 0.000817 0.326720 0.900969 -3.202783 200.000000 -3.202783 0.003464 1.385475 0.433884 5.219170 200.000000 5.219170
 7.200000 0.949292 0.314395 0.320609 0.947212 1.250977 0.326372 0.314395 0.949292 0.947212 0.320609 1.386553 554.621199 0.196643 -8.483509 200.000000 -8.483509 3.778961 1511.584304 0.754897 31.545124 200.000000 31.545124 0.213839 85.535789 0.900969 -3.202783 200.000000 -3.202783 1.283118 513.247188 0.433884 5.219170 200.000000 5.219170
 7.400000 0.965021 0.262174 0.306367 0.951913 1.305522 0.311374 0.262174 0.965021 0.951913 0.306367 0.331692 132.676818 0.204581 -8.691177 200.000000 -8.691177 2.034323 813.729300 0.822391 29.463071 200.000000 29.463071 0.259535 103.814062 0.900969 -3.202783 200.000000 -3.202783 1.626051 650.420342 0.433884 5.219170 200.000000 5.219170
 7.600000 0.958706 0.284399 0.372735 0.927938 1.282417 0.381955 0.284399 0.958706 0.927938 0.372735 0.516668 206.667358 0.212519 -8.811835 200.000000 -8.811835 0.473632 189.452655 0.889885 28.087102 200.000000 28.087102 0.072733 29.093132 0.900969 -3.202783 200.000000 -3.202783 0.373919 149.567473 0.433884 5.219170 200.000000 5.219170
 7.800000 0.965903 0.258906 0.420014 0.907518 1.308907 0.433460 0.258906 0.965903 0.907518 0.420014 0.147828 59.131384 0.220457 -8.937888 200.000000 -8.937888 0.007265 2.905822 0.957379 27.675352 200.000000 27.675352 0.004289 1.715522 0.900969 -3.202783 200.000000 -3.202783 0.019238 7.695121 0.433884 5.219170 200.000000 5.219170
 8.000000 0.952912 0.303247 0.510004 0.860172 1.262699 0.535189 0.303247 0.952912 0.860172 0.510004 0.651663 260.665106 0.222521 -8.949067 200.000000 -8.949067 0.048469 19.387793 0.974928 27.667756 200.000000 27.667756 0.166437 66.574762 0.900969 -3.202783 200.000000 -3.202783 0.579425 231.770129 0.433884 5.219170 200.000000 5.219170
 8.200000 0.961867 0.273517 0.361069 0.932539 1.293749 0.369413 0.273517 0.961867 0.932539 0.361069 0.260057 104.022777 0.222521 -8.949067 200.000000 -8.949067 0.017058 6.823235 0.974928 27.667756 200.000000 27.667756 0.099669 39.867672 0.900969 -3.202783 200.000000 -3.202783 0.530206 212.082334 0.433884 5.219170 200.000000 5.219170
 8.400000 0.969374 0.245591 0.344634 0.938737 1.322667 0.351849 0.245591 0.969374 0.938737 0.344634 0.053222 21.288746 0.222521 -8.949067 200.000000 -8.949067 0.003085 1.234019 0.974928 27.667756 200.000000 27.667756 0.142644 57.057506 0.900969 -3.202783 200.000000 -3.202783 0.796549 318.619541 0.433884 5.219170 200.000000 5.219170
 8.600000 0.977905 0.209051 0.490543 0.871417 1.360191 0.512713 0.209051 0.977905 0.871417 0.490543 0.018143 7.257115 0.222521 -8.949067 200.000000 -8.949067 0.000886 0.354439 0.974928 27.667756 200.000000 27.667756 0.087331 34.932321 0.900969 -3.202783 200.000000 -3.202783 0.321025 128.410106 0.433884 5.219170 200.000000 5.219170
 8.800000 0.965731 0.259547 0.410850 0.911703 1.308244 0.423386 0.259547 0.965731 0.911703 0.410850 0.137091 54.836258 0.222521 -8.949067 200.000000 -8.949067 0.008459 3.383651 0.974928 27.667756 200.000000 27.667756 0.011522 4.608923 0.900969 -3.202783 200.000000 -3.202783 0.053056 21.222592 0.433884 5.219170 200.000000 5.219170
 9.000000 0.956590 0.291438 0.428311 0.903631 1.275067 0.442623 0.291438 0.956590 0.903631 0.428311 0.474950 189.979957 0.222521 -8.949067 200.000000 -8.949067 0.033628 13.451367 0.974928 27.667756 200.000000 27.667756 0.000709 0.283530 0.900969 -3.202783 200.000000 -3.202783 0.003105 1.242082 0.433884 5.219170 200.000000 5.219170
 9.200000 0.939277 0.343161 0.457312 0.889307 1.220516 0.474970 0.343161 0.939277 0.889307 0.457312 1.455405 582.161878 0.222521 -8.949067 200.000000 -8.949067 0.127102 50.840740 0.974928 27.667756 200.000000 27.667756 0.013601 5.440431 0.900969 -3.202783 200.000000 -3.202783 0.054887 21.954681 0.433884 5.219170 200.000000 5.219170
 9.400000 0.958611 0.284718 0.345022 0.938595 1.282084 0.352262 0.284718 0.958611 0.938595 0.345022 0.386851 154.740499 0.222521 -8.949067 200.000000 -8.949067 0.026623 10.649366 0.974928 27.667756 200.000000 27.667756 0.141570 56.627928 0.900969 -3.202783 200.000000 -3.202783 0.789643 315.857023 0.433884 5.219170 200.000000 5.219170
 9.600000 0.964567 0.263837 0.309364 0.950944 1.303798 0.314524 0.263837 0.964567 0.950944 0.309364 0.170704 68.281439 0.222521 -8.949067 200.000000 -8.949067 0.010734 4.293759 0.974928 27.667756 200.000000 27.667756 0.249748 99.899021 0.900969 -3.202783 200.000000 -3.202783 1.550510 620.204149 0.433884 5.219170 200.000000 5.219170
 9.800000 0.969920 0.243423 0.381855 0.924222 1.324903 0.391803 0.243423 0.969920 0.924222 0.381855 0.043689 17.475798 0.222521 -8.949067 200.000000 -8.949067 0.002508 1.003074 0.974928 27.667756 200.000000 27.667756 0.054072 21.628721 0.900969 -3.202783 200.000000 -3.202783 0.270698 108.279251 0.433884 5.219170 200.000000 5.219170
 10.000000 0.952622 0.304158 0.401202 0.915990 1.261742 0.412828 0.304158 0.952622 0.915990 0.401202 0.666454 266.581507 0.222521 -8.949067 200.000000 -8.949067 0.049757 19.902610 0.974928 27.667756 200.000000 27.667756 0.022563 9.025054 0.900969 -3.202783 200.000000 -3.202783 0.106812 42.724603 0.433884 5.219170 200.000000 5.219170
 10.200000 0.974458 0.224570 0.451841 0.892098 1.344294 0.468828 0.224570 0.974458 0.892098 0.451841 0.000420 0.168022 0.222521 -8.949067 200.000000 -8.949067 0.000022 0.008838 0.974928 27.667756 200.000000 27.667756 0.007868 3.147373 0.900969 -3.202783 200.000000 -3.202783 0.032247 12.898636 0.433884 5.219170 200.000000 5.219170
 10.400000 0.966533 0.256541 0.556027 0.831164 1.311355 0.589599 0.256541 0.966533 0.831164 0.556027 0.115734 46.293536 0.222521 -8.949067 200.000000 -8.949067 0.007047 2.818678 0.974928 27.667756 200.000000 27.667756 0.487273 194.909309 0.900969 -3.202783 200.000000 -3.202783 1.491909 596.763764 0.433884 5.219170 200.000000 5.219170
 10.600000 0.963422 0.267990 0.444813 0.895623 1.299490 0.460966 0.267990 0.963422 0.895623 0.444813 0.206743 82.697277 0.222521 -8.949067 200.000000 -8.949067 0.013239 5.295711 0.974928 27.667756 200.000000 27.667756 0.002857 1.142961 0.900969 -3.202783 200.000000 -3.202783 0.011945 4.778069 0.433884 5.219170 200.000000 5.219170
 10.800000 0.953639 0.300952 0.337069 0.941480 1.265106 0.343802 0.300952 0.953639 0.941480 0.337069 0.615136 246.054239 0.222521 -8.949067 200.000000 -8.949067 0.045320 18.127958 0.974928 27.667756 200.000000 27.667756 0.164114 65.645478 0.900969 -3.202783 200.000000 -3.202783 0.937302 374.920942 0.433884 5.219170 200.000000 5.219170
 11.000000 0.955372 0.295406 0.339792 0.940500 1.270915 0.346696 0.295406 0.955372 0.940500 0.339792 0.531230 212.492036 0.222521 -8.949067 200.000000 -8.949067 0.038245 15.297871 0.974928 27.667756 200.000000 27.667756 0.156275 62.509921 0.900969 -3.202783 200.000000 -3.202783 0.885319 354.127424 0.433884 5.219170 200.000000 5.219170
 11.200000 0.952153 0.305621 0.395872 0.918306 1.260206 0.407017 0.305621 0.952153 0.918306 0.395872 0.690558 276.223258 0.222521 -8.949067 200.000000 -8.949067 0.051868 20.747277 0.974928 27.667756 200.000000 27.667756 0.030057 12.022894 0.900969 -3.202783 200.000000 -3.202783 0.144493 57.797035 0.433884 5.219170 200.000000 5.219170
 11.400000 0.978974 0.203987 0.395006 0.918678 1.365368 0.406075 0.203987 0.978974 0.918678 0.395006 0.034352 13.740769 0.222521 -8.949067 200.000000 -8.949067 0.001637 0.654725 0.974928 27.667756 200.000000 27.667756 0.031363 12.545025 0.900969 -3.202783 200.000000 -3.202783 0.151144 60.457742 0.433884 5.219170 200.000000 5.219170
 11.600000 0.968245 0.250003 0.530491 0.847690 1.318113 0.559180 0.250003 0.968245 0.847690 0.530491 0.075525 30.209869 0.222521 -8.949067 200.000000 -8.949067 0.004466 1.786376 0.974928 27.667756 200.000000 27.667756 0.283859 113.543590 0.900969 -3.202783 200.000000 -3.202783 0.933300 373.319963 0.433884 5.219170 200.000000 5.219170
 11.800000 0.962937 0.269728 0.449634 0.893213 1.297686 0.466356 0.269728 0.962937 0.893213 0.449634 0.222852 89.140909 0.222521 -8.949067 200.000000 -8.949067 0.014379 5.751752 0.974928 27.667756 200.000000 27.667756 0.006016 2.406308 0.900969 -3.202783 200.000000 -3.202783 0.024808 9.923233 0.433884 5.219170 200.000000 5.219170
 12.000000 0.948231 0.317581 0.368794 0.929511 1.247619 0.377711 0.317581 0.948231 0.929511 0.368794 0.903639 361.455630 0.222521 -8.949067 200.000000 -8.949067 0.071271 28.508595 0.974928 27.667756 200.000000 27.667756 0.081467 32.586828 0.900969 -3.202783 200.000000 -3.202783 0.423672 169.468942 0.433884 5.219170 200.000000 5.219170
 12.200000 0.947745 0.319028 0.383274 0.923635 1.246093 0.393339 0.319028 0.947745 0.923635 0.383274 0.931362 372.544948 0.222521 -8.949067 200.000000 -8.949067 0.073890 29.555835 0.974928 27.667756 200.000000 27.667756 0.051374 20.549470 0.900969 -3.202783 200.000000 -3.202783 0.256133 102.453234 0.433884 5.219170 200.000000 5.219170
 12.400000 0.961764 0.273878 0.346036 0.938221 1.293373 0.353342 0.273878 0.961764 0.938221 0.346036 0.263754 105.501694 0.222521 -8.949067 200.000000 -8.949067 0.017328 6.931061 0.974928 27.667756 200.000000 27.667756 0.138775 55.509942 0.900969 -3.202783 200.000000 -3.202783 0.771729 308.691484 0.433884 5.219170 200.000000 5.219170
 12.600000 0.962290 0.272024 0.403065 0.915171 1.295300 0.414863 0.272024 0.962290 0.915171 0.403065 0.245058 98.023329 0.222521 -8.949067 200.000000 -8.949067 0.015971 6.388286 0.974928 27.667756 200.000000 27.667756 0.020171 8.068479 0.900969 -3.202783 200.000000 -3.202783 0.094980 37.992062 0.433884 5.219170 200.000000 5.219170
 12.800000 0.964189 0.265217 0.422455 0.906384 1.302368 0.436152 0.265217 0.964189 0.906384 0.422455 0.182292 72.916907 0.222521 -8.949067 200.000000 -8.949067 0.011533 4.613099 0.974928 27.667756 200.000000 27.667756 0.002932 1.172960 0.900969 -3.202783 200.000000 -3.202783 0.013062 5.224902 0.433884 5.219170 200.000000 5.219170
 13.000000 0.967851 0.251525 0.456694 0.889624 1.316541 0.474275 0.251525 0.967851 0.889624 0.456694 0.084125 33.649901 0.222521 -8.949067 200.000000 -8.949067 0.005009 2.003449 0.974928 27.667756 200.000000 27.667756 0.012871 5.148299 0.900969 -3.202783 200.000000 -3.202783 0.052030 20.812006 0.433884 5.219170 200.000000 5.219170
 13.200000 0.958336 0.285643 0.400659 0.916227 1.281119 0.412236 0.285643 0.958336 0.916227 0.400659 0.398435 159.374151 0.222521 -8.949067 200.000000 -8.949067 0.027529 11.011402 0.974928 27.667756 200.000000 27.667756 0.023282 9.312722 0.900969 -3.202783 200.000000 -3.202783 0.110388 44.155322 0.433884 5.219170 200.000000 5.219170
 13.400000 0.953760 0.300571 0.438132 0.898911 1.265506 0.453519 0.300571 0.953760 0.898911 0.438132 0.609174 243.669721 0.222521 -8.949067 200.000000 -8.949067 0.044810 17.923926 0.974928 27.667756 200.000000 27.667756 0.000424 0.169432 0.900969 -3.202783 200.000000 -3.202783 0.001805 0.721828 0.433884 5.219170 200.000000 5.219170
 13.600000 0.962487 0.271328 0.351861 0.936052 1.296024 0.359558 0.271328 0.962487 0.936052 0.351861 0.238210 95.283827 0.222521 -8.949067 200.000000 -8.949067 0.015478 6.191010 0.974928 27.667756 200.000000 27.667756 0.123085 49.234020 0.900969 -3.202783 200.000000 -3.202783 0.672777 269.110674 0.433884 5.219170 200.000000 5.219170
 13.800000 0.948545 0.316641 0.321658 0.946856 1.248610 0.327480 0.316641 0.948545 0.946856 0.321658 0.885863 354.345021 0.222521 -8.949067 200.000000 -8.949067 0.069604 27.841510 0.974928 27.667756 200.000000 27.667756 0.210564 84.225469 0.900969 -3.202783 200.000000 -3.202783 1.259473 503.789060 0.433884 5.219170 200.000000 5.219170
 14.000000 0.964724 0.263262 0.346572 0.938023 1.304395 0.353914 0.263262 0.964724 0.938023 0.346572 0.165980 66.392087 0.222521 -8.949067 200.000000 -8.949067 0.010411 4.164399 0.974928 27.667756 200.000000 27.667756 0.137304 54.921405 0.900969 -3.202783 200.000000 -3.202783 0.762333 304.933274 0.433884 5.219170 200.000000 5.219170
 14.200000 0.972014 0.234925 0.397583 0.917566 1.333655 0.408881 0.234925 0.972014 0.917566 0.397583 0.015385 6.154007 0.222521 -8.949067 200.000000 -8.949067 0.000849 0.339728 0.974928 27.667756 200.000000 27.667756 0.027548 11.019055 0.900969 -3.202783 200.000000 -3.202783 0.131777 52.710645 0.433884 5.219170 200.000000 5.219170
 14.400000 0.959404 0.282035 0.416511 0.909131 1.284882 0.429604 0.282035 0.959404 0.909131 0.416511 0.354188 141.675184 0.222521 -8.949067 200.000000 -8.949067 0.024098 9.639393 0.974928 27.667756 200.000000 27.667756 0.006662 2.664618 0.900969 -3.202783 200.000000 -3.202783 0.030181 12.072543 0.433884 5.219170 200.000000 5.219170
 14.600000 0.977602 0.210464 0.466919 0.884300 1.358746 0.485803 0.210464 0.977602 0.884300 0.466919 0.014536 5.814466 0.222521 -8.949067 200.000000 -8.949067 0.000715 0.285931 0.974928 27.667756 200.000000 27.667756 0.027784 11.113762 0.900969 -3.202783 200.000000 -3.202783 0.109131 43.652516 0.433884 5.219170 200.000000 5.219170
 14.800000 0.978492 0.206286 0.375324 0.926894 1.363019 0.384747 0.206286 0.978492 0.926894 0.375324 0.026357 10.542978 0.222521 -8.949067 200.000000 -8.949067 0.001270 0.508037 0.974928 27.667756 200.000000 27.667756 0.067209 26.883683 0.900969 -3.202783 200.000000 -3.202783 0.342922 137.168865 0.433884 5.219170 200.000000 5.219170
 15.000000 0.962529 0.271179 0.370506 0.928830 1.296179 0.379553 0.271179 0.962529 0.928830 0.370506 0.236760 94.703862 0.222521 -8.949067 200.000000 -8.949067 0.015373 6.149355 0.974928 27.667756 200.000000 27.667756 0.077626 31.050241 0.900969 -3.202783 200.000000 -3.202783 0.401679 160.671635 0.433884 5.219170 200.000000 5.219170
 15.200000 0.966249 0.257610 0.383734 0.923444 1.310248 0.393837 0.257610 0.966249 0.923444 0.383734 0.123125 49.249888 0.222521 -8.949067 200.000000 -8.949067 0.007532 3.012968 0.974928 27.667756 200.000000 27.667756 0.050512 20.204617 0.900969 -3.202783 200.000000 -3.202783 0.251499 100.599541 0.433884 5.219170 200.000000 5.219170
 15.400000 0.973270 0.229664 0.350758 0.936466 1.339064 0.358380 0.229664 0.973270 0.936466 0.350758 0.005103 2.041037 0.222521 -8.949067 200.000000 -8.949067 0.000275 0.109956 0.974928 27.667756 200.000000 27.667756 0.126006 50.402281 0.900969 -3.202783 200.000000 -3.202783 0.690989 276.395772 0.433884 5.219170 200.000000 5.219170
 15.600000 0.974114 0.226057 0.369900 0.929072 1.342768 0.378901 0.226057 0.974114 0.929072 0.369900 0.001250 0.500193 0.222521 -8.949067 200.000000 -8.949067 0.000066 0.026495 0.974928 27.667756 200.000000 27.667756 0.078977 31.590899 0.900969 -3.202783 200.000000 -3.202783 0.409398 163.759126 0.433884 5.219170 200.000000 5.219170
 15.800000 0.971839 0.235647 0.374150 0.927368 1.332912 0.383480 0.235647 0.971839 0.927368 0.374150 0.017229 6.891755 0.222521 -8.949067 200.000000 -8.949067 0.000954 0.381726 0.974928 27.667756 200.000000 27.667756 0.069692 27.876882 0.900969 -3.202783 200.000000 -3.202783 0.356810 142.724185 0.433884 5.219170 200.000000 5.219170
 16.000000 0.963720 0.266916 0.374035 0.927414 1.300605 0.383356 0.266916 0.963720 0.927414 0.374035 0.197090 78.836136 0.222521 -8.949067 200.000000 -8.949067 0.012562 5.024821 0.974928 27.667756 200.000000 27.667756 0.069937 27.974791 0.900969 -3.202783 200.000000 -3.202783 0.358184 143.273433 0.433884 5.219170 200.000000 5.219170
 16.200000 0.964792 0.263013 0.379767 0.925082 1.304653 0.389544 0.263013 0.964792 0.925082 0.379767 0.163959 65.583797 0.222521 -8.949067 200.000000 -8.949067 0.010273 4.109200 0.974928 27.667756 200.000000 27.667756 0.058145 23.258129 0.900969 -3.202783 200.000000 -3.202783 0.292863 117.145246 0.433884 5.219170 200.000000 5.219170
 16.400000 0.979211 0.202843 0.361284 0.932456 1.366536 0.369644 0.202843 0.979211 0.932456 0.361284 0.038722 15.488759 0.222521 -8.949067 200.000000 -8.949067 0.001835 0.733883 0.974928 27.667756 200.000000 27.667756 0.099144 39.657613 0.900969 -3.202783 200.000000 -3.202783 0.527079 210.831659 0.433884 5.219170 200.000000 5.219170
 16.600000 0.972858 0.231402 0.365898 0.930655 1.337278 0.374597 0.231402 0.972858 0.930655 0.365898 0.007887 3.154630 0.222521 -8.949067 200.000000 -8.949067 0.000428 0.171328 0.974928 27.667756 200.000000 27.667756 0.088127 35.250660 0.900969 -3.202783 200.000000 -3.202783 0.462208 184.883004 0.433884 5.219170 200.000000 5.219170
 16.800000 0.979544 0.201230 0.457688 0.889113 1.368183 0.475393 0.201230 0.979544 0.889113 0.457688 0.045329 18.131595 0.222521 -8.949067 200.000000 -8.949067 0.002131 0.852313 0.974928 27.667756 200.000000 27.667756 0.014056 5.622572 0.900969 -3.202783 200.000000 -3.202783 0.056664 22.665651 0.433884 5.219170 200.000000 5.219170
 17.000000 0.973743 0.227651 0.395616 0.918416 1.341132 0.406739 0.227651 0.973743 0.918416 0.395616 0.002632 1.052741 0.222521 -8.949067 200.000000 -8.949067 0.000140 0.056183 0.974928 27.667756 200.000000 27.667756 0.030440 12.176082 0.900969 -3.202783 200.000000 -3.202783 0.146441 58.576596 0.433884 5.219170 200.000000 5.219170
 17.200000 0.957455 0.288583 0.336668 0.941623 1.278049 0.343376 0.288583 0.957455 0.941623 0.336668 0.436426 174.570265 0.222521 -8.949067 200.000000 -8.949067 0.030531 12.212462 0.974928 27.667756 200.000000 27.667756 0.165279 66.111559 0.900969 -3.202783 200.000000 -3.202783 0.945088 378.035108 0.433884 5.219170 200.000000 5.219170
 17.400000 0.976597 0.215080 0.377568 0.925982 1.354023 0.387168 0.215080 0.976597 0.925982 0.377568 0.005537 2.214890 0.222521 -8.949067 200.000000 -8.949067 0.000278 0.111368 0.974928 27.667756 200.000000 27.667756 0.062566 25.026280 0.900969 -3.202783 200.000000 -3.202783 0.317150 126.860092 0.433884 5.219170 200.000000 5.219170
 17.600000 0.979214 0.202832 0.349074 0.937095 1.366547 0.356583 0.202832 0.979214 0.937095 0.349074 0.038765 15.505866 0.222521 -8.949067 200.000000 -8.949067 0.001837 0.734655 0.974928 27.667756 200.000000 27.667756 0.130511 52.204570 0.900969 -3.202783 200.000000 -3.202783 0.719272 287.708967 0.433884 5.219170 200.000000 5.219170
 17.800000 0.965773 0.259390 0.326674 0.945137 1.308405 0.332782 0.259390 0.965773 0.945137 0.326674 0.135936 54.374339 0.222521 -8.949067 200.000000 -8.949067 0.008382 3.352828 0.974928 27.667756 200.000000 27.667756 0.195084 78.033430 0.900969 -3.202783 200.000000 -3.202783 1.149396 459.758500 0.433884 5.219170 200.000000 5.219170
 18.000000 0.977724 0.209893 0.418924 0.908021 1.359331 0.432260 0.209893 0.977724 0.908021 0.418924 0.015947 6.378935 0.222521 -8.949067 200.000000 -8.949067 0.000782 0.312822 0.974928 27.667756 200.000000 27.667756 0.004973 1.989389 0.900969 -3.202783 200.000000 -3.202783 0.022378 8.951369 0.433884 5.219170 200.000000 5.219170
 18.200000 0.929931 0.367735 0.313170 0.949697 1.194225 0.318529 0.367735 0.929931 0.949697 0.313170 2.108703 843.481077 0.222521 -8.949067 200.000000 -8.949067 0.202474 80.989749 0.974928 27.667756 200.000000 27.667756 0.237443 94.977181 0.900969 -3.202783 200.000000 -3.202783 1.457174 582.869418 0.433884 5.219170 200.000000 5.219170
 18.400000 0.964803 0.262975 0.394533 0.918882 1.304692 0.405560 0.262975 0.964803 0.918882 0.394533 0.163652 65.460863 0.222521 -8.949067 200.000000 -8.949067 0.010252 4.100812 0.974928 27.667756 200.000000 27.667756 0.032086 12.834584 0.900969 -3.202783 200.000000 -3.202783 0.154844 61.937682 0.433884 5.219170 200.000000 5.219170
 18.600000 0.977184 0.212393 0.411172 0.911558 1.356773 0.423739 0.212393 0.977184 0.911558 0.411172 0.010257 4.102960 0.222521 -8.949067 200.000000 -8.949067 0.000509 0.203655 0.974928 27.667756 200.000000 27.667756 0.011213 4.485125 0.900969 -3.202783 200.000000 -3.202783 0.051584 20.633504 0.433884 5.219170 200.000000 5.219170
 18.800000 0.975670 0.219244 0.348159 0.937435 1.349757 0.355607 0.219244 0.975670 0.937435 0.348159 0.001074 0.429609 0.222521 -8.949067 200.000000 -8.949067 0.000055 0.022035 0.974928 27.667756 200.000000 27.667756 0.132981 53.192543 0.900969 -3.202783 200.000000 -3.202783 0.734872 293.948868 0.433884 5.219170 200.000000 5.219170
 19.000000 0.978522 0.206143 0.393690 0.919243 1.363164 0.404642 0.206143 0.978522 0.919243 0.393690 0.026822 10.728901 0.222521 -8.949067 200.000000 -8.949067 0.001292 0.516637 0.974928 27.667756 200.000000 27.667756 0.033396 13.358237 0.900969 -3.202783 200.000000 -3.202783 0.161555 64.621933 0.433884 5.219170 200.000000 5.219170
 19.200000 0.947185 0.320689 0.443296 0.896375 1.244340 0.459273 0.320689 0.947185 0.896375 0.443296 0.963689 385.475401 0.222521 -8.949067 200.000000 -8.949067 0.076969 30.787451 0.974928 27.667756 200.000000 27.667756 0.002110 0.844108 0.900969 -3.202783 200.000000 -3.202783 0.008860 3.543912 0.433884 5.219170 200.000000 5.219170
 19.400000 0.963789 0.266667 0.409593 0.912268 1.300863 0.422008 0.266667 0.963789 0.912268 0.409593 0.194887 77.954728 0.222521 -8.949067 200.000000 -8.949067 0.012408 4.963238 0.974928 27.667756 200.000000 27.667756 0.012768 5.107195 0.900969 -3.202783 200.000000 -3.202783 0.059005 23.601828 0.433884 5.219170 200.000000 5.219170
 19.600000 0.970071 0.242820 0.437766 0.899089 1.325525 0.453113 0.242820 0.970071 0.899089 0.437766 0.041204 16.481479 0.222521 -8.949067 200.000000 -8.949067 0.002359 0.943407 0.974928 27.667756 200.000000 27.667756 0.000353 0.141399 0.900969 -3.202783 200.000000 -3.202783 0.001508 0.603026 0.433884 5.219170 200.000000 5.219170
 19.800000 0.952344 0.305026 0.326504 0.945196 1.260830 0.332602 0.305026 0.952344 0.945196 0.326504 0.680716 272.286437 0.222521 -8.949067 200.000000 -8.949067 0.051004 20.401544 0.974928 27.667756 200.000000 27.667756 0.195603 78.241006 0.900969 -3.202783 200.000000 -3.202783 1.153042 461.216861 0.433884 5.219170 200.000000 5.219170
 20.000000 0.956211 0.292679 0.329315 0.944220 1.273769 0.335579 0.292679 0.956211 0.944220 0.329315 0.492218 196.887344 0.222521 -8.949067 200.000000 -8.949067 0.035033 14.013379 0.974928 27.667756 200.000000 27.667756 0.187066 74.826248 0.900969 -3.202783 200.000000 -3.202783 1.093452 437.380853 0.433884 5.219170 200.000000 5.219170
