#! FIELDS time sin_phi cos_phi sin_psi cos_psi phi psi cos_phi sin_phi cos_psi sin_psi restraint_phi_cos.bias restraint_phi_cos.force2 restraint_phi_cos.cos_phi_cntr restraint_phi_cos.cos_phi_work restraint_phi_cos.cos_phi_kappa restraint_phi_cos.work restraint_phi_sin.bias restraint_phi_sin.force2 restraint_phi_sin.sin_phi_cntr restraint_phi_sin.sin_phi_work restraint_phi_sin.sin_phi_kappa restraint_phi_sin.work restraint_psi_cos.bias restraint_psi_cos.force2 restraint_psi_cos.cos_psi_cntr restraint_psi_cos.cos_psi_work restraint_psi_cos.cos_psi_kappa restraint_psi_cos.work restraint_psi_sin.bias restraint_psi_sin.force2 restraint_psi_sin.sin_psi_cntr restraint_psi_sin.sin_psi_work restraint_psi_sin.sin_psi_kappa restraint_psi_sin.work
#! SET min_phi -pi
#! SET max_phi pi
#! SET min_psi -pi
#! SET max_psi pi
 0.000000 -0.999983 -0.005782 0.966116 0.258110 -1.576579 1.309731 -0.005782 -0.999983 0.258110 0.966116 0.000000 0.000000 -0.009747 0.000000 0.000000 0.000000 0.000000 0.000000 -0.999953 0.000000 0.000000 0.000000 0.000000 0.000000 0.256142 0.000000 0.000000 0.000000 0.000000 0.000000 0.966639 0.000000 0.000000 0.000000
 0.200000 -1.000000 -0.000266 0.834655 0.550773 -1.571062 0.987506 -0.000266 -1.000000 0.550773 0.834655 0.000899 0.035954 -0.009747 0.429322 20.000000 0.429322 0.000000 0.000001 -0.999953 0.008204 20.000000 0.008204 0.868072 34.722866 0.256142 0.437494 20.000000 0.437494 0.174198 6.967905 0.966639 0.079186 20.000000 0.079186
 0.400000 -0.998238 0.059339 0.982967 0.183781 -1.511422 1.385965 0.059339 -0.998238 0.183781 0.982967 0.095457 7.636592 -0.009747 0.576152 40.000000 0.576152 0.000059 0.004704 -0.999953 0.009175 40.000000 0.009175 0.104723 8.377859 0.256142 0.652620 40.000000 0.652620 0.005332 0.426573 0.966639 0.103852 40.000000 0.103852
 0.600000 -0.997905 0.064702 0.969719 0.244223 -1.506049 1.324078 0.064702 -0.997905 0.244223 0.969719 0.166277 19.953285 -0.009747 0.652738 60.000000 0.652738 0.000126 0.015098 -0.999953 0.009549 60.000000 0.009549 0.004262 0.511484 0.256142 0.812947 60.000000 0.812947 0.000285 0.034153 0.966639 0.126978 60.000000 0.126978
 0.800000 -0.999998 0.001893 0.948099 0.317974 -1.568903 1.247204 0.001893 -0.999998 0.317974 0.948099 0.005419 0.867049 -0.009747 0.745442 80.000000 0.745442 0.000000 0.000013 -0.999953 0.009931 80.000000 0.009931 0.152928 24.468543 0.256142 0.870390 80.000000 0.870390 0.013749 2.199834 0.966639 0.131255 80.000000 0.131255
 1.000000 -0.997906 -0.064677 0.983715 0.179734 -1.635519 1.390080 -0.064677 -0.997906 0.179734 0.983715 0.150869 30.173712 -0.009747 0.830210 100.000000 0.830210 0.000209 0.041872 -0.999953 0.010215 100.000000 0.010215 0.291913 58.382600 0.256142 0.906287 100.000000 0.906287 0.014580 2.915968 0.966639 0.133900 100.000000 0.133900
 1.200000 -0.998629 0.052344 0.985229 0.171244 -1.518429 1.398704 0.052344 -0.998629 0.171244 0.985229 0.231312 55.514801 -0.009747 0.926102 120.000000 0.926102 0.000105 0.025219 -0.999953 0.010633 120.000000 0.010633 0.432463 103.791146 0.256142 0.992021 120.000000 0.992021 0.020734 4.976238 0.966639 0.141240 120.000000 0.141240
 1.400000 -0.999097 0.042490 0.979942 0.199285 -1.528293 1.370168 0.042490 -0.999097 0.199285 0.979942 0.191007 53.482024 -0.009747 0.960907 140.000000 0.960907 0.000051 0.014349 -0.999953 0.010712 140.000000 0.010712 0.226294 63.362268 0.256142 1.092941 140.000000 1.092941 0.012387 3.468359 0.966639 0.149518 140.000000 0.149518
 1.600000 -0.999952 0.009762 0.961524 0.274722 -1.561035 1.292496 0.009762 -0.999952 0.274722 0.961524 0.030445 9.742527 -0.009747 1.007086 160.000000 1.007086 0.000000 0.000000 -0.999953 0.010845 160.000000 0.010845 0.027615 8.836748 0.256142 1.162435 160.000000 1.162435 0.002093 0.669841 0.966639 0.156253 160.000000 0.156253
 1.800000 -0.999816 -0.019167 0.970210 0.242266 -1.589964 1.326095 -0.019167 -0.999816 0.242266 0.970210 0.007987 2.875214 -0.009747 1.051979 180.000000 1.051979 0.000002 0.000601 -0.999953 0.010933 180.000000 0.010933 0.017329 6.238496 0.256142 1.193860 180.000000 1.193860 0.001148 0.413104 0.966639 0.158909 180.000000 0.158909
 2.000000 -0.987406 0.158208 0.943046 0.332661 -1.411920 1.231672 0.158208 -0.987406 0.332661 0.943046 2.820882 1128.352805 -0.009747 1.081931 200.000000 1.081931 0.015742 6.296829 -0.999953 0.011013 200.000000 0.011013 0.585513 234.205105 0.256142 1.219765 200.000000 1.219765 0.055661 22.264530 0.966639 0.161376 200.000000 0.161376
 2.200000 -0.996918 0.078455 0.957512 0.288392 -1.492261 1.278249 0.078455 -0.996918 0.288392 0.957512 0.867332 346.932605 -0.014676 1.100299 200.000000 1.100299 0.321004 128.401589 -0.940260 0.336558 200.000000 0.336558 1.729456 691.782402 0.156884 1.391098 200.000000 1.391098 0.017750 7.099825 0.970835 0.156880 200.000000 0.156880
 2.400000 -0.999995 -0.003090 0.987012 0.160647 -1.573886 1.409450 -0.003090 -0.999995 0.160647 0.987012 0.027276 10.910512 -0.019605 1.128409 200.000000 1.128409 1.426276 570.510429 -0.880568 1.391027 200.000000 1.391027 1.061353 424.541051 0.057625 1.649293 200.000000 1.649293 0.014354 5.741673 0.975031 0.142596 200.000000 0.142596
 2.600000 -0.990417 -0.138110 0.988040 0.154198 -1.709349 1.415980 -0.138110 -0.990417 0.154198 0.988040 1.289939 515.975548 -0.024535 1.139989 200.000000 1.139989 2.874398 1149.759133 -0.820876 3.143885 200.000000 3.143885 3.835036 1534.014311 -0.041634 1.749751 200.000000 1.749751 0.007767 3.106633 0.979227 0.125856 200.000000 0.125856
 2.800000 -0.996984 -0.077604 0.995610 -0.093599 -1.648479 1.664532 -0.077604 -0.996984 -0.093599 0.995610 0.231750 92.700045 -0.029464 1.146936 200.000000 1.146936 5.560158 2224.063283 -0.761184 5.616874 200.000000 5.616874 0.223674 89.469634 -0.140893 1.762437 200.000000 1.762437 0.014852 5.940865 0.983423 0.115897 200.000000 0.115897
 3.000000 -0.995751 -0.092092 0.997634 -0.068756 -1.663019 1.639606 -0.092092 -0.995751 -0.068756 0.997634 0.332910 133.164018 -0.034393 1.160507 200.000000 1.160507 8.658790 3463.515851 -0.701492 8.808986 200.000000 8.808986 1.100240 440.095899 -0.173648 1.888529 200.000000 1.888529 0.016450 6.580007 0.984808 0.114824 200.000000 0.114824
 3.200000 -0.998183 -0.060260 0.985759 -0.168164 -1.631093 1.739764 -0.060260 -0.998183 -0.168164 0.985759 0.043836 17.534523 -0.039323 1.161726 200.000000 1.161726 12.700845 5080.337942 -0.641800 12.671886 200.000000 12.671886 0.003007 1.202890 -0.173648 1.888529 200.000000 1.888529 0.000090 0.036193 0.984808 0.114824 200.000000 0.114824
 3.400000 -0.999885 -0.015195 0.992754 -0.120164 -1.585992 1.691251 -0.015195 -0.999885 -0.120164 0.992754 0.084433 33.773281 -0.044252 1.167076 200.000000 1.167076 17.453705 6981.482003 -0.582108 17.267471 200.000000 17.267471 0.286056 114.422514 -0.173648 1.888529 200.000000 1.888529 0.006314 2.525752 0.984808 0.114824 200.000000 0.114824
 3.600000 -0.999461 0.032822 0.994874 -0.101119 -1.537969 1.672089 0.032822 -0.999461 -0.101119 0.994874 0.672450 268.980051 -0.049182 1.158211 200.000000 1.158211 22.757196 9102.878350 -0.522416 22.545782 200.000000 22.545782 0.526043 210.417145 -0.173648 1.888529 200.000000 1.888529 0.010134 4.053415 0.984808 0.114824 200.000000 0.114824
 3.800000 -0.982327 -0.187175 0.979193 -0.202933 -1.759082 1.775149 -0.187175 -0.982327 -0.202933 0.979193 1.770605 708.241941 -0.054111 1.127879 200.000000 1.127879 26.998669 10799.467477 -0.462724 28.537153 200.000000 28.537153 0.085761 34.304428 -0.173648 1.888529 200.000000 1.888529 0.003153 1.261202 0.984808 0.114824 200.000000 0.114824
 4.000000 -0.988845 -0.148948 0.972116 -0.234502 -1.720300 1.807502 -0.148948 -0.988845 -0.234502 0.972116 0.808335 323.334199 -0.059040 1.090156 200.000000 1.090156 34.317681 13727.072320 -0.403032 35.219955 200.000000 35.219955 0.370315 148.126139 -0.173648 1.888529 200.000000 1.888529 0.016109 6.443523 0.984808 0.114824 200.000000 0.114824
 4.200000 -0.999858 -0.016877 0.950773 -0.309887 -1.587674 1.885871 -0.016877 -0.999858 -0.309887 0.950773 0.221775 88.710058 -0.063970 1.003164 200.000000 1.003164 43.101522 17240.608759 -0.343340 42.552121 200.000000 42.552121 1.856109 742.443551 -0.173648 1.888529 200.000000 1.888529 0.115834 46.333738 0.984808 0.114824 200.000000 0.114824
 4.400000 -0.960317 -0.278909 0.970923 -0.239391 -1.853455 1.812535 -0.278909 -0.960317 -0.239391 0.970923 4.410436 1764.174576 -0.068899 0.911418 200.000000 0.911418 45.788144 18315.257684 -0.283648 50.570825 200.000000 50.570825 0.432207 172.882757 -0.173648 1.888529 200.000000 1.888529 0.019278 7.711078 0.984808 0.114824 200.000000 0.114824
 4.600000 -0.999991 -0.004147 0.970266 -0.242043 -1.574944 1.815267 -0.004147 -0.999991 -0.242043 0.970266 0.485542 194.216971 -0.073828 0.754761 200.000000 0.754761 60.223092 24089.236940 -0.223956 59.112173 200.000000 59.112173 0.467782 187.112618 -0.173648 1.888529 200.000000 1.888529 0.021147 8.458981 0.984808 0.114824 200.000000 0.114824
 4.800000 -0.715748 -0.698358 0.975932 -0.218073 -2.343898 1.790636 -0.698358 -0.715748 -0.218073 0.975932 38.390490 15356.195872 -0.078758 0.544986 200.000000 0.544986 30.413496 12165.398580 -0.164264 67.939586 200.000000 67.939586 0.197358 78.943296 -0.173648 1.888529 200.000000 1.888529 0.007877 3.150864 0.984808 0.114824 200.000000 0.114824
 5.000000 -0.920751 -0.390150 0.986808 -0.161896 -1.971591 1.733408 -0.390150 -0.920751 -0.161896 0.986808 9.391941 3756.776591 -0.083687 0.123070 200.000000 0.123070 66.614887 26645.954734 -0.104572 76.560162 200.000000 76.560162 0.013812 5.524680 -0.173648 1.888529 200.000000 1.888529 0.000400 0.160015 0.984808 0.114824 200.000000 0.114824
 5.200000 -0.388987 -0.921243 0.982990 -0.183662 -2.742061 1.755507 -0.921243 -0.388987 -0.183662 0.982990 69.326742 27730.696731 -0.088616 -0.359257 200.000000 -0.359257 11.840959 4736.383699 -0.044880 85.012216 200.000000 85.012216 0.010027 4.010824 -0.173648 1.888529 200.000000 1.888529 0.000331 0.132240 0.984808 0.114824 200.000000 0.114824
 5.400000 -0.285449 -0.958394 0.997154 -0.075393 -2.852117 1.646261 -0.958394 -0.285449 -0.075393 0.997154 74.796187 29918.474883 -0.093546 -1.197991 200.000000 -1.197991 9.015705 3606.281993 0.014812 88.790268 200.000000 88.790268 0.965411 386.164310 -0.173648 1.888529 200.000000 1.888529 0.015243 6.097102 0.984808 0.114824 200.000000 0.114824
 5.600000 0.209156 -0.977882 0.994792 -0.101930 2.930881 1.672904 -0.977882 0.209156 -0.101930 0.994792 77.335693 30934.277175 -0.098475 -2.061034 200.000000 -2.061034 1.813099 725.239710 0.074504 90.802208 200.000000 90.802208 0.514348 205.739007 -0.173648 1.888529 200.000000 1.888529 0.009968 3.987055 0.984808 0.114824 200.000000 0.114824
 5.800000 0.439479 -0.898253 0.979230 -0.202755 2.686574 1.774967 -0.898253 0.439479 -0.202755 0.979230 63.178364 25271.345795 -0.103405 -2.920481 200.000000 -2.920481 9.319766 3727.906391 0.134196 89.918524 200.000000 89.918524 0.084719 33.887622 -0.173648 1.888529 200.000000 1.888529 0.003112 1.244651 0.984808 0.114824 200.000000 0.114824
 6.000000 0.623050 -0.782182 0.983917 -0.178623 2.468956 1.750384 -0.782182 0.623050 -0.178623 0.983917 45.407069 18162.827580 -0.108334 -3.626704 200.000000 -3.626704 18.418018 7367.207389 0.193888 85.292260 200.000000 85.292260 0.002475 0.990153 -0.173648 1.888529 200.000000 1.888529 0.000079 0.031702 0.984808 0.114824 200.000000 0.114824
 6.200000 0.970630 -0.240578 0.977159 -0.212508 1.813758 1.784937 -0.240578 0.970630 -0.212508 0.977159 1.620905 648.361974 -0.113263 -3.781059 200.000000 -3.781059 51.415997 20566.398737 0.253580 76.725758 200.000000 76.725758 0.151007 60.402880 -0.173648 1.888529 200.000000 1.888529 0.005850 2.339913 0.984808 0.114824 200.000000 0.114824
 6.400000 0.995409 -0.095715 0.968127 -0.250459 1.666658 1.823950 -0.095715 0.995409 -0.250459 0.968127 0.050526 20.210247 -0.118193 -3.871796 200.000000 -3.871796 46.531016 18612.406442 0.313272 68.521532 200.000000 68.521532 0.589986 235.994533 -0.173648 1.888529 200.000000 1.888529 0.027824 11.129536 0.984808 0.114824 200.000000 0.114824
 6.600000 0.972366 -0.233463 0.958391 -0.285459 1.806434 1.860281 -0.233463 0.972366 -0.285459 0.958391 1.217515 487.006178 -0.123122 -3.970242 200.000000 -3.970242 35.928189 14371.275565 0.372964 61.088486 200.000000 61.088486 1.250160 500.064171 -0.173648 1.888529 200.000000 1.888529 0.069785 27.913802 0.984808 0.114824 200.000000 0.114824
 6.800000 0.975801 -0.218660 0.975721 -0.219015 1.791238 1.791601 -0.218660 0.975801 -0.219015 0.975721 0.820997 328.398894 -0.128051 -4.017548 200.000000 -4.017548 29.500608 11800.243189 0.432656 54.177878 200.000000 54.177878 0.205818 82.327033 -0.173648 1.888529 200.000000 1.888529 0.008256 3.302455 0.984808 0.114824 200.000000 0.114824
 7.000000 0.937817 -0.347131 0.974151 -0.225896 1.925307 1.798659 -0.347131 0.937817 -0.225896 0.974151 4.586039 1834.415491 -0.132981 -4.075478 200.000000 -4.075478 19.844185 7937.673899 0.492348 48.019286 200.000000 48.019286 0.272983 109.193299 -0.173648 1.888529 200.000000 1.888529 0.011356 4.542289 0.984808 0.114824 200.000000 0.114824
 7.200000 0.966376 -0.257133 0.978060 -0.208321 1.830851 1.780655 -0.257133 0.966376 -0.208321 0.978060 1.421414 568.565617 -0.137910 -4.089672 200.000000 -4.089672 17.167388 6866.955173 0.552040 42.483402 200.000000 42.483402 0.120223 48.089313 -0.173648 1.888529 200.000000 1.888529 0.004553 1.821058 0.984808 0.114824 200.000000 0.114824
 7.400000 0.987075 -0.160261 0.988491 -0.151277 1.731751 1.722656 -0.160261 0.987075 -0.151277 0.988491 0.030351 12.140339 -0.142840 -4.115104 200.000000 -4.115104 14.088172 5635.268947 0.611733 37.701577 200.000000 37.701577 0.050048 20.019029 -0.173648 1.888529 200.000000 1.888529 0.001357 0.542780 0.984808 0.114824 200.000000 0.114824
 7.600000 0.972105 -0.234546 0.981804 -0.189895 1.807548 1.761852 -0.234546 0.972105 -0.189895 0.981804 0.753027 301.210645 -0.147769 -4.120682 200.000000 -4.120682 9.040873 3616.349300 0.671425 33.602108 200.000000 33.602108 0.026396 10.558378 -0.173648 1.888529 200.000000 1.888529 0.000902 0.360804 0.984808 0.114824 200.000000 0.114824
 7.800000 0.992413 -0.122946 0.987569 -0.157188 1.694054 1.728639 -0.122946 0.992413 -0.157188 0.987569 0.088521 35.408434 -0.152698 -4.092387 200.000000 -4.092387 6.827601 2731.040459 0.731117 30.160636 200.000000 30.160636 0.027092 10.836899 -0.173648 1.888529 200.000000 1.888529 0.000762 0.304897 0.984808 0.114824 200.000000 0.114824
 8.000000 0.971638 -0.236474 0.985634 -0.168898 1.809532 1.740508 -0.236474 0.971638 -0.168898 0.985634 0.621674 248.669715 -0.157628 -4.071972 200.000000 -4.071972 3.269919 1307.967651 0.790809 27.426223 200.000000 27.426223 0.002256 0.902564 -0.173648 1.888529 200.000000 1.888529 0.000068 0.027277 0.984808 0.114824 200.000000 0.114824
 8.200000 0.971914 -0.235336 0.985905 -0.167306 1.808360 1.738893 -0.235336 0.971914 -0.167306 0.985905 0.529673 211.869005 -0.162557 -4.045165 200.000000 -4.045165 1.474123 589.649330 0.850501 25.420204 200.000000 25.420204 0.004022 1.608829 -0.173648 1.888529 200.000000 1.888529 0.000120 0.048157 0.984808 0.114824 200.000000 0.114824
 8.400000 1.000000 -0.000704 0.986169 -0.165741 1.571500 1.737305 -0.000704 1.000000 -0.165741 0.986169 2.781655 1112.661929 -0.167486 -4.003076 200.000000 -4.003076 0.806531 322.612225 0.910193 24.109402 200.000000 24.109402 0.006253 2.501121 -0.173648 1.888529 200.000000 1.888529 0.000185 0.074160 0.984808 0.114824 200.000000 0.114824
 8.600000 0.995098 -0.098893 0.970629 -0.240581 1.669851 1.813761 -0.098893 0.995098 -0.240581 0.970629 0.540559 216.223723 -0.172416 -3.975511 200.000000 -3.975511 0.063571 25.428460 0.969885 23.535232 200.000000 23.535232 0.448000 179.199951 -0.173648 1.888529 200.000000 1.888529 0.020103 8.041399 0.984808 0.114824 200.000000 0.114824
 8.800000 0.991261 -0.131914 0.970337 -0.241757 1.703096 1.814973 -0.131914 0.991261 -0.241757 0.970337 0.174173 69.669315 -0.173648 -3.960935 200.000000 -3.960935 0.004165 1.665854 0.984808 23.498933 200.000000 23.498933 0.463886 185.554428 -0.173648 1.888529 200.000000 1.888529 0.020941 8.376415 0.984808 0.114824 200.000000 0.114824
 9.000000 0.995584 -0.093876 0.984213 -0.176988 1.664811 1.748722 -0.093876 0.995584 -0.176988 0.984213 0.636353 254.541241 -0.173648 -3.960935 200.000000 -3.960935 0.011612 4.644976 0.984808 23.498933 200.000000 23.498933 0.001115 0.446165 -0.173648 1.888529 200.000000 1.888529 0.000035 0.014148 0.984808 0.114824 200.000000 0.114824
 9.200000 0.991672 -0.128791 0.977936 -0.208905 1.699946 1.781251 -0.128791 0.991672 -0.208905 0.977936 0.201217 80.486999 -0.173648 -3.960935 200.000000 -3.960935 0.004711 1.884590 0.984808 23.498933 200.000000 23.498933 0.124302 49.720607 -0.173648 1.888529 200.000000 1.888529 0.004722 1.888826 0.984808 0.114824 200.000000 0.114824
 9.400000 0.989508 -0.144476 0.987257 -0.159133 1.715779 1.730609 -0.144476 0.989508 -0.159133 0.987257 0.085103 34.041369 -0.173648 -3.960935 200.000000 -3.960935 0.002210 0.883825 0.984808 23.498933 200.000000 23.498933 0.021070 8.427847 -0.173648 1.888529 200.000000 1.888529 0.000600 0.239989 0.984808 0.114824 200.000000 0.114824
 9.600000 0.990756 -0.135654 0.988545 -0.150923 1.706870 1.722298 -0.135654 0.990756 -0.150923 0.988545 0.144353 57.741284 -0.173648 -3.960935 200.000000 -3.960935 0.003538 1.415374 0.984808 23.498933 200.000000 23.498933 0.051643 20.657062 -0.173648 1.888529 200.000000 1.888529 0.001397 0.558829 0.984808 0.114824 200.000000 0.114824
 9.800000 0.997870 -0.065228 0.959295 -0.282407 1.636071 1.857098 -0.065228 0.997870 -0.282407 0.959295 1.175494 470.197766 -0.173648 -3.960935 200.000000 -3.960935 0.017063 6.825299 0.984808 23.498933 200.000000 23.498933 1.182837 473.134991 -0.173648 1.888529 200.000000 1.888529 0.065091 26.036378 0.984808 0.114824 200.000000 0.114824
 10.000000 0.997559 -0.069835 0.981536 -0.191278 1.640688 1.763260 -0.069835 0.997559 -0.191278 0.981536 1.077720 431.087868 -0.173648 -3.960935 200.000000 -3.960935 0.016258 6.503326 0.984808 23.498933 200.000000 23.498933 0.031081 12.432259 -0.173648 1.888529 200.000000 1.888529 0.001070 0.428194 0.984808 0.114824 200.000000 0.114824
 10.200000 0.987954 -0.154750 0.980262 -0.197702 1.726171 1.769810 -0.154750 0.987954 -0.197702 0.980262 0.035713 14.285021 -0.173648 -3.960935 200.000000 -3.960935 0.000990 0.395853 0.984808 23.498933 200.000000 23.498933 0.057860 23.143960 -0.173648 1.888529 200.000000 1.888529 0.002066 0.826513 0.984808 0.114824 200.000000 0.114824
 10.400000 0.992841 -0.119440 0.992165 -0.124934 1.690522 1.696058 -0.119440 0.992841 -0.124934 0.992165 0.293854 117.541449 -0.173648 -3.960935 200.000000 -3.960935 0.006454 2.581599 0.984808 23.498933 200.000000 23.498933 0.237305 94.921938 -0.173648 1.888529 200.000000 1.888529 0.005413 2.165178 0.984808 0.114824 200.000000 0.114824
 10.600000 0.994084 -0.108615 0.996256 -0.086452 1.679626 1.657357 -0.108615 0.994084 -0.086452 0.996256 0.422936 169.174469 -0.173648 -3.960935 200.000000 -3.960935 0.008605 3.441899 0.984808 23.498933 200.000000 23.498933 0.760315 304.126037 -0.173648 1.888529 200.000000 1.888529 0.013106 5.242500 0.984808 0.114824 200.000000 0.114824
 10.800000 0.988737 -0.149664 0.974850 -0.222864 1.721025 1.795548 -0.149664 0.988737 -0.222864 0.974850 0.057525 23.009969 -0.173648 -3.960935 200.000000 -3.960935 0.001544 0.617541 0.984808 23.498933 200.000000 23.498933 0.242218 96.887165 -0.173648 1.888529 200.000000 1.888529 0.009917 3.966602 0.984808 0.114824 200.000000 0.114824
 11.000000 0.997786 -0.066511 0.972219 -0.234073 1.637357 1.807061 -0.066511 0.997786 -0.234073 0.972219 1.147831 459.132537 -0.173648 -3.960935 200.000000 -3.960935 0.016843 6.737056 0.984808 23.498933 200.000000 23.498933 0.365117 146.046623 -0.173648 1.888529 200.000000 1.888529 0.015848 6.339057 0.984808 0.114824 200.000000 0.114824
 11.200000 0.988976 -0.148075 0.948705 -0.316164 1.719418 1.892480 -0.148075 0.988976 -0.316164 0.948705 0.065400 26.160134 -0.173648 -3.960935 200.000000 -3.960935 0.001738 0.695032 0.984808 23.498933 200.000000 23.498933 2.031074 812.429544 -0.173648 1.888529 200.000000 1.888529 0.130344 52.137577 0.984808 0.114824 200.000000 0.114824
 11.400000 0.985341 -0.170595 0.963839 -0.266485 1.742230 1.840541 -0.170595 0.985341 -0.266485 0.963839 0.000932 0.372883 -0.173648 -3.960935 200.000000 -3.960935 0.000028 0.011384 0.984808 23.498933 200.000000 23.498933 0.861869 344.747468 -0.173648 1.888529 200.000000 1.888529 0.043969 17.587461 0.984808 0.114824 200.000000 0.114824
 11.600000 0.995060 -0.099272 0.996113 -0.088087 1.670232 1.658997 -0.099272 0.995060 -0.088087 0.996113 0.553182 221.272676 -0.173648 -3.960935 200.000000 -3.960935 0.010512 4.204618 0.984808 23.498933 200.000000 23.498933 0.732079 292.831635 -0.173648 1.888529 200.000000 1.888529 0.012780 5.112185 0.984808 0.114824 200.000000 0.114824
 11.800000 0.991174 -0.132566 0.982542 -0.186040 1.703754 1.757926 -0.132566 0.991174 -0.186040 0.982542 0.168774 67.509717 -0.173648 -3.960935 200.000000 -3.960935 0.004053 1.621254 0.984808 23.498933 200.000000 23.498933 0.015355 6.142010 -0.173648 1.888529 200.000000 1.888529 0.000513 0.205305 0.984808 0.114824 200.000000 0.114824
 12.000000 0.988010 -0.154390 0.975494 -0.220025 1.725806 1.792636 -0.154390 0.988010 -0.220025 0.975494 0.037088 14.835048 -0.173648 -3.960935 200.000000 -3.960935 0.001025 0.410170 0.984808 23.498933 200.000000 23.498933 0.215077 86.030628 -0.173648 1.888529 200.000000 1.888529 0.008674 3.469586 0.984808 0.114824 200.000000 0.114824
 12.200000 0.993304 -0.115533 0.989533 -0.144309 1.686588 1.715611 -0.115533 0.993304 -0.144309 0.989533 0.337733 135.093379 -0.173648 -3.960935 200.000000 -3.960935 0.007218 2.887179 0.984808 23.498933 200.000000 23.498933 0.086080 34.431989 -0.173648 1.888529 200.000000 1.888529 0.002233 0.893007 0.984808 0.114824 200.000000 0.114824
 12.400000 0.989104 -0.147217 0.952622 -0.304156 1.718550 1.879848 -0.147217 0.989104 -0.304156 0.952622 0.069862 27.944950 -0.173648 -3.960935 200.000000 -3.960935 0.001846 0.738401 0.984808 23.498933 200.000000 23.498933 1.703217 681.286925 -0.173648 1.888529 200.000000 1.888529 0.103590 41.435923 0.984808 0.114824 200.000000 0.114824
 12.600000 0.996885 -0.078872 0.981204 -0.192971 1.649750 1.764986 -0.078872 0.996885 -0.192971 0.981204 0.898254 359.301456 -0.173648 -3.960935 200.000000 -3.960935 0.014585 5.834161 0.984808 23.498933 200.000000 23.498933 0.037339 14.935563 -0.173648 1.888529 200.000000 1.888529 0.001298 0.519375 0.984808 0.114824 200.000000 0.114824
 12.800000 0.990849 -0.134975 0.977332 -0.211714 1.706185 1.784125 -0.134975 0.990849 -0.211714 0.977332 0.149560 59.824074 -0.173648 -3.960935 200.000000 -3.960935 0.003650 1.459858 0.984808 23.498933 200.000000 23.498933 0.144902 57.960992 -0.173648 1.888529 200.000000 1.888529 0.005589 2.235707 0.984808 0.114824 200.000000 0.114824
 13.000000 0.981711 -0.190378 0.993358 -0.115062 1.762344 1.686113 -0.190378 0.981711 -0.115062 0.993358 0.027990 11.195831 -0.173648 -3.960935 200.000000 -3.960935 0.000959 0.383642 0.984808 23.498933 200.000000 23.498933 0.343238 137.295232 -0.173648 1.888529 200.000000 1.888529 0.007311 2.924510 0.984808 0.114824 200.000000 0.114824
 13.200000 0.994328 -0.106359 0.992503 -0.122221 1.677357 1.693324 -0.106359 0.994328 -0.122221 0.992503 0.452781 181.112382 -0.173648 -3.960935 200.000000 -3.960935 0.009063 3.625233 0.984808 23.498933 200.000000 23.498933 0.264472 105.788680 -0.173648 1.888529 200.000000 1.888529 0.005921 2.368590 0.984808 0.114824 200.000000 0.114824
 13.400000 0.990996 -0.133895 0.969848 -0.243709 1.705095 1.816984 -0.133895 0.990996 -0.243709 0.969848 0.158031 63.212253 -0.173648 -3.960935 200.000000 -3.960935 0.003829 1.531533 0.984808 23.498933 200.000000 23.498933 0.490850 196.339854 -0.173648 1.888529 200.000000 1.888529 0.022378 8.951239 0.984808 0.114824 200.000000 0.114824
 13.600000 0.993915 -0.110153 0.962481 -0.271348 1.681173 1.845589 -0.110153 0.993915 -0.271348 0.962481 0.403166 161.266408 -0.173648 -3.960935 200.000000 -3.960935 0.008294 3.317432 0.984808 23.498933 200.000000 23.498933 0.954518 381.807180 -0.173648 1.888529 200.000000 1.888529 0.049847 19.938616 0.984808 0.114824 200.000000 0.114824
 13.800000 0.995026 -0.099611 0.979075 -0.203501 1.670573 1.775729 -0.099611 0.995026 -0.203501 0.979075 0.548151 219.260321 -0.173648 -3.960935 200.000000 -3.960935 0.010442 4.176878 0.984808 23.498933 200.000000 23.498933 0.089119 35.647553 -0.173648 1.888529 200.000000 1.888529 0.003287 1.314695 0.984808 0.114824 200.000000 0.114824
 14.000000 0.980878 -0.194624 0.985097 -0.172000 1.766671 1.743656 -0.194624 0.980878 -0.172000 0.985097 0.044000 17.599828 -0.173648 -3.960935 200.000000 -3.960935 0.001544 0.617758 0.984808 23.498933 200.000000 23.498933 0.000272 0.108648 -0.173648 1.888529 200.000000 1.888529 0.000008 0.003345 0.984808 0.114824 200.000000 0.114824
 14.200000 0.997209 -0.074654 0.975580 -0.219646 1.645520 1.792248 -0.074654 0.997209 -0.219646 0.975580 0.979976 391.990534 -0.173648 -3.960935 200.000000 -3.960935 0.015380 6.152098 0.984808 23.498933 200.000000 23.498933 0.211576 84.630578 -0.173648 1.888529 200.000000 1.888529 0.008516 3.406259 0.984808 0.114824 200.000000 0.114824
 14.400000 0.998079 -0.061952 0.989283 -0.146010 1.632788 1.717330 -0.061952 0.998079 -0.146010 0.989283 1.247610 499.043938 -0.173648 -3.960935 200.000000 -3.960935 0.017613 7.045196 0.984808 23.498933 200.000000 23.498933 0.076386 30.554278 -0.173648 1.888529 200.000000 1.888529 0.002003 0.801143 0.984808 0.114824 200.000000 0.114824
 14.600000 0.976878 -0.213798 0.992657 -0.120963 1.786257 1.692056 -0.213798 0.976878 -0.120963 0.992657 0.161200 64.480160 -0.173648 -3.960935 200.000000 -3.960935 0.006288 2.515301 0.984808 23.498933 200.000000 23.498933 0.277574 111.029421 -0.173648 1.888529 200.000000 1.888529 0.006161 2.464443 0.984808 0.114824 200.000000 0.114824
 14.800000 0.993109 -0.117195 0.963784 -0.266683 1.688261 1.840746 -0.117195 0.993109 -0.266683 0.963784 0.318694 127.477631 -0.173648 -3.960935 200.000000 -3.960935 0.006891 2.756362 0.984808 23.498933 200.000000 23.498933 0.865542 346.216711 -0.173648 1.888529 200.000000 1.888529 0.044198 17.679272 0.984808 0.114824 200.000000 0.114824
 15.000000 0.999739 -0.022833 0.980270 -0.197665 1.593631 1.769771 -0.022833 0.999739 -0.197665 0.980270 2.274516 909.806574 -0.173648 -3.960935 200.000000 -3.960935 0.022295 8.918031 0.984808 23.498933 200.000000 23.498933 0.057679 23.071445 -0.173648 1.888529 200.000000 1.888529 0.002059 0.823749 0.984808 0.114824 200.000000 0.114824
 15.200000 0.986730 -0.162370 0.993219 -0.116254 1.733888 1.687314 -0.162370 0.986730 -0.116254 0.993219 0.012719 5.087786 -0.173648 -3.960935 200.000000 -3.960935 0.000369 0.147790 0.984808 23.498933 200.000000 23.498933 0.329404 131.761427 -0.173648 1.888529 200.000000 1.888529 0.007076 2.830272 0.984808 0.114824 200.000000 0.114824
 15.400000 0.987693 -0.156405 0.993766 -0.111483 1.727846 1.682511 -0.156405 0.987693 -0.111483 0.993766 0.029733 11.893272 -0.173648 -3.960935 200.000000 -3.960935 0.000832 0.332993 0.984808 23.498933 200.000000 23.498933 0.386453 154.581371 -0.173648 1.888529 200.000000 1.888529 0.008026 3.210268 0.984808 0.114824 200.000000 0.114824
 15.600000 0.980102 -0.198492 0.993291 -0.115640 1.770615 1.686695 -0.198492 0.980102 -0.115640 0.993291 0.061722 24.688700 -0.173648 -3.960935 200.000000 -3.960935 0.002214 0.885576 0.984808 23.498933 200.000000 23.498933 0.336498 134.599115 -0.173648 1.888529 200.000000 1.888529 0.007197 2.878769 0.984808 0.114824 200.000000 0.114824
 15.800000 0.990412 -0.138148 0.990743 -0.135750 1.709388 1.706967 -0.138148 0.990412 -0.135750 0.990743 0.126024 50.409571 -0.173648 -3.960935 200.000000 -3.960935 0.003140 1.256102 0.984808 23.498933 200.000000 23.498933 0.143628 57.451345 -0.173648 1.888529 200.000000 1.888529 0.003523 1.409155 0.984808 0.114824 200.000000 0.114824
 16.000000 0.996334 -0.085551 0.984276 -0.176635 1.656452 1.748363 -0.085551 0.996334 -0.176635 0.984276 0.776112 310.444925 -0.173648 -3.960935 200.000000 -3.960935 0.013285 5.313988 0.984808 23.498933 200.000000 23.498933 0.000892 0.356925 -0.173648 1.888529 200.000000 1.888529 0.000028 0.011295 0.984808 0.114824 200.000000 0.114824
 16.200000 0.990471 -0.137719 0.959268 -0.282496 1.708955 1.857192 -0.137719 0.990471 -0.282496 0.959268 0.129087 51.634799 -0.173648 -3.960935 200.000000 -3.960935 0.003208 1.283018 0.984808 23.498933 200.000000 23.498933 1.184792 473.916634 -0.173648 1.888529 200.000000 1.888529 0.065226 26.090372 0.984808 0.114824 200.000000 0.114824
 16.400000 0.990517 -0.137392 0.983356 -0.181691 1.708624 1.753502 -0.137392 0.990517 -0.181691 0.983356 0.131453 52.581035 -0.173648 -3.960935 200.000000 -3.960935 0.003259 1.303721 0.984808 23.498933 200.000000 23.498933 0.006468 2.587243 -0.173648 1.888529 200.000000 1.888529 0.000211 0.084334 0.984808 0.114824 200.000000 0.114824
 16.600000 0.992272 -0.124078 0.983907 -0.178684 1.695195 1.750445 -0.124078 0.992272 -0.178684 0.983907 0.245718 98.287382 -0.173648 -3.960935 200.000000 -3.960935 0.005572 2.228865 0.984808 23.498933 200.000000 23.498933 0.002536 1.014332 -0.173648 1.888529 200.000000 1.888529 0.000081 0.032488 0.984808 0.114824 200.000000 0.114824
 16.800000 0.996457 -0.084105 0.978786 -0.204885 1.655001 1.777143 -0.084105 0.996457 -0.204885 0.978786 0.801798 320.719135 -0.173648 -3.960935 200.000000 -3.960935 0.013570 5.428102 0.984808 23.498933 200.000000 23.498933 0.097575 39.029859 -0.173648 1.888529 200.000000 1.888529 0.003626 1.450447 0.984808 0.114824 200.000000 0.114824
 17.000000 0.997405 -0.071990 0.990420 -0.138090 1.642848 1.709329 -0.071990 0.997405 -0.138090 0.990420 1.033443 413.377190 -0.173648 -3.960935 200.000000 -3.960935 0.015870 6.347998 0.984808 23.498933 200.000000 23.498933 0.126437 50.574953 -0.173648 1.888529 200.000000 1.888529 0.003149 1.259742 0.984808 0.114824 200.000000 0.114824
 17.200000 0.988260 -0.152778 0.987550 -0.157302 1.724175 1.728755 -0.152778 0.988260 -0.157302 0.987550 0.043555 17.421956 -0.173648 -3.960935 200.000000 -3.960935 0.001192 0.476852 0.984808 23.498933 200.000000 23.498933 0.026719 10.687440 -0.173648 1.888529 200.000000 1.888529 0.000752 0.300904 0.984808 0.114824 200.000000 0.114824
 17.400000 0.992751 -0.120186 0.986883 -0.161434 1.691273 1.732940 -0.120186 0.992751 -0.161434 0.986883 0.285825 114.330084 -0.173648 -3.960935 200.000000 -3.960935 0.006310 2.524090 0.984808 23.498933 200.000000 23.498933 0.014918 5.967378 -0.173648 1.888529 200.000000 1.888529 0.000431 0.172349 0.984808 0.114824 200.000000 0.114824
 17.600000 0.996070 -0.088566 0.993642 -0.112583 1.659479 1.683618 -0.088566 0.996070 -0.112583 0.993642 0.723893 289.557023 -0.173648 -3.960935 200.000000 -3.960935 0.012684 5.073784 0.984808 23.498933 200.000000 23.498933 0.372900 149.160104 -0.173648 1.888529 200.000000 1.888529 0.007805 3.122016 0.984808 0.114824 200.000000 0.114824
 17.800000 0.985748 -0.168230 0.983288 -0.182055 1.739830 1.753872 -0.168230 0.985748 -0.182055 0.983288 0.002936 1.174316 -0.173648 -3.960935 200.000000 -3.960935 0.000088 0.035347 0.984808 23.498933 200.000000 23.498933 0.007068 2.827015 -0.173648 1.888529 200.000000 1.888529 0.000231 0.092345 0.984808 0.114824 200.000000 0.114824
 18.000000 0.994422 -0.105479 0.986536 -0.163546 1.676472 1.735081 -0.105479 0.994422 -0.163546 0.986536 0.464709 185.883524 -0.173648 -3.960935 200.000000 -3.960935 0.009243 3.697020 0.984808 23.498933 200.000000 23.498933 0.010205 4.081852 -0.173648 1.888529 200.000000 1.888529 0.000299 0.119425 0.984808 0.114824 200.000000 0.114824
 18.200000 0.995031 -0.099566 0.990759 -0.135632 1.670527 1.706847 -0.099566 0.995031 -0.135632 0.990759 0.548823 219.529250 -0.173648 -3.960935 200.000000 -3.960935 0.010451 4.180593 0.984808 23.498933 200.000000 23.498933 0.144526 57.810311 -0.173648 1.888529 200.000000 1.888529 0.003542 1.416853 0.984808 0.114824 200.000000 0.114824
 18.400000 0.990438 -0.137960 0.987554 -0.157282 1.709198 1.728734 -0.137960 0.990438 -0.157282 0.987554 0.127366 50.946516 -0.173648 -3.960935 200.000000 -3.960935 0.003170 1.267913 0.984808 23.498933 200.000000 23.498933 0.026786 10.714235 -0.173648 1.888529 200.000000 1.888529 0.000754 0.301620 0.984808 0.114824 200.000000 0.114824
 18.600000 0.997150 -0.075442 0.996255 -0.086469 1.646310 1.657374 -0.075442 0.997150 -0.086469 0.996255 0.964446 385.778479 -0.173648 -3.960935 200.000000 -3.960935 0.015234 6.093435 0.984808 23.498933 200.000000 23.498933 0.760016 304.006251 -0.173648 1.888529 200.000000 1.888529 0.013103 5.241135 0.984808 0.114824 200.000000 0.114824
 18.800000 0.995692 -0.092727 0.966179 -0.257871 1.663656 1.831615 -0.092727 0.995692 -0.257871 0.966179 0.654828 261.931166 -0.173648 -3.960935 200.000000 -3.960935 0.011846 4.738320 0.984808 23.498933 200.000000 23.498933 0.709356 283.742208 -0.173648 1.888529 200.000000 1.888529 0.034702 13.880856 0.984808 0.114824 200.000000 0.114824
 19.000000 0.995876 -0.090728 0.969082 -0.246740 1.661649 1.820111 -0.090728 0.995876 -0.246740 0.969082 0.687573 275.029235 -0.173648 -3.960935 200.000000 -3.960935 0.012250 4.899975 0.984808 23.498933 200.000000 23.498933 0.534243 213.697131 -0.173648 1.888529 200.000000 1.888529 0.024731 9.892360 0.984808 0.114824 200.000000 0.114824
 19.200000 0.999666 -0.025858 0.986592 -0.163206 1.596657 1.734736 -0.025858 0.999666 -0.163206 0.986592 2.184196 873.678391 -0.173648 -3.960935 200.000000 -3.960935 0.022076 8.830258 0.984808 23.498933 200.000000 23.498933 0.010903 4.361226 -0.173648 1.888529 200.000000 1.888529 0.000318 0.127334 0.984808 0.114824 200.000000 0.114824
 19.400000 0.990324 -0.138776 0.980414 -0.196947 1.710022 1.769039 -0.138776 0.990324 -0.196947 0.980414 0.121606 48.642542 -0.173648 -3.960935 200.000000 -3.960935 0.003043 1.217065 0.984808 23.498933 200.000000 23.498933 0.054284 21.713447 -0.173648 1.888529 200.000000 1.888529 0.001930 0.772156 0.984808 0.114824 200.000000 0.114824
 19.600000 0.994893 -0.100936 0.996644 -0.081858 1.671905 1.652746 -0.100936 0.994893 -0.081858 0.996644 0.528699 211.479775 -0.173648 -3.960935 200.000000 -3.960935 0.010171 4.068387 0.984808 23.498933 200.000000 23.498933 0.842548 337.019013 -0.173648 1.888529 200.000000 1.888529 0.014010 5.603888 0.984808 0.114824 200.000000 0.114824
 19.800000 0.993240 -0.116082 0.997718 -0.067516 1.687141 1.638364 -0.116082 0.993240 -0.067516 0.997718 0.331381 132.552291 -0.173648 -3.960935 200.000000 -3.960935 0.007110 2.843825 0.984808 23.498933 200.000000 23.498933 1.126405 450.561811 -0.173648 1.888529 200.000000 1.888529 0.016668 6.667179 0.984808 0.114824 200.000000 0.114824
 20.000000 0.983553 -0.180619 0.999555 -0.029836 1.752412 1.600636 -0.180619 0.983553 -0.029836 0.999555 0.004860 1.943892 -0.173648 -3.960935 200.000000 -3.960935 0.000157 0.062969 0.984808 23.498933 200.000000 23.498933 2.068204 827.281415 -0.173648 1.888529 200.000000 1.888529 0.021748 8.699036 0.984808 0.114824 200.000000 0.114824
