#! FIELDS time sin_phi cos_phi sin_psi cos_psi phi psi cos_phi sin_phi cos_psi sin_psi restraint_phi_cos.bias restraint_phi_cos.force2 restraint_phi_cos.cos_phi_cntr restraint_phi_cos.cos_phi_work restraint_phi_cos.cos_phi_kappa restraint_phi_cos.work restraint_phi_sin.bias restraint_phi_sin.force2 restraint_phi_sin.sin_phi_cntr restraint_phi_sin.sin_phi_work restraint_phi_sin.sin_phi_kappa restraint_phi_sin.work restraint_psi_cos.bias restraint_psi_cos.force2 restraint_psi_cos.cos_psi_cntr restraint_psi_cos.cos_psi_work restraint_psi_cos.cos_psi_kappa restraint_psi_cos.work restraint_psi_sin.bias restraint_psi_sin.force2 restraint_psi_sin.sin_psi_cntr restraint_psi_sin.sin_psi_work restraint_psi_sin.sin_psi_kappa restraint_psi_sin.work
#! SET min_phi -pi
#! SET max_phi pi
#! SET min_psi -pi
#! SET max_psi pi
 0.000000 -0.999983 -0.005782 0.966116 0.258110 -1.576579 1.309731 -0.005782 -0.999983 0.258110 0.966116 0.000000 0.000000 -0.009747 0.000000 0.000000 0.000000 0.000000 0.000000 -0.999953 0.000000 0.000000 0.000000 0.000000 0.000000 0.256142 0.000000 0.000000 0.000000 0.000000 0.000000 0.966639 0.000000 0.000000 0.000000
 0.200000 -1.000000 -0.000266 0.834656 0.550772 -1.571062 0.987508 -0.000266 -1.000000 0.550772 0.834656 0.000899 0.035955 -0.009747 0.429321 20.000000 0.429321 0.000000 0.000001 -0.999953 0.008204 20.000000 0.008204 0.868065 34.722587 0.256142 0.437497 20.000000 0.437497 0.174196 6.967822 0.966639 0.079186 20.000000 0.079186
 0.400000 -0.998237 0.059346 0.982967 0.183784 -1.511415 1.385962 0.059346 -0.998237 0.183784 0.982967 0.095476 7.638063 -0.009747 0.576152 40.000000 0.576152 0.000059 0.004706 -0.999953 0.009175 40.000000 0.009175 0.104715 8.377184 0.256142 0.652623 40.000000 0.652623 0.005332 0.426545 0.966639 0.103853 40.000000 0.103853
 0.600000 -0.997905 0.064694 0.969726 0.244195 -1.506057 1.324107 0.064694 -0.997905 0.244195 0.969726 0.166241 19.948918 -0.009747 0.652738 60.000000 0.652738 0.000126 0.015090 -0.999953 0.009549 60.000000 0.009549 0.004282 0.513884 0.256142 0.812950 60.000000 0.812950 0.000286 0.034310 0.966639 0.126978 60.000000 0.126978
 0.800000 -0.999998 0.001900 0.948099 0.317977 -1.568897 1.247202 0.001900 -0.999998 0.317977 0.948099 0.005425 0.868058 -0.009747 0.745436 80.000000 0.745436 0.000000 0.000013 -0.999953 0.009931 80.000000 0.009931 0.152938 24.470136 0.256142 0.870390 80.000000 0.870390 0.013750 2.199994 0.966639 0.131256 80.000000 0.131256
 1.000000 -0.997907 -0.064664 0.983714 0.179740 -1.635505 1.390074 -0.064664 -0.997907 0.179740 0.983714 0.150795 30.158950 -0.009747 0.830200 100.000000 0.830200 0.000209 0.041836 -0.999953 0.010215 100.000000 0.010215 0.291866 58.373296 0.256142 0.906285 100.000000 0.906285 0.014578 2.915589 0.966639 0.133900 100.000000 0.133900
 1.200000 -0.998632 0.052283 0.985233 0.171221 -1.518489 1.398728 0.052283 -0.998632 0.171221 0.985233 0.230861 55.406593 -0.009747 0.926076 120.000000 0.926076 0.000105 0.025098 -0.999953 0.010632 120.000000 0.010632 0.432703 103.848639 0.256142 0.992002 120.000000 0.992002 0.020743 4.978426 0.966639 0.141239 120.000000 0.141239
 1.400000 -0.999099 0.042450 0.979951 0.199238 -1.528334 1.370216 0.042450 -0.999099 0.199238 0.979951 0.190711 53.399045 -0.009747 0.960891 140.000000 0.960891 0.000051 0.014291 -0.999953 0.010712 140.000000 0.010712 0.226664 63.465860 0.256142 1.092922 140.000000 1.092922 0.012405 3.473287 0.966639 0.149514 140.000000 0.149514
 1.600000 -0.999952 0.009788 0.961509 0.274775 -1.561008 1.292441 0.009788 -0.999952 0.274775 0.961509 0.030528 9.768983 -0.009747 1.007034 160.000000 1.007034 0.000000 0.000000 -0.999953 0.010844 160.000000 0.010844 0.027774 8.887593 0.256142 1.162404 160.000000 1.162404 0.002106 0.673841 0.966639 0.156247 160.000000 0.156247
 1.800000 -0.999822 -0.018890 0.970255 0.242087 -1.589688 1.326281 -0.018890 -0.999822 0.242087 0.970255 0.007525 2.709001 -0.009747 1.052059 180.000000 1.052059 0.000002 0.000556 -0.999953 0.010933 180.000000 0.010933 0.017781 6.401157 0.256142 1.193843 180.000000 1.193843 0.001177 0.423550 0.966639 0.158902 180.000000 0.158902
 2.000000 -0.987244 0.159215 0.942677 0.333708 -1.410901 1.230562 0.159215 -0.987244 0.333708 0.942677 2.854784 1141.913410 -0.009747 1.082091 200.000000 1.082091 0.016151 6.460231 -0.999953 0.011014 200.000000 0.011014 0.601639 240.655703 0.256142 1.219996 200.000000 1.219996 0.057420 22.968050 0.966639 0.161398 200.000000 0.161398
 2.200000 -0.983086 0.183146 0.891693 0.452640 -1.386611 1.101072 0.183146 -0.983086 0.452640 0.891693 0.887443 354.977350 0.088942 0.769352 200.000000 0.769352 0.000299 0.119539 -0.984814 0.023133 200.000000 0.023133 2.062763 825.105055 0.309017 1.458897 200.000000 1.458897 0.352400 140.959913 0.951057 0.173801 200.000000 0.173801
 2.400000 -0.975218 0.221246 0.914270 0.405104 -1.347704 1.153703 0.221246 -0.975218 0.405104 0.914270 0.113002 45.200799 0.187630 0.498352 200.000000 0.498352 0.003071 1.228405 -0.969676 0.053320 200.000000 0.053320 0.923279 369.311621 0.309017 1.458897 200.000000 1.458897 0.135322 54.128643 0.951057 0.173801 200.000000 0.173801
 2.600000 -0.990323 0.138784 0.925473 0.378813 -1.431563 1.182283 0.138784 -0.990323 0.378813 0.925473 2.176636 870.654431 0.286319 0.670673 200.000000 0.670673 0.128052 51.220778 -0.954538 0.082496 200.000000 0.082496 0.487149 194.859793 0.309017 1.458897 200.000000 1.458897 0.065451 26.180243 0.951057 0.173801 200.000000 0.173801
 2.800000 -0.976041 0.217587 0.953686 0.300803 -1.351455 1.265261 0.217587 -0.976041 0.300803 0.953686 0.835941 334.376421 0.309017 0.803703 200.000000 0.803703 0.062422 24.968756 -0.951057 0.086953 200.000000 0.086953 0.006746 2.698553 0.309017 1.458897 200.000000 1.458897 0.000692 0.276606 0.951057 0.173801 200.000000 0.173801
 3.000000 -0.968756 0.248017 0.932343 0.361575 -1.320163 1.200840 0.248017 -0.968756 0.361575 0.932343 0.372097 148.838713 0.309017 0.803703 200.000000 0.803703 0.031326 12.530322 -0.951057 0.086953 200.000000 0.086953 0.276231 110.492439 0.309017 1.458897 200.000000 1.458897 0.035019 14.007606 0.951057 0.173801 200.000000 0.173801
 3.200000 -0.983730 0.179656 0.947659 0.319284 -1.390160 1.245823 0.179656 -0.983730 0.319284 0.947659 1.673430 669.371852 0.309017 0.803703 200.000000 0.803703 0.106752 42.700999 -0.951057 0.086953 200.000000 0.086953 0.010541 4.216367 0.309017 1.458897 200.000000 1.458897 0.001154 0.461694 0.951057 0.173801 200.000000 0.173801
 3.400000 -0.965752 0.259468 0.929694 0.368333 -1.308325 1.193581 0.259468 -0.965752 0.368333 0.929694 0.245507 98.202937 0.309017 0.803703 200.000000 0.803703 0.021595 8.637850 -0.951057 0.086953 200.000000 0.086953 0.351836 140.734470 0.309017 1.458897 200.000000 1.458897 0.045636 18.254253 0.951057 0.173801 200.000000 0.173801
 3.600000 -0.971735 0.236073 0.932049 0.362331 -1.332473 1.200028 0.236073 -0.971735 0.362331 0.932049 0.532079 212.831556 0.309017 0.803703 200.000000 0.803703 0.042761 17.104419 -0.951057 0.086953 200.000000 0.086953 0.284242 113.696976 0.309017 1.458897 200.000000 1.458897 0.036127 14.450915 0.951057 0.173801 200.000000 0.173801
 3.800000 -0.974107 0.226085 0.922281 0.386520 -1.342739 1.173941 0.226085 -0.974107 0.386520 0.922281 0.687764 275.105413 0.309017 0.803703 200.000000 0.803703 0.053135 21.253850 -0.951057 0.086953 200.000000 0.086953 0.600675 240.270167 0.309017 1.458897 200.000000 1.458897 0.082803 33.121394 0.951057 0.173801 200.000000 0.173801
 4.000000 -0.960843 0.277092 0.945120 0.326725 -1.290030 1.237960 0.277092 -0.960843 0.326725 0.945120 0.101921 40.768462 0.309017 0.803703 200.000000 0.803703 0.009578 3.831339 -0.951057 0.086953 200.000000 0.086953 0.031356 12.542565 0.309017 1.458897 200.000000 1.458897 0.003525 1.409907 0.951057 0.173801 200.000000 0.173801
 4.200000 -0.974903 0.222632 0.939587 0.342310 -1.346283 1.221422 0.222632 -0.974903 0.342310 0.939587 0.746242 298.496802 0.309017 0.803703 200.000000 0.803703 0.056864 22.745476 -0.951057 0.086953 200.000000 0.086953 0.110839 44.335719 0.309017 1.458897 200.000000 1.458897 0.013154 5.261770 0.951057 0.173801 200.000000 0.173801
 4.400000 -0.960639 0.277800 0.938760 0.344573 -1.289293 1.219013 0.277800 -0.960639 0.344573 0.938760 0.097449 38.979691 0.309017 0.803703 200.000000 0.803703 0.009182 3.672878 -0.951057 0.086953 200.000000 0.086953 0.126420 50.568026 0.309017 1.458897 200.000000 1.458897 0.015121 6.048492 0.951057 0.173801 200.000000 0.173801
 4.600000 -0.954736 0.297455 0.912935 0.408105 -1.268771 1.150419 0.297455 -0.954736 0.408105 0.912935 0.013369 5.347616 0.309017 0.803703 200.000000 0.803703 0.001354 0.541539 -0.951057 0.086953 200.000000 0.086953 0.981841 392.736485 0.309017 1.458897 200.000000 1.458897 0.145325 58.129866 0.951057 0.173801 200.000000 0.173801
 4.800000 -0.936740 0.350026 0.958436 0.285307 -1.213197 1.281469 0.350026 -0.936740 0.285307 0.958436 0.168176 67.270413 0.309017 0.803703 200.000000 0.803703 0.020497 8.198637 -0.951057 0.086953 200.000000 0.086953 0.056214 22.485792 0.309017 1.458897 200.000000 1.458897 0.005446 2.178308 0.951057 0.173801 200.000000 0.173801
 5.000000 -0.961325 0.275416 0.935188 0.354150 -1.291774 1.208791 0.275416 -0.961325 0.354150 0.935188 0.112905 45.161946 0.309017 0.803703 200.000000 0.803703 0.010545 4.217863 -0.951057 0.086953 200.000000 0.086953 0.203703 81.481068 0.309017 1.458897 200.000000 1.458897 0.025179 10.071795 0.951057 0.173801 200.000000 0.173801
 5.200000 -0.943453 0.331507 0.920666 0.390352 -1.232896 1.169783 0.331507 -0.943453 0.390352 0.920666 0.050579 20.231623 0.309017 0.803703 200.000000 0.803703 0.005782 2.312638 -0.951057 0.086953 200.000000 0.086953 0.661531 264.612218 0.309017 1.458897 200.000000 1.458897 0.092359 36.943596 0.951057 0.173801 200.000000 0.173801
 5.400000 -0.950829 0.309715 0.938426 0.345481 -1.255903 1.218045 0.309715 -0.950829 0.345481 0.938426 0.000049 0.019495 0.309017 0.803703 200.000000 0.803703 0.000005 0.002063 -0.951057 0.086953 200.000000 0.086953 0.132961 53.184391 0.309017 1.458897 200.000000 1.458897 0.015953 6.381384 0.951057 0.173801 200.000000 0.173801
 5.600000 -0.968844 0.247672 0.931478 0.363798 -1.320519 1.198455 0.247672 -0.968844 0.363798 0.931478 0.376316 150.526510 0.309017 0.803703 200.000000 0.803703 0.031639 12.655563 -0.951057 0.086953 200.000000 0.086953 0.300091 120.036207 0.309017 1.458897 200.000000 1.458897 0.038332 15.332643 0.951057 0.173801 200.000000 0.173801
 5.800000 -0.983134 0.182889 0.944256 0.329212 -1.386872 1.235327 0.182889 -0.983134 0.329212 0.944256 1.590834 636.333510 0.309017 0.803703 200.000000 0.803703 0.102894 41.157618 -0.951057 0.086953 200.000000 0.086953 0.040786 16.314214 0.309017 1.458897 200.000000 1.458897 0.004625 1.849942 0.951057 0.173801 200.000000 0.173801
 6.000000 -0.952125 0.305708 0.969229 0.246162 -1.260115 1.322078 0.305708 -0.952125 0.246162 0.969229 0.001095 0.438020 0.309017 0.803703 200.000000 0.803703 0.000114 0.045698 -0.951057 0.086953 200.000000 0.086953 0.395076 158.030283 0.309017 1.458897 200.000000 1.458897 0.033023 13.209148 0.951057 0.173801 200.000000 0.173801
 6.200000 -0.952757 0.303735 0.960989 0.276586 -1.262186 1.290557 0.303735 -0.952757 0.276586 0.960989 0.002790 1.116000 0.309017 0.803703 200.000000 0.803703 0.000289 0.115607 -0.951057 0.086953 200.000000 0.086953 0.105177 42.070689 0.309017 1.458897 200.000000 1.458897 0.009866 3.946297 0.951057 0.173801 200.000000 0.173801
 6.400000 -0.959742 0.280882 0.946268 0.323383 -1.286084 1.241494 0.280882 -0.959742 0.323383 0.946268 0.079160 31.664133 0.309017 0.803703 200.000000 0.803703 0.007545 3.017813 -0.951057 0.086953 200.000000 0.086953 0.020637 8.254808 0.309017 1.458897 200.000000 1.458897 0.002293 0.917079 0.951057 0.173801 200.000000 0.173801
 6.600000 -0.954643 0.297753 0.952679 0.303979 -1.268459 1.261930 0.297753 -0.954643 0.303979 0.952679 0.012688 5.075358 0.309017 0.803703 200.000000 0.803703 0.001286 0.514524 -0.951057 0.086953 200.000000 0.086953 0.002538 1.015275 0.309017 1.458897 200.000000 1.458897 0.000263 0.105265 0.951057 0.173801 200.000000 0.173801
 6.800000 -0.963677 0.267069 0.962782 0.270280 -1.300446 1.297113 0.267069 -0.963677 0.270280 0.962782 0.175960 70.384142 0.309017 0.803703 200.000000 0.803703 0.015928 6.371375 -0.951057 0.086953 200.000000 0.086953 0.150057 60.022614 0.309017 1.458897 200.000000 1.458897 0.013748 5.499292 0.951057 0.173801 200.000000 0.173801
 7.000000 -0.965627 0.259931 0.941829 0.336094 -1.307845 1.228030 0.259931 -0.965627 0.336094 0.941829 0.240942 96.376601 0.309017 0.803703 200.000000 0.803703 0.021230 8.492121 -0.951057 0.086953 200.000000 0.086953 0.073314 29.325575 0.309017 1.458897 200.000000 1.458897 0.008515 3.406170 0.951057 0.173801 200.000000 0.173801
 7.200000 -0.970049 0.242910 0.957095 0.289775 -1.325432 1.276805 0.242910 -0.970049 0.289775 0.957095 0.437016 174.806503 0.309017 0.803703 200.000000 0.803703 0.036071 14.428399 -0.951057 0.086953 200.000000 0.086953 0.037027 14.810733 0.309017 1.458897 200.000000 1.458897 0.003646 1.458486 0.951057 0.173801 200.000000 0.173801
 7.400000 -0.948986 0.315319 0.953667 0.300863 -1.250004 1.265199 0.315319 -0.948986 0.300863 0.953667 0.003971 1.588446 0.309017 0.803703 200.000000 0.803703 0.000429 0.171507 -0.951057 0.086953 200.000000 0.086953 0.006648 2.659326 0.309017 1.458897 200.000000 1.458897 0.000682 0.272644 0.951057 0.173801 200.000000 0.173801
 7.600000 -0.942575 0.333994 0.937695 0.347458 -1.230259 1.215937 0.333994 -0.942575 0.347458 0.937695 0.062384 24.953774 0.309017 0.803703 200.000000 0.803703 0.007193 2.877278 -0.951057 0.086953 200.000000 0.086953 0.147774 59.109634 0.309017 1.458897 200.000000 1.458897 0.017852 7.140775 0.951057 0.173801 200.000000 0.173801
 7.800000 -0.949726 0.313082 0.926807 0.375538 -1.252360 1.185820 0.313082 -0.949726 0.375538 0.926807 0.001652 0.660947 0.309017 0.803703 200.000000 0.803703 0.000177 0.070798 -0.951057 0.086953 200.000000 0.086953 0.442499 176.999722 0.309017 1.458897 200.000000 1.458897 0.058803 23.521264 0.951057 0.173801 200.000000 0.173801
 8.000000 -0.935948 0.352139 0.948645 0.316342 -1.210941 1.248925 0.352139 -0.935948 0.316342 0.948645 0.185947 74.378992 0.309017 0.803703 200.000000 0.803703 0.022827 9.130864 -0.951057 0.086953 200.000000 0.086953 0.005366 2.146456 0.309017 1.458897 200.000000 1.458897 0.000582 0.232600 0.951057 0.173801 200.000000 0.173801
 8.200000 -0.939915 0.341408 0.939299 0.343101 -1.222382 1.220580 0.341408 -0.939915 0.343101 0.939299 0.104915 41.965923 0.309017 0.803703 200.000000 0.803703 0.012413 4.965014 -0.951057 0.086953 200.000000 0.086953 0.116171 46.468527 0.309017 1.458897 200.000000 1.458897 0.013825 5.529990 0.951057 0.173801 200.000000 0.173801
 8.400000 -0.965694 0.259683 0.954500 0.298211 -1.308102 1.267979 0.259683 -0.965694 0.298211 0.954500 0.243382 97.352694 0.309017 0.803703 200.000000 0.803703 0.021425 8.570057 -0.951057 0.086953 200.000000 0.086953 0.011677 4.670861 0.309017 1.458897 200.000000 1.458897 0.001186 0.474304 0.951057 0.173801 200.000000 0.173801
 8.600000 -0.961651 0.274274 0.969378 0.245574 -1.292961 1.322685 0.274274 -0.961651 0.245574 0.969378 0.120705 48.281958 0.309017 0.803703 200.000000 0.803703 0.011225 4.490127 -0.951057 0.086953 200.000000 0.086953 0.402504 161.001562 0.309017 1.458897 200.000000 1.458897 0.033567 13.426921 0.951057 0.173801 200.000000 0.173801
 8.800000 -0.953374 0.301791 0.943256 0.332067 -1.264226 1.232302 0.301791 -0.953374 0.332067 0.943256 0.005222 2.088779 0.309017 0.803703 200.000000 0.803703 0.000537 0.214868 -0.951057 0.086953 200.000000 0.086953 0.053130 21.252044 0.309017 1.458897 200.000000 1.458897 0.006085 2.434038 0.951057 0.173801 200.000000 0.173801
 9.000000 -0.947324 0.320276 0.964029 0.265797 -1.244775 1.301765 0.320276 -0.947324 0.265797 0.964029 0.012677 5.070784 0.309017 0.803703 200.000000 0.803703 0.001393 0.557204 -0.951057 0.086953 200.000000 0.086953 0.186794 74.717629 0.309017 1.458897 200.000000 1.458897 0.016828 6.731346 0.951057 0.173801 200.000000 0.173801
 9.200000 -0.913856 0.406037 0.965742 0.259504 -1.152683 1.308288 0.406037 -0.913856 0.259504 0.965742 0.941298 376.519009 0.309017 0.803703 200.000000 0.803703 0.138385 55.353877 -0.951057 0.086953 200.000000 0.086953 0.245152 98.060823 0.309017 1.458897 200.000000 1.458897 0.021566 8.626525 0.951057 0.173801 200.000000 0.173801
 9.400000 -0.969590 0.244736 0.928736 0.370742 -1.323549 1.190989 0.244736 -0.969590 0.370742 0.928736 0.413200 165.280084 0.309017 0.803703 200.000000 0.803703 0.034348 13.739107 -0.951057 0.086953 200.000000 0.086953 0.380996 152.398572 0.309017 1.458897 200.000000 1.458897 0.049821 19.928329 0.951057 0.173801 200.000000 0.173801
 9.600000 -0.968527 0.248907 0.971485 0.237100 -1.319245 1.331416 0.248907 -0.968527 0.237100 0.971485 0.361318 144.527362 0.309017 0.803703 200.000000 0.803703 0.030523 12.209175 -0.951057 0.086953 200.000000 0.086953 0.517201 206.880265 0.309017 1.458897 200.000000 1.458897 0.041733 16.693194 0.951057 0.173801 200.000000 0.173801
 9.800000 -0.939678 0.342060 0.960222 0.279236 -1.221688 1.287798 0.342060 -0.939678 0.279236 0.960222 0.109187 43.674714 0.309017 0.803703 200.000000 0.803703 0.012947 5.178861 -0.951057 0.086953 200.000000 0.086953 0.088688 35.475367 0.309017 1.458897 200.000000 1.458897 0.008401 3.360529 0.951057 0.173801 200.000000 0.173801
 10.000000 -0.983355 0.181695 0.969572 0.244808 -1.388086 1.323474 0.181695 -0.983355 0.244808 0.969572 1.621086 648.434364 0.309017 0.803703 200.000000 0.803703 0.104319 41.727454 -0.951057 0.086953 200.000000 0.086953 0.412277 164.910801 0.309017 1.458897 200.000000 1.458897 0.034281 13.712226 0.951057 0.173801 200.000000 0.173801
 10.200000 -0.944212 0.329338 0.980516 0.196439 -1.235194 1.373072 0.329338 -0.944212 0.196439 0.980516 0.041294 16.517496 0.309017 0.803703 200.000000 0.803703 0.004685 1.873816 -0.951057 0.086953 200.000000 0.086953 1.267381 506.952225 0.309017 1.458897 200.000000 1.458897 0.086786 34.714561 0.951057 0.173801 200.000000 0.173801
 10.400000 -0.964713 0.263303 0.981026 0.193874 -1.304352 1.375687 0.263303 -0.964713 0.193874 0.981026 0.208978 83.591219 0.309017 0.803703 200.000000 0.803703 0.018651 7.460221 -0.951057 0.086953 200.000000 0.086953 1.325795 530.318015 0.309017 1.458897 200.000000 1.458897 0.089820 35.927933 0.951057 0.173801 200.000000 0.173801
 10.600000 -0.943177 0.332290 0.950201 0.311636 -1.232066 1.253882 0.332290 -0.943177 0.311636 0.950201 0.054161 21.664492 0.309017 0.803703 200.000000 0.803703 0.006208 2.483205 -0.951057 0.086953 200.000000 0.086953 0.000686 0.274453 0.309017 1.458897 200.000000 1.458897 0.000073 0.029247 0.951057 0.173801 200.000000 0.173801
 10.800000 -0.924422 0.381371 0.970083 0.242775 -1.179517 1.325571 0.381371 -0.924422 0.242775 0.970083 0.523510 209.403918 0.309017 0.803703 200.000000 0.803703 0.070939 28.375727 -0.951057 0.086953 200.000000 0.086953 0.438796 175.518584 0.309017 1.458897 200.000000 1.458897 0.036199 14.479606 0.951057 0.173801 200.000000 0.173801
 11.000000 -0.924688 0.380726 0.955159 0.296094 -1.180215 1.270196 0.380726 -0.924688 0.296094 0.955159 0.514217 205.686938 0.309017 0.803703 200.000000 0.803703 0.069530 27.812108 -0.951057 0.086953 200.000000 0.086953 0.016701 6.680363 0.309017 1.458897 200.000000 1.458897 0.001683 0.673172 0.951057 0.173801 200.000000 0.173801
 11.200000 -0.911042 0.412313 0.960558 0.278079 -1.145805 1.289003 0.412313 -0.911042 0.278079 0.960558 1.067000 426.799983 0.309017 0.803703 200.000000 0.803703 0.160113 64.045188 -0.951057 0.086953 200.000000 0.086953 0.095718 38.287056 0.309017 1.458897 200.000000 1.458897 0.009028 3.611345 0.951057 0.173801 200.000000 0.173801
 11.400000 -0.931115 0.364726 0.953182 0.302396 -1.197458 1.263591 0.364726 -0.931115 0.302396 0.953182 0.310347 124.138629 0.309017 0.803703 200.000000 0.803703 0.039766 15.906578 -0.951057 0.086953 200.000000 0.086953 0.004384 1.753542 0.309017 1.458897 200.000000 1.458897 0.000452 0.180777 0.951057 0.173801 200.000000 0.173801
 11.600000 -0.946830 0.321734 0.972722 0.231973 -1.243236 1.336690 0.321734 -0.946830 0.231973 0.972722 0.016172 6.468662 0.309017 0.803703 200.000000 0.803703 0.001786 0.714479 -0.951057 0.086953 200.000000 0.086953 0.593571 237.428212 0.309017 1.458897 200.000000 1.458897 0.046940 18.775925 0.951057 0.173801 200.000000 0.173801
 11.800000 -0.962231 0.272235 0.978150 0.207901 -1.295082 1.361367 0.272235 -0.962231 0.207901 0.978150 0.135295 54.117972 0.309017 0.803703 200.000000 0.803703 0.012487 4.994699 -0.951057 0.086953 200.000000 0.086953 1.022437 408.974720 0.309017 1.458897 200.000000 1.458897 0.073405 29.361825 0.951057 0.173801 200.000000 0.173801
 12.000000 -0.930266 0.366885 0.976229 0.216742 -1.195138 1.352320 0.366885 -0.930266 0.216742 0.976229 0.334876 133.950279 0.309017 0.803703 200.000000 0.803703 0.043224 17.289605 -0.951057 0.086953 200.000000 0.086953 0.851468 340.587188 0.309017 1.458897 200.000000 1.458897 0.063365 25.346010 0.951057 0.173801 200.000000 0.173801
 12.200000 -0.945025 0.326999 0.973303 0.229525 -1.237670 1.339207 0.326999 -0.945025 0.229525 0.973303 0.032335 12.934019 0.309017 0.803703 200.000000 0.803703 0.003638 1.455310 -0.951057 0.086953 200.000000 0.086953 0.631903 252.761124 0.309017 1.458897 200.000000 1.458897 0.049490 19.795960 0.951057 0.173801 200.000000 0.173801
 12.400000 -0.946062 0.323985 0.940288 0.340380 -1.240857 1.223475 0.323985 -0.946062 0.340380 0.940288 0.022405 8.961987 0.309017 0.803703 200.000000 0.803703 0.002494 0.997759 -0.951057 0.086953 200.000000 0.086953 0.098364 39.345448 0.309017 1.458897 200.000000 1.458897 0.011596 4.638459 0.951057 0.173801 200.000000 0.173801
 12.600000 -0.942212 0.335018 0.946307 0.323268 -1.229172 1.241616 0.335018 -0.942212 0.323268 0.946307 0.067605 27.041823 0.309017 0.803703 200.000000 0.803703 0.007823 3.129179 -0.951057 0.086953 200.000000 0.086953 0.020309 8.123534 0.309017 1.458897 200.000000 1.458897 0.002255 0.902130 0.951057 0.173801 200.000000 0.173801
 12.800000 -0.923324 0.384022 0.949018 0.315223 -1.176648 1.250105 0.384022 -0.923324 0.315223 0.949018 0.562574 225.029725 0.309017 0.803703 200.000000 0.803703 0.076909 30.763778 -0.951057 0.086953 200.000000 0.086953 0.003852 1.540663 0.309017 1.458897 200.000000 1.458897 0.000416 0.166291 0.951057 0.173801 200.000000 0.173801
 13.000000 -0.950263 0.311448 0.942637 0.333819 -1.254080 1.230445 0.311448 -0.950263 0.333819 0.942637 0.000591 0.236313 0.309017 0.803703 200.000000 0.803703 0.000063 0.025166 -0.951057 0.086953 200.000000 0.086953 0.061512 24.604960 0.309017 1.458897 200.000000 1.458897 0.007088 2.835327 0.951057 0.173801 200.000000 0.173801
 13.200000 -0.976896 0.213717 0.948074 0.318050 -1.355418 1.247125 0.213717 -0.976896 0.318050 0.948074 0.908205 363.282079 0.309017 0.803703 200.000000 0.803703 0.066766 26.706275 -0.951057 0.086953 200.000000 0.086953 0.008159 3.263646 0.309017 1.458897 200.000000 1.458897 0.000890 0.355812 0.951057 0.173801 200.000000 0.173801
 13.400000 -0.965202 0.261505 0.960873 0.276988 -1.306215 1.290138 0.261505 -0.965202 0.276988 0.960873 0.225740 90.296040 0.309017 0.803703 200.000000 0.803703 0.020010 8.003962 -0.951057 0.086953 200.000000 0.086953 0.102584 41.033694 0.309017 1.458897 200.000000 1.458897 0.009637 3.854781 0.951057 0.173801 200.000000 0.173801
 13.600000 -0.977780 0.209635 0.975694 0.219135 -1.359595 1.349868 0.209635 -0.977780 0.219135 0.975694 0.987686 395.074490 0.309017 0.803703 200.000000 0.803703 0.071413 28.565357 -0.951057 0.086953 200.000000 0.086953 0.807869 323.147492 0.309017 1.458897 200.000000 1.458897 0.060703 24.281094 0.951057 0.173801 200.000000 0.173801
 13.800000 -0.941593 0.336752 0.945653 0.325177 -1.227331 1.239598 0.336752 -0.941593 0.325177 0.945653 0.076923 30.769383 0.309017 0.803703 200.000000 0.803703 0.008955 3.582059 -0.951057 0.086953 200.000000 0.086953 0.026114 10.445725 0.309017 1.458897 200.000000 1.458897 0.002920 1.167834 0.951057 0.173801 200.000000 0.173801
 14.000000 -0.951628 0.307252 0.952017 0.306047 -1.258492 1.259759 0.307252 -0.951628 0.306047 0.952017 0.000311 0.124572 0.309017 0.803703 200.000000 0.803703 0.000033 0.013069 -0.951057 0.086953 200.000000 0.086953 0.000882 0.352953 0.309017 1.458897 200.000000 1.458897 0.000092 0.036868 0.951057 0.173801 200.000000 0.173801
 14.200000 -0.967852 0.251519 0.940897 0.338694 -1.316546 1.225268 0.251519 -0.967852 0.338694 0.940897 0.330596 132.238537 0.309017 0.803703 200.000000 0.803703 0.028210 11.283846 -0.951057 0.086953 200.000000 0.086953 0.088073 35.229305 0.309017 1.458897 200.000000 1.458897 0.010323 4.129011 0.951057 0.173801 200.000000 0.173801
 14.400000 -0.963162 0.268921 0.929084 0.369869 -1.298524 1.191929 0.268921 -0.963162 0.369869 0.929084 0.160769 64.307484 0.309017 0.803703 200.000000 0.803703 0.014655 5.861934 -0.951057 0.086953 200.000000 0.086953 0.370293 148.117010 0.309017 1.458897 200.000000 1.458897 0.048279 19.311569 0.951057 0.173801 200.000000 0.173801
 14.600000 -0.948497 0.316785 0.936454 0.350791 -1.248458 1.212381 0.316785 -0.948497 0.350791 0.936454 0.006035 2.413963 0.309017 0.803703 200.000000 0.803703 0.000655 0.262000 -0.951057 0.086953 200.000000 0.086953 0.174505 69.802002 0.309017 1.458897 200.000000 1.458897 0.021324 8.529510 0.951057 0.173801 200.000000 0.173801
 14.800000 -0.947632 0.319363 0.942286 0.334810 -1.245739 1.229392 0.319363 -0.947632 0.334810 0.942286 0.010704 4.281545 0.309017 0.803703 200.000000 0.803703 0.001172 0.468962 -0.951057 0.086953 200.000000 0.086953 0.066530 26.611962 0.309017 1.458897 200.000000 1.458897 0.007693 3.077214 0.951057 0.173801 200.000000 0.173801
 15.000000 -0.953402 0.301704 0.976107 0.217292 -1.264317 1.351757 0.301704 -0.953402 0.217292 0.976107 0.005348 2.139105 0.309017 0.803703 200.000000 0.803703 0.000550 0.219976 -0.951057 0.086953 200.000000 0.086953 0.841351 336.540243 0.309017 1.458897 200.000000 1.458897 0.062751 25.100439 0.951057 0.173801 200.000000 0.173801
 15.200000 -0.948105 0.317957 0.940115 0.340857 -1.247222 1.222968 0.317957 -0.948105 0.340857 0.940115 0.007993 3.197114 0.309017 0.803703 200.000000 0.803703 0.000871 0.348445 -0.951057 0.086953 200.000000 0.086953 0.101379 40.551400 0.309017 1.458897 200.000000 1.458897 0.011971 4.788530 0.951057 0.173801 200.000000 0.173801
 15.400000 -0.972450 0.233111 0.953460 0.301520 -1.335520 1.264510 0.233111 -0.972450 0.301520 0.953460 0.576165 230.466087 0.309017 0.803703 200.000000 0.803703 0.045768 18.307291 -0.951057 0.086953 200.000000 0.086953 0.005620 2.248063 0.309017 1.458897 200.000000 1.458897 0.000578 0.231027 0.951057 0.173801 200.000000 0.173801
 15.600000 -0.982797 0.184692 0.935587 0.353095 -1.385038 1.209919 0.184692 -0.982797 0.353095 0.935587 1.545680 618.271968 0.309017 0.803703 200.000000 0.803703 0.100743 40.297122 -0.951057 0.086953 200.000000 0.086953 0.194289 77.715582 0.309017 1.458897 200.000000 1.458897 0.023929 9.571752 0.951057 0.173801 200.000000 0.173801
 15.800000 -0.961110 0.276166 0.947265 0.320450 -1.290993 1.244592 0.276166 -0.961110 0.320450 0.947265 0.107917 43.166832 0.309017 0.803703 200.000000 0.803703 0.010107 4.042803 -0.951057 0.086953 200.000000 0.086953 0.013071 5.228559 0.309017 1.458897 200.000000 1.458897 0.001437 0.574895 0.951057 0.173801 200.000000 0.173801
 16.000000 -0.969357 0.245657 0.947383 0.320101 -1.322599 1.244960 0.245657 -0.969357 0.320101 0.947383 0.401446 160.578335 0.309017 0.803703 200.000000 0.803703 0.033490 13.395951 -0.951057 0.086953 200.000000 0.086953 0.012286 4.914378 0.309017 1.458897 200.000000 1.458897 0.001349 0.539684 0.951057 0.173801 200.000000 0.173801
 16.200000 -0.957761 0.287565 0.948913 0.315536 -1.279113 1.249774 0.287565 -0.957761 0.315536 0.948913 0.046018 18.407300 0.309017 0.803703 200.000000 0.803703 0.004495 1.798050 -0.951057 0.086953 200.000000 0.086953 0.004250 1.700092 0.309017 1.458897 200.000000 1.458897 0.000459 0.183704 0.951057 0.173801 200.000000 0.173801
 16.400000 -0.941432 0.337203 0.953600 0.301078 -1.226852 1.264973 0.337203 -0.941432 0.301078 0.953600 0.079444 31.777592 0.309017 0.803703 200.000000 0.803703 0.009263 3.705228 -0.951057 0.086953 200.000000 0.086953 0.006303 2.521105 0.309017 1.458897 200.000000 1.458897 0.000647 0.258674 0.951057 0.173801 200.000000 0.173801
 16.600000 -0.958400 0.285427 0.936595 0.350414 -1.281344 1.212783 0.285427 -0.958400 0.350414 0.936595 0.055649 22.259497 0.309017 0.803703 200.000000 0.803703 0.005393 2.157335 -0.951057 0.086953 200.000000 0.086953 0.171371 68.548511 0.309017 1.458897 200.000000 1.458897 0.020914 8.365524 0.951057 0.173801 200.000000 0.173801
 16.800000 -0.979849 0.199740 0.953836 0.300328 -1.369704 1.265759 0.199740 -0.979849 0.300328 0.953836 1.194148 477.659253 0.309017 0.803703 200.000000 0.803703 0.082900 33.160174 -0.951057 0.086953 200.000000 0.086953 0.007549 3.019728 0.309017 1.458897 200.000000 1.458897 0.000772 0.308997 0.951057 0.173801 200.000000 0.173801
 17.000000 -0.931130 0.364688 0.934104 0.357001 -1.197499 1.205741 0.364688 -0.931130 0.357001 0.934104 0.309924 123.969431 0.309017 0.803703 200.000000 0.803703 0.039707 15.882856 -0.951057 0.086953 200.000000 0.086953 0.230248 92.099343 0.309017 1.458897 200.000000 1.458897 0.028739 11.495611 0.951057 0.173801 200.000000 0.173801
 17.200000 -0.950060 0.312069 0.945594 0.325349 -1.253427 1.239415 0.312069 -0.950060 0.325349 0.945594 0.000931 0.372489 0.309017 0.803703 200.000000 0.803703 0.000099 0.039756 -0.951057 0.086953 200.000000 0.086953 0.026674 10.669544 0.309017 1.458897 200.000000 1.458897 0.002984 1.193579 0.951057 0.173801 200.000000 0.173801
 17.400000 -0.941870 0.335977 0.926364 0.376630 -1.228154 1.184641 0.335977 -0.941870 0.376630 0.926364 0.072685 29.074000 0.309017 0.803703 200.000000 0.803703 0.008439 3.375583 -0.951057 0.086953 200.000000 0.086953 0.457151 182.860574 0.309017 1.458897 200.000000 1.458897 0.060973 24.389235 0.951057 0.173801 200.000000 0.173801
 17.600000 -0.942692 0.333665 0.931230 0.364432 -1.230607 1.197774 0.333665 -0.942692 0.364432 0.931230 0.060753 24.301328 0.309017 0.803703 200.000000 0.803703 0.006997 2.798840 -0.951057 0.086953 200.000000 0.086953 0.307079 122.831647 0.309017 1.458897 200.000000 1.458897 0.039309 15.723449 0.951057 0.173801 200.000000 0.173801
 17.800000 -0.963425 0.267979 0.937195 0.348805 -1.299502 1.214501 0.267979 -0.963425 0.348805 0.937195 0.168412 67.364605 0.309017 0.803703 200.000000 0.803703 0.015297 6.118925 -0.951057 0.086953 200.000000 0.086953 0.158306 63.322395 0.309017 1.458897 200.000000 1.458897 0.019213 7.685176 0.951057 0.173801 200.000000 0.173801
 18.000000 -0.963193 0.268809 0.937735 0.347352 -1.298640 1.216051 0.268809 -0.963193 0.347352 0.937735 0.161667 64.666722 0.309017 0.803703 200.000000 0.803703 0.014731 5.892207 -0.951057 0.086953 200.000000 0.086953 0.146955 58.782005 0.309017 1.458897 200.000000 1.458897 0.017746 7.098590 0.951057 0.173801 200.000000 0.173801
 18.200000 -0.962569 0.271037 0.959222 0.282653 -1.296326 1.284237 0.271037 -0.962569 0.282653 0.959222 0.144248 57.699197 0.309017 0.803703 200.000000 0.803703 0.013254 5.301426 -0.951057 0.086953 200.000000 0.086953 0.069505 27.802029 0.309017 1.458897 200.000000 1.458897 0.006668 2.667119 0.951057 0.173801 200.000000 0.173801
 18.400000 -0.947369 0.320143 0.941166 0.337946 -1.244915 1.226063 0.320143 -0.947369 0.337946 0.941166 0.012380 4.951923 0.309017 0.803703 200.000000 0.803703 0.001360 0.543888 -0.951057 0.086953 200.000000 0.086953 0.083686 33.474548 0.309017 1.458897 200.000000 1.458897 0.009783 3.913171 0.951057 0.173801 200.000000 0.173801
 18.600000 -0.957393 0.288790 0.919961 0.392010 -1.277834 1.167981 0.288790 -0.957393 0.392010 0.919961 0.040915 16.365888 0.309017 0.803703 200.000000 0.803703 0.004015 1.605831 -0.951057 0.086953 200.000000 0.086953 0.688789 275.515404 0.309017 1.458897 200.000000 1.458897 0.096694 38.677650 0.951057 0.173801 200.000000 0.173801
 18.800000 -0.955862 0.293817 0.944309 0.329059 -1.272579 1.235489 0.293817 -0.955862 0.329059 0.944309 0.023104 9.241524 0.309017 0.803703 200.000000 0.803703 0.002309 0.923581 -0.951057 0.086953 200.000000 0.086953 0.040169 16.067577 0.309017 1.458897 200.000000 1.458897 0.004552 1.820998 0.951057 0.173801 200.000000 0.173801
 19.000000 -0.947049 0.321090 0.924680 0.380745 -1.243916 1.180194 0.321090 -0.947049 0.380745 0.924680 0.014576 5.830560 0.309017 0.803703 200.000000 0.803703 0.001606 0.642538 -0.951057 0.086953 200.000000 0.086953 0.514496 205.798510 0.309017 1.458897 200.000000 1.458897 0.069573 27.829001 0.951057 0.173801 200.000000 0.173801
 19.200000 -0.975509 0.219959 0.946901 0.321525 -1.349023 1.243457 0.219959 -0.975509 0.321525 0.946901 0.793125 317.250167 0.309017 0.803703 200.000000 0.803703 0.059793 23.917009 -0.951057 0.086953 200.000000 0.086953 0.015645 6.257983 0.309017 1.458897 200.000000 1.458897 0.001727 0.690700 0.951057 0.173801 200.000000 0.173801
 19.400000 -0.954351 0.298687 0.949141 0.314853 -1.267479 1.250495 0.298687 -0.954351 0.314853 0.949141 0.010670 4.268093 0.309017 0.803703 200.000000 0.803703 0.001085 0.434153 -0.951057 0.086953 200.000000 0.086953 0.003406 1.362230 0.309017 1.458897 200.000000 1.458897 0.000367 0.146839 0.951057 0.173801 200.000000 0.173801
 19.600000 -0.971983 0.235051 0.954348 0.298697 -1.333525 1.267469 0.235051 -0.971983 0.298697 0.954348 0.547094 218.837534 0.309017 0.803703 200.000000 0.803703 0.043792 17.516691 -0.951057 0.086953 200.000000 0.086953 0.010650 4.259910 0.309017 1.458897 200.000000 1.458897 0.001083 0.433336 0.951057 0.173801 200.000000 0.173801
 19.800000 -0.996002 0.089326 0.936304 0.351192 -1.481351 1.211953 0.089326 -0.996002 0.351192 0.936304 4.826400 1930.559837 0.309017 0.803703 200.000000 0.803703 0.202013 80.805351 -0.951057 0.086953 200.000000 0.086953 0.177870 71.147842 0.309017 1.458897 200.000000 1.458897 0.021765 8.705917 0.951057 0.173801 200.000000 0.173801
 20.000000 -0.956791 0.290778 0.949989 0.312284 -1.275757 1.253200 0.290778 -0.956791 0.312284 0.949989 0.033267 13.306843 0.309017 0.803703 200.000000 0.803703 0.003288 1.315204 -0.951057 0.086953 200.000000 0.086953 0.001068 0.427048 0.309017 1.458897 200.000000 1.458897 0.000114 0.045614 0.951057 0.173801 200.000000 0.173801
