#! FIELDS time sin_phi cos_phi sin_psi cos_psi phi psi cos_phi sin_phi cos_psi sin_psi restraint_phi_cos.bias restraint_phi_cos.force2 restraint_phi_cos.cos_phi_cntr restraint_phi_cos.cos_phi_work restraint_phi_cos.cos_phi_kappa restraint_phi_cos.work restraint_phi_sin.bias restraint_phi_sin.force2 restraint_phi_sin.sin_phi_cntr restraint_phi_sin.sin_phi_work restraint_phi_sin.sin_phi_kappa restraint_phi_sin.work restraint_psi_cos.bias restraint_psi_cos.force2 restraint_psi_cos.cos_psi_cntr restraint_psi_cos.cos_psi_work restraint_psi_cos.cos_psi_kappa restraint_psi_cos.work restraint_psi_sin.bias restraint_psi_sin.force2 restraint_psi_sin.sin_psi_cntr restraint_psi_sin.sin_psi_work restraint_psi_sin.sin_psi_kappa restraint_psi_sin.work
#! SET min_phi -pi
#! SET max_phi pi
#! SET min_psi -pi
#! SET max_psi pi
 0.000000 -0.999983 -0.005782 0.966116 0.258110 -1.576579 1.309731 -0.005782 -0.999983 0.258110 0.966116 0.000000 0.000000 -0.009747 0.000000 0.000000 0.000000 0.000000 0.000000 -0.999953 0.000000 0.000000 0.000000 0.000000 0.000000 0.256142 0.000000 0.000000 0.000000 0.000000 0.000000 0.966639 0.000000 0.000000 0.000000
 0.200000 -1.000000 -0.000266 0.834655 0.550773 -1.571062 0.987506 -0.000266 -1.000000 0.550773 0.834655 0.000899 0.035954 -0.009747 0.429322 20.000000 0.429322 0.000000 0.000001 -0.999953 0.008204 20.000000 0.008204 0.868072 34.722866 0.256142 0.437494 20.000000 0.437494 0.174198 6.967905 0.966639 0.079186 20.000000 0.079186
 0.400000 -0.998238 0.059333 0.982968 0.183778 -1.511428 1.385968 0.059333 -0.998238 0.183778 0.982968 0.095441 7.635246 -0.009747 0.576151 40.000000 0.576151 0.000059 0.004702 -0.999953 0.009175 40.000000 0.009175 0.104733 8.378618 0.256142 0.652620 40.000000 0.652620 0.005333 0.426605 0.966639 0.103852 40.000000 0.103852
 0.600000 -0.997905 0.064690 0.969721 0.244216 -1.506061 1.324085 0.064690 -0.997905 0.244216 0.969721 0.166224 19.946879 -0.009747 0.652738 60.000000 0.652738 0.000126 0.015086 -0.999953 0.009549 60.000000 0.009549 0.004267 0.512080 0.256142 0.812949 60.000000 0.812949 0.000285 0.034192 0.966639 0.126978 60.000000 0.126978
 0.800000 -0.999998 0.001894 0.948099 0.317975 -1.568902 1.247203 0.001894 -0.999998 0.317975 0.948099 0.005420 0.867200 -0.009747 0.745440 80.000000 0.745440 0.000000 0.000013 -0.999953 0.009931 80.000000 0.009931 0.152931 24.469032 0.256142 0.870396 80.000000 0.870396 0.013749 2.199883 0.966639 0.131256 80.000000 0.131256
 1.000000 -0.997905 -0.064690 0.983714 0.179740 -1.635531 1.390074 -0.064690 -0.997905 0.179740 0.983714 0.150938 30.187619 -0.009747 0.830208 100.000000 0.830208 0.000210 0.041905 -0.999953 0.010215 100.000000 0.010215 0.291867 58.373466 0.256142 0.906296 100.000000 0.906296 0.014578 2.915595 0.966639 0.133900 100.000000 0.133900
 1.200000 -0.998628 0.052357 0.985226 0.171262 -1.518415 1.398686 0.052357 -0.998628 0.171262 0.985226 0.231412 55.538994 -0.009747 0.926095 120.000000 0.926095 0.000105 0.025246 -0.999953 0.010633 120.000000 0.010633 0.432282 103.747643 0.256142 0.992025 120.000000 0.992025 0.020727 4.974582 0.966639 0.141240 120.000000 0.141240
 1.400000 -0.999098 0.042471 0.979939 0.199299 -1.528313 1.370154 0.042471 -0.999098 0.199299 0.979939 0.190866 53.442499 -0.009747 0.960898 140.000000 0.960898 0.000051 0.014321 -0.999953 0.010712 140.000000 0.010712 0.226180 63.330420 0.256142 1.092945 140.000000 1.092945 0.012382 3.466844 0.966639 0.149518 140.000000 0.149518
 1.600000 -0.999952 0.009779 0.961528 0.274706 -1.561018 1.292512 0.009779 -0.999952 0.274706 0.961528 0.030498 9.759450 -0.009747 1.007093 160.000000 1.007093 0.000000 0.000000 -0.999953 0.010845 160.000000 0.010845 0.027570 8.822428 0.256142 1.162447 160.000000 1.162447 0.002090 0.668714 0.966639 0.156254 160.000000 0.156254
 1.800000 -0.999816 -0.019191 0.970209 0.242271 -1.589988 1.326090 -0.019191 -0.999816 0.242271 0.970209 0.008027 2.889774 -0.009747 1.051966 180.000000 1.051966 0.000002 0.000605 -0.999953 0.010933 180.000000 0.010933 0.017316 6.233938 0.256142 1.193883 180.000000 1.193883 0.001147 0.412811 0.966639 0.158912 180.000000 0.158912
 2.000000 -0.987451 0.157923 0.943128 0.332430 -1.412209 1.231917 0.157923 -0.987451 0.332430 0.943128 2.811311 1124.524500 -0.009747 1.081900 200.000000 1.081900 0.015628 6.251093 -0.999953 0.011013 200.000000 0.011013 0.581986 232.794469 0.256142 1.219741 200.000000 1.219741 0.055278 22.111200 0.966639 0.161373 200.000000 0.161373
 2.200000 -0.999950 0.009959 0.917582 0.397546 -1.560838 1.161955 0.009959 -0.999950 0.397546 0.917582 0.691263 276.505110 -0.073184 1.327880 200.000000 1.327880 0.410322 164.128725 -0.935894 0.374312 200.000000 0.374312 2.258749 903.499616 0.247255 1.246695 200.000000 1.246695 0.036794 14.717721 0.898400 0.548033 200.000000 0.548033
 2.400000 -0.992635 -0.121146 0.925010 0.379944 -1.692241 1.181061 -0.121146 -0.992635 0.379944 0.925010 0.023947 9.578811 -0.136621 1.677593 200.000000 1.677593 1.459243 583.697077 -0.871836 1.551580 200.000000 1.551580 2.004400 801.760128 0.238367 1.306430 200.000000 1.306430 0.899611 359.844555 0.830162 1.816645 200.000000 1.816645
 2.600000 -0.942663 -0.333747 0.871209 0.490912 -1.911072 1.057660 -0.333747 -0.942663 0.490912 0.871209 1.787288 714.915360 -0.200058 1.650095 200.000000 1.650095 1.819408 727.763002 -0.807777 3.377425 200.000000 3.377425 6.834716 2733.886516 0.229479 1.388130 200.000000 1.388130 1.194343 477.737205 0.761923 4.003074 200.000000 4.003074
 2.800000 -0.965172 -0.261617 0.926431 0.376464 -1.835493 1.184820 -0.261617 -0.965172 0.376464 0.926431 0.000353 0.141150 -0.263495 1.189341 200.000000 1.189341 4.904153 1961.661258 -0.743719 5.762050 200.000000 5.762050 2.429621 971.848245 0.220592 1.504864 200.000000 1.504864 5.417111 2166.844560 0.693684 7.070554 200.000000 7.070554
 3.000000 -0.896585 -0.442871 0.956554 0.291554 -2.029595 1.274945 -0.442871 -0.896585 0.291554 0.956554 1.344182 537.672800 -0.326932 0.646990 200.000000 0.646990 4.705651 1882.260402 -0.679660 8.673478 200.000000 8.673478 0.637604 255.041425 0.211704 1.675805 200.000000 1.675805 10.963298 4385.319150 0.625446 10.993119 200.000000 10.993119
 3.200000 -0.904266 -0.426970 0.987601 0.156985 -2.011936 1.413160 -0.426970 -0.904266 0.156985 0.987601 0.133963 53.585291 -0.390369 -0.723762 200.000000 -0.723762 8.332685 3333.074168 -0.615602 11.666699 200.000000 11.666699 0.210054 84.021634 0.202816 1.922389 200.000000 1.922389 18.523909 7409.563427 0.557207 15.686636 200.000000 15.686636
 3.400000 -0.828973 -0.559288 0.933787 0.357830 -2.164323 1.204854 -0.559288 -0.828973 0.357830 0.933787 1.112636 445.054337 -0.453806 -2.685070 200.000000 -2.685070 7.696749 3078.699743 -0.551543 14.625767 200.000000 14.625767 2.686356 1074.542297 0.193929 2.208008 200.000000 2.208008 19.786358 7914.543076 0.488968 21.243488 200.000000 21.243488
 3.600000 -0.734472 -0.678639 0.887897 0.460043 -2.316704 1.092753 -0.678639 -0.734472 0.460043 0.887897 2.604838 1041.935118 -0.517243 -4.949717 200.000000 -4.949717 6.100283 2440.113258 -0.487485 17.512411 200.000000 17.512411 7.562600 3025.040134 0.185041 2.588620 200.000000 2.588620 21.824514 8729.805441 0.420730 27.461554 200.000000 27.461554
 3.800000 -0.707160 -0.707054 0.838471 0.544947 -2.356120 0.994471 -0.707054 -0.707160 0.544947 0.838471 1.597024 638.809422 -0.580681 -7.646335 200.000000 -7.646335 8.050450 3220.179898 -0.423426 19.955853 200.000000 19.955853 13.600848 5440.339287 0.176153 2.927624 200.000000 2.927624 23.617640 9447.055820 0.352491 34.802761 200.000000 34.802761
 4.000000 -0.521278 -0.853387 0.883265 0.468874 -2.593245 1.082781 -0.853387 -0.521278 0.468874 0.883265 4.379370 1751.748074 -0.644118 -10.410569 200.000000 -10.410569 2.621473 1048.589103 -0.359368 21.999324 200.000000 21.999324 9.096762 3638.704769 0.167266 3.478106 200.000000 3.478106 35.881636 14352.654324 0.284252 42.364137 200.000000 42.364137
 4.200000 -0.435562 -0.900159 0.858794 0.512322 -2.690930 1.032910 -0.900159 -0.435562 0.512322 0.858794 3.709629 1483.851474 -0.707555 -12.976201 200.000000 -12.976201 1.967071 786.828499 -0.295309 23.883040 200.000000 23.883040 12.527609 5011.043480 0.158378 4.230266 200.000000 4.230266 41.316629 16526.651735 0.216013 49.971296 200.000000 49.971296
 4.400000 -0.388222 -0.921566 0.448030 0.894019 -2.742891 0.464561 -0.921566 -0.388222 0.894019 0.448030 2.267247 906.898721 -0.770992 -15.343525 200.000000 -15.343525 2.463996 985.598439 -0.231251 25.285662 200.000000 25.285662 55.432203 22172.881331 0.149490 5.071352 200.000000 5.071352 9.015321 3606.128386 0.147775 57.884357 200.000000 57.884357
 4.600000 -0.250317 -0.968164 0.501878 0.864938 -2.888585 0.525769 -0.968164 -0.250317 0.864938 0.501878 1.788499 715.399484 -0.834429 -17.303919 200.000000 -17.303919 0.690971 276.388313 -0.167193 26.372911 200.000000 26.372911 52.466187 20986.474956 0.140603 6.156984 200.000000 6.156984 17.837292 7134.916920 0.079536 65.142921 200.000000 65.142921
 4.800000 -0.279467 -0.960155 -0.109313 0.994007 -2.858354 -0.109532 -0.960155 -0.279467 0.994007 -0.109313 0.387994 155.197488 -0.897866 -18.650021 200.000000 -18.650021 3.109319 1243.727724 -0.103134 27.466086 200.000000 27.466086 74.354786 29741.914359 0.131715 7.567947 200.000000 7.567947 1.454694 581.877703 0.011297 68.935500 200.000000 68.935500
 5.000000 -0.013718 -0.999906 -0.515605 0.856826 -3.127875 -0.541714 -0.999906 -0.013718 0.856826 -0.515605 0.149016 59.606290 -0.961303 -19.408164 200.000000 -19.408164 0.064304 25.721409 -0.039076 28.172920 200.000000 28.172920 53.875447 21550.178667 0.122827 9.060560 200.000000 9.060560 21.037236 8414.894277 -0.056941 66.330661 200.000000 66.330661
 5.200000 0.048927 -0.998802 -0.595154 0.803611 3.092646 -0.637458 -0.998802 0.048927 0.803611 -0.595154 0.000143 0.057373 -1.000000 -19.529765 200.000000 -19.529765 0.239383 95.753026 -0.000000 28.575967 200.000000 28.575967 47.564695 19025.878032 0.113940 10.181423 200.000000 10.181423 22.087587 8835.034842 -0.125180 58.675013 200.000000 58.675013
 5.400000 -0.037694 -0.999289 -0.937294 0.348541 -3.103889 -1.214783 -0.999289 -0.037694 0.348541 -0.937294 0.000051 0.020203 -1.000000 -19.529765 200.000000 -19.529765 0.142086 56.834592 -0.000000 28.575967 200.000000 28.575967 5.928669 2371.467518 0.105052 10.938971 200.000000 10.938971 55.334996 22133.998219 -0.193419 49.828710 200.000000 49.828710
 5.600000 -0.118160 -0.992995 -0.973748 0.227628 -3.023155 -1.341155 -0.992995 -0.118160 0.227628 -0.973748 0.004908 1.963075 -1.000000 -19.529765 200.000000 -19.529765 1.396190 558.476070 -0.000000 28.575967 200.000000 28.575967 1.728265 691.305826 0.096164 11.628004 200.000000 11.628004 50.707332 20282.932763 -0.261657 41.166669 200.000000 41.166669
 5.800000 -0.106818 -0.994279 -0.971546 0.236852 -3.034571 -1.331672 -0.994279 -0.106818 0.236852 -0.971546 0.003273 1.309372 -1.000000 -19.529765 200.000000 -19.529765 1.141005 456.401850 -0.000000 28.575967 200.000000 28.575967 2.237276 894.910319 0.087277 12.044031 200.000000 12.044031 41.171429 16468.571627 -0.329896 32.347403 200.000000 32.347403
 6.000000 -0.005675 -0.999984 -0.981377 0.192090 -3.135918 -1.377505 -0.999984 -0.005675 0.192090 -0.981377 0.000000 0.000010 -1.000000 -19.529765 200.000000 -19.529765 0.003220 1.288045 -0.000000 28.575967 200.000000 28.575967 1.292787 517.114668 0.078389 12.390411 200.000000 12.390411 34.017190 13606.876095 -0.398135 24.261802 200.000000 24.261802
 6.200000 -0.034048 -0.999420 -0.962010 0.273014 -3.107538 -1.294272 -0.999420 -0.034048 0.273014 -0.962010 0.000034 0.013446 -1.000000 -19.529765 200.000000 -19.529765 0.115924 46.369516 -0.000000 28.575967 200.000000 28.575967 4.141714 1656.685784 0.069502 12.526266 200.000000 12.526266 24.565579 9826.231659 -0.466373 16.752586 200.000000 16.752586
 6.400000 -0.030141 -0.999546 -0.978075 0.208254 -3.111447 -1.361006 -0.999546 -0.030141 0.208254 -0.978075 0.000021 0.008257 -1.000000 -19.529765 200.000000 -19.529765 0.090849 36.339756 -0.000000 28.575967 200.000000 28.575967 2.179772 871.908838 0.060614 12.673820 200.000000 12.673820 19.665905 7866.362103 -0.534612 10.124003 200.000000 10.124003
 6.600000 0.039375 -0.999224 -0.998772 0.049549 3.102207 -1.521227 -0.999224 0.039375 0.049549 -0.998772 0.000060 0.024057 -1.000000 -19.529765 200.000000 -19.529765 0.155042 62.016827 -0.000000 28.575967 200.000000 28.575967 0.000474 0.189653 0.051726 12.763701 200.000000 12.763701 15.675335 6270.133952 -0.602851 4.355832 200.000000 4.355832
 6.800000 -0.066635 -0.997777 -0.995732 0.092294 -3.074908 -1.478371 -0.997777 -0.066635 0.092294 -0.995732 0.000494 0.197600 -1.000000 -19.529765 200.000000 -19.529765 0.444028 177.611132 -0.000000 28.575967 200.000000 28.575967 0.244581 97.832226 0.042839 12.808948 200.000000 12.808948 10.539264 4215.705563 -0.671090 -0.482764 200.000000 -0.482764
 7.000000 -0.078558 -0.996910 -0.999769 0.021483 -3.062954 -1.549312 -0.996910 -0.078558 0.021483 -0.999769 0.000955 0.382033 -1.000000 -19.529765 200.000000 -19.529765 0.617133 246.853194 -0.000000 28.575967 200.000000 28.575967 0.015545 6.218058 0.033951 12.875724 200.000000 12.875724 6.782952 2713.180897 -0.739328 -4.421286 200.000000 -4.421286
 7.200000 -0.067145 -0.997743 -0.999414 -0.034222 -3.074397 -1.605025 -0.997743 -0.067145 -0.034222 -0.999414 0.000509 0.203720 -1.000000 -19.529765 200.000000 -19.529765 0.450845 180.337876 -0.000000 28.575967 200.000000 28.575967 0.351473 140.589102 0.025063 12.895292 200.000000 12.895292 3.680541 1472.216468 -0.807567 -7.438003 200.000000 -7.438003
 7.400000 -0.087126 -0.996197 -0.999840 -0.017861 -3.054356 -1.588658 -0.996197 -0.087126 -0.017861 -0.999840 0.001446 0.578428 -1.000000 -19.529765 200.000000 -19.529765 0.759099 303.639466 -0.000000 28.575967 200.000000 28.575967 0.115849 46.339677 0.016176 12.921257 200.000000 12.921257 1.538466 615.386208 -0.875806 -9.556402 200.000000 -9.556402
 7.600000 -0.079055 -0.996870 -0.998303 -0.058238 -3.062455 -1.629068 -0.996870 -0.079055 -0.058238 -0.998303 0.000980 0.391811 -1.000000 -19.529765 200.000000 -19.529765 0.624969 249.987490 -0.000000 28.575967 200.000000 28.575967 0.429370 171.747842 0.007288 12.930769 200.000000 12.930769 0.294398 117.759086 -0.944044 -10.754477 200.000000 -10.754477
 7.800000 -0.103758 -0.994603 -0.995512 -0.094636 -3.037648 -1.665575 -0.994603 -0.103758 -0.094636 -0.995512 0.002913 1.165289 -1.000000 -19.529765 200.000000 -19.529765 1.076572 430.628939 -0.000000 28.575967 200.000000 28.575967 0.895604 358.241780 0.000000 12.957866 200.000000 12.957866 0.002014 0.805719 -1.000000 -11.040807 200.000000 -11.040807
 8.000000 -0.083486 -0.996509 -0.996781 -0.080170 -3.058009 -1.651053 -0.996509 -0.083486 -0.080170 -0.996781 0.001219 0.487498 -1.000000 -19.529765 200.000000 -19.529765 0.696991 278.796592 -0.000000 28.575967 200.000000 28.575967 0.642727 257.090838 0.000000 12.957866 200.000000 12.957866 0.001036 0.414431 -1.000000 -11.040807 200.000000 -11.040807
 8.200000 -0.092284 -0.995733 -0.998657 -0.051809 -3.049177 -1.622629 -0.995733 -0.092284 -0.051809 -0.998657 0.001821 0.728378 -1.000000 -19.529765 200.000000 -19.529765 0.851630 340.651823 -0.000000 28.575967 200.000000 28.575967 0.268418 107.367004 0.000000 12.957866 200.000000 12.957866 0.000180 0.072145 -1.000000 -11.040807 200.000000 -11.040807
 8.400000 -0.108551 -0.994091 -0.999270 -0.038203 -3.032828 -1.609008 -0.994091 -0.108551 -0.038203 -0.999270 0.003492 1.396688 -1.000000 -19.529765 200.000000 -19.529765 1.178324 471.329515 -0.000000 28.575967 200.000000 28.575967 0.145945 58.377838 0.000000 12.957866 200.000000 12.957866 0.000053 0.021315 -1.000000 -11.040807 200.000000 -11.040807
 8.600000 -0.092225 -0.995738 -0.998615 -0.052617 -3.049236 -1.623438 -0.995738 -0.092225 -0.052617 -0.998615 0.001816 0.726523 -1.000000 -19.529765 200.000000 -19.529765 0.850547 340.218692 -0.000000 28.575967 200.000000 28.575967 0.276855 110.742034 0.000000 12.957866 200.000000 12.957866 0.000192 0.076755 -1.000000 -11.040807 200.000000 -11.040807
 8.800000 -0.156104 -0.987741 -0.984631 -0.174650 -2.984847 -1.746347 -0.987741 -0.156104 -0.174650 -0.984631 0.015029 6.011753 -1.000000 -19.529765 200.000000 -19.529765 2.436858 974.743269 -0.000000 28.575967 200.000000 28.575967 3.050273 1220.109223 0.000000 12.957866 200.000000 12.957866 0.023622 9.448831 -1.000000 -11.040807 200.000000 -11.040807
 9.000000 -0.073452 -0.997299 -0.999590 -0.028644 -3.068075 -1.599444 -0.997299 -0.073452 -0.028644 -0.999590 0.000730 0.291864 -1.000000 -19.529765 200.000000 -19.529765 0.539515 215.805998 -0.000000 28.575967 200.000000 28.575967 0.082046 32.818302 0.000000 12.957866 200.000000 12.957866 0.000017 0.006734 -1.000000 -11.040807 200.000000 -11.040807
 9.200000 -0.095592 -0.995421 -0.996696 -0.081224 -3.045855 -1.652110 -0.995421 -0.095592 -0.081224 -0.996696 0.002097 0.838833 -1.000000 -19.529765 200.000000 -19.529765 0.913781 365.512379 -0.000000 28.575967 200.000000 28.575967 0.659728 263.891352 0.000000 12.957866 200.000000 12.957866 0.001092 0.436683 -1.000000 -11.040807 200.000000 -11.040807
 9.400000 -0.014838 -0.999890 -0.998605 -0.052797 -3.126754 -1.623617 -0.999890 -0.014838 -0.052797 -0.998605 0.000001 0.000485 -1.000000 -19.529765 200.000000 -19.529765 0.022017 8.806811 -0.000000 28.575967 200.000000 28.575967 0.278747 111.498996 0.000000 12.957866 200.000000 12.957866 0.000195 0.077809 -1.000000 -11.040807 200.000000 -11.040807
 9.600000 -0.070901 -0.997483 -0.999778 0.021089 -3.070632 -1.549706 -0.997483 -0.070901 0.021089 -0.999778 0.000633 0.253339 -1.000000 -19.529765 200.000000 -19.529765 0.502695 201.077880 -0.000000 28.575967 200.000000 28.575967 0.044474 17.789650 0.000000 12.957866 200.000000 12.957866 0.000005 0.001978 -1.000000 -11.040807 200.000000 -11.040807
 9.800000 -0.056726 -0.998390 -0.998291 -0.058435 -3.084837 -1.629264 -0.998390 -0.056726 -0.058435 -0.998291 0.000259 0.103710 -1.000000 -19.529765 200.000000 -19.529765 0.321780 128.712135 -0.000000 28.575967 200.000000 28.575967 0.341460 136.584132 0.000000 12.957866 200.000000 12.957866 0.000292 0.116795 -1.000000 -11.040807 200.000000 -11.040807
 10.000000 -0.174180 -0.984714 -0.999541 0.030306 -2.966520 -1.540486 -0.984714 -0.174180 0.030306 -0.999541 0.023367 9.346662 -1.000000 -19.529765 200.000000 -19.529765 3.033865 1213.545806 -0.000000 28.575967 200.000000 28.575967 0.091842 36.736965 0.000000 12.957866 200.000000 12.957866 0.000021 0.008439 -1.000000 -11.040807 200.000000 -11.040807
 10.200000 -0.037077 -0.999312 -0.997209 -0.074659 -3.104507 -1.645525 -0.999312 -0.037077 -0.074659 -0.997209 0.000047 0.018912 -1.000000 -19.529765 200.000000 -19.529765 0.137474 54.989549 -0.000000 28.575967 200.000000 28.575967 0.557397 222.958980 0.000000 12.957866 200.000000 12.957866 0.000779 0.311561 -1.000000 -11.040807 200.000000 -11.040807
 10.400000 -0.164713 -0.986342 -0.990864 -0.134868 -2.976126 -1.706076 -0.986342 -0.164713 -0.134868 -0.990864 0.018655 7.462072 -1.000000 -19.529765 200.000000 -19.529765 2.713024 1085.209673 -0.000000 28.575967 200.000000 28.575967 1.818931 727.572495 0.000000 12.957866 200.000000 12.957866 0.008347 3.338947 -1.000000 -11.040807 200.000000 -11.040807
 10.600000 -0.019121 -0.999817 -0.997202 -0.074758 -3.122471 -1.645625 -0.999817 -0.019121 -0.074758 -0.997202 0.000003 0.001337 -1.000000 -19.529765 200.000000 -19.529765 0.036559 14.623791 -0.000000 28.575967 200.000000 28.575967 0.558883 223.553142 0.000000 12.957866 200.000000 12.957866 0.000783 0.313226 -1.000000 -11.040807 200.000000 -11.040807
 10.800000 -0.035896 -0.999356 -0.991380 -0.131015 -3.105689 -1.702189 -0.999356 -0.035896 -0.131015 -0.991380 0.000042 0.016613 -1.000000 -19.529765 200.000000 -19.529765 0.128850 51.540033 -0.000000 28.575967 200.000000 28.575967 1.716480 686.592016 0.000000 12.957866 200.000000 12.957866 0.007430 2.971865 -1.000000 -11.040807 200.000000 -11.040807
 11.000000 -0.050904 -0.998704 -0.999995 0.003220 -3.090666 -1.567577 -0.998704 -0.050904 0.003220 -0.999995 0.000168 0.067234 -1.000000 -19.529765 200.000000 -19.529765 0.259126 103.650566 -0.000000 28.575967 200.000000 28.575967 0.001037 0.414645 0.000000 12.957866 200.000000 12.957866 0.000000 0.000001 -1.000000 -11.040807 200.000000 -11.040807
 11.200000 -0.045622 -0.998959 -0.999464 -0.032728 -3.095955 -1.603530 -0.998959 -0.045622 -0.032728 -0.999464 0.000108 0.043366 -1.000000 -19.529765 200.000000 -19.529765 0.208136 83.254272 -0.000000 28.575967 200.000000 28.575967 0.107113 42.845291 0.000000 12.957866 200.000000 12.957866 0.000029 0.011479 -1.000000 -11.040807 200.000000 -11.040807
 11.400000 -0.125786 -0.992057 -0.999286 0.037793 -3.015472 -1.532994 -0.992057 -0.125786 0.037793 -0.999286 0.006309 2.523428 -1.000000 -19.529765 200.000000 -19.529765 1.582221 632.888597 -0.000000 28.575967 200.000000 28.575967 0.142831 57.132280 0.000000 12.957866 200.000000 12.957866 0.000051 0.020415 -1.000000 -11.040807 200.000000 -11.040807
 11.600000 -0.008345 -0.999965 -0.999986 -0.005219 -3.133247 -1.576015 -0.999965 -0.008345 -0.005219 -0.999986 0.000000 0.000049 -1.000000 -19.529765 200.000000 -19.529765 0.006964 2.785650 -0.000000 28.575967 200.000000 28.575967 0.002723 1.089336 0.000000 12.957866 200.000000 12.957866 0.000000 0.000007 -1.000000 -11.040807 200.000000 -11.040807
 11.800000 0.011138 -0.999938 -0.999731 0.023197 3.130454 -1.547598 -0.999938 0.011138 0.023197 -0.999731 0.000000 0.000154 -1.000000 -19.529765 200.000000 -19.529765 0.012405 4.962140 -0.000000 28.575967 200.000000 28.575967 0.053808 21.523305 0.000000 12.957866 200.000000 12.957866 0.000007 0.002896 -1.000000 -11.040807 200.000000 -11.040807
 12.000000 0.006533 -0.999979 -0.999012 0.044434 3.135060 -1.526348 -0.999979 0.006533 0.044434 -0.999012 0.000000 0.000018 -1.000000 -19.529765 200.000000 -19.529765 0.004268 1.707208 -0.000000 28.575967 200.000000 28.575967 0.197439 78.975715 0.000000 12.957866 200.000000 12.957866 0.000098 0.039021 -1.000000 -11.040807 200.000000 -11.040807
 12.200000 -0.056401 -0.998408 -0.996937 0.078207 -3.085162 -1.492510 -0.998408 -0.056401 0.078207 -0.996937 0.000253 0.101354 -1.000000 -19.529765 200.000000 -19.529765 0.318109 127.243423 -0.000000 28.575967 200.000000 28.575967 0.611631 244.652590 0.000000 12.957866 200.000000 12.957866 0.000938 0.375241 -1.000000 -11.040807 200.000000 -11.040807
 12.400000 -0.102940 -0.994688 -0.999655 0.026251 -3.038470 -1.544542 -0.994688 -0.102940 0.026251 -0.999655 0.002822 1.128885 -1.000000 -19.529765 200.000000 -19.529765 1.059668 423.867173 -0.000000 28.575967 200.000000 28.575967 0.068912 27.564716 0.000000 12.957866 200.000000 12.957866 0.000012 0.004750 -1.000000 -11.040807 200.000000 -11.040807
 12.600000 -0.059803 -0.998210 -0.998830 -0.048351 -3.081754 -1.619166 -0.998210 -0.059803 -0.048351 -0.998830 0.000320 0.128133 -1.000000 -19.529765 200.000000 -19.529765 0.357637 143.054640 -0.000000 28.575967 200.000000 28.575967 0.233783 93.513192 0.000000 12.957866 200.000000 12.957866 0.000137 0.054718 -1.000000 -11.040807 200.000000 -11.040807
 12.800000 -0.158723 -0.987323 -0.997655 -0.068440 -2.982195 -1.639290 -0.987323 -0.158723 -0.068440 -0.997655 0.016070 6.428123 -1.000000 -19.529765 200.000000 -19.529765 2.519304 1007.721595 -0.000000 28.575967 200.000000 28.575967 0.468400 187.359896 0.000000 12.957866 200.000000 12.957866 0.000550 0.219914 -1.000000 -11.040807 200.000000 -11.040807
 13.000000 -0.011066 -0.999939 -0.996153 -0.087626 -3.130526 -1.658535 -0.999939 -0.011066 -0.087626 -0.996153 0.000000 0.000150 -1.000000 -19.529765 200.000000 -19.529765 0.012246 4.898465 -0.000000 28.575967 200.000000 28.575967 0.767828 307.131362 0.000000 12.957866 200.000000 12.957866 0.001480 0.591835 -1.000000 -11.040807 200.000000 -11.040807
 13.200000 -0.129730 -0.991549 -0.999812 0.019365 -3.011496 -1.551430 -0.991549 -0.129730 0.019365 -0.999812 0.007141 2.856542 -1.000000 -19.529765 200.000000 -19.529765 1.682989 673.195798 -0.000000 28.575967 200.000000 28.575967 0.037500 14.999963 0.000000 12.957866 200.000000 12.957866 0.000004 0.001407 -1.000000 -11.040807 200.000000 -11.040807
 13.400000 0.038841 -0.999245 -0.999093 -0.042585 3.102742 -1.613395 -0.999245 0.038841 -0.042585 -0.999093 0.000057 0.022777 -1.000000 -19.529765 200.000000 -19.529765 0.150862 60.344874 -0.000000 28.575967 200.000000 28.575967 0.181352 72.540663 0.000000 12.957866 200.000000 12.957866 0.000082 0.032918 -1.000000 -11.040807 200.000000 -11.040807
 13.600000 -0.040871 -0.999164 -0.998632 0.052296 -3.100711 -1.518476 -0.999164 -0.040871 0.052296 -0.998632 0.000070 0.027926 -1.000000 -19.529765 200.000000 -19.529765 0.167040 66.815921 -0.000000 28.575967 200.000000 28.575967 0.273488 109.395390 0.000000 12.957866 200.000000 12.957866 0.000187 0.074898 -1.000000 -11.040807 200.000000 -11.040807
 13.800000 -0.009912 -0.999951 -0.999978 0.006643 -3.131680 -1.564154 -0.999951 -0.009912 0.006643 -0.999978 0.000000 0.000097 -1.000000 -19.529765 200.000000 -19.529765 0.009825 3.930197 -0.000000 28.575967 200.000000 28.575967 0.004412 1.764998 0.000000 12.957866 200.000000 12.957866 0.000000 0.000019 -1.000000 -11.040807 200.000000 -11.040807
 14.000000 -0.065070 -0.997881 -1.000000 -0.000659 -3.076477 -1.571456 -0.997881 -0.065070 -0.000659 -1.000000 0.000449 0.179656 -1.000000 -19.529765 200.000000 -19.529765 0.423410 169.363928 -0.000000 28.575967 200.000000 28.575967 0.000043 0.017387 0.000000 12.957866 200.000000 12.957866 0.000000 0.000000 -1.000000 -11.040807 200.000000 -11.040807
 14.200000 0.017844 -0.999841 -0.997902 -0.064743 3.123748 -1.635584 -0.999841 0.017844 -0.064743 -0.997902 0.000003 0.001014 -1.000000 -19.529765 200.000000 -19.529765 0.031841 12.736512 -0.000000 28.575967 200.000000 28.575967 0.419161 167.664504 0.000000 12.957866 200.000000 12.957866 0.000440 0.176065 -1.000000 -11.040807 200.000000 -11.040807
 14.400000 -0.098790 -0.995108 -0.999728 -0.023330 -3.042642 -1.594128 -0.995108 -0.098790 -0.023330 -0.999728 0.002393 0.957132 -1.000000 -19.529765 200.000000 -19.529765 0.975939 390.375406 -0.000000 28.575967 200.000000 28.575967 0.054427 21.770693 0.000000 12.957866 200.000000 12.957866 0.000007 0.002963 -1.000000 -11.040807 200.000000 -11.040807
 14.600000 -0.151981 -0.988383 -0.999944 -0.010601 -2.989020 -1.581398 -0.988383 -0.151981 -0.010601 -0.999944 0.013495 5.397814 -1.000000 -19.529765 200.000000 -19.529765 2.309825 923.929987 -0.000000 28.575967 200.000000 28.575967 0.011238 4.495276 0.000000 12.957866 200.000000 12.957866 0.000000 0.000126 -1.000000 -11.040807 200.000000 -11.040807
 14.800000 -0.075799 -0.997123 -0.999952 -0.009818 -3.065720 -1.580615 -0.997123 -0.075799 -0.009818 -0.999952 0.000828 0.331066 -1.000000 -19.529765 200.000000 -19.529765 0.574555 229.822111 -0.000000 28.575967 200.000000 28.575967 0.009640 3.855940 0.000000 12.957866 200.000000 12.957866 0.000000 0.000093 -1.000000 -11.040807 200.000000 -11.040807
 15.000000 -0.087119 -0.996198 -0.999908 -0.013578 -3.054363 -1.584375 -0.996198 -0.087119 -0.013578 -0.999908 0.001446 0.578232 -1.000000 -19.529765 200.000000 -19.529765 0.758970 303.587917 -0.000000 28.575967 200.000000 28.575967 0.018436 7.374269 0.000000 12.957866 200.000000 12.957866 0.000001 0.000340 -1.000000 -11.040807 200.000000 -11.040807
 15.200000 -0.103667 -0.994612 -0.998798 0.049015 -3.037740 -1.521762 -0.994612 -0.103667 0.049015 -0.998798 0.002903 1.161173 -1.000000 -19.529765 200.000000 -19.529765 1.074675 429.869827 -0.000000 28.575967 200.000000 28.575967 0.240244 96.097430 0.000000 12.957866 200.000000 12.957866 0.000144 0.057786 -1.000000 -11.040807 200.000000 -11.040807
 15.400000 -0.015854 -0.999874 -0.999992 0.004079 -3.125738 -1.566717 -0.999874 -0.015854 0.004079 -0.999992 0.000002 0.000632 -1.000000 -19.529765 200.000000 -19.529765 0.025134 10.053405 -0.000000 28.575967 200.000000 28.575967 0.001664 0.665639 0.000000 12.957866 200.000000 12.957866 0.000000 0.000003 -1.000000 -11.040807 200.000000 -11.040807
 15.600000 -0.013821 -0.999904 -0.999821 -0.018940 -3.127772 -1.589738 -0.999904 -0.013821 -0.018940 -0.999821 0.000001 0.000365 -1.000000 -19.529765 200.000000 -19.529765 0.019101 7.640401 -0.000000 28.575967 200.000000 28.575967 0.035873 14.349312 0.000000 12.957866 200.000000 12.957866 0.000003 0.001287 -1.000000 -11.040807 200.000000 -11.040807
 15.800000 -0.069581 -0.997576 -0.999993 -0.003822 -3.071956 -1.574618 -0.997576 -0.069581 -0.003822 -0.999993 0.000587 0.234966 -1.000000 -19.529765 200.000000 -19.529765 0.484145 193.658085 -0.000000 28.575967 200.000000 28.575967 0.001461 0.584343 0.000000 12.957866 200.000000 12.957866 0.000000 0.000002 -1.000000 -11.040807 200.000000 -11.040807
 16.000000 -0.083451 -0.996512 -0.999931 0.011727 -3.058045 -1.559069 -0.996512 -0.083451 0.011727 -0.999931 0.001217 0.486677 -1.000000 -19.529765 200.000000 -19.529765 0.696406 278.562363 -0.000000 28.575967 200.000000 28.575967 0.013752 5.500846 0.000000 12.957866 200.000000 12.957866 0.000000 0.000189 -1.000000 -11.040807 200.000000 -11.040807
 16.200000 -0.049897 -0.998754 -0.999926 -0.012189 -3.091675 -1.582985 -0.998754 -0.049897 -0.012189 -0.999926 0.000155 0.062064 -1.000000 -19.529765 200.000000 -19.529765 0.248972 99.588914 -0.000000 28.575967 200.000000 28.575967 0.014856 5.942553 0.000000 12.957866 200.000000 12.957866 0.000001 0.000221 -1.000000 -11.040807 200.000000 -11.040807
 16.400000 -0.095764 -0.995404 -0.999434 0.033627 -3.045682 -1.537163 -0.995404 -0.095764 0.033627 -0.999434 0.002112 0.844910 -1.000000 -19.529765 200.000000 -19.529765 0.917078 366.831082 -0.000000 28.575967 200.000000 28.575967 0.113078 45.231245 0.000000 12.957866 200.000000 12.957866 0.000032 0.012794 -1.000000 -11.040807 200.000000 -11.040807
 16.600000 -0.040189 -0.999192 -0.999857 0.016938 -3.101393 -1.553858 -0.999192 -0.040189 0.016938 -0.999857 0.000065 0.026109 -1.000000 -19.529765 200.000000 -19.529765 0.161517 64.606771 -0.000000 28.575967 200.000000 28.575967 0.028689 11.475657 0.000000 12.957866 200.000000 12.957866 0.000002 0.000823 -1.000000 -11.040807 200.000000 -11.040807
 16.800000 -0.060133 -0.998190 -0.999914 -0.013123 -3.081424 -1.583919 -0.998190 -0.060133 -0.013123 -0.999914 0.000327 0.130988 -1.000000 -19.529765 200.000000 -19.529765 0.361595 144.638133 -0.000000 28.575967 200.000000 28.575967 0.017221 6.888285 0.000000 12.957866 200.000000 12.957866 0.000001 0.000297 -1.000000 -11.040807 200.000000 -11.040807
 17.000000 -0.051495 -0.998673 -0.997760 -0.066895 -3.090074 -1.637741 -0.998673 -0.051495 -0.066895 -0.997760 0.000176 0.070412 -1.000000 -19.529765 200.000000 -19.529765 0.265177 106.070994 -0.000000 28.575967 200.000000 28.575967 0.447493 178.997193 0.000000 12.957866 200.000000 12.957866 0.000502 0.200699 -1.000000 -11.040807 200.000000 -11.040807
 17.200000 -0.174886 -0.984589 -0.999740 0.022823 -2.965803 -1.547971 -0.984589 -0.174886 0.022823 -0.999740 0.023751 9.500354 -1.000000 -19.529765 200.000000 -19.529765 3.058514 1223.405433 -0.000000 28.575967 200.000000 28.575967 0.052088 20.835370 0.000000 12.957866 200.000000 12.957866 0.000007 0.002714 -1.000000 -11.040807 200.000000 -11.040807
 17.400000 -0.057816 -0.998327 -0.999567 -0.029412 -3.083745 -1.600213 -0.998327 -0.057816 -0.029412 -0.999567 0.000280 0.111921 -1.000000 -19.529765 200.000000 -19.529765 0.334266 133.706209 -0.000000 28.575967 200.000000 28.575967 0.086507 34.602673 0.000000 12.957866 200.000000 12.957866 0.000019 0.007487 -1.000000 -11.040807 200.000000 -11.040807
 17.600000 -0.098804 -0.995107 -0.999768 0.021524 -3.042627 -1.549271 -0.995107 -0.098804 0.021524 -0.999768 0.002394 0.957684 -1.000000 -19.529765 200.000000 -19.529765 0.976219 390.487558 -0.000000 28.575967 200.000000 28.575967 0.046328 18.531060 0.000000 12.957866 200.000000 12.957866 0.000005 0.002147 -1.000000 -11.040807 200.000000 -11.040807
 17.800000 -0.049144 -0.998792 -0.999829 0.018496 -3.092428 -1.552300 -0.998792 -0.049144 0.018496 -0.999829 0.000146 0.058401 -1.000000 -19.529765 200.000000 -19.529765 0.241518 96.607044 -0.000000 28.575967 200.000000 28.575967 0.034208 13.683398 0.000000 12.957866 200.000000 12.957866 0.000003 0.001170 -1.000000 -11.040807 200.000000 -11.040807
 18.000000 -0.002816 -0.999996 -0.997609 0.069107 -3.138777 -1.501634 -0.999996 -0.002816 0.069107 -0.997609 0.000000 0.000001 -1.000000 -19.529765 200.000000 -19.529765 0.000793 0.317097 -0.000000 28.575967 200.000000 28.575967 0.477583 191.033298 0.000000 12.957866 200.000000 12.957866 0.000572 0.228632 -1.000000 -11.040807 200.000000 -11.040807
 18.200000 -0.050823 -0.998708 -0.998525 -0.054287 -3.090747 -1.625110 -0.998708 -0.050823 -0.054287 -0.998525 0.000167 0.066806 -1.000000 -19.529765 200.000000 -19.529765 0.258301 103.320526 -0.000000 28.575967 200.000000 28.575967 0.294711 117.884564 0.000000 12.957866 200.000000 12.957866 0.000217 0.086983 -1.000000 -11.040807 200.000000 -11.040807
 18.400000 -0.046334 -0.998926 -0.996220 -0.086864 -3.095242 -1.657770 -0.998926 -0.046334 -0.086864 -0.996220 0.000115 0.046141 -1.000000 -19.529765 200.000000 -19.529765 0.214688 85.875370 -0.000000 28.575967 200.000000 28.575967 0.754530 301.811895 0.000000 12.957866 200.000000 12.957866 0.001429 0.571473 -1.000000 -11.040807 200.000000 -11.040807
 18.600000 -0.109952 -0.993937 -0.999968 -0.008047 -3.031418 -1.578843 -0.993937 -0.109952 -0.008047 -0.999968 0.003676 1.470454 -1.000000 -19.529765 200.000000 -19.529765 1.208947 483.578661 -0.000000 28.575967 200.000000 28.575967 0.006475 2.590071 0.000000 12.957866 200.000000 12.957866 0.000000 0.000042 -1.000000 -11.040807 200.000000 -11.040807
 18.800000 -0.139400 -0.990236 -0.999996 -0.002962 -3.001737 -1.573759 -0.990236 -0.139400 -0.002962 -0.999996 0.009533 3.813313 -1.000000 -19.529765 200.000000 -19.529765 1.943237 777.294912 -0.000000 28.575967 200.000000 28.575967 0.000877 0.350984 0.000000 12.957866 200.000000 12.957866 0.000000 0.000001 -1.000000 -11.040807 200.000000 -11.040807
 19.000000 -0.110699 -0.993854 -0.999016 -0.044357 -3.030667 -1.615168 -0.993854 -0.110699 -0.044357 -0.999016 0.003777 1.510922 -1.000000 -19.529765 200.000000 -19.529765 1.225418 490.167372 -0.000000 28.575967 200.000000 28.575967 0.196759 78.703446 0.000000 12.957866 200.000000 12.957866 0.000097 0.038752 -1.000000 -11.040807 200.000000 -11.040807
 19.200000 -0.149622 -0.988743 -0.999814 0.019270 -2.991406 -1.551525 -0.988743 -0.149622 0.019270 -0.999814 0.012671 5.068590 -1.000000 -19.529765 200.000000 -19.529765 2.238682 895.472609 -0.000000 28.575967 200.000000 28.575967 0.037132 14.852927 0.000000 12.957866 200.000000 12.957866 0.000003 0.001379 -1.000000 -11.040807 200.000000 -11.040807
 19.400000 -0.058545 -0.998285 -0.998648 -0.051979 -3.083014 -1.622799 -0.998285 -0.058545 -0.051979 -0.998648 0.000294 0.117682 -1.000000 -19.529765 200.000000 -19.529765 0.342754 137.101763 -0.000000 28.575967 200.000000 28.575967 0.270183 108.073216 0.000000 12.957866 200.000000 12.957866 0.000183 0.073098 -1.000000 -11.040807 200.000000 -11.040807
 19.600000 -0.033107 -0.999452 -0.999529 -0.030672 -3.108480 -1.601474 -0.999452 -0.033107 -0.030672 -0.999529 0.000030 0.012020 -1.000000 -19.529765 200.000000 -19.529765 0.109606 43.842557 -0.000000 28.575967 200.000000 28.575967 0.094080 37.631928 0.000000 12.957866 200.000000 12.957866 0.000022 0.008855 -1.000000 -11.040807 200.000000 -11.040807
 19.800000 -0.101671 -0.994818 -0.997162 -0.075288 -3.039746 -1.646155 -0.994818 -0.101671 -0.075288 -0.997162 0.002685 1.074076 -1.000000 -19.529765 200.000000 -19.529765 1.033691 413.476388 -0.000000 28.575967 200.000000 28.575967 0.566826 226.730363 0.000000 12.957866 200.000000 12.957866 0.000806 0.322205 -1.000000 -11.040807 200.000000 -11.040807
 20.000000 -0.164721 -0.986340 -0.999253 0.038647 -2.976118 -1.532140 -0.986340 -0.164721 0.038647 -0.999253 0.018659 7.463597 -1.000000 -19.529765 200.000000 -19.529765 2.713300 1085.319802 -0.000000 28.575967 200.000000 28.575967 0.149356 59.742445 0.000000 12.957866 200.000000 12.957866 0.000056 0.022324 -1.000000 -11.040807 200.000000 -11.040807
