#! FIELDS time sin_phi cos_phi sin_psi cos_psi phi psi cos_phi sin_phi cos_psi sin_psi restraint_phi_cos.bias restraint_phi_cos.force2 restraint_phi_cos.cos_phi_cntr restraint_phi_cos.cos_phi_work restraint_phi_cos.cos_phi_kappa restraint_phi_cos.work restraint_phi_sin.bias restraint_phi_sin.force2 restraint_phi_sin.sin_phi_cntr restraint_phi_sin.sin_phi_work restraint_phi_sin.sin_phi_kappa restraint_phi_sin.work restraint_psi_cos.bias restraint_psi_cos.force2 restraint_psi_cos.cos_psi_cntr restraint_psi_cos.cos_psi_work restraint_psi_cos.cos_psi_kappa restraint_psi_cos.work restraint_psi_sin.bias restraint_psi_sin.force2 restraint_psi_sin.sin_psi_cntr restraint_psi_sin.sin_psi_work restraint_psi_sin.sin_psi_kappa restraint_psi_sin.work
#! SET min_phi -pi
#! SET max_phi pi
#! SET min_psi -pi
#! SET max_psi pi
 0.000000 -0.999983 -0.005782 0.966116 0.258110 -1.576579 1.309731 -0.005782 -0.999983 0.258110 0.966116 0.000000 0.000000 -0.009747 0.000000 0.000000 0.000000 0.000000 0.000000 -0.999953 0.000000 0.000000 0.000000 0.000000 0.000000 0.256142 0.000000 0.000000 0.000000 0.000000 0.000000 0.966639 0.000000 0.000000 0.000000
 0.200000 -1.000000 -0.000266 0.834656 0.550772 -1.571062 0.987508 -0.000266 -1.000000 0.550772 0.834656 0.000899 0.035955 -0.009747 0.429321 20.000000 0.429321 0.000000 0.000001 -0.999953 0.008204 20.000000 0.008204 0.868065 34.722587 0.256142 0.437497 20.000000 0.437497 0.174196 6.967822 0.966639 0.079186 20.000000 0.079186
 0.400000 -0.998237 0.059346 0.982967 0.183784 -1.511415 1.385962 0.059346 -0.998237 0.183784 0.982967 0.095476 7.638063 -0.009747 0.576152 40.000000 0.576152 0.000059 0.004706 -0.999953 0.009175 40.000000 0.009175 0.104715 8.377184 0.256142 0.652623 40.000000 0.652623 0.005332 0.426545 0.966639 0.103853 40.000000 0.103853
 0.600000 -0.997905 0.064694 0.969726 0.244195 -1.506057 1.324107 0.064694 -0.997905 0.244195 0.969726 0.166241 19.948918 -0.009747 0.652738 60.000000 0.652738 0.000126 0.015090 -0.999953 0.009549 60.000000 0.009549 0.004282 0.513884 0.256142 0.812950 60.000000 0.812950 0.000286 0.034310 0.966639 0.126978 60.000000 0.126978
 0.800000 -0.999998 0.001900 0.948099 0.317977 -1.568897 1.247202 0.001900 -0.999998 0.317977 0.948099 0.005425 0.868058 -0.009747 0.745436 80.000000 0.745436 0.000000 0.000013 -0.999953 0.009931 80.000000 0.009931 0.152938 24.470136 0.256142 0.870390 80.000000 0.870390 0.013750 2.199994 0.966639 0.131256 80.000000 0.131256
 1.000000 -0.997907 -0.064664 0.983714 0.179740 -1.635505 1.390074 -0.064664 -0.997907 0.179740 0.983714 0.150795 30.158950 -0.009747 0.830200 100.000000 0.830200 0.000209 0.041836 -0.999953 0.010215 100.000000 0.010215 0.291866 58.373296 0.256142 0.906285 100.000000 0.906285 0.014578 2.915589 0.966639 0.133900 100.000000 0.133900
 1.200000 -0.998632 0.052283 0.985233 0.171221 -1.518489 1.398728 0.052283 -0.998632 0.171221 0.985233 0.230861 55.406593 -0.009747 0.926076 120.000000 0.926076 0.000105 0.025098 -0.999953 0.010632 120.000000 0.010632 0.432703 103.848639 0.256142 0.992002 120.000000 0.992002 0.020743 4.978426 0.966639 0.141239 120.000000 0.141239
 1.400000 -0.999099 0.042450 0.979951 0.199238 -1.528334 1.370216 0.042450 -0.999099 0.199238 0.979951 0.190711 53.399045 -0.009747 0.960891 140.000000 0.960891 0.000051 0.014291 -0.999953 0.010712 140.000000 0.010712 0.226664 63.465860 0.256142 1.092922 140.000000 1.092922 0.012405 3.473287 0.966639 0.149514 140.000000 0.149514
 1.600000 -0.999952 0.009788 0.961509 0.274775 -1.561008 1.292441 0.009788 -0.999952 0.274775 0.961509 0.030528 9.768983 -0.009747 1.007034 160.000000 1.007034 0.000000 0.000000 -0.999953 0.010844 160.000000 0.010844 0.027774 8.887593 0.256142 1.162404 160.000000 1.162404 0.002106 0.673841 0.966639 0.156247 160.000000 0.156247
 1.800000 -0.999822 -0.018890 0.970255 0.242087 -1.589688 1.326281 -0.018890 -0.999822 0.242087 0.970255 0.007525 2.709001 -0.009747 1.052059 180.000000 1.052059 0.000002 0.000556 -0.999953 0.010933 180.000000 0.010933 0.017781 6.401157 0.256142 1.193843 180.000000 1.193843 0.001177 0.423550 0.966639 0.158902 180.000000 0.158902
 2.000000 -0.987244 0.159215 0.942677 0.333708 -1.410901 1.230562 0.159215 -0.987244 0.333708 0.942677 2.854784 1141.913410 -0.009747 1.082091 200.000000 1.082091 0.016151 6.460231 -0.999953 0.011014 200.000000 0.011014 0.601639 240.655703 0.256142 1.219996 200.000000 1.219996 0.057420 22.968050 0.966639 0.161398 200.000000 0.161398
 2.200000 -0.999877 -0.015680 0.958179 0.286170 -1.586477 1.280569 -0.015680 -0.999877 0.286170 0.958179 0.750601 300.240276 -0.102317 1.473894 200.000000 1.473894 0.107739 43.095703 -0.967053 0.090394 200.000000 0.090394 1.547745 619.098113 0.161761 1.403644 200.000000 1.403644 0.012926 5.170202 0.946810 0.227411 200.000000 0.227411
 2.400000 -0.989347 -0.145575 0.982444 0.186560 -1.716890 1.383137 -0.145575 -0.989347 0.186560 0.982444 0.243179 97.271564 -0.194888 1.966518 200.000000 1.966518 0.304626 121.850561 -0.934154 0.356977 200.000000 0.356977 1.420374 568.149493 0.067380 1.628567 200.000000 1.628567 0.307613 123.045202 0.926981 0.434423 200.000000 0.434423
 2.600000 -0.917821 -0.396993 0.989424 0.145055 -1.979035 1.425228 -0.396993 -0.917821 0.145055 0.989424 1.199792 479.916905 -0.287458 1.973289 200.000000 1.973289 0.027444 10.977611 -0.901255 0.683156 200.000000 0.683156 2.960329 1184.131559 -0.027001 1.602726 200.000000 1.602726 0.676867 270.746901 0.907152 0.751611 200.000000 0.751611
 2.800000 -0.927432 -0.373991 0.999333 -0.036507 -1.954105 1.607312 -0.373991 -0.927432 -0.036507 0.999333 0.003646 1.458480 -0.380029 1.756993 200.000000 1.756993 0.349002 139.600640 -0.868356 1.026935 200.000000 1.026935 0.720374 288.149502 -0.121382 1.210046 200.000000 1.210046 1.254644 501.857489 0.887323 1.127785 200.000000 1.127785
 3.000000 -0.864566 -0.502519 0.978966 -0.204025 -2.097306 1.776264 -0.502519 -0.864566 -0.204025 0.978966 0.089518 35.807171 -0.472600 1.732499 200.000000 1.732499 0.084734 33.893415 -0.835457 1.355223 200.000000 1.355223 0.013780 5.511893 -0.215763 0.630250 200.000000 0.630250 1.242610 497.043829 0.867493 1.518347 200.000000 1.518347
 3.200000 -0.833893 -0.551926 0.903126 -0.429377 -2.155469 2.014599 -0.551926 -0.833893 -0.429377 0.903126 0.017540 7.016121 -0.565170 1.477519 200.000000 1.477519 0.098188 39.275200 -0.802558 1.515534 200.000000 1.515534 1.421631 568.652426 -0.310144 -0.170197 200.000000 -0.170197 0.307596 123.038274 0.847664 1.879083 200.000000 1.879083
 3.400000 -0.783740 -0.621089 0.882449 -0.470407 -2.240928 2.060549 -0.621089 -0.783740 -0.470407 0.882449 0.000576 0.230522 -0.623490 1.442520 200.000000 1.442520 0.000364 0.145684 -0.781831 1.548955 200.000000 1.548955 0.434042 173.616810 -0.404526 -1.157168 200.000000 -1.157168 0.298272 119.308690 0.827835 2.156514 200.000000 2.156514
 3.600000 -0.810859 -0.585242 0.837705 -0.546123 -2.195975 2.148525 -0.585242 -0.810859 -0.546123 0.837705 0.146288 58.515290 -0.623490 1.442520 200.000000 1.442520 0.084257 33.702866 -0.781831 1.548955 200.000000 1.548955 0.222934 89.173754 -0.498907 -1.967194 200.000000 -1.967194 0.088205 35.281925 0.808006 2.347278 200.000000 2.347278
 3.800000 -0.805483 -0.592619 0.769482 -0.638669 -2.205102 2.263563 -0.592619 -0.805483 -0.638669 0.769482 0.095302 38.120999 -0.623490 1.442520 200.000000 1.442520 0.055940 22.376023 -0.781831 1.548955 200.000000 1.548955 0.205944 82.377558 -0.593288 -2.555465 200.000000 -2.555465 0.034951 13.980306 0.788177 2.407912 200.000000 2.407912
 4.000000 -0.737052 -0.675836 0.750363 -0.661026 -2.312895 2.292982 -0.675836 -0.737052 -0.661026 0.750363 0.274016 109.606402 -0.623490 1.442520 200.000000 1.442520 0.200523 80.209076 -0.781831 1.548955 200.000000 1.548955 0.140898 56.359258 -0.623490 -2.679302 200.000000 -2.679302 0.099028 39.611074 0.781831 2.396878 200.000000 2.396878
 4.200000 -0.724923 -0.688829 0.753858 -0.657038 -2.330669 2.287679 -0.688829 -0.724923 -0.657038 0.753858 0.426927 170.770867 -0.623490 1.442520 200.000000 1.442520 0.323853 129.541096 -0.781831 1.548955 200.000000 1.548955 0.112547 45.018616 -0.623490 -2.679302 200.000000 -2.679302 0.078253 31.301371 0.781831 2.396878 200.000000 2.396878
 4.400000 -0.753094 -0.657913 0.739109 -0.673586 -2.288840 2.309846 -0.657913 -0.753094 -0.673586 0.739109 0.118494 47.397588 -0.623490 1.442520 200.000000 1.442520 0.082583 33.033358 -0.781831 1.548955 200.000000 1.548955 0.250961 100.384330 -0.623490 -2.679302 200.000000 -2.679302 0.182521 73.008266 0.781831 2.396878 200.000000 2.396878
 4.600000 -0.759186 -0.650874 0.824486 -0.565882 -2.279531 2.172299 -0.650874 -0.759186 -0.565882 0.824486 0.074989 29.995530 -0.623490 1.442520 200.000000 1.442520 0.051282 20.512957 -0.781831 1.548955 200.000000 1.548955 0.331861 132.744335 -0.623490 -2.679302 200.000000 -2.679302 0.181940 72.776112 0.781831 2.396878 200.000000 2.396878
 4.800000 -0.803798 -0.594902 0.815428 -0.578858 -2.207940 2.188124 -0.594902 -0.803798 -0.578858 0.815428 0.081727 32.690800 -0.623490 1.442520 200.000000 1.442520 0.048254 19.301710 -0.781831 1.548955 200.000000 1.548955 0.199196 79.678460 -0.623490 -2.679302 200.000000 -2.679302 0.112873 45.149242 0.781831 2.396878 200.000000 2.396878
 5.000000 -0.806119 -0.591754 0.804978 -0.593304 -2.204029 2.205954 -0.591754 -0.806119 -0.593304 0.804978 0.100718 40.287114 -0.623490 1.442520 200.000000 1.442520 0.058987 23.594946 -0.781831 1.548955 200.000000 1.548955 0.091116 36.446290 -0.623490 -2.679302 200.000000 -2.679302 0.053577 21.430778 0.781831 2.396878 200.000000 2.396878
 5.200000 -0.773972 -0.633220 0.816844 -0.576858 -2.256502 2.185674 -0.633220 -0.773972 -0.576858 0.816844 0.009467 3.786757 -0.623490 1.442520 200.000000 1.442520 0.006177 2.470743 -0.781831 1.548955 200.000000 1.548955 0.217448 86.979201 -0.623490 -2.679302 200.000000 -2.679302 0.122588 49.035350 0.781831 2.396878 200.000000 2.396878
 5.400000 -0.729906 -0.683547 0.834487 -0.551028 -2.323408 2.154392 -0.683547 -0.729906 -0.551028 0.834487 0.360692 144.276727 -0.623490 1.442520 200.000000 1.442520 0.269625 107.849808 -0.781831 1.548955 200.000000 1.548955 0.525071 210.028501 -0.623490 -2.679302 200.000000 -2.679302 0.277258 110.903103 0.781831 2.396878 200.000000 2.396878
 5.600000 -0.710457 -0.703741 0.776269 -0.630402 -2.351446 2.252867 -0.703741 -0.710457 -0.630402 0.776269 0.644026 257.610450 -0.623490 1.442520 200.000000 1.442520 0.509438 203.775083 -0.781831 1.548955 200.000000 1.548955 0.004778 1.911131 -0.623490 -2.679302 200.000000 -2.679302 0.003094 1.237713 0.781831 2.396878 200.000000 2.396878
 5.800000 -0.815155 -0.579243 0.723799 -0.690011 -2.188596 2.332301 -0.579243 -0.815155 -0.690011 0.723799 0.195776 78.310455 -0.623490 1.442520 200.000000 1.442520 0.111044 44.417677 -0.781831 1.548955 200.000000 1.548955 0.442507 177.002984 -0.623490 -2.679302 200.000000 -2.679302 0.336779 134.711474 0.781831 2.396878 200.000000 2.396878
 6.000000 -0.823499 -0.567317 0.763869 -0.645372 -2.174041 2.272306 -0.567317 -0.823499 -0.645372 0.763869 0.315533 126.213111 -0.623490 1.442520 200.000000 1.442520 0.173619 69.447795 -0.781831 1.548955 200.000000 1.548955 0.047882 19.152646 -0.623490 -2.679302 200.000000 -2.679302 0.032266 12.906446 0.781831 2.396878 200.000000 2.396878
 6.200000 -0.828942 -0.559334 0.741387 -0.671078 -2.164379 2.306458 -0.559334 -0.828942 -0.671078 0.741387 0.411595 164.637984 -0.623490 1.442520 200.000000 1.442520 0.221943 88.777140 -0.781831 1.548955 200.000000 1.548955 0.226460 90.583951 -0.623490 -2.679302 200.000000 -2.679302 0.163575 65.429881 0.781831 2.396878 200.000000 2.396878
 6.400000 -0.744473 -0.667653 0.758699 -0.651441 -2.301848 2.280279 -0.667653 -0.744473 -0.651441 0.758699 0.195039 78.015472 -0.623490 1.442520 200.000000 1.442520 0.139568 55.827366 -0.781831 1.548955 200.000000 1.548955 0.078127 31.250976 -0.623490 -2.679302 200.000000 -2.679302 0.053510 21.404060 0.781831 2.396878 200.000000 2.396878
 6.600000 -0.781588 -0.623795 0.738975 -0.673733 -2.244386 2.310045 -0.623795 -0.781588 -0.673733 0.738975 0.000009 0.003734 -0.623490 1.442520 200.000000 1.442520 0.000006 0.002377 -0.781831 1.548955 200.000000 1.548955 0.252437 100.974624 -0.623490 -2.679302 200.000000 -2.679302 0.183668 73.467186 0.781831 2.396878 200.000000 2.396878
 6.800000 -0.792534 -0.609827 0.794590 -0.607147 -2.226639 2.223261 -0.609827 -0.792534 -0.607147 0.794590 0.018666 7.466390 -0.623490 1.442520 200.000000 1.442520 0.011455 4.581936 -0.781831 1.548955 200.000000 1.548955 0.026709 10.683688 -0.623490 -2.679302 200.000000 -2.679302 0.016277 6.510831 0.781831 2.396878 200.000000 2.396878
 7.000000 -0.799573 -0.600569 0.746119 -0.665813 -2.215009 2.299379 -0.600569 -0.799573 -0.665813 0.746119 0.052537 21.014942 -0.623490 1.442520 200.000000 1.442520 0.031477 12.590605 -0.781831 1.548955 200.000000 1.548955 0.179122 71.648634 -0.623490 -2.679302 200.000000 -2.679302 0.127538 51.015116 0.781831 2.396878 200.000000 2.396878
 7.200000 -0.790473 -0.612497 0.797622 -0.603158 -2.230012 2.218251 -0.612497 -0.790473 -0.603158 0.797622 0.012085 4.833970 -0.623490 1.442520 200.000000 1.442520 0.007468 2.987156 -0.781831 1.548955 200.000000 1.548955 0.041339 16.535449 -0.623490 -2.679302 200.000000 -2.679302 0.024933 9.973374 0.781831 2.396878 200.000000 2.396878
 7.400000 -0.735763 -0.677239 0.788156 -0.615475 -2.314800 2.233785 -0.677239 -0.735763 -0.615475 0.788156 0.288899 115.559622 -0.623490 1.442520 200.000000 1.442520 0.212231 84.892290 -0.781831 1.548955 200.000000 1.548955 0.006424 2.569489 -0.623490 -2.679302 200.000000 -2.679302 0.004000 1.600192 0.781831 2.396878 200.000000 2.396878
 7.600000 -0.777838 -0.628465 0.844117 -0.536159 -2.250374 2.136677 -0.628465 -0.777838 -0.536159 0.844117 0.002475 0.989928 -0.623490 1.442520 200.000000 1.442520 0.001595 0.637846 -0.781831 1.548955 200.000000 1.548955 0.762666 305.066311 -0.623490 -2.679302 200.000000 -2.679302 0.387948 155.179276 0.781831 2.396878 200.000000 2.396878
 7.800000 -0.847829 -0.530269 0.768350 -0.640030 -2.129714 2.265334 -0.530269 -0.847829 -0.640030 0.768350 0.869010 347.604035 -0.623490 1.442520 200.000000 1.442520 0.435573 174.229003 -0.781831 1.548955 200.000000 1.548955 0.027358 10.943157 -0.623490 -2.679302 200.000000 -2.679302 0.018175 7.270122 0.781831 2.396878 200.000000 2.396878
 8.000000 -0.784995 -0.619502 0.740297 -0.672280 -2.238905 2.308081 -0.619502 -0.784995 -0.672280 0.740297 0.001590 0.636080 -0.623490 1.442520 200.000000 1.442520 0.001001 0.400319 -0.781831 1.548955 200.000000 1.548955 0.238052 95.220816 -0.623490 -2.679302 200.000000 -2.679302 0.172514 69.005777 0.781831 2.396878 200.000000 2.396878
 8.200000 -0.718474 -0.695554 0.790541 -0.612409 -2.339987 2.229901 -0.695554 -0.718474 -0.612409 0.790541 0.519329 207.731746 -0.623490 1.442520 200.000000 1.442520 0.401423 160.569257 -0.781831 1.548955 200.000000 1.548955 0.012278 4.911274 -0.623490 -2.679302 200.000000 -2.679302 0.007586 3.034235 0.781831 2.396878 200.000000 2.396878
 8.400000 -0.730214 -0.683219 0.801568 -0.597904 -2.322958 2.211680 -0.683219 -0.730214 -0.597904 0.801568 0.356752 142.700916 -0.623490 1.442520 200.000000 1.442520 0.266437 106.574771 -0.781831 1.548955 200.000000 1.548955 0.065462 26.184865 -0.623490 -2.679302 200.000000 -2.679302 0.038951 15.580492 0.781831 2.396878 200.000000 2.396878
 8.600000 -0.778489 -0.627658 0.774368 -0.632735 -2.249338 2.255877 -0.627658 -0.778489 -0.632735 0.774368 0.001737 0.694979 -0.623490 1.442520 200.000000 1.442520 0.001117 0.446849 -0.781831 1.548955 200.000000 1.548955 0.008548 3.419064 -0.623490 -2.679302 200.000000 -2.679302 0.005570 2.227981 0.781831 2.396878 200.000000 2.396878
 8.800000 -0.806295 -0.591514 0.782618 -0.622503 -2.203732 2.242733 -0.591514 -0.806295 -0.622503 0.782618 0.102243 40.897296 -0.623490 1.442520 200.000000 1.442520 0.059844 23.937577 -0.781831 1.548955 200.000000 1.548955 0.000097 0.038975 -0.623490 -2.679302 200.000000 -2.679302 0.000062 0.024723 0.781831 2.396878 200.000000 2.396878
 9.000000 -0.804432 -0.594045 0.734047 -0.679098 -2.206874 2.317330 -0.594045 -0.804432 -0.679098 0.734047 0.086699 34.679502 -0.623490 1.442520 200.000000 1.442520 0.051077 20.430793 -0.781831 1.548955 200.000000 1.548955 0.309230 123.692027 -0.623490 -2.679302 200.000000 -2.679302 0.228332 91.332827 0.781831 2.396878 200.000000 2.396878
 9.200000 -0.798804 -0.601591 0.709552 -0.704653 -2.216288 2.352731 -0.601591 -0.798804 -0.704653 0.709552 0.047955 19.181968 -0.623490 1.442520 200.000000 1.442520 0.028807 11.522832 -0.781831 1.548955 200.000000 1.548955 0.658753 263.501040 -0.623490 -2.679302 200.000000 -2.679302 0.522437 208.974667 0.781831 2.396878 200.000000 2.396878
 9.400000 -0.750803 -0.660526 0.807550 -0.589799 -2.292315 2.201606 -0.660526 -0.750803 -0.589799 0.807550 0.137167 54.866891 -0.623490 1.442520 200.000000 1.442520 0.096275 38.510015 -0.781831 1.548955 200.000000 1.548955 0.113506 45.402537 -0.623490 -2.679302 200.000000 -2.679302 0.066144 26.457711 0.781831 2.396878 200.000000 2.396878
 9.600000 -0.791556 -0.611097 0.747637 -0.664108 -2.228241 2.297096 -0.611097 -0.791556 -0.664108 0.747637 0.015359 6.143744 -0.623490 1.442520 200.000000 1.442520 0.009457 3.782724 -0.781831 1.548955 200.000000 1.548955 0.164984 65.993639 -0.623490 -2.679302 200.000000 -2.679302 0.116929 46.771544 0.781831 2.396878 200.000000 2.396878
 9.800000 -0.773429 -0.633883 0.760840 -0.648940 -2.257360 2.276986 -0.633883 -0.773429 -0.648940 0.760840 0.010803 4.321106 -0.623490 1.442520 200.000000 1.442520 0.007061 2.824342 -0.781831 1.548955 200.000000 1.548955 0.064770 25.908096 -0.623490 -2.679302 200.000000 -2.679302 0.044065 17.626101 0.781831 2.396878 200.000000 2.396878
 10.000000 -0.763617 -0.645670 0.777645 -0.628704 -2.272697 2.250681 -0.645670 -0.763617 -0.628704 0.777645 0.049196 19.678448 -0.623490 1.442520 200.000000 1.442520 0.033178 13.271336 -0.781831 1.548955 200.000000 1.548955 0.002718 1.087370 -0.623490 -2.679302 200.000000 -2.679302 0.001753 0.701072 0.781831 2.396878 200.000000 2.396878
 10.200000 -0.747581 -0.664170 0.795180 -0.606373 -2.297180 2.222288 -0.664170 -0.747581 -0.606373 0.795180 0.165490 66.196173 -0.623490 1.442520 200.000000 1.442520 0.117308 46.923019 -0.781831 1.548955 200.000000 1.548955 0.029298 11.719172 -0.623490 -2.679302 200.000000 -2.679302 0.017819 7.127554 0.781831 2.396878 200.000000 2.396878
 10.400000 -0.778277 -0.627921 0.756961 -0.653460 -2.249675 2.282943 -0.627921 -0.778277 -0.653460 0.756961 0.001963 0.785255 -0.623490 1.442520 200.000000 1.442520 0.001263 0.505243 -0.781831 1.548955 200.000000 1.548955 0.089823 35.929189 -0.623490 -2.679302 200.000000 -2.679302 0.061855 24.742026 0.781831 2.396878 200.000000 2.396878
 10.600000 -0.848907 -0.528543 0.837405 -0.546582 -2.127680 2.149074 -0.528543 -0.848907 -0.546582 0.837405 0.901489 360.595495 -0.623490 1.442520 200.000000 1.442520 0.449906 179.962344 -0.781831 1.548955 200.000000 1.548955 0.591475 236.590133 -0.623490 -2.679302 200.000000 -2.679302 0.308845 123.538175 0.781831 2.396878 200.000000 2.396878
 10.800000 -0.832945 -0.553356 0.801862 -0.597509 -2.157184 2.211187 -0.553356 -0.832945 -0.597509 0.801862 0.491874 196.749684 -0.623490 1.442520 200.000000 1.442520 0.261257 104.502932 -0.781831 1.548955 200.000000 1.548955 0.067501 27.000568 -0.623490 -2.679302 200.000000 -2.679302 0.040124 16.049472 0.781831 2.396878 200.000000 2.396878
 11.000000 -0.766106 -0.642714 0.730040 -0.683404 -2.268832 2.323212 -0.642714 -0.766106 -0.683404 0.730040 0.036956 14.782532 -0.623490 1.442520 200.000000 1.442520 0.024728 9.891198 -0.781831 1.548955 200.000000 1.548955 0.358971 143.588293 -0.623490 -2.679302 200.000000 -2.679302 0.268231 107.292562 0.781831 2.396878 200.000000 2.396878
 11.200000 -0.792287 -0.610148 0.760487 -0.649353 -2.227044 2.277529 -0.610148 -0.792287 -0.649353 0.760487 0.017800 7.119978 -0.623490 1.442520 200.000000 1.442520 0.010932 4.372996 -0.781831 1.548955 200.000000 1.548955 0.066889 26.755667 -0.623490 -2.679302 200.000000 -2.679302 0.045557 18.222872 0.781831 2.396878 200.000000 2.396878
 11.400000 -0.793020 -0.609196 0.818520 -0.574479 -2.225843 2.182763 -0.609196 -0.793020 -0.574479 0.818520 0.020431 8.172224 -0.623490 1.442520 200.000000 1.442520 0.012517 5.006870 -0.781831 1.548955 200.000000 1.548955 0.240209 96.083444 -0.623490 -2.679302 200.000000 -2.679302 0.134601 53.840475 0.781831 2.396878 200.000000 2.396878
 11.600000 -0.737017 -0.675874 0.792966 -0.609266 -2.312946 2.225931 -0.675874 -0.737017 -0.609266 0.792966 0.274411 109.764281 -0.623490 1.442520 200.000000 1.442520 0.200832 80.332926 -0.781831 1.548955 200.000000 1.548955 0.020232 8.092993 -0.623490 -2.679302 200.000000 -2.679302 0.012398 4.959222 0.781831 2.396878 200.000000 2.396878
 11.800000 -0.793579 -0.608467 0.767809 -0.640678 -2.224924 2.266178 -0.608467 -0.793579 -0.640678 0.767809 0.022568 9.027373 -0.623490 1.442520 200.000000 1.442520 0.013801 5.520327 -0.781831 1.548955 200.000000 1.548955 0.029545 11.817848 -0.623490 -2.679302 200.000000 -2.679302 0.019662 7.864769 0.781831 2.396878 200.000000 2.396878
 12.000000 -0.750039 -0.661394 0.808147 -0.588981 -2.293471 2.200593 -0.661394 -0.750039 -0.588981 0.808147 0.143669 57.467654 -0.623490 1.442520 200.000000 1.442520 0.101076 40.430276 -0.781831 1.548955 200.000000 1.548955 0.119088 47.635290 -0.623490 -2.679302 200.000000 -2.679302 0.069251 27.700561 0.781831 2.396878 200.000000 2.396878
 12.200000 -0.780709 -0.624894 0.750587 -0.660772 -2.245792 2.292643 -0.624894 -0.780709 -0.660772 0.750587 0.000197 0.078905 -0.623490 1.442520 200.000000 1.442520 0.000126 0.050366 -0.781831 1.548955 200.000000 1.548955 0.138994 55.597536 -0.623490 -2.679302 200.000000 -2.679302 0.097622 39.048802 0.781831 2.396878 200.000000 2.396878
 12.400000 -0.801778 -0.597622 0.723304 -0.690530 -2.211329 2.333018 -0.597622 -0.801778 -0.690530 0.723304 0.066913 26.765081 -0.623490 1.442520 200.000000 1.442520 0.039785 15.914155 -0.781831 1.548955 200.000000 1.548955 0.449441 179.776307 -0.623490 -2.679302 200.000000 -2.679302 0.342551 137.020455 0.781831 2.396878 200.000000 2.396878
 12.600000 -0.783101 -0.621895 0.792904 -0.609346 -2.241957 2.226032 -0.621895 -0.783101 -0.609346 0.792904 0.000254 0.101723 -0.623490 1.442520 200.000000 1.442520 0.000161 0.064422 -0.781831 1.548955 200.000000 1.548955 0.020004 8.001701 -0.623490 -2.679302 200.000000 -2.679302 0.012261 4.904305 0.781831 2.396878 200.000000 2.396878
 12.800000 -0.759691 -0.650285 0.832220 -0.554445 -2.278756 2.158493 -0.650285 -0.759691 -0.554445 0.832220 0.071797 28.718791 -0.623490 1.442520 200.000000 1.442520 0.049022 19.608836 -0.781831 1.548955 200.000000 1.548955 0.476715 190.686061 -0.623490 -2.679302 200.000000 -2.679302 0.253902 101.560949 0.781831 2.396878 200.000000 2.396878
 13.000000 -0.746790 -0.665060 0.739826 -0.672798 -2.298371 2.308781 -0.665060 -0.746790 -0.672798 0.739826 0.172811 69.124436 -0.623490 1.442520 200.000000 1.442520 0.122793 49.117308 -0.781831 1.548955 200.000000 1.548955 0.243131 97.252393 -0.623490 -2.679302 200.000000 -2.679302 0.176445 70.578002 0.781831 2.396878 200.000000 2.396878
 13.200000 -0.765959 -0.642889 0.711777 -0.702406 -2.269060 2.349568 -0.642889 -0.765959 -0.702406 0.711777 0.037633 15.053138 -0.623490 1.442520 200.000000 1.442520 0.025192 10.076965 -0.781831 1.548955 200.000000 1.548955 0.622776 249.110592 -0.623490 -2.679302 200.000000 -2.679302 0.490770 196.307870 0.781831 2.396878 200.000000 2.396878
 13.400000 -0.783331 -0.621605 0.786776 -0.617239 -2.241587 2.236025 -0.621605 -0.783331 -0.617239 0.786776 0.000355 0.142050 -0.623490 1.442520 200.000000 1.442520 0.000225 0.089893 -0.781831 1.548955 200.000000 1.548955 0.003907 1.562943 -0.623490 -2.679302 200.000000 -2.679302 0.002445 0.977841 0.781831 2.396878 200.000000 2.396878
 13.600000 -0.822370 -0.568953 0.704257 -0.709945 -2.176028 2.360216 -0.568953 -0.822370 -0.709945 0.704257 0.297427 118.970661 -0.623490 1.442520 200.000000 1.442520 0.164338 65.735066 -0.781831 1.548955 200.000000 1.548955 0.747447 298.978778 -0.623490 -2.679302 200.000000 -2.679302 0.601775 240.710090 0.781831 2.396878 200.000000 2.396878
 13.800000 -0.765165 -0.643835 0.713924 -0.700223 -2.270296 2.346506 -0.643835 -0.765165 -0.700223 0.713924 0.041391 16.556372 -0.623490 1.442520 200.000000 1.442520 0.027778 11.111233 -0.781831 1.548955 200.000000 1.548955 0.588802 235.520866 -0.623490 -2.679302 200.000000 -2.679302 0.461143 184.457328 0.781831 2.396878 200.000000 2.396878
 14.000000 -0.766568 -0.642163 0.793316 -0.608810 -2.268113 2.225356 -0.642163 -0.766568 -0.608810 0.793316 0.034869 13.947434 -0.623490 1.442520 200.000000 1.442520 0.023297 9.318742 -0.781831 1.548955 200.000000 1.548955 0.021550 8.620081 -0.623490 -2.679302 200.000000 -2.679302 0.013190 5.275959 0.781831 2.396878 200.000000 2.396878
 14.200000 -0.823857 -0.566797 0.816239 -0.577714 -2.173409 2.186722 -0.566797 -0.823857 -0.577714 0.816239 0.321405 128.561801 -0.623490 1.442520 200.000000 1.442520 0.176617 70.646819 -0.781831 1.548955 200.000000 1.548955 0.209542 83.816977 -0.623490 -2.679302 200.000000 -2.679302 0.118390 47.355822 0.781831 2.396878 200.000000 2.396878
 14.400000 -0.803920 -0.594737 0.741333 -0.671138 -2.207735 2.306539 -0.594737 -0.803920 -0.671138 0.741333 0.082672 33.068777 -0.623490 1.442520 200.000000 1.442520 0.048791 19.516596 -0.781831 1.548955 200.000000 1.548955 0.227033 90.813269 -0.623490 -2.679302 200.000000 -2.679302 0.164016 65.606315 0.781831 2.396878 200.000000 2.396878
 14.600000 -0.766739 -0.641959 0.771991 -0.635634 -2.267847 2.259626 -0.641959 -0.766739 -0.635634 0.771991 0.034111 13.644489 -0.623490 1.442520 200.000000 1.442520 0.022778 9.111388 -0.781831 1.548955 200.000000 1.548955 0.014748 5.899194 -0.623490 -2.679302 200.000000 -2.679302 0.009684 3.873708 0.781831 2.396878 200.000000 2.396878
 14.800000 -0.793902 -0.608046 0.780978 -0.624558 -2.224393 2.245362 -0.608046 -0.793902 -0.624558 0.780978 0.023851 9.540495 -0.623490 1.442520 200.000000 1.442520 0.014569 5.827731 -0.781831 1.548955 200.000000 1.548955 0.000114 0.045661 -0.623490 -2.679302 200.000000 -2.679302 0.000073 0.029120 0.781831 2.396878 200.000000 2.396878
 15.000000 -0.759256 -0.650792 0.786270 -0.617883 -2.279424 2.236844 -0.650792 -0.759256 -0.617883 0.786270 0.074542 29.816939 -0.623490 1.442520 200.000000 1.442520 0.050966 20.386360 -0.781831 1.548955 200.000000 1.548955 0.003143 1.257290 -0.623490 -2.679302 200.000000 -2.679302 0.001970 0.787938 0.781831 2.396878 200.000000 2.396878
 15.200000 -0.768418 -0.639948 0.771646 -0.636053 -2.265227 2.260168 -0.639948 -0.768418 -0.636053 0.771646 0.027088 10.835060 -0.623490 1.442520 200.000000 1.442520 0.017992 7.196741 -0.781831 1.548955 200.000000 1.548955 0.015783 6.313166 -0.623490 -2.679302 200.000000 -2.679302 0.010375 4.150145 0.781831 2.396878 200.000000 2.396878
 15.400000 -0.754396 -0.656420 0.848186 -0.529698 -2.286860 2.129041 -0.656420 -0.754396 -0.529698 0.848186 0.108440 43.376184 -0.623490 1.442520 200.000000 1.442520 0.075273 30.109208 -0.781831 1.548955 200.000000 1.548955 0.879695 351.877924 -0.623490 -2.679302 200.000000 -2.679302 0.440298 176.119377 0.781831 2.396878 200.000000 2.396878
 15.600000 -0.797663 -0.603103 0.741759 -0.670667 -2.218182 2.305903 -0.603103 -0.797663 -0.670667 0.741759 0.041563 16.625146 -0.623490 1.442520 200.000000 1.442520 0.025065 10.026046 -0.781831 1.548955 200.000000 1.548955 0.222565 89.025973 -0.623490 -2.679302 200.000000 -2.679302 0.160581 64.232346 0.781831 2.396878 200.000000 2.396878
 15.800000 -0.808221 -0.588879 0.726499 -0.687168 -2.200468 2.328380 -0.588879 -0.808221 -0.687168 0.726499 0.119790 47.916098 -0.623490 1.442520 200.000000 1.442520 0.069641 27.856593 -0.781831 1.548955 200.000000 1.548955 0.405487 162.194860 -0.623490 -2.679302 200.000000 -2.679302 0.306170 122.467986 0.781831 2.396878 200.000000 2.396878
 16.000000 -0.831971 -0.554820 0.758041 -0.652207 -2.158942 2.281289 -0.554820 -0.831971 -0.652207 0.758041 0.471560 188.624093 -0.623490 1.442520 200.000000 1.442520 0.251394 100.557674 -0.781831 1.548955 200.000000 1.548955 0.082470 32.987954 -0.623490 -2.679302 200.000000 -2.679302 0.056601 22.640253 0.781831 2.396878 200.000000 2.396878
 16.200000 -0.762933 -0.646478 0.757666 -0.652643 -2.273755 2.281864 -0.646478 -0.762933 -0.652643 0.757666 0.052844 21.137565 -0.623490 1.442520 200.000000 1.442520 0.035715 14.286162 -0.781831 1.548955 200.000000 1.548955 0.084991 33.996232 -0.623490 -2.679302 200.000000 -2.679302 0.058399 23.359565 0.781831 2.396878 200.000000 2.396878
 16.400000 -0.723234 -0.690603 0.759295 -0.650747 -2.333119 2.279364 -0.690603 -0.723234 -0.650747 0.759295 0.450421 180.168247 -0.623490 1.442520 200.000000 1.442520 0.343368 137.347174 -0.781831 1.548955 200.000000 1.548955 0.074294 29.717514 -0.623490 -2.679302 200.000000 -2.679302 0.050790 20.315899 0.781831 2.396878 200.000000 2.396878
 16.600000 -0.757119 -0.653277 0.791134 -0.611643 -2.282701 2.228932 -0.653277 -0.757119 -0.611643 0.791134 0.088727 35.490610 -0.623490 1.442520 200.000000 1.442520 0.061070 24.427955 -0.781831 1.548955 200.000000 1.548955 0.014034 5.613747 -0.623490 -2.679302 200.000000 -2.679302 0.008653 3.461322 0.781831 2.396878 200.000000 2.396878
 16.800000 -0.749652 -0.661832 0.769492 -0.638656 -2.294056 2.263547 -0.661832 -0.749652 -0.638656 0.769492 0.147010 58.804112 -0.623490 1.442520 200.000000 1.442520 0.103549 41.419645 -0.781831 1.548955 200.000000 1.548955 0.023002 9.200621 -0.623490 -2.679302 200.000000 -2.679302 0.015225 6.090197 0.781831 2.396878 200.000000 2.396878
 17.000000 -0.841450 -0.540335 0.798299 -0.602262 -2.141631 2.217127 -0.540335 -0.841450 -0.602262 0.798299 0.691474 276.589411 -0.623490 1.442520 200.000000 1.442520 0.355437 142.174925 -0.781831 1.548955 200.000000 1.548955 0.045064 18.025471 -0.623490 -2.679302 200.000000 -2.679302 0.027117 10.846900 0.781831 2.396878 200.000000 2.396878
 17.200000 -0.839708 -0.543039 0.771918 -0.635722 -2.144848 2.259739 -0.543039 -0.839708 -0.635722 0.771918 0.647235 258.893838 -0.623490 1.442520 200.000000 1.442520 0.334964 133.985492 -0.781831 1.548955 200.000000 1.548955 0.014962 5.984752 -0.623490 -2.679302 200.000000 -2.679302 0.009827 3.930803 0.781831 2.396878 200.000000 2.396878
 17.400000 -0.760284 -0.649591 0.777616 -0.628739 -2.277842 2.250727 -0.649591 -0.760284 -0.628739 0.777616 0.068126 27.250207 -0.623490 1.442520 200.000000 1.442520 0.046429 18.571528 -0.781831 1.548955 200.000000 1.548955 0.002755 1.102199 -0.623490 -2.679302 200.000000 -2.679302 0.001777 0.710699 0.781831 2.396878 200.000000 2.396878
 17.600000 -0.753048 -0.657966 0.779077 -0.626928 -2.288910 2.248401 -0.657966 -0.753048 -0.626928 0.779077 0.118859 47.543403 -0.623490 1.442520 200.000000 1.442520 0.082849 33.139716 -0.781831 1.548955 200.000000 1.548955 0.001182 0.472986 -0.623490 -2.679302 200.000000 -2.679302 0.000759 0.303532 0.781831 2.396878 200.000000 2.396878
 17.800000 -0.771291 -0.636482 0.790524 -0.612431 -2.260725 2.229928 -0.636482 -0.771291 -0.612431 0.790524 0.016880 6.752104 -0.623490 1.442520 200.000000 1.442520 0.011109 4.443747 -0.781831 1.548955 200.000000 1.548955 0.012230 4.891993 -0.623490 -2.679302 200.000000 -2.679302 0.007556 3.022494 0.781831 2.396878 200.000000 2.396878
 18.000000 -0.735444 -0.677586 0.749542 -0.661956 -2.315271 2.294222 -0.677586 -0.735444 -0.661956 0.749542 0.292637 117.054707 -0.623490 1.442520 200.000000 1.442520 0.215182 86.072639 -0.781831 1.548955 200.000000 1.548955 0.147967 59.186904 -0.623490 -2.679302 200.000000 -2.679302 0.104258 41.703345 0.781831 2.396878 200.000000 2.396878
 18.200000 -0.777190 -0.629266 0.787312 -0.616555 -2.251405 2.235156 -0.629266 -0.777190 -0.616555 0.787312 0.003337 1.334768 -0.623490 1.442520 200.000000 1.442520 0.002155 0.861857 -0.781831 1.548955 200.000000 1.548955 0.004809 1.923505 -0.623490 -2.679302 200.000000 -2.679302 0.003003 1.201277 0.781831 2.396878 200.000000 2.396878
 18.400000 -0.801671 -0.597765 0.812509 -0.582949 -2.211507 2.193149 -0.597765 -0.801671 -0.582949 0.812509 0.066176 26.470495 -0.623490 1.442520 200.000000 1.442520 0.039362 15.744794 -0.781831 1.548955 200.000000 1.548955 0.164358 65.743326 -0.623490 -2.679302 200.000000 -2.679302 0.094111 37.644358 0.781831 2.396878 200.000000 2.396878
 18.600000 -0.747974 -0.663728 0.751640 -0.659574 -2.296588 2.291048 -0.663728 -0.747974 -0.659574 0.751640 0.161908 64.763114 -0.623490 1.442520 200.000000 1.442520 0.114630 45.852060 -0.781831 1.548955 200.000000 1.548955 0.130208 52.083038 -0.623490 -2.679302 200.000000 -2.679302 0.091155 36.462103 0.781831 2.396878 200.000000 2.396878
 18.800000 -0.807743 -0.589535 0.789733 -0.613451 -2.201280 2.231219 -0.589535 -0.807743 -0.613451 0.789733 0.115291 46.116212 -0.623490 1.442520 200.000000 1.442520 0.067139 26.855405 -0.781831 1.548955 200.000000 1.548955 0.010078 4.031360 -0.623490 -2.679302 200.000000 -2.679302 0.006243 2.497381 0.781831 2.396878 200.000000 2.396878
 19.000000 -0.794381 -0.607420 0.771768 -0.635904 -2.223604 2.259976 -0.607420 -0.794381 -0.635904 0.771768 0.025825 10.330124 -0.623490 1.442520 200.000000 1.442520 0.015750 6.299819 -0.781831 1.548955 200.000000 1.548955 0.015411 6.164479 -0.623490 -2.679302 200.000000 -2.679302 0.010127 4.050804 0.781831 2.396878 200.000000 2.396878
 19.200000 -0.773512 -0.633781 0.743374 -0.668876 -2.257229 2.303492 -0.633781 -0.773512 -0.668876 0.743374 0.010592 4.236753 -0.623490 1.442520 200.000000 1.442520 0.006921 2.768461 -0.781831 1.548955 200.000000 1.548955 0.205988 82.395250 -0.623490 -2.679302 200.000000 -2.679302 0.147896 59.158349 0.781831 2.396878 200.000000 2.396878
 19.400000 -0.763960 -0.645264 0.721704 -0.692202 -2.272165 2.335332 -0.645264 -0.763960 -0.692202 0.721704 0.047411 18.964434 -0.623490 1.442520 200.000000 1.442520 0.031940 12.775939 -0.781831 1.548955 200.000000 1.548955 0.472136 188.854510 -0.623490 -2.679302 200.000000 -2.679302 0.361533 144.613359 0.781831 2.396878 200.000000 2.396878
 19.600000 -0.769927 -0.638132 0.816062 -0.577964 -2.262866 2.187028 -0.638132 -0.769927 -0.577964 0.816062 0.021440 8.576054 -0.623490 1.442520 200.000000 1.442520 0.014172 5.668889 -0.781831 1.548955 200.000000 1.548955 0.207257 82.902667 -0.623490 -2.679302 200.000000 -2.679302 0.117173 46.869168 0.781831 2.396878 200.000000 2.396878
 19.800000 -0.851189 -0.524860 0.768452 -0.639908 -2.123347 2.265175 -0.524860 -0.851189 -0.639908 0.768452 0.972786 389.114573 -0.623490 1.442520 200.000000 1.442520 0.481042 192.416679 -0.781831 1.548955 200.000000 1.548955 0.026956 10.782315 -0.623490 -2.679302 200.000000 -2.679302 0.017902 7.160944 0.781831 2.396878 200.000000 2.396878
 20.000000 -0.780906 -0.624648 0.757638 -0.652675 -2.245477 2.281906 -0.624648 -0.780906 -0.652675 0.757638 0.000134 0.053685 -0.623490 1.442520 200.000000 1.442520 0.000086 0.034245 -0.781831 1.548955 200.000000 1.548955 0.085179 34.071446 -0.623490 -2.679302 200.000000 -2.679302 0.058533 23.413273 0.781831 2.396878 200.000000 2.396878
