#! FIELDS time sin_phi cos_phi sin_psi cos_psi phi psi cos_phi sin_phi cos_psi sin_psi restraint_phi_cos.bias restraint_phi_cos.force2 restraint_phi_cos.cos_phi_cntr restraint_phi_cos.cos_phi_work restraint_phi_cos.cos_phi_kappa restraint_phi_cos.work restraint_phi_sin.bias restraint_phi_sin.force2 restraint_phi_sin.sin_phi_cntr restraint_phi_sin.sin_phi_work restraint_phi_sin.sin_phi_kappa restraint_phi_sin.work restraint_psi_cos.bias restraint_psi_cos.force2 restraint_psi_cos.cos_psi_cntr restraint_psi_cos.cos_psi_work restraint_psi_cos.cos_psi_kappa restraint_psi_cos.work restraint_psi_sin.bias restraint_psi_sin.force2 restraint_psi_sin.sin_psi_cntr restraint_psi_sin.sin_psi_work restraint_psi_sin.sin_psi_kappa restraint_psi_sin.work
#! SET min_phi -pi
#! SET max_phi pi
#! SET min_psi -pi
#! SET max_psi pi
 0.000000 -0.999983 -0.005782 0.966116 0.258110 -1.576579 1.309731 -0.005782 -0.999983 0.258110 0.966116 0.000000 0.000000 -0.009747 0.000000 0.000000 0.000000 0.000000 0.000000 -0.999953 0.000000 0.000000 0.000000 0.000000 0.000000 0.256142 0.000000 0.000000 0.000000 0.000000 0.000000 0.966639 0.000000 0.000000 0.000000
 0.200000 -1.000000 -0.000273 0.834655 0.550772 -1.571069 0.987507 -0.000273 -1.000000 0.550772 0.834655 0.000897 0.035899 -0.009747 0.429322 20.000000 0.429322 0.000000 0.000001 -0.999953 0.008204 20.000000 0.008204 0.868068 34.722736 0.256142 0.437491 20.000000 0.437491 0.174197 6.967866 0.966639 0.079184 20.000000 0.079184
 0.400000 -0.998238 0.059345 0.982965 0.183794 -1.511417 1.385952 0.059345 -0.998238 0.183794 0.982965 0.095472 7.637795 -0.009747 0.576155 40.000000 0.576155 0.000059 0.004706 -0.999953 0.009175 40.000000 0.009175 0.104686 8.374893 0.256142 0.652613 40.000000 0.652613 0.005331 0.426448 0.966639 0.103850 40.000000 0.103850
 0.600000 -0.997905 0.064696 0.969720 0.244219 -1.506055 1.324082 0.064696 -0.997905 0.244219 0.969720 0.166250 19.949959 -0.009747 0.652745 60.000000 0.652745 0.000126 0.015092 -0.999953 0.009549 60.000000 0.009549 0.004265 0.511787 0.256142 0.812938 60.000000 0.812938 0.000285 0.034173 0.966639 0.126976 60.000000 0.126976
 0.800000 -0.999998 0.001912 0.948092 0.317996 -1.568884 1.247181 0.001912 -0.999998 0.317996 0.948092 0.005437 0.869943 -0.009747 0.745444 80.000000 0.745444 0.000000 0.000013 -0.999953 0.009931 80.000000 0.009931 0.153034 24.485484 0.256142 0.870378 80.000000 0.870378 0.013760 2.201537 0.966639 0.131253 80.000000 0.131253
 1.000000 -0.997908 -0.064650 0.983714 0.179739 -1.635492 1.390075 -0.064650 -0.997908 0.179739 0.983714 0.150720 30.144066 -0.009747 0.830208 100.000000 0.830208 0.000209 0.041800 -0.999953 0.010215 100.000000 0.010215 0.291870 58.374026 0.256142 0.906273 100.000000 0.906273 0.014578 2.915618 0.966639 0.133897 100.000000 0.133897
 1.200000 -0.998638 0.052174 0.985239 0.171182 -1.518599 1.398767 0.052174 -0.998638 0.171182 0.985239 0.230047 55.211170 -0.009747 0.926074 120.000000 0.926074 0.000104 0.024881 -0.999953 0.010632 120.000000 0.010632 0.433095 103.942685 0.256142 0.991987 120.000000 0.991987 0.020758 4.982003 0.966639 0.141235 120.000000 0.141235
 1.400000 -0.999101 0.042390 0.979964 0.199174 -1.528394 1.370281 0.042390 -0.999101 0.199174 0.979964 0.190275 53.277048 -0.009747 0.960904 140.000000 0.960904 0.000051 0.014206 -0.999953 0.010712 140.000000 0.010712 0.227174 63.608758 0.256142 1.092898 140.000000 1.092898 0.012429 3.480082 0.966639 0.149506 140.000000 0.149506
 1.600000 -0.999952 0.009818 0.961480 0.274873 -1.560979 1.292338 0.009818 -0.999952 0.274873 0.961480 0.030620 9.798451 -0.009747 1.006974 160.000000 1.006974 0.000000 0.000000 -0.999953 0.010844 160.000000 0.010844 0.028068 8.981639 0.256142 1.162347 160.000000 1.162347 0.002129 0.681243 0.966639 0.156234 160.000000 0.156234
 1.800000 -0.999841 -0.017813 0.970399 0.241507 -1.588610 1.326878 -0.017813 -0.999841 0.241507 0.970399 0.005856 2.108150 -0.009747 1.052340 180.000000 1.052340 0.000001 0.000400 -0.999953 0.010933 180.000000 0.010933 0.019278 6.940140 0.256142 1.193836 180.000000 1.193836 0.001272 0.458077 0.966639 0.158886 180.000000 0.158886
 2.000000 -0.986831 0.161754 0.941556 0.336856 -1.408329 1.227221 0.161754 -0.986831 0.336856 0.941556 2.941228 1176.491175 -0.009747 1.082515 200.000000 1.082515 0.017217 6.886760 -0.999953 0.011018 200.000000 0.011018 0.651464 260.585729 0.256142 1.220755 200.000000 1.220755 0.062915 25.165848 0.966639 0.161474 200.000000 0.161474
 2.200000 -0.999990 0.004457 0.882137 0.470993 -1.566339 1.080380 0.004457 -0.999990 0.470993 0.882137 0.602813 241.125394 -0.073184 1.322852 200.000000 1.322852 0.410830 164.331993 -0.935894 0.373061 200.000000 0.373061 2.067712 827.084822 0.327198 1.079472 200.000000 1.079472 0.038310 15.323887 0.901710 0.363060 200.000000 0.363060
 2.400000 -0.992021 -0.126074 0.864671 0.502339 -1.697207 1.044495 -0.126074 -0.992021 0.502339 0.864671 0.011123 4.449145 -0.136621 1.694891 200.000000 1.694891 1.444449 577.779455 -0.871836 1.549126 200.000000 1.549126 1.083396 433.358517 0.398253 0.765257 200.000000 0.765257 0.077786 31.114387 0.836781 0.998357 200.000000 0.998357
 2.600000 -0.950747 -0.309968 0.709993 0.704209 -1.885955 0.789489 -0.309968 -0.950747 0.704209 0.709993 1.208018 483.207087 -0.200058 1.770506 200.000000 1.770506 2.044040 817.616150 -0.807777 3.396860 200.000000 3.396860 5.517837 2207.134787 0.469308 0.159918 200.000000 0.159918 0.382644 153.057626 0.771851 1.895238 200.000000 1.895238
 2.800000 -0.964361 -0.264589 0.769951 0.638103 -1.838574 0.878764 -0.264589 -0.964361 0.638103 0.769951 0.000120 0.047871 -0.263495 1.343154 200.000000 1.343154 4.868316 1947.326282 -0.743719 5.785995 200.000000 5.785995 0.955315 382.126036 0.540363 -0.483092 200.000000 -0.483092 0.397262 158.904638 0.706922 3.076812 200.000000 3.076812
 3.000000 -0.895110 -0.445845 0.703402 0.710792 -2.032915 0.780173 -0.445845 -0.895110 0.710792 0.703402 1.414038 565.615346 -0.326932 0.778483 200.000000 0.778483 4.641858 1856.743331 -0.679660 8.681780 200.000000 8.681780 0.987523 395.009362 0.611418 -1.450489 200.000000 -1.450489 0.377107 150.842669 0.641993 4.217805 200.000000 4.217805
 3.200000 -0.855936 -0.517081 0.683052 0.730369 -2.114234 0.751934 -0.517081 -0.855936 0.730369 0.683052 1.605590 642.235906 -0.390369 -0.650133 200.000000 -0.650133 5.776073 2310.429399 -0.615602 11.651547 200.000000 11.651547 0.229406 91.762462 0.682473 -2.665629 200.000000 -2.665629 1.123355 449.342123 0.577064 5.113227 200.000000 5.113227
 3.400000 -0.806141 -0.591724 0.539724 0.841842 -2.203992 0.570109 -0.591724 -0.806141 0.841842 0.539724 1.902129 760.851642 -0.453806 -2.492738 200.000000 -2.492738 6.481977 2592.790675 -0.551543 14.710704 200.000000 14.710704 0.779934 311.973577 0.753528 -3.838752 200.000000 -3.838752 0.076117 30.446715 0.512135 5.767086 200.000000 5.767086
 3.600000 -0.746750 -0.665104 0.385705 0.922622 -2.298430 0.395972 -0.665104 -0.746750 0.922622 0.385705 2.186283 874.513012 -0.517243 -4.958645 200.000000 -4.958645 6.721865 2688.745971 -0.487485 17.396866 200.000000 17.396866 0.961159 384.463447 0.824583 -4.748307 200.000000 -4.748307 0.378227 151.290624 0.447205 6.202786 200.000000 6.202786
 3.800000 -0.578467 -0.815706 0.376209 0.926535 -2.524744 0.385702 -0.815706 -0.578467 0.926535 0.376209 5.523671 2209.468523 -0.580681 -7.440474 200.000000 -7.440474 2.403770 961.507854 -0.423426 20.089704 200.000000 20.089704 0.095458 38.183037 0.895638 -5.135204 200.000000 -5.135204 0.003681 1.472258 0.382276 6.729919 200.000000 6.729919
 4.000000 -0.521112 -0.853488 0.251754 0.967791 -2.593440 0.254492 -0.853488 -0.521112 0.967791 0.251754 4.383611 1753.444211 -0.644118 -10.227025 200.000000 -10.227025 2.616105 1046.441904 -0.359368 22.144869 200.000000 22.144869 0.078953 31.581312 0.939693 -5.275720 200.000000 -5.275720 0.814797 325.918697 0.342020 6.652892 200.000000 6.652892
 4.200000 -0.459650 -0.888100 0.291037 0.956712 -2.663992 0.295311 -0.888100 -0.459650 0.956712 0.291037 3.259660 1303.864013 -0.707555 -12.859998 200.000000 -12.859998 2.700780 1080.312192 -0.295309 23.877606 200.000000 23.877606 0.028965 11.586106 0.939693 -5.275720 200.000000 -5.275720 0.259928 103.971339 0.342020 6.652892 200.000000 6.652892
 4.400000 -0.309424 -0.950924 0.305744 0.952114 -2.827005 0.310720 -0.950924 -0.309424 0.952114 0.305744 3.237554 1295.021588 -0.770992 -15.180214 200.000000 -15.180214 0.611108 244.443354 -0.231251 25.352833 200.000000 25.352833 0.015428 6.171240 0.939693 -5.275720 200.000000 -5.275720 0.131593 52.637020 0.342020 6.652892 200.000000 6.652892
 4.600000 -0.333714 -0.942674 0.219324 0.975652 -2.801351 0.221122 -0.942674 -0.333714 0.975652 0.219324 1.171700 468.679937 -0.834429 -17.136451 200.000000 -17.136451 2.772955 1109.181994 -0.167193 26.456706 200.000000 26.456706 0.129308 51.723303 0.939693 -5.275720 200.000000 -5.275720 1.505434 602.173626 0.342020 6.652892 200.000000 6.652892
 4.800000 -0.270361 -0.962759 0.348866 0.937173 -2.867825 0.356360 -0.962759 -0.270361 0.937173 0.348866 0.421109 168.443487 -0.897866 -18.481720 200.000000 -18.481720 2.796471 1118.588324 -0.103134 27.617421 200.000000 27.617421 0.000635 0.253995 0.939693 -5.275720 200.000000 -5.275720 0.004686 1.874469 0.342020 6.652892 200.000000 6.652892
 5.000000 -0.101124 -0.994874 0.281241 0.959637 -3.040295 0.285087 -0.994874 -0.101124 0.959637 0.281241 0.112697 45.078992 -0.961303 -19.240343 200.000000 -19.240343 0.385003 154.001272 -0.039076 28.424556 200.000000 28.424556 0.039779 15.911470 0.939693 -5.275720 200.000000 -5.275720 0.369412 147.764866 0.342020 6.652892 200.000000 6.652892
 5.200000 -0.046663 -0.998911 0.235298 0.971923 -3.094913 0.237525 -0.998911 -0.046663 0.971923 0.235298 0.000119 0.047464 -1.000000 -19.354730 200.000000 -19.354730 0.217745 87.097856 -0.000000 28.858395 200.000000 28.858395 0.103882 41.552869 0.939693 -5.275720 200.000000 -5.275720 1.138971 455.588303 0.342020 6.652892 200.000000 6.652892
 5.400000 -0.017535 -0.999846 0.407090 0.913388 -3.124057 0.419266 -0.999846 -0.017535 0.913388 0.407090 0.000002 0.000945 -1.000000 -19.354730 200.000000 -19.354730 0.030746 12.298556 -0.000000 28.858395 200.000000 28.858395 0.069192 27.676989 0.939693 -5.275720 200.000000 -5.275720 0.423405 169.362193 0.342020 6.652892 200.000000 6.652892
 5.600000 -0.010428 -0.999946 0.357015 0.934099 -3.131164 0.365070 -0.999946 -0.010428 0.934099 0.357015 0.000000 0.000118 -1.000000 -19.354730 200.000000 -19.354730 0.010875 4.350021 -0.000000 28.858395 200.000000 28.858395 0.003129 1.251620 0.939693 -5.275720 200.000000 -5.275720 0.022483 8.993270 0.342020 6.652892 200.000000 6.652892
 5.800000 -0.059666 -0.998218 0.409303 0.912398 -3.081891 0.421691 -0.998218 -0.059666 0.912398 0.409303 0.000317 0.126963 -1.000000 -19.354730 200.000000 -19.354730 0.356001 142.400453 -0.000000 28.858395 200.000000 28.858395 0.074498 29.799166 0.939693 -5.275720 200.000000 -5.275720 0.452704 181.081741 0.342020 6.652892 200.000000 6.652892
 6.000000 -0.121498 -0.992592 0.356529 0.934284 -3.019794 0.364550 -0.992592 -0.121498 0.934284 0.356529 0.005488 2.195298 -1.000000 -19.354730 200.000000 -19.354730 1.476166 590.466251 -0.000000 28.858395 200.000000 28.858395 0.002925 1.170018 0.939693 -5.275720 200.000000 -5.275720 0.021051 8.420289 0.342020 6.652892 200.000000 6.652892
 6.200000 0.046447 -0.998921 0.330422 0.943833 3.095129 0.336751 -0.998921 0.046447 0.943833 0.330422 0.000116 0.046592 -1.000000 -19.354730 200.000000 -19.354730 0.215736 86.294253 -0.000000 28.858395 200.000000 28.858395 0.001714 0.685778 0.939693 -5.275720 200.000000 -5.275720 0.013451 5.380420 0.342020 6.652892 200.000000 6.652892
 6.400000 -0.066986 -0.997754 0.264954 0.964261 -3.074557 0.268157 -0.997754 -0.066986 0.964261 0.264954 0.000504 0.201794 -1.000000 -19.354730 200.000000 -19.354730 0.448710 179.484039 -0.000000 28.858395 200.000000 28.858395 0.060360 24.144105 0.939693 -5.275720 200.000000 -5.275720 0.593913 237.565233 0.342020 6.652892 200.000000 6.652892
 6.600000 -0.057528 -0.998344 0.445779 0.895143 -3.084033 0.462044 -0.998344 -0.057528 0.895143 0.445779 0.000274 0.109710 -1.000000 -19.354730 200.000000 -19.354730 0.330951 132.380251 -0.000000 28.858395 200.000000 28.858395 0.198466 79.386468 0.939693 -5.275720 200.000000 -5.275720 1.076589 430.635565 0.342020 6.652892 200.000000 6.652892
 6.800000 -0.150791 -0.988566 0.363115 0.931744 -2.990225 0.371609 -0.988566 -0.150791 0.931744 0.363115 0.013074 5.229704 -1.000000 -19.354730 200.000000 -19.354730 2.273780 909.512127 -0.000000 28.858395 200.000000 28.858395 0.006317 2.526935 0.939693 -5.275720 200.000000 -5.275720 0.044498 17.799188 0.342020 6.652892 200.000000 6.652892
 7.000000 -0.118034 -0.993010 0.393228 0.919441 -3.023283 0.404140 -0.993010 -0.118034 0.919441 0.393228 0.004887 1.954632 -1.000000 -19.354730 200.000000 -19.354730 1.393195 557.278009 -0.000000 28.858395 200.000000 28.858395 0.041013 16.405033 0.939693 -5.275720 200.000000 -5.275720 0.262223 104.889168 0.342020 6.652892 200.000000 6.652892
 7.200000 -0.019504 -0.999810 0.300053 0.953922 -3.122087 0.304749 -0.999810 -0.019504 0.953922 0.300053 0.000004 0.001447 -1.000000 -19.354730 200.000000 -19.354730 0.038041 15.216454 -0.000000 28.858395 200.000000 28.858395 0.020249 8.099491 0.939693 -5.275720 200.000000 -5.275720 0.176121 70.448484 0.342020 6.652892 200.000000 6.652892
 7.400000 0.003294 -0.999995 0.337799 0.941218 3.138299 0.344578 -0.999995 0.003294 0.941218 0.337799 0.000000 0.000001 -1.000000 -19.354730 200.000000 -19.354730 0.001085 0.433920 -0.000000 28.858395 200.000000 28.858395 0.000233 0.093086 0.939693 -5.275720 200.000000 -5.275720 0.001781 0.712580 0.342020 6.652892 200.000000 6.652892
 7.600000 0.036905 -0.999319 0.402630 0.915363 3.104679 0.414388 -0.999319 0.036905 0.915363 0.402630 0.000046 0.018563 -1.000000 -19.354730 200.000000 -19.354730 0.136201 54.480571 -0.000000 28.858395 200.000000 28.858395 0.059194 23.677790 0.939693 -5.275720 200.000000 -5.275720 0.367358 146.943391 0.342020 6.652892 200.000000 6.652892
 7.800000 -0.124876 -0.992172 0.409513 0.912304 -3.016390 0.421920 -0.992172 -0.124876 0.912304 0.409513 0.006127 2.450866 -1.000000 -19.354730 200.000000 -19.354730 1.559397 623.758801 -0.000000 28.858395 200.000000 28.858395 0.075011 30.004449 0.939693 -5.275720 200.000000 -5.275720 0.455523 182.209258 0.342020 6.652892 200.000000 6.652892
 8.000000 -0.124942 -0.992164 0.430589 0.902548 -3.016323 0.445145 -0.992164 -0.124942 0.902548 0.430589 0.006140 2.456103 -1.000000 -19.354730 200.000000 -19.354730 1.561056 624.422243 -0.000000 28.858395 200.000000 28.858395 0.137970 55.187949 0.939693 -5.275720 200.000000 -5.275720 0.784437 313.774689 0.342020 6.652892 200.000000 6.652892
 8.200000 -0.004834 -0.999988 0.384893 0.922961 -3.136759 0.395092 -0.999988 -0.004834 0.922961 0.384893 0.000000 0.000005 -1.000000 -19.354730 200.000000 -19.354730 0.002336 0.934518 -0.000000 28.858395 200.000000 28.858395 0.027994 11.197684 0.939693 -5.275720 200.000000 -5.275720 0.183809 73.523688 0.342020 6.652892 200.000000 6.652892
 8.400000 0.021903 -0.999760 0.376908 0.926251 3.119688 0.386456 -0.999760 0.021903 0.926251 0.376908 0.000006 0.002302 -1.000000 -19.354730 200.000000 -19.354730 0.047974 19.189730 -0.000000 28.858395 200.000000 28.858395 0.018068 7.227318 0.939693 -5.275720 200.000000 -5.275720 0.121715 48.685918 0.342020 6.652892 200.000000 6.652892
 8.600000 -0.037942 -0.999280 0.252798 0.967519 -3.103641 0.255571 -0.999280 -0.037942 0.967519 0.252798 0.000052 0.020740 -1.000000 -19.354730 200.000000 -19.354730 0.143962 57.584833 -0.000000 28.858395 200.000000 28.858395 0.077432 30.972641 0.939693 -5.275720 200.000000 -5.275720 0.796064 318.425676 0.342020 6.652892 200.000000 6.652892
 8.800000 -0.093485 -0.995621 0.376439 0.926441 -3.047971 0.385950 -0.995621 -0.093485 0.926441 0.376439 0.001918 0.767129 -1.000000 -19.354730 200.000000 -19.354730 0.873941 349.576478 -0.000000 28.858395 200.000000 28.858395 0.017559 7.023788 0.939693 -5.275720 200.000000 -5.275720 0.118466 47.386312 0.342020 6.652892 200.000000 6.652892
 9.000000 -0.032543 -0.999470 0.406600 0.913606 -3.109044 0.418730 -0.999470 -0.032543 0.913606 0.406600 0.000028 0.011222 -1.000000 -19.354730 200.000000 -19.354730 0.105906 42.362475 -0.000000 28.858395 200.000000 28.858395 0.068051 27.220270 0.939693 -5.275720 200.000000 -5.275720 0.417061 166.824480 0.342020 6.652892 200.000000 6.652892
 9.200000 -0.094017 -0.995571 0.254943 0.966956 -3.047437 0.257789 -0.995571 -0.094017 0.966956 0.254943 0.001962 0.784788 -1.000000 -19.354730 200.000000 -19.354730 0.883921 353.568341 -0.000000 28.858395 200.000000 28.858395 0.074330 29.731980 0.939693 -5.275720 200.000000 -5.275720 0.758247 303.298671 0.342020 6.652892 200.000000 6.652892
 9.400000 -0.113138 -0.993579 0.348703 0.937233 -3.028212 0.356186 -0.993579 -0.113138 0.937233 0.348703 0.004123 1.649042 -1.000000 -19.354730 200.000000 -19.354730 1.280028 512.011053 -0.000000 28.858395 200.000000 28.858395 0.000605 0.241908 0.939693 -5.275720 200.000000 -5.275720 0.004466 1.786225 0.342020 6.652892 200.000000 6.652892
 9.600000 -0.079177 -0.996861 0.268361 0.963318 -3.062332 0.271691 -0.996861 -0.079177 0.963318 0.268361 0.000986 0.394244 -1.000000 -19.354730 200.000000 -19.354730 0.626903 250.761168 -0.000000 28.858395 200.000000 28.858395 0.055818 22.327197 0.939693 -5.275720 200.000000 -5.275720 0.542569 217.027516 0.342020 6.652892 200.000000 6.652892
 9.800000 -0.038667 -0.999252 0.302925 0.953015 -3.102916 0.307760 -0.999252 -0.038667 0.953015 0.302925 0.000056 0.022371 -1.000000 -19.354730 200.000000 -19.354730 0.149513 59.805341 -0.000000 28.858395 200.000000 28.858395 0.017747 7.098918 0.939693 -5.275720 200.000000 -5.275720 0.152846 61.138385 0.342020 6.652892 200.000000 6.652892
 10.000000 -0.043045 -0.999073 0.351989 0.936004 -3.098535 0.359695 -0.999073 -0.043045 0.936004 0.351989 0.000086 0.034362 -1.000000 -19.354730 200.000000 -19.354730 0.185285 74.114074 -0.000000 28.858395 200.000000 28.858395 0.001361 0.544203 0.939693 -5.275720 200.000000 -5.275720 0.009938 3.975171 0.342020 6.652892 200.000000 6.652892
 10.200000 -0.037735 -0.999288 0.357217 0.934021 -3.103848 0.365287 -0.999288 -0.037735 0.934021 0.357217 0.000051 0.020291 -1.000000 -19.354730 200.000000 -19.354730 0.142395 56.957970 -0.000000 28.858395 200.000000 28.858395 0.003216 1.286488 0.939693 -5.275720 200.000000 -5.275720 0.023094 9.237692 0.342020 6.652892 200.000000 6.652892
 10.400000 -0.048765 -0.998810 0.336374 0.941728 -3.092809 0.343064 -0.998810 -0.048765 0.941728 0.336374 0.000142 0.056615 -1.000000 -19.354730 200.000000 -19.354730 0.237798 95.119068 -0.000000 28.858395 200.000000 28.858395 0.000414 0.165777 0.939693 -5.275720 200.000000 -5.275720 0.003188 1.275067 0.342020 6.652892 200.000000 6.652892
 10.600000 -0.003531 -0.999994 0.431876 0.901933 -3.138061 0.446572 -0.999994 -0.003531 0.901933 0.431876 0.000000 0.000002 -1.000000 -19.354730 200.000000 -19.354730 0.001247 0.498807 -0.000000 28.858395 200.000000 28.858395 0.142579 57.031644 0.939693 -5.275720 200.000000 -5.275720 0.807408 322.963290 0.342020 6.652892 200.000000 6.652892
 10.800000 -0.098027 -0.995184 0.382475 0.923966 -3.043408 0.392474 -0.995184 -0.098027 0.923966 0.382475 0.002320 0.927831 -1.000000 -19.354730 200.000000 -19.354730 0.960920 384.368006 -0.000000 28.858395 200.000000 28.858395 0.024734 9.893444 0.939693 -5.275720 200.000000 -5.275720 0.163662 65.464929 0.342020 6.652892 200.000000 6.652892
 11.000000 -0.051244 -0.998686 0.387494 0.921872 -3.090327 0.397911 -0.998686 -0.051244 0.921872 0.387494 0.000173 0.069045 -1.000000 -19.354730 200.000000 -19.354730 0.262592 105.036610 -0.000000 28.858395 200.000000 28.858395 0.031756 12.702524 0.939693 -5.275720 200.000000 -5.275720 0.206785 82.714042 0.342020 6.652892 200.000000 6.652892
 11.200000 0.047156 -0.998888 0.282244 0.959343 3.094420 0.286132 -0.998888 0.047156 0.959343 0.282244 0.000124 0.049501 -1.000000 -19.354730 200.000000 -19.354730 0.222365 88.945822 -0.000000 28.858395 200.000000 28.858395 0.038613 15.445127 0.939693 -5.275720 200.000000 -5.275720 0.357323 142.929330 0.342020 6.652892 200.000000 6.652892
 11.400000 -0.081648 -0.996661 0.389524 0.921016 -3.059854 0.400115 -0.996661 -0.081648 0.921016 0.389524 0.001115 0.445888 -1.000000 -19.354730 200.000000 -19.354730 0.666634 266.653553 -0.000000 28.858395 200.000000 28.858395 0.034880 13.952127 0.939693 -5.275720 200.000000 -5.275720 0.225661 90.264368 0.342020 6.652892 200.000000 6.652892
 11.600000 -0.027035 -0.999634 0.297671 0.954669 -3.114555 0.302252 -0.999634 -0.027035 0.954669 0.297671 0.000013 0.005344 -1.000000 -19.354730 200.000000 -19.354730 0.073087 29.234915 -0.000000 28.858395 200.000000 28.858395 0.022428 8.971204 0.939693 -5.275720 200.000000 -5.275720 0.196687 78.674875 0.342020 6.652892 200.000000 6.652892
 11.800000 -0.171345 -0.985211 0.341283 0.939961 -2.969398 0.348281 -0.985211 -0.171345 0.939961 0.341283 0.021871 8.748453 -1.000000 -19.354730 200.000000 -19.354730 2.935907 1174.362902 -0.000000 28.858395 200.000000 28.858395 0.000007 0.002874 0.939693 -5.275720 200.000000 -5.275720 0.000054 0.021746 0.342020 6.652892 200.000000 6.652892
 12.000000 -0.156198 -0.987726 0.360982 0.932573 -2.984752 0.369321 -0.987726 -0.156198 0.932573 0.360982 0.015066 6.026336 -1.000000 -19.354730 200.000000 -19.354730 2.439794 975.917561 -0.000000 28.858395 200.000000 28.858395 0.005069 2.027778 0.939693 -5.275720 200.000000 -5.275720 0.035957 14.382728 0.342020 6.652892 200.000000 6.652892
 12.200000 -0.076327 -0.997083 0.343350 0.939208 -3.065191 0.350481 -0.997083 -0.076327 0.939208 0.343350 0.000851 0.340400 -1.000000 -19.354730 200.000000 -19.354730 0.582587 233.034712 -0.000000 28.858395 200.000000 28.858395 0.000024 0.009407 0.939693 -5.275720 200.000000 -5.275720 0.000177 0.070698 0.342020 6.652892 200.000000 6.652892
 12.400000 -0.064683 -0.997906 0.430066 0.902797 -3.076865 0.444566 -0.997906 -0.064683 0.902797 0.430066 0.000439 0.175413 -1.000000 -19.354730 200.000000 -19.354730 0.418384 167.353760 -0.000000 28.858395 200.000000 28.858395 0.136125 54.450195 0.939693 -5.275720 200.000000 -5.275720 0.775208 310.083164 0.342020 6.652892 200.000000 6.652892
 12.600000 -0.130347 -0.991468 0.353823 0.935312 -3.010873 0.361655 -0.991468 -0.130347 0.935312 0.353823 0.007279 2.911527 -1.000000 -19.354730 200.000000 -19.354730 1.699041 679.616376 -0.000000 28.858395 200.000000 28.858395 0.001919 0.767422 0.939693 -5.275720 200.000000 -5.275720 0.013930 5.572070 0.342020 6.652892 200.000000 6.652892
 12.800000 -0.076380 -0.997079 0.356232 0.934398 -3.065138 0.364232 -0.997079 -0.076380 0.934398 0.356232 0.000853 0.341346 -1.000000 -19.354730 200.000000 -19.354730 0.583395 233.357823 -0.000000 28.858395 200.000000 28.858395 0.002804 1.121516 0.939693 -5.275720 200.000000 -5.275720 0.020198 8.079076 0.342020 6.652892 200.000000 6.652892
 13.000000 -0.100841 -0.994903 0.397966 0.917400 -3.040580 0.409298 -0.994903 -0.100841 0.917400 0.397966 0.002598 1.039355 -1.000000 -19.354730 200.000000 -19.354730 1.016889 406.755784 -0.000000 28.858395 200.000000 28.858395 0.049695 19.878038 0.939693 -5.275720 200.000000 -5.275720 0.312992 125.196948 0.342020 6.652892 200.000000 6.652892
 13.200000 -0.046598 -0.998914 0.314655 0.949206 -3.094978 0.320093 -0.998914 -0.046598 0.949206 0.314655 0.000118 0.047201 -1.000000 -19.354730 200.000000 -19.354730 0.217139 86.855732 -0.000000 28.858395 200.000000 28.858395 0.009051 3.620261 0.939693 -5.275720 200.000000 -5.275720 0.074885 29.954092 0.342020 6.652892 200.000000 6.652892
 13.400000 0.006773 -0.999977 0.331782 0.943356 3.134819 0.338192 -0.999977 0.006773 0.943356 0.331782 0.000000 0.000021 -1.000000 -19.354730 200.000000 -19.354730 0.004588 1.835059 -0.000000 28.858395 200.000000 28.858395 0.001342 0.536818 0.939693 -5.275720 200.000000 -5.275720 0.010482 4.192619 0.342020 6.652892 200.000000 6.652892
 13.600000 0.028754 -0.999587 0.295629 0.955303 3.112834 0.300113 -0.999587 0.028754 0.955303 0.295629 0.000017 0.006839 -1.000000 -19.354730 200.000000 -19.354730 0.082682 33.072605 -0.000000 28.858395 200.000000 28.858395 0.024368 9.747299 0.939693 -5.275720 200.000000 -5.275720 0.215218 86.087022 0.342020 6.652892 200.000000 6.652892
 13.800000 -0.120011 -0.992773 0.380676 0.924708 -3.021291 0.390527 -0.992773 -0.120011 0.924708 0.380676 0.005224 2.089453 -1.000000 -19.354730 200.000000 -19.354730 1.440271 576.108202 -0.000000 28.858395 200.000000 28.858395 0.022452 8.980989 0.939693 -5.275720 200.000000 -5.275720 0.149428 59.771111 0.342020 6.652892 200.000000 6.652892
 14.000000 -0.023153 -0.999732 0.383141 0.923690 -3.118438 0.393194 -0.999732 -0.023153 0.923690 0.383141 0.000007 0.002874 -1.000000 -19.354730 200.000000 -19.354730 0.053605 21.442073 -0.000000 28.858395 200.000000 28.858395 0.025609 10.243411 0.939693 -5.275720 200.000000 -5.275720 0.169091 67.636301 0.342020 6.652892 200.000000 6.652892
 14.200000 -0.006828 -0.999977 0.465520 0.885038 -3.134764 0.484222 -0.999977 -0.006828 0.885038 0.465520 0.000000 0.000022 -1.000000 -19.354730 200.000000 -19.354730 0.004662 1.864982 -0.000000 28.858395 200.000000 28.858395 0.298717 119.486825 0.939693 -5.275720 200.000000 -5.275720 1.525210 610.083970 0.342020 6.652892 200.000000 6.652892
 14.400000 -0.020569 -0.999788 0.363835 0.931463 -3.121022 0.372382 -0.999788 -0.020569 0.931463 0.363835 0.000004 0.001790 -1.000000 -19.354730 200.000000 -19.354730 0.042309 16.923668 -0.000000 28.858395 200.000000 28.858395 0.006772 2.708779 0.939693 -5.275720 200.000000 -5.275720 0.047589 19.035422 0.342020 6.652892 200.000000 6.652892
 14.600000 -0.105545 -0.994415 0.337548 0.941308 -3.035851 0.344311 -0.994415 -0.105545 0.941308 0.337548 0.003120 1.247900 -1.000000 -19.354730 200.000000 -19.354730 1.113975 445.589960 -0.000000 28.858395 200.000000 28.858395 0.000261 0.104408 0.939693 -5.275720 200.000000 -5.275720 0.002000 0.799915 0.342020 6.652892 200.000000 6.652892
 14.800000 -0.053295 -0.998579 0.389692 0.920945 -3.088272 0.400297 -0.998579 -0.053295 0.920945 0.389692 0.000202 0.080791 -1.000000 -19.354730 200.000000 -19.354730 0.284036 113.614399 -0.000000 28.858395 200.000000 28.858395 0.035147 14.058779 0.939693 -5.275720 200.000000 -5.275720 0.227264 90.905531 0.342020 6.652892 200.000000 6.652892
 15.000000 -0.085976 -0.996297 0.433591 0.901110 -3.055511 0.448474 -0.996297 -0.085976 0.901110 0.433591 0.001371 0.548415 -1.000000 -19.354730 200.000000 -19.354730 0.739180 295.671823 -0.000000 28.858395 200.000000 28.858395 0.148864 59.545603 0.939693 -5.275720 200.000000 -5.275720 0.838525 335.409832 0.342020 6.652892 200.000000 6.652892
 15.200000 -0.069215 -0.997602 0.295752 0.955265 -3.072322 0.300243 -0.997602 -0.069215 0.955265 0.295752 0.000575 0.230063 -1.000000 -19.354730 200.000000 -19.354730 0.479073 191.629279 -0.000000 28.858395 200.000000 28.858395 0.024249 9.699698 0.939693 -5.275720 200.000000 -5.275720 0.214075 85.630049 0.342020 6.652892 200.000000 6.652892
 15.400000 -0.104705 -0.994503 0.324969 0.945725 -3.036695 0.330979 -0.994503 -0.104705 0.945725 0.324969 0.003021 1.208554 -1.000000 -19.354730 200.000000 -19.354730 1.096321 438.528493 -0.000000 28.858395 200.000000 28.858395 0.003639 1.455475 0.939693 -5.275720 200.000000 -5.275720 0.029075 11.630075 0.342020 6.652892 200.000000 6.652892
 15.600000 -0.048550 -0.998821 0.303521 0.952825 -3.093023 0.308386 -0.998821 -0.048550 0.952825 0.303521 0.000139 0.055626 -1.000000 -19.354730 200.000000 -19.354730 0.235713 94.285328 -0.000000 28.858395 200.000000 28.858395 0.017245 6.898112 0.939693 -5.275720 200.000000 -5.275720 0.148218 59.287367 0.342020 6.652892 200.000000 6.652892
 15.800000 -0.116869 -0.993147 0.373912 0.927464 -3.024456 0.383223 -0.993147 -0.116869 0.927464 0.373912 0.004696 1.878382 -1.000000 -19.354730 200.000000 -19.354730 1.365845 546.337885 -0.000000 28.858395 200.000000 28.858395 0.014953 5.981375 0.939693 -5.275720 200.000000 -5.275720 0.101709 40.683560 0.342020 6.652892 200.000000 6.652892
 16.000000 -0.127724 -0.991810 0.296180 0.955132 -3.013518 0.300690 -0.991810 -0.127724 0.955132 0.296180 0.006708 2.683235 -1.000000 -19.354730 200.000000 -19.354730 1.631350 652.540096 -0.000000 28.858395 200.000000 28.858395 0.023838 9.535247 0.939693 -5.275720 200.000000 -5.275720 0.210134 84.053662 0.342020 6.652892 200.000000 6.652892
 16.200000 -0.010442 -0.999945 0.253273 0.967395 -3.131151 0.256062 -0.999945 -0.010442 0.967395 0.253273 0.000000 0.000119 -1.000000 -19.354730 200.000000 -19.354730 0.010903 4.361048 -0.000000 28.858395 200.000000 28.858395 0.076741 30.696360 0.939693 -5.275720 200.000000 -5.275720 0.787600 315.040136 0.342020 6.652892 200.000000 6.652892
 16.400000 -0.087807 -0.996137 0.380733 0.924685 -3.053672 0.390588 -0.996137 -0.087807 0.924685 0.380733 0.001492 0.596762 -1.000000 -19.354730 200.000000 -19.354730 0.771012 308.404827 -0.000000 28.858395 200.000000 28.858395 0.022522 9.008944 0.939693 -5.275720 200.000000 -5.275720 0.149866 59.946274 0.342020 6.652892 200.000000 6.652892
 16.600000 -0.148039 -0.988982 0.435083 0.900390 -2.993007 0.450131 -0.988982 -0.148039 0.900390 0.435083 0.012141 4.856277 -1.000000 -19.354730 200.000000 -19.354730 2.191556 876.622217 -0.000000 28.858395 200.000000 28.858395 0.154469 61.787498 0.939693 -5.275720 200.000000 -5.275720 0.866079 346.431533 0.342020 6.652892 200.000000 6.652892
 16.800000 -0.020479 -0.999790 0.344699 0.938713 -3.121112 0.351918 -0.999790 -0.020479 0.938713 0.344699 0.000004 0.001759 -1.000000 -19.354730 200.000000 -19.354730 0.041939 16.775509 -0.000000 28.858395 200.000000 28.858395 0.000096 0.038354 0.939693 -5.275720 200.000000 -5.275720 0.000717 0.286963 0.342020 6.652892 200.000000 6.652892
 17.000000 -0.065266 -0.997868 0.419606 0.907707 -3.076280 0.433011 -0.997868 -0.065266 0.907707 0.419606 0.000455 0.181834 -1.000000 -19.354730 200.000000 -19.354730 0.425965 170.386188 -0.000000 28.858395 200.000000 28.858395 0.102311 40.924412 0.939693 -5.275720 200.000000 -5.275720 0.601950 240.780155 0.342020 6.652892 200.000000 6.652892
 17.200000 -0.089814 -0.995959 0.337046 0.941488 -3.051657 0.343778 -0.995959 -0.089814 0.941488 0.337046 0.001633 0.653337 -1.000000 -19.354730 200.000000 -19.354730 0.806659 322.663625 -0.000000 28.858395 200.000000 28.858395 0.000322 0.128940 0.939693 -5.275720 200.000000 -5.275720 0.002474 0.989520 0.342020 6.652892 200.000000 6.652892
 17.400000 -0.092911 -0.995674 0.367938 0.929850 -3.048547 0.376790 -0.995674 -0.092911 0.929850 0.367938 0.001871 0.748426 -1.000000 -19.354730 200.000000 -19.354730 0.863245 345.297966 -0.000000 28.858395 200.000000 28.858395 0.009687 3.874777 0.939693 -5.275720 200.000000 -5.275720 0.067173 26.869051 0.342020 6.652892 200.000000 6.652892
 17.600000 -0.089644 -0.995974 0.333533 0.942738 -3.051828 0.340049 -0.995974 -0.089644 0.942738 0.333533 0.001621 0.648381 -1.000000 -19.354730 200.000000 -19.354730 0.803600 321.440010 -0.000000 28.858395 200.000000 28.858395 0.000928 0.371051 0.939693 -5.275720 200.000000 -5.275720 0.007203 2.881060 0.342020 6.652892 200.000000 6.652892
 17.800000 -0.141561 -0.989929 0.370078 0.929001 -2.999554 0.379093 -0.989929 -0.141561 0.929001 0.370078 0.010142 4.056616 -1.000000 -19.354730 200.000000 -19.354730 2.003963 801.585120 -0.000000 28.858395 200.000000 28.858395 0.011432 4.572750 0.939693 -5.275720 200.000000 -5.275720 0.078725 31.490070 0.342020 6.652892 200.000000 6.652892
 18.000000 -0.061638 -0.998099 0.274460 0.961598 -3.079916 0.278028 -0.998099 -0.061638 0.961598 0.274460 0.000362 0.144617 -1.000000 -19.354730 200.000000 -19.354730 0.379924 151.969741 -0.000000 28.858395 200.000000 28.858395 0.047986 19.194561 0.939693 -5.275720 200.000000 -5.275720 0.456433 182.573072 0.342020 6.652892 200.000000 6.652892
 18.200000 -0.147999 -0.988988 0.333127 0.942882 -2.993048 0.339618 -0.988988 -0.147999 0.942882 0.333127 0.012127 4.850956 -1.000000 -19.354730 200.000000 -19.354730 2.190361 876.144523 -0.000000 28.858395 200.000000 28.858395 0.001017 0.406878 0.939693 -5.275720 200.000000 -5.275720 0.007909 3.163525 0.342020 6.652892 200.000000 6.652892
 18.400000 -0.098391 -0.995148 0.370624 0.928783 -3.043042 0.379681 -0.995148 -0.098391 0.928783 0.370624 0.002354 0.941760 -1.000000 -19.354730 200.000000 -19.354730 0.968089 387.235447 -0.000000 28.858395 200.000000 28.858395 0.011902 4.760776 0.939693 -5.275720 200.000000 -5.275720 0.081818 32.727081 0.342020 6.652892 200.000000 6.652892
 18.600000 -0.057136 -0.998366 0.254254 0.967137 -3.084425 0.257076 -0.998366 -0.057136 0.967137 0.254254 0.000267 0.106747 -1.000000 -19.354730 200.000000 -19.354730 0.326455 130.582171 -0.000000 28.858395 200.000000 28.858395 0.075322 30.128794 0.939693 -5.275720 200.000000 -5.275720 0.770289 308.115637 0.342020 6.652892 200.000000 6.652892
 18.800000 -0.100750 -0.994912 0.316905 0.948457 -3.040671 0.322465 -0.994912 -0.100750 0.948457 0.316905 0.002589 1.035617 -1.000000 -19.354730 200.000000 -19.354730 1.015064 406.025540 -0.000000 28.858395 200.000000 28.858395 0.007682 3.072701 0.939693 -5.275720 200.000000 -5.275720 0.063075 25.230197 0.342020 6.652892 200.000000 6.652892
 19.000000 -0.146432 -0.989221 0.262501 0.964932 -2.994632 0.265614 -0.989221 -0.146432 0.964932 0.262501 0.011619 4.647672 -1.000000 -19.354730 200.000000 -19.354730 2.144227 857.690770 -0.000000 28.858395 200.000000 28.858395 0.063701 25.480295 0.939693 -5.275720 200.000000 -5.275720 0.632324 252.929553 0.342020 6.652892 200.000000 6.652892
 19.200000 -0.115236 -0.993338 0.314508 0.949255 -3.026100 0.319939 -0.993338 -0.115236 0.949255 0.314508 0.004438 1.775245 -1.000000 -19.354730 200.000000 -19.354730 1.327945 531.177986 -0.000000 28.858395 200.000000 28.858395 0.009143 3.657311 0.939693 -5.275720 200.000000 -5.275720 0.075689 30.275702 0.342020 6.652892 200.000000 6.652892
 19.400000 -0.073037 -0.997329 0.305025 0.952344 -3.068491 0.309964 -0.997329 -0.073037 0.952344 0.305025 0.000713 0.285318 -1.000000 -19.354730 200.000000 -19.354730 0.533439 213.375516 -0.000000 28.858395 200.000000 28.858395 0.016007 6.402753 0.939693 -5.275720 200.000000 -5.275720 0.136867 54.746624 0.342020 6.652892 200.000000 6.652892
 19.600000 -0.170601 -0.985340 0.339845 0.940481 -2.970153 0.346753 -0.985340 -0.170601 0.940481 0.339845 0.021491 8.596403 -1.000000 -19.354730 200.000000 -19.354730 2.910471 1164.188488 -0.000000 28.858395 200.000000 28.858395 0.000062 0.024881 0.939693 -5.275720 200.000000 -5.275720 0.000473 0.189173 0.342020 6.652892 200.000000 6.652892
 19.800000 -0.089932 -0.995948 0.350523 0.936554 -3.051539 0.358129 -0.995948 -0.089932 0.936554 0.350523 0.001642 0.656786 -1.000000 -19.354730 200.000000 -19.354730 0.808782 323.512665 -0.000000 28.858395 200.000000 28.858395 0.000985 0.393994 0.939693 -5.275720 200.000000 -5.275720 0.007230 2.891855 0.342020 6.652892 200.000000 6.652892
 20.000000 -0.059425 -0.998233 0.487521 0.873111 -3.082133 0.509248 -0.998233 -0.059425 0.873111 0.487521 0.000312 0.124920 -1.000000 -19.354730 200.000000 -19.354730 0.353128 141.251308 -0.000000 28.858395 200.000000 28.858395 0.443305 177.322094 0.939693 -5.275720 200.000000 -5.275720 2.117040 846.816047 0.342020 6.652892 200.000000 6.652892
