#! FIELDS time sin_phi cos_phi sin_psi cos_psi phi psi cos_phi sin_phi cos_psi sin_psi restraint_phi_cos.bias restraint_phi_cos.force2 restraint_phi_cos.cos_phi_cntr restraint_phi_cos.cos_phi_work restraint_phi_cos.cos_phi_kappa restraint_phi_cos.work restraint_phi_sin.bias restraint_phi_sin.force2 restraint_phi_sin.sin_phi_cntr restraint_phi_sin.sin_phi_work restraint_phi_sin.sin_phi_kappa restraint_phi_sin.work restraint_psi_cos.bias restraint_psi_cos.force2 restraint_psi_cos.cos_psi_cntr restraint_psi_cos.cos_psi_work restraint_psi_cos.cos_psi_kappa restraint_psi_cos.work restraint_psi_sin.bias restraint_psi_sin.force2 restraint_psi_sin.sin_psi_cntr restraint_psi_sin.sin_psi_work restraint_psi_sin.sin_psi_kappa restraint_psi_sin.work
#! SET min_phi -pi
#! SET max_phi pi
#! SET min_psi -pi
#! SET max_psi pi
 0.000000 -0.999983 -0.005782 0.966116 0.258110 -1.576579 1.309731 -0.005782 -0.999983 0.258110 0.966116 0.000000 0.000000 -0.009747 0.000000 0.000000 0.000000 0.000000 0.000000 -0.999953 0.000000 0.000000 0.000000 0.000000 0.000000 0.256142 0.000000 0.000000 0.000000 0.000000 0.000000 0.966639 0.000000 0.000000 0.000000
 0.200000 -1.000000 -0.000264 0.834655 0.550773 -1.571061 0.987507 -0.000264 -1.000000 0.550773 0.834655 0.000899 0.035966 -0.009747 0.429324 20.000000 0.429324 0.000000 0.000001 -0.999953 0.008204 20.000000 0.008204 0.868070 34.722782 0.256142 0.437493 20.000000 0.437493 0.174197 6.967880 0.966639 0.079185 20.000000 0.079185
 0.400000 -0.998238 0.059342 0.982965 0.183795 -1.511420 1.385951 0.059342 -0.998238 0.183795 0.982965 0.095463 7.637058 -0.009747 0.576154 40.000000 0.576154 0.000059 0.004705 -0.999953 0.009175 40.000000 0.009175 0.104684 8.374688 0.256142 0.652618 40.000000 0.652618 0.005330 0.426439 0.966639 0.103852 40.000000 0.103852
 0.600000 -0.997904 0.064707 0.969723 0.244208 -1.506044 1.324093 0.064707 -0.997904 0.244208 0.969723 0.166301 19.956128 -0.009747 0.652736 60.000000 0.652736 0.000126 0.015103 -0.999953 0.009549 60.000000 0.009549 0.004273 0.512732 0.256142 0.812939 60.000000 0.812939 0.000285 0.034235 0.966639 0.126976 60.000000 0.126976
 0.800000 -0.999998 0.001900 0.948100 0.317973 -1.568897 1.247205 0.001900 -0.999998 0.317973 0.948100 0.005425 0.868039 -0.009747 0.745437 80.000000 0.745437 0.000000 0.000013 -0.999953 0.009931 80.000000 0.009931 0.152921 24.467429 0.256142 0.870379 80.000000 0.870379 0.013748 2.199722 0.966639 0.131253 80.000000 0.131253
 1.000000 -0.997909 -0.064641 0.983718 0.179719 -1.635483 1.390096 -0.064641 -0.997909 0.179719 0.983718 0.150672 30.134477 -0.009747 0.830210 100.000000 0.830210 0.000209 0.041777 -0.999953 0.010215 100.000000 0.010215 0.292028 58.405667 0.256142 0.906275 100.000000 0.906275 0.014585 2.916910 0.966639 0.133897 100.000000 0.133897
 1.200000 -0.998636 0.052207 0.985239 0.171186 -1.518566 1.398763 0.052207 -0.998636 0.171186 0.985239 0.230294 55.270595 -0.009747 0.926077 120.000000 0.926077 0.000104 0.024947 -0.999953 0.010632 120.000000 0.010632 0.433057 103.933787 0.256142 0.991984 120.000000 0.991984 0.020757 4.981665 0.966639 0.141235 120.000000 0.141235
 1.400000 -0.999101 0.042382 0.979960 0.199194 -1.528402 1.370261 0.042382 -0.999101 0.199194 0.979960 0.190214 53.259857 -0.009747 0.960908 140.000000 0.960908 0.000051 0.014194 -0.999953 0.010712 140.000000 0.010712 0.227021 63.565762 0.256142 1.092899 140.000000 1.092899 0.012422 3.478038 0.966639 0.149507 140.000000 0.149507
 1.600000 -0.999952 0.009768 0.961488 0.274846 -1.561028 1.292366 0.009768 -0.999952 0.274846 0.961488 0.030466 9.748973 -0.009747 1.006979 160.000000 1.006979 0.000000 0.000000 -0.999953 0.010844 160.000000 0.010844 0.027987 8.955922 0.256142 1.162342 160.000000 1.162342 0.002123 0.679219 0.966639 0.156234 160.000000 0.156234
 1.800000 -0.999841 -0.017854 0.970382 0.241575 -1.588651 1.326807 -0.017854 -0.999841 0.241575 0.970382 0.005915 2.129495 -0.009747 1.052323 180.000000 1.052323 0.000001 0.000406 -0.999953 0.010933 180.000000 0.010933 0.019098 6.875227 0.256142 1.193817 180.000000 1.193817 0.001261 0.453925 0.966639 0.158885 180.000000 0.158885
 2.000000 -0.986844 0.161678 0.941597 0.336743 -1.408406 1.227341 0.161678 -0.986844 0.336743 0.941597 2.938627 1175.450891 -0.009747 1.082490 200.000000 1.082490 0.017184 6.873721 -0.999953 0.011018 200.000000 0.011018 0.649644 259.857531 0.256142 1.220700 200.000000 1.220700 0.062712 25.084911 0.966639 0.161468 200.000000 0.161468
 2.200000 -0.995489 0.094877 0.879334 0.476206 -1.475776 1.074461 0.094877 -0.995489 0.476206 0.879334 0.726233 290.493381 0.009658 1.013565 200.000000 1.013565 0.443120 177.248007 -0.928922 0.478424 200.000000 0.478424 2.220362 888.144924 0.327198 1.073054 200.000000 1.073054 0.050070 20.027908 0.901710 0.360517 200.000000 0.360517
 2.400000 -0.999037 0.043878 0.868139 0.496320 -1.526904 1.051441 0.043878 -0.999037 0.496320 0.868139 0.021952 8.780938 0.029062 0.892556 200.000000 0.892556 1.992217 796.886605 -0.857891 1.955705 200.000000 1.955705 0.961729 384.691734 0.398253 0.740999 200.000000 0.740999 0.098337 39.334857 0.836781 0.989090 200.000000 0.989090
 2.600000 -0.995732 -0.092290 0.769829 0.638250 -1.663218 0.878573 -0.092290 -0.995732 0.638250 0.769829 1.981232 792.492927 0.048466 0.785408 200.000000 0.785408 4.362747 1745.098752 -0.786860 4.416684 200.000000 4.416684 2.854164 1141.665622 0.469308 0.079234 200.000000 0.079234 0.000409 0.163648 0.771851 1.863737 200.000000 1.863737
 2.800000 -0.993759 0.111551 0.760130 0.649772 -1.459012 0.863513 0.111551 -0.993759 0.649772 0.760130 0.190805 76.322072 0.067870 0.655844 200.000000 0.655844 7.724464 3089.785511 -0.715829 7.842872 200.000000 7.842872 1.197026 478.810283 0.540363 -0.570316 200.000000 -0.570316 0.283102 113.240730 0.706922 3.049744 200.000000 3.049744
 3.000000 -0.996527 0.083276 0.738659 0.674080 -1.487424 0.831078 0.083276 -0.996527 0.674080 0.738659 0.001598 0.639333 0.087274 0.434077 200.000000 0.434077 12.371242 4948.496993 -0.644799 12.223856 200.000000 12.223856 0.392647 157.058911 0.611418 -1.551785 200.000000 -1.551785 0.934426 373.770339 0.641993 4.188737 200.000000 4.188737
 3.200000 -0.995923 0.090210 0.764240 0.644932 -1.480464 0.869862 0.090210 -0.995923 0.644932 0.764240 0.027122 10.848709 0.106678 0.180434 200.000000 0.180434 17.821470 7128.587892 -0.573768 17.535768 200.000000 17.535768 0.140935 56.374099 0.682473 -2.681145 200.000000 -2.681145 3.503497 1401.398956 0.577064 5.133347 200.000000 5.133347
 3.400000 -0.973426 0.229000 0.629077 0.777343 -1.339746 0.680366 0.229000 -0.973426 0.777343 0.629077 1.059212 423.684893 0.126082 -0.086489 200.000000 -0.086489 22.154823 8861.929009 -0.502737 23.790002 200.000000 23.790002 0.056713 22.685052 0.753528 -3.750376 200.000000 -3.750376 1.367562 547.024771 0.512135 5.903634 200.000000 5.903634
 3.600000 -0.959463 0.281835 0.475360 0.879791 -1.285090 0.495373 0.281835 -0.959463 0.879791 0.475360 1.859087 743.634866 0.145487 -0.529896 200.000000 -0.529896 27.852687 11141.074994 -0.431706 30.857606 200.000000 30.857606 0.304793 121.917242 0.824583 -4.596298 200.000000 -4.596298 0.079268 31.707061 0.447205 6.499723 200.000000 6.499723
 3.800000 -0.923111 0.384534 0.355611 0.934634 -1.176093 0.363567 0.384534 -0.923111 0.934634 0.355611 4.824340 1929.735953 0.164891 -1.187980 200.000000 -1.187980 31.633304 12653.321639 -0.360676 38.602610 200.000000 38.602610 0.152067 60.826678 0.895638 -5.088759 200.000000 -5.088759 0.071105 28.442104 0.382276 6.875311 200.000000 6.875311
 4.000000 -0.931097 0.364773 0.351993 0.936003 -1.197408 0.359699 0.364773 -0.931097 0.936003 0.351993 3.257226 1302.890442 0.184295 -2.147602 200.000000 -2.147602 41.146022 16458.408930 -0.289645 46.791938 200.000000 46.791938 0.001361 0.544587 0.939693 -5.188982 200.000000 -5.188982 0.009945 3.977932 0.342020 6.914026 200.000000 6.914026
 4.200000 -0.796229 0.604995 0.399465 0.916749 -0.921036 0.410933 0.604995 -0.796229 0.916749 0.399465 16.103873 6441.549148 0.203699 -3.359378 200.000000 -3.359378 33.363896 13345.558234 -0.218614 55.364639 200.000000 55.364639 0.052643 21.057135 0.939693 -5.188982 200.000000 -5.188982 0.329987 131.994908 0.342020 6.914026 200.000000 6.914026
 4.400000 -0.672224 0.740347 0.395437 0.918493 -0.737209 0.406544 0.740347 -0.672224 0.918493 0.395437 26.754169 10701.667661 0.223103 -4.934708 200.000000 -4.934708 27.524821 11009.928541 -0.147583 63.836318 200.000000 63.836318 0.044942 17.976862 0.939693 -5.188982 200.000000 -5.188982 0.285337 114.134883 0.342020 6.914026 200.000000 6.914026
 4.600000 -0.590252 0.807219 0.241313 0.970447 -0.631371 0.243718 0.807219 -0.590252 0.970447 0.241313 31.889963 12755.985253 0.242507 -7.042089 200.000000 -7.042089 26.388678 10555.471282 -0.076553 71.138514 200.000000 71.138514 0.094586 37.834317 0.939693 -5.188982 200.000000 -5.188982 1.014200 405.679939 0.342020 6.914026 200.000000 6.914026
 4.800000 0.010959 0.999940 0.303219 0.952921 0.010959 0.308069 0.999940 0.010959 0.952921 0.303219 54.468627 21787.450909 0.261911 -9.628394 200.000000 -9.628394 0.027161 10.864271 -0.005522 75.631630 200.000000 75.631630 0.017499 6.999468 0.939693 -5.188982 200.000000 -5.188982 0.150552 60.220924 0.342020 6.914026 200.000000 6.914026
 5.000000 0.574244 0.818684 0.325263 0.945624 0.611680 0.331289 0.818684 0.574244 0.945624 0.325263 28.876529 11550.611442 0.281315 -12.300016 200.000000 -12.300016 25.881136 10352.454412 0.065509 72.944162 200.000000 72.944162 0.003518 1.407110 0.939693 -5.188982 200.000000 -5.188982 0.028081 11.232508 0.342020 6.914026 200.000000 6.914026
 5.200000 0.593049 0.805166 0.304977 0.952360 0.634840 0.309915 0.805166 0.593049 0.952360 0.304977 25.446660 10178.663969 0.300720 -14.529434 200.000000 -14.529434 20.840083 8336.033204 0.136540 67.403002 200.000000 67.403002 0.016045 6.418053 0.939693 -5.188982 200.000000 -5.188982 0.137216 54.886321 0.342020 6.914026 200.000000 6.914026
 5.400000 0.693384 0.720568 0.312041 0.950069 0.766175 0.317340 0.720568 0.693384 0.950069 0.312041 16.035551 6414.220487 0.320124 -16.617234 200.000000 -16.617234 23.601536 9440.614329 0.207570 62.529079 200.000000 62.529079 0.010766 4.306492 0.939693 -5.188982 200.000000 -5.188982 0.089875 35.950175 0.342020 6.914026 200.000000 6.914026
 5.600000 0.708475 0.705736 0.375578 0.926791 0.787335 0.385020 0.705736 0.708475 0.926791 0.375578 13.410847 5364.338619 0.339528 -18.233982 200.000000 -18.233982 18.479146 7391.658571 0.278601 56.565215 200.000000 56.565215 0.016646 6.658282 0.939693 -5.188982 200.000000 -5.188982 0.112613 45.045131 0.342020 6.914026 200.000000 6.914026
 5.800000 0.785675 0.618639 0.394306 0.918979 0.903787 0.405312 0.618639 0.785675 0.918979 0.394306 6.744789 2697.915412 0.358932 -19.683218 200.000000 -19.683218 19.013379 7605.351454 0.349632 51.247512 200.000000 51.247512 0.042904 17.161713 0.939693 -5.188982 200.000000 -5.188982 0.273379 109.351774 0.342020 6.914026 200.000000 6.914026
 6.000000 0.721374 0.692546 0.412557 0.910932 0.805784 0.425259 0.692546 0.721374 0.910932 0.412557 9.872772 3949.108998 0.378336 -20.831457 200.000000 -20.831457 9.042731 3617.092595 0.420663 46.138629 200.000000 46.138629 0.082718 33.087334 0.939693 -5.188982 200.000000 -5.188982 0.497544 199.017456 0.342020 6.914026 200.000000 6.914026
 6.200000 0.781254 0.624214 0.351404 0.936224 0.896672 0.359070 0.624214 0.781254 0.936224 0.351404 5.129022 2051.608876 0.397740 -21.847262 200.000000 -21.847262 8.384519 3353.807445 0.491693 41.849401 200.000000 41.849401 0.001203 0.481271 0.939693 -5.188982 200.000000 -5.188982 0.008806 3.522238 0.342020 6.914026 200.000000 6.914026
 6.400000 0.856938 0.515419 0.310404 0.950605 1.029300 0.315618 0.515419 0.856938 0.950605 0.310404 0.965790 386.316193 0.417144 -22.617431 200.000000 -22.617431 8.656201 3462.480231 0.562724 38.072463 200.000000 38.072463 0.011907 4.762844 0.939693 -5.188982 200.000000 -5.188982 0.099955 39.982133 0.342020 6.914026 200.000000 6.914026
 6.600000 0.791826 0.610746 0.310477 0.950581 0.913794 0.315695 0.610746 0.791826 0.950581 0.310477 3.034481 1213.792452 0.436548 -23.234773 200.000000 -23.234773 2.498665 999.465839 0.633755 35.083105 200.000000 35.083105 0.011855 4.742172 0.939693 -5.188982 200.000000 -5.188982 0.099497 39.798737 0.342020 6.914026 200.000000 6.914026
 6.800000 0.825497 0.564407 0.290514 0.956871 0.971082 0.294764 0.564407 0.825497 0.956871 0.290514 1.176228 470.491160 0.455953 -23.709736 200.000000 -23.709736 1.457122 582.848709 0.704786 32.934239 200.000000 32.934239 0.029509 11.803423 0.939693 -5.188982 200.000000 -5.188982 0.265286 106.114424 0.342020 6.914026 200.000000 6.914026
 7.000000 0.810137 0.586241 0.259316 0.965793 0.944385 0.262313 0.586241 0.810137 0.965793 0.259316 1.229536 491.814217 0.475357 -24.030060 200.000000 -24.030060 0.117788 47.115144 0.775816 31.588051 200.000000 31.588051 0.068121 27.248440 0.939693 -5.188982 200.000000 -5.188982 0.684004 273.601702 0.342020 6.914026 200.000000 6.914026
 7.200000 0.891316 0.453384 0.288683 0.957425 1.100239 0.292851 0.453384 0.891316 0.957425 0.288683 0.171209 68.483469 0.494761 -24.170333 200.000000 -24.170333 0.197744 79.097678 0.846847 31.016494 200.000000 31.016494 0.031442 12.576973 0.939693 -5.188982 200.000000 -5.188982 0.284482 113.792602 0.342020 6.914026 200.000000 6.914026
 7.400000 0.909727 0.415207 0.258531 0.966003 1.142626 0.261501 0.415207 0.909727 0.966003 0.258531 0.718990 287.595987 0.500000 -24.207715 200.000000 -24.207715 0.190984 76.393491 0.866025 31.062307 200.000000 31.062307 0.069223 27.689359 0.939693 -5.188982 200.000000 -5.188982 0.697044 278.817451 0.342020 6.914026 200.000000 6.914026
 7.600000 0.870691 0.491830 0.300971 0.953633 1.056606 0.305711 0.491830 0.870691 0.953633 0.300971 0.006675 2.669990 0.500000 -24.207715 200.000000 -24.207715 0.002177 0.870816 0.866025 31.062307 200.000000 31.062307 0.019434 7.773573 0.939693 -5.188982 200.000000 -5.188982 0.168500 67.400161 0.342020 6.914026 200.000000 6.914026
 7.800000 0.867149 0.498049 0.263861 0.964561 1.049449 0.267023 0.498049 0.867149 0.964561 0.263861 0.000381 0.152290 0.500000 -24.207715 200.000000 -24.207715 0.000126 0.050500 0.866025 31.062307 200.000000 31.062307 0.061842 24.736941 0.939693 -5.188982 200.000000 -5.188982 0.610887 244.354721 0.342020 6.914026 200.000000 6.914026
 8.000000 0.860406 0.509609 0.315377 0.948966 1.036067 0.320854 0.509609 0.860406 0.948966 0.315377 0.009232 3.692982 0.500000 -24.207715 200.000000 -24.207715 0.003157 1.262945 0.866025 31.062307 200.000000 31.062307 0.008600 3.440111 0.939693 -5.188982 200.000000 -5.188982 0.070985 28.393812 0.342020 6.914026 200.000000 6.914026
 8.200000 0.864773 0.502163 0.327572 0.944826 1.044699 0.333733 0.502163 0.864773 0.944826 0.327572 0.000468 0.187082 0.500000 -24.207715 200.000000 -24.207715 0.000157 0.062721 0.866025 31.062307 200.000000 31.062307 0.002635 1.054096 0.939693 -5.188982 200.000000 -5.188982 0.020874 8.349485 0.342020 6.914026 200.000000 6.914026
 8.400000 0.850396 0.526143 0.326181 0.945307 1.016738 0.332261 0.526143 0.850396 0.945307 0.326181 0.068343 27.337292 0.500000 -24.207715 200.000000 -24.207715 0.024427 9.770636 0.866025 31.062307 200.000000 31.062307 0.003152 1.260971 0.939693 -5.188982 200.000000 -5.188982 0.025087 10.034903 0.342020 6.914026 200.000000 6.914026
 8.600000 0.859784 0.510658 0.249615 0.968345 1.034847 0.252283 0.510658 0.859784 0.968345 0.249615 0.011358 4.543350 0.500000 -24.207715 200.000000 -24.207715 0.003895 1.558111 0.866025 31.062307 200.000000 31.062307 0.082097 32.838609 0.939693 -5.188982 200.000000 -5.188982 0.853867 341.546984 0.342020 6.914026 200.000000 6.914026
 8.800000 0.874480 0.485062 0.289734 0.957107 1.064363 0.293948 0.485062 0.874480 0.957107 0.289734 0.022315 8.926167 0.500000 -24.207715 200.000000 -24.207715 0.007148 2.859177 0.866025 31.062307 200.000000 31.062307 0.030327 12.130918 0.939693 -5.188982 200.000000 -5.188982 0.273389 109.355644 0.342020 6.914026 200.000000 6.914026
 9.000000 0.842046 0.539406 0.285435 0.958398 1.001065 0.289461 0.539406 0.842046 0.958398 0.285435 0.155282 62.112687 0.500000 -24.207715 200.000000 -24.207715 0.057501 23.000569 0.866025 31.062307 200.000000 31.062307 0.034989 13.995534 0.939693 -5.188982 200.000000 -5.188982 0.320182 128.072906 0.342020 6.914026 200.000000 6.914026
 9.200000 0.879702 0.475526 0.407846 0.913051 1.075234 0.420094 0.475526 0.879702 0.913051 0.407846 0.059898 23.959045 0.500000 -24.207715 200.000000 -24.207715 0.018704 7.481601 0.866025 31.062307 200.000000 31.062307 0.070979 28.391705 0.939693 -5.188982 200.000000 -5.188982 0.433306 173.322271 0.342020 6.914026 200.000000 6.914026
 9.400000 0.892218 0.451606 0.249167 0.968461 1.102232 0.251820 0.451606 0.892218 0.968461 0.249167 0.234201 93.680215 0.500000 -24.207715 200.000000 -24.207715 0.068603 27.441268 0.866025 31.062307 200.000000 31.062307 0.082759 33.103785 0.939693 -5.188982 200.000000 -5.188982 0.862173 344.869142 0.342020 6.914026 200.000000 6.914026
 9.600000 0.907072 0.420975 0.343036 0.939322 1.136276 0.350147 0.420975 0.907072 0.939322 0.343036 0.624497 249.798616 0.500000 -24.207715 200.000000 -24.207715 0.168485 67.393854 0.866025 31.062307 200.000000 31.062307 0.000014 0.005483 0.939693 -5.188982 200.000000 -5.188982 0.000103 0.041247 0.342020 6.914026 200.000000 6.914026
 9.800000 0.831806 0.555067 0.289276 0.957246 0.982353 0.293470 0.555067 0.831806 0.957246 0.289276 0.303239 121.295763 0.500000 -24.207715 200.000000 -24.207715 0.117100 46.840010 0.866025 31.062307 200.000000 31.062307 0.030812 12.324675 0.939693 -5.188982 200.000000 -5.188982 0.278200 111.279806 0.342020 6.914026 200.000000 6.914026
 10.000000 0.806627 0.591061 0.279726 0.960080 0.938422 0.283508 0.591061 0.806627 0.960080 0.279726 0.829216 331.686358 0.500000 -24.207715 200.000000 -24.207715 0.352821 141.128489 0.866025 31.062307 200.000000 31.062307 0.041565 16.625821 0.939693 -5.188982 200.000000 -5.188982 0.388062 155.224688 0.342020 6.914026 200.000000 6.914026
 10.200000 0.853372 0.521302 0.200000 0.979796 1.022420 0.201358 0.521302 0.853372 0.979796 0.200000 0.045378 18.151144 0.500000 -24.207715 200.000000 -24.207715 0.016010 6.404125 0.866025 31.062307 200.000000 31.062307 0.160828 64.331169 0.939693 -5.188982 200.000000 -5.188982 2.016983 806.793315 0.342020 6.914026 200.000000 6.914026
 10.400000 0.874888 0.484325 0.197949 0.980212 1.065205 0.199265 0.484325 0.874888 0.980212 0.197949 0.024570 9.827984 0.500000 -24.207715 200.000000 -24.207715 0.007855 3.141863 0.866025 31.062307 200.000000 31.062307 0.164185 65.674015 0.939693 -5.188982 200.000000 -5.188982 2.075657 830.262808 0.342020 6.914026 200.000000 6.914026
 10.600000 0.877260 0.480015 0.371263 0.928528 1.070124 0.380369 0.480015 0.877260 0.928528 0.371263 0.039939 15.975482 0.500000 -24.207715 200.000000 -24.207715 0.012622 5.048736 0.866025 31.062307 200.000000 31.062307 0.012466 4.986210 0.939693 -5.188982 200.000000 -5.188982 0.085515 34.206029 0.342020 6.914026 200.000000 6.914026
 10.800000 0.817035 0.576588 0.310745 0.950493 0.956250 0.315977 0.576588 0.817035 0.950493 0.310745 0.586565 234.626196 0.500000 -24.207715 200.000000 -24.207715 0.240002 96.000971 0.866025 31.062307 200.000000 31.062307 0.011665 4.666171 0.939693 -5.188982 200.000000 -5.188982 0.097813 39.125118 0.342020 6.914026 200.000000 6.914026
 11.000000 0.857671 0.514199 0.414287 0.910146 1.030723 0.427159 0.514199 0.857671 0.910146 0.414287 0.020162 8.064645 0.500000 -24.207715 200.000000 -24.207715 0.006980 2.791967 0.866025 31.062307 200.000000 31.062307 0.087298 34.919168 0.939693 -5.188982 200.000000 -5.188982 0.522247 208.898639 0.342020 6.914026 200.000000 6.914026
 11.200000 0.855754 0.517383 0.350496 0.936564 1.027006 0.358101 0.517383 0.855754 0.936564 0.350496 0.030217 12.086943 0.500000 -24.207715 200.000000 -24.207715 0.010550 4.220176 0.866025 31.062307 200.000000 31.062307 0.000979 0.391493 0.939693 -5.188982 200.000000 -5.188982 0.007184 2.873747 0.342020 6.914026 200.000000 6.914026
 11.400000 0.814345 0.580381 0.282571 0.959246 0.951600 0.286473 0.580381 0.814345 0.959246 0.282571 0.646104 258.441680 0.500000 -24.207715 200.000000 -24.207715 0.267083 106.833114 0.866025 31.062307 200.000000 31.062307 0.038235 15.293921 0.939693 -5.188982 200.000000 -5.188982 0.353418 141.367313 0.342020 6.914026 200.000000 6.914026
 11.600000 0.850428 0.526091 0.328752 0.944416 1.016799 0.334982 0.526091 0.850428 0.944416 0.328752 0.068075 27.230054 0.500000 -24.207715 200.000000 -24.207715 0.024327 9.730974 0.866025 31.062307 200.000000 31.062307 0.002231 0.892520 0.939693 -5.188982 200.000000 -5.188982 0.017604 7.041740 0.342020 6.914026 200.000000 6.914026
 11.800000 0.842719 0.538354 0.265477 0.964117 1.002313 0.268699 0.538354 0.842719 0.964117 0.265477 0.147106 58.842354 0.500000 -24.207715 200.000000 -24.207715 0.054321 21.728375 0.866025 31.062307 200.000000 31.062307 0.059656 23.862220 0.939693 -5.188982 200.000000 -5.188982 0.585880 234.352175 0.342020 6.914026 200.000000 6.914026
 12.000000 0.855427 0.517924 0.374754 0.927124 1.026374 0.384131 0.517924 0.855427 0.927124 0.374754 0.032126 12.850464 0.500000 -24.207715 200.000000 -24.207715 0.011233 4.493238 0.866025 31.062307 200.000000 31.062307 0.015796 6.318464 0.939693 -5.188982 200.000000 -5.188982 0.107150 42.859833 0.342020 6.914026 200.000000 6.914026
 12.200000 0.827909 0.560862 0.444103 0.895976 0.975370 0.460173 0.560862 0.827909 0.895976 0.444103 0.370416 148.166515 0.500000 -24.207715 200.000000 -24.207715 0.145283 58.113138 0.866025 31.062307 200.000000 31.062307 0.191119 76.447413 0.939693 -5.188982 200.000000 -5.188982 1.042100 416.840078 0.342020 6.914026 200.000000 6.914026
 12.400000 0.843836 0.536601 0.414287 0.910147 1.004392 0.427159 0.536601 0.843836 0.910147 0.414287 0.133967 53.586718 0.500000 -24.207715 200.000000 -24.207715 0.049238 19.695140 0.866025 31.062307 200.000000 31.062307 0.087297 34.918905 0.939693 -5.188982 200.000000 -5.188982 0.522243 208.897229 0.342020 6.914026 200.000000 6.914026
 12.600000 0.870255 0.492602 0.373510 0.927626 1.055719 0.382790 0.492602 0.870255 0.927626 0.373510 0.005472 2.188999 0.500000 -24.207715 200.000000 -24.207715 0.001789 0.715413 0.866025 31.062307 200.000000 31.062307 0.014560 5.823864 0.939693 -5.188982 200.000000 -5.188982 0.099159 39.663655 0.342020 6.914026 200.000000 6.914026
 12.800000 0.862838 0.505480 0.206903 0.978362 1.040858 0.208408 0.505480 0.862838 0.978362 0.206903 0.003003 1.201246 0.500000 -24.207715 200.000000 -24.207715 0.001016 0.406310 0.866025 31.062307 200.000000 31.062307 0.149528 59.811343 0.939693 -5.188982 200.000000 -5.188982 1.825671 730.268581 0.342020 6.914026 200.000000 6.914026
 13.000000 0.860650 0.509198 0.210318 0.977633 1.036544 0.211900 0.509198 0.860650 0.977633 0.210318 0.008460 3.383990 0.500000 -24.207715 200.000000 -24.207715 0.002890 1.156007 0.866025 31.062307 200.000000 31.062307 0.143948 57.579210 0.939693 -5.188982 200.000000 -5.188982 1.734555 693.821865 0.342020 6.914026 200.000000 6.914026
 13.200000 0.838165 0.545417 0.210964 0.977494 0.993910 0.212561 0.545417 0.838165 0.977494 0.210964 0.206272 82.508794 0.500000 -24.207715 200.000000 -24.207715 0.077622 31.048699 0.866025 31.062307 200.000000 31.062307 0.142893 57.157225 0.939693 -5.188982 200.000000 -5.188982 1.717570 687.027922 0.342020 6.914026 200.000000 6.914026
 13.400000 0.856906 0.515472 0.290796 0.956785 1.029238 0.295059 0.515472 0.856906 0.956785 0.290796 0.023939 9.575425 0.500000 -24.207715 200.000000 -24.207715 0.008316 3.326273 0.866025 31.062307 200.000000 31.062307 0.029215 11.686108 0.939693 -5.188982 200.000000 -5.188982 0.262392 104.956745 0.342020 6.914026 200.000000 6.914026
 13.600000 0.870951 0.491370 0.253902 0.967230 1.057134 0.256712 0.491370 0.870951 0.967230 0.253902 0.007448 2.979076 0.500000 -24.207715 200.000000 -24.207715 0.002426 0.970433 0.866025 31.062307 200.000000 31.062307 0.075831 30.332398 0.939693 -5.188982 200.000000 -5.188982 0.776487 310.594967 0.342020 6.914026 200.000000 6.914026
 13.800000 0.865199 0.501429 0.434879 0.900489 1.045547 0.449904 0.501429 0.865199 0.900489 0.434879 0.000204 0.081698 0.500000 -24.207715 200.000000 -24.207715 0.000068 0.027337 0.866025 31.062307 200.000000 31.062307 0.153695 61.477884 0.939693 -5.188982 200.000000 -5.188982 0.862284 344.913677 0.342020 6.914026 200.000000 6.914026
 14.000000 0.853925 0.520396 0.377820 0.925879 1.023481 0.387441 0.520396 0.853925 0.925879 0.377820 0.041601 16.640286 0.500000 -24.207715 200.000000 -24.207715 0.014642 5.856885 0.866025 31.062307 200.000000 31.062307 0.019082 7.632621 0.939693 -5.188982 200.000000 -5.188982 0.128164 51.265515 0.342020 6.914026 200.000000 6.914026
 14.200000 0.866399 0.499353 0.342793 0.939411 1.047945 0.349888 0.499353 0.866399 0.939411 0.342793 0.000042 0.016761 0.500000 -24.207715 200.000000 -24.207715 0.000014 0.005577 0.866025 31.062307 200.000000 31.062307 0.000008 0.003170 0.939693 -5.188982 200.000000 -5.188982 0.000060 0.023867 0.342020 6.914026 200.000000 6.914026
 14.400000 0.858804 0.512304 0.259999 0.965609 1.032931 0.263021 0.512304 0.858804 0.965609 0.259999 0.015139 6.055791 0.500000 -24.207715 200.000000 -24.207715 0.005215 2.085935 0.866025 31.062307 200.000000 31.062307 0.067166 26.866378 0.939693 -5.188982 200.000000 -5.188982 0.672755 269.101852 0.342020 6.914026 200.000000 6.914026
 14.600000 0.859342 0.511401 0.243629 0.969869 1.033981 0.246106 0.511401 0.859342 0.969869 0.243629 0.012999 5.199740 0.500000 -24.207715 200.000000 -24.207715 0.004467 1.786757 0.866025 31.062307 200.000000 31.062307 0.091059 36.423406 0.939693 -5.188982 200.000000 -5.188982 0.968083 387.233397 0.342020 6.914026 200.000000 6.914026
 14.800000 0.877918 0.478812 0.310278 0.950646 1.071495 0.315485 0.478812 0.877918 0.950646 0.310278 0.044893 17.957387 0.500000 -24.207715 200.000000 -24.207715 0.014142 5.656882 0.866025 31.062307 200.000000 31.062307 0.011997 4.798964 0.939693 -5.188982 200.000000 -5.188982 0.100757 40.302730 0.342020 6.914026 200.000000 6.914026
 15.000000 0.843621 0.536940 0.353630 0.935385 1.003991 0.361449 0.536940 0.843621 0.935385 0.353630 0.136455 54.581940 0.500000 -24.207715 200.000000 -24.207715 0.050198 20.079074 0.866025 31.062307 200.000000 31.062307 0.001855 0.742083 0.939693 -5.188982 200.000000 -5.188982 0.013479 5.391497 0.342020 6.914026 200.000000 6.914026
 15.200000 0.867388 0.497632 0.333855 0.942625 1.049930 0.340390 0.497632 0.867388 0.942625 0.333855 0.000561 0.224304 0.500000 -24.207715 200.000000 -24.207715 0.000186 0.074297 0.866025 31.062307 200.000000 31.062307 0.000860 0.343846 0.939693 -5.188982 200.000000 -5.188982 0.006667 2.666967 0.342020 6.914026 200.000000 6.914026
 15.400000 0.848502 0.529193 0.226562 0.973997 1.013147 0.228547 0.529193 0.848502 0.973997 0.226562 0.085223 34.089189 0.500000 -24.207715 200.000000 -24.207715 0.030709 12.283487 0.866025 31.062307 200.000000 31.062307 0.117677 47.070603 0.939693 -5.188982 200.000000 -5.188982 1.333047 533.218752 0.342020 6.914026 200.000000 6.914026
 15.600000 0.886386 0.462947 0.297384 0.954758 1.089479 0.301952 0.462947 0.886386 0.954758 0.297384 0.137289 54.915608 0.500000 -24.207715 200.000000 -24.207715 0.041454 16.581697 0.866025 31.062307 200.000000 31.062307 0.022696 9.078564 0.939693 -5.188982 200.000000 -5.188982 0.199238 79.695312 0.342020 6.914026 200.000000 6.914026
 15.800000 0.783803 0.621010 0.320328 0.947307 0.900765 0.326076 0.621010 0.783803 0.947307 0.320328 1.464346 585.738518 0.500000 -24.207715 200.000000 -24.207715 0.676061 270.424232 0.866025 31.062307 200.000000 31.062307 0.005797 2.318963 0.939693 -5.188982 200.000000 -5.188982 0.047055 18.821955 0.342020 6.914026 200.000000 6.914026
 16.000000 0.831466 0.555576 0.327617 0.944811 0.981741 0.333781 0.555576 0.831466 0.944811 0.327617 0.308870 123.547869 0.500000 -24.207715 200.000000 -24.207715 0.119437 47.774845 0.866025 31.062307 200.000000 31.062307 0.002619 1.047711 0.939693 -5.188982 200.000000 -5.188982 0.020744 8.297665 0.342020 6.914026 200.000000 6.914026
 16.200000 0.850657 0.525721 0.388556 0.921425 1.017234 0.399064 0.525721 0.850657 0.921425 0.388556 0.066155 26.462077 0.500000 -24.207715 200.000000 -24.207715 0.023618 9.447178 0.866025 31.062307 200.000000 31.062307 0.033370 13.348155 0.939693 -5.188982 200.000000 -5.188982 0.216560 86.623910 0.342020 6.914026 200.000000 6.914026
 16.400000 0.858763 0.512373 0.386103 0.922456 1.032850 0.396403 0.512373 0.858763 0.922456 0.386103 0.015310 6.123852 0.500000 -24.207715 200.000000 -24.207715 0.005274 2.109767 0.866025 31.062307 200.000000 31.062307 0.029711 11.884599 0.939693 -5.188982 200.000000 -5.188982 0.194331 77.732590 0.342020 6.914026 200.000000 6.914026
 16.600000 0.841569 0.540150 0.327547 0.944835 1.000181 0.333706 0.540150 0.841569 0.944835 0.327547 0.161200 64.479830 0.500000 -24.207715 200.000000 -24.207715 0.059812 23.924679 0.866025 31.062307 200.000000 31.062307 0.002644 1.057775 0.939693 -5.188982 200.000000 -5.188982 0.020948 8.379357 0.342020 6.914026 200.000000 6.914026
 16.800000 0.876685 0.481065 0.377732 0.925915 1.068928 0.387346 0.481065 0.876685 0.925915 0.377732 0.035855 14.341863 0.500000 -24.207715 200.000000 -24.207715 0.011363 4.545172 0.866025 31.062307 200.000000 31.062307 0.018982 7.592972 0.939693 -5.188982 200.000000 -5.188982 0.127534 51.013648 0.342020 6.914026 200.000000 6.914026
 17.000000 0.850416 0.526111 0.305986 0.952036 1.016775 0.310974 0.526111 0.850416 0.952036 0.305986 0.068179 27.271739 0.500000 -24.207715 200.000000 -24.207715 0.024366 9.746390 0.866025 31.062307 200.000000 31.062307 0.015236 6.094412 0.939693 -5.188982 200.000000 -5.188982 0.129847 51.938746 0.342020 6.914026 200.000000 6.914026
 17.200000 0.846286 0.532729 0.311721 0.950174 1.008974 0.317004 0.532729 0.846286 0.950174 0.311721 0.107119 42.847665 0.500000 -24.207715 200.000000 -24.207715 0.038965 15.585995 0.866025 31.062307 200.000000 31.062307 0.010985 4.394124 0.939693 -5.188982 200.000000 -5.188982 0.091804 36.721718 0.342020 6.914026 200.000000 6.914026
 17.400000 0.839621 0.543172 0.261397 0.965231 0.996586 0.264469 0.543172 0.839621 0.965231 0.261397 0.186382 74.552643 0.500000 -24.207715 200.000000 -24.207715 0.069717 27.886665 0.866025 31.062307 200.000000 31.062307 0.065223 26.089255 0.939693 -5.188982 200.000000 -5.188982 0.650013 260.005225 0.342020 6.914026 200.000000 6.914026
 17.600000 0.820743 0.571298 0.351443 0.936209 0.962710 0.359112 0.571298 0.820743 0.936209 0.351443 0.508343 203.337241 0.500000 -24.207715 200.000000 -24.207715 0.205053 82.021360 0.866025 31.062307 200.000000 31.062307 0.001213 0.485394 0.939693 -5.188982 200.000000 -5.188982 0.008880 3.551950 0.342020 6.914026 200.000000 6.914026
 17.800000 0.859560 0.511035 0.400108 0.916468 1.034408 0.411635 0.511035 0.859560 0.916468 0.400108 0.012177 4.870950 0.500000 -24.207715 200.000000 -24.207715 0.004180 1.672143 0.866025 31.062307 200.000000 31.062307 0.053939 21.575675 0.939693 -5.188982 200.000000 -5.188982 0.337425 134.969955 0.342020 6.914026 200.000000 6.914026
 18.000000 0.860840 0.508875 0.286450 0.958095 1.036919 0.290520 0.508875 0.860840 0.958095 0.286450 0.007877 3.150709 0.500000 -24.207715 200.000000 -24.207715 0.002688 1.075390 0.866025 31.062307 200.000000 31.062307 0.033865 13.546131 0.939693 -5.188982 200.000000 -5.188982 0.308803 123.521087 0.342020 6.914026 200.000000 6.914026
 18.200000 0.836711 0.547644 0.342854 0.939389 0.991250 0.349953 0.547644 0.836711 0.939389 0.342854 0.226998 90.799304 0.500000 -24.207715 200.000000 -24.207715 0.085932 34.372831 0.866025 31.062307 200.000000 31.062307 0.000009 0.003690 0.939693 -5.188982 200.000000 -5.188982 0.000069 0.027781 0.342020 6.914026 200.000000 6.914026
 18.400000 0.855540 0.517736 0.371007 0.928630 1.026593 0.380094 0.517736 0.855540 0.928630 0.371007 0.031458 12.583160 0.500000 -24.207715 200.000000 -24.207715 0.010994 4.397574 0.866025 31.062307 200.000000 31.062307 0.012238 4.895336 0.939693 -5.188982 200.000000 -5.188982 0.084026 33.610395 0.342020 6.914026 200.000000 6.914026
 18.600000 0.859354 0.511381 0.249473 0.968382 1.034005 0.252136 0.511381 0.859354 0.968382 0.249473 0.012953 5.181335 0.500000 -24.207715 200.000000 -24.207715 0.004451 1.780337 0.866025 31.062307 200.000000 31.062307 0.082307 32.922722 0.939693 -5.188982 200.000000 -5.188982 0.856499 342.599782 0.342020 6.914026 200.000000 6.914026
 18.800000 0.865881 0.500249 0.215473 0.976510 1.046909 0.217176 0.500249 0.865881 0.976510 0.215473 0.000006 0.002489 0.500000 -24.207715 200.000000 -24.207715 0.000002 0.000830 0.866025 31.062307 200.000000 31.062307 0.135551 54.220386 0.939693 -5.188982 200.000000 -5.188982 1.601426 640.570343 0.342020 6.914026 200.000000 6.914026
 19.000000 0.844862 0.534984 0.326682 0.945134 1.006308 0.332791 0.534984 0.844862 0.945134 0.326682 0.122387 48.954674 0.500000 -24.207715 200.000000 -24.207715 0.044788 17.915060 0.866025 31.062307 200.000000 31.062307 0.002961 1.184437 0.939693 -5.188982 200.000000 -5.188982 0.023525 9.409989 0.342020 6.914026 200.000000 6.914026
 19.200000 0.841822 0.539755 0.339166 0.940727 1.000651 0.346030 0.539755 0.841822 0.940727 0.339166 0.158044 63.217775 0.500000 -24.207715 200.000000 -24.207715 0.058579 23.431646 0.866025 31.062307 200.000000 31.062307 0.000107 0.042763 0.939693 -5.188982 200.000000 -5.188982 0.000815 0.325869 0.342020 6.914026 200.000000 6.914026
 19.400000 0.863763 0.503899 0.377697 0.925929 1.042689 0.387307 0.503899 0.863763 0.925929 0.377697 0.001520 0.608130 0.500000 -24.207715 200.000000 -24.207715 0.000512 0.204829 0.866025 31.062307 200.000000 31.062307 0.018943 7.577009 0.939693 -5.188982 200.000000 -5.188982 0.127281 50.912218 0.342020 6.914026 200.000000 6.914026
 19.600000 0.872064 0.489391 0.313032 0.949743 1.059405 0.318384 0.489391 0.872064 0.949743 0.313032 0.011255 4.501864 0.500000 -24.207715 200.000000 -24.207715 0.003647 1.458761 0.866025 31.062307 200.000000 31.062307 0.010100 4.040056 0.939693 -5.188982 200.000000 -5.188982 0.084031 33.612404 0.342020 6.914026 200.000000 6.914026
 19.800000 0.855670 0.517521 0.368427 0.929657 1.026845 0.377316 0.517521 0.855670 0.929657 0.368427 0.030700 12.279913 0.500000 -24.207715 200.000000 -24.207715 0.010723 4.289134 0.866025 31.062307 200.000000 31.062307 0.010072 4.028821 0.939693 -5.188982 200.000000 -5.188982 0.069733 27.893002 0.342020 6.914026 200.000000 6.914026
 20.000000 0.843989 0.536361 0.227504 0.973777 1.004677 0.229514 0.536361 0.843989 0.973777 0.227504 0.132214 52.885427 0.500000 -24.207715 200.000000 -24.207715 0.048562 19.424909 0.866025 31.062307 200.000000 31.062307 0.116175 46.470148 0.939693 -5.188982 200.000000 -5.188982 1.311393 524.557225 0.342020 6.914026 200.000000 6.914026
