#! FIELDS time sin_phi cos_phi sin_psi cos_psi phi psi cos_phi sin_phi cos_psi sin_psi restraint_phi_cos.bias restraint_phi_cos.force2 restraint_phi_cos.cos_phi_cntr restraint_phi_cos.cos_phi_work restraint_phi_cos.cos_phi_kappa restraint_phi_cos.work restraint_phi_sin.bias restraint_phi_sin.force2 restraint_phi_sin.sin_phi_cntr restraint_phi_sin.sin_phi_work restraint_phi_sin.sin_phi_kappa restraint_phi_sin.work restraint_psi_cos.bias restraint_psi_cos.force2 restraint_psi_cos.cos_psi_cntr restraint_psi_cos.cos_psi_work restraint_psi_cos.cos_psi_kappa restraint_psi_cos.work restraint_psi_sin.bias restraint_psi_sin.force2 restraint_psi_sin.sin_psi_cntr restraint_psi_sin.sin_psi_work restraint_psi_sin.sin_psi_kappa restraint_psi_sin.work
#! SET min_phi -pi
#! SET max_phi pi
#! SET min_psi -pi
#! SET max_psi pi
 0.000000 -0.999983 -0.005782 0.966116 0.258110 -1.576579 1.309731 -0.005782 -0.999983 0.258110 0.966116 0.000000 0.000000 -0.009747 0.000000 0.000000 0.000000 0.000000 0.000000 -0.999953 0.000000 0.000000 0.000000 0.000000 0.000000 0.256142 0.000000 0.000000 0.000000 0.000000 0.000000 0.966639 0.000000 0.000000 0.000000
 0.200000 -1.000000 -0.000266 0.834655 0.550773 -1.571062 0.987506 -0.000266 -1.000000 0.550773 0.834655 0.000899 0.035954 -0.009747 0.429322 20.000000 0.429322 0.000000 0.000001 -0.999953 0.008204 20.000000 0.008204 0.868072 34.722866 0.256142 0.437494 20.000000 0.437494 0.174198 6.967905 0.966639 0.079186 20.000000 0.079186
 0.400000 -0.998238 0.059333 0.982968 0.183778 -1.511428 1.385968 0.059333 -0.998238 0.183778 0.982968 0.095441 7.635246 -0.009747 0.576151 40.000000 0.576151 0.000059 0.004702 -0.999953 0.009175 40.000000 0.009175 0.104733 8.378618 0.256142 0.652620 40.000000 0.652620 0.005333 0.426605 0.966639 0.103852 40.000000 0.103852
 0.600000 -0.997905 0.064690 0.969721 0.244216 -1.506061 1.324085 0.064690 -0.997905 0.244216 0.969721 0.166224 19.946879 -0.009747 0.652738 60.000000 0.652738 0.000126 0.015086 -0.999953 0.009549 60.000000 0.009549 0.004267 0.512080 0.256142 0.812949 60.000000 0.812949 0.000285 0.034192 0.966639 0.126978 60.000000 0.126978
 0.800000 -0.999998 0.001894 0.948099 0.317975 -1.568902 1.247203 0.001894 -0.999998 0.317975 0.948099 0.005420 0.867200 -0.009747 0.745440 80.000000 0.745440 0.000000 0.000013 -0.999953 0.009931 80.000000 0.009931 0.152931 24.469032 0.256142 0.870396 80.000000 0.870396 0.013749 2.199883 0.966639 0.131256 80.000000 0.131256
 1.000000 -0.997905 -0.064690 0.983714 0.179740 -1.635531 1.390074 -0.064690 -0.997905 0.179740 0.983714 0.150938 30.187619 -0.009747 0.830208 100.000000 0.830208 0.000210 0.041905 -0.999953 0.010215 100.000000 0.010215 0.291867 58.373466 0.256142 0.906296 100.000000 0.906296 0.014578 2.915595 0.966639 0.133900 100.000000 0.133900
 1.200000 -0.998628 0.052357 0.985226 0.171262 -1.518415 1.398686 0.052357 -0.998628 0.171262 0.985226 0.231412 55.538994 -0.009747 0.926095 120.000000 0.926095 0.000105 0.025246 -0.999953 0.010633 120.000000 0.010633 0.432282 103.747643 0.256142 0.992025 120.000000 0.992025 0.020727 4.974582 0.966639 0.141240 120.000000 0.141240
 1.400000 -0.999098 0.042471 0.979939 0.199299 -1.528313 1.370154 0.042471 -0.999098 0.199299 0.979939 0.190866 53.442499 -0.009747 0.960898 140.000000 0.960898 0.000051 0.014321 -0.999953 0.010712 140.000000 0.010712 0.226180 63.330420 0.256142 1.092945 140.000000 1.092945 0.012382 3.466844 0.966639 0.149518 140.000000 0.149518
 1.600000 -0.999952 0.009779 0.961528 0.274706 -1.561018 1.292512 0.009779 -0.999952 0.274706 0.961528 0.030498 9.759450 -0.009747 1.007093 160.000000 1.007093 0.000000 0.000000 -0.999953 0.010845 160.000000 0.010845 0.027570 8.822428 0.256142 1.162447 160.000000 1.162447 0.002090 0.668714 0.966639 0.156254 160.000000 0.156254
 1.800000 -0.999816 -0.019191 0.970209 0.242271 -1.589988 1.326090 -0.019191 -0.999816 0.242271 0.970209 0.008027 2.889774 -0.009747 1.051966 180.000000 1.051966 0.000002 0.000605 -0.999953 0.010933 180.000000 0.010933 0.017316 6.233938 0.256142 1.193883 180.000000 1.193883 0.001147 0.412811 0.966639 0.158912 180.000000 0.158912
 2.000000 -0.987451 0.157923 0.943128 0.332430 -1.412209 1.231917 0.157923 -0.987451 0.332430 0.943128 2.811311 1124.524500 -0.009747 1.081900 200.000000 1.081900 0.015628 6.251093 -0.999953 0.011013 200.000000 0.011013 0.581986 232.794469 0.256142 1.219741 200.000000 1.219741 0.055278 22.111200 0.966639 0.161373 200.000000 0.161373
 2.200000 -0.996670 0.081547 0.953250 0.302183 -1.489159 1.263814 0.081547 -0.996670 0.302183 0.953250 0.827804 331.121711 -0.009437 1.080764 200.000000 1.080764 0.362253 144.901113 -0.936482 0.381400 200.000000 0.381400 1.912865 765.145976 0.163877 1.436039 200.000000 1.436039 0.013156 5.262551 0.941780 0.252937 200.000000 0.252937
 2.400000 -0.999959 0.009057 0.982310 0.187262 -1.561739 1.382422 0.009057 -0.999959 0.187262 0.982310 0.033070 13.227960 -0.009128 1.078946 200.000000 1.078946 1.611562 644.624611 -0.873012 1.572482 200.000000 1.572482 1.337491 534.996520 0.071612 1.781564 200.000000 1.781564 0.427583 171.033019 0.916920 0.543085 200.000000 0.543085
 2.600000 -0.991560 -0.129652 0.983223 0.182408 -1.700815 1.387362 -0.129652 -0.991560 0.182408 0.983223 1.460076 584.030599 -0.008819 1.078004 200.000000 1.078004 3.313064 1325.225736 -0.809541 3.555476 200.000000 3.555476 4.123385 1649.353998 -0.020653 1.909713 200.000000 1.909713 0.831053 332.421379 0.892061 1.000306 200.000000 1.000306
 2.800000 -0.998794 -0.049101 0.998687 -0.051237 -1.619918 1.622055 -0.049101 -0.998794 -0.051237 0.998687 0.164773 65.909052 -0.008509 1.077279 200.000000 1.077279 6.386887 2554.754965 -0.746071 6.354125 200.000000 6.354125 0.380466 152.186285 -0.112919 1.803683 200.000000 1.803683 1.728834 691.533577 0.867201 1.568553 200.000000 1.568553
 3.000000 -0.998556 -0.053727 0.992002 -0.126226 -1.624549 1.697360 -0.053727 -0.998556 -0.126226 0.992002 0.207272 82.908768 -0.008200 1.075812 200.000000 1.075812 9.982768 3993.107226 -0.682600 9.963185 200.000000 9.963185 0.623435 249.373998 -0.205184 1.560282 200.000000 1.560282 2.239797 895.918922 0.842342 2.200824 200.000000 2.200824
 3.200000 -0.999958 0.009124 0.952355 -0.304993 -1.561672 1.880727 0.009124 -0.999958 -0.304993 0.952355 0.028950 11.579967 -0.007891 1.075422 200.000000 1.075422 14.503020 5801.208101 -0.619130 14.339012 200.000000 14.339012 0.005691 2.276457 -0.297449 0.816349 200.000000 0.816349 1.819045 727.618196 0.817483 2.813797 200.000000 2.813797
 3.400000 -0.999641 0.026803 0.913256 -0.407386 -1.543990 1.990386 0.026803 -0.999641 -0.407386 0.913256 0.118226 47.290287 -0.007581 1.074342 200.000000 1.074342 19.711921 7884.768213 -0.555660 19.529343 200.000000 19.529343 0.031229 12.491600 -0.389714 -0.180608 200.000000 -0.180608 1.455229 582.091611 0.792623 3.362418 200.000000 3.362418
 3.600000 -0.999646 0.026599 0.846953 -0.531668 -1.544195 2.131365 0.026599 -0.999646 -0.531668 0.846953 0.114722 45.888736 -0.007272 1.074426 200.000000 1.074426 25.751255 10300.501954 -0.492189 25.521326 200.000000 25.521326 0.246889 98.755781 -0.481980 -1.200188 200.000000 -1.200188 0.627096 250.838336 0.767764 3.803882 200.000000 3.803882
 3.800000 -0.997663 -0.068329 0.746676 -0.665188 -1.639178 2.298542 -0.068329 -0.997663 -0.665188 0.746676 0.376580 150.632063 -0.006963 1.074573 200.000000 1.074573 32.369729 12947.891488 -0.428719 32.352445 200.000000 32.352445 0.827066 330.826247 -0.574245 -2.029670 200.000000 -2.029670 0.001422 0.568999 0.742904 4.108084 200.000000 4.108084
 4.000000 -0.999108 -0.042239 0.699903 -0.714238 -1.613048 2.366331 -0.042239 -0.999108 -0.714238 0.699903 0.126637 50.654903 -0.006653 1.074726 200.000000 1.074726 40.177733 16071.093095 -0.365248 39.978539 200.000000 39.978539 0.227797 91.118924 -0.666510 -2.425006 200.000000 -2.425006 0.032914 13.165591 0.718045 4.278051 200.000000 4.278051
 4.200000 -0.995230 0.097557 0.621508 -0.783408 -1.473084 2.470926 0.097557 -0.995230 -0.783408 0.621508 1.079547 431.818842 -0.006344 1.076621 200.000000 1.076621 48.087552 19235.020761 -0.301778 48.404229 200.000000 48.404229 0.582181 232.872465 -0.707107 -2.448142 200.000000 -2.448142 0.732710 293.084002 0.707107 4.300062 200.000000 4.300062
 4.400000 -0.992994 -0.118167 0.709519 -0.704686 -1.689240 2.352777 -0.118167 -0.992994 -0.704686 0.709519 1.257355 502.942056 -0.006035 1.078055 200.000000 1.078055 56.955120 22782.047952 -0.238308 57.628654 200.000000 57.628654 0.000586 0.234340 -0.707107 -2.448142 200.000000 -2.448142 0.000582 0.232744 0.707107 4.300062 200.000000 4.300062
 4.600000 -0.988409 0.151815 0.678534 -0.734569 -1.418392 2.395828 0.151815 -0.988409 -0.734569 0.678534 2.481909 992.763519 -0.005725 1.078601 200.000000 1.078601 66.189884 26475.953579 -0.174837 67.659930 200.000000 67.659930 0.075418 30.167109 -0.707107 -2.448142 200.000000 -2.448142 0.081641 32.656353 0.707107 4.300062 200.000000 4.300062
 4.800000 -0.945794 -0.324768 0.690593 -0.723243 -1.901562 2.379283 -0.324768 -0.945794 -0.723243 0.690593 10.198538 4079.415325 -0.005416 1.081962 200.000000 1.081962 69.626847 27850.738863 -0.111367 78.318375 200.000000 78.318375 0.026038 10.415347 -0.707107 -2.448142 200.000000 -2.448142 0.027269 10.907628 0.707107 4.300062 200.000000 4.300062
 5.000000 -0.999992 0.003969 0.732734 -0.680515 -1.566828 2.319262 0.003969 -0.999992 -0.680515 0.732734 0.008236 3.294596 -0.005107 1.085323 200.000000 1.085323 90.648625 36259.450180 -0.047896 89.864209 200.000000 89.864209 0.070711 28.284369 -0.707107 -2.448142 200.000000 -2.448142 0.065675 26.269995 0.707107 4.300062 200.000000 4.300062
 5.200000 -0.999858 -0.016876 0.734181 -0.678953 -1.587673 2.317132 -0.016876 -0.999858 -0.678953 0.734181 0.014590 5.835845 -0.004797 1.077546 200.000000 1.077546 103.110130 41244.052165 0.015574 102.169195 200.000000 102.169195 0.079262 31.704800 -0.707107 -2.448142 200.000000 -2.448142 0.073304 29.321583 0.707107 4.300062 200.000000 4.300062
 5.400000 -0.207810 -0.978169 0.691521 -0.722356 -2.932257 2.378000 -0.978169 -0.207810 -0.722356 0.691521 94.805472 37922.188962 -0.004488 1.107077 200.000000 1.107077 8.228553 3291.421283 0.079044 113.046569 200.000000 113.046569 0.023255 9.301855 -0.707107 -2.448142 200.000000 -2.448142 0.024291 9.716526 0.707107 4.300062 200.000000 4.300062
 5.600000 0.943026 0.332719 0.699787 -0.714352 1.231611 2.366494 0.332719 0.943026 -0.714352 0.699787 11.350036 4540.014281 -0.004179 1.138149 200.000000 1.138149 64.081802 25632.720932 0.142515 105.984247 200.000000 105.984247 0.005249 2.099556 -0.707107 -2.448142 200.000000 -2.448142 0.005358 2.143252 0.707107 4.300062 200.000000 4.300062
 5.800000 0.996670 -0.081542 0.587220 -0.809427 1.652429 2.513972 -0.081542 0.996670 -0.809427 0.587220 0.603296 241.318489 -0.003870 1.126017 200.000000 1.126017 62.518232 25007.292751 0.205985 96.113569 200.000000 96.113569 1.046944 418.777509 -0.707107 -2.448142 200.000000 -2.448142 1.437273 574.909367 0.707107 4.300062 200.000000 4.300062
 6.000000 0.983543 0.180673 0.714882 -0.699245 1.389126 2.345137 0.180673 0.983543 -0.699245 0.714882 3.394192 1357.676659 -0.003560 1.116130 200.000000 1.116130 50.992107 20396.842752 0.269456 86.693427 200.000000 86.693427 0.006181 2.472552 -0.707107 -2.448142 200.000000 -2.448142 0.006046 2.418469 0.707107 4.300062 200.000000 4.300062
 6.200000 0.978484 0.206324 0.676742 -0.736220 1.362980 2.398264 0.206324 0.978484 -0.736220 0.676742 4.392145 1756.857828 -0.003251 1.115246 200.000000 1.115246 41.674487 16669.794714 0.332926 77.914001 200.000000 77.914001 0.084757 33.902886 -0.707107 -2.448142 200.000000 -2.448142 0.092199 36.879786 0.707107 4.300062 200.000000 4.300062
 6.400000 0.998685 -0.051264 0.686269 -0.727348 1.622083 2.385245 -0.051264 0.998685 -0.727348 0.686269 0.233508 93.403347 -0.002942 1.107967 200.000000 1.107967 36.275166 14510.066425 0.396396 69.998788 200.000000 69.998788 0.040969 16.387671 -0.707107 -2.448142 200.000000 -2.448142 0.043420 17.368171 0.707107 4.300062 200.000000 4.300062
 6.600000 0.986505 0.163731 0.691069 -0.722789 1.406325 2.378625 0.163731 0.986505 -0.722789 0.691069 2.767672 1107.068608 -0.002632 1.103809 200.000000 1.103809 27.734778 11093.911385 0.459867 62.836361 200.000000 62.836361 0.024592 9.836695 -0.707107 -2.448142 200.000000 -2.448142 0.025720 10.288072 0.707107 4.300062 200.000000 4.300062
 6.800000 0.998614 0.052631 0.662360 -0.749186 1.518141 2.417628 0.052631 0.998614 -0.749186 0.662360 0.301991 120.796337 -0.002323 1.099931 200.000000 1.099931 22.588803 9035.521214 0.523337 56.446752 200.000000 56.446752 0.177064 70.825651 -0.707107 -2.448142 200.000000 -2.448142 0.200228 80.091213 0.707107 4.300062 200.000000 4.300062
 7.000000 0.998466 -0.055370 0.631117 -0.775688 1.626195 2.458601 -0.055370 0.998466 -0.775688 0.631117 0.284693 113.877173 -0.002014 1.094746 200.000000 1.094746 16.946250 6778.500095 0.586808 50.909422 200.000000 50.909422 0.470339 188.135433 -0.707107 -2.448142 200.000000 -2.448142 0.577452 230.980602 0.707107 4.300062 200.000000 4.300062
 7.200000 0.996862 0.079163 0.708411 -0.705800 1.491550 2.354348 0.079163 0.996862 -0.705800 0.708411 0.653954 261.581674 -0.001704 1.091791 200.000000 1.091791 12.012020 4804.808093 0.650278 46.151503 200.000000 46.151503 0.000171 0.068336 -0.707107 -2.448142 200.000000 -2.448142 0.000170 0.068084 0.707107 4.300062 200.000000 4.300062
 7.400000 0.994489 0.104843 0.701707 -0.712466 1.465761 2.363802 0.104843 0.994489 -0.712466 0.701707 1.128643 451.457050 -0.001395 1.089600 200.000000 1.089600 7.881515 3152.606040 0.713748 42.133848 200.000000 42.133848 0.002872 1.148767 -0.707107 -2.448142 200.000000 -2.448142 0.002916 1.166380 0.707107 4.300062 200.000000 4.300062
 7.600000 0.999751 -0.022327 0.634862 -0.772626 1.593125 2.453763 -0.022327 0.999751 -0.772626 0.634862 0.045118 18.047094 -0.001086 1.086129 200.000000 1.086129 4.952043 1980.817072 0.777219 38.952361 200.000000 38.952361 0.429271 171.708599 -0.707107 -2.448142 200.000000 -2.448142 0.521932 208.772652 0.707107 4.300062 200.000000 4.300062
 7.800000 0.999426 0.033866 0.632437 -0.774612 1.536924 2.456898 0.033866 0.999426 -0.774612 0.632437 0.120010 48.003896 -0.000776 1.081899 200.000000 1.081899 2.519747 1007.898687 0.840689 36.584503 200.000000 36.584503 0.455698 182.279307 -0.707107 -2.448142 200.000000 -2.448142 0.557565 223.026033 0.707107 4.300062 200.000000 4.300062
 8.000000 0.995456 0.095218 0.751485 -0.659750 1.475434 2.291282 0.095218 0.995456 -0.659750 0.751485 0.915566 366.226488 -0.000467 1.080514 200.000000 1.080514 0.833510 333.403808 0.904160 34.999514 200.000000 34.999514 0.224269 89.707610 -0.707107 -2.448142 200.000000 -2.448142 0.196946 78.778441 0.707107 4.300062 200.000000 4.300062
 8.200000 0.999950 0.010021 0.504530 -0.863394 1.560775 2.612755 0.010021 0.999950 -0.863394 0.504530 0.010361 4.144249 -0.000158 1.078271 200.000000 1.078271 0.104456 41.782510 0.967630 34.212903 200.000000 34.212903 2.442567 977.026715 -0.707107 -2.448142 200.000000 -2.448142 4.103718 1641.487210 0.707107 4.300062 200.000000 4.300062
 8.400000 0.994582 -0.103956 0.687973 -0.725736 1.674940 2.382900 -0.103956 0.994582 -0.725736 0.687973 1.080675 432.269923 0.000000 1.075865 200.000000 1.075865 0.002936 1.174211 1.000000 34.131233 200.000000 34.131233 0.034706 13.882467 -0.707107 -2.448142 200.000000 -2.448142 0.036611 14.644210 0.707107 4.300062 200.000000 4.300062
 8.600000 0.997504 0.070606 0.711285 -0.702904 1.500131 2.350268 0.070606 0.997504 -0.702904 0.711285 0.498525 199.410034 0.000000 1.075865 200.000000 1.075865 0.000623 0.249149 1.000000 34.131233 200.000000 34.131233 0.001766 0.706584 -0.707107 -2.448142 200.000000 -2.448142 0.001746 0.698258 0.707107 4.300062 200.000000 4.300062
 8.800000 0.993932 0.109992 0.632247 -0.774767 1.460581 2.457143 0.109992 0.993932 -0.774767 0.632247 1.209830 483.931979 0.000000 1.075865 200.000000 1.075865 0.003682 1.472610 1.000000 34.131233 200.000000 34.131233 0.457794 183.117450 -0.707107 -2.448142 200.000000 -2.448142 0.560405 224.161978 0.707107 4.300062 200.000000 4.300062
 9.000000 0.998707 0.050830 0.600741 -0.799443 1.519944 2.497164 0.050830 0.998707 -0.799443 0.600741 0.258372 103.348630 0.000000 1.075865 200.000000 1.075865 0.000167 0.066842 1.000000 34.131233 200.000000 34.131233 0.852605 341.041834 -0.707107 -2.448142 200.000000 -2.448142 1.131358 452.543300 0.707107 4.300062 200.000000 4.300062
 9.200000 0.993514 0.113711 0.693288 -0.720660 1.456839 2.375551 0.113711 0.993514 -0.720660 0.693288 1.293025 517.210162 0.000000 1.075865 200.000000 1.075865 0.004207 1.682812 1.000000 34.131233 200.000000 34.131233 0.018370 7.348011 -0.707107 -2.448142 200.000000 -2.448142 0.019095 7.638066 0.707107 4.300062 200.000000 4.300062
 9.400000 0.999703 0.024377 0.728099 -0.685472 1.546417 2.326048 0.024377 0.999703 -0.685472 0.728099 0.059423 23.769317 0.000000 1.075865 200.000000 1.075865 0.000009 0.003532 1.000000 34.131233 200.000000 34.131233 0.046807 18.722658 -0.707107 -2.448142 200.000000 -2.448142 0.044068 17.627010 0.707107 4.300062 200.000000 4.300062
 9.600000 0.999954 0.009558 0.640280 -0.768142 1.561238 2.446730 0.009558 0.999954 -0.768142 0.640280 0.009136 3.654439 0.000000 1.075865 200.000000 1.075865 0.000000 0.000083 1.000000 34.131233 200.000000 34.131233 0.372527 149.010717 -0.707107 -2.448142 200.000000 -2.448142 0.446584 178.633720 0.707107 4.300062 200.000000 4.300062
 9.800000 0.998294 0.058389 0.617054 -0.786921 1.512374 2.476599 0.058389 0.998294 -0.786921 0.617054 0.340931 136.372525 0.000000 1.075865 200.000000 1.075865 0.000291 0.116433 1.000000 34.131233 200.000000 34.131233 0.637028 254.811216 -0.707107 -2.448142 200.000000 -2.448142 0.810951 324.380206 0.707107 4.300062 200.000000 4.300062
 10.000000 0.992794 0.119837 0.702496 -0.711687 1.450670 2.362694 0.119837 0.992794 -0.711687 0.702496 1.436096 574.438317 0.000000 1.075865 200.000000 1.075865 0.005193 2.077314 1.000000 34.131233 200.000000 34.131233 0.002098 0.839297 -0.707107 -2.448142 200.000000 -2.448142 0.002126 0.850278 0.707107 4.300062 200.000000 4.300062
 10.200000 0.999641 -0.026810 0.708821 -0.705388 1.597609 2.353767 -0.026810 0.999641 -0.705388 0.708821 0.071877 28.750773 0.000000 1.075865 200.000000 1.075865 0.000013 0.005168 1.000000 34.131233 200.000000 34.131233 0.000295 0.118172 -0.707107 -2.448142 200.000000 -2.448142 0.000294 0.117599 0.707107 4.300062 200.000000 4.300062
 10.400000 0.998803 -0.048906 0.686315 -0.727304 1.619722 2.385182 -0.048906 0.998803 -0.727304 0.686315 0.239183 95.673175 0.000000 1.075865 200.000000 1.075865 0.000143 0.057277 1.000000 34.131233 200.000000 34.131233 0.040794 16.317757 -0.707107 -2.448142 200.000000 -2.448142 0.043230 17.291895 0.707107 4.300062 200.000000 4.300062
 10.600000 0.999757 0.022037 0.757226 -0.653153 1.548757 2.282537 0.022037 0.999757 -0.653153 0.757226 0.048565 19.425916 0.000000 1.075865 200.000000 1.075865 0.000006 0.002359 1.000000 34.131233 200.000000 34.131233 0.291101 116.440553 -0.707107 -2.448142 200.000000 -2.448142 0.251194 100.477400 0.707107 4.300062 200.000000 4.300062
 10.800000 0.999437 0.033553 0.690675 -0.723165 1.537237 2.379171 0.033553 0.999437 -0.723165 0.690675 0.112579 45.031580 0.000000 1.075865 200.000000 1.075865 0.000032 0.012681 1.000000 34.131233 200.000000 34.131233 0.025788 10.315242 -0.707107 -2.448142 200.000000 -2.448142 0.027001 10.800359 0.707107 4.300062 200.000000 4.300062
 11.000000 0.999208 0.039786 0.612771 -0.790261 1.531000 2.482031 0.039786 0.999208 -0.790261 0.612771 0.158294 63.317784 0.000000 1.075865 200.000000 1.075865 0.000063 0.025077 1.000000 34.131233 200.000000 34.131233 0.691460 276.583822 -0.707107 -2.448142 200.000000 -2.448142 0.889931 355.972510 0.707107 4.300062 200.000000 4.300062
 11.200000 0.995944 0.089979 0.705517 -0.708693 1.480695 2.358441 0.089979 0.995944 -0.708693 0.705517 0.809624 323.849704 0.000000 1.075865 200.000000 1.075865 0.001645 0.658158 1.000000 34.131233 200.000000 34.131233 0.000252 0.100684 -0.707107 -2.448142 200.000000 -2.448142 0.000253 0.101137 0.707107 4.300062 200.000000 4.300062
 11.400000 0.999344 0.036210 0.755192 -0.655503 1.534578 2.285645 0.036210 0.999344 -0.655503 0.755192 0.131120 52.447995 0.000000 1.075865 200.000000 1.075865 0.000043 0.017204 1.000000 34.131233 200.000000 34.131233 0.266292 106.516672 -0.707107 -2.448142 200.000000 -2.448142 0.231222 92.488640 0.707107 4.300062 200.000000 4.300062
 11.600000 0.998542 0.053985 0.681429 -0.731884 1.516785 2.391879 0.053985 0.998542 -0.731884 0.681429 0.291443 116.577035 0.000000 1.075865 200.000000 1.075865 0.000213 0.085063 1.000000 34.131233 200.000000 34.131233 0.061392 24.556749 -0.707107 -2.448142 200.000000 -2.448142 0.065935 26.373806 0.707107 4.300062 200.000000 4.300062
 11.800000 0.994042 0.108997 0.625396 -0.780307 1.461583 2.465954 0.108997 0.994042 -0.780307 0.625396 1.188030 475.211995 0.000000 1.075865 200.000000 1.075865 0.003550 1.419862 1.000000 34.131233 200.000000 34.131233 0.535834 214.333746 -0.707107 -2.448142 200.000000 -2.448142 0.667664 267.065729 0.707107 4.300062 200.000000 4.300062
 12.000000 0.992936 0.118654 0.772174 -0.635411 1.451862 2.259337 0.118654 0.992936 -0.635411 0.772174 1.407870 563.148180 0.000000 1.075865 200.000000 1.075865 0.004990 1.996176 1.000000 34.131233 200.000000 34.131233 0.514033 205.613001 -0.707107 -2.448142 200.000000 -2.448142 0.423379 169.351502 0.707107 4.300062 200.000000 4.300062
 12.200000 0.999574 0.029183 0.721187 -0.692741 1.541609 2.336078 0.029183 0.999574 -0.692741 0.721187 0.085163 34.065172 0.000000 1.075865 200.000000 1.075865 0.000018 0.007256 1.000000 34.131233 200.000000 34.131233 0.020639 8.255598 -0.707107 -2.448142 200.000000 -2.448142 0.019825 7.930030 0.707107 4.300062 200.000000 4.300062
 12.400000 0.997538 -0.070132 0.635666 -0.771964 1.640986 2.452722 -0.070132 0.997538 -0.771964 0.635666 0.491849 196.739604 0.000000 1.075865 200.000000 1.075865 0.000606 0.242512 1.000000 34.131233 200.000000 34.131233 0.420650 168.260170 -0.707107 -2.448142 200.000000 -2.448142 0.510381 204.152404 0.707107 4.300062 200.000000 4.300062
 12.600000 0.998278 0.058668 0.741388 -0.671076 1.512095 2.306456 0.058668 0.998278 -0.671076 0.741388 0.344193 137.677090 0.000000 1.075865 200.000000 1.075865 0.000297 0.118673 1.000000 34.131233 200.000000 34.131233 0.129819 51.927680 -0.707107 -2.448142 200.000000 -2.448142 0.117522 47.008756 0.707107 4.300062 200.000000 4.300062
 12.800000 0.993931 0.110002 0.714086 -0.700058 1.460571 2.346275 0.110002 0.993931 -0.700058 0.714086 1.210040 484.015933 0.000000 1.075865 200.000000 1.075865 0.003683 1.473123 1.000000 34.131233 200.000000 34.131233 0.004968 1.987383 -0.707107 -2.448142 200.000000 -2.448142 0.004871 1.948344 0.707107 4.300062 200.000000 4.300062
 13.000000 0.997414 0.071870 0.581014 -0.813894 1.498864 2.521619 0.071870 0.997414 -0.813894 0.581014 0.516535 206.613832 0.000000 1.075865 200.000000 1.075865 0.000669 0.267499 1.000000 34.131233 200.000000 34.131233 1.140346 456.138575 -0.707107 -2.448142 200.000000 -2.448142 1.589947 635.978729 0.707107 4.300062 200.000000 4.300062
 13.200000 0.998717 0.050645 0.690684 -0.723156 1.520129 2.379158 0.050645 0.998717 -0.723156 0.690684 0.256495 102.598120 0.000000 1.075865 200.000000 1.075865 0.000165 0.065874 1.000000 34.131233 200.000000 34.131233 0.025759 10.303669 -0.707107 -2.448142 200.000000 -2.448142 0.026970 10.787961 0.707107 4.300062 200.000000 4.300062
 13.400000 0.999580 0.028977 0.743269 -0.668993 1.541815 2.303649 0.028977 0.999580 -0.668993 0.743269 0.083968 33.587106 0.000000 1.075865 200.000000 1.075865 0.000018 0.007054 1.000000 34.131233 200.000000 34.131233 0.145267 58.106838 -0.707107 -2.448142 200.000000 -2.448142 0.130769 52.307749 0.707107 4.300062 200.000000 4.300062
 13.600000 0.999990 0.004369 0.642509 -0.766279 1.566427 2.443825 0.004369 0.999990 -0.766279 0.642509 0.001909 0.763500 0.000000 1.075865 200.000000 1.075865 0.000000 0.000004 1.000000 34.131233 200.000000 34.131233 0.350130 140.051960 -0.707107 -2.448142 200.000000 -2.448142 0.417294 166.917512 0.707107 4.300062 200.000000 4.300062
 13.800000 0.995808 0.091467 0.643298 -0.765616 1.479201 2.442794 0.091467 0.995808 -0.765616 0.643298 0.836627 334.650630 0.000000 1.075865 200.000000 1.075865 0.001757 0.702887 1.000000 34.131233 200.000000 34.131233 0.342327 136.930884 -0.707107 -2.448142 200.000000 -2.448142 0.407150 162.860183 0.707107 4.300062 200.000000 4.300062
 14.000000 0.995016 0.099712 0.691996 -0.721901 1.470919 2.377342 0.099712 0.995016 -0.721901 0.691996 0.994241 397.696392 0.000000 1.075865 200.000000 1.075865 0.002484 0.993460 1.000000 34.131233 200.000000 34.131233 0.021887 8.754949 -0.707107 -2.448142 200.000000 -2.448142 0.022833 9.133213 0.707107 4.300062 200.000000 4.300062
 14.200000 0.999494 0.031823 0.712760 -0.701408 1.538968 2.348167 0.031823 0.999494 -0.701408 0.712760 0.101268 40.507043 0.000000 1.075865 200.000000 1.075865 0.000026 0.010260 1.000000 34.131233 200.000000 34.131233 0.003248 1.299233 -0.707107 -2.448142 200.000000 -2.448142 0.003196 1.278540 0.707107 4.300062 200.000000 4.300062
 14.400000 0.999949 -0.010093 0.700941 -0.713220 1.580890 2.364877 -0.010093 0.999949 -0.713220 0.700941 0.010187 4.074938 0.000000 1.075865 200.000000 1.075865 0.000000 0.000104 1.000000 34.131233 200.000000 34.131233 0.003737 1.494617 -0.707107 -2.448142 200.000000 -2.448142 0.003802 1.520799 0.707107 4.300062 200.000000 4.300062
 14.600000 0.998870 -0.047522 0.653910 -0.756572 1.618336 2.428852 -0.047522 0.998870 -0.756572 0.653910 0.225836 90.334437 0.000000 1.075865 200.000000 1.075865 0.000128 0.051060 1.000000 34.131233 200.000000 34.131233 0.244684 97.873722 -0.707107 -2.448142 200.000000 -2.448142 0.282990 113.195957 0.707107 4.300062 200.000000 4.300062
 14.800000 0.999833 0.018264 0.697355 -0.716726 1.552531 2.369892 0.018264 0.999833 -0.716726 0.697355 0.033357 13.342862 0.000000 1.075865 200.000000 1.075865 0.000003 0.001113 1.000000 34.131233 200.000000 34.131233 0.009253 3.701149 -0.707107 -2.448142 200.000000 -2.448142 0.009510 3.803949 0.707107 4.300062 200.000000 4.300062
 15.000000 1.000000 -0.000959 0.698480 -0.715629 1.571755 2.368321 -0.000959 1.000000 -0.715629 0.698480 0.000092 0.036795 0.000000 1.075865 200.000000 1.075865 0.000000 0.000000 1.000000 34.131233 200.000000 34.131233 0.007263 2.905373 -0.707107 -2.448142 200.000000 -2.448142 0.007442 2.976700 0.707107 4.300062 200.000000 4.300062
 15.200000 0.993279 0.115747 0.622474 -0.782640 1.454790 2.469692 0.115747 0.993279 -0.782640 0.622474 1.339730 535.892016 0.000000 1.075865 200.000000 1.075865 0.004518 1.807001 1.000000 34.131233 200.000000 34.131233 0.570528 228.211378 -0.707107 -2.448142 200.000000 -2.448142 0.716263 286.505204 0.707107 4.300062 200.000000 4.300062
 15.400000 0.999173 0.040672 0.627418 -0.778683 1.530113 2.463360 0.040672 0.999173 -0.778683 0.627418 0.165423 66.169334 0.000000 1.075865 200.000000 1.075865 0.000068 0.027388 1.000000 34.131233 200.000000 34.131233 0.512311 204.924590 -0.707107 -2.448142 200.000000 -2.448142 0.635032 254.012695 0.707107 4.300062 200.000000 4.300062
 15.600000 0.998911 0.046662 0.654234 -0.756292 1.524118 2.428423 0.046662 0.998911 -0.756292 0.654234 0.217733 87.093191 0.000000 1.075865 200.000000 1.075865 0.000119 0.047459 1.000000 34.131233 200.000000 34.131233 0.241917 96.766965 -0.707107 -2.448142 200.000000 -2.448142 0.279549 111.819743 0.707107 4.300062 200.000000 4.300062
 15.800000 0.997841 0.065680 0.679361 -0.733804 1.505069 2.394701 0.065680 0.997841 -0.733804 0.679361 0.431392 172.556705 0.000000 1.075865 200.000000 1.075865 0.000466 0.186501 1.000000 34.131233 200.000000 34.131233 0.071275 28.510168 -0.707107 -2.448142 200.000000 -2.448142 0.076983 30.793181 0.707107 4.300062 200.000000 4.300062
 16.000000 0.999948 0.010208 0.608611 -0.793468 1.560588 2.487283 0.010208 0.999948 -0.793468 0.608611 0.010420 4.168171 0.000000 1.075865 200.000000 1.075865 0.000000 0.000109 1.000000 34.131233 200.000000 34.131233 0.745833 298.333040 -0.707107 -2.448142 200.000000 -2.448142 0.970133 388.053012 0.707107 4.300062 200.000000 4.300062
 16.200000 0.996031 0.089010 0.698792 -0.715325 1.481668 2.367885 0.089010 0.996031 -0.715325 0.698792 0.792286 316.914448 0.000000 1.075865 200.000000 1.075865 0.001576 0.630216 1.000000 34.131233 200.000000 34.131233 0.006753 2.701263 -0.707107 -2.448142 200.000000 -2.448142 0.006913 2.765166 0.707107 4.300062 200.000000 4.300062
 16.400000 0.994530 0.104448 0.728696 -0.684837 1.466157 2.325176 0.104448 0.994530 -0.684837 0.728696 1.090949 436.379421 0.000000 1.075865 200.000000 1.075865 0.002992 1.196705 1.000000 34.131233 200.000000 34.131233 0.049595 19.837812 -0.707107 -2.448142 200.000000 -2.448142 0.046611 18.644355 0.707107 4.300062 200.000000 4.300062
 16.600000 0.999858 -0.016830 0.706096 -0.708116 1.587628 2.357622 -0.016830 0.999858 -0.708116 0.706096 0.028326 11.330471 0.000000 1.075865 200.000000 1.075865 0.000002 0.000802 1.000000 34.131233 200.000000 34.131233 0.000102 0.040711 -0.707107 -2.448142 200.000000 -2.448142 0.000102 0.040828 0.707107 4.300062 200.000000 4.300062
 16.800000 0.999537 -0.030435 0.674618 -0.738167 1.601236 2.401145 -0.030435 0.999537 -0.738167 0.674618 0.092630 37.051994 0.000000 1.075865 200.000000 1.075865 0.000021 0.008584 1.000000 34.131233 200.000000 34.131233 0.096471 38.588480 -0.707107 -2.448142 200.000000 -2.448142 0.105549 42.219617 0.707107 4.300062 200.000000 4.300062
 17.000000 0.999216 0.039597 0.711114 -0.703077 1.531189 2.350512 0.039597 0.999216 -0.703077 0.711114 0.156796 62.718256 0.000000 1.075865 200.000000 1.075865 0.000062 0.024604 1.000000 34.131233 200.000000 34.131233 0.001624 0.649574 -0.707107 -2.448142 200.000000 -2.448142 0.001606 0.642233 0.707107 4.300062 200.000000 4.300062
 17.200000 0.998067 0.062147 0.688145 -0.725573 1.508609 2.382664 0.062147 0.998067 -0.725573 0.688145 0.386229 154.491571 0.000000 1.075865 200.000000 1.075865 0.000374 0.149462 1.000000 34.131233 200.000000 34.131233 0.034101 13.640568 -0.707107 -2.448142 200.000000 -2.448142 0.035956 14.382218 0.707107 4.300062 200.000000 4.300062
 17.400000 0.999553 0.029897 0.657792 -0.753200 1.540895 2.423710 0.029897 0.999553 -0.753200 0.657792 0.089383 35.753394 0.000000 1.075865 200.000000 1.075865 0.000020 0.007993 1.000000 34.131233 200.000000 34.131233 0.212458 84.983319 -0.707107 -2.448142 200.000000 -2.448142 0.243199 97.279481 0.707107 4.300062 200.000000 4.300062
 17.600000 0.997990 0.063374 0.685079 -0.728469 1.507380 2.386881 0.063374 0.997990 -0.728469 0.685079 0.401625 160.650037 0.000000 1.075865 200.000000 1.075865 0.000404 0.161627 1.000000 34.131233 200.000000 34.131233 0.045635 18.254051 -0.707107 -2.448142 200.000000 -2.448142 0.048524 19.409639 0.707107 4.300062 200.000000 4.300062
 17.800000 0.987905 0.155058 0.599773 -0.800170 1.415110 2.498375 0.155058 0.987905 -0.800170 0.599773 2.404313 961.725349 0.000000 1.075865 200.000000 1.075865 0.014628 5.851278 1.000000 34.131233 200.000000 34.131233 0.866076 346.430321 -0.707107 -2.448142 200.000000 -2.448142 1.152048 460.819049 0.707107 4.300062 200.000000 4.300062
 18.000000 0.998781 0.049367 0.655604 -0.755105 1.521409 2.426610 0.049367 0.998781 -0.755105 0.655604 0.243713 97.485139 0.000000 1.075865 200.000000 1.075865 0.000149 0.059468 1.000000 34.131233 200.000000 34.131233 0.230380 92.151900 -0.707107 -2.448142 200.000000 -2.448142 0.265251 106.100423 0.707107 4.300062 200.000000 4.300062
 18.200000 0.999999 0.001073 0.687413 -0.726266 1.569723 2.383671 0.001073 0.999999 -0.726266 0.687413 0.000115 0.046071 0.000000 1.075865 200.000000 1.075865 0.000000 0.000000 1.000000 34.131233 200.000000 34.131233 0.036709 14.683509 -0.707107 -2.448142 200.000000 -2.448142 0.038783 15.513104 0.707107 4.300062 200.000000 4.300062
 18.400000 0.994715 0.102673 0.696242 -0.717807 1.467942 2.371444 0.102673 0.994715 -0.717807 0.696242 1.054169 421.667717 0.000000 1.075865 200.000000 1.075865 0.002793 1.117169 1.000000 34.131233 200.000000 34.131233 0.011450 4.580171 -0.707107 -2.448142 200.000000 -2.448142 0.011805 4.722023 0.707107 4.300062 200.000000 4.300062
 18.600000 0.996990 0.077529 0.652601 -0.757702 1.493189 2.430581 0.077529 0.996990 -0.757702 0.652601 0.601079 240.431724 0.000000 1.075865 200.000000 1.075865 0.000906 0.362386 1.000000 34.131233 200.000000 34.131233 0.255989 102.395451 -0.707107 -2.448142 200.000000 -2.448142 0.297093 118.837002 0.707107 4.300062 200.000000 4.300062
 18.800000 0.998542 0.053977 0.681806 -0.731533 1.516793 2.391363 0.053977 0.998542 -0.731533 0.681806 0.291352 116.540802 0.000000 1.075865 200.000000 1.075865 0.000213 0.085010 1.000000 34.131233 200.000000 34.131233 0.059662 23.864867 -0.707107 -2.448142 200.000000 -2.448142 0.064011 25.604287 0.707107 4.300062 200.000000 4.300062
 19.000000 0.999604 -0.028124 0.703697 -0.710500 1.598924 2.361005 -0.028124 0.999604 -0.710500 0.703697 0.079096 31.638443 0.000000 1.075865 200.000000 1.075865 0.000016 0.006259 1.000000 34.131233 200.000000 34.131233 0.001152 0.460661 -0.707107 -2.448142 200.000000 -2.448142 0.001163 0.465115 0.707107 4.300062 200.000000 4.300062
 19.200000 0.997743 -0.067143 0.729997 -0.683450 1.637990 2.323275 -0.067143 0.997743 -0.683450 0.729997 0.450824 180.329709 0.000000 1.075865 200.000000 1.075865 0.000509 0.203702 1.000000 34.131233 200.000000 34.131233 0.055964 22.385724 -0.707107 -2.448142 200.000000 -2.448142 0.052398 20.959076 0.707107 4.300062 200.000000 4.300062
 19.400000 0.996062 0.088658 0.674983 -0.737833 1.482021 2.400651 0.088658 0.996062 -0.737833 0.674983 0.786031 314.412264 0.000000 1.075865 200.000000 1.075865 0.001551 0.620284 1.000000 34.131233 200.000000 34.131233 0.094412 37.764671 -0.707107 -2.448142 200.000000 -2.448142 0.103194 41.277448 0.707107 4.300062 200.000000 4.300062
 19.600000 0.999893 0.014623 0.634203 -0.773167 1.556173 2.454616 0.014623 0.999893 -0.773167 0.634203 0.021384 8.553596 0.000000 1.075865 200.000000 1.075865 0.000001 0.000457 1.000000 34.131233 200.000000 34.131233 0.436393 174.557290 -0.707107 -2.448142 200.000000 -2.448142 0.531501 212.600375 0.707107 4.300062 200.000000 4.300062
 19.800000 0.998926 0.046340 0.721506 -0.692409 1.524440 2.335618 0.046340 0.998926 -0.692409 0.721506 0.214737 85.894990 0.000000 1.075865 200.000000 1.075865 0.000115 0.046162 1.000000 34.131233 200.000000 34.131233 0.021603 8.641387 -0.707107 -2.448142 200.000000 -2.448142 0.020732 8.292969 0.707107 4.300062 200.000000 4.300062
 20.000000 0.999240 -0.038980 0.656806 -0.754060 1.609786 2.425018 -0.038980 0.999240 -0.754060 0.656806 0.151946 60.778520 0.000000 1.075865 200.000000 1.075865 0.000058 0.023105 1.000000 34.131233 200.000000 34.131233 0.220460 88.184038 -0.707107 -2.448142 200.000000 -2.448142 0.253021 101.208410 0.707107 4.300062 200.000000 4.300062
