#! FIELDS time sin_phi cos_phi sin_psi cos_psi phi psi cos_phi sin_phi cos_psi sin_psi restraint_phi_cos.bias restraint_phi_cos.force2 restraint_phi_cos.cos_phi_cntr restraint_phi_cos.cos_phi_work restraint_phi_cos.cos_phi_kappa restraint_phi_cos.work restraint_phi_sin.bias restraint_phi_sin.force2 restraint_phi_sin.sin_phi_cntr restraint_phi_sin.sin_phi_work restraint_phi_sin.sin_phi_kappa restraint_phi_sin.work restraint_psi_cos.bias restraint_psi_cos.force2 restraint_psi_cos.cos_psi_cntr restraint_psi_cos.cos_psi_work restraint_psi_cos.cos_psi_kappa restraint_psi_cos.work restraint_psi_sin.bias restraint_psi_sin.force2 restraint_psi_sin.sin_psi_cntr restraint_psi_sin.sin_psi_work restraint_psi_sin.sin_psi_kappa restraint_psi_sin.work
#! SET min_phi -pi
#! SET max_phi pi
#! SET min_psi -pi
#! SET max_psi pi
 0.000000 -0.999983 -0.005782 0.966116 0.258110 -1.576579 1.309731 -0.005782 -0.999983 0.258110 0.966116 0.000000 0.000000 -0.009747 0.000000 0.000000 0.000000 0.000000 0.000000 -0.999953 0.000000 0.000000 0.000000 0.000000 0.000000 0.256142 0.000000 0.000000 0.000000 0.000000 0.000000 0.966639 0.000000 0.000000 0.000000
 0.200000 -1.000000 -0.000266 0.834656 0.550772 -1.571062 0.987508 -0.000266 -1.000000 0.550772 0.834656 0.000899 0.035955 -0.009747 0.429321 20.000000 0.429321 0.000000 0.000001 -0.999953 0.008204 20.000000 0.008204 0.868065 34.722587 0.256142 0.437497 20.000000 0.437497 0.174196 6.967822 0.966639 0.079186 20.000000 0.079186
 0.400000 -0.998237 0.059346 0.982967 0.183784 -1.511415 1.385962 0.059346 -0.998237 0.183784 0.982967 0.095476 7.638063 -0.009747 0.576152 40.000000 0.576152 0.000059 0.004706 -0.999953 0.009175 40.000000 0.009175 0.104715 8.377184 0.256142 0.652623 40.000000 0.652623 0.005332 0.426545 0.966639 0.103853 40.000000 0.103853
 0.600000 -0.997905 0.064694 0.969726 0.244195 -1.506057 1.324107 0.064694 -0.997905 0.244195 0.969726 0.166241 19.948918 -0.009747 0.652738 60.000000 0.652738 0.000126 0.015090 -0.999953 0.009549 60.000000 0.009549 0.004282 0.513884 0.256142 0.812950 60.000000 0.812950 0.000286 0.034310 0.966639 0.126978 60.000000 0.126978
 0.800000 -0.999998 0.001900 0.948099 0.317977 -1.568897 1.247202 0.001900 -0.999998 0.317977 0.948099 0.005425 0.868058 -0.009747 0.745436 80.000000 0.745436 0.000000 0.000013 -0.999953 0.009931 80.000000 0.009931 0.152938 24.470136 0.256142 0.870390 80.000000 0.870390 0.013750 2.199994 0.966639 0.131256 80.000000 0.131256
 1.000000 -0.997907 -0.064664 0.983714 0.179740 -1.635505 1.390074 -0.064664 -0.997907 0.179740 0.983714 0.150795 30.158950 -0.009747 0.830200 100.000000 0.830200 0.000209 0.041836 -0.999953 0.010215 100.000000 0.010215 0.291866 58.373296 0.256142 0.906285 100.000000 0.906285 0.014578 2.915589 0.966639 0.133900 100.000000 0.133900
 1.200000 -0.998632 0.052283 0.985233 0.171221 -1.518489 1.398728 0.052283 -0.998632 0.171221 0.985233 0.230861 55.406593 -0.009747 0.926076 120.000000 0.926076 0.000105 0.025098 -0.999953 0.010632 120.000000 0.010632 0.432703 103.848639 0.256142 0.992002 120.000000 0.992002 0.020743 4.978426 0.966639 0.141239 120.000000 0.141239
 1.400000 -0.999099 0.042450 0.979951 0.199238 -1.528334 1.370216 0.042450 -0.999099 0.199238 0.979951 0.190711 53.399045 -0.009747 0.960891 140.000000 0.960891 0.000051 0.014291 -0.999953 0.010712 140.000000 0.010712 0.226664 63.465860 0.256142 1.092922 140.000000 1.092922 0.012405 3.473287 0.966639 0.149514 140.000000 0.149514
 1.600000 -0.999952 0.009788 0.961509 0.274775 -1.561008 1.292441 0.009788 -0.999952 0.274775 0.961509 0.030528 9.768983 -0.009747 1.007034 160.000000 1.007034 0.000000 0.000000 -0.999953 0.010844 160.000000 0.010844 0.027774 8.887593 0.256142 1.162404 160.000000 1.162404 0.002106 0.673841 0.966639 0.156247 160.000000 0.156247
 1.800000 -0.999822 -0.018890 0.970255 0.242087 -1.589688 1.326281 -0.018890 -0.999822 0.242087 0.970255 0.007525 2.709001 -0.009747 1.052059 180.000000 1.052059 0.000002 0.000556 -0.999953 0.010933 180.000000 0.010933 0.017781 6.401157 0.256142 1.193843 180.000000 1.193843 0.001177 0.423550 0.966639 0.158902 180.000000 0.158902
 2.000000 -0.987244 0.159215 0.942677 0.333708 -1.410901 1.230562 0.159215 -0.987244 0.333708 0.942677 2.854784 1141.913410 -0.009747 1.082091 200.000000 1.082091 0.016151 6.460231 -0.999953 0.011014 200.000000 0.011014 0.601639 240.655703 0.256142 1.219996 200.000000 1.219996 0.057420 22.968050 0.966639 0.161398 200.000000 0.161398
 2.200000 -0.998094 0.061719 0.954537 0.298093 -1.509038 1.268102 0.061719 -0.998094 0.298093 0.954537 0.814699 325.879645 -0.028541 1.154540 200.000000 1.154540 0.151824 60.729587 -0.959129 0.155720 200.000000 0.155720 1.751117 700.446726 0.165763 1.420576 200.000000 1.420576 0.027330 10.932030 0.938005 0.277499 200.000000 0.277499
 2.400000 -0.999919 -0.012718 0.982728 0.185056 -1.583514 1.384668 -0.012718 -0.999919 0.185056 0.982728 0.119843 47.937259 -0.047336 1.261553 200.000000 1.261553 0.666080 266.432171 -0.918305 0.645503 200.000000 0.645503 1.202780 481.112088 0.075384 1.736984 200.000000 1.736984 0.538127 215.250792 0.909371 0.643351 200.000000 0.643351
 2.600000 -0.983369 -0.181620 0.978238 0.207488 -1.753430 1.361790 -0.181620 -0.983369 0.207488 0.978238 1.333786 533.514401 -0.066131 1.297133 200.000000 1.297133 1.121204 448.481701 -0.877482 1.448381 200.000000 1.448381 4.949849 1979.939577 -0.014995 1.876702 200.000000 1.876702 0.950640 380.256028 0.880737 1.224098 200.000000 1.224098
 2.800000 -0.991829 -0.127575 0.999596 -0.028428 -1.698720 1.599228 -0.127575 -0.991829 -0.028428 0.999596 0.181897 72.758672 -0.084925 1.304845 200.000000 1.304845 2.407795 963.118141 -0.836658 2.579197 200.000000 2.579197 0.592068 236.827130 -0.105374 1.732445 200.000000 1.732445 2.175422 870.168676 0.852103 1.956373 200.000000 1.956373
 3.000000 -0.988445 -0.151583 0.994062 -0.108815 -1.722966 1.679827 -0.151583 -0.988445 -0.108815 0.994062 0.229085 91.634048 -0.103720 1.328478 200.000000 1.328478 3.709856 1483.942566 -0.795835 4.036067 200.000000 4.036067 0.755820 302.328127 -0.195753 1.355520 200.000000 1.355520 2.910210 1164.083996 0.823469 2.779778 200.000000 2.779778
 3.200000 -0.996310 -0.085829 0.935441 -0.353483 -1.656731 1.932089 -0.085829 -0.996310 -0.353483 0.935441 0.134583 53.833298 -0.122515 1.255773 200.000000 1.255773 5.822509 2329.003450 -0.755011 5.769091 200.000000 5.769091 0.453623 181.449083 -0.286132 0.399028 200.000000 0.399028 1.977012 790.804713 0.794835 3.601158 200.000000 3.601158
 3.400000 -0.981616 -0.190867 0.906888 -0.421372 -1.762842 2.005754 -0.190867 -0.981616 -0.421372 0.906888 0.245601 98.240463 -0.141309 1.178203 200.000000 1.178203 7.151787 2860.714735 -0.714188 7.820337 200.000000 7.820337 0.201251 80.500515 -0.376511 -0.780841 200.000000 -0.780841 1.979296 791.718350 0.766200 4.369778 200.000000 4.369778
 3.600000 -0.987875 -0.155253 0.839636 -0.543150 -1.726679 2.144980 -0.155253 -0.987875 -0.543150 0.839636 0.002354 0.941439 -0.160104 0.959475 200.000000 0.959475 9.891704 3956.681712 -0.673364 10.120271 200.000000 10.120271 0.581555 232.621929 -0.466890 -2.158528 200.000000 -2.158528 1.041819 416.727516 0.737566 5.016047 200.000000 5.016047
 3.800000 -0.937185 -0.348833 0.724326 -0.689458 -1.927122 2.331536 -0.348833 -0.937185 -0.689458 0.724326 2.887773 1155.109060 -0.178899 0.656993 200.000000 0.656993 9.280822 3712.328628 -0.632540 12.683160 200.000000 12.683160 1.747383 698.953324 -0.557269 -3.401945 200.000000 -3.401945 0.023697 9.478753 0.708932 5.510874 200.000000 5.510874
 4.000000 -0.932500 -0.361170 0.716390 -0.697700 -1.940318 2.342978 -0.361170 -0.932500 -0.697700 0.716390 2.672452 1068.980764 -0.197693 0.219331 200.000000 0.219331 11.613321 4645.328342 -0.591717 15.451121 200.000000 15.451121 0.250522 100.208890 -0.647648 -4.359830 200.000000 -4.359830 0.130261 52.104410 0.680298 5.844452 200.000000 5.844452
 4.200000 -0.899175 -0.437589 0.642446 -0.766331 -2.023712 2.443907 -0.437589 -0.899175 -0.766331 0.642446 4.888569 1955.427680 -0.216488 -0.279496 200.000000 -0.279496 12.130017 4852.006657 -0.550893 18.454665 200.000000 18.454665 0.080113 32.045115 -0.738027 -4.953611 200.000000 -4.953611 0.008498 3.399156 0.651664 5.952388 200.000000 5.952388
 4.400000 -0.939539 -0.342442 0.591746 -0.806124 -1.920312 2.508369 -0.342442 -0.939539 -0.806124 0.591746 1.148320 459.328012 -0.235283 -0.988408 200.000000 -0.988408 18.444368 7377.747255 -0.510070 21.537581 200.000000 21.537581 0.160640 64.255975 -0.766044 -5.032321 200.000000 -5.032321 0.260523 104.209164 0.642788 5.943401 200.000000 5.943401
 4.600000 -0.886029 -0.463629 0.641628 -0.767016 -2.052883 2.444974 -0.463629 -0.886029 -0.767016 0.641628 4.391195 1756.478034 -0.254077 -1.752642 200.000000 -1.752642 17.370819 6948.327790 -0.469246 24.825660 200.000000 24.825660 0.000094 0.037757 -0.766044 -5.032321 200.000000 -5.032321 0.000134 0.053791 0.642788 5.943401 200.000000 5.943401
 4.800000 -0.868979 -0.494848 0.684794 -0.728737 -2.088456 2.387272 -0.494848 -0.868979 -0.728737 0.684794 4.927340 1970.936006 -0.272872 -2.747118 200.000000 -2.747118 19.409031 7763.612246 -0.428423 28.061400 200.000000 28.061400 0.139186 55.674400 -0.766044 -5.032321 200.000000 -5.032321 0.176453 70.581104 0.642788 5.943401 200.000000 5.943401
 5.000000 -0.807533 -0.589822 0.658074 -0.752953 -2.201635 2.423334 -0.589822 -0.807533 -0.752953 0.658074 8.889653 3555.861352 -0.291667 -3.829898 200.000000 -3.829898 17.634478 7053.791037 -0.387599 31.390160 200.000000 31.390160 0.017139 6.855462 -0.766044 -5.032321 200.000000 -5.032321 0.023368 9.347347 0.642788 5.943401 200.000000 5.943401
 5.200000 -0.830997 -0.556277 0.631859 -0.775084 -2.160695 2.457644 -0.556277 -0.830997 -0.775084 0.631859 6.042515 2417.006052 -0.310461 -5.076386 200.000000 -5.076386 23.447058 9378.823380 -0.346776 34.683922 200.000000 34.683922 0.008170 3.268193 -0.766044 -5.032321 200.000000 -5.032321 0.011944 4.777554 0.642788 5.943401 200.000000 5.943401
 5.400000 -0.728233 -0.685330 0.685475 -0.728097 -2.325852 2.386337 -0.685330 -0.728233 -0.728097 0.685475 12.678832 5071.532807 -0.329256 -6.525780 200.000000 -6.525780 17.832134 7132.853439 -0.305952 37.785170 200.000000 37.785170 0.144004 57.601467 -0.766044 -5.032321 200.000000 -5.032321 0.182217 72.886850 0.642788 5.943401 200.000000 5.943401
 5.600000 -0.540380 -0.841421 0.638095 -0.769957 -2.570704 2.449571 -0.841421 -0.540380 -0.769957 0.638095 24.341426 9736.570294 -0.348051 -8.123942 200.000000 -8.123942 7.576347 3030.538815 -0.265128 40.685421 200.000000 40.685421 0.001531 0.612421 -0.766044 -5.032321 200.000000 -5.032321 0.002202 0.880673 0.642788 5.943401 200.000000 5.943401
 5.800000 -0.515734 -0.856748 0.649409 -0.760440 -2.599728 2.434786 -0.856748 -0.515734 -0.760440 0.649409 24.000497 9600.198827 -0.366845 -9.863617 200.000000 -9.863617 8.493125 3397.249991 -0.224305 43.347091 200.000000 43.347091 0.003141 1.256589 -0.766044 -5.032321 200.000000 -5.032321 0.004384 1.753561 0.642788 5.943401 200.000000 5.943401
 6.000000 -0.446617 -0.894725 0.585766 -0.810480 -2.678612 2.515768 -0.894725 -0.446617 -0.810480 0.585766 25.916779 10366.711468 -0.385640 -11.722130 200.000000 -11.722130 6.924028 2769.611185 -0.183481 45.664601 200.000000 45.664601 0.197455 78.981941 -0.766044 -5.032321 200.000000 -5.032321 0.325148 130.059262 0.642788 5.943401 200.000000 5.943401
 6.200000 -0.380070 -0.924958 0.609118 -0.793080 -2.751721 2.486645 -0.924958 -0.380070 -0.793080 0.609118 27.094421 10837.768467 -0.404435 -13.660397 200.000000 -13.660397 5.636449 2254.579587 -0.142658 47.647523 200.000000 47.647523 0.073091 29.236270 -0.766044 -5.032321 200.000000 -5.032321 0.113365 45.346139 0.642788 5.943401 200.000000 5.943401
 6.400000 -0.450025 -0.893016 0.634008 -0.773327 -2.674799 2.454868 -0.893016 -0.450025 -0.773327 0.634008 22.069929 8827.971704 -0.423229 -15.626282 200.000000 -15.626282 12.123693 4849.477170 -0.101834 49.432629 200.000000 49.432629 0.005303 2.121144 -0.766044 -5.032321 200.000000 -5.032321 0.007708 3.083287 0.642788 5.943401 200.000000 5.943401
 6.600000 -0.198992 -0.980001 0.653919 -0.756565 -2.941263 2.428840 -0.980001 -0.198992 -0.756565 0.653919 28.941913 11576.765048 -0.442024 -17.617710 200.000000 -17.617710 1.903897 761.558715 -0.061011 50.929493 200.000000 50.929493 0.008986 3.594560 -0.766044 -5.032321 200.000000 -5.032321 0.012390 4.956092 0.642788 5.943401 200.000000 5.943401
 6.800000 -0.131576 -0.991306 0.627633 -0.778510 -3.009634 2.463084 -0.991306 -0.131576 -0.778510 0.627633 28.141667 11256.666946 -0.460819 -19.619343 200.000000 -19.619343 1.240757 496.302979 -0.020187 51.931956 200.000000 51.931956 0.015538 6.215352 -0.766044 -5.032321 200.000000 -5.032321 0.022968 9.187076 0.642788 5.943401 200.000000 5.943401
 7.000000 -0.077394 -0.997001 0.672825 -0.739802 -3.064122 2.403572 -0.997001 -0.077394 -0.739802 0.672825 26.768940 10707.576199 -0.479614 -21.580259 200.000000 -21.580259 0.960992 384.396660 0.020637 52.887700 200.000000 52.887700 0.068868 27.547236 -0.766044 -5.032321 200.000000 -5.032321 0.090224 36.089695 0.642788 5.943401 200.000000 5.943401
 7.200000 -0.017727 -0.999843 0.638672 -0.769479 -3.123865 2.448821 -0.999843 -0.017727 -0.769479 0.638672 25.143673 10057.469029 -0.498408 -23.491289 200.000000 -23.491289 0.627057 250.822909 0.061460 53.429495 200.000000 53.429495 0.001180 0.471806 -0.766044 -5.032321 200.000000 -5.032321 0.001694 0.677433 0.642788 5.943401 200.000000 5.943401
 7.400000 0.018971 -0.999820 0.643696 -0.765282 3.122621 2.442275 -0.999820 0.018971 -0.765282 0.643696 23.291933 9316.773086 -0.517203 -25.335674 200.000000 -25.335674 0.694108 277.643242 0.102284 53.825791 200.000000 53.825791 0.000058 0.023278 -0.766044 -5.032321 200.000000 -5.032321 0.000082 0.032982 0.642788 5.943401 200.000000 5.943401
 7.600000 0.130462 -0.991453 0.638148 -0.769914 3.010757 2.449502 -0.991453 0.130462 -0.769914 0.638148 20.743990 8297.596105 -0.535998 -27.084469 200.000000 -27.084469 0.015989 6.395739 0.143107 53.911287 200.000000 53.911287 0.001497 0.598804 -0.766044 -5.032321 200.000000 -5.032321 0.002152 0.860971 0.642788 5.943401 200.000000 5.943401
 7.800000 0.137799 -0.990460 0.619449 -0.785037 3.003354 2.473552 -0.990460 0.137799 -0.785037 0.619449 18.980657 7592.262970 -0.554792 -28.744992 200.000000 -28.744992 0.212813 85.125348 0.183931 54.030446 200.000000 54.030446 0.036071 14.428254 -0.766044 -5.032321 200.000000 -5.032321 0.054468 21.787185 0.642788 5.943401 200.000000 5.943401
 8.000000 0.295340 -0.955392 0.600916 -0.799313 2.841782 2.496947 -0.955392 0.295340 -0.799313 0.600916 14.577534 5831.013467 -0.573587 -30.274923 200.000000 -30.274923 0.498230 199.292139 0.224754 53.799587 200.000000 53.799587 0.110677 44.270625 -0.766044 -5.032321 200.000000 -5.032321 0.175327 70.130829 0.642788 5.943401 200.000000 5.943401
 8.200000 0.163398 -0.986560 0.602443 -0.798162 2.977459 2.495034 -0.986560 0.163398 -0.798162 0.602443 15.537678 6215.071116 -0.592382 -31.715794 200.000000 -31.715794 1.044071 417.628222 0.265578 53.747568 200.000000 53.747568 0.103151 41.260298 -0.766044 -5.032321 200.000000 -5.032321 0.162765 65.105896 0.642788 5.943401 200.000000 5.943401
 8.400000 0.377770 -0.925899 0.657568 -0.753395 2.754206 2.424006 -0.925899 0.377770 -0.753395 0.657568 9.905061 3962.024333 -0.611176 -32.996941 200.000000 -32.996941 0.509351 203.740446 0.306401 53.385026 200.000000 53.385026 0.016001 6.400504 -0.766044 -5.032321 200.000000 -5.032321 0.021847 8.738891 0.642788 5.943401 200.000000 5.943401
 8.600000 0.357275 -0.933999 0.628204 -0.778048 2.776243 2.462349 -0.933999 0.357275 -0.778048 0.628204 9.243308 3697.323123 -0.629971 -34.156039 200.000000 -34.156039 0.010101 4.040478 0.347225 53.080456 200.000000 53.080456 0.014409 5.763793 -0.766044 -5.032321 200.000000 -5.032321 0.021267 8.506866 0.642788 5.943401 200.000000 5.943401
 8.800000 0.440800 -0.897605 0.600573 -0.799570 2.685103 2.497375 -0.897605 0.440800 -0.799570 0.600573 6.192116 2476.846398 -0.648766 -35.173837 200.000000 -35.173837 0.278273 111.309160 0.388049 52.753702 200.000000 52.753702 0.112394 44.957744 -0.766044 -5.032321 200.000000 -5.032321 0.178205 71.281951 0.642788 5.943401 200.000000 5.943401
 9.000000 0.521803 -0.853066 0.635441 -0.772149 2.592630 2.453013 -0.853066 0.521803 -0.772149 0.635441 3.441247 1376.498749 -0.667560 -36.078606 200.000000 -36.078606 0.863606 345.442289 0.428872 52.543706 200.000000 52.543706 0.003727 1.490786 -0.766044 -5.032321 200.000000 -5.032321 0.005397 2.158839 0.642788 5.943401 200.000000 5.943401
 9.200000 0.539457 -0.842013 0.671864 -0.740674 2.571801 2.404870 -0.842013 0.539457 -0.740674 0.671864 2.422952 969.180890 -0.686355 -36.844489 200.000000 -36.844489 0.486659 194.663759 0.469696 52.374812 200.000000 52.374812 0.064364 25.745683 -0.766044 -5.032321 200.000000 -5.032321 0.084545 33.817954 0.642788 5.943401 200.000000 5.943401
 9.400000 0.481297 -0.876558 0.629171 -0.777267 2.639459 2.461106 -0.876558 0.481297 -0.777267 0.629171 2.938072 1175.228694 -0.705150 -37.477237 200.000000 -37.477237 0.085396 34.158238 0.510519 52.295294 200.000000 52.295294 0.012594 5.037563 -0.766044 -5.032321 200.000000 -5.032321 0.018540 7.416199 0.642788 5.943401 200.000000 5.943401
 9.600000 0.500339 -0.865830 0.622468 -0.782645 2.617603 2.469700 -0.865830 0.500339 -0.782645 0.622468 2.013144 805.257602 -0.723944 -37.968221 200.000000 -37.968221 0.260140 104.056146 0.551343 52.291832 200.000000 52.291832 0.027558 11.023003 -0.766044 -5.032321 200.000000 -5.032321 0.041287 16.514739 0.642788 5.943401 200.000000 5.943401
 9.800000 0.560147 -0.828393 0.580628 -0.814169 2.547029 2.522092 -0.828393 0.560147 -0.814169 0.580628 0.733664 293.465776 -0.742739 -38.325169 200.000000 -38.325169 0.102524 41.009765 0.592166 52.403473 200.000000 52.403473 0.231595 92.637893 -0.766044 -5.032321 200.000000 -5.032321 0.386377 154.550975 0.642788 5.943401 200.000000 5.943401
 10.000000 0.618948 -0.785432 0.618495 -0.785788 2.474190 2.474766 -0.785432 0.618948 -0.785788 0.618495 0.057113 22.845030 -0.761534 -38.587080 200.000000 -38.587080 0.019718 7.887047 0.632990 52.773139 200.000000 52.773139 0.038982 15.592899 -0.766044 -5.032321 200.000000 -5.032321 0.059011 23.604325 0.642788 5.943401 200.000000 5.943401
 10.200000 0.594030 -0.804443 0.683277 -0.730159 2.505534 2.389351 -0.804443 0.594030 -0.730159 0.683277 0.147446 58.978431 -0.766044 -38.614462 200.000000 -38.614462 0.237734 95.093572 0.642788 52.837445 200.000000 52.837445 0.128777 51.510687 -0.766044 -5.032321 200.000000 -5.032321 0.163942 65.576624 0.642788 5.943401 200.000000 5.943401
 10.400000 0.603303 -0.797512 0.661936 -0.749560 2.493957 2.418194 -0.797512 0.603303 -0.749560 0.661936 0.099023 39.609239 -0.766044 -38.614462 200.000000 -38.614462 0.155907 62.362697 0.642788 52.837445 200.000000 52.837445 0.027172 10.868995 -0.766044 -5.032321 200.000000 -5.032321 0.036666 14.666426 0.642788 5.943401 200.000000 5.943401
 10.600000 0.611845 -0.790978 0.675317 -0.737528 2.483202 2.400198 -0.790978 0.611845 -0.737528 0.675317 0.062167 24.866637 -0.766044 -38.614462 200.000000 -38.614462 0.095744 38.297768 0.642788 52.837445 200.000000 52.837445 0.081320 32.528010 -0.766044 -5.032321 200.000000 -5.032321 0.105815 42.325924 0.642788 5.943401 200.000000 5.943401
 10.800000 0.573084 -0.819496 0.599653 -0.800260 2.531328 2.498525 -0.819496 0.573084 -0.800260 0.599653 0.285711 114.284362 -0.766044 -38.614462 200.000000 -38.614462 0.485854 194.341685 0.642788 52.837445 200.000000 52.837445 0.117069 46.827588 -0.766044 -5.032321 200.000000 -5.032321 0.186055 74.422188 0.642788 5.943401 200.000000 5.943401
 11.000000 0.557906 -0.829904 0.588480 -0.808512 2.549733 2.512416 -0.829904 0.557906 -0.808512 0.588480 0.407810 163.124143 -0.766044 -38.614462 200.000000 -38.614462 0.720497 288.198800 0.642788 52.837445 200.000000 52.837445 0.180350 72.139891 -0.766044 -5.032321 200.000000 -5.032321 0.294936 117.974277 0.642788 5.943401 200.000000 5.943401
 11.200000 0.563958 -0.825803 0.650181 -0.759779 2.542422 2.433769 -0.825803 0.563958 -0.759779 0.650181 0.357114 142.845678 -0.766044 -38.614462 200.000000 -38.614462 0.621411 248.564327 0.642788 52.837445 200.000000 52.837445 0.003926 1.570266 -0.766044 -5.032321 200.000000 -5.032321 0.005467 2.186782 0.642788 5.943401 200.000000 5.943401
 11.400000 0.554361 -0.832276 0.657167 -0.753745 2.553997 2.424539 -0.832276 0.554361 -0.753745 0.657167 0.438663 175.465015 -0.766044 -38.614462 200.000000 -38.614462 0.781919 312.767658 0.642788 52.837445 200.000000 52.837445 0.015127 6.050668 -0.766044 -5.032321 200.000000 -5.032321 0.020675 8.270168 0.642788 5.943401 200.000000 5.943401
 11.600000 0.635566 -0.772047 0.611720 -0.791074 2.452852 2.483360 -0.772047 0.635566 -0.791074 0.611720 0.003603 1.441110 -0.766044 -38.614462 200.000000 -38.614462 0.005216 2.086217 0.642788 52.837445 200.000000 52.837445 0.062650 25.059934 -0.766044 -5.032321 200.000000 -5.032321 0.096520 38.607961 0.642788 5.943401 200.000000 5.943401
 11.800000 0.593818 -0.804599 0.544420 -0.838813 2.505797 2.565895 -0.804599 0.593818 -0.838813 0.544420 0.148649 59.459684 -0.766044 -38.614462 200.000000 -38.614462 0.239804 95.921454 0.642788 52.837445 200.000000 52.837445 0.529523 211.809307 -0.766044 -5.032321 200.000000 -5.032321 0.967619 387.047736 0.642788 5.943401 200.000000 5.943401
 12.000000 0.556582 -0.830793 0.541626 -0.840619 2.551327 2.569222 -0.830793 0.556582 -0.840619 0.541626 0.419237 167.694697 -0.766044 -38.614462 200.000000 -38.614462 0.743147 297.258929 0.642788 52.837445 200.000000 52.837445 0.556141 222.456315 -0.766044 -5.032321 200.000000 -5.032321 1.023358 409.343233 0.642788 5.943401 200.000000 5.943401
 12.200000 0.565328 -0.824867 0.626016 -0.779810 2.540762 2.465158 -0.824867 0.565328 -0.779810 0.626016 0.346004 138.401473 -0.766044 -38.614462 200.000000 -38.614462 0.600006 240.002521 0.642788 52.837445 200.000000 52.837445 0.018949 7.579517 -0.766044 -5.032321 200.000000 -5.032321 0.028127 11.250961 0.642788 5.943401 200.000000 5.943401
 12.400000 0.624911 -0.780696 0.626894 -0.779105 2.466575 2.464033 -0.780696 0.624911 -0.779105 0.626894 0.021466 8.586535 -0.766044 -38.614462 200.000000 -38.614462 0.031957 12.782640 0.642788 52.837445 200.000000 52.837445 0.017057 6.822710 -0.766044 -5.032321 200.000000 -5.032321 0.025261 10.104342 0.642788 5.943401 200.000000 5.943401
 12.600000 0.592468 -0.805594 0.606576 -0.795025 2.507474 2.489845 -0.805594 0.592468 -0.795025 0.606576 0.156417 62.566779 -0.766044 -38.614462 200.000000 -38.614462 0.253207 101.282746 0.642788 52.837445 200.000000 52.837445 0.083988 33.595310 -0.766044 -5.032321 200.000000 -5.032321 0.131125 52.449963 0.642788 5.943401 200.000000 5.943401
 12.800000 0.670582 -0.741836 0.604887 -0.796311 2.406600 2.491969 -0.741836 0.670582 -0.796311 0.604887 0.058607 23.442882 -0.766044 -38.614462 200.000000 -38.614462 0.077252 30.900869 0.642788 52.837445 200.000000 52.837445 0.091609 36.643484 -0.766044 -5.032321 200.000000 -5.032321 0.143646 57.458466 0.642788 5.943401 200.000000 5.943401
 13.000000 0.547901 -0.836543 0.614822 -0.788666 2.561740 2.479432 -0.836543 0.547901 -0.788666 0.614822 0.497009 198.803548 -0.766044 -38.614462 200.000000 -38.614462 0.900350 360.140113 0.642788 52.837445 200.000000 52.837445 0.051171 20.468542 -0.766044 -5.032321 200.000000 -5.032321 0.078205 31.281938 0.642788 5.943401 200.000000 5.943401
 13.200000 0.614539 -0.788886 0.617829 -0.786313 2.479791 2.475614 -0.788886 0.614539 -0.786313 0.617829 0.052176 20.870267 -0.766044 -38.614462 200.000000 -38.614462 0.079798 31.919344 0.642788 52.837445 200.000000 52.837445 0.041081 16.432231 -0.766044 -5.032321 200.000000 -5.032321 0.062295 24.918052 0.642788 5.943401 200.000000 5.943401
 13.400000 0.586138 -0.810212 0.694793 -0.719209 2.515309 2.373460 -0.810212 0.586138 -0.719209 0.694793 0.195074 78.029448 -0.766044 -38.614462 200.000000 -38.614462 0.320923 128.369309 0.642788 52.837445 200.000000 52.837445 0.219351 87.740592 -0.766044 -5.032321 200.000000 -5.032321 0.270459 108.183703 0.642788 5.943401 200.000000 5.943401
 13.600000 0.574680 -0.818378 0.614901 -0.788604 2.529380 2.479332 -0.818378 0.574680 -0.788604 0.614901 0.273885 109.553942 -0.766044 -38.614462 200.000000 -38.614462 0.463869 185.547727 0.642788 52.837445 200.000000 52.837445 0.050894 20.357600 -0.766044 -5.032321 200.000000 -5.032321 0.077765 31.106034 0.642788 5.943401 200.000000 5.943401
 13.800000 0.544314 -0.838881 0.615059 -0.788481 2.566021 2.479132 -0.838881 0.544314 -0.788481 0.615059 0.530521 212.208401 -0.766044 -38.614462 200.000000 -38.614462 0.969698 387.879124 0.642788 52.837445 200.000000 52.837445 0.050340 20.135909 -0.766044 -5.032321 200.000000 -5.032321 0.076887 30.754695 0.642788 5.943401 200.000000 5.943401
 14.000000 0.549358 -0.835587 0.631553 -0.775332 2.559997 2.458037 -0.835587 0.549358 -0.775332 0.631553 0.483618 193.447189 -0.766044 -38.614462 200.000000 -38.614462 0.872909 349.163658 0.642788 52.837445 200.000000 52.837445 0.008626 3.450589 -0.766044 -5.032321 200.000000 -5.032321 0.012621 5.048235 0.642788 5.943401 200.000000 5.943401
 14.200000 0.507477 -0.861665 0.573124 -0.819468 2.609339 2.531279 -0.861665 0.507477 -0.819468 0.573124 0.914336 365.734558 -0.766044 -38.614462 200.000000 -38.614462 1.830900 732.359895 0.642788 52.837445 200.000000 52.837445 0.285413 114.165155 -0.766044 -5.032321 200.000000 -5.032321 0.485299 194.119413 0.642788 5.943401 200.000000 5.943401
 14.400000 0.560559 -0.828114 0.584504 -0.811391 2.546531 2.517324 -0.828114 0.560559 -0.811391 0.584504 0.385265 154.106032 -0.766044 -38.614462 200.000000 -38.614462 0.676147 270.458652 0.642788 52.837445 200.000000 52.837445 0.205628 82.251184 -0.766044 -5.032321 200.000000 -5.032321 0.339695 135.878102 0.642788 5.943401 200.000000 5.943401
 14.600000 0.613692 -0.789546 0.635381 -0.772199 2.480865 2.453091 -0.789546 0.613692 -0.772199 0.635381 0.055231 22.092227 -0.766044 -38.614462 200.000000 -38.614462 0.084656 33.862501 0.642788 52.837445 200.000000 52.837445 0.003787 1.514996 -0.766044 -5.032321 200.000000 -5.032321 0.005486 2.194245 0.642788 5.943401 200.000000 5.943401
 14.800000 0.570784 -0.821100 0.637646 -0.770330 2.534132 2.450154 -0.821100 0.570784 -0.770330 0.637646 0.303113 121.245227 -0.766044 -38.614462 200.000000 -38.614462 0.518450 207.379926 0.642788 52.837445 200.000000 52.837445 0.001836 0.734535 -0.766044 -5.032321 200.000000 -5.032321 0.002644 1.057529 0.642788 5.943401 200.000000 5.943401
 15.000000 0.535615 -0.844463 0.653749 -0.756711 2.576357 2.429064 -0.844463 0.535615 -0.756711 0.653749 0.614940 245.976055 -0.766044 -38.614462 200.000000 -38.614462 1.148606 459.442307 0.642788 52.837445 200.000000 52.837445 0.008711 3.484489 -0.766044 -5.032321 200.000000 -5.032321 0.012016 4.806507 0.642788 5.943401 200.000000 5.943401
 15.200000 0.479489 -0.877548 0.619793 -0.784766 2.641520 2.473114 -0.877548 0.479489 -0.784766 0.619793 1.243303 497.321092 -0.766044 -38.614462 200.000000 -38.614462 2.666646 1066.658368 0.642788 52.837445 200.000000 52.837445 0.035048 14.019345 -0.766044 -5.032321 200.000000 -5.032321 0.052877 21.150810 0.642788 5.943401 200.000000 5.943401
 15.400000 0.573172 -0.819435 0.611810 -0.791005 2.531221 2.483246 -0.819435 0.573172 -0.791005 0.611810 0.285058 114.023132 -0.766044 -38.614462 200.000000 -38.614462 0.484637 193.854642 0.642788 52.837445 200.000000 52.837445 0.062301 24.920259 -0.766044 -5.032321 200.000000 -5.032321 0.095960 38.383803 0.642788 5.943401 200.000000 5.943401
 15.600000 0.656875 -0.754000 0.634705 -0.772754 2.424926 2.453965 -0.754000 0.656875 -0.772754 0.634705 0.014508 5.803084 -0.766044 -38.614462 200.000000 -38.614462 0.019845 7.937981 0.642788 52.837445 200.000000 52.837445 0.004502 1.800824 -0.766044 -5.032321 200.000000 -5.032321 0.006532 2.612869 0.642788 5.943401 200.000000 5.943401
 15.800000 0.606706 -0.794926 0.591963 -0.805965 2.489682 2.508100 -0.794926 0.606706 -0.805965 0.591963 0.083415 33.366023 -0.766044 -38.614462 200.000000 -38.614462 0.130186 52.074559 0.642788 52.837445 200.000000 52.837445 0.159365 63.745925 -0.766044 -5.032321 200.000000 -5.032321 0.258312 103.324673 0.642788 5.943401 200.000000 5.943401
 16.000000 0.555770 -0.831336 0.694265 -0.719719 2.552303 2.374194 -0.831336 0.555770 -0.719719 0.694265 0.426296 170.518477 -0.766044 -38.614462 200.000000 -38.614462 0.757199 302.879528 0.642788 52.837445 200.000000 52.837445 0.214601 85.840549 -0.766044 -5.032321 200.000000 -5.032321 0.264993 105.997339 0.642788 5.943401 200.000000 5.943401
 16.200000 0.607696 -0.794170 0.653273 -0.757123 2.488436 2.429694 -0.794170 0.607696 -0.757123 0.653273 0.079102 31.640783 -0.766044 -38.614462 200.000000 -38.614462 0.123140 49.256021 0.642788 52.837445 200.000000 52.837445 0.007960 3.183886 -0.766044 -5.032321 200.000000 -5.032321 0.010994 4.397464 0.642788 5.943401 200.000000 5.943401
 16.400000 0.573414 -0.819266 0.592430 -0.805622 2.530926 2.507521 -0.819266 0.573414 -0.805622 0.592430 0.283250 113.300057 -0.766044 -38.614462 200.000000 -38.614462 0.481268 192.507380 0.642788 52.837445 200.000000 52.837445 0.156637 62.654850 -0.766044 -5.032321 200.000000 -5.032321 0.253588 101.435120 0.642788 5.943401 200.000000 5.943401
 16.600000 0.612793 -0.790243 0.635575 -0.772039 2.482002 2.452839 -0.790243 0.612793 -0.772039 0.635575 0.058557 23.422993 -0.766044 -38.614462 200.000000 -38.614462 0.089965 35.985914 0.642788 52.837445 200.000000 52.837445 0.003593 1.437295 -0.766044 -5.032321 200.000000 -5.032321 0.005202 2.080641 0.642788 5.943401 200.000000 5.943401
 16.800000 0.605756 -0.795650 0.590174 -0.807276 2.490877 2.510318 -0.795650 0.605756 -0.807276 0.590174 0.087652 35.060714 -0.766044 -38.614462 200.000000 -38.614462 0.137134 54.853677 0.642788 52.837445 200.000000 52.837445 0.170006 68.002275 -0.766044 -5.032321 200.000000 -5.032321 0.276821 110.728374 0.642788 5.943401 200.000000 5.943401
 17.000000 0.618524 -0.785766 0.587784 -0.809018 2.474730 2.513275 -0.785766 0.618524 -0.809018 0.587784 0.038894 15.557533 -0.766044 -38.614462 200.000000 -38.614462 0.058873 23.549045 0.642788 52.837445 200.000000 52.837445 0.184669 73.867533 -0.766044 -5.032321 200.000000 -5.032321 0.302534 121.013766 0.642788 5.943401 200.000000 5.943401
 17.200000 0.612482 -0.790484 0.633100 -0.774070 2.482396 2.456041 -0.790484 0.612482 -0.774070 0.633100 0.059732 23.892648 -0.766044 -38.614462 200.000000 -38.614462 0.091843 36.737078 0.642788 52.837445 200.000000 52.837445 0.006441 2.576360 -0.766044 -5.032321 200.000000 -5.032321 0.009385 3.753942 0.642788 5.943401 200.000000 5.943401
 17.400000 0.650513 -0.759495 0.648486 -0.761227 2.433333 2.435999 -0.759495 0.650513 -0.761227 0.648486 0.004290 1.715848 -0.766044 -38.614462 200.000000 -38.614462 0.005969 2.387407 0.642788 52.837445 200.000000 52.837445 0.002321 0.928395 -0.766044 -5.032321 200.000000 -5.032321 0.003247 1.298760 0.642788 5.943401 200.000000 5.943401
 17.600000 0.616104 -0.787665 0.655695 -0.755026 2.477805 2.426490 -0.787665 0.616104 -0.755026 0.655695 0.046743 18.697183 -0.766044 -38.614462 200.000000 -38.614462 0.071200 28.479911 0.642788 52.837445 200.000000 52.837445 0.012141 4.856538 -0.766044 -5.032321 200.000000 -5.032321 0.016661 6.664273 0.642788 5.943401 200.000000 5.943401
 17.800000 0.616786 -0.787131 0.659215 -0.751954 2.476940 2.421818 -0.787131 0.616786 -0.751954 0.659215 0.044465 17.785962 -0.766044 -38.614462 200.000000 -38.614462 0.067610 27.044042 0.642788 52.837445 200.000000 52.837445 0.019854 7.941518 -0.766044 -5.032321 200.000000 -5.032321 0.026987 10.794989 0.642788 5.943401 200.000000 5.943401
 18.000000 0.546466 -0.837481 0.656674 -0.754174 2.563454 2.425192 -0.837481 0.546466 -0.754174 0.656674 0.510325 204.129915 -0.766044 -38.614462 200.000000 -38.614462 0.927790 371.116150 0.642788 52.837445 200.000000 52.837445 0.014090 5.635880 -0.766044 -5.032321 200.000000 -5.032321 0.019284 7.713420 0.642788 5.943401 200.000000 5.943401
 18.200000 0.546211 -0.837647 0.616675 -0.787218 2.563758 2.477081 -0.837647 0.546211 -0.787218 0.616675 0.512698 205.079184 -0.766044 -38.614462 200.000000 -38.614462 0.932697 373.078680 0.642788 52.837445 200.000000 52.837445 0.044832 17.932993 -0.766044 -5.032321 200.000000 -5.032321 0.068189 27.275468 0.642788 5.943401 200.000000 5.943401
 18.400000 0.571307 -0.820737 0.608397 -0.793633 2.533495 2.487554 -0.820737 0.571307 -0.793633 0.608397 0.299122 119.648984 -0.766044 -38.614462 200.000000 -38.614462 0.510950 204.379821 0.642788 52.837445 200.000000 52.837445 0.076113 30.445109 -0.766044 -5.032321 200.000000 -5.032321 0.118273 47.309074 0.642788 5.943401 200.000000 5.943401
 18.600000 0.577141 -0.816645 0.558267 -0.829662 2.526369 2.549298 -0.816645 0.577141 -0.829662 0.558267 0.256038 102.415074 -0.766044 -38.614462 200.000000 -38.614462 0.430949 172.379787 0.642788 52.837445 200.000000 52.837445 0.404714 161.885514 -0.766044 -5.032321 200.000000 -5.032321 0.714379 285.751465 0.642788 5.943401 200.000000 5.943401
 18.800000 0.551950 -0.833877 0.482770 -0.875747 2.556892 2.637778 -0.833877 0.551950 -0.875747 0.482770 0.460128 184.051006 -0.766044 -38.614462 200.000000 -38.614462 0.825145 330.058140 0.642788 52.837445 200.000000 52.837445 1.203472 481.388771 -0.766044 -5.032321 200.000000 -5.032321 2.560571 1024.228414 0.642788 5.943401 200.000000 5.943401
 19.000000 0.580661 -0.814146 0.640847 -0.767669 2.522052 2.445992 -0.814146 0.580661 -0.767669 0.640847 0.231371 92.548521 -0.766044 -38.614462 200.000000 -38.614462 0.385973 154.389117 0.642788 52.837445 200.000000 52.837445 0.000264 0.105540 -0.766044 -5.032321 200.000000 -5.032321 0.000377 0.150668 0.642788 5.943401 200.000000 5.943401
 19.200000 0.581471 -0.813567 0.641318 -0.767275 2.521057 2.445377 -0.813567 0.581471 -0.767275 0.641318 0.225843 90.337153 -0.766044 -38.614462 200.000000 -38.614462 0.375977 150.390725 0.642788 52.837445 200.000000 52.837445 0.000151 0.060554 -0.766044 -5.032321 200.000000 -5.032321 0.000216 0.086340 0.642788 5.943401 200.000000 5.943401
 19.400000 0.599283 -0.800537 0.593418 -0.804895 2.498987 2.506294 -0.800537 0.599283 -0.804895 0.593418 0.118974 47.589582 -0.766044 -38.614462 200.000000 -38.614462 0.189263 75.705095 0.642788 52.837445 200.000000 52.837445 0.150934 60.373772 -0.766044 -5.032321 200.000000 -5.032321 0.243739 97.495795 0.642788 5.943401 200.000000 5.943401
 19.600000 0.659374 -0.751815 0.703507 -0.710689 2.421607 2.361273 -0.751815 0.659374 -0.710689 0.703507 0.020248 8.099089 -0.766044 -38.614462 200.000000 -38.614462 0.027511 11.004478 0.642788 52.837445 200.000000 52.837445 0.306427 122.570927 -0.766044 -5.032321 200.000000 -5.032321 0.368682 147.472614 0.642788 5.943401 200.000000 5.943401
 19.800000 0.585077 -0.810978 0.625732 -0.780038 2.516618 2.465523 -0.810978 0.585077 -0.780038 0.625732 0.201902 80.760901 -0.766044 -38.614462 200.000000 -38.614462 0.333055 133.222063 0.642788 52.837445 200.000000 52.837445 0.019582 7.832922 -0.766044 -5.032321 200.000000 -5.032321 0.029089 11.635761 0.642788 5.943401 200.000000 5.943401
 20.000000 0.598231 -0.801324 0.639102 -0.769122 2.500301 2.448263 -0.801324 0.598231 -0.769122 0.639102 0.124464 49.785447 -0.766044 -38.614462 200.000000 -38.614462 0.198531 79.412354 0.642788 52.837445 200.000000 52.837445 0.000947 0.378918 -0.766044 -5.032321 200.000000 -5.032321 0.001359 0.543444 0.642788 5.943401 200.000000 5.943401
