#! FIELDS time sin_phi cos_phi sin_psi cos_psi phi psi cos_phi sin_phi cos_psi sin_psi restraint_phi_cos.bias restraint_phi_cos.force2 restraint_phi_cos.cos_phi_cntr restraint_phi_cos.cos_phi_work restraint_phi_cos.cos_phi_kappa restraint_phi_cos.work restraint_phi_sin.bias restraint_phi_sin.force2 restraint_phi_sin.sin_phi_cntr restraint_phi_sin.sin_phi_work restraint_phi_sin.sin_phi_kappa restraint_phi_sin.work restraint_psi_cos.bias restraint_psi_cos.force2 restraint_psi_cos.cos_psi_cntr restraint_psi_cos.cos_psi_work restraint_psi_cos.cos_psi_kappa restraint_psi_cos.work restraint_psi_sin.bias restraint_psi_sin.force2 restraint_psi_sin.sin_psi_cntr restraint_psi_sin.sin_psi_work restraint_psi_sin.sin_psi_kappa restraint_psi_sin.work
#! SET min_phi -pi
#! SET max_phi pi
#! SET min_psi -pi
#! SET max_psi pi
 0.000000 -0.999983 -0.005782 0.966116 0.258110 -1.576579 1.309731 -0.005782 -0.999983 0.258110 0.966116 0.000000 0.000000 -0.009747 0.000000 0.000000 0.000000 0.000000 0.000000 -0.999953 0.000000 0.000000 0.000000 0.000000 0.000000 0.256142 0.000000 0.000000 0.000000 0.000000 0.000000 0.966639 0.000000 0.000000 0.000000
 0.200000 -1.000000 -0.000270 0.834659 0.550766 -1.571067 0.987514 -0.000270 -1.000000 0.550766 0.834659 0.000898 0.035920 -0.009747 0.429322 20.000000 0.429322 0.000000 0.000001 -0.999953 0.008204 20.000000 0.008204 0.868034 34.721347 0.256142 0.437490 20.000000 0.437490 0.174186 6.967456 0.966639 0.079184 20.000000 0.079184
 0.400000 -0.998237 0.059352 0.982965 0.183791 -1.511410 1.385955 0.059352 -0.998237 0.183791 0.982965 0.095491 7.639285 -0.009747 0.576151 40.000000 0.576151 0.000059 0.004708 -0.999953 0.009175 40.000000 0.009175 0.104694 8.375550 0.256142 0.652615 40.000000 0.652615 0.005331 0.426476 0.966639 0.103851 40.000000 0.103851
 0.600000 -0.997905 0.064697 0.969723 0.244206 -1.506054 1.324096 0.064697 -0.997905 0.244206 0.969723 0.166255 19.950605 -0.009747 0.652736 60.000000 0.652736 0.000126 0.015093 -0.999953 0.009549 60.000000 0.009549 0.004274 0.512925 0.256142 0.812942 60.000000 0.812942 0.000285 0.034247 0.966639 0.126976 60.000000 0.126976
 0.800000 -0.999998 0.001903 0.948099 0.317976 -1.568893 1.247202 0.001903 -0.999998 0.317976 0.948099 0.005428 0.868543 -0.009747 0.745438 80.000000 0.745438 0.000000 0.000013 -0.999953 0.009931 80.000000 0.009931 0.152938 24.470048 0.256142 0.870388 80.000000 0.870388 0.013750 2.199985 0.966639 0.131254 80.000000 0.131254
 1.000000 -0.997908 -0.064643 0.983716 0.179731 -1.635485 1.390084 -0.064643 -0.997908 0.179731 0.983716 0.150682 30.136413 -0.009747 0.830208 100.000000 0.830208 0.000209 0.041782 -0.999953 0.010215 100.000000 0.010215 0.291938 58.387587 0.256142 0.906286 100.000000 0.906286 0.014581 2.916172 0.966639 0.133898 100.000000 0.133898
 1.200000 -0.998636 0.052205 0.985235 0.171208 -1.518568 1.398741 0.052205 -0.998636 0.171208 0.985235 0.230278 55.266722 -0.009747 0.926071 120.000000 0.926071 0.000104 0.024943 -0.999953 0.010632 120.000000 0.010632 0.432830 103.879144 0.256142 0.991999 120.000000 0.991999 0.020748 4.979586 0.966639 0.141237 120.000000 0.141237
 1.400000 -0.999101 0.042385 0.979958 0.199203 -1.528398 1.370252 0.042385 -0.999101 0.199203 0.979958 0.190241 53.267478 -0.009747 0.960911 140.000000 0.960911 0.000051 0.014200 -0.999953 0.010712 140.000000 0.010712 0.226945 63.544723 0.256142 1.092920 140.000000 1.092920 0.012418 3.477038 0.966639 0.149509 140.000000 0.149509
 1.600000 -0.999952 0.009781 0.961490 0.274841 -1.561016 1.292372 0.009781 -0.999952 0.274841 0.961490 0.030505 9.761487 -0.009747 1.006985 160.000000 1.006985 0.000000 0.000000 -0.999953 0.010844 160.000000 0.010844 0.027972 8.951155 0.256142 1.162381 160.000000 1.162381 0.002121 0.678843 0.966639 0.156237 160.000000 0.156237
 1.800000 -0.999840 -0.017886 0.970377 0.241597 -1.588684 1.326785 -0.017886 -0.999840 0.241597 0.970377 0.005963 2.146707 -0.009747 1.052324 180.000000 1.052324 0.000001 0.000410 -0.999953 0.010933 180.000000 0.010933 0.019040 6.854396 0.256142 1.193856 180.000000 1.193856 0.001257 0.452593 0.966639 0.158889 180.000000 0.158889
 2.000000 -0.986858 0.161590 0.941640 0.336621 -1.408495 1.227470 0.161590 -0.986858 0.336621 0.941640 2.935618 1174.247103 -0.009747 1.082491 200.000000 1.082491 0.017147 6.858648 -0.999953 0.011018 200.000000 0.011018 0.647686 259.074301 0.256142 1.220710 200.000000 1.220710 0.062495 24.997910 0.966639 0.161469 200.000000 0.161469
 2.200000 -0.999774 -0.021248 0.960544 0.278127 -1.592046 1.288953 -0.021248 -0.999774 0.278127 0.960544 0.706681 282.672363 -0.105312 1.483618 200.000000 1.483618 0.067228 26.891229 -0.973846 0.055571 200.000000 0.055571 1.408448 563.379351 0.159449 1.364142 200.000000 1.364142 0.004585 1.834090 0.953773 0.197377 200.000000 0.197377
 2.400000 -0.989124 -0.147085 0.984019 0.178062 -1.718417 1.391780 -0.147085 -0.989124 0.178062 0.984019 0.289375 115.749843 -0.200878 2.015522 200.000000 2.015522 0.171269 68.507598 -0.947739 0.210710 200.000000 0.210710 1.329557 531.822755 0.062756 1.537041 200.000000 1.537041 0.185870 74.347854 0.940907 0.307218 200.000000 0.307218
 2.600000 -0.919569 -0.392929 0.990470 0.137728 -1.974611 1.432630 -0.392929 -0.919569 0.137728 0.990470 0.930920 372.367824 -0.296444 2.116297 200.000000 2.116297 0.000426 0.170337 -0.921633 0.378005 200.000000 0.378005 2.946901 1178.760508 -0.033938 1.568050 200.000000 1.568050 0.389746 155.898562 0.928040 0.468338 200.000000 0.468338
 2.800000 -0.909413 -0.415895 0.997263 -0.073931 -1.999723 1.644794 -0.415895 -0.909413 -0.073931 0.997263 0.057046 22.818338 -0.392010 2.069875 200.000000 2.069875 0.019284 7.713791 -0.895526 0.523097 200.000000 0.523097 0.321496 128.598231 -0.130631 1.209837 200.000000 1.209837 0.673862 269.544879 0.915174 0.649256 200.000000 0.649256
 3.000000 -0.873049 -0.487633 0.982572 -0.185883 -2.080173 1.757767 -0.487633 -0.873049 -0.185883 0.982572 0.000000 0.000128 -0.487576 2.262721 200.000000 2.262721 0.001317 0.526930 -0.869419 0.618006 200.000000 0.618006 0.171738 68.695054 -0.227325 0.702319 200.000000 0.702319 0.644227 257.690690 0.902308 0.819383 200.000000 0.819383
 3.200000 -0.874552 -0.484931 0.923320 -0.384033 -2.077081 1.964956 -0.484931 -0.874552 -0.384033 0.923320 0.022706 9.082566 -0.500000 2.308069 200.000000 2.308069 0.007271 2.908263 -0.866025 0.625646 200.000000 0.625646 0.360174 144.069598 -0.324018 0.312558 200.000000 0.312558 0.114770 45.907912 0.889442 0.964412 200.000000 0.964412
 3.400000 -0.845982 -0.533212 0.907606 -0.419823 -2.133189 2.004046 -0.533212 -0.845982 -0.419823 0.907606 0.110302 44.120991 -0.500000 2.308069 200.000000 2.308069 0.040175 16.069887 -0.866025 0.625646 200.000000 0.625646 0.000079 0.031580 -0.420711 -0.356850 200.000000 -0.356850 0.096288 38.515351 0.876576 1.035415 200.000000 1.035415
 3.600000 -0.877858 -0.478921 0.818086 -0.575096 -2.070222 2.183518 -0.478921 -0.877858 -0.575096 0.818086 0.044431 17.772534 -0.500000 2.308069 200.000000 2.308069 0.014001 5.600284 -0.866025 0.625646 200.000000 0.625646 0.563938 225.575102 -0.500000 -0.427121 200.000000 -0.427121 0.229818 91.927153 0.866025 1.061925 200.000000 1.061925
 3.800000 -0.890335 -0.455305 0.824175 -0.566335 -2.043511 2.172849 -0.455305 -0.890335 -0.566335 0.824175 0.199762 79.904633 -0.500000 2.308069 200.000000 2.308069 0.059097 23.638988 -0.866025 0.625646 200.000000 0.625646 0.440035 176.014136 -0.500000 -0.427121 200.000000 -0.427121 0.175145 70.058137 0.866025 1.061925 200.000000 1.061925
 4.000000 -0.897207 -0.441610 0.858334 -0.513092 -2.028188 2.109579 -0.441610 -0.897207 -0.513092 0.858334 0.340942 136.376670 -0.500000 2.308069 200.000000 2.308069 0.097231 38.892225 -0.866025 0.625646 200.000000 0.625646 0.017139 6.855506 -0.500000 -0.427121 200.000000 -0.427121 0.005916 2.366363 0.866025 1.061925 200.000000 1.061925
 4.200000 -0.895054 -0.445958 0.865178 -0.501466 -2.033040 2.096088 -0.445958 -0.895054 -0.501466 0.865178 0.292055 116.822136 -0.500000 2.308069 200.000000 2.308069 0.084266 33.706283 -0.866025 0.625646 200.000000 0.625646 0.000215 0.085908 -0.500000 -0.427121 200.000000 -0.427121 0.000072 0.028748 0.866025 1.061925 200.000000 1.061925
 4.400000 -0.902902 -0.429846 0.777374 -0.629039 -2.015118 2.251112 -0.429846 -0.902902 -0.629039 0.777374 0.492161 196.864572 -0.500000 2.308069 200.000000 2.308069 0.135991 54.396285 -0.866025 0.625646 200.000000 0.625646 1.665097 666.038850 -0.500000 -0.427121 200.000000 -0.427121 0.785907 314.362626 0.866025 1.061925 200.000000 1.061925
 4.600000 -0.877402 -0.479755 0.850847 -0.525414 -2.071172 2.123998 -0.479755 -0.877402 -0.525414 0.850847 0.040986 16.394217 -0.500000 2.308069 200.000000 2.308069 0.012944 5.177472 -0.866025 0.625646 200.000000 0.625646 0.064586 25.834439 -0.500000 -0.427121 200.000000 -0.427121 0.023039 9.215553 0.866025 1.061925 200.000000 1.061925
 4.800000 -0.792967 -0.609265 0.885017 -0.465559 -2.225929 2.055063 -0.609265 -0.792967 -0.465559 0.885017 1.193877 477.550799 -0.500000 2.308069 200.000000 2.308069 0.533754 213.501626 -0.866025 0.625646 200.000000 0.625646 0.118615 47.446121 -0.500000 -0.427121 200.000000 -0.427121 0.036067 14.426653 0.866025 1.061925 200.000000 1.061925
 5.000000 -0.858485 -0.512838 0.844731 -0.535191 -2.109284 2.135530 -0.512838 -0.858485 -0.535191 0.844731 0.016482 6.592948 -0.500000 2.308069 200.000000 2.308069 0.005685 2.274198 -0.866025 0.625646 200.000000 0.625646 0.123843 49.537029 -0.500000 -0.427121 200.000000 -0.427121 0.045346 18.138228 0.866025 1.061925 200.000000 1.061925
 5.200000 -0.893463 -0.449137 0.887689 -0.460444 -2.036595 2.049292 -0.449137 -0.893463 -0.460444 0.887689 0.258709 103.483788 -0.500000 2.308069 200.000000 2.308069 0.075283 30.113191 -0.866025 0.625646 200.000000 0.625646 0.156467 62.586990 -0.500000 -0.427121 200.000000 -0.427121 0.046930 18.772001 0.866025 1.061925 200.000000 1.061925
 5.400000 -0.886013 -0.463660 0.845622 -0.533782 -2.052917 2.133863 -0.463660 -0.886013 -0.533782 0.845622 0.132063 52.825069 -0.500000 2.308069 200.000000 2.308069 0.039952 15.980851 -0.866025 0.625646 200.000000 0.625646 0.114124 45.649562 -0.500000 -0.427121 200.000000 -0.427121 0.041630 16.651990 0.866025 1.061925 200.000000 1.061925
 5.600000 -0.877251 -0.480033 0.863798 -0.503838 -2.071488 2.098833 -0.480033 -0.877251 -0.503838 0.863798 0.039870 15.947900 -0.500000 2.308069 200.000000 2.308069 0.012601 5.040252 -0.866025 0.625646 200.000000 0.625646 0.001473 0.589313 -0.500000 -0.427121 200.000000 -0.427121 0.000496 0.198459 0.866025 1.061925 200.000000 1.061925
 5.800000 -0.815954 -0.578117 0.924237 -0.381819 -2.187215 1.962560 -0.578117 -0.815954 -0.381819 0.924237 0.610224 244.089477 -0.500000 2.308069 200.000000 2.308069 0.250714 100.285777 -0.866025 0.625646 200.000000 0.625646 1.396666 558.666322 -0.500000 -0.427121 200.000000 -0.427121 0.338859 135.543411 0.866025 1.061925 200.000000 1.061925
 6.000000 -0.819350 -0.573293 0.878690 -0.477393 -2.181316 2.068481 -0.573293 -0.819350 -0.477393 0.878690 0.537186 214.874275 -0.500000 2.308069 200.000000 2.308069 0.217855 87.141982 -0.866025 0.625646 200.000000 0.625646 0.051109 20.443765 -0.500000 -0.427121 200.000000 -0.427121 0.016039 6.415784 0.866025 1.061925 200.000000 1.061925
 6.200000 -0.882789 -0.469770 0.815011 -0.579445 -2.059827 2.188844 -0.469770 -0.882789 -0.579445 0.815011 0.091385 36.554190 -0.500000 2.308069 200.000000 2.308069 0.028101 11.240542 -0.866025 0.625646 200.000000 0.625646 0.631154 252.461779 -0.500000 -0.427121 200.000000 -0.427121 0.260245 104.098035 0.866025 1.061925 200.000000 1.061925
 6.400000 -0.872346 -0.488889 0.854932 -0.518741 -2.081612 2.116174 -0.488889 -0.872346 -0.518741 0.854932 0.012346 4.938441 -0.500000 2.308069 200.000000 2.308069 0.003995 1.598083 -0.866025 0.625646 200.000000 0.625646 0.035122 14.048660 -0.500000 -0.427121 200.000000 -0.427121 0.012307 4.922914 0.866025 1.061925 200.000000 1.061925
 6.600000 -0.876754 -0.480939 0.846823 -0.531875 -2.072522 2.131609 -0.480939 -0.876754 -0.531875 0.846823 0.036332 14.532896 -0.500000 2.308069 200.000000 2.308069 0.011510 4.604169 -0.866025 0.625646 200.000000 0.625646 0.101600 40.639949 -0.500000 -0.427121 200.000000 -0.427121 0.036873 14.749226 0.866025 1.061925 200.000000 1.061925
 6.800000 -0.852415 -0.522866 0.823237 -0.567698 -2.121006 2.174503 -0.522866 -0.852415 -0.567698 0.823237 0.052283 20.913348 -0.500000 2.308069 200.000000 2.308069 0.018524 7.409547 -0.866025 0.625646 200.000000 0.625646 0.458298 183.319194 -0.500000 -0.427121 200.000000 -0.427121 0.183084 73.233583 0.866025 1.061925 200.000000 1.061925
 7.000000 -0.832841 -0.553512 0.838273 -0.545251 -2.157372 2.147485 -0.553512 -0.832841 -0.545251 0.838273 0.286354 114.541516 -0.500000 2.308069 200.000000 2.308069 0.110119 44.047715 -0.866025 0.625646 200.000000 0.625646 0.204763 81.905299 -0.500000 -0.427121 200.000000 -0.427121 0.077020 30.807874 0.866025 1.061925 200.000000 1.061925
 7.200000 -0.854444 -0.519543 0.874787 -0.484508 -2.117112 2.076597 -0.519543 -0.854444 -0.484508 0.874787 0.038192 15.276854 -0.500000 2.308069 200.000000 2.308069 0.013412 5.364766 -0.866025 0.625646 200.000000 0.625646 0.024000 9.600088 -0.500000 -0.427121 200.000000 -0.427121 0.007676 3.070505 0.866025 1.061925 200.000000 1.061925
 7.400000 -0.847741 -0.530410 0.869974 -0.493098 -2.129881 2.086444 -0.530410 -0.847741 -0.493098 0.869974 0.092479 36.991637 -0.500000 2.308069 200.000000 2.308069 0.033432 13.372750 -0.866025 0.625646 200.000000 0.625646 0.004764 1.905511 -0.500000 -0.427121 200.000000 -0.427121 0.001559 0.623586 0.866025 1.061925 200.000000 1.061925
 7.600000 -0.864133 -0.503263 0.830034 -0.557713 -2.098167 2.162424 -0.503263 -0.864133 -0.557713 0.830034 0.001065 0.425852 -0.500000 2.308069 200.000000 2.308069 0.000358 0.143191 -0.866025 0.625646 200.000000 0.625646 0.333074 133.229627 -0.500000 -0.427121 200.000000 -0.427121 0.129537 51.814815 0.866025 1.061925 200.000000 1.061925
 7.800000 -0.905624 -0.424082 0.856917 -0.515455 -2.008744 2.112335 -0.424082 -0.905624 -0.515455 0.856917 0.576354 230.541612 -0.500000 2.308069 200.000000 2.308069 0.156803 62.721278 -0.866025 0.625646 200.000000 0.625646 0.023886 9.554250 -0.500000 -0.427121 200.000000 -0.427121 0.008297 3.318766 0.866025 1.061925 200.000000 1.061925
 8.000000 -0.899844 -0.436211 0.868860 -0.495057 -2.022180 2.088697 -0.436211 -0.899844 -0.495057 0.868860 0.406906 162.762303 -0.500000 2.308069 200.000000 2.308069 0.114373 45.749226 -0.866025 0.625646 200.000000 0.625646 0.002443 0.977188 -0.500000 -0.427121 200.000000 -0.427121 0.000804 0.321464 0.866025 1.061925 200.000000 1.061925
 8.200000 -0.826702 -0.562640 0.849050 -0.528312 -2.168372 2.127407 -0.562640 -0.826702 -0.528312 0.849050 0.392374 156.949730 -0.500000 2.308069 200.000000 2.308069 0.154632 61.852689 -0.866025 0.625646 200.000000 0.625646 0.080157 32.062611 -0.500000 -0.427121 200.000000 -0.427121 0.028815 11.526090 0.866025 1.061925 200.000000 1.061925
 8.400000 -0.869487 -0.493955 0.861526 -0.507714 -2.087429 2.103326 -0.493955 -0.869487 -0.507714 0.861526 0.003654 1.461533 -0.500000 2.308069 200.000000 2.308069 0.001198 0.479387 -0.866025 0.625646 200.000000 0.625646 0.005950 2.380187 -0.500000 -0.427121 200.000000 -0.427121 0.002025 0.809886 0.866025 1.061925 200.000000 1.061925
 8.600000 -0.874068 -0.485804 0.860334 -0.509731 -2.078079 2.105669 -0.485804 -0.874068 -0.509731 0.860334 0.020152 8.060835 -0.500000 2.308069 200.000000 2.308069 0.006468 2.587119 -0.866025 0.625646 200.000000 0.625646 0.009470 3.787885 -0.500000 -0.427121 200.000000 -0.427121 0.003240 1.295824 0.866025 1.061925 200.000000 1.061925
 8.800000 -0.846764 -0.531968 0.872365 -0.488856 -2.131720 2.081574 -0.531968 -0.846764 -0.488856 0.872365 0.102198 40.879114 -0.500000 2.308069 200.000000 2.308069 0.037099 14.839737 -0.866025 0.625646 200.000000 0.625646 0.012419 4.967669 -0.500000 -0.427121 200.000000 -0.427121 0.004019 1.607401 0.866025 1.061925 200.000000 1.061925
 9.000000 -0.894539 -0.446990 0.870648 -0.491906 -2.034194 2.085074 -0.446990 -0.894539 -0.491906 0.870648 0.281009 112.403796 -0.500000 2.308069 200.000000 2.308069 0.081303 32.521276 -0.866025 0.625646 200.000000 0.625646 0.006552 2.620660 -0.500000 -0.427121 200.000000 -0.427121 0.002137 0.854899 0.866025 1.061925 200.000000 1.061925
 9.200000 -0.881325 -0.472512 0.883079 -0.469225 -2.062935 2.059209 -0.472512 -0.881325 -0.469225 0.883079 0.075562 30.224700 -0.500000 2.308069 200.000000 2.308069 0.023406 9.362498 -0.866025 0.625646 200.000000 0.625646 0.094712 37.884717 -0.500000 -0.427121 200.000000 -0.427121 0.029082 11.632730 0.866025 1.061925 200.000000 1.061925
 9.400000 -0.842126 -0.539281 0.813100 -0.582124 -2.140380 2.192134 -0.539281 -0.842126 -0.582124 0.813100 0.154302 61.720918 -0.500000 2.308069 200.000000 2.308069 0.057120 22.847889 -0.866025 0.625646 200.000000 0.625646 0.674430 269.772052 -0.500000 -0.427121 200.000000 -0.427121 0.280107 112.042910 0.866025 1.061925 200.000000 1.061925
 9.600000 -0.868760 -0.495233 0.891400 -0.453218 -2.088899 2.041169 -0.495233 -0.868760 -0.453218 0.891400 0.002272 0.908946 -0.500000 2.308069 200.000000 2.308069 0.000748 0.299155 -0.866025 0.625646 200.000000 0.625646 0.218855 87.541826 -0.500000 -0.427121 200.000000 -0.427121 0.064385 25.754109 0.866025 1.061925 200.000000 1.061925
 9.800000 -0.858690 -0.512495 0.881672 -0.471863 -2.108884 2.062199 -0.512495 -0.858690 -0.471863 0.881672 0.015612 6.244863 -0.500000 2.308069 200.000000 2.308069 0.005380 2.152155 -0.866025 0.625646 200.000000 0.625646 0.079168 31.667087 -0.500000 -0.427121 200.000000 -0.427121 0.024481 9.792330 0.866025 1.061925 200.000000 1.061925
 10.000000 -0.783814 -0.620996 0.849132 -0.528181 -2.240809 2.127254 -0.620996 -0.783814 -0.528181 0.849132 1.463997 585.598775 -0.500000 2.308069 200.000000 2.308069 0.675873 270.349004 -0.866025 0.625646 200.000000 0.625646 0.079420 31.767846 -0.500000 -0.427121 200.000000 -0.427121 0.028540 11.416148 0.866025 1.061925 200.000000 1.061925
 10.200000 -0.868260 -0.496110 0.852574 -0.522606 -2.089909 2.120701 -0.496110 -0.868260 -0.522606 0.852574 0.001513 0.605354 -0.500000 2.308069 200.000000 2.308069 0.000499 0.199702 -0.866025 0.625646 200.000000 0.625646 0.051104 20.441605 -0.500000 -0.427121 200.000000 -0.427121 0.018093 7.237397 0.866025 1.061925 200.000000 1.061925
 10.400000 -0.893169 -0.449720 0.866214 -0.499673 -2.037249 2.094017 -0.449720 -0.893169 -0.499673 0.866214 0.252804 101.121756 -0.500000 2.308069 200.000000 2.308069 0.073680 29.471905 -0.866025 0.625646 200.000000 0.625646 0.000011 0.004285 -0.500000 -0.427121 200.000000 -0.427121 0.000004 0.001427 0.866025 1.061925 200.000000 1.061925
 10.600000 -0.861976 -0.506949 0.875684 -0.482885 -2.102438 2.074742 -0.506949 -0.861976 -0.482885 0.875684 0.004829 1.931662 -0.500000 2.308069 200.000000 2.308069 0.001640 0.655931 -0.866025 0.625646 200.000000 0.625646 0.029293 11.717235 -0.500000 -0.427121 200.000000 -0.427121 0.009329 3.731462 0.866025 1.061925 200.000000 1.061925
 10.800000 -0.903386 -0.428828 0.882916 -0.469530 -2.013991 2.059555 -0.428828 -0.903386 -0.469530 0.882916 0.506549 202.619778 -0.500000 2.308069 200.000000 2.308069 0.139584 55.833439 -0.866025 0.625646 200.000000 0.625646 0.092840 37.135830 -0.500000 -0.427121 200.000000 -0.427121 0.028530 11.412094 0.866025 1.061925 200.000000 1.061925
 11.000000 -0.896568 -0.442906 0.858409 -0.512965 -2.029634 2.109432 -0.442906 -0.896568 -0.512965 0.858409 0.325972 130.388966 -0.500000 2.308069 200.000000 2.308069 0.093285 37.314132 -0.866025 0.625646 200.000000 0.625646 0.016809 6.723788 -0.500000 -0.427121 200.000000 -0.427121 0.005800 2.320115 0.866025 1.061925 200.000000 1.061925
 11.200000 -0.861493 -0.507769 0.857585 -0.514342 -2.103389 2.111036 -0.507769 -0.861493 -0.514342 0.857585 0.006036 2.414265 -0.500000 2.308069 200.000000 2.308069 0.002054 0.821602 -0.866025 0.625646 200.000000 0.625646 0.020568 8.227149 -0.500000 -0.427121 200.000000 -0.427121 0.007123 2.849307 0.866025 1.061925 200.000000 1.061925
 11.400000 -0.832847 -0.553504 0.847517 -0.530768 -2.157362 2.130303 -0.553504 -0.832847 -0.530768 0.847517 0.286267 114.506827 -0.500000 2.308069 200.000000 2.308069 0.110084 44.033418 -0.866025 0.625646 200.000000 0.625646 0.094667 37.866800 -0.500000 -0.427121 200.000000 -0.427121 0.034256 13.702212 0.866025 1.061925 200.000000 1.061925
 11.600000 -0.849643 -0.527359 0.796311 -0.604887 -2.126285 2.220420 -0.527359 -0.849643 -0.604887 0.796311 0.074849 29.939691 -0.500000 2.308069 200.000000 2.308069 0.026839 10.735563 -0.866025 0.625646 200.000000 0.625646 1.100128 440.051280 -0.500000 -0.427121 200.000000 -0.427121 0.486005 194.402127 0.866025 1.061925 200.000000 1.061925
 11.800000 -0.870291 -0.492539 0.834560 -0.550916 -2.085801 2.154258 -0.492539 -0.870291 -0.550916 0.834560 0.005567 2.226828 -0.500000 2.308069 200.000000 2.308069 0.001819 0.727653 -0.866025 0.625646 200.000000 0.625646 0.259248 103.699002 -0.500000 -0.427121 200.000000 -0.427121 0.099004 39.601692 0.866025 1.061925 200.000000 1.061925
 12.000000 -0.903743 -0.428075 0.838070 -0.545563 -2.013158 2.147858 -0.428075 -0.903743 -0.545563 0.838070 0.517324 206.929646 -0.500000 2.308069 200.000000 2.308069 0.142264 56.905677 -0.866025 0.625646 200.000000 0.625646 0.207603 83.041165 -0.500000 -0.427121 200.000000 -0.427121 0.078153 31.261274 0.866025 1.061925 200.000000 1.061925
 12.200000 -0.848056 -0.529906 0.804622 -0.593788 -2.129286 2.206555 -0.529906 -0.848056 -0.593788 0.804622 0.089438 35.775157 -0.500000 2.308069 200.000000 2.308069 0.032289 12.915578 -0.866025 0.625646 200.000000 0.625646 0.879619 351.847691 -0.500000 -0.427121 200.000000 -0.427121 0.377044 150.817479 0.866025 1.061925 200.000000 1.061925
 12.400000 -0.843131 -0.537708 0.887805 -0.460220 -2.138512 2.049039 -0.537708 -0.843131 -0.460220 0.887805 0.142186 56.874227 -0.500000 2.308069 200.000000 2.308069 0.052413 20.965324 -0.866025 0.625646 200.000000 0.625646 0.158244 63.297752 -0.500000 -0.427121 200.000000 -0.427121 0.047435 18.973817 0.866025 1.061925 200.000000 1.061925
 12.600000 -0.866679 -0.498866 0.874116 -0.485718 -2.093087 2.077980 -0.498866 -0.866679 -0.485718 0.874116 0.000129 0.051412 -0.500000 2.308069 200.000000 2.308069 0.000043 0.017086 -0.866025 0.625646 200.000000 0.625646 0.020398 8.159259 -0.500000 -0.427121 200.000000 -0.427121 0.006545 2.618105 0.866025 1.061925 200.000000 1.061925
 12.800000 -0.877082 -0.480341 0.859523 -0.511098 -2.071840 2.107258 -0.480341 -0.877082 -0.511098 0.859523 0.038647 15.458826 -0.500000 2.308069 200.000000 2.308069 0.012224 4.889707 -0.866025 0.625646 200.000000 0.625646 0.012316 4.926377 -0.500000 -0.427121 200.000000 -0.427121 0.004229 1.691452 0.866025 1.061925 200.000000 1.061925
 13.000000 -0.879056 -0.476719 0.876947 -0.480586 -2.067714 2.072120 -0.476719 -0.879056 -0.480586 0.876947 0.054203 21.681102 -0.500000 2.308069 200.000000 2.308069 0.016980 6.791861 -0.866025 0.625646 200.000000 0.625646 0.037689 15.075438 -0.500000 -0.427121 200.000000 -0.427121 0.011929 4.771561 0.866025 1.061925 200.000000 1.061925
 13.200000 -0.876503 -0.481396 0.882433 -0.470437 -2.073042 2.060583 -0.481396 -0.876503 -0.470437 0.882433 0.034613 13.845056 -0.500000 2.308069 200.000000 2.308069 0.010979 4.391601 -0.866025 0.625646 200.000000 0.625646 0.087394 34.957719 -0.500000 -0.427121 200.000000 -0.427121 0.026922 10.768803 0.866025 1.061925 200.000000 1.061925
 13.400000 -0.797333 -0.603540 0.923248 -0.384205 -2.218730 1.965142 -0.603540 -0.797333 -0.384205 0.923248 1.072054 428.821787 -0.500000 2.308069 200.000000 2.308069 0.471869 188.747648 -0.866025 0.625646 200.000000 0.625646 1.340860 536.343907 -0.500000 -0.427121 200.000000 -0.427121 0.327443 130.977100 0.866025 1.061925 200.000000 1.061925
 13.600000 -0.853379 -0.521291 0.886937 -0.461891 -2.119160 2.050923 -0.521291 -0.853379 -0.461891 0.886937 0.045332 18.132991 -0.500000 2.308069 200.000000 2.308069 0.015994 6.397538 -0.866025 0.625646 200.000000 0.625646 0.145228 58.091337 -0.500000 -0.427121 200.000000 -0.427121 0.043728 17.491145 0.866025 1.061925 200.000000 1.061925
 13.800000 -0.846180 -0.532897 0.904368 -0.426753 -2.132817 2.011696 -0.532897 -0.846180 -0.426753 0.904368 0.108221 43.288515 -0.500000 2.308069 200.000000 2.308069 0.039384 15.753423 -0.866025 0.625646 200.000000 0.625646 0.536506 214.602255 -0.500000 -0.427121 200.000000 -0.427121 0.147016 58.806203 0.866025 1.061925 200.000000 1.061925
 14.000000 -0.870370 -0.492398 0.878120 -0.478440 -2.085639 2.069674 -0.492398 -0.870370 -0.478440 0.878120 0.005779 2.311689 -0.500000 2.308069 200.000000 2.308069 0.001888 0.755099 -0.866025 0.625646 200.000000 0.625646 0.046484 18.593468 -0.500000 -0.427121 200.000000 -0.427121 0.014629 5.851446 0.866025 1.061925 200.000000 1.061925
 14.200000 -0.897730 -0.440545 0.871438 -0.490506 -2.027002 2.083466 -0.440545 -0.897730 -0.490506 0.871438 0.353487 141.394911 -0.500000 2.308069 200.000000 2.308069 0.100521 40.208345 -0.866025 0.625646 200.000000 0.625646 0.009015 3.605813 -0.500000 -0.427121 200.000000 -0.427121 0.002930 1.171887 0.866025 1.061925 200.000000 1.061925
 14.400000 -0.863598 -0.504181 0.828193 -0.560444 -2.099230 2.165718 -0.504181 -0.863598 -0.560444 0.828193 0.001748 0.699200 -0.500000 2.308069 200.000000 2.308069 0.000589 0.235680 -0.866025 0.625646 200.000000 0.625646 0.365344 146.137440 -0.500000 -0.427121 200.000000 -0.427121 0.143132 57.252985 0.866025 1.061925 200.000000 1.061925
 14.600000 -0.802173 -0.597091 0.829468 -0.558554 -2.210666 2.163438 -0.597091 -0.802173 -0.558554 0.829468 0.942667 377.066894 -0.500000 2.308069 200.000000 2.308069 0.407707 163.082778 -0.866025 0.625646 200.000000 0.625646 0.342857 137.142619 -0.500000 -0.427121 200.000000 -0.427121 0.133643 53.457190 0.866025 1.061925 200.000000 1.061925
 14.800000 -0.903973 -0.427589 0.815243 -0.579119 -2.012620 2.188444 -0.427589 -0.903973 -0.579119 0.815243 0.524333 209.733243 -0.500000 2.308069 200.000000 2.308069 0.144003 57.601362 -0.866025 0.625646 200.000000 0.625646 0.625979 250.391581 -0.500000 -0.427121 200.000000 -0.427121 0.257884 103.153529 0.866025 1.061925 200.000000 1.061925
 15.000000 -0.904565 -0.426335 0.830597 -0.556873 -2.011234 2.161413 -0.426335 -0.904565 -0.556873 0.830597 0.542650 217.060059 -0.500000 2.308069 200.000000 2.308069 0.148532 59.412787 -0.866025 0.625646 200.000000 0.625646 0.323458 129.383275 -0.500000 -0.427121 200.000000 -0.427121 0.125514 50.205750 0.866025 1.061925 200.000000 1.061925
 15.200000 -0.856873 -0.515527 0.830658 -0.556784 -2.112419 2.161305 -0.515527 -0.856873 -0.556784 0.830658 0.024109 9.643800 -0.500000 2.308069 200.000000 2.308069 0.008376 3.350518 -0.866025 0.625646 200.000000 0.625646 0.322439 128.975402 -0.500000 -0.427121 200.000000 -0.427121 0.125089 50.035436 0.866025 1.061925 200.000000 1.061925
 15.400000 -0.900300 -0.435269 0.839056 -0.544046 -2.021134 2.146048 -0.435269 -0.900300 -0.544046 0.839056 0.419005 167.601845 -0.500000 2.308069 200.000000 2.308069 0.117476 46.990572 -0.866025 0.625646 200.000000 0.625646 0.194002 77.600815 -0.500000 -0.427121 200.000000 -0.427121 0.072737 29.094790 0.866025 1.061925 200.000000 1.061925
 15.600000 -0.835688 -0.549204 0.857167 -0.515038 -2.152208 2.111849 -0.549204 -0.835688 -0.515038 0.857167 0.242105 96.842015 -0.500000 2.308069 200.000000 2.308069 0.092035 36.813820 -0.866025 0.625646 200.000000 0.625646 0.022615 9.046055 -0.500000 -0.427121 200.000000 -0.427121 0.007847 3.138748 0.866025 1.061925 200.000000 1.061925
 15.800000 -0.833508 -0.552507 0.854786 -0.518981 -2.156165 2.116454 -0.552507 -0.833508 -0.518981 0.854786 0.275699 110.279625 -0.500000 2.308069 200.000000 2.308069 0.105737 42.294684 -0.866025 0.625646 200.000000 0.625646 0.036027 14.410678 -0.500000 -0.427121 200.000000 -0.427121 0.012633 5.053006 0.866025 1.061925 200.000000 1.061925
 16.000000 -0.901183 -0.433438 0.855592 -0.517651 -2.019101 2.114899 -0.433438 -0.901183 -0.517651 0.855592 0.443051 177.220338 -0.500000 2.308069 200.000000 2.308069 0.123609 49.443444 -0.866025 0.625646 200.000000 0.625646 0.031155 12.462178 -0.500000 -0.427121 200.000000 -0.427121 0.010886 4.354300 0.866025 1.061925 200.000000 1.061925
 16.200000 -0.854105 -0.520101 0.850319 -0.526267 -2.117766 2.125001 -0.520101 -0.854105 -0.526267 0.850319 0.040405 16.162045 -0.500000 2.308069 200.000000 2.308069 0.014210 5.684078 -0.866025 0.625646 200.000000 0.625646 0.068995 27.597824 -0.500000 -0.427121 200.000000 -0.427121 0.024668 9.867026 0.866025 1.061925 200.000000 1.061925
 16.400000 -0.835317 -0.549768 0.875305 -0.483572 -2.152883 2.075527 -0.549768 -0.835317 -0.483572 0.875305 0.247687 99.074846 -0.500000 2.308069 200.000000 2.308069 0.094299 37.719560 -0.866025 0.625646 200.000000 0.625646 0.026989 10.795542 -0.500000 -0.427121 200.000000 -0.427121 0.008611 3.444247 0.866025 1.061925 200.000000 1.061925
 16.600000 -0.871104 -0.491098 0.895903 -0.444251 -2.084147 2.031134 -0.491098 -0.871104 -0.444251 0.895903 0.007924 3.169515 -0.500000 2.308069 200.000000 2.308069 0.002579 1.031720 -0.866025 0.625646 200.000000 0.625646 0.310800 124.319926 -0.500000 -0.427121 200.000000 -0.427121 0.089265 35.705816 0.866025 1.061925 200.000000 1.061925
 16.800000 -0.826703 -0.562639 0.888357 -0.459153 -2.168371 2.047838 -0.562639 -0.826703 -0.459153 0.888357 0.392367 156.946770 -0.500000 2.308069 200.000000 2.308069 0.154629 61.851425 -0.866025 0.625646 200.000000 0.625646 0.166848 66.739323 -0.500000 -0.427121 200.000000 -0.427121 0.049871 19.948437 0.866025 1.061925 200.000000 1.061925
 17.000000 -0.864663 -0.502352 0.858224 -0.513275 -2.097113 2.109793 -0.502352 -0.864663 -0.513275 0.858224 0.000553 0.221189 -0.500000 2.308069 200.000000 2.308069 0.000185 0.074194 -0.866025 0.625646 200.000000 0.625646 0.017622 7.048961 -0.500000 -0.427121 200.000000 -0.427121 0.006086 2.434330 0.866025 1.061925 200.000000 1.061925
 17.200000 -0.898051 -0.439892 0.874776 -0.484528 -2.026275 2.076620 -0.439892 -0.898051 -0.484528 0.874776 0.361298 144.519223 -0.500000 2.308069 200.000000 2.308069 0.102562 41.024832 -0.866025 0.625646 200.000000 0.625646 0.023939 9.575521 -0.500000 -0.427121 200.000000 -0.427121 0.007657 3.062810 0.866025 1.061925 200.000000 1.061925
 17.400000 -0.825171 -0.564882 0.886600 -0.462536 -2.171087 2.051650 -0.564882 -0.825171 -0.462536 0.886600 0.420973 168.389188 -0.500000 2.308069 200.000000 2.308069 0.166905 66.761983 -0.866025 0.625646 200.000000 0.625646 0.140354 56.141601 -0.500000 -0.427121 200.000000 -0.427121 0.042333 16.933256 0.866025 1.061925 200.000000 1.061925
 17.600000 -0.862566 -0.505945 0.883229 -0.468942 -2.101273 2.058889 -0.505945 -0.862566 -0.468942 0.883229 0.003534 1.413650 -0.500000 2.308069 200.000000 2.308069 0.001197 0.478747 -0.866025 0.625646 200.000000 0.625646 0.096460 38.584174 -0.500000 -0.427121 200.000000 -0.427121 0.029596 11.838556 0.866025 1.061925 200.000000 1.061925
 17.800000 -0.890202 -0.455566 0.868240 -0.496145 -2.043804 2.089949 -0.455566 -0.890202 -0.496145 0.868240 0.197442 78.976784 -0.500000 2.308069 200.000000 2.308069 0.058452 23.380770 -0.866025 0.625646 200.000000 0.625646 0.001486 0.594511 -0.500000 -0.427121 200.000000 -0.427121 0.000490 0.196143 0.866025 1.061925 200.000000 1.061925
 18.000000 -0.839311 -0.543652 0.858798 -0.512314 -2.145578 2.108673 -0.543652 -0.839311 -0.512314 0.858798 0.190547 76.218649 -0.500000 2.308069 200.000000 2.308069 0.071366 28.546460 -0.866025 0.625646 200.000000 0.625646 0.015163 6.065001 -0.500000 -0.427121 200.000000 -0.427121 0.005223 2.089159 0.866025 1.061925 200.000000 1.061925
 18.200000 -0.866342 -0.499452 0.811039 -0.584992 -2.093762 2.195667 -0.499452 -0.866342 -0.584992 0.811039 0.000030 0.012013 -0.500000 2.308069 200.000000 2.308069 0.000010 0.003999 -0.866025 0.625646 200.000000 0.625646 0.722372 288.948778 -0.500000 -0.427121 200.000000 -0.427121 0.302353 120.941394 0.866025 1.061925 200.000000 1.061925
 18.400000 -0.878967 -0.476882 0.763974 -0.645247 -2.067900 2.272142 -0.476882 -0.878967 -0.645247 0.763974 0.053444 21.377536 -0.500000 2.308069 200.000000 2.308069 0.016749 6.699690 -0.866025 0.625646 200.000000 0.625646 2.109656 843.862459 -0.500000 -0.427121 200.000000 -0.427121 1.041441 416.576292 0.866025 1.061925 200.000000 1.061925
 18.600000 -0.859261 -0.511537 0.864541 -0.502562 -2.107769 2.097355 -0.511537 -0.859261 -0.502562 0.864541 0.013310 5.324138 -0.500000 2.308069 200.000000 2.308069 0.004575 1.830166 -0.866025 0.625646 200.000000 0.625646 0.000656 0.262453 -0.500000 -0.427121 200.000000 -0.427121 0.000220 0.088084 0.866025 1.061925 200.000000 1.061925
 18.800000 -0.889010 -0.457888 0.819236 -0.573456 -2.046415 2.181515 -0.457888 -0.889010 -0.573456 0.819236 0.177339 70.935534 -0.500000 2.308069 200.000000 2.308069 0.052828 21.131097 -0.866025 0.625646 200.000000 0.625646 0.539581 215.832434 -0.500000 -0.427121 200.000000 -0.427121 0.218923 87.569059 0.866025 1.061925 200.000000 1.061925
 19.000000 -0.855360 -0.518035 0.829799 -0.558063 -2.115348 2.162846 -0.518035 -0.855360 -0.558063 0.829799 0.032526 13.010212 -0.500000 2.308069 200.000000 2.308069 0.011376 4.550443 -0.866025 0.625646 200.000000 0.625646 0.337130 134.851936 -0.500000 -0.427121 200.000000 -0.427121 0.131238 52.495075 0.866025 1.061925 200.000000 1.061925
 19.200000 -0.855638 -0.517575 0.817151 -0.576424 -2.114810 2.185142 -0.517575 -0.855638 -0.576424 0.817151 0.030886 12.354530 -0.500000 2.308069 200.000000 2.308069 0.010790 4.315808 -0.866025 0.625646 200.000000 0.625646 0.584057 233.622830 -0.500000 -0.427121 200.000000 -0.427121 0.238870 95.548185 0.866025 1.061925 200.000000 1.061925
 19.400000 -0.870423 -0.492304 0.887597 -0.460620 -2.085532 2.049490 -0.492304 -0.870423 -0.460620 0.887597 0.005922 2.368873 -0.500000 2.308069 200.000000 2.308069 0.001934 0.773585 -0.866025 0.625646 200.000000 0.625646 0.155079 62.031518 -0.500000 -0.427121 200.000000 -0.427121 0.046535 18.614150 0.866025 1.061925 200.000000 1.061925
 19.600000 -0.891410 -0.453197 0.849089 -0.528250 -2.041145 2.127334 -0.453197 -0.891410 -0.528250 0.849089 0.219049 87.619425 -0.500000 2.308069 200.000000 2.308069 0.064439 25.775508 -0.866025 0.625646 200.000000 0.625646 0.079804 31.921752 -0.500000 -0.427121 200.000000 -0.427121 0.028684 11.473546 0.866025 1.061925 200.000000 1.061925
 19.800000 -0.867226 -0.497914 0.881593 -0.472011 -2.091988 2.062367 -0.497914 -0.867226 -0.472011 0.881593 0.000435 0.174055 -0.500000 2.308069 200.000000 2.308069 0.000144 0.057696 -0.866025 0.625646 200.000000 0.625646 0.078340 31.335927 -0.500000 -0.427121 200.000000 -0.427121 0.024234 9.693745 0.866025 1.061925 200.000000 1.061925
 20.000000 -0.890674 -0.454643 0.905908 -0.423475 -2.042767 2.008074 -0.454643 -0.890674 -0.423475 0.905908 0.205729 82.291796 -0.500000 2.308069 200.000000 2.308069 0.060755 24.302069 -0.866025 0.625646 200.000000 0.625646 0.585604 234.241413 -0.500000 -0.427121 200.000000 -0.427121 0.159059 63.623797 0.866025 1.061925 200.000000 1.061925
