#! FIELDS time sin_phi cos_phi sin_psi cos_psi phi psi cos_phi sin_phi cos_psi sin_psi restraint_phi_cos.bias restraint_phi_cos.force2 restraint_phi_cos.cos_phi_cntr restraint_phi_cos.cos_phi_work restraint_phi_cos.cos_phi_kappa restraint_phi_cos.work restraint_phi_sin.bias restraint_phi_sin.force2 restraint_phi_sin.sin_phi_cntr restraint_phi_sin.sin_phi_work restraint_phi_sin.sin_phi_kappa restraint_phi_sin.work restraint_psi_cos.bias restraint_psi_cos.force2 restraint_psi_cos.cos_psi_cntr restraint_psi_cos.cos_psi_work restraint_psi_cos.cos_psi_kappa restraint_psi_cos.work restraint_psi_sin.bias restraint_psi_sin.force2 restraint_psi_sin.sin_psi_cntr restraint_psi_sin.sin_psi_work restraint_psi_sin.sin_psi_kappa restraint_psi_sin.work
#! SET min_phi -pi
#! SET max_phi pi
#! SET min_psi -pi
#! SET max_psi pi
 0.000000 -0.999983 -0.005782 0.966116 0.258110 -1.576579 1.309731 -0.005782 -0.999983 0.258110 0.966116 0.000000 0.000000 -0.009747 0.000000 0.000000 0.000000 0.000000 0.000000 -0.999953 0.000000 0.000000 0.000000 0.000000 0.000000 0.256142 0.000000 0.000000 0.000000 0.000000 0.000000 0.966639 0.000000 0.000000 0.000000
 0.200000 -1.000000 -0.000266 0.834655 0.550773 -1.571062 0.987506 -0.000266 -1.000000 0.550773 0.834655 0.000899 0.035954 -0.009747 0.429322 20.000000 0.429322 0.000000 0.000001 -0.999953 0.008204 20.000000 0.008204 0.868072 34.722866 0.256142 0.437494 20.000000 0.437494 0.174198 6.967905 0.966639 0.079186 20.000000 0.079186
 0.400000 -0.998238 0.059339 0.982967 0.183781 -1.511422 1.385965 0.059339 -0.998238 0.183781 0.982967 0.095457 7.636592 -0.009747 0.576152 40.000000 0.576152 0.000059 0.004704 -0.999953 0.009175 40.000000 0.009175 0.104723 8.377859 0.256142 0.652620 40.000000 0.652620 0.005332 0.426573 0.966639 0.103852 40.000000 0.103852
 0.600000 -0.997905 0.064702 0.969719 0.244223 -1.506049 1.324078 0.064702 -0.997905 0.244223 0.969719 0.166277 19.953285 -0.009747 0.652738 60.000000 0.652738 0.000126 0.015098 -0.999953 0.009549 60.000000 0.009549 0.004262 0.511484 0.256142 0.812947 60.000000 0.812947 0.000285 0.034153 0.966639 0.126978 60.000000 0.126978
 0.800000 -0.999998 0.001893 0.948099 0.317974 -1.568903 1.247204 0.001893 -0.999998 0.317974 0.948099 0.005419 0.867049 -0.009747 0.745442 80.000000 0.745442 0.000000 0.000013 -0.999953 0.009931 80.000000 0.009931 0.152928 24.468543 0.256142 0.870390 80.000000 0.870390 0.013749 2.199834 0.966639 0.131255 80.000000 0.131255
 1.000000 -0.997906 -0.064677 0.983715 0.179734 -1.635519 1.390080 -0.064677 -0.997906 0.179734 0.983715 0.150869 30.173712 -0.009747 0.830210 100.000000 0.830210 0.000209 0.041872 -0.999953 0.010215 100.000000 0.010215 0.291913 58.382600 0.256142 0.906287 100.000000 0.906287 0.014580 2.915968 0.966639 0.133900 100.000000 0.133900
 1.200000 -0.998629 0.052344 0.985229 0.171244 -1.518429 1.398704 0.052344 -0.998629 0.171244 0.985229 0.231312 55.514801 -0.009747 0.926102 120.000000 0.926102 0.000105 0.025219 -0.999953 0.010633 120.000000 0.010633 0.432463 103.791146 0.256142 0.992021 120.000000 0.992021 0.020734 4.976238 0.966639 0.141240 120.000000 0.141240
 1.400000 -0.999097 0.042490 0.979942 0.199285 -1.528293 1.370168 0.042490 -0.999097 0.199285 0.979942 0.191007 53.482024 -0.009747 0.960907 140.000000 0.960907 0.000051 0.014349 -0.999953 0.010712 140.000000 0.010712 0.226294 63.362268 0.256142 1.092941 140.000000 1.092941 0.012387 3.468359 0.966639 0.149518 140.000000 0.149518
 1.600000 -0.999952 0.009762 0.961524 0.274722 -1.561035 1.292496 0.009762 -0.999952 0.274722 0.961524 0.030445 9.742527 -0.009747 1.007086 160.000000 1.007086 0.000000 0.000000 -0.999953 0.010845 160.000000 0.010845 0.027615 8.836748 0.256142 1.162435 160.000000 1.162435 0.002093 0.669841 0.966639 0.156253 160.000000 0.156253
 1.800000 -0.999816 -0.019167 0.970210 0.242266 -1.589964 1.326095 -0.019167 -0.999816 0.242266 0.970210 0.007987 2.875214 -0.009747 1.051979 180.000000 1.051979 0.000002 0.000601 -0.999953 0.010933 180.000000 0.010933 0.017329 6.238496 0.256142 1.193860 180.000000 1.193860 0.001148 0.413104 0.966639 0.158909 180.000000 0.158909
 2.000000 -0.987406 0.158208 0.943046 0.332661 -1.411920 1.231672 0.158208 -0.987406 0.332661 0.943046 2.820882 1128.352805 -0.009747 1.081931 200.000000 1.081931 0.015742 6.296829 -0.999953 0.011013 200.000000 0.011013 0.585513 234.205105 0.256142 1.219765 200.000000 1.219765 0.055661 22.264530 0.966639 0.161376 200.000000 0.161376
 2.200000 -0.995437 0.095425 0.898236 0.439513 -1.475226 1.115740 0.095425 -0.995437 0.439513 0.898236 0.910586 364.234389 0.000000 0.895115 200.000000 0.895115 0.002082 0.832964 -1.000000 0.011061 200.000000 0.011061 2.620046 1048.018217 0.277648 1.149389 200.000000 1.149389 0.013026 5.210536 0.886823 0.623659 200.000000 0.623659
 2.400000 -0.999966 0.008288 0.902378 0.430946 -1.562508 1.125255 0.008288 -0.999966 0.430946 0.902378 0.006869 2.747667 0.000000 0.895115 200.000000 0.895115 0.000000 0.000047 -1.000000 0.011061 200.000000 0.011061 1.736956 694.782456 0.299153 0.980668 200.000000 0.980668 0.909560 363.823978 0.807007 2.119837 200.000000 2.119837
 2.600000 -0.995909 -0.090363 0.817705 0.575638 -1.661283 0.957412 -0.090363 -0.995909 0.575638 0.817705 0.816550 326.620031 0.000000 0.895115 200.000000 0.895115 0.001674 0.669490 -1.000000 0.011061 200.000000 0.011061 6.501481 2600.592299 0.320658 0.678402 200.000000 0.678402 0.819282 327.712605 0.727190 4.561706 200.000000 4.561706
 2.800000 -0.999466 0.032675 0.865253 0.501336 -1.538116 1.045654 0.032675 -0.999466 0.501336 0.865253 0.106763 42.705188 0.000000 0.895115 200.000000 0.895115 0.000029 0.011404 -1.000000 0.011061 200.000000 0.011061 2.533606 1013.442553 0.342163 0.270570 200.000000 0.270570 4.747094 1898.837598 0.647374 7.972501 200.000000 7.972501
 3.000000 -0.999535 -0.030502 0.834935 0.550349 -1.601303 0.988014 -0.030502 -0.999535 0.550349 0.834935 0.093038 37.215044 0.000000 0.895115 200.000000 0.895115 0.000022 0.008660 -1.000000 0.011061 200.000000 0.011061 3.484960 1393.984068 0.363668 -0.386975 200.000000 -0.386975 7.149031 2859.612355 0.567558 12.024797 200.000000 12.024797
 3.200000 -0.998469 -0.055312 0.890681 0.454629 -1.626136 1.098840 -0.055312 -0.998469 0.454629 0.890681 0.305940 122.375914 0.000000 0.895115 200.000000 0.895115 0.000234 0.093743 -1.000000 0.011061 200.000000 0.011061 0.482409 192.963681 0.385174 -1.299679 200.000000 -1.299679 16.235975 6494.389954 0.487742 16.431044 200.000000 16.431044
 3.400000 -0.999874 0.015882 0.728346 0.685210 -1.554913 0.815905 0.015882 -0.999874 0.685210 0.728346 0.025225 10.090132 0.000000 0.895115 200.000000 0.895115 0.000002 0.000636 -1.000000 0.011061 200.000000 0.011061 7.757933 3103.173168 0.406679 -2.436045 200.000000 -2.436045 10.266920 4106.768100 0.407926 21.144742 200.000000 21.144742
 3.600000 -0.998069 0.062120 0.603511 0.797355 -1.508637 0.647897 0.062120 -0.998069 0.797355 0.603511 0.385883 154.353355 0.000000 0.895115 200.000000 0.895115 0.000373 0.149194 -1.000000 0.011061 200.000000 0.011061 13.628681 5451.472460 0.428184 -3.777673 200.000000 -3.777673 7.584612 3033.844763 0.328109 26.079912 200.000000 26.079912
 3.800000 -0.999789 0.020555 0.507481 0.861663 -1.550240 0.532259 0.020555 -0.999789 0.861663 0.507481 0.042249 16.899744 0.000000 0.895115 200.000000 0.895115 0.000004 0.001785 -1.000000 0.011061 200.000000 0.011061 16.972214 6788.885476 0.449689 -5.405959 200.000000 -5.405959 6.717844 2687.137625 0.248293 30.597672 200.000000 30.597672
 4.000000 -0.999112 -0.042139 0.414681 0.909967 -1.612947 0.427592 -0.042139 -0.999112 0.909967 0.414681 0.177567 71.026613 0.000000 0.895115 200.000000 0.895115 0.000079 0.031558 -1.000000 0.011061 200.000000 0.011061 19.252112 7700.844892 0.471195 -7.316118 200.000000 -7.316118 6.061642 2424.656739 0.168477 33.996233 200.000000 33.996233
 4.200000 -0.999999 -0.001271 0.175587 0.984464 -1.572068 0.176502 -0.001271 -0.999999 0.984464 0.175587 0.000162 0.064653 0.000000 0.895115 200.000000 0.895115 0.000000 0.000000 -1.000000 0.011061 200.000000 0.011061 24.183194 9673.277436 0.492700 -9.341259 200.000000 -9.341259 0.755621 302.248299 0.088661 36.367170 200.000000 36.367170
 4.400000 -0.998890 0.047107 -0.059019 0.998257 -1.523672 -0.059053 0.047107 -0.998890 0.998257 -0.059019 0.221907 88.762853 0.000000 0.895115 200.000000 0.895115 0.000123 0.049297 -1.000000 0.011061 200.000000 0.011061 23.430621 9372.248525 0.514205 -11.424882 200.000000 -11.424882 0.460548 184.219034 0.008845 37.590031 200.000000 37.590031
 4.600000 -0.999810 0.019481 -0.211924 0.977286 -1.551314 -0.213543 0.019481 -0.999810 0.977286 -0.211924 0.037951 15.180400 0.000000 0.895115 200.000000 0.895115 0.000004 0.001441 -1.000000 0.011061 200.000000 0.011061 19.498932 7799.572645 0.535710 -13.454993 200.000000 -13.454993 1.986758 794.703037 -0.070972 38.033787 200.000000 38.033787
 4.800000 -0.996036 -0.088955 -0.260794 0.965394 -1.659869 -0.263844 -0.088955 -0.996036 0.965394 -0.260794 0.791305 316.521818 0.000000 0.895115 200.000000 0.895115 0.001572 0.628653 -1.000000 0.011061 200.000000 0.011061 16.661016 6664.406309 0.557215 -15.334314 200.000000 -15.334314 1.210134 484.053664 -0.150788 37.031510 200.000000 37.031510
 5.000000 -0.999575 -0.029162 -0.320560 0.947228 -1.599962 -0.326320 -0.029162 -0.999575 0.947228 -0.320560 0.085040 34.016069 0.000000 0.895115 200.000000 0.895115 0.000018 0.007235 -1.000000 0.011061 200.000000 0.011061 13.579790 5431.915876 0.578721 -17.016977 200.000000 -17.016977 0.809203 323.681242 -0.230604 35.611597 200.000000 35.611597
 5.200000 -0.998023 -0.062854 -0.418355 0.908284 -1.633692 -0.431633 -0.062854 -0.998023 0.908284 -0.418355 0.395063 158.025059 0.000000 0.895115 200.000000 0.895115 0.000391 0.156384 -1.000000 0.011061 200.000000 0.011061 9.489959 3795.983558 0.600226 -18.425321 200.000000 -18.425321 1.164990 465.996078 -0.310420 33.623116 200.000000 33.623116
 5.400000 -0.998174 -0.060403 -0.382184 0.924086 -1.631236 -0.392158 -0.060403 -0.998174 0.924086 -0.382184 0.364853 145.941152 0.000000 0.895115 200.000000 0.895115 0.000333 0.133361 -1.000000 0.011061 200.000000 0.011061 9.141874 3656.749674 0.621731 -19.611765 200.000000 -19.611765 0.006485 2.593903 -0.390236 31.920947 200.000000 31.920947
 5.600000 -0.999022 -0.044222 -0.587124 0.809497 -1.615032 -0.627502 -0.044222 -0.999022 0.809497 -0.587124 0.195555 78.221841 0.000000 0.895115 200.000000 0.895115 0.000096 0.038279 -1.000000 0.011061 200.000000 0.011061 2.764252 1105.700707 0.643236 -20.543188 200.000000 -20.543188 1.370581 548.232334 -0.470053 30.412756 200.000000 30.412756
 5.800000 -0.999938 -0.011155 -0.647705 0.761891 -1.581951 -0.704568 -0.011155 -0.999938 0.761891 -0.647705 0.012443 4.977261 0.000000 0.895115 200.000000 0.895115 0.000000 0.000155 -1.000000 0.011061 200.000000 0.011061 0.943811 377.524325 0.664742 -21.202456 200.000000 -21.202456 0.957186 382.874531 -0.549869 29.164285 200.000000 29.164285
 6.000000 -0.999996 -0.002798 -0.713721 0.700430 -1.573595 -0.794797 -0.002798 -0.999996 0.700430 -0.713721 0.000783 0.313224 0.000000 0.895115 200.000000 0.895115 0.000000 0.000001 -1.000000 0.011061 200.000000 0.011061 0.020116 8.046465 0.686247 -21.621254 200.000000 -21.621254 0.706208 282.483145 -0.629685 28.481843 200.000000 28.481843
 6.200000 -0.998595 0.052984 -0.656330 0.754474 -1.517787 -0.715945 0.052984 -0.998595 0.754474 -0.656330 0.280736 112.294225 0.000000 0.895115 200.000000 0.895115 0.000197 0.078923 -1.000000 0.011061 200.000000 0.011061 0.224362 89.744778 0.707107 -21.767884 200.000000 -21.767884 0.257825 103.129850 -0.707107 28.299663 200.000000 28.299663
 6.400000 -0.999805 -0.019724 -0.718187 0.695850 -1.590522 -0.801194 -0.019724 -0.999805 0.695850 -0.718187 0.038904 15.561638 0.000000 0.895115 200.000000 0.895115 0.000004 0.001514 -1.000000 0.011061 200.000000 0.011061 0.012672 5.068812 0.707107 -21.767884 200.000000 -21.767884 0.012278 4.911178 -0.707107 28.299663 200.000000 28.299663
 6.600000 -0.996425 -0.084485 -0.711000 0.703192 -1.655382 -0.790920 -0.084485 -0.996425 0.703192 -0.711000 0.713766 285.506553 0.000000 0.895115 200.000000 0.895115 0.001278 0.511289 -1.000000 0.011061 200.000000 0.011061 0.001533 0.613109 0.707107 -21.767884 200.000000 -21.767884 0.001516 0.606375 -0.707107 28.299663 200.000000 28.299663
 6.800000 -0.987677 0.156506 -0.738778 0.673949 -1.413645 -0.831255 0.156506 -0.987677 0.673949 -0.738778 2.449398 979.759288 0.000000 0.895115 200.000000 0.895115 0.015185 6.074173 -1.000000 0.011061 200.000000 0.011061 0.109942 43.976824 0.707107 -21.767884 200.000000 -21.767884 0.100304 40.121700 -0.707107 28.299663 200.000000 28.299663
 7.000000 -0.999959 -0.009100 -0.701387 0.712781 -1.579896 -0.777342 -0.009100 -0.999959 0.712781 -0.701387 0.008281 3.312282 0.000000 0.895115 200.000000 0.895115 0.000000 0.000069 -1.000000 0.011061 200.000000 0.011061 0.003219 1.287672 0.707107 -21.767884 200.000000 -21.767884 0.003271 1.308589 -0.707107 28.299663 200.000000 28.299663
 7.200000 -0.999994 0.003451 -0.622483 0.782634 -1.567345 -0.671911 0.003451 -0.999994 0.782634 -0.622483 0.001191 0.476370 0.000000 0.895115 200.000000 0.895115 0.000000 0.000001 -1.000000 0.011061 200.000000 0.011061 0.570432 228.172606 0.707107 -21.767884 200.000000 -21.767884 0.716126 286.450584 -0.707107 28.299663 200.000000 28.299663
 7.400000 -0.999984 -0.005631 -0.646645 0.762791 -1.576427 -0.703177 -0.005631 -0.999984 0.762791 -0.646645 0.003170 1.268126 0.000000 0.895115 200.000000 0.895115 0.000000 0.000010 -1.000000 0.011061 200.000000 0.011061 0.310078 124.031054 0.707107 -21.767884 200.000000 -21.767884 0.365567 146.226837 -0.707107 28.299663 200.000000 28.299663
 7.600000 -0.999703 0.024364 -0.665075 0.746776 -1.546430 -0.727595 0.024364 -0.999703 0.746776 -0.665075 0.059360 23.744041 0.000000 0.895115 200.000000 0.895115 0.000009 0.003525 -1.000000 0.011061 200.000000 0.011061 0.157366 62.946514 0.707107 -21.767884 200.000000 -21.767884 0.176664 70.665434 -0.707107 28.299663 200.000000 28.299663
 7.800000 -0.997294 0.073517 -0.682102 0.731257 -1.497213 -0.750633 0.073517 -0.997294 0.731257 -0.682102 0.540477 216.190956 0.000000 0.895115 200.000000 0.895115 0.000732 0.292908 -1.000000 0.011061 200.000000 0.011061 0.058324 23.329607 0.707107 -21.767884 200.000000 -21.767884 0.062524 25.009789 -0.707107 28.299663 200.000000 28.299663
 8.000000 -0.999996 -0.002783 -0.725938 0.687761 -1.573580 -0.812397 -0.002783 -0.999996 0.687761 -0.725938 0.000775 0.309877 0.000000 0.895115 200.000000 0.895115 0.000000 0.000001 -1.000000 0.011061 200.000000 0.011061 0.037428 14.971011 0.707107 -21.767884 200.000000 -21.767884 0.035460 14.183966 -0.707107 28.299663 200.000000 28.299663
 8.200000 -0.999917 0.012856 -0.644144 0.764904 -1.557940 -0.699904 0.012856 -0.999917 0.764904 -0.644144 0.016528 6.611187 0.000000 0.895115 200.000000 0.895115 0.000001 0.000273 -1.000000 0.011061 200.000000 0.011061 0.334056 133.622248 0.707107 -21.767884 200.000000 -21.767884 0.396432 158.572946 -0.707107 28.299663 200.000000 28.299663
 8.400000 -0.994634 0.103454 -0.763067 0.646319 -1.467157 -0.868046 0.103454 -0.994634 0.646319 -0.763067 1.070278 428.111254 0.000000 0.895115 200.000000 0.895115 0.002879 1.151667 -1.000000 0.011061 200.000000 0.011061 0.369517 147.806940 0.707107 -21.767884 200.000000 -21.767884 0.313160 125.263919 -0.707107 28.299663 200.000000 28.299663
 8.600000 -0.998382 0.056869 -0.775779 0.631005 -1.513896 -0.887949 0.056869 -0.998382 0.631005 -0.775779 0.323411 129.364282 0.000000 0.895115 200.000000 0.895115 0.000262 0.104764 -1.000000 0.011061 200.000000 0.011061 0.579155 231.662021 0.707107 -21.767884 200.000000 -21.767884 0.471589 188.635685 -0.707107 28.299663 200.000000 28.299663
 8.800000 -0.999718 -0.023761 -0.673304 0.739366 -1.594559 -0.738668 -0.023761 -0.999718 0.739366 -0.673304 0.056457 22.582637 0.000000 0.895115 200.000000 0.895115 0.000008 0.003188 -1.000000 0.011061 200.000000 0.011061 0.104064 41.625788 0.707107 -21.767884 200.000000 -21.767884 0.114263 45.705265 -0.707107 28.299663 200.000000 28.299663
 9.000000 -0.999901 0.014041 -0.652045 0.758180 -1.556755 -0.710279 0.014041 -0.999901 0.758180 -0.652045 0.019714 7.885705 0.000000 0.895115 200.000000 0.895115 0.000001 0.000389 -1.000000 0.011061 200.000000 0.011061 0.260850 104.339914 0.707107 -21.767884 200.000000 -21.767884 0.303180 121.271831 -0.707107 28.299663 200.000000 28.299663
 9.200000 -0.997510 0.070522 -0.670854 0.741590 -1.500216 -0.735359 0.070522 -0.997510 0.741590 -0.670854 0.497334 198.933550 0.000000 0.895115 200.000000 0.895115 0.000620 0.247958 -1.000000 0.011061 200.000000 0.011061 0.118908 47.563117 0.707107 -21.767884 200.000000 -21.767884 0.131429 52.571660 -0.707107 28.299663 200.000000 28.299663
 9.400000 -0.998871 0.047512 -0.627894 0.778299 -1.523266 -0.678844 0.047512 -0.998871 0.778299 -0.627894 0.225741 90.296507 0.000000 0.895115 200.000000 0.895115 0.000128 0.051017 -1.000000 0.011061 200.000000 0.011061 0.506832 202.732625 0.707107 -21.767884 200.000000 -21.767884 0.627467 250.986736 -0.707107 28.299663 200.000000 28.299663
 9.600000 -0.993137 -0.116958 -0.666885 0.745161 -1.688023 -0.730021 -0.116958 -0.993137 0.745161 -0.666885 1.367919 547.167600 0.000000 0.895115 200.000000 0.895115 0.004710 1.884111 -1.000000 0.011061 200.000000 0.011061 0.144809 57.923723 0.707107 -21.767884 200.000000 -21.767884 0.161779 64.711479 -0.707107 28.299663 200.000000 28.299663
 9.800000 -0.998887 0.047170 -0.704253 0.709949 -1.523609 -0.781370 0.047170 -0.998887 0.709949 -0.704253 0.222497 88.998946 0.000000 0.895115 200.000000 0.895115 0.000124 0.049560 -1.000000 0.011061 200.000000 0.011061 0.000808 0.323189 0.707107 -21.767884 200.000000 -21.767884 0.000815 0.325803 -0.707107 28.299663 200.000000 28.299663
 10.000000 -0.994069 0.108754 -0.632351 0.774682 -1.461827 -0.684585 0.108754 -0.994069 0.774682 -0.632351 1.182745 473.097997 0.000000 0.895115 200.000000 0.895115 0.003518 1.407220 -1.000000 0.011061 200.000000 0.011061 0.456637 182.654989 0.707107 -21.767884 200.000000 -21.767884 0.558838 223.535094 -0.707107 28.299663 200.000000 28.299663
 10.200000 -0.990919 -0.134460 -0.683221 0.730212 -1.705665 -0.752164 -0.134460 -0.990919 0.730212 -0.683221 1.807958 723.183363 0.000000 0.895115 200.000000 0.895115 0.008247 3.298600 -1.000000 0.011061 200.000000 0.011061 0.053385 21.354095 0.707107 -21.767884 200.000000 -21.767884 0.057055 22.821975 -0.707107 28.299663 200.000000 28.299663
 10.400000 -0.999391 0.034898 -0.642989 0.765875 -1.535891 -0.698395 0.034898 -0.999391 0.765875 -0.642989 0.121785 48.714114 0.000000 0.895115 200.000000 0.895115 0.000037 0.014841 -1.000000 0.011061 200.000000 0.011061 0.345370 138.148157 0.707107 -21.767884 200.000000 -21.767884 0.411103 164.441100 -0.707107 28.299663 200.000000 28.299663
 10.600000 -1.000000 0.000567 -0.680839 0.732433 -1.570229 -0.748908 0.000567 -1.000000 0.732433 -0.680839 0.000032 0.012861 0.000000 0.895115 200.000000 0.895115 0.000000 0.000000 -1.000000 0.011061 200.000000 0.011061 0.064142 25.656877 0.707107 -21.767884 200.000000 -21.767884 0.069000 27.599815 -0.707107 28.299663 200.000000 28.299663
 10.800000 -0.996906 0.078604 -0.726649 0.687009 -1.492112 -0.813432 0.078604 -0.996906 0.687009 -0.726649 0.617853 247.141395 0.000000 0.895115 200.000000 0.895115 0.000957 0.382927 -1.000000 0.011061 200.000000 0.011061 0.040393 16.157198 0.707107 -21.767884 200.000000 -21.767884 0.038190 15.276123 -0.707107 28.299663 200.000000 28.299663
 11.000000 -0.999935 -0.011373 -0.696893 0.717175 -1.582169 -0.771056 -0.011373 -0.999935 0.717175 -0.696893 0.012934 5.173544 0.000000 0.895115 200.000000 0.895115 0.000000 0.000167 -1.000000 0.011061 200.000000 0.011061 0.010137 4.054763 0.707107 -21.767884 200.000000 -21.767884 0.010432 4.172758 -0.707107 28.299663 200.000000 28.299663
 11.200000 -0.998975 -0.045269 -0.732390 0.680885 -1.616081 -0.821826 -0.045269 -0.998975 0.680885 -0.732390 0.204929 81.971572 0.000000 0.895115 200.000000 0.895115 0.000105 0.042039 -1.000000 0.011061 200.000000 0.011061 0.068758 27.503357 0.707107 -21.767884 200.000000 -21.767884 0.063926 25.570419 -0.707107 28.299663 200.000000 28.299663
 11.400000 -0.995794 0.091618 -0.677210 0.735790 -1.479050 -0.743964 0.091618 -0.995794 0.735790 -0.677210 0.839384 335.753772 0.000000 0.895115 200.000000 0.895115 0.001769 0.707539 -1.000000 0.011061 200.000000 0.011061 0.082270 32.908155 0.707107 -21.767884 200.000000 -21.767884 0.089380 35.752196 -0.707107 28.299663 200.000000 28.299663
 11.600000 -0.998948 0.045849 -0.711466 0.702721 -1.524931 -0.791582 0.045849 -0.998948 0.702721 -0.711466 0.210216 84.086528 0.000000 0.895115 200.000000 0.895115 0.000111 0.044237 -1.000000 0.011061 200.000000 0.011061 0.001924 0.769468 0.707107 -21.767884 200.000000 -21.767884 0.001900 0.760010 -0.707107 28.299663 200.000000 28.299663
 11.800000 -0.999988 0.004913 -0.724503 0.689271 -1.565883 -0.810313 0.004913 -0.999988 0.689271 -0.724503 0.002414 0.965621 0.000000 0.895115 200.000000 0.895115 0.000000 0.000006 -1.000000 0.011061 200.000000 0.011061 0.031810 12.723969 0.707107 -21.767884 200.000000 -21.767884 0.030264 12.105404 -0.707107 28.299663 200.000000 28.299663
 12.000000 -0.999997 -0.002475 -0.689458 0.724326 -1.573271 -0.760740 -0.002475 -0.999997 0.724326 -0.689458 0.000613 0.245004 0.000000 0.895115 200.000000 0.895115 0.000000 0.000000 -1.000000 0.011061 200.000000 0.011061 0.029650 11.860100 0.707107 -21.767884 200.000000 -21.767884 0.031149 12.459722 -0.707107 28.299663 200.000000 28.299663
 12.200000 -1.000000 0.000165 -0.664949 0.746889 -1.570631 -0.727426 0.000165 -1.000000 0.746889 -0.664949 0.000003 0.001090 0.000000 0.895115 200.000000 0.895115 0.000000 0.000000 -1.000000 0.011061 200.000000 0.011061 0.158259 63.303549 0.707107 -21.767884 200.000000 -21.767884 0.177726 71.090307 -0.707107 28.299663 200.000000 28.299663
 12.400000 -0.999994 0.003387 -0.652305 0.757957 -1.567409 -0.710621 0.003387 -0.999994 0.757957 -0.652305 0.001147 0.458906 0.000000 0.895115 200.000000 0.895115 0.000000 0.000001 -1.000000 0.011061 200.000000 0.011061 0.258573 103.429010 0.707107 -21.767884 200.000000 -21.767884 0.300326 120.130539 -0.707107 28.299663 200.000000 28.299663
 12.600000 -0.997292 -0.073547 -0.756158 0.654389 -1.644410 -0.857422 -0.073547 -0.997292 0.654389 -0.756158 0.540912 216.364806 0.000000 0.895115 200.000000 0.895115 0.000733 0.293380 -1.000000 0.011061 200.000000 0.011061 0.277914 111.165796 0.707107 -21.767884 200.000000 -21.767884 0.240601 96.240553 -0.707107 28.299663 200.000000 28.299663
 12.800000 -0.999195 0.040106 -0.661264 0.750153 -1.530680 -0.722502 0.040106 -0.999195 0.750153 -0.661264 0.160847 64.338975 0.000000 0.895115 200.000000 0.895115 0.000065 0.025893 -1.000000 0.011061 200.000000 0.011061 0.185300 74.120128 0.707107 -21.767884 200.000000 -21.767884 0.210156 84.062585 -0.707107 28.299663 200.000000 28.299663
 13.000000 -0.995010 0.099775 -0.728154 0.685413 -1.470855 -0.815625 0.099775 -0.995010 0.685413 -0.728154 0.995513 398.205366 0.000000 0.895115 200.000000 0.895115 0.002490 0.996011 -1.000000 0.011061 200.000000 0.011061 0.047061 18.824593 0.707107 -21.767884 200.000000 -21.767884 0.044300 17.720115 -0.707107 28.299663 200.000000 28.299663
 13.200000 -0.998743 -0.050117 -0.692488 0.721429 -1.620934 -0.764933 -0.050117 -0.998743 0.721429 -0.692488 0.251166 100.466577 0.000000 0.895115 200.000000 0.895115 0.000158 0.063164 -1.000000 0.011061 200.000000 0.011061 0.020512 8.204995 0.707107 -21.767884 200.000000 -21.767884 0.021370 8.547826 -0.707107 28.299663 200.000000 28.299663
 13.400000 -0.994467 0.105049 -0.736604 0.676324 -1.465553 -0.828036 0.105049 -0.994467 0.676324 -0.736604 1.103529 441.411441 0.000000 0.895115 200.000000 0.895115 0.003061 1.224541 -1.000000 0.011061 200.000000 0.011061 0.094759 37.903757 0.707107 -21.767884 200.000000 -21.767884 0.087011 34.804572 -0.707107 28.299663 200.000000 28.299663
 13.600000 -0.999970 -0.007788 -0.686531 0.727100 -1.578584 -0.756707 -0.007788 -0.999970 0.727100 -0.686531 0.006065 2.426083 0.000000 0.895115 200.000000 0.895115 0.000000 0.000037 -1.000000 0.011061 200.000000 0.011061 0.039975 15.989861 0.707107 -21.767884 200.000000 -21.767884 0.042336 16.934354 -0.707107 28.299663 200.000000 28.299663
 13.800000 -0.999968 -0.007983 -0.729355 0.684135 -1.578779 -0.817379 -0.007983 -0.999968 0.684135 -0.729355 0.006373 2.549161 0.000000 0.895115 200.000000 0.895115 0.000000 0.000041 -1.000000 0.011061 200.000000 0.011061 0.052769 21.107432 0.707107 -21.767884 200.000000 -21.767884 0.049499 19.799429 -0.707107 28.299663 200.000000 28.299663
 14.000000 -0.999950 -0.009962 -0.641446 0.767168 -1.580759 -0.696381 -0.009962 -0.999950 0.767168 -0.641446 0.009925 3.969983 0.000000 0.895115 200.000000 0.895115 0.000000 0.000099 -1.000000 0.011061 200.000000 0.011061 0.360740 144.296091 0.707107 -21.767884 200.000000 -21.767884 0.431138 172.455078 -0.707107 28.299663 200.000000 28.299663
 14.200000 -0.999988 -0.004836 -0.647494 0.762071 -1.575633 -0.704291 -0.004836 -0.999988 0.762071 -0.647494 0.002339 0.935590 0.000000 0.895115 200.000000 0.895115 0.000000 0.000005 -1.000000 0.011061 200.000000 0.011061 0.302105 120.842051 0.707107 -21.767884 200.000000 -21.767884 0.355373 142.149166 -0.707107 28.299663 200.000000 28.299663
 14.400000 -0.999888 -0.014986 -0.670389 0.742010 -1.585783 -0.734733 -0.014986 -0.999888 0.742010 -0.670389 0.022458 8.983075 0.000000 0.895115 200.000000 0.895115 0.000001 0.000504 -1.000000 0.011061 200.000000 0.011061 0.121823 48.729384 0.707107 -21.767884 200.000000 -21.767884 0.134821 53.928365 -0.707107 28.299663 200.000000 28.299663
 14.600000 -0.999838 0.018016 -0.691420 0.722453 -1.552780 -0.763452 0.018016 -0.999838 0.722453 -0.691420 0.032456 12.982384 0.000000 0.895115 200.000000 0.895115 0.000003 0.001054 -1.000000 0.011061 200.000000 0.011061 0.023552 9.420676 0.707107 -21.767884 200.000000 -21.767884 0.024609 9.843409 -0.707107 28.299663 200.000000 28.299663
 14.800000 -0.999210 -0.039748 -0.682454 0.730929 -1.610555 -0.751115 -0.039748 -0.999210 0.730929 -0.682454 0.157992 63.196912 0.000000 0.895115 200.000000 0.895115 0.000062 0.024981 -1.000000 0.011061 200.000000 0.011061 0.056748 22.699396 0.707107 -21.767884 200.000000 -21.767884 0.060777 24.310760 -0.707107 28.299663 200.000000 28.299663
 15.000000 -0.997970 -0.063684 -0.601076 0.799191 -1.634523 -0.644847 -0.063684 -0.997970 0.799191 -0.601076 0.405560 162.223915 0.000000 0.895115 200.000000 0.895115 0.000412 0.164813 -1.000000 0.011061 200.000000 0.011061 0.847959 339.183791 0.707107 -21.767884 200.000000 -21.767884 1.124242 449.696869 -0.707107 28.299663 200.000000 28.299663
 15.200000 -1.000000 -0.000942 -0.668587 0.743634 -1.571739 -0.732307 -0.000942 -1.000000 0.743634 -0.668587 0.000089 0.035517 0.000000 0.895115 200.000000 0.895115 0.000000 0.000000 -1.000000 0.011061 200.000000 0.011061 0.133425 53.370120 0.707107 -21.767884 200.000000 -21.767884 0.148380 59.351895 -0.707107 28.299663 200.000000 28.299663
 15.400000 -0.995855 0.090955 -0.708265 0.705946 -1.479715 -0.787038 0.090955 -0.995855 0.705946 -0.708265 0.827287 330.914660 0.000000 0.895115 200.000000 0.895115 0.001718 0.687249 -1.000000 0.011061 200.000000 0.011061 0.000135 0.053875 0.707107 -21.767884 200.000000 -21.767884 0.000134 0.053699 -0.707107 28.299663 200.000000 28.299663
 15.600000 -0.999721 -0.023616 -0.743605 0.668620 -1.594415 -0.838445 -0.023616 -0.999721 0.668620 -0.743605 0.055774 22.309433 0.000000 0.895115 200.000000 0.895115 0.000008 0.003112 -1.000000 0.011061 200.000000 0.011061 0.148126 59.250414 0.707107 -21.767884 200.000000 -21.767884 0.133209 53.283595 -0.707107 28.299663 200.000000 28.299663
 15.800000 -0.999607 -0.028049 -0.671258 0.741224 -1.598849 -0.735905 -0.028049 -0.999607 0.741224 -0.671258 0.078675 31.469876 0.000000 0.895115 200.000000 0.895115 0.000015 0.006192 -1.000000 0.011061 200.000000 0.011061 0.116396 46.558339 0.707107 -21.767884 200.000000 -21.767884 0.128512 51.404876 -0.707107 28.299663 200.000000 28.299663
 16.000000 -0.990865 0.134860 -0.690726 0.723116 -1.435524 -0.762493 0.134860 -0.990865 0.723116 -0.690726 1.818716 727.486589 0.000000 0.895115 200.000000 0.895115 0.008345 3.338155 -1.000000 0.011061 200.000000 0.011061 0.025630 10.252050 0.707107 -21.767884 200.000000 -21.767884 0.026832 10.732664 -0.707107 28.299663 200.000000 28.299663
 16.200000 -0.999846 0.017562 -0.719186 0.694817 -1.553233 -0.802631 0.017562 -0.999846 0.694817 -0.719186 0.030843 12.337047 0.000000 0.895115 200.000000 0.895115 0.000002 0.000951 -1.000000 0.011061 200.000000 0.011061 0.015103 6.041342 0.707107 -21.767884 200.000000 -21.767884 0.014592 5.836665 -0.707107 28.299663 200.000000 28.299663
 16.400000 -0.999145 0.041332 -0.686100 0.727507 -1.529452 -0.756114 0.041332 -0.999145 0.727507 -0.686100 0.170835 68.334128 0.000000 0.895115 200.000000 0.895115 0.000073 0.029210 -1.000000 0.011061 200.000000 0.011061 0.041618 16.647377 0.707107 -21.767884 200.000000 -21.767884 0.044129 17.651636 -0.707107 28.299663 200.000000 28.299663
 16.600000 -0.999527 -0.030757 -0.668421 0.743783 -1.601558 -0.732084 -0.030757 -0.999527 0.743783 -0.668421 0.094600 37.839994 0.000000 0.895115 200.000000 0.895115 0.000022 0.008953 -1.000000 0.011061 200.000000 0.011061 0.134513 53.805012 0.707107 -21.767884 200.000000 -21.767884 0.149655 59.862161 -0.707107 28.299663 200.000000 28.299663
 16.800000 -0.997237 0.074290 -0.631997 0.774971 -1.496438 -0.684127 0.074290 -0.997237 0.774971 -0.631997 0.551894 220.757749 0.000000 0.895115 200.000000 0.895115 0.000764 0.305431 -1.000000 0.011061 200.000000 0.011061 0.460556 184.222516 0.707107 -21.767884 200.000000 -21.767884 0.564152 225.660981 -0.707107 28.299663 200.000000 28.299663
 17.000000 -0.998631 0.052314 -0.692660 0.721264 -1.518458 -0.765170 0.052314 -0.998631 0.721264 -0.692660 0.273675 109.469949 0.000000 0.895115 200.000000 0.895115 0.000188 0.075001 -1.000000 0.011061 200.000000 0.011061 0.020044 8.017508 0.707107 -21.767884 200.000000 -21.767884 0.020871 8.348535 -0.707107 28.299663 200.000000 28.299663
 17.200000 -0.998944 -0.045948 -0.710835 0.703359 -1.616761 -0.790684 -0.045948 -0.998944 0.703359 -0.710835 0.211125 84.449934 0.000000 0.895115 200.000000 0.895115 0.000112 0.044621 -1.000000 0.011061 200.000000 0.011061 0.001404 0.561760 0.707107 -21.767884 200.000000 -21.767884 0.001390 0.555853 -0.707107 28.299663 200.000000 28.299663
 17.400000 -0.996888 0.078828 -0.672503 0.740095 -1.491887 -0.737585 0.078828 -0.996888 0.740095 -0.672503 0.621379 248.551648 0.000000 0.895115 200.000000 0.895115 0.000968 0.387316 -1.000000 0.011061 200.000000 0.011061 0.108820 43.528026 0.707107 -21.767884 200.000000 -21.767884 0.119744 47.897695 -0.707107 28.299663 200.000000 28.299663
 17.600000 -0.998842 -0.048110 -0.670656 0.741768 -1.618925 -0.735093 -0.048110 -0.998842 0.741768 -0.670656 0.231454 92.581690 0.000000 0.895115 200.000000 0.895115 0.000134 0.053633 -1.000000 0.011061 200.000000 0.011061 0.120142 48.056857 0.707107 -21.767884 200.000000 -21.767884 0.132864 53.145710 -0.707107 28.299663 200.000000 28.299663
 17.800000 -0.999642 -0.026740 -0.712666 0.701503 -1.597539 -0.793292 -0.026740 -0.999642 0.701503 -0.712666 0.071501 28.600249 0.000000 0.895115 200.000000 0.895115 0.000013 0.005114 -1.000000 0.011061 200.000000 0.011061 0.003140 1.255992 0.707107 -21.767884 200.000000 -21.767884 0.003091 1.236320 -0.707107 28.299663 200.000000 28.299663
 18.000000 -0.999676 0.025455 -0.726127 0.687561 -1.545339 -0.812672 0.025455 -0.999676 0.687561 -0.726127 0.064794 25.917625 0.000000 0.895115 200.000000 0.895115 0.000010 0.004200 -1.000000 0.011061 200.000000 0.011061 0.038204 15.281679 0.707107 -21.767884 200.000000 -21.767884 0.036176 14.470337 -0.707107 28.299663 200.000000 28.299663
 18.200000 -0.998855 -0.047845 -0.736938 0.675961 -1.618660 -0.828529 -0.047845 -0.998855 0.675961 -0.736938 0.228916 91.566421 0.000000 0.895115 200.000000 0.895115 0.000131 0.052463 -1.000000 0.011061 200.000000 0.011061 0.097008 38.803193 0.707107 -21.767884 200.000000 -21.767884 0.088988 35.595332 -0.707107 28.299663 200.000000 28.299663
 18.400000 -0.998184 -0.060233 -0.652064 0.758164 -1.631066 -0.710303 -0.060233 -0.998184 0.758164 -0.652064 0.362798 145.119284 0.000000 0.895115 200.000000 0.895115 0.000330 0.131862 -1.000000 0.011061 200.000000 0.011061 0.260684 104.273668 0.707107 -21.767884 200.000000 -21.767884 0.302972 121.188791 -0.707107 28.299663 200.000000 28.299663
 18.600000 -0.999293 -0.037590 -0.640737 0.767761 -1.608395 -0.695458 -0.037590 -0.999293 0.767761 -0.640737 0.141301 56.520446 0.000000 0.895115 200.000000 0.895115 0.000050 0.019980 -1.000000 0.011061 200.000000 0.011061 0.367889 147.155529 0.707107 -21.767884 200.000000 -21.767884 0.440498 176.199047 -0.707107 28.299663 200.000000 28.299663
 18.800000 -0.999735 -0.023024 -0.662457 0.749100 -1.593822 -0.724094 -0.023024 -0.999735 0.749100 -0.662457 0.053008 21.203373 0.000000 0.895115 200.000000 0.895115 0.000007 0.002811 -1.000000 0.011061 200.000000 0.011061 0.176345 70.537987 0.707107 -21.767884 200.000000 -21.767884 0.199363 79.745278 -0.707107 28.299663 200.000000 28.299663
 19.000000 -0.999983 0.005756 -0.666603 0.745413 -1.565040 -0.729642 0.005756 -0.999983 0.745413 -0.666603 0.003313 1.325354 0.000000 0.895115 200.000000 0.895115 0.000000 0.000011 -1.000000 0.011061 200.000000 0.011061 0.146737 58.694706 0.707107 -21.767884 200.000000 -21.767884 0.164056 65.622554 -0.707107 28.299663 200.000000 28.299663
 19.200000 -0.999837 -0.018049 -0.703085 0.711106 -1.588846 -0.779727 -0.018049 -0.999837 0.711106 -0.703085 0.032575 13.030157 0.000000 0.895115 200.000000 0.895115 0.000003 0.001061 -1.000000 0.011061 200.000000 0.011061 0.001599 0.639629 0.707107 -21.767884 200.000000 -21.767884 0.001617 0.646926 -0.707107 28.299663 200.000000 28.299663
 19.400000 -0.992123 0.125271 -0.700860 0.713299 -1.445195 -0.776602 0.125271 -0.992123 0.713299 -0.700860 1.569281 627.712359 0.000000 0.895115 200.000000 0.895115 0.006205 2.482157 -1.000000 0.011061 200.000000 0.011061 0.003835 1.533876 0.707107 -21.767884 200.000000 -21.767884 0.003903 1.561100 -0.707107 28.299663 200.000000 28.299663
 19.600000 -0.999743 0.022662 -0.707836 0.706377 -1.548133 -0.786430 0.022662 -0.999743 0.706377 -0.707836 0.051355 20.542050 0.000000 0.895115 200.000000 0.895115 0.000007 0.002638 -1.000000 0.011061 200.000000 0.011061 0.000053 0.021326 0.707107 -21.767884 200.000000 -21.767884 0.000053 0.021282 -0.707107 28.299663 200.000000 28.299663
 19.800000 -0.999021 -0.044238 -0.817010 0.576624 -1.615049 -0.956206 -0.044238 -0.999021 0.576624 -0.817010 0.195700 78.279871 0.000000 0.895115 200.000000 0.895115 0.000096 0.038336 -1.000000 0.011061 200.000000 0.011061 1.702576 681.030567 0.707107 -21.767884 200.000000 -21.767884 1.207864 483.145783 -0.707107 28.299663 200.000000 28.299663
 20.000000 -0.998878 0.047363 -0.685273 0.728287 -1.523416 -0.754978 0.047363 -0.998878 0.728287 -0.685273 0.224326 89.730294 0.000000 0.895115 200.000000 0.895115 0.000126 0.050379 -1.000000 0.011061 200.000000 0.011061 0.044859 17.943439 0.707107 -21.767884 200.000000 -21.767884 0.047673 19.069196 -0.707107 28.299663 200.000000 28.299663
