#! FIELDS time sin_phi cos_phi sin_psi cos_psi phi psi cos_phi sin_phi cos_psi sin_psi restraint_phi_cos.bias restraint_phi_cos.force2 restraint_phi_cos.cos_phi_cntr restraint_phi_cos.cos_phi_work restraint_phi_cos.cos_phi_kappa restraint_phi_cos.work restraint_phi_sin.bias restraint_phi_sin.force2 restraint_phi_sin.sin_phi_cntr restraint_phi_sin.sin_phi_work restraint_phi_sin.sin_phi_kappa restraint_phi_sin.work restraint_psi_cos.bias restraint_psi_cos.force2 restraint_psi_cos.cos_psi_cntr restraint_psi_cos.cos_psi_work restraint_psi_cos.cos_psi_kappa restraint_psi_cos.work restraint_psi_sin.bias restraint_psi_sin.force2 restraint_psi_sin.sin_psi_cntr restraint_psi_sin.sin_psi_work restraint_psi_sin.sin_psi_kappa restraint_psi_sin.work
#! SET min_phi -pi
#! SET max_phi pi
#! SET min_psi -pi
#! SET max_psi pi
 0.000000 -0.999983 -0.005782 0.966116 0.258110 -1.576579 1.309731 -0.005782 -0.999983 0.258110 0.966116 0.000000 0.000000 -0.009747 0.000000 0.000000 0.000000 0.000000 0.000000 -0.999953 0.000000 0.000000 0.000000 0.000000 0.000000 0.256142 0.000000 0.000000 0.000000 0.000000 0.000000 0.966639 0.000000 0.000000 0.000000
 0.200000 -1.000000 -0.000267 0.834656 0.550772 -1.571063 0.987508 -0.000267 -1.000000 0.550772 0.834656 0.000899 0.035948 -0.009747 0.429323 20.000000 0.429323 0.000000 0.000001 -0.999953 0.008204 20.000000 0.008204 0.868064 34.722547 0.256142 0.437490 20.000000 0.437490 0.174195 6.967810 0.966639 0.079184 20.000000 0.079184
 0.400000 -0.998238 0.059344 0.982966 0.183785 -1.511417 1.385960 0.059344 -0.998238 0.183785 0.982966 0.095470 7.637587 -0.009747 0.576154 40.000000 0.576154 0.000059 0.004705 -0.999953 0.009175 40.000000 0.009175 0.104710 8.376839 0.256142 0.652617 40.000000 0.652617 0.005332 0.426530 0.966639 0.103851 40.000000 0.103851
 0.600000 -0.997906 0.064680 0.969721 0.244216 -1.506071 1.324085 0.064680 -0.997906 0.244216 0.969721 0.166180 19.941551 -0.009747 0.652741 60.000000 0.652741 0.000126 0.015077 -0.999953 0.009549 60.000000 0.009549 0.004267 0.512065 0.256142 0.812944 60.000000 0.812944 0.000285 0.034191 0.966639 0.126977 60.000000 0.126977
 0.800000 -0.999998 0.001902 0.948093 0.317994 -1.568894 1.247184 0.001902 -0.999998 0.317994 0.948093 0.005427 0.868381 -0.009747 0.745441 80.000000 0.745441 0.000000 0.000013 -0.999953 0.009931 80.000000 0.009931 0.153024 24.483797 0.256142 0.870390 80.000000 0.870390 0.013759 2.201368 0.966639 0.131254 80.000000 0.131254
 1.000000 -0.997908 -0.064646 0.983715 0.179737 -1.635487 1.390077 -0.064646 -0.997908 0.179737 0.983715 0.150695 30.139069 -0.009747 0.830208 100.000000 0.830208 0.000209 0.041788 -0.999953 0.010215 100.000000 0.010215 0.291889 58.377783 0.256142 0.906284 100.000000 0.906284 0.014579 2.915772 0.966639 0.133898 100.000000 0.133898
 1.200000 -0.998639 0.052161 0.985238 0.171190 -1.518612 1.398759 0.052161 -0.998639 0.171190 0.985238 0.229952 55.188547 -0.009747 0.926072 120.000000 0.926072 0.000104 0.024856 -0.999953 0.010632 120.000000 0.010632 0.433013 103.923142 0.256142 0.991996 120.000000 0.991996 0.020755 4.981260 0.966639 0.141236 120.000000 0.141236
 1.400000 -0.999100 0.042415 0.979964 0.199175 -1.528369 1.370280 0.042415 -0.999100 0.199175 0.979964 0.190458 53.328269 -0.009747 0.960907 140.000000 0.960907 0.000051 0.014242 -0.999953 0.010712 140.000000 0.010712 0.227170 63.607668 0.256142 1.092918 140.000000 1.092918 0.012429 3.480030 0.966639 0.149508 140.000000 0.149508
 1.600000 -0.999952 0.009799 0.961483 0.274866 -1.560997 1.292347 0.009799 -0.999952 0.274866 0.961483 0.030562 9.779977 -0.009747 1.006971 160.000000 1.006971 0.000000 0.000000 -0.999953 0.010844 160.000000 0.010844 0.028044 8.974219 0.256142 1.162367 160.000000 1.162367 0.002127 0.680659 0.966639 0.156235 160.000000 0.156235
 1.800000 -0.999845 -0.017625 0.970413 0.241453 -1.588422 1.326934 -0.017625 -0.999845 0.241453 0.970413 0.005586 2.010870 -0.009747 1.052368 180.000000 1.052368 0.000001 0.000377 -0.999953 0.010933 180.000000 0.010933 0.019421 6.991447 0.256142 1.193858 180.000000 1.193858 0.001282 0.461357 0.966639 0.158887 180.000000 0.158887
 2.000000 -0.986780 0.162067 0.941411 0.337263 -1.408011 1.226789 0.162067 -0.986780 0.337263 0.941411 2.951990 1180.796033 -0.009747 1.082555 200.000000 1.082555 0.017352 6.940857 -0.999953 0.011018 200.000000 0.011018 0.658048 263.219125 0.256142 1.220872 200.000000 1.220872 0.063647 25.458942 0.966639 0.161486 200.000000 0.161486
 2.200000 -0.985207 0.171371 0.871116 0.491077 -1.398575 1.057470 0.171371 -0.985207 0.491077 0.871116 0.827137 330.854750 0.080424 0.797159 200.000000 0.797159 0.048797 19.518803 -0.963117 0.121755 200.000000 0.121755 2.226074 890.429616 0.341877 1.085697 200.000000 1.085697 0.213281 85.312487 0.917298 0.218418 200.000000 0.218418
 2.400000 -0.980787 0.195081 0.851004 0.525159 -1.374456 1.017894 0.195081 -0.980787 0.525159 0.851004 0.059963 23.985262 0.170594 0.444914 200.000000 0.444914 0.297095 118.838128 -0.926281 0.441144 200.000000 0.441144 0.951553 380.621104 0.427612 0.901345 200.000000 0.901345 0.028743 11.497045 0.867958 0.427799 200.000000 0.427799
 2.600000 -0.993064 0.117572 0.800855 0.598858 -1.452952 0.928722 0.117572 -0.993064 0.598858 0.800855 2.050407 820.162630 0.260764 0.392476 200.000000 0.392476 1.073704 429.481753 -0.889445 0.927688 200.000000 0.927688 0.731222 292.488670 0.513346 0.523665 200.000000 0.523665 0.031547 12.618915 0.818617 0.651261 200.000000 0.651261
 2.800000 -0.949767 0.312957 0.775294 0.631600 -1.252492 0.887181 0.312957 -0.949767 0.631600 0.775294 0.144229 57.691768 0.350934 0.320661 200.000000 0.320661 0.943979 377.591791 -0.852609 1.497464 200.000000 1.497464 0.105750 42.299974 0.599081 0.382237 200.000000 0.382237 0.003622 1.448683 0.769276 0.933988 200.000000 0.933988
 3.000000 -0.911130 0.412120 0.731384 0.681966 -1.146017 0.820349 0.412120 -0.911130 0.681966 0.731384 0.084010 33.603925 0.441105 0.219613 200.000000 0.219613 0.909290 363.715994 -0.815773 2.089795 200.000000 2.089795 0.000812 0.324893 0.684816 0.164453 200.000000 0.164453 0.013107 5.242904 0.719935 1.022116 200.000000 1.022116
 3.200000 -0.883759 0.467943 0.730958 0.682423 -1.083835 0.819724 0.467943 -0.883759 0.682423 0.730958 0.401097 160.438831 0.531275 0.285354 200.000000 0.285354 1.098765 439.505977 -0.778937 2.653174 200.000000 2.653174 0.060929 24.371606 0.707107 0.205735 200.000000 0.205735 0.056886 22.754288 0.707107 1.049724 200.000000 1.049724
 3.400000 -0.788521 0.615008 0.712712 0.701457 -0.908400 0.793357 0.615008 -0.788521 0.701457 0.712712 0.004143 1.657288 0.621445 0.737177 200.000000 0.737177 0.215479 86.191636 -0.742101 3.172018 200.000000 3.172018 0.003192 1.276777 0.707107 0.205735 200.000000 0.205735 0.003142 1.256615 0.707107 1.049724 200.000000 1.049724
 3.600000 -0.703197 0.710995 0.688427 0.725305 -0.779884 0.759318 0.710995 -0.703197 0.725305 0.688427 0.001512 0.604837 0.707107 1.291028 200.000000 1.291028 0.001529 0.611544 -0.707107 3.515508 200.000000 3.515508 0.033119 13.247613 0.707107 0.205735 200.000000 0.205735 0.034893 13.957024 0.707107 1.049724 200.000000 1.049724
 3.800000 -0.656840 0.754030 0.679184 0.733968 -0.716620 0.746650 0.754030 -0.656840 0.733968 0.679184 0.220178 88.071209 0.707107 1.291028 200.000000 1.291028 0.252674 101.069647 -0.707107 3.515508 200.000000 3.515508 0.072153 28.861266 0.707107 0.205735 200.000000 0.205735 0.077969 31.187450 0.707107 1.049724 200.000000 1.049724
 4.000000 -0.756320 0.654201 0.761925 0.647665 -0.857670 0.866281 0.654201 -0.756320 0.647665 0.761925 0.279898 111.959331 0.707107 1.291028 200.000000 1.291028 0.242198 96.879287 -0.707107 3.515508 200.000000 3.515508 0.353334 141.333517 0.707107 0.205735 200.000000 0.205735 0.300507 120.202863 0.707107 1.049724 200.000000 1.049724
 4.200000 -0.781168 0.624321 0.738247 0.674531 -0.896534 0.830468 0.624321 -0.781168 0.674531 0.738247 0.685342 274.136980 0.707107 1.291028 200.000000 1.291028 0.548501 219.400230 -0.707107 3.515508 200.000000 3.515508 0.106121 42.448439 0.707107 0.205735 200.000000 0.205735 0.096971 38.788372 0.707107 1.049724 200.000000 1.049724
 4.400000 -0.656788 0.754075 0.736693 0.676228 -0.716552 0.828166 0.754075 -0.656788 0.676228 0.736693 0.220601 88.240517 0.707107 1.291028 200.000000 1.291028 0.253195 101.277878 -0.707107 3.515508 200.000000 3.515508 0.095352 38.140703 0.707107 0.205735 200.000000 0.205735 0.087533 35.013003 0.707107 1.049724 200.000000 1.049724
 4.600000 -0.700446 0.713706 0.724797 0.688963 -0.776022 0.810740 0.713706 -0.700446 0.688963 0.724797 0.004355 1.741810 0.707107 1.291028 200.000000 1.291028 0.004437 1.774782 -0.707107 3.515508 200.000000 3.515508 0.032921 13.168439 0.707107 0.205735 200.000000 0.205735 0.031294 12.517590 0.707107 1.049724 200.000000 1.049724
 4.800000 -0.755484 0.655167 0.715460 0.698654 -0.856393 0.797282 0.655167 -0.755484 0.698654 0.715460 0.269776 107.910282 0.707107 1.291028 200.000000 1.291028 0.234038 93.615062 -0.707107 3.515508 200.000000 3.515508 0.007145 2.857912 0.707107 0.205735 200.000000 0.205735 0.006977 2.790787 0.707107 1.049724 200.000000 1.049724
 5.000000 -0.726600 0.687061 0.796920 0.604085 -0.813360 0.922179 0.687061 -0.726600 0.604085 0.796920 0.040184 16.073726 0.707107 1.291028 200.000000 1.291028 0.037998 15.199379 -0.707107 3.515508 200.000000 3.515508 1.061355 424.541885 0.707107 0.205735 200.000000 0.205735 0.806643 322.657367 0.707107 1.049724 200.000000 1.049724
 5.200000 -0.682241 0.731127 0.750327 0.661067 -0.750824 0.848556 0.731127 -0.682241 0.661067 0.750327 0.057697 23.078859 0.707107 1.291028 200.000000 1.291028 0.061829 24.731539 -0.707107 3.515508 200.000000 3.515508 0.211965 84.786045 0.707107 0.205735 200.000000 0.205735 0.186797 74.718724 0.707107 1.049724 200.000000 1.049724
 5.400000 -0.722864 0.690990 0.733465 0.679727 -0.807939 0.823406 0.690990 -0.722864 0.679727 0.733465 0.025975 10.390094 0.707107 1.291028 200.000000 1.291028 0.024830 9.932061 -0.707107 3.515508 200.000000 3.515508 0.074967 29.986696 0.707107 0.205735 200.000000 0.205735 0.069478 27.791193 0.707107 1.049724 200.000000 1.049724
 5.600000 -0.744934 0.667139 0.727183 0.686443 -0.840435 0.814210 0.667139 -0.744934 0.686443 0.727183 0.159745 63.898128 0.707107 1.291028 200.000000 1.291028 0.143087 57.234691 -0.707107 3.515508 200.000000 3.515508 0.042697 17.078984 0.707107 0.205735 200.000000 0.205735 0.040306 16.122535 0.707107 1.049724 200.000000 1.049724
 5.800000 -0.785206 0.619234 0.719517 0.694475 -0.903029 0.803106 0.619234 -0.785206 0.694475 0.719517 0.772154 308.861613 0.707107 1.291028 200.000000 1.291028 0.609951 243.980273 -0.707107 3.515508 200.000000 3.515508 0.015956 6.382455 0.707107 0.205735 200.000000 0.205735 0.015401 6.160357 0.707107 1.049724 200.000000 1.049724
 6.000000 -0.742294 0.670075 0.649563 0.760308 -0.836487 0.707009 0.670075 -0.742294 0.760308 0.649563 0.137137 54.854850 0.707107 1.291028 200.000000 1.291028 0.123811 49.524563 -0.707107 3.515508 200.000000 3.515508 0.283038 113.215334 0.707107 0.205735 200.000000 0.205735 0.331133 132.453388 0.707107 1.049724 200.000000 1.049724
 6.200000 -0.769866 0.638206 0.690856 0.722992 -0.878631 0.762673 0.638206 -0.769866 0.722992 0.690856 0.474733 189.893182 0.707107 1.291028 200.000000 1.291028 0.393868 157.547327 -0.707107 3.515508 200.000000 3.515508 0.025234 10.093666 0.707107 0.205735 200.000000 0.205735 0.026408 10.563056 0.707107 1.049724 200.000000 1.049724
 6.400000 -0.765734 0.643158 0.761127 0.648602 -0.872182 0.865050 0.643158 -0.765734 0.648602 0.761127 0.408950 163.580186 0.707107 1.291028 200.000000 1.291028 0.343714 137.485456 -0.707107 3.515508 200.000000 3.515508 0.342277 136.910771 0.707107 0.205735 200.000000 0.205735 0.291823 116.729322 0.707107 1.049724 200.000000 1.049724
 6.600000 -0.789562 0.613671 0.729762 0.683702 -0.910095 0.817973 0.613671 -0.789562 0.683702 0.729762 0.873022 349.208879 0.707107 1.291028 200.000000 1.291028 0.679882 271.952851 -0.707107 3.515508 200.000000 3.515508 0.054779 21.911734 0.707107 0.205735 200.000000 0.205735 0.051324 20.529461 0.707107 1.049724 200.000000 1.049724
 6.800000 -0.735353 0.677684 0.670726 0.741705 -0.826188 0.735187 0.677684 -0.735353 0.741705 0.670726 0.086569 34.627677 0.707107 1.291028 200.000000 1.291028 0.079786 31.914223 -0.707107 3.515508 200.000000 3.515508 0.119706 47.882501 0.707107 0.205735 200.000000 0.205735 0.132357 52.942942 0.707107 1.049724 200.000000 1.049724
 7.000000 -0.765231 0.643755 0.724443 0.689334 -0.871401 0.810226 0.643755 -0.765231 0.689334 0.724443 0.401340 160.535924 0.707107 1.291028 200.000000 1.291028 0.337846 135.138535 -0.707107 3.515508 200.000000 3.515508 0.031586 12.634249 0.707107 0.205735 200.000000 0.205735 0.030055 12.022137 0.707107 1.049724 200.000000 1.049724
 7.200000 -0.752890 0.658146 0.684663 0.728860 -0.852442 0.754141 0.658146 -0.752890 0.728860 0.684663 0.239711 95.884555 0.707107 1.291028 200.000000 1.291028 0.209610 83.843872 -0.707107 3.515508 200.000000 3.515508 0.047319 18.927787 0.707107 0.205735 200.000000 0.205735 0.050373 20.149011 0.707107 1.049724 200.000000 1.049724
 7.400000 -0.782186 0.623046 0.709024 0.705184 -0.898166 0.788114 0.623046 -0.782186 0.705184 0.709024 0.706629 282.651753 0.707107 1.291028 200.000000 1.291028 0.563682 225.472984 -0.707107 3.515508 200.000000 3.515508 0.000370 0.147866 0.707107 0.205735 200.000000 0.205735 0.000368 0.147066 0.707107 1.049724 200.000000 1.049724
 7.600000 -0.734485 0.678625 0.726826 0.686821 -0.824907 0.813690 0.678625 -0.734485 0.686821 0.726826 0.081119 32.447771 0.707107 1.291028 200.000000 1.291028 0.074955 29.981892 -0.707107 3.515508 200.000000 3.515508 0.041150 16.460140 0.707107 0.205735 200.000000 0.205735 0.038886 15.554513 0.707107 1.049724 200.000000 1.049724
 7.800000 -0.823598 0.567173 0.683858 0.729615 -0.967727 0.753037 0.567173 -0.823598 0.729615 0.683858 1.958137 783.254712 0.707107 1.291028 200.000000 1.291028 1.357031 542.812327 -0.707107 3.515508 200.000000 3.515508 0.050662 20.264909 0.707107 0.205735 200.000000 0.205735 0.054050 21.620102 0.707107 1.049724 200.000000 1.049724
 8.000000 -0.796502 0.604636 0.672742 0.739877 -0.921487 0.737909 0.604636 -0.796502 0.739877 0.672742 1.050016 420.006421 0.707107 1.291028 200.000000 1.291028 0.799142 319.656968 -0.707107 3.515508 200.000000 3.515508 0.107388 42.955383 0.707107 0.205735 200.000000 0.205735 0.118092 47.236942 0.707107 1.049724 200.000000 1.049724
 8.200000 -0.728996 0.684518 0.706635 0.707578 -0.816854 0.784731 0.684518 -0.728996 0.707578 0.706635 0.051026 20.410231 0.707107 1.291028 200.000000 1.291028 0.047914 19.165543 -0.707107 3.515508 200.000000 3.515508 0.000022 0.008889 0.707107 0.205735 200.000000 0.205735 0.000022 0.008901 0.707107 1.049724 200.000000 1.049724
 8.400000 -0.728479 0.685068 0.713205 0.700955 -0.816099 0.794060 0.685068 -0.728479 0.700955 0.713205 0.048571 19.428506 0.707107 1.291028 200.000000 1.291028 0.045678 18.271257 -0.707107 3.515508 200.000000 3.515508 0.003784 1.513553 0.707107 0.205735 200.000000 0.205735 0.003719 1.487558 0.707107 1.049724 200.000000 1.049724
 8.600000 -0.798547 0.601932 0.703173 0.711019 -0.924878 0.779850 0.601932 -0.798547 0.711019 0.703173 1.106169 442.467769 0.707107 1.291028 200.000000 1.291028 0.836135 334.454034 -0.707107 3.515508 200.000000 3.515508 0.001531 0.612239 0.707107 0.205735 200.000000 0.205735 0.001548 0.619071 0.707107 1.049724 200.000000 1.049724
 8.800000 -0.687974 0.725735 0.753537 0.657405 -0.758694 0.853426 0.725735 -0.687974 0.657405 0.753537 0.034701 13.880305 0.707107 1.291028 200.000000 1.291028 0.036605 14.641867 -0.707107 3.515508 200.000000 3.515508 0.247027 98.810601 0.707107 0.205735 200.000000 0.205735 0.215580 86.232158 0.707107 1.049724 200.000000 1.049724
 9.000000 -0.736701 0.676219 0.721926 0.691970 -0.828178 0.806582 0.676219 -0.736701 0.691970 0.721926 0.095405 38.161846 0.707107 1.291028 200.000000 1.291028 0.087579 35.031596 -0.707107 3.515508 200.000000 3.515508 0.022911 9.164459 0.707107 0.205735 200.000000 0.205735 0.021961 8.784273 0.707107 1.049724 200.000000 1.049724
 9.200000 -0.632642 0.774445 0.667737 0.744397 -0.684959 0.731165 0.774445 -0.632642 0.744397 0.667737 0.453440 181.376188 0.707107 1.291028 200.000000 1.291028 0.554507 221.802978 -0.707107 3.515508 200.000000 3.515508 0.139057 55.622873 0.707107 0.205735 200.000000 0.205735 0.154997 61.998768 0.707107 1.049724 200.000000 1.049724
 9.400000 -0.750929 0.660383 0.765432 0.643517 -0.849467 0.871713 0.660383 -0.750929 0.643517 0.765432 0.218307 87.322908 0.707107 1.291028 200.000000 1.291028 0.192035 76.814024 -0.707107 3.515508 200.000000 3.515508 0.404372 161.748881 0.707107 0.205735 200.000000 0.205735 0.340186 136.074310 0.707107 1.049724 200.000000 1.049724
 9.600000 -0.687238 0.726432 0.741599 0.670843 -0.757680 0.835451 0.726432 -0.687238 0.670843 0.741599 0.037348 14.939290 0.707107 1.291028 200.000000 1.291028 0.039477 15.790972 -0.707107 3.515508 200.000000 3.515508 0.131504 52.601632 0.707107 0.205735 200.000000 0.205735 0.118972 47.588905 0.707107 1.049724 200.000000 1.049724
 9.800000 -0.719402 0.694593 0.727153 0.686475 -0.802942 0.814166 0.694593 -0.719402 0.686475 0.727153 0.015658 6.263349 0.707107 1.291028 200.000000 1.291028 0.015118 6.047386 -0.707107 3.515508 200.000000 3.515508 0.042567 17.026656 0.707107 0.205735 200.000000 0.205735 0.040186 16.074538 0.707107 1.049724 200.000000 1.049724
 10.000000 -0.618512 0.785775 0.711599 0.702586 -0.666847 0.791771 0.785775 -0.618512 0.702586 0.711599 0.618876 247.550443 0.707107 1.291028 200.000000 1.291028 0.784906 313.962374 -0.707107 3.515508 200.000000 3.515508 0.002043 0.817392 0.707107 0.205735 200.000000 0.205735 0.002018 0.807040 0.707107 1.049724 200.000000 1.049724
 10.200000 -0.715839 0.698266 0.636841 0.770995 -0.797825 0.690394 0.698266 -0.715839 0.770995 0.636841 0.007817 3.126684 0.707107 1.291028 200.000000 1.291028 0.007625 3.049933 -0.707107 3.515508 200.000000 3.515508 0.408173 163.269051 0.707107 0.205735 200.000000 0.205735 0.493728 197.491253 0.707107 1.049724 200.000000 1.049724
 10.400000 -0.760173 0.649720 0.727561 0.686043 -0.863580 0.814760 0.649720 -0.760173 0.686043 0.727561 0.329319 131.727714 0.707107 1.291028 200.000000 1.291028 0.281605 112.641970 -0.707107 3.515508 200.000000 3.515508 0.044369 17.747773 0.707107 0.205735 200.000000 0.205735 0.041839 16.735415 0.707107 1.049724 200.000000 1.049724
 10.600000 -0.794479 0.607292 0.706134 0.708078 -0.918149 0.784024 0.607292 -0.794479 0.708078 0.706134 0.996305 398.521952 0.707107 1.291028 200.000000 1.291028 0.763389 305.355744 -0.707107 3.515508 200.000000 3.515508 0.000094 0.037734 0.707107 0.205735 200.000000 0.205735 0.000095 0.037838 0.707107 1.049724 200.000000 1.049724
 10.800000 -0.718577 0.695448 0.605851 0.795578 -0.801754 0.650836 0.695448 -0.718577 0.795578 0.605851 0.013594 5.437454 0.707107 1.291028 200.000000 1.291028 0.013156 5.262459 -0.707107 3.515508 200.000000 3.515508 0.782714 313.085441 0.707107 0.205735 200.000000 0.205735 1.025267 410.106679 0.707107 1.049724 200.000000 1.049724
 11.000000 -0.766288 0.642497 0.699250 0.714877 -0.873044 0.774348 0.642497 -0.766288 0.714877 0.699250 0.417446 166.978481 0.707107 1.291028 200.000000 1.291028 0.350247 140.098786 -0.707107 3.515508 200.000000 3.515508 0.006038 2.415013 0.707107 0.205735 200.000000 0.205735 0.006172 2.468980 0.707107 1.049724 200.000000 1.049724
 11.200000 -0.784600 0.620002 0.651003 0.759075 -0.902051 0.708905 0.620002 -0.784600 0.759075 0.651003 0.758726 303.490369 0.707107 1.291028 200.000000 1.291028 0.600525 240.209839 -0.707107 3.515508 200.000000 3.515508 0.270074 108.029503 0.707107 0.205735 200.000000 0.205735 0.314767 125.906654 0.707107 1.049724 200.000000 1.049724
 11.400000 -0.772982 0.634428 0.636184 0.771537 -0.883528 0.689543 0.634428 -0.772982 0.771537 0.636184 0.528221 211.288394 0.707107 1.291028 200.000000 1.291028 0.433954 173.581713 -0.707107 3.515508 200.000000 3.515508 0.415127 166.050606 0.707107 0.205735 200.000000 0.205735 0.502999 201.199712 0.707107 1.049724 200.000000 1.049724
 11.600000 -0.647124 0.762384 0.664126 0.747620 -0.703807 0.726325 0.762384 -0.647124 0.747620 0.664126 0.305561 122.224427 0.707107 1.291028 200.000000 1.291028 0.359788 143.915075 -0.707107 3.515508 200.000000 3.515508 0.164135 65.654182 0.707107 0.205735 200.000000 0.205735 0.184732 73.892942 0.707107 1.049724 200.000000 1.049724
 11.800000 -0.774318 0.632796 0.660105 0.751173 -0.885637 0.720959 0.632796 -0.774318 0.751173 0.660105 0.552204 220.881581 0.707107 1.291028 200.000000 1.291028 0.451738 180.695336 -0.707107 3.515508 200.000000 3.515508 0.194185 77.674108 0.707107 0.205735 200.000000 0.205735 0.220916 88.366258 0.707107 1.049724 200.000000 1.049724
 12.000000 -0.799826 0.600232 0.700463 0.713689 -0.927005 0.776046 0.600232 -0.799826 0.713689 0.700463 1.142212 456.884890 0.707107 1.291028 200.000000 1.291028 0.859678 343.871236 -0.707107 3.515508 200.000000 3.515508 0.004332 1.732920 0.707107 0.205735 200.000000 0.205735 0.004414 1.765639 0.707107 1.049724 200.000000 1.049724
 12.200000 -0.731557 0.681780 0.682682 0.730715 -0.820603 0.751427 0.681780 -0.731557 0.730715 0.682682 0.064144 25.657672 0.707107 1.291028 200.000000 1.291028 0.059782 23.912901 -0.707107 3.515508 200.000000 3.515508 0.055736 22.294592 0.707107 0.205735 200.000000 0.205735 0.059656 23.862289 0.707107 1.049724 200.000000 1.049724
 12.400000 -0.708976 0.705232 0.723480 0.690346 -0.788046 0.808829 0.705232 -0.708976 0.690346 0.723480 0.000351 0.140539 0.707107 1.291028 200.000000 1.291028 0.000349 0.139797 -0.707107 3.515508 200.000000 3.515508 0.028093 11.237289 0.707107 0.205735 200.000000 0.205735 0.026807 10.722782 0.707107 1.049724 200.000000 1.049724
 12.600000 -0.827511 0.561449 0.724847 0.688910 -0.974661 0.810812 0.561449 -0.827511 0.688910 0.724847 2.121623 848.649397 0.707107 1.291028 200.000000 1.291028 1.449728 579.891352 -0.707107 3.515508 200.000000 3.515508 0.033112 13.244826 0.707107 0.205735 200.000000 0.205735 0.031471 12.588375 0.707107 1.049724 200.000000 1.049724
 12.800000 -0.707500 0.706714 0.722941 0.690909 -0.785954 0.808050 0.706714 -0.707500 0.690909 0.722941 0.000015 0.006181 0.707107 1.291028 200.000000 1.291028 0.000015 0.006174 -0.707107 3.515508 200.000000 3.515508 0.026236 10.494380 0.707107 0.205735 200.000000 0.205735 0.025074 10.029510 0.707107 1.049724 200.000000 1.049724
 13.000000 -0.716902 0.697174 0.679211 0.733943 -0.799348 0.746687 0.697174 -0.716902 0.733943 0.679211 0.009866 3.946314 0.707107 1.291028 200.000000 1.291028 0.009594 3.837729 -0.707107 3.515508 200.000000 3.515508 0.072019 28.807554 0.707107 0.205735 200.000000 0.205735 0.077818 31.127115 0.707107 1.049724 200.000000 1.049724
 13.200000 -0.747709 0.664026 0.681865 0.731478 -0.844606 0.750309 0.664026 -0.747709 0.731478 0.681865 0.185594 74.237526 0.707107 1.291028 200.000000 1.291028 0.164857 65.942655 -0.707107 3.515508 200.000000 3.515508 0.059397 23.758729 0.707107 0.205735 200.000000 0.205735 0.063716 25.486345 0.707107 1.049724 200.000000 1.049724
 13.400000 -0.777354 0.629064 0.731026 0.682349 -0.890448 0.819825 0.629064 -0.777354 0.682349 0.731026 0.609069 243.627487 0.707107 1.291028 200.000000 1.291028 0.493461 197.384467 -0.707107 3.515508 200.000000 3.515508 0.061293 24.517265 0.707107 0.205735 200.000000 0.205735 0.057214 22.885666 0.707107 1.049724 200.000000 1.049724
 13.600000 -0.807167 0.590323 0.713117 0.701045 -0.939338 0.793934 0.590323 -0.807167 0.701045 0.713117 1.363856 545.542532 0.707107 1.291028 200.000000 1.291028 1.001214 400.485638 -0.707107 3.515508 200.000000 3.515508 0.003674 1.469795 0.707107 0.205735 200.000000 0.205735 0.003612 1.444915 0.707107 1.049724 200.000000 1.049724
 13.800000 -0.704684 0.709521 0.656223 0.754567 -0.781978 0.715802 0.709521 -0.704684 0.754567 0.656223 0.000583 0.233149 0.707107 1.291028 200.000000 1.291028 0.000587 0.234749 -0.707107 3.515508 200.000000 3.515508 0.225247 90.098720 0.707107 0.205735 200.000000 0.205735 0.258915 103.566100 0.707107 1.049724 200.000000 1.049724
 14.000000 -0.738961 0.673748 0.650977 0.759097 -0.831527 0.708871 0.673748 -0.738961 0.759097 0.650977 0.111280 44.511816 0.707107 1.291028 200.000000 1.291028 0.101469 40.587672 -0.707107 3.515508 200.000000 3.515508 0.270300 108.120009 0.707107 0.205735 200.000000 0.205735 0.315051 126.020589 0.707107 1.049724 200.000000 1.049724
 14.200000 -0.745379 0.666640 0.746486 0.665401 -0.841104 0.842766 0.666640 -0.745379 0.665401 0.746486 0.163752 65.500999 0.707107 1.291028 200.000000 1.291028 0.146480 58.591893 -0.707107 3.515508 200.000000 3.515508 0.173940 69.576079 0.707107 0.205735 200.000000 0.205735 0.155076 62.030258 0.707107 1.049724 200.000000 1.049724
 14.400000 -0.712438 0.701735 0.689521 0.724266 -0.792967 0.760827 0.701735 -0.712438 0.724266 0.689521 0.002886 1.154379 0.707107 1.291028 200.000000 1.291028 0.002843 1.137036 -0.707107 3.515508 200.000000 3.515508 0.029444 11.777595 0.707107 0.205735 200.000000 0.205735 0.030927 12.370892 0.707107 1.049724 200.000000 1.049724
 14.600000 -0.714304 0.699835 0.726164 0.687521 -0.795629 0.812726 0.699835 -0.714304 0.687521 0.726164 0.005287 2.114995 0.707107 1.291028 200.000000 1.291028 0.005180 2.072155 -0.707107 3.515508 200.000000 3.515508 0.038359 15.343481 0.707107 0.205735 200.000000 0.205735 0.036318 14.527276 0.707107 1.049724 200.000000 1.049724
 14.800000 -0.769843 0.638233 0.679556 0.733624 -0.878595 0.747157 0.638233 -0.769843 0.733624 0.679556 0.474357 189.742734 0.707107 1.291028 200.000000 1.291028 0.393584 157.433720 -0.707107 3.515508 200.000000 3.515508 0.070314 28.125793 0.707107 0.205735 200.000000 0.205735 0.075905 30.361871 0.707107 1.049724 200.000000 1.049724
 15.000000 -0.770197 0.637806 0.683279 0.730157 -0.879150 0.752245 0.637806 -0.770197 0.730157 0.683279 0.480257 192.102609 0.707107 1.291028 200.000000 1.291028 0.398036 159.214319 -0.707107 3.515508 200.000000 3.515508 0.053131 21.252528 0.707107 0.205735 200.000000 0.205735 0.056774 22.709767 0.707107 1.049724 200.000000 1.049724
 15.200000 -0.752907 0.658127 0.714320 0.699820 -0.852469 0.795651 0.658127 -0.752907 0.699820 0.714320 0.239906 95.962475 0.707107 1.291028 200.000000 1.291028 0.209769 83.907565 -0.707107 3.515508 200.000000 3.515508 0.005310 2.124110 0.707107 0.205735 200.000000 0.205735 0.005202 2.080995 0.707107 1.049724 200.000000 1.049724
 15.400000 -0.763979 0.645241 0.700431 0.713720 -0.869458 0.776001 0.645241 -0.763979 0.713720 0.700431 0.382743 153.097025 0.707107 1.291028 200.000000 1.291028 0.323450 129.379962 -0.707107 3.515508 200.000000 3.515508 0.004374 1.749454 0.707107 0.205735 200.000000 0.205735 0.004457 1.782644 0.707107 1.049724 200.000000 1.049724
 15.600000 -0.699442 0.714689 0.743706 0.668507 -0.774617 0.838597 0.714689 -0.699442 0.668507 0.743706 0.005749 2.299543 0.707107 1.291028 200.000000 1.291028 0.005874 2.349666 -0.707107 3.515508 200.000000 3.515508 0.148994 59.597630 0.707107 0.205735 200.000000 0.205735 0.133949 53.579593 0.707107 1.049724 200.000000 1.049724
 15.800000 -0.743796 0.668406 0.722147 0.691740 -0.838732 0.806900 0.668406 -0.743796 0.691740 0.722147 0.149773 59.909367 0.707107 1.291028 200.000000 1.291028 0.134613 53.845230 -0.707107 3.515508 200.000000 3.515508 0.023614 9.445424 0.707107 0.205735 200.000000 0.205735 0.022620 9.047807 0.707107 1.049724 200.000000 1.049724
 16.000000 -0.711126 0.703065 0.673855 0.738863 -0.791098 0.739414 0.703065 -0.711126 0.738863 0.673855 0.001634 0.653564 0.707107 1.291028 200.000000 1.291028 0.001615 0.646155 -0.707107 3.515508 200.000000 3.515508 0.100849 40.339476 0.707107 0.205735 200.000000 0.205735 0.110567 44.226803 0.707107 1.049724 200.000000 1.049724
 16.200000 -0.738239 0.674540 0.694925 0.719083 -0.830456 0.768315 0.674540 -0.738239 0.719083 0.694925 0.106063 42.425000 0.707107 1.291028 200.000000 1.291028 0.096920 38.767900 -0.707107 3.515508 200.000000 3.515508 0.014342 5.736876 0.707107 0.205735 200.000000 0.205735 0.014841 5.936281 0.707107 1.049724 200.000000 1.049724
 16.400000 -0.714991 0.699134 0.701135 0.713029 -0.796611 0.776987 0.699134 -0.714991 0.713029 0.701135 0.006357 2.542902 0.707107 1.291028 200.000000 1.291028 0.006216 2.486507 -0.707107 3.515508 200.000000 3.515508 0.003507 1.402908 0.707107 0.205735 200.000000 0.205735 0.003567 1.426707 0.707107 1.049724 200.000000 1.049724
 16.600000 -0.770306 0.637675 0.712723 0.701446 -0.879321 0.793372 0.637675 -0.770306 0.701446 0.712723 0.482084 192.833408 0.707107 1.291028 200.000000 1.291028 0.399413 159.765122 -0.707107 3.515508 200.000000 3.515508 0.003204 1.281772 0.707107 0.205735 200.000000 0.205735 0.003154 1.261493 0.707107 1.049724 200.000000 1.049724
 16.800000 -0.742471 0.669879 0.695141 0.718873 -0.836751 0.768616 0.669879 -0.742471 0.718873 0.695141 0.138594 55.437676 0.707107 1.291028 200.000000 1.291028 0.125061 50.024271 -0.707107 3.515508 200.000000 3.515508 0.013845 5.537930 0.707107 0.205735 200.000000 0.205735 0.014317 5.726966 0.707107 1.049724 200.000000 1.049724
 17.000000 -0.721803 0.692099 0.659340 0.751845 -0.806403 0.719940 0.692099 -0.721803 0.751845 0.659340 0.022524 9.009417 0.707107 1.291028 200.000000 1.291028 0.021597 8.638740 -0.707107 3.515508 200.000000 3.515508 0.200153 80.061302 0.707107 0.205735 200.000000 0.205735 0.228171 91.268204 0.707107 1.049724 200.000000 1.049724
 17.200000 -0.735917 0.677071 0.737162 0.675716 -0.827021 0.828861 0.677071 -0.735917 0.675716 0.737162 0.090213 36.085189 0.707107 1.291028 200.000000 1.291028 0.083005 33.202111 -0.707107 3.515508 200.000000 3.515508 0.098537 39.414866 0.707107 0.205735 200.000000 0.205735 0.090331 36.132433 0.707107 1.049724 200.000000 1.049724
 17.400000 -0.747008 0.664815 0.720589 0.693363 -0.843551 0.804651 0.664815 -0.747008 0.693363 0.720589 0.178863 71.545234 0.707107 1.291028 200.000000 1.291028 0.159214 63.685639 -0.707107 3.515508 200.000000 3.515508 0.018889 7.555712 0.707107 0.205735 200.000000 0.205735 0.018176 7.270291 0.707107 1.049724 200.000000 1.049724
 17.600000 -0.780595 0.625038 0.664366 0.747407 -0.895617 0.726646 0.625038 -0.780595 0.747407 0.664366 0.673537 269.414609 0.707107 1.291028 200.000000 1.291028 0.540048 216.019063 -0.707107 3.515508 200.000000 3.515508 0.162411 64.964421 0.707107 0.205735 200.000000 0.205735 0.182674 73.069584 0.707107 1.049724 200.000000 1.049724
 17.800000 -0.726468 0.687200 0.743922 0.668267 -0.813168 0.838920 0.687200 -0.726468 0.668267 0.743922 0.039627 15.850950 0.707107 1.291028 200.000000 1.291028 0.037486 14.994476 -0.707107 3.515508 200.000000 3.515508 0.150856 60.342487 0.707107 0.205735 200.000000 0.205735 0.135535 54.214121 0.707107 1.049724 200.000000 1.049724
 18.000000 -0.785615 0.618716 0.726553 0.687110 -0.903689 0.813292 0.618716 -0.785615 0.687110 0.726553 0.781296 312.518536 0.707107 1.291028 200.000000 1.291028 0.616352 246.540879 -0.707107 3.515508 200.000000 3.515508 0.039986 15.994363 0.707107 0.205735 200.000000 0.205735 0.037816 15.126396 0.707107 1.049724 200.000000 1.049724
 18.200000 -0.803826 0.594864 0.766113 0.642705 -0.933700 0.872772 0.594864 -0.803826 0.642705 0.766113 1.259840 503.935926 0.707107 1.291028 200.000000 1.291028 0.935465 374.185982 -0.707107 3.515508 200.000000 3.515508 0.414753 165.901242 0.707107 0.205735 200.000000 0.205735 0.348178 139.271115 0.707107 1.049724 200.000000 1.049724
 18.400000 -0.736499 0.676438 0.746913 0.664922 -0.827880 0.843407 0.676438 -0.736499 0.664922 0.746913 0.094055 37.622078 0.707107 1.291028 200.000000 1.291028 0.086392 34.556685 -0.707107 3.515508 200.000000 3.515508 0.177958 71.183118 0.707107 0.205735 200.000000 0.205735 0.158454 63.381517 0.707107 1.049724 200.000000 1.049724
 18.600000 -0.748852 0.662738 0.744202 0.667955 -0.846328 0.839339 0.662738 -0.748852 0.667955 0.744202 0.196862 78.744968 0.707107 1.291028 200.000000 1.291028 0.174264 69.705540 -0.707107 3.515508 200.000000 3.515508 0.153285 61.314107 0.707107 0.205735 200.000000 0.205735 0.137602 55.040900 0.707107 1.049724 200.000000 1.049724
 18.800000 -0.753655 0.657270 0.710426 0.703772 -0.853605 0.790103 0.657270 -0.753655 0.703772 0.710426 0.248369 99.347547 0.707107 1.291028 200.000000 1.291028 0.216674 86.669655 -0.707107 3.515508 200.000000 3.515508 0.001112 0.444792 0.707107 0.205735 200.000000 0.205735 0.001102 0.440627 0.707107 1.049724 200.000000 1.049724
 19.000000 -0.761655 0.647982 0.719430 0.694565 -0.865864 0.802981 0.647982 -0.761655 0.694565 0.719430 0.349570 139.827928 0.707107 1.291028 200.000000 1.291028 0.297555 119.021854 -0.707107 3.515508 200.000000 3.515508 0.015729 6.291604 0.707107 0.205735 200.000000 0.205735 0.015185 6.074191 0.707107 1.049724 200.000000 1.049724
 19.200000 -0.711783 0.702400 0.730715 0.682682 -0.792033 0.819369 0.702400 -0.711783 0.682682 0.730715 0.002215 0.886178 0.707107 1.291028 200.000000 1.291028 0.002186 0.874497 -0.707107 3.515508 200.000000 3.515508 0.059655 23.862008 0.707107 0.205735 200.000000 0.205735 0.055736 22.294339 0.707107 1.049724 200.000000 1.049724
 19.400000 -0.776204 0.630481 0.713800 0.700350 -0.888623 0.794909 0.630481 -0.776204 0.700350 0.713800 0.587147 234.858864 0.707107 1.291028 200.000000 1.291028 0.477449 190.979662 -0.707107 3.515508 200.000000 3.515508 0.004566 1.826352 0.707107 0.205735 200.000000 0.205735 0.004480 1.791939 0.707107 1.049724 200.000000 1.049724
 19.600000 -0.764261 0.644908 0.710078 0.704123 -0.869894 0.789609 0.644908 -0.764261 0.704123 0.710078 0.386874 154.749660 0.707107 1.291028 200.000000 1.291028 0.326656 130.662233 -0.707107 3.515508 200.000000 3.515508 0.000890 0.356099 0.707107 0.205735 200.000000 0.205735 0.000883 0.353113 0.707107 1.049724 200.000000 1.049724
 19.800000 -0.736516 0.676420 0.712666 0.701504 -0.827906 0.793291 0.676420 -0.736516 0.701504 0.712666 0.094169 37.667744 0.707107 1.291028 200.000000 1.291028 0.086492 34.596881 -0.707107 3.515508 200.000000 3.515508 0.003140 1.255858 0.707107 0.205735 200.000000 0.205735 0.003090 1.236188 0.707107 1.049724 200.000000 1.049724
 20.000000 -0.719356 0.694641 0.642448 0.766329 -0.802875 0.697689 0.694641 -0.719356 0.766329 0.642448 0.015539 6.215668 0.707107 1.291028 200.000000 1.291028 0.015005 6.002145 -0.707107 3.515508 200.000000 3.515508 0.350729 140.291439 0.707107 0.205735 200.000000 0.205735 0.418073 167.229354 0.707107 1.049724 200.000000 1.049724
