#! FIELDS time sin_phi cos_phi sin_psi cos_psi phi psi cos_phi sin_phi cos_psi sin_psi restraint_phi_cos.bias restraint_phi_cos.force2 restraint_phi_cos.cos_phi_cntr restraint_phi_cos.cos_phi_work restraint_phi_cos.cos_phi_kappa restraint_phi_cos.work restraint_phi_sin.bias restraint_phi_sin.force2 restraint_phi_sin.sin_phi_cntr restraint_phi_sin.sin_phi_work restraint_phi_sin.sin_phi_kappa restraint_phi_sin.work restraint_psi_cos.bias restraint_psi_cos.force2 restraint_psi_cos.cos_psi_cntr restraint_psi_cos.cos_psi_work restraint_psi_cos.cos_psi_kappa restraint_psi_cos.work restraint_psi_sin.bias restraint_psi_sin.force2 restraint_psi_sin.sin_psi_cntr restraint_psi_sin.sin_psi_work restraint_psi_sin.sin_psi_kappa restraint_psi_sin.work
#! SET min_phi -pi
#! SET max_phi pi
#! SET min_psi -pi
#! SET max_psi pi
 0.000000 -0.999983 -0.005782 0.966116 0.258110 -1.576579 1.309731 -0.005782 -0.999983 0.258110 0.966116 0.000000 0.000000 -0.009747 0.000000 0.000000 0.000000 0.000000 0.000000 -0.999953 0.000000 0.000000 0.000000 0.000000 0.000000 0.256142 0.000000 0.000000 0.000000 0.000000 0.000000 0.966639 0.000000 0.000000 0.000000
 0.200000 -1.000000 -0.000266 0.834655 0.550773 -1.571062 0.987506 -0.000266 -1.000000 0.550773 0.834655 0.000899 0.035954 -0.009747 0.429322 20.000000 0.429322 0.000000 0.000001 -0.999953 0.008204 20.000000 0.008204 0.868072 34.722866 0.256142 0.437494 20.000000 0.437494 0.174198 6.967905 0.966639 0.079186 20.000000 0.079186
 0.400000 -0.998238 0.059333 0.982968 0.183778 -1.511428 1.385968 0.059333 -0.998238 0.183778 0.982968 0.095441 7.635246 -0.009747 0.576151 40.000000 0.576151 0.000059 0.004702 -0.999953 0.009175 40.000000 0.009175 0.104733 8.378618 0.256142 0.652620 40.000000 0.652620 0.005333 0.426605 0.966639 0.103852 40.000000 0.103852
 0.600000 -0.997905 0.064690 0.969721 0.244216 -1.506061 1.324085 0.064690 -0.997905 0.244216 0.969721 0.166224 19.946879 -0.009747 0.652738 60.000000 0.652738 0.000126 0.015086 -0.999953 0.009549 60.000000 0.009549 0.004267 0.512080 0.256142 0.812949 60.000000 0.812949 0.000285 0.034192 0.966639 0.126978 60.000000 0.126978
 0.800000 -0.999998 0.001894 0.948099 0.317975 -1.568902 1.247203 0.001894 -0.999998 0.317975 0.948099 0.005420 0.867200 -0.009747 0.745440 80.000000 0.745440 0.000000 0.000013 -0.999953 0.009931 80.000000 0.009931 0.152931 24.469032 0.256142 0.870396 80.000000 0.870396 0.013749 2.199883 0.966639 0.131256 80.000000 0.131256
 1.000000 -0.997905 -0.064690 0.983714 0.179740 -1.635531 1.390074 -0.064690 -0.997905 0.179740 0.983714 0.150938 30.187619 -0.009747 0.830208 100.000000 0.830208 0.000210 0.041905 -0.999953 0.010215 100.000000 0.010215 0.291867 58.373466 0.256142 0.906296 100.000000 0.906296 0.014578 2.915595 0.966639 0.133900 100.000000 0.133900
 1.200000 -0.998628 0.052357 0.985226 0.171262 -1.518415 1.398686 0.052357 -0.998628 0.171262 0.985226 0.231412 55.538994 -0.009747 0.926095 120.000000 0.926095 0.000105 0.025246 -0.999953 0.010633 120.000000 0.010633 0.432282 103.747643 0.256142 0.992025 120.000000 0.992025 0.020727 4.974582 0.966639 0.141240 120.000000 0.141240
 1.400000 -0.999098 0.042471 0.979939 0.199299 -1.528313 1.370154 0.042471 -0.999098 0.199299 0.979939 0.190866 53.442499 -0.009747 0.960898 140.000000 0.960898 0.000051 0.014321 -0.999953 0.010712 140.000000 0.010712 0.226180 63.330420 0.256142 1.092945 140.000000 1.092945 0.012382 3.466844 0.966639 0.149518 140.000000 0.149518
 1.600000 -0.999952 0.009779 0.961528 0.274706 -1.561018 1.292512 0.009779 -0.999952 0.274706 0.961528 0.030498 9.759450 -0.009747 1.007093 160.000000 1.007093 0.000000 0.000000 -0.999953 0.010845 160.000000 0.010845 0.027570 8.822428 0.256142 1.162447 160.000000 1.162447 0.002090 0.668714 0.966639 0.156254 160.000000 0.156254
 1.800000 -0.999816 -0.019191 0.970209 0.242271 -1.589988 1.326090 -0.019191 -0.999816 0.242271 0.970209 0.008027 2.889774 -0.009747 1.051966 180.000000 1.051966 0.000002 0.000605 -0.999953 0.010933 180.000000 0.010933 0.017316 6.233938 0.256142 1.193883 180.000000 1.193883 0.001147 0.412811 0.966639 0.158912 180.000000 0.158912
 2.000000 -0.987451 0.157923 0.943128 0.332430 -1.412209 1.231917 0.157923 -0.987451 0.332430 0.943128 2.811311 1124.524500 -0.009747 1.081900 200.000000 1.081900 0.015628 6.251093 -0.999953 0.011013 200.000000 0.011013 0.581986 232.794469 0.256142 1.219741 200.000000 1.219741 0.055278 22.111200 0.966639 0.161373 200.000000 0.161373
 2.200000 -0.992914 0.118836 0.894344 0.447380 -1.451679 1.106962 0.118836 -0.992914 0.447380 0.894344 0.837237 334.894983 0.027335 0.948858 200.000000 0.948858 0.420809 168.323774 -0.928044 0.490094 200.000000 0.490094 2.648410 1059.364106 0.284641 1.126078 200.000000 1.126078 0.006130 2.452136 0.886514 0.608962 200.000000 0.608962
 2.400000 -0.998148 0.060833 0.899767 0.436371 -1.509926 1.119235 0.060833 -0.998148 0.436371 0.899767 0.001284 0.513709 0.064417 0.718140 200.000000 0.718140 2.016749 806.699412 -0.856136 1.982645 200.000000 1.982645 1.518595 607.437939 0.313140 0.899069 200.000000 0.899069 0.871939 348.775605 0.806389 2.050874 200.000000 2.050874
 2.600000 -1.000000 0.000404 0.812247 0.583314 -1.570393 0.947994 0.000404 -1.000000 0.583314 0.812247 1.022018 408.807365 0.101499 0.512230 200.000000 0.512230 4.655784 1862.313551 -0.784227 4.442846 200.000000 4.442846 5.840704 2336.281677 0.341638 0.500767 200.000000 0.500767 0.739301 295.720413 0.726264 4.396309 200.000000 4.396309
 2.800000 -0.992919 0.118792 0.874273 0.485434 -1.451724 1.063937 0.118792 -0.992919 0.485434 0.874273 0.039159 15.663699 0.138580 0.253312 200.000000 0.253312 7.873657 3149.462695 -0.712319 7.848842 200.000000 7.848842 1.329336 531.734532 0.370137 -0.045657 200.000000 -0.045657 5.204517 2081.806949 0.646139 7.648323 200.000000 7.648323
 3.000000 -0.985422 0.170125 0.817395 0.576077 -1.399839 0.956875 0.170125 -0.985422 0.576077 0.817395 0.003065 1.226144 0.175662 -0.250778 200.000000 -0.250778 11.903328 4761.331146 -0.640410 12.111545 200.000000 12.111545 3.148544 1259.417468 0.398636 -0.912592 200.000000 -0.912592 6.319243 2527.697279 0.566014 11.436500 200.000000 11.436500
 3.200000 -0.954450 0.298371 0.837847 0.545905 -1.267811 0.993328 0.298371 -0.954450 0.545905 0.837847 0.733207 293.282655 0.212744 -0.876513 200.000000 -0.876513 14.895580 5958.232164 -0.568502 17.184651 200.000000 17.184651 1.410640 564.255980 0.427135 -2.066933 200.000000 -2.066933 12.387435 4954.973801 0.485889 15.587502 200.000000 15.587502
 3.400000 -0.928772 0.370652 0.651626 0.758541 -1.191085 0.709726 0.370652 -0.928772 0.758541 0.651626 1.459912 583.964755 0.249825 -1.729720 200.000000 -1.729720 18.677798 7471.119319 -0.496594 22.957110 200.000000 22.957110 9.175283 3670.113108 0.455633 -3.553693 200.000000 -3.553693 6.044791 2417.916472 0.405764 19.788516 200.000000 19.788516
 3.600000 -0.809653 0.586909 0.465392 0.885105 -0.943561 0.484077 0.586909 -0.809653 0.885105 0.465392 9.000118 3600.047315 0.286907 -3.112692 200.000000 -3.112692 14.820019 5928.007602 -0.424685 29.077863 200.000000 29.077863 16.077930 6431.171920 0.484132 -5.325083 200.000000 -5.325083 1.953071 781.228413 0.325639 23.888808 200.000000 23.888808
 3.800000 -0.764238 0.644935 0.418449 0.908240 -0.869859 0.431737 0.644935 -0.764238 0.908240 0.418449 10.300634 4120.253697 0.323989 -4.919697 200.000000 -4.919697 16.930012 6772.004904 -0.352777 35.453908 200.000000 35.453908 15.650695 6260.278026 0.512631 -7.412298 200.000000 -7.412298 2.990646 1196.258223 0.245514 27.277519 200.000000 27.277519
 4.000000 -0.763757 0.645504 0.297477 0.954729 -0.869114 0.302049 0.645504 -0.763757 0.954729 0.297477 8.090240 3236.096098 0.361070 -7.157746 200.000000 -7.157746 23.318151 9327.260374 -0.280868 41.750754 200.000000 41.750754 17.106459 6842.583524 0.541129 -9.753849 200.000000 -9.753849 1.744725 697.889896 0.165389 29.509469 200.000000 29.509469
 4.200000 -0.652581 0.757719 0.135270 0.990809 -0.710986 0.135686 0.757719 -0.652581 0.990809 0.135270 12.928849 5171.539704 0.398152 -10.118356 200.000000 -10.118356 19.679953 7871.981318 -0.208960 47.156329 200.000000 47.156329 17.739327 7095.730615 0.569628 -12.142398 200.000000 -12.142398 0.250055 100.021852 0.085264 30.762924 200.000000 30.762924
 4.400000 -0.479148 0.877734 -0.013894 0.999903 -0.499684 -0.013895 0.877734 -0.479148 0.999903 -0.013894 19.580657 7832.262974 0.435234 -13.368948 200.000000 -13.368948 11.703012 4681.204658 -0.137052 51.962540 200.000000 51.962540 16.142459 6456.983659 0.598127 -14.488311 200.000000 -14.488311 0.036228 14.491194 0.005139 31.279380 200.000000 31.279380
 4.600000 -0.103614 0.994618 -0.093673 0.995603 -0.103801 -0.093811 0.994618 -0.103614 0.995603 -0.093673 27.279959 10911.983799 0.472315 -17.116767 200.000000 -17.116767 0.148004 59.201641 -0.065143 54.202314 200.000000 54.202314 13.614447 5445.778890 0.626625 -16.673833 200.000000 -16.673833 0.034924 13.969640 -0.074985 31.067516 200.000000 31.067516
 4.800000 -0.072780 0.997348 -0.166230 0.986087 -0.072844 -0.167006 0.997348 -0.072780 0.986087 -0.166230 23.809618 9523.847160 0.509397 -20.845077 200.000000 -20.845077 0.632746 253.098534 0.006765 54.652396 200.000000 54.652396 10.953644 4381.457652 0.655124 -18.571287 200.000000 -18.571287 0.012365 4.946028 -0.155110 29.504971 200.000000 29.504971
 5.000000 0.156180 0.987729 -0.288439 0.957498 0.156822 -0.292596 0.987729 0.156180 0.957498 -0.288439 19.470154 7788.061599 0.546479 -24.291817 200.000000 -24.291817 0.600717 240.286846 0.078674 54.451695 200.000000 54.451695 7.500782 3000.312922 0.683623 -20.169851 200.000000 -20.169851 0.283061 113.224320 -0.235235 27.686313 200.000000 27.686313
 5.200000 0.357065 0.934079 -0.419171 0.907907 0.365124 -0.432532 0.934079 0.357065 0.907907 -0.419171 12.286360 4914.543809 0.583560 -27.166486 200.000000 -27.166486 4.263532 1705.412991 0.150582 52.165321 200.000000 52.165321 3.833205 1533.281819 0.712121 -21.498921 200.000000 -21.498921 1.077671 431.068505 -0.315360 26.326677 200.000000 26.326677
 5.400000 0.417085 0.908867 -0.343161 0.939277 0.430236 -0.350280 0.908867 0.417085 0.939277 -0.343161 8.307378 3322.951254 0.620642 -29.507602 200.000000 -29.507602 3.786718 1514.687362 0.222491 49.353977 200.000000 49.353977 3.946442 1578.576683 0.740620 -22.448504 200.000000 -22.448504 0.273786 109.514220 -0.395485 24.879158 200.000000 24.879158
 5.600000 0.462348 0.886698 -0.504871 0.863195 0.480642 -0.529233 0.886698 0.462348 0.863195 -0.504871 5.242941 2097.176494 0.657724 -31.471416 200.000000 -31.471416 2.820697 1128.278725 0.294399 46.998353 200.000000 46.998353 0.885027 354.010649 0.769119 -23.065073 200.000000 -23.065073 0.085620 34.248043 -0.475610 23.855116 200.000000 23.855116
 5.800000 0.620730 0.784024 -0.587729 0.809058 0.669674 -0.628249 0.784024 0.620730 0.809058 -0.587729 0.795998 318.399215 0.694805 -32.863187 200.000000 -32.863187 6.473106 2589.242395 0.366307 44.585927 200.000000 44.585927 0.013089 5.235483 0.797618 -23.361392 200.000000 -23.361392 0.102358 40.943093 -0.555735 23.392058 200.000000 23.392058
 6.000000 0.587760 0.809035 -0.650341 0.759643 0.628287 -0.708033 0.809035 0.587760 0.759643 -0.650341 0.595184 238.073505 0.731887 -33.744169 200.000000 -33.744169 2.236352 894.540723 0.438216 42.434623 200.000000 42.434623 0.243782 97.512821 0.809017 -23.335807 200.000000 -23.335807 0.391318 156.527115 -0.587785 23.152256 200.000000 23.152256
 6.200000 0.612747 0.790279 -0.611243 0.791443 0.659532 -0.657631 0.790279 0.612747 0.791443 -0.611243 0.045412 18.164853 0.768969 -34.227238 200.000000 -34.227238 1.053151 421.260328 0.510124 41.005024 200.000000 41.005024 0.030885 12.354159 0.809017 -23.335807 200.000000 -23.335807 0.055028 22.011196 -0.587785 23.152256 200.000000 23.152256
 6.400000 0.653839 0.756633 -0.570105 0.821572 0.712648 -0.606633 0.756633 0.653839 0.821572 -0.570105 0.244205 97.682173 0.806050 -34.201279 200.000000 -34.201279 0.515623 206.249076 0.582033 39.991881 200.000000 39.991881 0.015763 6.305302 0.809017 -23.335807 200.000000 -23.335807 0.031261 12.504333 -0.587785 23.152256 200.000000 23.152256
 6.600000 0.643623 0.765343 -0.607519 0.794305 0.699223 -0.652933 0.765343 0.643623 0.794305 -0.607519 0.190745 76.297885 0.809017 -34.181257 200.000000 -34.181257 0.311786 124.714303 0.587785 39.936819 200.000000 39.936819 0.021643 8.657320 0.809017 -23.335807 200.000000 -23.335807 0.038941 15.576447 -0.587785 23.152256 200.000000 23.152256
 6.800000 0.595948 0.803023 -0.616866 0.787068 0.638446 -0.664755 0.803023 0.595948 0.787068 -0.616866 0.003593 1.437264 0.809017 -34.181257 200.000000 -34.181257 0.006664 2.665509 0.587785 39.936819 200.000000 39.936819 0.048175 19.270165 0.809017 -23.335807 200.000000 -23.335807 0.084570 33.827878 -0.587785 23.152256 200.000000 23.152256
 7.000000 0.581575 0.813493 -0.669407 0.742896 0.620663 -0.733410 0.813493 0.581575 0.742896 -0.669407 0.002003 0.801335 0.809017 -34.181257 200.000000 -34.181257 0.003857 1.542738 0.587785 39.936819 200.000000 39.936819 0.437198 174.879303 0.809017 -23.335807 200.000000 -23.335807 0.666208 266.483237 -0.587785 23.152256 200.000000 23.152256
 7.200000 0.596189 0.802844 -0.644102 0.764939 0.638746 -0.699849 0.802844 0.596189 0.764939 -0.644102 0.003811 1.524235 0.809017 -34.181257 200.000000 -34.181257 0.007063 2.825027 0.587785 39.936819 200.000000 39.936819 0.194285 77.714089 0.809017 -23.335807 200.000000 -23.335807 0.317163 126.865276 -0.587785 23.152256 200.000000 23.152256
 7.400000 0.572249 0.820080 -0.566203 0.824266 0.609246 -0.601892 0.820080 0.572249 0.824266 -0.566203 0.012238 4.895354 0.809017 -34.181257 200.000000 -34.181257 0.024137 9.654639 0.587785 39.936819 200.000000 39.936819 0.023252 9.300783 0.809017 -23.335807 200.000000 -23.335807 0.046578 18.631128 -0.587785 23.152256 200.000000 23.152256
 7.600000 0.642481 0.766301 -0.542988 0.839740 0.697732 -0.573991 0.766301 0.642481 0.839740 -0.542988 0.182463 72.985205 0.809017 -34.181257 200.000000 -34.181257 0.299167 119.666609 0.587785 39.936819 200.000000 39.936819 0.094393 37.757312 0.809017 -23.335807 200.000000 -23.335807 0.200680 80.271911 -0.587785 23.152256 200.000000 23.152256
 7.800000 0.695696 0.718336 -0.583933 0.811802 0.769388 -0.623565 0.718336 0.695696 0.811802 -0.583933 0.822300 328.919948 0.809017 -34.181257 200.000000 -34.181257 1.164475 465.789910 0.587785 39.936819 200.000000 39.936819 0.000775 0.310181 0.809017 -23.335807 200.000000 -23.335807 0.001484 0.593522 -0.587785 23.152256 200.000000 23.152256
 8.000000 0.604583 0.796542 -0.568343 0.822792 0.649242 -0.604491 0.796542 0.604583 0.822792 -0.568343 0.015562 6.224937 0.809017 -34.181257 200.000000 -34.181257 0.028217 11.286692 0.587785 39.936819 200.000000 39.936819 0.018974 7.589646 0.809017 -23.335807 200.000000 -23.335807 0.037800 15.119864 -0.587785 23.152256 200.000000 23.152256
 8.200000 0.631653 0.775252 -0.543890 0.839156 0.683683 -0.575066 0.775252 0.631653 0.839156 -0.543890 0.114011 45.604321 0.809017 -34.181257 200.000000 -34.181257 0.192435 76.974021 0.587785 39.936819 200.000000 39.936819 0.090838 36.335286 0.809017 -23.335807 200.000000 -23.335807 0.192677 77.070923 -0.587785 23.152256 200.000000 23.152256
 8.400000 0.650015 0.759922 -0.534654 0.845071 0.707604 -0.564099 0.759922 0.650015 0.845071 -0.534654 0.241036 96.414355 0.809017 -34.181257 200.000000 -34.181257 0.387251 154.900431 0.587785 39.936819 200.000000 39.936819 0.129989 51.995456 0.809017 -23.335807 200.000000 -23.335807 0.282291 112.916321 -0.587785 23.152256 200.000000 23.152256
 8.600000 0.653723 0.756734 -0.519655 0.854376 0.712494 -0.546447 0.756734 0.653723 0.854376 -0.519655 0.273351 109.340269 0.809017 -34.181257 200.000000 -34.181257 0.434777 173.910750 0.587785 39.936819 200.000000 39.936819 0.205747 82.298609 0.809017 -23.335807 200.000000 -23.335807 0.464175 185.670064 -0.587785 23.152256 200.000000 23.152256
 8.800000 0.604450 0.796643 -0.630204 0.776429 0.649075 -0.681816 0.796643 0.604450 0.776429 -0.630204 0.015311 6.124439 0.809017 -34.181257 200.000000 -34.181257 0.027771 11.108356 0.587785 39.936819 200.000000 39.936819 0.106196 42.478376 0.809017 -23.335807 200.000000 -23.335807 0.179938 71.975348 -0.587785 23.152256 200.000000 23.152256
 9.000000 0.636690 0.771120 -0.605079 0.796165 0.690198 -0.649865 0.771120 0.636690 0.796165 -0.605079 0.143618 57.447388 0.809017 -34.181257 200.000000 -34.181257 0.239166 95.666485 0.587785 39.936819 200.000000 39.936819 0.016516 6.606446 0.809017 -23.335807 200.000000 -23.335807 0.029907 11.962852 -0.587785 23.152256 200.000000 23.152256
 9.200000 0.682303 0.731070 -0.591182 0.806538 0.750908 -0.632523 0.731070 0.682303 0.806538 -0.591182 0.607576 243.030253 0.809017 -34.181257 200.000000 -34.181257 0.893353 357.341311 0.587785 39.936819 200.000000 39.936819 0.000614 0.245744 0.809017 -23.335807 200.000000 -23.335807 0.001154 0.461449 -0.587785 23.152256 200.000000 23.152256
 9.400000 0.693277 0.720671 -0.558821 0.829288 0.766026 -0.592963 0.720671 0.693277 0.829288 -0.558821 0.780494 312.197786 0.809017 -34.181257 200.000000 -34.181257 1.112847 445.138767 0.587785 39.936819 200.000000 39.936819 0.041093 16.437340 0.809017 -23.335807 200.000000 -23.335807 0.083894 33.557756 -0.587785 23.152256 200.000000 23.152256
 9.600000 0.646479 0.762932 -0.461809 0.886980 0.702960 -0.480033 0.762932 0.646479 0.886980 -0.461809 0.212385 84.953890 0.809017 -34.181257 200.000000 -34.181257 0.344496 137.798263 0.587785 39.936819 200.000000 39.936819 0.607817 243.126848 0.809017 -23.335807 200.000000 -23.335807 1.587013 634.805024 -0.587785 23.152256 200.000000 23.152256
 9.800000 0.615875 0.787844 -0.638786 0.769384 0.663496 -0.692920 0.787844 0.615875 0.769384 -0.638786 0.044829 17.931717 0.809017 -34.181257 200.000000 -34.181257 0.078902 31.560834 0.587785 39.936819 200.000000 39.936819 0.157076 62.830554 0.809017 -23.335807 200.000000 -23.335807 0.260112 104.044664 -0.587785 23.152256 200.000000 23.152256
 10.000000 0.604350 0.796719 -0.657361 0.753576 0.648950 -0.717311 0.796719 0.604350 0.753576 -0.657361 0.015124 6.049550 0.809017 -34.181257 200.000000 -34.181257 0.027439 10.975402 0.587785 39.936819 200.000000 39.936819 0.307371 122.948228 0.809017 -23.335807 200.000000 -23.335807 0.484076 193.630341 -0.587785 23.152256 200.000000 23.152256
 10.200000 0.603183 0.797603 -0.646878 0.762593 0.647486 -0.703484 0.797603 0.603183 0.762593 -0.646878 0.013028 5.211208 0.809017 -34.181257 200.000000 -34.181257 0.023709 9.483409 0.587785 39.936819 200.000000 39.936819 0.215516 86.206368 0.809017 -23.335807 200.000000 -23.335807 0.349198 139.679241 -0.587785 23.152256 200.000000 23.152256
 10.400000 0.550498 0.834837 -0.576525 0.817080 0.582960 -0.614469 0.834837 0.550498 0.817080 -0.576525 0.066665 26.666132 0.809017 -34.181257 200.000000 -34.181257 0.139036 55.614211 0.587785 39.936819 200.000000 39.936819 0.006501 2.600223 0.809017 -23.335807 200.000000 -23.335807 0.012680 5.071843 -0.587785 23.152256 200.000000 23.152256
 10.600000 0.620611 0.784118 -0.556618 0.830768 0.669522 -0.590310 0.784118 0.620611 0.830768 -0.556618 0.061995 24.797901 0.809017 -34.181257 200.000000 -34.181257 0.107756 43.102370 0.587785 39.936819 200.000000 39.936819 0.047312 18.924842 0.809017 -23.335807 200.000000 -23.335807 0.097138 38.855083 -0.587785 23.152256 200.000000 23.152256
 10.800000 0.635636 0.771989 -0.572225 0.820097 0.688832 -0.609217 0.771989 0.635636 0.820097 -0.572225 0.137108 54.843239 0.809017 -34.181257 200.000000 -34.181257 0.228970 91.587879 0.587785 39.936819 200.000000 39.936819 0.012276 4.910302 0.809017 -23.335807 200.000000 -23.335807 0.024212 9.684723 -0.587785 23.152256 200.000000 23.152256
 11.000000 0.623732 0.781638 -0.619558 0.784951 0.673508 -0.668179 0.781638 0.623732 0.784951 -0.619558 0.074959 29.983685 0.809017 -34.181257 200.000000 -34.181257 0.129217 51.686604 0.587785 39.936819 200.000000 39.936819 0.057916 23.166501 0.809017 -23.335807 200.000000 -23.335807 0.100948 40.379276 -0.587785 23.152256 200.000000 23.152256
 11.200000 0.633109 0.774063 -0.566377 0.824146 0.685563 -0.602103 0.774063 0.633109 0.824146 -0.566377 0.122178 48.871259 0.809017 -34.181257 200.000000 -34.181257 0.205420 82.168139 0.587785 39.936819 200.000000 39.936819 0.022889 9.155560 0.809017 -23.335807 200.000000 -23.335807 0.045830 18.332009 -0.587785 23.152256 200.000000 23.152256
 11.400000 0.598570 0.801070 -0.565016 0.825080 0.641715 -0.600452 0.801070 0.598570 0.825080 -0.565016 0.006315 2.526013 0.809017 -34.181257 200.000000 -34.181257 0.011632 4.652695 0.587785 39.936819 200.000000 39.936819 0.025802 10.320855 0.809017 -23.335807 200.000000 -23.335807 0.051844 20.737795 -0.587785 23.152256 200.000000 23.152256
 11.600000 0.683602 0.729855 -0.527971 0.849263 0.752686 -0.556209 0.729855 0.683602 0.849263 -0.527971 0.626659 250.663619 0.809017 -34.181257 200.000000 -34.181257 0.918081 367.232283 0.587785 39.936819 200.000000 39.936819 0.161971 64.788595 0.809017 -23.335807 200.000000 -23.335807 0.357780 143.111918 -0.587785 23.152256 200.000000 23.152256
 11.800000 0.650371 0.759617 -0.603679 0.797227 0.708072 -0.648108 0.759617 0.650371 0.797227 -0.603679 0.244037 97.614617 0.809017 -34.181257 200.000000 -34.181257 0.391694 156.677753 0.587785 39.936819 200.000000 39.936819 0.013899 5.559768 0.809017 -23.335807 200.000000 -23.335807 0.025261 10.104569 -0.587785 23.152256 200.000000 23.152256
 12.000000 0.613309 0.789843 -0.567838 0.823141 0.660244 -0.603876 0.789843 0.613309 0.823141 -0.567838 0.036765 14.705877 0.809017 -34.181257 200.000000 -34.181257 0.065147 26.058977 0.587785 39.936819 200.000000 39.936819 0.019948 7.979129 0.809017 -23.335807 200.000000 -23.335807 0.039791 15.916499 -0.587785 23.152256 200.000000 23.152256
 12.200000 0.650871 0.759189 -0.559990 0.828500 0.708731 -0.594373 0.759189 0.650871 0.828500 -0.559990 0.248288 99.315062 0.809017 -34.181257 200.000000 -34.181257 0.397979 159.191407 0.587785 39.936819 200.000000 39.936819 0.037957 15.182736 0.809017 -23.335807 200.000000 -23.335807 0.077259 30.903514 -0.587785 23.152256 200.000000 23.152256
 12.400000 0.576310 0.817231 -0.570445 0.821336 0.614206 -0.607048 0.817231 0.576310 0.821336 -0.570445 0.006747 2.698936 0.809017 -34.181257 200.000000 -34.181257 0.013168 5.267314 0.587785 39.936819 200.000000 39.936819 0.015175 6.069835 0.809017 -23.335807 200.000000 -23.335807 0.030067 12.026791 -0.587785 23.152256 200.000000 23.152256
 12.600000 0.660440 0.750879 -0.606027 0.795444 0.721405 -0.651057 0.750879 0.660440 0.795444 -0.606027 0.338005 135.201933 0.809017 -34.181257 200.000000 -34.181257 0.527871 211.148569 0.587785 39.936819 200.000000 39.936819 0.018423 7.369268 0.809017 -23.335807 200.000000 -23.335807 0.033277 13.310986 -0.587785 23.152256 200.000000 23.152256
 12.800000 0.615732 0.787956 -0.591960 0.805968 0.663314 -0.633488 0.787956 0.615732 0.805968 -0.591960 0.044356 17.742592 0.809017 -34.181257 200.000000 -34.181257 0.078099 31.239776 0.587785 39.936819 200.000000 39.936819 0.000930 0.371953 0.809017 -23.335807 200.000000 -23.335807 0.001743 0.697025 -0.587785 23.152256 200.000000 23.152256
 13.000000 0.556785 0.830656 -0.608129 0.793839 0.590511 -0.653701 0.830656 0.556785 0.793839 -0.608129 0.046827 18.730674 0.809017 -34.181257 200.000000 -34.181257 0.096100 38.439968 0.587785 39.936819 200.000000 39.936819 0.023038 9.215379 0.809017 -23.335807 200.000000 -23.335807 0.041385 16.553972 -0.587785 23.152256 200.000000 23.152256
 13.200000 0.578897 0.815401 -0.638009 0.770029 0.617376 -0.691909 0.815401 0.578897 0.770029 -0.638009 0.004075 1.630001 0.809017 -34.181257 200.000000 -34.181257 0.007900 3.159934 0.587785 39.936819 200.000000 39.936819 0.152004 60.801709 0.809017 -23.335807 200.000000 -23.335807 0.252238 100.895233 -0.587785 23.152256 200.000000 23.152256
 13.400000 0.555749 0.831350 -0.652683 0.757631 0.589264 -0.711121 0.831350 0.555749 0.757631 -0.652683 0.049877 19.950713 0.809017 -34.181257 200.000000 -34.181257 0.102632 41.052738 0.587785 39.936819 200.000000 39.936819 0.264054 105.621636 0.809017 -23.335807 200.000000 -23.335807 0.421176 168.470581 -0.587785 23.152256 200.000000 23.152256
 13.600000 0.590941 0.806715 -0.649626 0.760254 0.632224 -0.707092 0.806715 0.590941 0.760254 -0.649626 0.000530 0.211953 0.809017 -34.181257 200.000000 -34.181257 0.000996 0.398248 0.587785 39.936819 200.000000 39.936819 0.237779 95.111796 0.809017 -23.335807 200.000000 -23.335807 0.382422 152.968740 -0.587785 23.152256 200.000000 23.152256
 13.800000 0.569714 0.821843 -0.576784 0.816897 0.606158 -0.614786 0.821843 0.569714 0.816897 -0.576784 0.016450 6.580134 0.809017 -34.181257 200.000000 -34.181257 0.032656 13.062504 0.587785 39.936819 200.000000 39.936819 0.006209 2.483793 0.809017 -23.335807 200.000000 -23.335807 0.012104 4.841503 -0.587785 23.152256 200.000000 23.152256
 14.000000 0.673527 0.739163 -0.591027 0.806652 0.738970 -0.632332 0.739163 0.673527 0.806652 -0.591027 0.487959 195.183732 0.809017 -34.181257 200.000000 -34.181257 0.735159 294.063727 0.587785 39.936819 200.000000 39.936819 0.000560 0.223815 0.809017 -23.335807 200.000000 -23.335807 0.001051 0.420439 -0.587785 23.152256 200.000000 23.152256
 14.200000 0.692266 0.721642 -0.551186 0.834382 0.764624 -0.583785 0.721642 0.692266 0.834382 -0.551186 0.763431 305.372358 0.809017 -34.181257 200.000000 -34.181257 1.091622 436.648719 0.587785 39.936819 200.000000 39.936819 0.064339 25.735642 0.809017 -23.335807 200.000000 -23.335807 0.133948 53.579085 -0.587785 23.152256 200.000000 23.152256
 14.400000 0.655893 0.754854 -0.545738 0.837956 0.715365 -0.577269 0.754854 0.655893 0.837956 -0.545738 0.293366 117.346381 0.809017 -34.181257 200.000000 -34.181257 0.463869 185.547539 0.587785 39.936819 200.000000 39.936819 0.083747 33.498874 0.809017 -23.335807 200.000000 -23.335807 0.176800 70.720060 -0.587785 23.152256 200.000000 23.152256
 14.600000 0.631892 0.775056 -0.577062 0.816700 0.683992 -0.615127 0.775056 0.631892 0.816700 -0.577062 0.115334 46.133721 0.809017 -34.181257 200.000000 -34.181257 0.194544 77.817764 0.587785 39.936819 200.000000 39.936819 0.005903 2.361249 0.809017 -23.335807 200.000000 -23.335807 0.011498 4.599321 -0.587785 23.152256 200.000000 23.152256
 14.800000 0.632016 0.774955 -0.577855 0.816139 0.684152 -0.616098 0.774955 0.632016 0.816139 -0.577855 0.116022 46.408695 0.809017 -34.181257 200.000000 -34.181257 0.195639 78.255695 0.587785 39.936819 200.000000 39.936819 0.005073 2.029104 0.809017 -23.335807 200.000000 -23.335807 0.009861 3.944258 -0.587785 23.152256 200.000000 23.152256
 15.000000 0.621419 0.783479 -0.542282 0.840196 0.670552 -0.573151 0.783479 0.621419 0.840196 -0.542282 0.065220 26.088027 0.809017 -34.181257 200.000000 -34.181257 0.113120 45.247939 0.587785 39.936819 200.000000 39.936819 0.097215 38.886037 0.809017 -23.335807 200.000000 -23.335807 0.207052 82.820628 -0.587785 23.152256 200.000000 23.152256
 15.200000 0.631050 0.775742 -0.629752 0.776796 0.682906 -0.681234 0.775742 0.631050 0.776796 -0.629752 0.110719 44.287751 0.809017 -34.181257 200.000000 -34.181257 0.187181 74.872201 0.587785 39.936819 200.000000 39.936819 0.103819 41.527625 0.809017 -23.335807 200.000000 -23.335807 0.176123 70.449245 -0.587785 23.152256 200.000000 23.152256
 15.400000 0.644794 0.764357 -0.494731 0.869046 0.700753 -0.517525 0.764357 0.644794 0.869046 -0.494731 0.199455 79.782157 0.809017 -34.181257 200.000000 -34.181257 0.324997 129.998968 0.587785 39.936819 200.000000 39.936819 0.360353 144.141081 0.809017 -23.335807 200.000000 -23.335807 0.865916 346.366548 -0.587785 23.152256 200.000000 23.152256
 15.600000 0.595030 0.803703 -0.545584 0.838056 0.637303 -0.577086 0.803703 0.595030 0.838056 -0.545584 0.002824 1.129465 0.809017 -34.181257 200.000000 -34.181257 0.005249 2.099697 0.587785 39.936819 200.000000 39.936819 0.084327 33.730988 0.809017 -23.335807 200.000000 -23.335807 0.178095 71.238055 -0.587785 23.152256 200.000000 23.152256
 15.800000 0.612402 0.790547 -0.618659 0.785660 0.659095 -0.667034 0.790547 0.612402 0.785660 -0.618659 0.034116 13.646344 0.809017 -34.181257 200.000000 -34.181257 0.060598 24.239366 0.587785 39.936819 200.000000 39.936819 0.054555 21.821999 0.809017 -23.335807 200.000000 -23.335807 0.095316 38.126399 -0.587785 23.152256 200.000000 23.152256
 16.000000 0.611075 0.791572 -0.648119 0.761539 0.657418 -0.705112 0.791572 0.611075 0.761539 -0.648119 0.030431 12.172496 0.809017 -34.181257 200.000000 -34.181257 0.054243 21.697123 0.587785 39.936819 200.000000 39.936819 0.225417 90.166669 0.809017 -23.335807 200.000000 -23.335807 0.364018 145.607271 -0.587785 23.152256 200.000000 23.152256
 16.200000 0.561224 0.827664 -0.631238 0.775589 0.595863 -0.683149 0.827664 0.561224 0.775589 -0.631238 0.034772 13.908798 0.809017 -34.181257 200.000000 -34.181257 0.070552 28.220915 0.587785 39.936819 200.000000 39.936819 0.111743 44.697356 0.809017 -23.335807 200.000000 -23.335807 0.188817 75.526649 -0.587785 23.152256 200.000000 23.152256
 16.400000 0.608032 0.793912 -0.611385 0.791333 0.653579 -0.657809 0.793912 0.608032 0.791333 -0.611385 0.022815 9.125891 0.809017 -34.181257 200.000000 -34.181257 0.040993 16.397378 0.587785 39.936819 200.000000 39.936819 0.031271 12.508296 0.809017 -23.335807 200.000000 -23.335807 0.055694 22.277519 -0.587785 23.152256 200.000000 23.152256
 16.600000 0.647620 0.761963 -0.603763 0.797164 0.704457 -0.648214 0.761963 0.647620 0.797164 -0.603763 0.221405 88.562079 0.809017 -34.181257 200.000000 -34.181257 0.358022 143.208970 0.587785 39.936819 200.000000 39.936819 0.014050 5.620140 0.809017 -23.335807 200.000000 -23.335807 0.025530 10.212036 -0.587785 23.152256 200.000000 23.152256
 16.800000 0.656176 0.754608 -0.587278 0.809385 0.715740 -0.627692 0.754608 0.656176 0.809385 -0.587278 0.296037 118.414757 0.809017 -34.181257 200.000000 -34.181257 0.467732 187.092788 0.587785 39.936819 200.000000 39.936819 0.000014 0.005423 0.809017 -23.335807 200.000000 -23.335807 0.000026 0.010287 -0.587785 23.152256 200.000000 23.152256
 17.000000 0.633265 0.773935 -0.638912 0.769280 0.685764 -0.693083 0.773935 0.633265 0.769280 -0.638912 0.123073 49.229157 0.809017 -34.181257 200.000000 -34.181257 0.206838 82.735355 0.587785 39.936819 200.000000 39.936819 0.157904 63.161562 0.809017 -23.335807 200.000000 -23.335807 0.261394 104.557574 -0.587785 23.152256 200.000000 23.152256
 17.200000 0.646460 0.762948 -0.616297 0.787514 0.702936 -0.664032 0.762948 0.646460 0.787514 -0.616297 0.212238 84.895004 0.809017 -34.181257 200.000000 -34.181257 0.344274 137.709752 0.587785 39.936819 200.000000 39.936819 0.046238 18.495297 0.809017 -23.335807 200.000000 -23.335807 0.081291 32.516497 -0.587785 23.152256 200.000000 23.152256
 17.400000 0.660764 0.750594 -0.596262 0.802790 0.721836 -0.638837 0.750594 0.660764 0.802790 -0.596262 0.341330 136.531862 0.809017 -34.181257 200.000000 -34.181257 0.532592 213.036918 0.587785 39.936819 200.000000 39.936819 0.003878 1.551076 0.809017 -23.335807 200.000000 -23.335807 0.007186 2.874227 -0.587785 23.152256 200.000000 23.152256
 17.600000 0.622779 0.782398 -0.562477 0.826813 0.672290 -0.597378 0.782398 0.622779 0.826813 -0.562477 0.070859 28.343470 0.809017 -34.181257 200.000000 -34.181257 0.122457 48.982840 0.587785 39.936819 200.000000 39.936819 0.031671 12.668217 0.809017 -23.335807 200.000000 -23.335807 0.064053 25.621144 -0.587785 23.152256 200.000000 23.152256
 17.800000 0.659722 0.751510 -0.497668 0.867368 0.720448 -0.520908 0.751510 0.659722 0.867368 -0.497668 0.330704 132.281727 0.809017 -34.181257 200.000000 -34.181257 0.517484 206.993454 0.587785 39.936819 200.000000 39.936819 0.340479 136.191773 0.809017 -23.335807 200.000000 -23.335807 0.812112 324.844830 -0.587785 23.152256 200.000000 23.152256
 18.000000 0.589937 0.807449 -0.578047 0.816003 0.630981 -0.616333 0.807449 0.589937 0.816003 -0.578047 0.000246 0.098295 0.809017 -34.181257 200.000000 -34.181257 0.000463 0.185174 0.587785 39.936819 200.000000 39.936819 0.004881 1.952424 0.809017 -23.335807 200.000000 -23.335807 0.009483 3.793322 -0.587785 23.152256 200.000000 23.152256
 18.200000 0.570311 0.821429 -0.622188 0.782868 0.606885 -0.671534 0.821429 0.570311 0.782868 -0.622188 0.015405 6.161896 0.809017 -34.181257 200.000000 -34.181257 0.030534 12.213421 0.587785 39.936819 200.000000 39.936819 0.068376 27.350344 0.809017 -23.335807 200.000000 -23.335807 0.118352 47.340743 -0.587785 23.152256 200.000000 23.152256
 18.400000 0.645334 0.763901 -0.590802 0.806817 0.701460 -0.632052 0.763901 0.645334 0.806817 -0.590802 0.203548 81.419017 0.809017 -34.181257 200.000000 -34.181257 0.331183 132.473162 0.587785 39.936819 200.000000 39.936819 0.000484 0.193625 0.809017 -23.335807 200.000000 -23.335807 0.000910 0.363942 -0.587785 23.152256 200.000000 23.152256
 18.600000 0.621196 0.783656 -0.577694 0.816254 0.670267 -0.615900 0.783656 0.621196 0.816254 -0.577694 0.064320 25.727978 0.809017 -34.181257 200.000000 -34.181257 0.111625 44.649838 0.587785 39.936819 200.000000 39.936819 0.005237 2.094746 0.809017 -23.335807 200.000000 -23.335807 0.010184 4.073557 -0.587785 23.152256 200.000000 23.152256
 18.800000 0.583152 0.812363 -0.616402 0.787432 0.622603 -0.664165 0.812363 0.583152 0.787432 -0.616402 0.001120 0.447854 0.809017 -34.181257 200.000000 -34.181257 0.002147 0.858695 0.587785 39.936819 200.000000 39.936819 0.046592 18.636952 0.809017 -23.335807 200.000000 -23.335807 0.081891 32.756453 -0.587785 23.152256 200.000000 23.152256
 19.000000 0.665504 0.746394 -0.571207 0.820806 0.728169 -0.607976 0.746394 0.665504 0.820806 -0.571207 0.392164 156.865596 0.809017 -34.181257 200.000000 -34.181257 0.604025 241.610151 0.587785 39.936819 200.000000 39.936819 0.013898 5.559022 0.809017 -23.335807 200.000000 -23.335807 0.027483 10.993040 -0.587785 23.152256 200.000000 23.152256
 19.200000 0.605634 0.795743 -0.682485 0.730899 0.650562 -0.751158 0.795743 0.605634 0.730899 -0.682485 0.017619 7.047671 0.809017 -34.181257 200.000000 -34.181257 0.031858 12.743239 0.587785 39.936819 200.000000 39.936819 0.610237 244.094642 0.809017 -23.335807 200.000000 -23.335807 0.896809 358.723699 -0.587785 23.152256 200.000000 23.152256
 19.400000 0.601175 0.799117 -0.587959 0.808890 0.644971 -0.628534 0.799117 0.601175 0.808890 -0.587959 0.009800 3.920133 0.809017 -34.181257 200.000000 -34.181257 0.017929 7.171511 0.587785 39.936819 200.000000 39.936819 0.000002 0.000640 0.809017 -23.335807 200.000000 -23.335807 0.000003 0.001212 -0.587785 23.152256 200.000000 23.152256
 19.600000 0.637797 0.770205 -0.586689 0.809812 0.691634 -0.626964 0.770205 0.637797 0.809812 -0.586689 0.150638 60.255204 0.809017 -34.181257 200.000000 -34.181257 0.250113 100.045199 0.587785 39.936819 200.000000 39.936819 0.000063 0.025307 0.809017 -23.335807 200.000000 -23.335807 0.000120 0.048078 -0.587785 23.152256 200.000000 23.152256
 19.800000 0.676248 0.736674 -0.599811 0.800142 0.742657 -0.643265 0.736674 0.676248 0.800142 -0.599811 0.523349 209.339752 0.809017 -34.181257 200.000000 -34.181257 0.782565 313.025823 0.587785 39.936819 200.000000 39.936819 0.007877 3.150813 0.809017 -23.335807 200.000000 -23.335807 0.014462 5.784726 -0.587785 23.152256 200.000000 23.152256
 20.000000 0.647393 0.762157 -0.522933 0.852374 0.704158 -0.550288 0.762157 0.647393 0.852374 -0.522933 0.219588 87.835217 0.809017 -34.181257 200.000000 -34.181257 0.355302 142.120980 0.587785 39.936819 200.000000 39.936819 0.187983 75.193180 0.809017 -23.335807 200.000000 -23.335807 0.420586 168.234321 -0.587785 23.152256 200.000000 23.152256
