#! FIELDS time sin_phi cos_phi sin_psi cos_psi phi psi cos_phi sin_phi cos_psi sin_psi restraint_phi_cos.bias restraint_phi_cos.force2 restraint_phi_cos.cos_phi_cntr restraint_phi_cos.cos_phi_work restraint_phi_cos.cos_phi_kappa restraint_phi_cos.work restraint_phi_sin.bias restraint_phi_sin.force2 restraint_phi_sin.sin_phi_cntr restraint_phi_sin.sin_phi_work restraint_phi_sin.sin_phi_kappa restraint_phi_sin.work restraint_psi_cos.bias restraint_psi_cos.force2 restraint_psi_cos.cos_psi_cntr restraint_psi_cos.cos_psi_work restraint_psi_cos.cos_psi_kappa restraint_psi_cos.work restraint_psi_sin.bias restraint_psi_sin.force2 restraint_psi_sin.sin_psi_cntr restraint_psi_sin.sin_psi_work restraint_psi_sin.sin_psi_kappa restraint_psi_sin.work
#! SET min_phi -pi
#! SET max_phi pi
#! SET min_psi -pi
#! SET max_psi pi
 0.000000 -0.999983 -0.005782 0.966116 0.258110 -1.576579 1.309731 -0.005782 -0.999983 0.258110 0.966116 0.000000 0.000000 -0.009747 0.000000 0.000000 0.000000 0.000000 0.000000 -0.999953 0.000000 0.000000 0.000000 0.000000 0.000000 0.256142 0.000000 0.000000 0.000000 0.000000 0.000000 0.966639 0.000000 0.000000 0.000000
 0.200000 -1.000000 -0.000267 0.834656 0.550772 -1.571063 0.987508 -0.000267 -1.000000 0.550772 0.834656 0.000899 0.035948 -0.009747 0.429323 20.000000 0.429323 0.000000 0.000001 -0.999953 0.008204 20.000000 0.008204 0.868064 34.722547 0.256142 0.437490 20.000000 0.437490 0.174195 6.967810 0.966639 0.079184 20.000000 0.079184
 0.400000 -0.998238 0.059344 0.982966 0.183785 -1.511417 1.385960 0.059344 -0.998238 0.183785 0.982966 0.095470 7.637587 -0.009747 0.576154 40.000000 0.576154 0.000059 0.004705 -0.999953 0.009175 40.000000 0.009175 0.104710 8.376839 0.256142 0.652617 40.000000 0.652617 0.005332 0.426530 0.966639 0.103851 40.000000 0.103851
 0.600000 -0.997906 0.064680 0.969721 0.244216 -1.506071 1.324085 0.064680 -0.997906 0.244216 0.969721 0.166180 19.941551 -0.009747 0.652741 60.000000 0.652741 0.000126 0.015077 -0.999953 0.009549 60.000000 0.009549 0.004267 0.512065 0.256142 0.812944 60.000000 0.812944 0.000285 0.034191 0.966639 0.126977 60.000000 0.126977
 0.800000 -0.999998 0.001902 0.948093 0.317994 -1.568894 1.247184 0.001902 -0.999998 0.317994 0.948093 0.005427 0.868381 -0.009747 0.745441 80.000000 0.745441 0.000000 0.000013 -0.999953 0.009931 80.000000 0.009931 0.153024 24.483797 0.256142 0.870390 80.000000 0.870390 0.013759 2.201368 0.966639 0.131254 80.000000 0.131254
 1.000000 -0.997908 -0.064646 0.983715 0.179737 -1.635487 1.390077 -0.064646 -0.997908 0.179737 0.983715 0.150695 30.139069 -0.009747 0.830208 100.000000 0.830208 0.000209 0.041788 -0.999953 0.010215 100.000000 0.010215 0.291889 58.377783 0.256142 0.906284 100.000000 0.906284 0.014579 2.915772 0.966639 0.133898 100.000000 0.133898
 1.200000 -0.998639 0.052161 0.985238 0.171190 -1.518612 1.398759 0.052161 -0.998639 0.171190 0.985238 0.229952 55.188547 -0.009747 0.926072 120.000000 0.926072 0.000104 0.024856 -0.999953 0.010632 120.000000 0.010632 0.433013 103.923142 0.256142 0.991996 120.000000 0.991996 0.020755 4.981260 0.966639 0.141236 120.000000 0.141236
 1.400000 -0.999100 0.042415 0.979964 0.199175 -1.528369 1.370280 0.042415 -0.999100 0.199175 0.979964 0.190458 53.328269 -0.009747 0.960907 140.000000 0.960907 0.000051 0.014242 -0.999953 0.010712 140.000000 0.010712 0.227170 63.607668 0.256142 1.092918 140.000000 1.092918 0.012429 3.480030 0.966639 0.149508 140.000000 0.149508
 1.600000 -0.999952 0.009799 0.961483 0.274866 -1.560997 1.292347 0.009799 -0.999952 0.274866 0.961483 0.030562 9.779977 -0.009747 1.006971 160.000000 1.006971 0.000000 0.000000 -0.999953 0.010844 160.000000 0.010844 0.028044 8.974219 0.256142 1.162367 160.000000 1.162367 0.002127 0.680659 0.966639 0.156235 160.000000 0.156235
 1.800000 -0.999845 -0.017625 0.970413 0.241453 -1.588422 1.326934 -0.017625 -0.999845 0.241453 0.970413 0.005586 2.010870 -0.009747 1.052368 180.000000 1.052368 0.000001 0.000377 -0.999953 0.010933 180.000000 0.010933 0.019421 6.991447 0.256142 1.193858 180.000000 1.193858 0.001282 0.461357 0.966639 0.158887 180.000000 0.158887
 2.000000 -0.986780 0.162067 0.941411 0.337263 -1.408011 1.226789 0.162067 -0.986780 0.337263 0.941411 2.951990 1180.796033 -0.009747 1.082555 200.000000 1.082555 0.017352 6.940857 -0.999953 0.011018 200.000000 0.011018 0.658048 263.219125 0.256142 1.220872 200.000000 1.220872 0.063647 25.458942 0.966639 0.161486 200.000000 0.161486
 2.200000 -0.992116 0.125320 0.890122 0.455722 -1.445146 1.097614 0.125320 -0.992116 0.455722 0.890122 0.736981 294.792435 0.039473 0.914740 200.000000 0.914740 0.381086 152.434273 -0.930384 0.456844 200.000000 0.456844 2.509101 1003.640558 0.297320 1.106954 200.000000 1.106954 0.000537 0.214966 0.887804 0.574828 200.000000 0.574828
 2.400000 -0.995023 0.099642 0.891021 0.453962 -1.470989 1.099589 0.099642 -0.995023 0.453962 0.891021 0.011990 4.796151 0.088692 0.613307 200.000000 0.613307 1.801164 720.465727 -0.860816 1.826660 200.000000 1.826660 1.333202 533.280662 0.338498 0.815923 200.000000 0.815923 0.673248 269.299069 0.808969 1.878878 200.000000 1.878878
 2.600000 -0.999745 0.022600 0.795439 0.606034 -1.548194 0.919732 0.022600 -0.999745 0.606034 0.795439 1.329657 531.862645 0.137911 0.334879 200.000000 0.334879 4.347100 1738.839907 -0.791248 4.074513 200.000000 4.074513 5.123799 2049.519783 0.379676 0.219068 200.000000 0.219068 0.426469 170.587658 0.730134 3.886532 200.000000 3.886532
 2.800000 -0.978384 0.206799 0.810459 0.585795 -1.362495 0.944935 0.206799 -0.978384 0.585795 0.810459 0.038684 15.473403 0.187130 -0.031742 200.000000 -0.031742 6.589708 2635.883253 -0.721679 7.132930 200.000000 7.132930 2.720585 1088.234055 0.420853 -0.524859 200.000000 -0.524859 2.533177 1013.270995 0.651299 6.687183 200.000000 6.687183
 3.000000 -0.974987 0.222262 0.802558 0.596575 -1.346662 0.931570 0.222262 -0.974987 0.596575 0.802558 0.019846 7.938442 0.236350 -0.700686 200.000000 -0.700686 10.424891 4169.956359 -0.652111 10.907508 200.000000 10.907508 1.810200 724.079963 0.462031 -1.690583 200.000000 -1.690583 5.294277 2117.710926 0.572465 9.818452 200.000000 9.818452
 3.200000 -0.907539 0.419968 0.762893 0.646525 -1.137386 0.867776 0.419968 -0.907539 0.646525 0.762893 1.806306 722.522251 0.285569 -1.689138 200.000000 -1.689138 10.562263 4224.905130 -0.582543 15.257953 200.000000 15.257953 2.053941 821.576560 0.503209 -3.217495 200.000000 -3.217495 7.250283 2900.113230 0.493630 13.070006 200.000000 13.070006
 3.400000 -0.899773 0.436359 0.583453 0.812147 -1.119248 0.622974 0.436359 -0.899773 0.812147 0.583453 1.031669 412.667607 0.334788 -2.889380 200.000000 -2.889380 14.961282 5984.512919 -0.512974 20.137246 200.000000 20.137246 7.169548 2867.819196 0.544386 -5.134749 200.000000 -5.134749 2.844574 1137.829483 0.414795 16.140103 200.000000 16.140103
 3.600000 -0.832123 0.554592 0.401963 0.915656 -0.982924 0.413659 0.554592 -0.832123 0.915656 0.401963 2.909903 1163.961120 0.384007 -4.672139 200.000000 -4.672139 15.110053 6044.021372 -0.443406 25.142277 200.000000 25.142277 10.896062 4358.424962 0.585564 -7.272048 200.000000 -7.272048 0.435637 174.254836 0.335960 19.035332 200.000000 19.035332
 3.800000 -0.709040 0.705169 0.294216 0.955739 -0.788135 0.298635 0.705169 -0.709040 0.955739 0.294216 7.395243 2958.097025 0.433227 -7.038640 200.000000 -7.038640 11.236034 4494.413441 -0.373838 29.991713 200.000000 29.991713 10.823905 4329.562164 0.626742 -9.593112 200.000000 -9.593112 0.137574 55.029592 0.257125 21.433096 200.000000 21.433096
 4.000000 -0.630608 0.776101 0.284899 0.958558 -0.682337 0.288901 0.776101 -0.630608 0.958558 0.284899 8.623342 3449.336762 0.482446 -9.743013 200.000000 -9.743013 10.649715 4259.885867 -0.304269 34.687175 200.000000 34.687175 8.447042 3378.816793 0.667920 -12.102097 200.000000 -12.102097 1.136541 454.616600 0.178290 22.768022 200.000000 22.768022
 4.200000 -0.574188 0.818724 0.075686 0.997132 -0.611612 0.075758 0.818724 -0.574188 0.997132 0.075686 8.240253 3296.101010 0.531665 -13.040934 200.000000 -13.040934 11.525130 4610.052071 -0.234701 38.385237 200.000000 38.385237 8.296380 3318.552107 0.709097 -14.527061 200.000000 -14.527061 0.056500 22.599995 0.099455 23.153311 200.000000 23.153311
 4.400000 -0.436018 0.899938 -0.032786 0.999462 -0.451169 -0.032792 0.899938 -0.436018 0.999462 -0.032786 10.179522 4071.808910 0.580884 -16.433505 200.000000 -16.433505 7.337872 2935.148951 -0.165133 41.524000 200.000000 41.524000 6.209431 2483.772543 0.750275 -16.677870 200.000000 -16.677870 0.285225 114.090045 0.020620 23.431920 200.000000 23.431920
 4.600000 -0.167242 0.985916 -0.166845 0.985983 -0.168032 -0.167629 0.985916 -0.167242 0.985983 -0.166845 12.660232 5064.092814 0.630104 -19.937410 200.000000 -19.937410 0.513773 205.509084 -0.095565 43.254778 200.000000 43.254778 3.784203 1513.681058 0.791453 -18.524090 200.000000 -18.524090 1.180065 472.025991 -0.058215 23.508263 200.000000 23.508263
 4.800000 -0.130704 0.991421 -0.165255 0.986251 -0.131079 -0.166016 0.991421 -0.130704 0.986251 -0.165255 9.740557 3896.222604 0.679323 -23.274782 200.000000 -23.274782 1.096364 438.545664 -0.025996 43.707503 200.000000 43.707503 2.359921 943.968517 0.832631 -19.966400 200.000000 -19.966400 0.079555 31.821976 -0.137049 22.714108 200.000000 22.714108
 5.000000 0.090609 0.995887 -0.376959 0.926230 0.090734 -0.386511 0.995887 0.090609 0.926230 -0.376959 7.147305 2858.921829 0.728542 -26.151026 200.000000 -26.151026 0.221250 88.500033 0.043572 44.227506 200.000000 44.227506 0.274804 109.921503 0.873808 -20.920482 200.000000 -20.920482 2.594502 1037.800798 -0.215884 21.817296 200.000000 21.817296
 5.200000 0.266670 0.963788 -0.492759 0.870166 0.269936 -0.515257 0.963788 0.266670 0.870166 -0.492759 3.460589 1384.235401 0.777761 -28.451700 200.000000 -28.451700 2.357134 942.853608 0.113140 43.352892 200.000000 43.352892 0.200883 80.353083 0.914986 -21.434161 200.000000 -21.434161 3.921961 1568.784286 -0.294719 21.499098 200.000000 21.499098
 5.400000 0.235827 0.971795 -0.380575 0.924750 0.238069 -0.390418 0.971795 0.235827 0.924750 -0.380575 2.097126 838.850487 0.826981 -30.061032 200.000000 -30.061032 0.282151 112.860557 0.182709 41.977508 200.000000 41.977508 0.022328 8.931145 0.939693 -21.574870 200.000000 -21.574870 0.148647 59.458684 -0.342020 21.814058 200.000000 21.814058
 5.600000 0.206989 0.978343 -0.285161 0.958480 0.208497 -0.289175 0.978343 0.206989 0.958480 -0.285161 1.043328 417.331149 0.876200 -31.114914 200.000000 -31.114914 0.205099 82.039420 0.252277 41.140316 200.000000 41.140316 0.035295 14.117948 0.939693 -21.574870 200.000000 -21.574870 0.323293 129.317233 -0.342020 21.814058 200.000000 21.814058
 5.800000 0.459740 0.888054 -0.238494 0.971144 0.477702 -0.240815 0.888054 0.459740 0.971144 -0.238494 0.139618 55.847140 0.925419 -31.455673 200.000000 -31.455673 1.901494 760.597441 0.321845 40.290811 200.000000 40.290811 0.098919 39.567564 0.939693 -21.574870 200.000000 -21.574870 1.071768 428.707391 -0.342020 21.814058 200.000000 21.814058
 6.000000 0.463464 0.886116 -0.307242 0.951632 0.481900 -0.312293 0.886116 0.463464 0.951632 -0.307242 0.287047 114.818960 0.939693 -31.367261 200.000000 -31.367261 1.474858 589.943167 0.342020 39.890354 200.000000 39.890354 0.014254 5.701548 0.939693 -21.574870 200.000000 -21.574870 0.120955 48.382161 -0.342020 21.814058 200.000000 21.814058
 6.200000 0.457804 0.889053 -0.323834 0.946114 0.475524 -0.329780 0.889053 0.457804 0.946114 -0.323834 0.256438 102.575273 0.939693 -31.367261 200.000000 -31.367261 1.340601 536.240584 0.342020 39.890354 200.000000 39.890354 0.004123 1.649243 0.939693 -21.574870 200.000000 -21.574870 0.033072 13.228790 -0.342020 21.814058 200.000000 21.814058
 6.400000 0.448375 0.893845 -0.318145 0.948042 0.464947 -0.323772 0.893845 0.448375 0.948042 -0.318145 0.210197 84.078927 0.939693 -31.367261 200.000000 -31.367261 1.131144 452.457711 0.342020 39.890354 200.000000 39.890354 0.006972 2.788628 0.939693 -21.574870 200.000000 -21.574870 0.057004 22.801737 -0.342020 21.814058 200.000000 21.814058
 6.600000 0.298500 0.954409 -0.271865 0.962335 0.303121 -0.275331 0.954409 0.298500 0.962335 -0.271865 0.021659 8.663453 0.939693 -31.367261 200.000000 -31.367261 0.189396 75.758541 0.342020 39.890354 200.000000 39.890354 0.051269 20.507579 0.939693 -21.574870 200.000000 -21.574870 0.492168 196.867145 -0.342020 21.814058 200.000000 21.814058
 6.800000 0.427143 0.904184 -0.322456 0.946584 0.441331 -0.328323 0.904184 0.427143 0.946584 -0.322456 0.126086 50.434233 0.939693 -31.367261 200.000000 -31.367261 0.724590 289.835952 0.342020 39.890354 200.000000 39.890354 0.004750 1.899816 0.939693 -21.574870 200.000000 -21.574870 0.038274 15.309578 -0.342020 21.814058 200.000000 21.814058
 7.000000 0.280073 0.959979 -0.346631 0.938002 0.283870 -0.353977 0.959979 0.280073 0.938002 -0.346631 0.041153 16.461132 0.939693 -31.367261 200.000000 -31.367261 0.383748 153.499233 0.342020 39.890354 200.000000 39.890354 0.000286 0.114389 0.939693 -21.574870 200.000000 -21.574870 0.002126 0.850426 -0.342020 21.814058 200.000000 21.814058
 7.200000 0.380538 0.924765 -0.386536 0.922274 0.390378 -0.396872 0.924765 0.380538 0.922274 -0.386536 0.022282 8.912828 0.939693 -31.367261 200.000000 -31.367261 0.148360 59.343834 0.342020 39.890354 200.000000 39.890354 0.030339 12.135702 0.939693 -21.574870 200.000000 -21.574870 0.198163 79.265323 -0.342020 21.814058 200.000000 21.814058
 7.400000 0.315400 0.948959 -0.382997 0.923750 0.320878 -0.393038 0.948959 0.315400 0.923750 -0.382997 0.008586 3.434537 0.939693 -31.367261 200.000000 -31.367261 0.070864 28.345622 0.342020 39.890354 200.000000 39.890354 0.025418 10.167055 0.939693 -21.574870 200.000000 -21.574870 0.167908 67.163126 -0.342020 21.814058 200.000000 21.814058
 7.600000 0.358572 0.933502 -0.385286 0.922797 0.366737 -0.395518 0.933502 0.358572 0.922797 -0.385286 0.003832 1.532860 0.939693 -31.367261 200.000000 -31.367261 0.027395 10.958176 0.342020 39.890354 200.000000 39.890354 0.028546 11.418281 0.939693 -21.574870 200.000000 -21.574870 0.187195 74.877927 -0.342020 21.814058 200.000000 21.814058
 7.800000 0.450026 0.893015 -0.267237 0.963631 0.466794 -0.270525 0.893015 0.450026 0.963631 -0.267237 0.217876 87.150287 0.939693 -31.367261 200.000000 -31.367261 1.166526 466.610453 0.342020 39.890354 200.000000 39.890354 0.057304 22.921529 0.939693 -21.574870 200.000000 -21.574870 0.559252 223.700802 -0.342020 21.814058 200.000000 21.814058
 8.000000 0.388093 0.921620 -0.272294 0.962214 0.398561 -0.275777 0.921620 0.388093 0.962214 -0.272294 0.032661 13.064318 0.939693 -31.367261 200.000000 -31.367261 0.212268 84.907396 0.342020 39.890354 200.000000 39.890354 0.050721 20.288470 0.939693 -21.574870 200.000000 -21.574870 0.486168 194.467057 -0.342020 21.814058 200.000000 21.814058
 8.200000 0.517480 0.855695 -0.385628 0.922654 0.543904 -0.395888 0.855695 0.517480 0.922654 -0.385628 0.705558 282.223031 0.939693 -31.367261 200.000000 -31.367261 3.078625 1231.450070 0.342020 39.890354 200.000000 39.890354 0.029030 11.612174 0.939693 -21.574870 200.000000 -21.574870 0.190166 76.066202 -0.342020 21.814058 200.000000 21.814058
 8.400000 0.307857 0.951432 -0.246902 0.969040 0.312940 -0.249482 0.951432 0.307857 0.969040 -0.246902 0.013782 5.512970 0.939693 -31.367261 200.000000 -31.367261 0.116709 46.683454 0.342020 39.890354 200.000000 39.890354 0.086129 34.451673 0.939693 -21.574870 200.000000 -21.574870 0.904742 361.896664 -0.342020 21.814058 200.000000 21.814058
 8.600000 0.344415 0.938818 -0.327982 0.944684 0.351615 -0.334166 0.938818 0.344415 0.944684 -0.327982 0.000077 0.030624 0.939693 -31.367261 200.000000 -31.367261 0.000573 0.229349 0.342020 39.890354 200.000000 39.890354 0.002491 0.996593 0.939693 -21.574870 200.000000 -21.574870 0.019708 7.883182 -0.342020 21.814058 200.000000 21.814058
 8.800000 0.453227 0.891395 -0.346407 0.938084 0.470382 -0.353739 0.891395 0.453227 0.938084 -0.346407 0.233264 93.305742 0.939693 -31.367261 200.000000 -31.367261 1.236695 494.677947 0.342020 39.890354 200.000000 39.890354 0.000259 0.103489 0.939693 -21.574870 200.000000 -21.574870 0.001925 0.769953 -0.342020 21.814058 200.000000 21.814058
 9.000000 0.357704 0.933835 -0.356013 0.934481 0.365808 -0.363998 0.933835 0.357704 0.934481 -0.356013 0.003431 1.372518 0.939693 -31.367261 200.000000 -31.367261 0.024599 9.839748 0.342020 39.890354 200.000000 39.890354 0.002716 1.086515 0.939693 -21.574870 200.000000 -21.574870 0.019581 7.832537 -0.342020 21.814058 200.000000 21.814058
 9.200000 0.387577 0.921837 -0.457876 0.889016 0.398002 -0.475605 0.921837 0.387577 0.889016 -0.457876 0.031882 12.752744 0.939693 -31.367261 200.000000 -31.367261 0.207547 83.018862 0.342020 39.890354 200.000000 39.890354 0.256812 102.724947 0.939693 -21.574870 200.000000 -21.574870 1.342263 536.905069 -0.342020 21.814058 200.000000 21.814058
 9.400000 0.251791 0.967782 -0.346460 0.938065 0.254531 -0.353794 0.967782 0.251791 0.938065 -0.346460 0.078899 31.559636 0.939693 -31.367261 200.000000 -31.367261 0.814128 325.651041 0.342020 39.890354 200.000000 39.890354 0.000265 0.105978 0.939693 -21.574870 200.000000 -21.574870 0.001971 0.788336 -0.342020 21.814058 200.000000 21.814058
 9.600000 0.381486 0.924375 -0.319732 0.947508 0.391403 -0.325446 0.924375 0.381486 0.947508 -0.319732 0.023464 9.385488 0.939693 -31.367261 200.000000 -31.367261 0.155753 62.301144 0.342020 39.890354 200.000000 39.890354 0.006108 2.443277 0.939693 -21.574870 200.000000 -21.574870 0.049677 19.870950 -0.342020 21.814058 200.000000 21.814058
 9.800000 0.449756 0.893152 -0.304133 0.952630 0.466492 -0.309028 0.893152 0.449756 0.952630 -0.304133 0.216606 86.642348 0.939693 -31.367261 200.000000 -31.367261 1.160692 464.276834 0.342020 39.890354 200.000000 39.890354 0.016737 6.694606 0.939693 -21.574870 200.000000 -21.574870 0.143544 57.417506 -0.342020 21.814058 200.000000 21.814058
 10.000000 0.387899 0.921702 -0.347086 0.937833 0.398351 -0.354462 0.921702 0.387899 0.937833 -0.347086 0.032367 12.946718 0.939693 -31.367261 200.000000 -31.367261 0.210488 84.195119 0.342020 39.890354 200.000000 39.890354 0.000346 0.138272 0.939693 -21.574870 200.000000 -21.574870 0.002566 1.026439 -0.342020 21.814058 200.000000 21.814058
 10.200000 0.498810 0.866711 -0.359687 0.933073 0.522225 -0.367933 0.866711 0.498810 0.933073 -0.359687 0.532625 213.050100 0.939693 -31.367261 200.000000 -31.367261 2.458302 983.320616 0.342020 39.890354 200.000000 39.890354 0.004382 1.752794 0.939693 -21.574870 200.000000 -21.574870 0.031212 12.484918 -0.342020 21.814058 200.000000 21.814058
 10.400000 0.386450 0.922310 -0.228882 0.973454 0.396779 -0.230929 0.922310 0.386450 0.973454 -0.228882 0.030214 12.085672 0.939693 -31.367261 200.000000 -31.367261 0.197400 78.960186 0.342020 39.890354 200.000000 39.890354 0.113984 45.593711 0.939693 -21.574870 200.000000 -21.574870 1.280024 512.009724 -0.342020 21.814058 200.000000 21.814058
 10.600000 0.329835 0.944038 -0.266792 0.963754 0.336129 -0.270063 0.944038 0.329835 0.963754 -0.266792 0.001889 0.755456 0.939693 -31.367261 200.000000 -31.367261 0.014847 5.938756 0.342020 39.890354 200.000000 39.890354 0.057895 23.158107 0.939693 -21.574870 200.000000 -21.574870 0.565923 226.369272 -0.342020 21.814058 200.000000 21.814058
 10.800000 0.394460 0.918913 -0.395575 0.918434 0.405480 -0.406694 0.918913 0.394460 0.918434 -0.395575 0.043178 17.271385 0.939693 -31.367261 200.000000 -31.367261 0.274992 109.996759 0.342020 39.890354 200.000000 39.890354 0.045194 18.077515 0.939693 -21.574870 200.000000 -21.574870 0.286809 114.723783 -0.342020 21.814058 200.000000 21.814058
 11.000000 0.364389 0.931247 -0.333651 0.942697 0.372977 -0.340174 0.931247 0.364389 0.942697 -0.333651 0.007133 2.853268 0.939693 -31.367261 200.000000 -31.367261 0.050037 20.014712 0.342020 39.890354 200.000000 39.890354 0.000902 0.360991 0.939693 -21.574870 200.000000 -21.574870 0.007005 2.801847 -0.342020 21.814058 200.000000 21.814058
 11.200000 0.416909 0.908948 -0.404981 0.914325 0.430042 -0.416958 0.908948 0.416909 0.914325 -0.404981 0.094521 37.808307 0.939693 -31.367261 200.000000 -31.367261 0.560829 224.331541 0.342020 39.890354 200.000000 39.890354 0.064352 25.740680 0.939693 -21.574870 200.000000 -21.574870 0.396410 158.564107 -0.342020 21.814058 200.000000 21.814058
 11.400000 0.356431 0.934322 -0.329750 0.944068 0.364445 -0.336039 0.934322 0.356431 0.944068 -0.329750 0.002885 1.153814 0.939693 -31.367261 200.000000 -31.367261 0.020766 8.306347 0.342020 39.890354 200.000000 39.890354 0.001915 0.765844 0.939693 -21.574870 200.000000 -21.574870 0.015055 6.022136 -0.342020 21.814058 200.000000 21.814058
 11.600000 0.380719 0.924691 -0.340741 0.940157 0.390574 -0.347705 0.924691 0.380719 0.940157 -0.340741 0.022506 9.002248 0.939693 -31.367261 200.000000 -31.367261 0.149761 59.904322 0.342020 39.890354 200.000000 39.890354 0.000022 0.008631 0.939693 -21.574870 200.000000 -21.574870 0.000164 0.065426 -0.342020 21.814058 200.000000 21.814058
 11.800000 0.325543 0.945527 -0.302353 0.953196 0.331586 -0.307160 0.945527 0.325543 0.953196 -0.302353 0.003404 1.361751 0.939693 -31.367261 200.000000 -31.367261 0.027150 10.860186 0.342020 39.890354 200.000000 39.890354 0.018234 7.293640 0.939693 -21.574870 200.000000 -21.574870 0.157347 62.938938 -0.342020 21.814058 200.000000 21.814058
 12.000000 0.478912 0.877863 -0.372695 0.927954 0.499415 -0.381912 0.877863 0.478912 0.927954 -0.372695 0.382291 152.916297 0.939693 -31.367261 200.000000 -31.367261 1.873936 749.574377 0.342020 39.890354 200.000000 39.890354 0.013780 5.511915 0.939693 -21.574870 200.000000 -21.574870 0.094095 37.637939 -0.342020 21.814058 200.000000 21.814058
 12.200000 0.370317 0.928906 -0.392626 0.919698 0.379350 -0.403485 0.928906 0.370317 0.919698 -0.392626 0.011636 4.654453 0.939693 -31.367261 200.000000 -31.367261 0.080070 32.027979 0.342020 39.890354 200.000000 39.890354 0.039977 15.990787 0.939693 -21.574870 200.000000 -21.574870 0.256092 102.436638 -0.342020 21.814058 200.000000 21.814058
 12.400000 0.322789 0.946471 -0.324723 0.945809 0.328675 -0.330719 0.946471 0.322789 0.945809 -0.324723 0.004594 1.837782 0.939693 -31.367261 200.000000 -31.367261 0.036983 14.793074 0.342020 39.890354 200.000000 39.890354 0.003741 1.496424 0.939693 -21.574870 200.000000 -21.574870 0.029918 11.967154 -0.342020 21.814058 200.000000 21.814058
 12.600000 0.428531 0.903527 -0.382203 0.924078 0.442866 -0.392180 0.903527 0.428531 0.924078 -0.382203 0.130795 52.317808 0.939693 -31.367261 200.000000 -31.367261 0.748412 299.364884 0.342020 39.890354 200.000000 39.890354 0.024381 9.752353 0.939693 -21.574870 200.000000 -21.574870 0.161469 64.587610 -0.342020 21.814058 200.000000 21.814058
 12.800000 0.269580 0.962978 -0.308498 0.951225 0.272957 -0.313614 0.962978 0.269580 0.951225 -0.308498 0.054221 21.688217 0.939693 -31.367261 200.000000 -31.367261 0.524754 209.901488 0.342020 39.890354 200.000000 39.890354 0.013300 5.319827 0.939693 -21.574870 200.000000 -21.574870 0.112374 44.949402 -0.342020 21.814058 200.000000 21.814058
 13.000000 0.446311 0.894878 -0.410525 0.911849 0.462638 -0.423029 0.894878 0.446311 0.911849 -0.410525 0.200834 80.333477 0.939693 -31.367261 200.000000 -31.367261 1.087649 435.059483 0.342020 39.890354 200.000000 39.890354 0.077524 31.009616 0.939693 -21.574870 200.000000 -21.574870 0.469287 187.714927 -0.342020 21.814058 200.000000 21.814058
 13.200000 0.417905 0.908491 -0.395257 0.918570 0.431138 -0.406348 0.908491 0.417905 0.918570 -0.395257 0.097356 38.942430 0.939693 -31.367261 200.000000 -31.367261 0.575853 230.341077 0.342020 39.890354 200.000000 39.890354 0.044615 17.845821 0.939693 -21.574870 200.000000 -21.574870 0.283419 113.367635 -0.342020 21.814058 200.000000 21.814058
 13.400000 0.411023 0.911625 -0.320497 0.947249 0.423575 -0.326254 0.911625 0.411023 0.947249 -0.320497 0.078778 31.511235 0.939693 -31.367261 200.000000 -31.367261 0.476133 190.453171 0.342020 39.890354 200.000000 39.890354 0.005711 2.284209 0.939693 -21.574870 200.000000 -21.574870 0.046323 18.529265 -0.342020 21.814058 200.000000 21.814058
 13.600000 0.460865 0.887470 -0.289340 0.957226 0.478970 -0.293537 0.887470 0.460865 0.957226 -0.289340 0.272719 109.087729 0.939693 -31.367261 200.000000 -31.367261 1.412418 564.967091 0.342020 39.890354 200.000000 39.890354 0.030743 12.297290 0.939693 -21.574870 200.000000 -21.574870 0.277519 111.007555 -0.342020 21.814058 200.000000 21.814058
 13.800000 0.377249 0.926112 -0.306612 0.951835 0.386824 -0.311631 0.926112 0.377249 0.951835 -0.306612 0.018444 7.377615 0.939693 -31.367261 200.000000 -31.367261 0.124109 49.643794 0.342020 39.890354 200.000000 39.890354 0.014743 5.897183 0.939693 -21.574870 200.000000 -21.574870 0.125376 50.150270 -0.342020 21.814058 200.000000 21.814058
 14.000000 0.338835 0.940846 -0.280154 0.959955 0.345679 -0.283954 0.940846 0.338835 0.959955 -0.280154 0.000133 0.053183 0.939693 -31.367261 200.000000 -31.367261 0.001014 0.405717 0.342020 39.890354 200.000000 39.890354 0.041057 16.422707 0.939693 -21.574870 200.000000 -21.574870 0.382743 153.097130 -0.342020 21.814058 200.000000 21.814058
 14.200000 0.442364 0.896836 -0.392576 0.919719 0.458233 -0.403431 0.896836 0.442364 0.919719 -0.392576 0.183671 73.468449 0.939693 -31.367261 200.000000 -31.367261 1.006883 402.753097 0.342020 39.890354 200.000000 39.890354 0.039893 15.957080 0.939693 -21.574870 200.000000 -21.574870 0.255592 102.236776 -0.342020 21.814058 200.000000 21.814058
 14.400000 0.300562 0.953762 -0.369201 0.929350 0.305282 -0.378149 0.953762 0.300562 0.929350 -0.369201 0.019795 7.918193 0.939693 -31.367261 200.000000 -31.367261 0.171877 68.750942 0.342020 39.890354 200.000000 39.890354 0.010698 4.279004 0.939693 -21.574870 200.000000 -21.574870 0.073878 29.551000 -0.342020 21.814058 200.000000 21.814058
 14.600000 0.388378 0.921500 -0.356497 0.934296 0.398871 -0.364516 0.921500 0.388378 0.934296 -0.356497 0.033097 13.238921 0.939693 -31.367261 200.000000 -31.367261 0.214909 85.963749 0.342020 39.890354 200.000000 39.890354 0.002912 1.164757 0.939693 -21.574870 200.000000 -21.574870 0.020958 8.383305 -0.342020 21.814058 200.000000 21.814058
 14.800000 0.378954 0.925416 -0.352231 0.935913 0.388665 -0.359954 0.925416 0.378954 0.935913 -0.352231 0.020383 8.153247 0.939693 -31.367261 200.000000 -31.367261 0.136408 54.563198 0.342020 39.890354 200.000000 39.890354 0.001428 0.571381 0.939693 -21.574870 200.000000 -21.574870 0.010426 4.170383 -0.342020 21.814058 200.000000 21.814058
 15.000000 0.333420 0.942778 -0.317406 0.948290 0.339929 -0.322993 0.942778 0.333420 0.948290 -0.317406 0.000952 0.380862 0.939693 -31.367261 200.000000 -31.367261 0.007396 2.958352 0.342020 39.890354 200.000000 39.890354 0.007391 2.956349 0.939693 -21.574870 200.000000 -21.574870 0.060584 24.233649 -0.342020 21.814058 200.000000 21.814058
 15.200000 0.401727 0.915759 -0.318718 0.947850 0.413402 -0.324376 0.915759 0.401727 0.947850 -0.318718 0.057280 22.911936 0.939693 -31.367261 200.000000 -31.367261 0.356493 142.597024 0.342020 39.890354 200.000000 39.890354 0.006654 2.661541 0.939693 -21.574870 200.000000 -21.574870 0.054301 21.720433 -0.342020 21.814058 200.000000 21.814058
 15.400000 0.380135 0.924931 -0.285241 0.958456 0.389943 -0.289257 0.924931 0.380135 0.958456 -0.285241 0.021791 8.716395 0.939693 -31.367261 200.000000 -31.367261 0.145277 58.110911 0.342020 39.890354 200.000000 39.890354 0.035206 14.082475 0.939693 -21.574870 200.000000 -21.574870 0.322391 128.956462 -0.342020 21.814058 200.000000 21.814058
 15.600000 0.408285 0.912855 -0.324021 0.946050 0.420575 -0.329977 0.912855 0.408285 0.946050 -0.324021 0.072028 28.811363 0.939693 -31.367261 200.000000 -31.367261 0.439103 175.641239 0.342020 39.890354 200.000000 39.890354 0.004041 1.616598 0.939693 -21.574870 200.000000 -21.574870 0.032397 12.958795 -0.342020 21.814058 200.000000 21.814058
 15.800000 0.487681 0.873022 -0.340504 0.940243 0.509432 -0.347452 0.873022 0.487681 0.940243 -0.340504 0.444499 177.799490 0.939693 -31.367261 200.000000 -31.367261 2.121710 848.683811 0.342020 39.890354 200.000000 39.890354 0.000030 0.012126 0.939693 -21.574870 200.000000 -21.574870 0.000230 0.091992 -0.342020 21.814058 200.000000 21.814058
 16.000000 0.336200 0.941791 -0.266695 0.963781 0.342879 -0.269962 0.941791 0.336200 0.963781 -0.266695 0.000440 0.176086 0.939693 -31.367261 200.000000 -31.367261 0.003388 1.355142 0.342020 39.890354 200.000000 39.890354 0.058025 23.209928 0.939693 -21.574870 200.000000 -21.574870 0.567387 226.954707 -0.342020 21.814058 200.000000 21.814058
 16.200000 0.416553 0.909111 -0.383017 0.923741 0.429650 -0.393060 0.909111 0.416553 0.923741 -0.383017 0.093521 37.408204 0.939693 -31.367261 200.000000 -31.367261 0.555513 222.205035 0.342020 39.890354 200.000000 39.890354 0.025444 10.177624 0.939693 -21.574870 200.000000 -21.574870 0.168072 67.228640 -0.342020 21.814058 200.000000 21.814058
 16.400000 0.430627 0.902530 -0.326337 0.945253 0.445187 -0.332426 0.902530 0.430627 0.945253 -0.326337 0.138104 55.241747 0.939693 -31.367261 200.000000 -31.367261 0.785109 314.043545 0.342020 39.890354 200.000000 39.890354 0.003092 1.236911 0.939693 -21.574870 200.000000 -21.574870 0.024596 9.838272 -0.342020 21.814058 200.000000 21.814058
 16.600000 0.324617 0.945846 -0.346454 0.938067 0.330607 -0.353788 0.945846 0.324617 0.938067 -0.346454 0.003786 1.514364 0.939693 -31.367261 200.000000 -31.367261 0.030287 12.114963 0.342020 39.890354 200.000000 39.890354 0.000264 0.105712 0.939693 -21.574870 200.000000 -21.574870 0.001966 0.786371 -0.342020 21.814058 200.000000 21.814058
 16.800000 0.391148 0.920328 -0.386839 0.922147 0.401878 -0.397201 0.920328 0.391148 0.922147 -0.386839 0.037499 14.999538 0.939693 -31.367261 200.000000 -31.367261 0.241350 96.539893 0.342020 39.890354 200.000000 39.890354 0.030783 12.313280 0.939693 -21.574870 200.000000 -21.574870 0.200869 80.347410 -0.342020 21.814058 200.000000 21.814058
 17.000000 0.360536 0.932745 -0.307024 0.951702 0.368843 -0.312064 0.932745 0.360536 0.951702 -0.307024 0.004827 1.930687 0.939693 -31.367261 200.000000 -31.367261 0.034285 13.713999 0.342020 39.890354 200.000000 39.890354 0.014422 5.768917 0.939693 -21.574870 200.000000 -21.574870 0.122476 48.990359 -0.342020 21.814058 200.000000 21.814058
 17.200000 0.433125 0.901334 -0.334567 0.942372 0.447957 -0.341146 0.901334 0.433125 0.942372 -0.334567 0.147141 58.856378 0.939693 -31.367261 200.000000 -31.367261 0.830017 332.006808 0.342020 39.890354 200.000000 39.890354 0.000718 0.287162 0.939693 -21.574870 200.000000 -21.574870 0.005555 2.222020 -0.342020 21.814058 200.000000 21.814058
 17.400000 0.401711 0.915766 -0.332000 0.943279 0.413384 -0.338423 0.915766 0.401711 0.943279 -0.332000 0.057246 22.898392 0.939693 -31.367261 200.000000 -31.367261 0.356300 142.520002 0.342020 39.890354 200.000000 39.890354 0.001286 0.514578 0.939693 -21.574870 200.000000 -21.574870 0.010040 4.015995 -0.342020 21.814058 200.000000 21.814058
 17.600000 0.359779 0.933038 -0.312454 0.949933 0.368031 -0.317776 0.933038 0.359779 0.949933 -0.312454 0.004429 1.771569 0.939693 -31.367261 200.000000 -31.367261 0.031537 12.614874 0.342020 39.890354 200.000000 39.890354 0.010486 4.194468 0.939693 -21.574870 200.000000 -21.574870 0.087414 34.965765 -0.342020 21.814058 200.000000 21.814058
 17.800000 0.512849 0.858479 -0.224658 0.974438 0.538501 -0.226592 0.858479 0.512849 0.974438 -0.224658 0.659573 263.829112 0.939693 -31.367261 200.000000 -31.367261 2.918267 1167.306711 0.342020 39.890354 200.000000 39.890354 0.120722 48.288926 0.939693 -21.574870 200.000000 -21.574870 1.377394 550.957452 -0.342020 21.814058 200.000000 21.814058
 18.000000 0.364626 0.931154 -0.280459 0.959866 0.373231 -0.284272 0.931154 0.364626 0.959866 -0.280459 0.007291 2.916240 0.939693 -31.367261 200.000000 -31.367261 0.051102 20.440706 0.342020 39.890354 200.000000 39.890354 0.040697 16.278849 0.939693 -21.574870 200.000000 -21.574870 0.378983 151.593379 -0.342020 21.814058 200.000000 21.814058
 18.200000 0.402266 0.915523 -0.402550 0.915398 0.413991 -0.414301 0.915523 0.402266 0.915398 -0.402550 0.058418 23.367192 0.939693 -31.367261 200.000000 -31.367261 0.362957 145.182840 0.342020 39.890354 200.000000 39.890354 0.059023 23.609055 0.939693 -21.574870 200.000000 -21.574870 0.366385 146.554033 -0.342020 21.814058 200.000000 21.814058
 18.400000 0.322252 0.946654 -0.389400 0.921069 0.328107 -0.399980 0.946654 0.322252 0.921069 -0.389400 0.004846 1.938465 0.939693 -31.367261 200.000000 -31.367261 0.039080 15.631818 0.342020 39.890354 200.000000 39.890354 0.034685 13.873821 0.939693 -21.574870 200.000000 -21.574870 0.224483 89.793289 -0.342020 21.814058 200.000000 21.814058
 18.600000 0.342428 0.939544 -0.401426 0.915892 0.349500 -0.413073 0.939544 0.342428 0.915892 -0.401426 0.000002 0.000882 0.939693 -31.367261 200.000000 -31.367261 0.000017 0.006646 0.342020 39.890354 200.000000 39.890354 0.056649 22.659661 0.939693 -21.574870 200.000000 -21.574870 0.352903 141.161385 -0.342020 21.814058 200.000000 21.814058
 18.800000 0.431516 0.902105 -0.417086 0.908867 0.446173 -0.430237 0.902105 0.431516 0.908867 -0.417086 0.141282 56.512863 0.939693 -31.367261 200.000000 -31.367261 0.800958 320.383045 0.342020 39.890354 200.000000 39.890354 0.095021 38.008478 0.939693 -21.574870 200.000000 -21.574870 0.563485 225.394160 -0.342020 21.814058 200.000000 21.814058
 19.000000 0.300161 0.953889 -0.351340 0.936248 0.304861 -0.359002 0.953889 0.300161 0.936248 -0.351340 0.020153 8.061012 0.939693 -31.367261 200.000000 -31.367261 0.175220 70.087803 0.342020 39.890354 200.000000 39.890354 0.001187 0.474658 0.939693 -21.574870 200.000000 -21.574870 0.008686 3.474565 -0.342020 21.814058 200.000000 21.814058
 19.200000 0.369685 0.929157 -0.351784 0.936081 0.378670 -0.359476 0.929157 0.369685 0.936081 -0.351784 0.011100 4.439986 0.939693 -31.367261 200.000000 -31.367261 0.076537 30.614672 0.342020 39.890354 200.000000 39.890354 0.001304 0.521681 0.939693 -21.574870 200.000000 -21.574870 0.009533 3.813228 -0.342020 21.814058 200.000000 21.814058
 19.400000 0.404564 0.914510 -0.316579 0.948566 0.416502 -0.322121 0.914510 0.404564 0.948566 -0.316579 0.063417 25.366978 0.939693 -31.367261 200.000000 -31.367261 0.391170 156.468095 0.342020 39.890354 200.000000 39.890354 0.007874 3.149526 0.939693 -21.574870 200.000000 -21.574870 0.064724 25.889613 -0.342020 21.814058 200.000000 21.814058
 19.600000 0.400318 0.916376 -0.364509 0.931200 0.411864 -0.373106 0.916376 0.400318 0.931200 -0.364509 0.054366 21.746459 0.939693 -31.367261 200.000000 -31.367261 0.339870 135.947901 0.342020 39.890354 200.000000 39.890354 0.007213 2.885192 0.939693 -21.574870 200.000000 -21.574870 0.050577 20.230730 -0.342020 21.814058 200.000000 21.814058
 19.800000 0.472024 0.881586 -0.325811 0.945435 0.491585 -0.331869 0.881586 0.472024 0.945435 -0.325811 0.337641 135.056427 0.939693 -31.367261 200.000000 -31.367261 1.690099 676.039480 0.342020 39.890354 200.000000 39.890354 0.003297 1.318967 0.939693 -21.574870 200.000000 -21.574870 0.026274 10.509498 -0.342020 21.814058 200.000000 21.814058
 20.000000 0.469075 0.883159 -0.244504 0.969648 0.488243 -0.247008 0.883159 0.469075 0.969648 -0.244504 0.319610 127.843894 0.939693 -31.367261 200.000000 -31.367261 1.614282 645.712701 0.342020 39.890354 200.000000 39.890354 0.089734 35.893760 0.939693 -21.574870 200.000000 -21.574870 0.950943 380.377102 -0.342020 21.814058 200.000000 21.814058
