#! FIELDS time sin_phi cos_phi sin_psi cos_psi phi psi cos_phi sin_phi cos_psi sin_psi restraint_phi_cos.bias restraint_phi_cos.force2 restraint_phi_cos.cos_phi_cntr restraint_phi_cos.cos_phi_work restraint_phi_cos.cos_phi_kappa restraint_phi_cos.work restraint_phi_sin.bias restraint_phi_sin.force2 restraint_phi_sin.sin_phi_cntr restraint_phi_sin.sin_phi_work restraint_phi_sin.sin_phi_kappa restraint_phi_sin.work restraint_psi_cos.bias restraint_psi_cos.force2 restraint_psi_cos.cos_psi_cntr restraint_psi_cos.cos_psi_work restraint_psi_cos.cos_psi_kappa restraint_psi_cos.work restraint_psi_sin.bias restraint_psi_sin.force2 restraint_psi_sin.sin_psi_cntr restraint_psi_sin.sin_psi_work restraint_psi_sin.sin_psi_kappa restraint_psi_sin.work
#! SET min_phi -pi
#! SET max_phi pi
#! SET min_psi -pi
#! SET max_psi pi
 0.000000 -0.999983 -0.005782 0.966116 0.258110 -1.576579 1.309731 -0.005782 -0.999983 0.258110 0.966116 0.000000 0.000000 -0.009747 0.000000 0.000000 0.000000 0.000000 0.000000 -0.999953 0.000000 0.000000 0.000000 0.000000 0.000000 0.256142 0.000000 0.000000 0.000000 0.000000 0.000000 0.966639 0.000000 0.000000 0.000000
 0.200000 -1.000000 -0.000266 0.834655 0.550773 -1.571062 0.987506 -0.000266 -1.000000 0.550773 0.834655 0.000899 0.035954 -0.009747 0.429322 20.000000 0.429322 0.000000 0.000001 -0.999953 0.008204 20.000000 0.008204 0.868072 34.722866 0.256142 0.437494 20.000000 0.437494 0.174198 6.967905 0.966639 0.079186 20.000000 0.079186
 0.400000 -0.998238 0.059333 0.982968 0.183778 -1.511428 1.385968 0.059333 -0.998238 0.183778 0.982968 0.095441 7.635246 -0.009747 0.576151 40.000000 0.576151 0.000059 0.004702 -0.999953 0.009175 40.000000 0.009175 0.104733 8.378618 0.256142 0.652620 40.000000 0.652620 0.005333 0.426605 0.966639 0.103852 40.000000 0.103852
 0.600000 -0.997905 0.064690 0.969721 0.244216 -1.506061 1.324085 0.064690 -0.997905 0.244216 0.969721 0.166224 19.946879 -0.009747 0.652738 60.000000 0.652738 0.000126 0.015086 -0.999953 0.009549 60.000000 0.009549 0.004267 0.512080 0.256142 0.812949 60.000000 0.812949 0.000285 0.034192 0.966639 0.126978 60.000000 0.126978
 0.800000 -0.999998 0.001894 0.948099 0.317975 -1.568902 1.247203 0.001894 -0.999998 0.317975 0.948099 0.005420 0.867200 -0.009747 0.745440 80.000000 0.745440 0.000000 0.000013 -0.999953 0.009931 80.000000 0.009931 0.152931 24.469032 0.256142 0.870396 80.000000 0.870396 0.013749 2.199883 0.966639 0.131256 80.000000 0.131256
 1.000000 -0.997905 -0.064690 0.983714 0.179740 -1.635531 1.390074 -0.064690 -0.997905 0.179740 0.983714 0.150938 30.187619 -0.009747 0.830208 100.000000 0.830208 0.000210 0.041905 -0.999953 0.010215 100.000000 0.010215 0.291867 58.373466 0.256142 0.906296 100.000000 0.906296 0.014578 2.915595 0.966639 0.133900 100.000000 0.133900
 1.200000 -0.998628 0.052357 0.985226 0.171262 -1.518415 1.398686 0.052357 -0.998628 0.171262 0.985226 0.231412 55.538994 -0.009747 0.926095 120.000000 0.926095 0.000105 0.025246 -0.999953 0.010633 120.000000 0.010633 0.432282 103.747643 0.256142 0.992025 120.000000 0.992025 0.020727 4.974582 0.966639 0.141240 120.000000 0.141240
 1.400000 -0.999098 0.042471 0.979939 0.199299 -1.528313 1.370154 0.042471 -0.999098 0.199299 0.979939 0.190866 53.442499 -0.009747 0.960898 140.000000 0.960898 0.000051 0.014321 -0.999953 0.010712 140.000000 0.010712 0.226180 63.330420 0.256142 1.092945 140.000000 1.092945 0.012382 3.466844 0.966639 0.149518 140.000000 0.149518
 1.600000 -0.999952 0.009779 0.961528 0.274706 -1.561018 1.292512 0.009779 -0.999952 0.274706 0.961528 0.030498 9.759450 -0.009747 1.007093 160.000000 1.007093 0.000000 0.000000 -0.999953 0.010845 160.000000 0.010845 0.027570 8.822428 0.256142 1.162447 160.000000 1.162447 0.002090 0.668714 0.966639 0.156254 160.000000 0.156254
 1.800000 -0.999816 -0.019191 0.970209 0.242271 -1.589988 1.326090 -0.019191 -0.999816 0.242271 0.970209 0.008027 2.889774 -0.009747 1.051966 180.000000 1.051966 0.000002 0.000605 -0.999953 0.010933 180.000000 0.010933 0.017316 6.233938 0.256142 1.193883 180.000000 1.193883 0.001147 0.412811 0.966639 0.158912 180.000000 0.158912
 2.000000 -0.987451 0.157923 0.943128 0.332430 -1.412209 1.231917 0.157923 -0.987451 0.332430 0.943128 2.811311 1124.524500 -0.009747 1.081900 200.000000 1.081900 0.015628 6.251093 -0.999953 0.011013 200.000000 0.011013 0.581986 232.794469 0.256142 1.219741 200.000000 1.219741 0.055278 22.111200 0.966639 0.161373 200.000000 0.161373
 2.200000 -0.991891 0.127093 0.909494 0.415717 -1.443358 1.142066 0.127093 -0.991891 0.415717 0.909494 0.845572 338.228935 0.035138 0.922872 200.000000 0.922872 0.391943 156.777382 -0.929285 0.472501 200.000000 0.472501 2.586925 1034.770089 0.254877 1.223873 200.000000 1.223873 0.025285 10.114011 0.893593 0.587527 200.000000 0.587527
 2.400000 -0.996990 0.077527 0.926183 0.377074 -1.493192 1.184161 0.077527 -0.996990 0.377074 0.926183 0.000623 0.249355 0.080023 0.644038 200.000000 0.644038 1.914683 765.873086 -0.858618 1.898529 200.000000 1.898529 1.524273 609.709178 0.253613 1.233494 200.000000 1.233494 1.115905 446.361904 0.820547 1.980916 200.000000 1.980916
 2.600000 -0.999586 0.028761 0.867889 0.496759 -1.542031 1.050936 0.028761 -0.999586 0.496759 0.867889 0.924422 369.768755 0.124908 0.393884 200.000000 0.393884 4.478947 1791.578627 -0.787951 4.237160 200.000000 4.237160 5.973680 2389.471918 0.252348 1.248934 200.000000 1.248934 1.449329 579.731640 0.747501 4.334609 200.000000 4.334609
 2.800000 -0.992468 0.122505 0.938332 0.345736 -1.447983 1.217773 0.122505 -0.992468 0.345736 0.938332 0.223622 89.448931 0.169793 0.053035 200.000000 0.053035 7.572624 3029.049559 -0.717284 7.447817 200.000000 7.447817 0.895923 358.369376 0.251083 1.268647 200.000000 1.268647 6.963130 2785.251861 0.674454 7.700790 200.000000 7.700790
 3.000000 -0.968284 0.249851 0.892782 0.450489 -1.318270 1.103483 0.249851 -0.968284 0.450489 0.892782 0.123715 49.485871 0.214678 -0.554769 200.000000 -0.554769 10.346993 4138.797115 -0.646617 11.439194 200.000000 11.439194 4.026898 1610.759107 0.249818 1.299215 200.000000 1.299215 8.489861 3395.944398 0.601408 11.926090 200.000000 11.926090
 3.200000 -0.947553 0.319600 0.953017 0.302917 -1.245489 1.263045 0.319600 -0.947553 0.302917 0.953017 0.360440 144.176161 0.259563 -1.386089 200.000000 -1.386089 13.808875 5523.550122 -0.575950 16.089946 200.000000 16.089946 0.295540 118.216125 0.248553 1.337583 200.000000 1.337583 18.033187 7213.274871 0.528362 17.024079 200.000000 17.024079
 3.400000 -0.880893 0.473316 0.890096 0.455773 -1.077745 1.097556 0.473316 -0.880893 0.455773 0.890096 2.851626 1140.650244 0.304448 -2.553077 200.000000 -2.553077 14.108316 5643.326411 -0.505283 21.273727 200.000000 21.273727 4.346592 1738.636973 0.247288 1.389459 200.000000 1.389459 18.903383 7561.353379 0.455316 22.815081 200.000000 22.815081
 3.600000 -0.768737 0.639565 0.876504 0.481394 -0.876864 1.068552 0.639565 -0.768737 0.481394 0.876504 8.423448 3369.379195 0.349333 -4.190284 200.000000 -4.190284 11.163740 4465.496049 -0.434615 26.756484 200.000000 26.756484 5.539949 2215.979780 0.246023 1.455341 200.000000 1.455341 24.426777 9770.710745 0.382270 29.252332 200.000000 29.252332
 3.800000 -0.760668 0.649141 0.811317 0.584606 -0.864341 0.946402 0.649141 -0.760668 0.584606 0.811317 6.498593 2599.437072 0.394218 -6.314956 200.000000 -6.314956 15.738644 6295.457506 -0.363948 32.267592 200.000000 32.267592 11.549653 4619.861018 0.244758 1.539956 200.000000 1.539956 25.209816 10083.926218 0.309224 36.079632 200.000000 36.079632
 4.000000 -0.726227 0.687455 0.714257 0.699884 -0.812817 0.795562 0.687455 -0.726227 0.699884 0.714257 6.167882 2467.152701 0.439103 -8.808564 200.000000 -8.808564 18.744207 7497.682682 -0.293281 37.705895 200.000000 37.705895 20.829218 8331.687172 0.243493 1.646963 200.000000 1.646963 22.855997 9142.398876 0.236177 42.936521 200.000000 42.936521
 4.200000 -0.559548 0.828798 0.574258 0.818674 -0.593841 0.611698 0.828798 -0.559548 0.818674 0.574258 11.889391 4755.756362 0.483988 -12.059409 200.000000 -12.059409 11.352472 4540.988966 -0.222614 41.978370 200.000000 41.978370 33.228992 13291.596688 0.242228 1.781510 200.000000 1.781510 16.902533 6761.013346 0.163131 49.181927 200.000000 49.181927
 4.400000 -0.380605 0.924738 0.305360 0.952237 -0.390451 0.310316 0.924738 -0.380605 0.952237 0.305360 15.670902 6268.360779 0.528873 -15.484429 200.000000 -15.484429 5.228464 2091.385572 -0.151947 45.733049 200.000000 45.733049 50.591010 20236.404137 0.240963 1.944452 200.000000 1.944452 4.634328 1853.731154 0.090085 53.968207 200.000000 53.968207
 4.600000 -0.155668 0.987810 0.053978 0.998542 -0.156303 0.054004 0.987810 -0.155668 0.998542 0.053978 17.143892 6857.556923 0.573758 -19.169494 200.000000 -19.169494 0.553355 221.341891 -0.081280 47.721135 200.000000 47.721135 57.584371 23033.748272 0.239698 2.133045 200.000000 2.133045 0.136446 54.578460 0.017039 55.311499 200.000000 55.311499
 4.800000 0.023745 0.999718 -0.381707 0.924284 0.023747 -0.391642 0.999718 0.023745 0.924284 -0.381707 14.521850 5808.739865 0.618643 -22.755229 200.000000 -22.755229 0.118042 47.216619 -0.010613 47.788771 200.000000 47.788771 47.039020 18815.607887 0.238434 2.321680 200.000000 2.321680 10.608009 4243.203698 -0.056007 54.063319 200.000000 54.063319
 5.000000 0.086194 0.996278 -0.437396 0.899269 0.086301 -0.452701 0.996278 0.086194 0.899269 -0.437396 11.072309 4428.923697 0.663528 -25.935255 200.000000 -25.935255 0.068329 27.331465 0.060055 47.805166 200.000000 47.805166 43.837712 17535.084962 0.237169 2.493120 200.000000 2.493120 9.507494 3802.997727 -0.129053 49.633337 200.000000 49.633337
 5.200000 0.327453 0.944868 -0.661250 0.750165 0.333606 -0.722484 0.944868 0.327453 0.750165 -0.661250 5.591099 2236.439693 0.708412 -28.611752 200.000000 -28.611752 3.870312 1548.124759 0.130722 46.911426 200.000000 46.911426 26.446515 10578.605863 0.235904 2.634867 200.000000 2.634867 21.081929 8432.771455 -0.202100 43.459119 200.000000 43.459119
 5.400000 0.158566 0.987348 -0.749460 0.662050 0.159238 -0.847246 0.987348 0.158566 0.662050 -0.749460 5.477986 2191.194240 0.753297 -30.581250 200.000000 -30.581250 0.183380 73.352115 0.201389 44.929425 200.000000 44.929425 18.268007 7307.202773 0.234639 2.756826 200.000000 2.756826 22.497400 8998.959942 -0.275146 36.904210 200.000000 36.904210
 5.600000 0.377788 0.925892 -0.865003 0.501766 0.387406 -1.045157 0.925892 0.377788 0.501766 -0.865003 1.630978 652.391352 0.798182 -32.100293 200.000000 -32.100293 1.117926 447.170313 0.272056 43.735610 200.000000 43.735610 7.203428 2881.371106 0.233374 2.853079 200.000000 2.853079 26.709422 10683.768995 -0.348192 29.962922 200.000000 29.962922
 5.800000 0.401291 0.915951 -0.849884 0.526970 0.412926 -1.015765 0.915951 0.401291 0.526970 -0.849884 0.531199 212.479588 0.843067 -32.933239 200.000000 -32.933239 0.343017 137.206970 0.342723 42.399062 200.000000 42.399062 8.694299 3477.719430 0.232109 2.927891 200.000000 2.927891 18.373731 7349.492596 -0.421238 23.204326 200.000000 23.204326
 6.000000 0.455490 0.890241 -0.917110 0.398634 0.472922 -1.160770 0.890241 0.455490 0.398634 -0.917110 0.000524 0.209564 0.887952 -33.136530 200.000000 -33.136530 0.177235 70.893884 0.413390 41.274328 200.000000 41.274328 2.815342 1126.136661 0.230844 2.987297 200.000000 2.987297 17.878181 7151.272538 -0.494284 16.977551 200.000000 16.977551
 6.200000 0.509499 0.860471 -0.918018 0.396539 0.534602 -1.163053 0.860471 0.509499 0.396539 -0.918018 0.164004 65.601588 0.900969 -33.089790 200.000000 -33.089790 0.571761 228.704499 0.433884 41.046894 200.000000 41.046894 2.787562 1115.024983 0.229579 3.029717 200.000000 3.029717 12.298172 4919.268866 -0.567330 11.348656 200.000000 11.348656
 6.400000 0.495611 0.868545 -0.920261 0.391306 0.518538 -1.168746 0.868545 0.495611 0.391306 -0.920261 0.105133 42.053324 0.900969 -33.089790 200.000000 -33.089790 0.381026 152.410255 0.433884 41.046894 200.000000 41.046894 2.656626 1062.650411 0.228314 3.064595 200.000000 3.064595 7.833516 3133.406582 -0.640376 6.603467 200.000000 6.603467
 6.600000 0.490998 0.871161 -0.967468 0.252992 0.513235 -1.315024 0.871161 0.490998 0.252992 -0.967468 0.088852 35.540829 0.900969 -33.089790 200.000000 -33.089790 0.326202 130.480709 0.433884 41.046894 200.000000 41.046894 0.067304 26.921534 0.227049 3.091540 200.000000 3.091540 6.453918 2581.567388 -0.713423 2.740268 200.000000 2.740268
 6.800000 0.426485 0.904495 -0.976118 0.217241 0.440603 -1.351809 0.904495 0.426485 0.217241 -0.976118 0.001243 0.497292 0.900969 -33.089790 200.000000 -33.089790 0.005475 2.189881 0.433884 41.046894 200.000000 41.046894 0.007299 2.919590 0.225784 3.109687 200.000000 3.109687 3.596681 1438.672477 -0.786469 -0.226873 200.000000 -0.226873
 7.000000 0.545703 0.837979 -0.975276 0.220989 0.577228 -1.347968 0.837979 0.545703 0.220989 -0.975276 0.396775 158.709856 0.900969 -33.089790 200.000000 -33.089790 1.250349 500.139725 0.433884 41.046894 200.000000 41.046894 0.001246 0.498549 0.224520 3.122769 200.000000 3.122769 1.340068 536.027147 -0.859515 -2.230332 200.000000 -2.230332
 7.200000 0.483696 0.875236 -0.975325 0.220775 0.504872 -1.348188 0.875236 0.483696 0.220775 -0.975325 0.066217 26.486894 0.900969 -33.089790 200.000000 -33.089790 0.248125 99.249824 0.433884 41.046894 200.000000 41.046894 0.000615 0.246025 0.223255 3.130557 200.000000 3.130557 0.182874 73.149469 -0.932561 -3.255723 200.000000 -3.255723
 7.400000 0.475517 0.879706 -0.961230 0.275749 0.495552 -1.291427 0.879706 0.475517 0.275749 -0.961230 0.045209 18.083579 0.900969 -33.089790 200.000000 -33.089790 0.173334 69.333506 0.433884 41.046894 200.000000 41.046894 0.283327 113.330824 0.222521 3.133633 200.000000 3.133633 0.018764 7.505796 -0.974928 -3.383359 200.000000 -3.383359
 7.600000 0.472534 0.881312 -0.966448 0.256861 0.492164 -1.311024 0.881312 0.472534 0.256861 -0.966448 0.038637 15.454935 0.900969 -33.089790 200.000000 -33.089790 0.149384 59.753452 0.433884 41.046894 200.000000 41.046894 0.117921 47.168253 0.222521 3.133633 200.000000 3.133633 0.007190 2.876026 -0.974928 -3.383359 200.000000 -3.383359
 7.800000 0.567170 0.823601 -0.980111 0.198448 0.603065 -1.371022 0.823601 0.567170 0.198448 -0.980111 0.598580 239.431845 0.900969 -33.089790 200.000000 -33.089790 1.776515 710.606097 0.433884 41.046894 200.000000 41.046894 0.057950 23.180186 0.222521 3.133633 200.000000 3.133633 0.002687 1.074747 -0.974928 -3.383359 200.000000 -3.383359
 8.000000 0.529088 0.848567 -0.990656 0.136384 0.557525 -1.433986 0.848567 0.529088 0.136384 -0.990656 0.274596 109.838364 0.900969 -33.089790 200.000000 -33.089790 0.906385 362.553971 0.433884 41.046894 200.000000 41.046894 0.741957 296.782832 0.222521 3.133633 200.000000 3.133633 0.024737 9.894969 -0.974928 -3.383359 200.000000 -3.383359
 8.200000 0.433669 0.901072 -0.955773 0.294104 0.448561 -1.272279 0.901072 0.433669 0.294104 -0.955773 0.000001 0.000426 0.900969 -33.089790 200.000000 -33.089790 0.000005 0.001838 0.433884 41.046894 200.000000 41.046894 0.512410 204.964147 0.222521 3.133633 200.000000 3.133633 0.036689 14.675673 -0.974928 -3.383359 200.000000 -3.383359
 8.400000 0.382044 0.924144 -0.977417 0.211320 0.392007 -1.357871 0.924144 0.382044 0.211320 -0.977417 0.053710 21.483808 0.900969 -33.089790 200.000000 -33.089790 0.268737 107.494821 0.433884 41.046894 200.000000 41.046894 0.012547 5.018703 0.222521 3.133633 200.000000 3.133633 0.000620 0.247821 -0.974928 -3.383359 200.000000 -3.383359
 8.600000 0.561911 0.827198 -0.982414 0.186714 0.596694 -1.382980 0.827198 0.561911 0.186714 -0.982414 0.544219 217.687738 0.900969 -33.089790 200.000000 -33.089790 1.639100 655.639960 0.433884 41.046894 200.000000 41.046894 0.128211 51.284375 0.222521 3.133633 200.000000 3.133633 0.005605 2.241805 -0.974928 -3.383359 200.000000 -3.383359
 8.800000 0.502376 0.864649 -0.977930 0.208933 0.526345 -1.360313 0.864649 0.502376 0.208933 -0.977930 0.131912 52.764952 0.900969 -33.089790 200.000000 -33.089790 0.469122 187.648941 0.433884 41.046894 200.000000 41.046894 0.018464 7.385639 0.222521 3.133633 200.000000 3.133633 0.000901 0.360508 -0.974928 -3.383359 200.000000 -3.383359
 9.000000 0.433606 0.901102 -0.972552 0.232685 0.448491 -1.335959 0.901102 0.433606 0.232685 -0.972552 0.000002 0.000713 0.900969 -33.089790 200.000000 -33.089790 0.000008 0.003076 0.433884 41.046894 200.000000 41.046894 0.010331 4.132355 0.222521 3.133633 200.000000 3.133633 0.000564 0.225771 -0.974928 -3.383359 200.000000 -3.383359
 9.200000 0.369911 0.929067 -0.970929 0.239366 0.378913 -1.329083 0.929067 0.369911 0.239366 -0.970929 0.078952 31.580720 0.900969 -33.089790 200.000000 -33.089790 0.409252 163.700918 0.433884 41.046894 200.000000 41.046894 0.028377 11.350717 0.222521 3.133633 200.000000 3.133633 0.001599 0.639548 -0.974928 -3.383359 200.000000 -3.383359
 9.400000 0.467488 0.884000 -0.972544 0.232720 0.486447 -1.335923 0.884000 0.467488 0.232720 -0.972544 0.028795 11.518170 0.900969 -33.089790 200.000000 -33.089790 0.112922 45.168656 0.433884 41.046894 200.000000 41.046894 0.010403 4.161049 0.222521 3.133633 200.000000 3.133633 0.000568 0.227375 -0.974928 -3.383359 200.000000 -3.383359
 9.600000 0.497927 0.867219 -0.973819 0.227323 0.521207 -1.341469 0.867219 0.497927 0.227323 -0.973819 0.113907 45.562793 0.900969 -33.089790 200.000000 -33.089790 0.410158 164.063249 0.433884 41.046894 200.000000 41.046894 0.002306 0.922343 0.222521 3.133633 200.000000 3.133633 0.000123 0.049148 -0.974928 -3.383359 200.000000 -3.383359
 9.800000 0.513501 0.858089 -0.969330 0.245764 0.539259 -1.322488 0.858089 0.513501 0.245764 -0.969330 0.183866 73.546594 0.900969 -33.089790 200.000000 -33.089790 0.633885 253.554014 0.433884 41.046894 200.000000 41.046894 0.054026 21.610392 0.222521 3.133633 200.000000 3.133633 0.003134 1.253650 -0.974928 -3.383359 200.000000 -3.383359
 10.000000 0.397516 0.917595 -0.967412 0.253206 0.408809 -1.314803 0.917595 0.397516 0.253206 -0.967412 0.027643 11.057271 0.900969 -33.089790 200.000000 -33.089790 0.132259 52.903576 0.433884 41.046894 200.000000 41.046894 0.094160 37.663992 0.222521 3.133633 200.000000 3.133633 0.005648 2.259394 -0.974928 -3.383359 200.000000 -3.383359
 10.200000 0.409618 0.912257 -0.979031 0.203714 0.422036 -1.365647 0.912257 0.409618 0.203714 -0.979031 0.012742 5.096867 0.900969 -33.089790 200.000000 -33.089790 0.058881 23.552379 0.433884 41.046894 200.000000 41.046894 0.035371 14.148598 0.222521 3.133633 200.000000 3.133633 0.001683 0.673256 -0.974928 -3.383359 200.000000 -3.383359
 10.400000 0.513397 0.858151 -0.971886 0.235451 0.539139 -1.333114 0.858151 0.513397 0.235451 -0.971886 0.183336 73.334543 0.900969 -33.089790 200.000000 -33.089790 0.632240 252.895934 0.433884 41.046894 200.000000 41.046894 0.016719 6.687604 0.222521 3.133633 200.000000 3.133633 0.000925 0.370083 -0.974928 -3.383359 200.000000 -3.383359
 10.600000 0.460375 0.887724 -0.974336 0.225099 0.478418 -1.343751 0.887724 0.460375 0.225099 -0.974336 0.017541 7.016535 0.900969 -33.089790 200.000000 -33.089790 0.070179 28.071656 0.433884 41.046894 200.000000 41.046894 0.000665 0.265909 0.222521 3.133633 200.000000 3.133633 0.000035 0.014022 -0.974928 -3.383359 200.000000 -3.383359
 10.800000 0.503523 0.863982 -0.984355 0.176197 0.527671 -1.393675 0.863982 0.503523 0.176197 -0.984355 0.136803 54.721094 0.900969 -33.089790 200.000000 -33.089790 0.484958 193.983227 0.433884 41.046894 200.000000 41.046894 0.214592 85.836608 0.222521 3.133633 200.000000 3.133633 0.008887 3.554755 -0.974928 -3.383359 200.000000 -3.383359
 11.000000 0.500288 0.865859 -0.980549 0.196273 0.523931 -1.373241 0.865859 0.500288 0.196273 -0.980549 0.123270 49.307958 0.900969 -33.089790 200.000000 -33.089790 0.440953 176.381108 0.433884 41.046894 200.000000 41.046894 0.068897 27.558608 0.222521 3.133633 200.000000 3.133633 0.003160 1.264015 -0.974928 -3.383359 200.000000 -3.383359
 11.200000 0.388858 0.921298 -0.965867 0.259038 0.399391 -1.308771 0.921298 0.388858 0.259038 -0.965867 0.041327 16.530650 0.900969 -33.089790 200.000000 -33.089790 0.202734 81.093683 0.433884 41.046894 200.000000 41.046894 0.133346 53.338466 0.222521 3.133633 200.000000 3.133633 0.008210 3.283819 -0.974928 -3.383359 200.000000 -3.383359
 11.400000 0.460869 0.887468 -0.956098 0.293049 0.478974 -1.273382 0.887468 0.460869 0.293049 -0.956098 0.018227 7.290814 0.900969 -33.089790 200.000000 -33.089790 0.072821 29.128434 0.433884 41.046894 200.000000 41.046894 0.497415 198.966015 0.222521 3.133633 200.000000 3.133633 0.035458 14.183303 -0.974928 -3.383359 200.000000 -3.383359
 11.600000 0.540202 0.841535 -0.978818 0.204731 0.570677 -1.364608 0.841535 0.540202 0.204731 -0.978818 0.353235 141.294098 0.900969 -33.089790 200.000000 -33.089790 1.130361 452.144376 0.433884 41.046894 200.000000 41.046894 0.031650 12.659898 0.222521 3.133633 200.000000 3.133633 0.001514 0.605426 -0.974928 -3.383359 200.000000 -3.383359
 11.800000 0.512311 0.858800 -0.980890 0.194563 0.537873 -1.374985 0.858800 0.512311 0.194563 -0.980890 0.177821 71.128343 0.900969 -33.089790 200.000000 -33.089790 0.615082 246.032800 0.433884 41.046894 200.000000 41.046894 0.078167 31.266833 0.222521 3.133633 200.000000 3.133633 0.003555 1.421913 -0.974928 -3.383359 200.000000 -3.383359
 12.000000 0.507863 0.861438 -0.980968 0.194169 0.532702 -1.375386 0.861438 0.507863 0.194169 -0.980968 0.156270 62.508162 0.900969 -33.089790 200.000000 -33.089790 0.547294 218.917602 0.433884 41.046894 200.000000 41.046894 0.080381 32.152278 0.222521 3.133633 200.000000 3.133633 0.003648 1.459309 -0.974928 -3.383359 200.000000 -3.383359
 12.200000 0.458919 0.888478 -0.942840 0.333246 0.476778 -1.231052 0.888478 0.458919 0.333246 -0.942840 0.015601 6.240551 0.900969 -33.089790 200.000000 -33.089790 0.062674 25.069755 0.433884 41.046894 200.000000 41.046894 1.226014 490.405425 0.222521 3.133633 200.000000 3.133633 0.102965 41.185976 -0.974928 -3.383359 200.000000 -3.383359
 12.400000 0.402572 0.915388 -0.963225 0.268697 0.414325 -1.298756 0.915388 0.402572 0.268697 -0.963225 0.020792 8.316637 0.900969 -33.089790 200.000000 -33.089790 0.098040 39.216052 0.433884 41.046894 200.000000 41.046894 0.213227 85.290921 0.222521 3.133633 200.000000 3.133633 0.013697 5.478683 -0.974928 -3.383359 200.000000 -3.383359
 12.600000 0.527563 0.849516 -0.975596 0.219574 0.555730 -1.349418 0.849516 0.527563 0.219574 -0.975596 0.264742 105.896844 0.900969 -33.089790 200.000000 -33.089790 0.877585 351.033822 0.433884 41.046894 200.000000 41.046894 0.000868 0.347292 0.222521 3.133633 200.000000 3.133633 0.000045 0.017841 -0.974928 -3.383359 200.000000 -3.383359
 12.800000 0.503359 0.864078 -0.975229 0.221196 0.527482 -1.347756 0.864078 0.503359 0.221196 -0.975229 0.136097 54.438867 0.900969 -33.089790 200.000000 -33.089790 0.482678 193.071147 0.433884 41.046894 200.000000 41.046894 0.000176 0.070256 0.222521 3.133633 200.000000 3.133633 0.000009 0.003637 -0.974928 -3.383359 200.000000 -3.383359
 13.000000 0.408570 0.912727 -0.977460 0.211123 0.420886 -1.358073 0.912727 0.408570 0.211123 -0.977460 0.013826 5.530341 0.900969 -33.089790 200.000000 -33.089790 0.064081 25.632401 0.433884 41.046894 200.000000 41.046894 0.012992 5.196737 0.222521 3.133633 200.000000 3.133633 0.000641 0.256369 -0.974928 -3.383359 200.000000 -3.383359
 13.200000 0.447466 0.894301 -0.973612 0.228208 0.463930 -1.340559 0.894301 0.447466 0.228208 -0.973612 0.004446 1.778419 0.900969 -33.089790 200.000000 -33.089790 0.018447 7.378993 0.433884 41.046894 200.000000 41.046894 0.003235 1.293873 0.222521 3.133633 200.000000 3.133633 0.000173 0.069232 -0.974928 -3.383359 200.000000 -3.383359
 13.400000 0.463397 0.886151 -0.979174 0.203022 0.481825 -1.366353 0.886151 0.463397 0.203022 -0.979174 0.021958 8.783296 0.900969 -33.089790 200.000000 -33.089790 0.087106 34.842360 0.433884 41.046894 200.000000 41.046894 0.038020 15.208027 0.222521 3.133633 200.000000 3.133633 0.001803 0.721216 -0.974928 -3.383359 200.000000 -3.383359
 13.600000 0.440575 0.897716 -0.981092 0.193543 0.456239 -1.376024 0.897716 0.440575 0.193543 -0.981092 0.001058 0.423267 0.900969 -33.089790 200.000000 -33.089790 0.004477 1.790796 0.433884 41.046894 200.000000 41.046894 0.083971 33.588434 0.222521 3.133633 200.000000 3.133633 0.003799 1.519721 -0.974928 -3.383359 200.000000 -3.383359
 13.800000 0.429976 0.902840 -0.987758 0.155991 0.444466 -1.414166 0.902840 0.429976 0.155991 -0.987758 0.000350 0.140078 0.900969 -33.089790 200.000000 -33.089790 0.001527 0.610753 0.433884 41.046894 200.000000 41.046894 0.442622 177.048704 0.222521 3.133633 200.000000 3.133633 0.016462 6.584918 -0.974928 -3.383359 200.000000 -3.383359
 14.000000 0.417387 0.908729 -0.975923 0.218117 0.430568 -1.350911 0.908729 0.417387 0.218117 -0.975923 0.006022 2.408731 0.900969 -33.089790 200.000000 -33.089790 0.027215 10.885920 0.433884 41.046894 200.000000 41.046894 0.001939 0.775666 0.222521 3.133633 200.000000 3.133633 0.000099 0.039572 -0.974928 -3.383359 200.000000 -3.383359
 14.200000 0.423471 0.905910 -0.983198 0.182542 0.437274 -1.387225 0.905910 0.423471 0.182542 -0.983198 0.002441 0.976427 0.900969 -33.089790 200.000000 -33.089790 0.010842 4.336872 0.433884 41.046894 200.000000 41.046894 0.159834 63.933671 0.222521 3.133633 200.000000 3.133633 0.006840 2.735852 -0.974928 -3.383359 200.000000 -3.383359
 14.400000 0.513579 0.858042 -0.980965 0.194184 0.539351 -1.375371 0.858042 0.513579 0.194184 -0.980965 0.184270 73.707836 0.900969 -33.089790 200.000000 -33.089790 0.635136 254.054224 0.433884 41.046894 200.000000 41.046894 0.080299 32.119472 0.222521 3.133633 200.000000 3.133633 0.003645 1.457925 -0.974928 -3.383359 200.000000 -3.383359
 14.600000 0.531951 0.846775 -0.991651 0.128955 0.560903 -1.441482 0.846775 0.531951 0.128955 -0.991651 0.293694 117.477414 0.900969 -33.089790 200.000000 -33.089790 0.961712 384.684618 0.433884 41.046894 200.000000 41.046894 0.875466 350.186469 0.222521 3.133633 200.000000 3.133633 0.027964 11.185798 -0.974928 -3.383359 200.000000 -3.383359
 14.800000 0.379209 0.925311 -0.962035 0.272924 0.388941 -1.294365 0.925311 0.379209 0.272924 -0.962035 0.059255 23.701849 0.900969 -33.089790 200.000000 -33.089790 0.298935 119.574077 0.433884 41.046894 200.000000 41.046894 0.254051 101.620546 0.222521 3.133633 200.000000 3.133633 0.016622 6.648601 -0.974928 -3.383359 200.000000 -3.383359
 15.000000 0.440679 0.897665 -0.967908 0.251306 0.456354 -1.316767 0.897665 0.440679 0.251306 -0.967908 0.001092 0.436627 0.900969 -33.089790 200.000000 -33.089790 0.004617 1.846779 0.433884 41.046894 200.000000 41.046894 0.082857 33.142794 0.222521 3.133633 200.000000 3.133633 0.004928 1.971316 -0.974928 -3.383359 200.000000 -3.383359
 15.200000 0.509483 0.860481 -0.974869 0.222779 0.534584 -1.346132 0.860481 0.509483 0.222779 -0.974869 0.163930 65.572194 0.900969 -33.089790 200.000000 -33.089790 0.571530 228.611807 0.433884 41.046894 200.000000 41.046894 0.000007 0.002668 0.222521 3.133633 200.000000 3.133633 0.000000 0.000139 -0.974928 -3.383359 200.000000 -3.383359
 15.400000 0.512389 0.858754 -0.969974 0.243208 0.537964 -1.325125 0.858754 0.512389 0.243208 -0.969974 0.178213 71.285194 0.900969 -33.089790 200.000000 -33.089790 0.616304 246.521736 0.433884 41.046894 200.000000 41.046894 0.042795 17.117860 0.222521 3.133633 200.000000 3.133633 0.002454 0.981567 -0.974928 -3.383359 200.000000 -3.383359
 15.600000 0.429195 0.903212 -0.967190 0.254054 0.443601 -1.313927 0.903212 0.429195 0.254054 -0.967190 0.000503 0.201250 0.900969 -33.089790 200.000000 -33.089790 0.002199 0.879420 0.433884 41.046894 200.000000 41.046894 0.099431 39.772407 0.222521 3.133633 200.000000 3.133633 0.005987 2.394927 -0.974928 -3.383359 200.000000 -3.383359
 15.800000 0.531103 0.847307 -0.968403 0.249389 0.559902 -1.318747 0.847307 0.531103 0.249389 -0.968403 0.287958 115.183222 0.900969 -33.089790 200.000000 -33.089790 0.945162 378.064896 0.433884 41.046894 200.000000 41.046894 0.072189 28.875730 0.222521 3.133633 200.000000 3.133633 0.004257 1.702776 -0.974928 -3.383359 200.000000 -3.383359
 16.000000 0.539569 0.841942 -0.966440 0.256893 0.569925 -1.310991 0.841942 0.539569 0.256893 -0.966440 0.348421 139.368545 0.900969 -33.089790 200.000000 -33.089790 1.116929 446.771597 0.433884 41.046894 200.000000 41.046894 0.118141 47.256424 0.222521 3.133633 200.000000 3.133633 0.007205 2.881813 -0.974928 -3.383359 200.000000 -3.383359
 16.200000 0.460892 0.887456 -0.960454 0.278439 0.479000 -1.288628 0.887456 0.460892 0.278439 -0.960454 0.018260 7.303817 0.900969 -33.089790 200.000000 -33.089790 0.072946 29.178478 0.433884 41.046894 200.000000 41.046894 0.312680 125.072031 0.222521 3.133633 200.000000 3.133633 0.020949 8.379775 -0.974928 -3.383359 200.000000 -3.383359
 16.400000 0.473419 0.880837 -0.968884 0.247517 0.493168 -1.320680 0.880837 0.473419 0.247517 -0.968884 0.040528 16.211037 0.900969 -33.089790 200.000000 -33.089790 0.156303 62.521212 0.433884 41.046894 200.000000 41.046894 0.062480 24.991869 0.222521 3.133633 200.000000 3.133633 0.003653 1.461356 -0.974928 -3.383359 200.000000 -3.383359
 16.600000 0.526559 0.850138 -0.950141 0.311820 0.554548 -1.253688 0.850138 0.526559 0.311820 -0.950141 0.258374 103.349406 0.900969 -33.089790 200.000000 -33.089790 0.858876 343.550259 0.433884 41.046894 200.000000 41.046894 0.797440 318.975983 0.222521 3.133633 200.000000 3.133633 0.061439 24.575535 -0.974928 -3.383359 200.000000 -3.383359
 16.800000 0.425914 0.904764 -0.955566 0.294778 0.439972 -1.271573 0.904764 0.425914 0.294778 -0.955566 0.001440 0.576059 0.900969 -33.089790 200.000000 -33.089790 0.006352 2.540863 0.433884 41.046894 200.000000 41.046894 0.522114 208.845694 0.222521 3.133633 200.000000 3.133633 0.037490 14.995904 -0.974928 -3.383359 200.000000 -3.383359
 17.000000 0.544800 0.838566 -0.947019 0.321178 0.576150 -1.243823 0.838566 0.544800 0.321178 -0.947019 0.389410 155.764074 0.900969 -33.089790 200.000000 -33.089790 1.230238 492.095112 0.433884 41.046894 200.000000 41.046894 0.973316 389.326525 0.222521 3.133633 200.000000 3.133633 0.077891 31.156436 -0.974928 -3.383359 200.000000 -3.383359
 17.200000 0.484878 0.874582 -0.982192 0.187879 0.506224 -1.381794 0.874582 0.484878 0.187879 -0.982192 0.069629 27.851541 0.900969 -33.089790 200.000000 -33.089790 0.260045 104.018146 0.433884 41.046894 200.000000 41.046894 0.120004 48.001429 0.222521 3.133633 200.000000 3.133633 0.005277 2.110740 -0.974928 -3.383359 200.000000 -3.383359
 17.400000 0.470597 0.882349 -0.959509 0.281678 0.489967 -1.285253 0.882349 0.470597 0.281678 -0.959509 0.034672 13.868686 0.900969 -33.089790 200.000000 -33.089790 0.134783 53.913116 0.433884 41.046894 200.000000 41.046894 0.349961 139.984507 0.222521 3.133633 200.000000 3.133633 0.023775 9.509891 -0.974928 -3.383359 200.000000 -3.383359
 17.600000 0.461502 0.887139 -0.978915 0.204268 0.479688 -1.365080 0.887139 0.461502 0.204268 -0.978915 0.019126 7.650548 0.900969 -33.089790 200.000000 -33.089790 0.076278 30.511212 0.433884 41.046894 200.000000 41.046894 0.033317 13.326660 0.222521 3.133633 200.000000 3.133633 0.001590 0.635870 -0.974928 -3.383359 200.000000 -3.383359
 17.800000 0.573394 0.819279 -0.981697 0.190451 0.610643 -1.379174 0.819279 0.573394 0.190451 -0.981697 0.667316 266.926420 0.900969 -33.089790 200.000000 -33.089790 1.946323 778.529368 0.433884 41.046894 200.000000 41.046894 0.102846 41.138460 0.222521 3.133633 200.000000 3.133633 0.004582 1.832630 -0.974928 -3.383359 200.000000 -3.383359
 18.000000 0.495648 0.868523 -0.988748 0.149591 0.518581 -1.420641 0.868523 0.495648 0.149591 -0.988748 0.105271 42.108249 0.900969 -33.089790 200.000000 -33.089790 0.381484 152.593485 0.433884 41.046894 200.000000 41.046894 0.531873 212.749137 0.222521 3.133633 200.000000 3.133633 0.019099 7.639698 -0.974928 -3.383359 200.000000 -3.383359
 18.200000 0.416975 0.908918 -0.967081 0.254469 0.430114 -1.313498 0.908918 0.416975 0.254469 -0.967081 0.006319 2.527623 0.900969 -33.089790 200.000000 -33.089790 0.028592 11.436698 0.433884 41.046894 200.000000 41.046894 0.102065 40.826100 0.222521 3.133633 200.000000 3.133633 0.006157 2.462936 -0.974928 -3.383359 200.000000 -3.383359
 18.400000 0.441594 0.897215 -0.981874 0.189536 0.457374 -1.380107 0.897215 0.441594 0.189536 -0.981874 0.001409 0.563591 0.900969 -33.089790 200.000000 -33.089790 0.005944 2.377622 0.433884 41.046894 200.000000 41.046894 0.108800 43.519838 0.222521 3.133633 200.000000 3.133633 0.004824 1.929783 -0.974928 -3.383359 200.000000 -3.383359
 18.600000 0.510852 0.859668 -0.974734 0.223371 0.536176 -1.345525 0.859668 0.510852 0.223371 -0.974734 0.170572 68.228981 0.900969 -33.089790 200.000000 -33.089790 0.592417 236.966880 0.433884 41.046894 200.000000 41.046894 0.000072 0.028904 0.222521 3.133633 200.000000 3.133633 0.000004 0.001512 -0.974928 -3.383359 200.000000 -3.383359
 18.800000 0.491149 0.871076 -0.989177 0.146726 0.513408 -1.423538 0.871076 0.491149 0.146726 -0.989177 0.089360 35.743853 0.900969 -33.089790 200.000000 -33.089790 0.327927 131.170697 0.433884 41.046894 200.000000 41.046894 0.574482 229.792799 0.222521 3.133633 200.000000 3.133633 0.020304 8.121600 -0.974928 -3.383359 200.000000 -3.383359
 19.000000 0.451620 0.892210 -0.970641 0.240534 0.468580 -1.327881 0.892210 0.451620 0.240534 -0.970641 0.007671 3.068396 0.900969 -33.089790 200.000000 -33.089790 0.031457 12.582826 0.433884 41.046894 200.000000 41.046894 0.032445 12.978175 0.222521 3.133633 200.000000 3.133633 0.001838 0.735165 -0.974928 -3.383359 200.000000 -3.383359
 19.200000 0.488907 0.872336 -0.983981 0.178272 0.510836 -1.391566 0.872336 0.488907 0.178272 -0.983981 0.081983 32.793301 0.900969 -33.089790 200.000000 -33.089790 0.302751 121.100509 0.433884 41.046894 200.000000 41.046894 0.195794 78.317789 0.222521 3.133633 200.000000 3.133633 0.008196 3.278480 -0.974928 -3.383359 200.000000 -3.383359
 19.400000 0.459313 0.888275 -0.988848 0.148929 0.477221 -1.421312 0.888275 0.459313 0.148929 -0.988848 0.016114 6.445673 0.900969 -33.089790 200.000000 -33.089790 0.064663 25.865050 0.433884 41.046894 200.000000 41.046894 0.541582 216.632830 0.222521 3.133633 200.000000 3.133633 0.019377 7.750688 -0.974928 -3.383359 200.000000 -3.383359
 19.600000 0.495396 0.868668 -0.975188 0.221379 0.518290 -1.347568 0.868668 0.495396 0.221379 -0.975188 0.104338 41.735134 0.900969 -33.089790 200.000000 -33.089790 0.378371 151.348229 0.433884 41.046894 200.000000 41.046894 0.000130 0.052176 0.222521 3.133633 200.000000 3.133633 0.000007 0.002703 -0.974928 -3.383359 200.000000 -3.383359
 19.800000 0.479916 0.877314 -0.984244 0.176816 0.500559 -1.393046 0.877314 0.479916 0.176816 -0.984244 0.055954 22.381706 0.900969 -33.089790 200.000000 -33.089790 0.211901 84.760308 0.433884 41.046894 200.000000 41.046894 0.208895 83.558007 0.222521 3.133633 200.000000 3.133633 0.008679 3.471537 -0.974928 -3.383359 200.000000 -3.383359
 20.000000 0.467683 0.883897 -0.991251 0.131990 0.486667 -1.438420 0.883897 0.467683 0.131990 -0.991251 0.029147 11.658621 0.900969 -33.089790 200.000000 -33.089790 0.114236 45.694381 0.433884 41.046894 200.000000 41.046894 0.819588 327.835029 0.222521 3.133633 200.000000 3.133633 0.026645 10.657815 -0.974928 -3.383359 200.000000 -3.383359
