#! FIELDS time sin_phi cos_phi sin_psi cos_psi phi psi cos_phi sin_phi cos_psi sin_psi restraint_phi_cos.bias restraint_phi_cos.force2 restraint_phi_cos.cos_phi_cntr restraint_phi_cos.cos_phi_work restraint_phi_cos.cos_phi_kappa restraint_phi_cos.work restraint_phi_sin.bias restraint_phi_sin.force2 restraint_phi_sin.sin_phi_cntr restraint_phi_sin.sin_phi_work restraint_phi_sin.sin_phi_kappa restraint_phi_sin.work restraint_psi_cos.bias restraint_psi_cos.force2 restraint_psi_cos.cos_psi_cntr restraint_psi_cos.cos_psi_work restraint_psi_cos.cos_psi_kappa restraint_psi_cos.work restraint_psi_sin.bias restraint_psi_sin.force2 restraint_psi_sin.sin_psi_cntr restraint_psi_sin.sin_psi_work restraint_psi_sin.sin_psi_kappa restraint_psi_sin.work
#! SET min_phi -pi
#! SET max_phi pi
#! SET min_psi -pi
#! SET max_psi pi
 0.000000 -0.999983 -0.005782 0.966116 0.258110 -1.576579 1.309731 -0.005782 -0.999983 0.258110 0.966116 0.000000 0.000000 -0.009747 0.000000 0.000000 0.000000 0.000000 0.000000 -0.999953 0.000000 0.000000 0.000000 0.000000 0.000000 0.256142 0.000000 0.000000 0.000000 0.000000 0.000000 0.966639 0.000000 0.000000 0.000000
 0.200000 -1.000000 -0.000267 0.834656 0.550772 -1.571063 0.987508 -0.000267 -1.000000 0.550772 0.834656 0.000899 0.035948 -0.009747 0.429323 20.000000 0.429323 0.000000 0.000001 -0.999953 0.008204 20.000000 0.008204 0.868064 34.722547 0.256142 0.437490 20.000000 0.437490 0.174195 6.967810 0.966639 0.079184 20.000000 0.079184
 0.400000 -0.998238 0.059344 0.982966 0.183785 -1.511417 1.385960 0.059344 -0.998238 0.183785 0.982966 0.095470 7.637587 -0.009747 0.576154 40.000000 0.576154 0.000059 0.004705 -0.999953 0.009175 40.000000 0.009175 0.104710 8.376839 0.256142 0.652617 40.000000 0.652617 0.005332 0.426530 0.966639 0.103851 40.000000 0.103851
 0.600000 -0.997906 0.064680 0.969721 0.244216 -1.506071 1.324085 0.064680 -0.997906 0.244216 0.969721 0.166180 19.941551 -0.009747 0.652741 60.000000 0.652741 0.000126 0.015077 -0.999953 0.009549 60.000000 0.009549 0.004267 0.512065 0.256142 0.812944 60.000000 0.812944 0.000285 0.034191 0.966639 0.126977 60.000000 0.126977
 0.800000 -0.999998 0.001902 0.948093 0.317994 -1.568894 1.247184 0.001902 -0.999998 0.317994 0.948093 0.005427 0.868381 -0.009747 0.745441 80.000000 0.745441 0.000000 0.000013 -0.999953 0.009931 80.000000 0.009931 0.153024 24.483797 0.256142 0.870390 80.000000 0.870390 0.013759 2.201368 0.966639 0.131254 80.000000 0.131254
 1.000000 -0.997908 -0.064646 0.983715 0.179737 -1.635487 1.390077 -0.064646 -0.997908 0.179737 0.983715 0.150695 30.139069 -0.009747 0.830208 100.000000 0.830208 0.000209 0.041788 -0.999953 0.010215 100.000000 0.010215 0.291889 58.377783 0.256142 0.906284 100.000000 0.906284 0.014579 2.915772 0.966639 0.133898 100.000000 0.133898
 1.200000 -0.998639 0.052161 0.985238 0.171190 -1.518612 1.398759 0.052161 -0.998639 0.171190 0.985238 0.229952 55.188547 -0.009747 0.926072 120.000000 0.926072 0.000104 0.024856 -0.999953 0.010632 120.000000 0.010632 0.433013 103.923142 0.256142 0.991996 120.000000 0.991996 0.020755 4.981260 0.966639 0.141236 120.000000 0.141236
 1.400000 -0.999100 0.042415 0.979964 0.199175 -1.528369 1.370280 0.042415 -0.999100 0.199175 0.979964 0.190458 53.328269 -0.009747 0.960907 140.000000 0.960907 0.000051 0.014242 -0.999953 0.010712 140.000000 0.010712 0.227170 63.607668 0.256142 1.092918 140.000000 1.092918 0.012429 3.480030 0.966639 0.149508 140.000000 0.149508
 1.600000 -0.999952 0.009799 0.961483 0.274866 -1.560997 1.292347 0.009799 -0.999952 0.274866 0.961483 0.030562 9.779977 -0.009747 1.006971 160.000000 1.006971 0.000000 0.000000 -0.999953 0.010844 160.000000 0.010844 0.028044 8.974219 0.256142 1.162367 160.000000 1.162367 0.002127 0.680659 0.966639 0.156235 160.000000 0.156235
 1.800000 -0.999845 -0.017625 0.970413 0.241453 -1.588422 1.326934 -0.017625 -0.999845 0.241453 0.970413 0.005586 2.010870 -0.009747 1.052368 180.000000 1.052368 0.000001 0.000377 -0.999953 0.010933 180.000000 0.010933 0.019421 6.991447 0.256142 1.193858 180.000000 1.193858 0.001282 0.461357 0.966639 0.158887 180.000000 0.158887
 2.000000 -0.986780 0.162067 0.941411 0.337263 -1.408011 1.226789 0.162067 -0.986780 0.337263 0.941411 2.951990 1180.796033 -0.009747 1.082555 200.000000 1.082555 0.017352 6.940857 -0.999953 0.011018 200.000000 0.011018 0.658048 263.219125 0.256142 1.220872 200.000000 1.220872 0.063647 25.458942 0.966639 0.161486 200.000000 0.161486
 2.200000 -0.999641 -0.026792 0.914825 0.403851 -1.597592 1.155074 -0.026792 -0.999641 0.403851 0.914825 0.662575 265.030060 -0.108191 1.495534 200.000000 1.495534 0.024878 9.951164 -0.983868 0.021671 200.000000 0.021671 2.121375 848.550166 0.258201 1.215340 200.000000 1.215340 0.052269 20.907621 0.891962 0.618224 200.000000 0.618224
 2.400000 -0.986057 -0.166411 0.916341 0.400398 -1.737985 1.158845 -0.166411 -0.986057 0.400398 0.916341 0.161799 64.719694 -0.206635 2.175947 200.000000 2.175947 0.033388 13.355278 -0.967784 0.069826 200.000000 0.069826 1.963848 785.539392 0.260260 1.201840 200.000000 1.201840 0.981202 392.480721 0.817286 2.083625 200.000000 2.083625
 2.600000 -0.935683 -0.352843 0.821891 0.569645 -1.931404 0.964723 -0.352843 -0.935683 0.569645 0.821891 0.228139 91.255412 -0.305079 2.578505 200.000000 2.578505 0.025656 10.262248 -0.951700 0.099046 200.000000 0.099046 9.444883 3777.953088 0.262319 1.177697 200.000000 1.177697 0.628562 251.424928 0.742609 4.523036 200.000000 4.523036
 2.800000 -0.965103 -0.261869 0.907005 0.421121 -1.835754 1.136116 -0.261869 -0.965103 0.421121 0.907005 0.222295 88.918029 -0.309017 2.554780 200.000000 2.554780 0.019732 7.892685 -0.951057 0.097763 200.000000 0.097763 2.456821 982.728545 0.264378 1.145535 200.000000 1.145535 5.715541 2286.216232 0.667933 7.964590 200.000000 7.964590
 3.000000 -0.955425 -0.295232 0.909964 0.414688 -1.870495 1.143196 -0.295232 -0.955425 0.414688 0.909964 0.019002 7.600642 -0.309017 2.554780 200.000000 2.554780 0.001909 0.763514 -0.951057 0.097763 200.000000 0.097763 2.197836 879.134208 0.266437 1.097060 200.000000 1.097060 10.030368 4012.147362 0.593256 12.289758 200.000000 12.289758
 3.200000 -0.968923 -0.247364 0.926302 0.376781 -1.820755 1.184478 -0.247364 -0.968923 0.376781 0.926302 0.380108 152.043048 -0.309017 2.554780 200.000000 2.554780 0.031920 12.767866 -0.951057 0.097763 200.000000 0.097763 1.172553 469.021132 0.268496 1.019510 200.000000 1.019510 16.623815 6649.525851 0.518579 17.238975 200.000000 17.238975
 3.400000 -0.949137 -0.314862 0.881000 0.473115 -1.891108 1.077973 -0.314862 -0.949137 0.473115 0.881000 0.003417 1.366730 -0.309017 2.554780 200.000000 2.554780 0.000368 0.147329 -0.951057 0.097763 200.000000 0.097763 4.103060 1641.223957 0.270555 0.925748 200.000000 0.925748 19.105445 7642.178017 0.443903 22.963307 200.000000 22.963307
 3.600000 -0.949211 -0.314640 0.800448 0.599402 -1.890874 0.928042 -0.314640 -0.949211 0.599402 0.800448 0.003162 1.264948 -0.309017 2.554780 200.000000 2.554780 0.000341 0.136250 -0.951057 0.097763 200.000000 0.097763 10.679041 4271.616578 0.272614 0.806584 200.000000 0.806584 18.595229 7438.091446 0.369226 29.118750 200.000000 29.118750
 3.800000 -0.957580 -0.288169 0.677312 0.735696 -1.863110 0.744103 -0.288169 -0.957580 0.735696 0.677312 0.043466 17.386367 -0.309017 2.554780 200.000000 2.554780 0.004255 1.702084 -0.951057 0.097763 200.000000 0.097763 21.254174 8501.669611 0.274673 0.678947 200.000000 0.678947 14.650730 5860.292161 0.294549 36.200516 200.000000 36.200516
 4.000000 -0.943930 -0.330146 0.706545 0.707668 -1.907255 0.784604 -0.330146 -0.943930 0.707668 0.706545 0.044645 17.857956 -0.309017 2.554780 200.000000 2.554780 0.005079 2.031624 -0.951057 0.097763 200.000000 0.097763 18.570575 7428.229839 0.276732 0.486403 200.000000 0.486403 23.684980 9473.991822 0.219873 42.255658 200.000000 42.255658
 4.200000 -0.949695 -0.313176 0.395460 0.918483 -1.889332 0.406569 -0.313176 -0.949695 0.918483 0.395460 0.001730 0.692029 -0.309017 2.554780 200.000000 2.554780 0.000185 0.074152 -0.951057 0.097763 200.000000 0.097763 40.920571 16368.228302 0.278791 0.250396 200.000000 0.250396 6.263212 2505.284713 0.145196 47.048407 200.000000 47.048407
 4.400000 -0.949219 -0.314616 0.238231 0.971209 -1.890849 0.240544 -0.314616 -0.949219 0.971209 0.238231 0.003135 1.254122 -0.309017 2.554780 200.000000 2.554780 0.000338 0.135072 -0.951057 0.097763 200.000000 0.097763 47.659475 19063.789902 0.280850 0.000160 200.000000 0.000160 2.812704 1125.081697 0.070520 52.233337 200.000000 52.233337
 4.600000 -0.972107 -0.234536 0.172621 0.984988 -1.807537 0.173490 -0.234536 -0.972107 0.984988 0.172621 0.554744 221.897643 -0.309017 2.554780 200.000000 2.554780 0.044314 17.725708 -0.951057 0.097763 200.000000 0.097763 49.291518 19716.607397 0.282909 -0.292883 200.000000 -0.292883 3.125047 1250.018869 -0.004157 52.671605 200.000000 52.671605
 4.800000 -0.958965 -0.283525 -0.346085 0.938203 -1.858264 -0.353395 -0.283525 -0.958965 0.938203 -0.346085 0.064983 25.993273 -0.309017 2.554780 200.000000 2.554780 0.006254 2.501630 -0.951057 0.097763 200.000000 0.097763 42.671615 17068.645976 0.284968 -0.577539 200.000000 -0.577539 7.142319 2856.927442 -0.078834 52.471818 200.000000 52.471818
 5.000000 -0.973515 -0.228623 -0.356051 0.934466 -1.801459 -0.364039 -0.228623 -0.973515 0.934466 -0.356051 0.646326 258.530395 -0.309017 2.554780 200.000000 2.554780 0.050439 20.175575 -0.951057 0.097763 200.000000 0.097763 41.917768 16767.107169 0.287027 -0.853028 200.000000 -0.853028 4.102289 1640.915503 -0.153510 49.848866 200.000000 49.848866
 5.200000 -0.969400 -0.245488 -0.649486 0.760373 -1.818820 -0.706908 -0.245488 -0.969400 0.760373 -0.649486 0.403592 161.436717 -0.309017 2.554780 200.000000 2.554780 0.033647 13.458748 -0.951057 0.097763 200.000000 0.097763 22.211179 8884.471422 0.289086 -1.086670 200.000000 -1.086670 17.749309 7099.723695 -0.228187 45.061705 200.000000 45.061705
 5.400000 -0.957866 -0.287215 -0.656755 0.754104 -1.862115 -0.716507 -0.287215 -0.957866 0.754104 -0.656755 0.047532 19.012736 -0.309017 2.554780 200.000000 2.554780 0.004637 1.854807 -0.951057 0.097763 200.000000 0.097763 21.433126 8573.250255 0.291145 -1.290825 200.000000 -1.290825 12.523900 5009.560173 -0.302863 39.819391 200.000000 39.819391
 5.600000 -0.957666 -0.287882 -0.692625 0.721298 -1.862811 -0.765122 -0.287882 -0.957666 0.721298 -0.692625 0.044668 17.867230 -0.309017 2.554780 200.000000 2.554780 0.004368 1.747325 -0.951057 0.097763 200.000000 0.097763 18.326446 7330.578569 0.293204 -1.452032 200.000000 -1.452032 9.927841 3971.136266 -0.377540 34.046779 200.000000 34.046779
 5.800000 -0.921624 -0.388084 -0.880208 0.474589 -1.969349 -1.076300 -0.388084 -0.921624 0.474589 -0.880208 0.625166 250.066520 -0.309017 2.554780 200.000000 2.554780 0.086628 34.651355 -0.951057 0.097763 200.000000 0.097763 3.215765 1286.306054 0.295263 -1.584314 200.000000 -1.584314 18.317635 7327.053995 -0.452217 28.540215 200.000000 28.540215
 6.000000 -0.939370 -0.342904 -0.849951 0.526862 -1.920803 -1.015891 -0.342904 -0.939370 0.526862 -0.849951 0.114836 45.934352 -0.309017 2.554780 200.000000 2.554780 0.013657 5.462713 -0.951057 0.097763 200.000000 0.097763 5.268883 2107.553366 0.297322 -1.687064 200.000000 -1.687064 10.436597 4174.638951 -0.526893 23.365493 200.000000 23.365493
 6.200000 -0.922050 -0.387070 -0.892316 0.451411 -1.968248 -1.102451 -0.387070 -0.922050 0.451411 -0.892316 0.609224 243.689522 -0.309017 2.554780 200.000000 2.554780 0.084135 33.654139 -0.951057 0.097763 200.000000 0.097763 2.311303 924.521151 0.299381 -1.768069 200.000000 -1.768069 8.453346 3381.338301 -0.601570 18.853288 200.000000 18.853288
 6.400000 -0.940902 -0.338680 -0.925982 0.377568 -1.916310 -1.183627 -0.338680 -0.940902 0.377568 -0.925982 0.087988 35.195206 -0.309017 2.554780 200.000000 2.554780 0.010312 4.124809 -0.951057 0.097763 200.000000 0.097763 0.579555 231.822152 0.301440 -1.835929 200.000000 -1.835929 6.236762 2494.704925 -0.676247 15.204617 200.000000 15.204617
 6.600000 -0.965005 -0.262230 -0.931738 0.363131 -1.836129 -1.199171 -0.262230 -0.965005 0.363131 -0.931738 0.218899 87.559548 -0.309017 2.554780 200.000000 2.554780 0.019457 7.782747 -0.951057 0.097763 200.000000 0.097763 0.355594 142.237531 0.303499 -1.871847 200.000000 -1.871847 3.269409 1307.763543 -0.750923 12.135645 200.000000 12.135645
 6.800000 -0.977908 -0.209036 -0.948723 0.316109 -1.781385 -1.249171 -0.209036 -0.977908 0.316109 -0.948723 0.999618 399.847225 -0.309017 2.554780 200.000000 2.554780 0.072100 28.839928 -0.951057 0.097763 200.000000 0.097763 0.011132 4.452882 0.305558 -1.908808 200.000000 -1.908808 1.515931 606.372281 -0.825600 10.210639 200.000000 10.210639
 7.000000 -0.965901 -0.258911 -0.902320 0.431066 -1.832691 -1.125123 -0.258911 -0.965901 0.431066 -0.902320 0.251060 100.424002 -0.309017 2.554780 200.000000 2.554780 0.022036 8.814531 -0.951057 0.097763 200.000000 0.097763 1.523965 609.586021 0.307617 -1.928807 200.000000 -1.928807 0.000418 0.167125 -0.900276 9.178490 200.000000 9.178490
 7.200000 -0.911308 -0.411726 -0.965107 0.261855 -1.995143 -1.305853 -0.411726 -0.911308 0.261855 -0.965107 1.054911 421.964414 -0.309017 2.554780 200.000000 2.554780 0.157996 63.198570 -0.951057 0.097763 200.000000 0.097763 0.222427 88.970943 0.309017 -1.932002 200.000000 -1.932002 0.019742 7.896963 -0.951057 8.974512 200.000000 8.974512
 7.400000 -0.948420 -0.317018 -0.937119 0.349011 -1.893380 -1.214281 -0.317018 -0.948420 0.349011 -0.937119 0.006401 2.560363 -0.309017 2.554780 200.000000 2.554780 0.000695 0.278119 -0.951057 0.097763 200.000000 0.097763 0.159954 63.981683 0.309017 -1.932002 200.000000 -1.932002 0.019427 7.770702 -0.951057 8.974512 200.000000 8.974512
 7.600000 -0.966291 -0.257451 -0.948631 0.316386 -1.831180 -1.248879 -0.257451 -0.966291 0.316386 -0.948631 0.265904 106.361742 -0.309017 2.554780 200.000000 2.554780 0.023210 9.283986 -0.951057 0.097763 200.000000 0.097763 0.005430 2.171880 0.309017 -1.932002 200.000000 -1.932002 0.000588 0.235392 -0.951057 8.974512 200.000000 8.974512
 7.800000 -0.942695 -0.333655 -0.967840 0.251566 -1.910975 -1.316498 -0.333655 -0.942695 0.251566 -0.967840 0.060704 24.281458 -0.309017 2.554780 200.000000 2.554780 0.006991 2.796453 -0.951057 0.097763 200.000000 0.097763 0.330060 132.024103 0.309017 -1.932002 200.000000 -1.932002 0.028169 11.267566 -0.951057 8.974512 200.000000 8.974512
 8.000000 -0.948931 -0.315484 -0.945306 0.326184 -1.891763 -1.238532 -0.315484 -0.948931 0.326184 -0.945306 0.004182 1.672680 -0.309017 2.554780 200.000000 2.554780 0.000452 0.180708 -0.951057 0.097763 200.000000 0.097763 0.029471 11.788475 0.309017 -1.932002 200.000000 -1.932002 0.003307 1.322627 -0.951057 8.974512 200.000000 8.974512
 8.200000 -0.969108 -0.246635 -0.946104 0.323862 -1.820003 -1.240987 -0.246635 -0.969108 0.323862 -0.946104 0.389153 155.661191 -0.309017 2.554780 200.000000 2.554780 0.032587 13.034933 -0.951057 0.097763 200.000000 0.097763 0.022038 8.815176 0.309017 -1.932002 200.000000 -1.932002 0.002452 0.980989 -0.951057 8.974512 200.000000 8.974512
 8.400000 -0.957467 -0.288543 -0.953027 0.302884 -1.863501 -1.263079 -0.288543 -0.957467 0.302884 -0.953027 0.041920 16.767937 -0.309017 2.554780 200.000000 2.554780 0.004109 1.643793 -0.951057 0.097763 200.000000 0.097763 0.003761 1.504388 0.309017 -1.932002 200.000000 -1.932002 0.000388 0.155364 -0.951057 8.974512 200.000000 8.974512
 8.600000 -0.961349 -0.275333 -0.965624 0.259942 -1.849732 -1.307834 -0.275333 -0.961349 0.259942 -0.965624 0.113464 45.385704 -0.309017 2.554780 200.000000 2.554780 0.010594 4.237449 -0.951057 0.097763 200.000000 0.097763 0.240836 96.334520 0.309017 -1.932002 200.000000 -1.932002 0.021222 8.488759 -0.951057 8.974512 200.000000 8.974512
 8.800000 -0.929332 -0.369246 -0.968424 0.249310 -1.948994 -1.318828 -0.369246 -0.929332 0.249310 -0.968424 0.362750 145.099837 -0.309017 2.554780 200.000000 2.554780 0.047196 18.878509 -0.951057 0.097763 200.000000 0.097763 0.356489 142.595714 0.309017 -1.932002 200.000000 -1.932002 0.030162 12.064710 -0.951057 8.974512 200.000000 8.974512
 9.000000 -0.979423 -0.201819 -0.934022 0.357215 -1.774011 -1.205512 -0.201819 -0.979423 0.357215 -0.934022 1.149143 459.657177 -0.309017 2.554780 200.000000 2.554780 0.080465 32.185966 -0.951057 0.097763 200.000000 0.097763 0.232301 92.920307 0.309017 -1.932002 200.000000 -1.932002 0.029016 11.606520 -0.951057 8.974512 200.000000 8.974512
 9.200000 -0.957002 -0.290082 -0.937376 0.348319 -1.865108 -1.215019 -0.290082 -0.957002 0.348319 -0.937376 0.035855 14.342088 -0.309017 2.554780 200.000000 2.554780 0.003535 1.413922 -0.951057 0.097763 200.000000 0.097763 0.154468 61.787264 0.309017 -1.932002 200.000000 -1.932002 0.018716 7.486373 -0.951057 8.974512 200.000000 8.974512
 9.400000 -0.915922 -0.401357 -0.972551 0.232689 -1.983794 -1.335955 -0.401357 -0.915922 0.232689 -0.972551 0.852659 341.063783 -0.309017 2.554780 200.000000 2.554780 0.123444 49.377668 -0.951057 0.097763 200.000000 0.097763 0.582600 233.039919 0.309017 -1.932002 200.000000 -1.932002 0.046202 18.480946 -0.951057 8.974512 200.000000 8.974512
 9.600000 -0.952401 -0.304848 -0.916310 0.400470 -1.880576 -1.158767 -0.304848 -0.952401 0.400470 -0.916310 0.001738 0.695106 -0.309017 2.554780 200.000000 2.554780 0.000181 0.072295 -0.951057 0.097763 200.000000 0.097763 0.836363 334.545145 0.309017 -1.932002 200.000000 -1.932002 0.120733 48.293018 -0.951057 8.974512 200.000000 8.974512
 9.800000 -0.956365 -0.292173 -0.928202 0.372076 -1.867294 -1.189552 -0.292173 -0.956365 0.372076 -0.928202 0.028372 11.348844 -0.309017 2.554780 200.000000 2.554780 0.002819 1.127409 -0.951057 0.097763 200.000000 0.097763 0.397641 159.056472 0.309017 -1.932002 200.000000 -1.932002 0.052231 20.892513 -0.951057 8.974512 200.000000 8.974512
 10.000000 -0.935226 -0.354052 -0.967775 0.251815 -1.932697 -1.316241 -0.354052 -0.935226 0.251815 -0.967775 0.202817 81.126750 -0.309017 2.554780 200.000000 2.554780 0.025062 10.024632 -0.951057 0.097763 200.000000 0.097763 0.327206 130.882411 0.309017 -1.932002 200.000000 -1.932002 0.027952 11.180806 -0.951057 8.974512 200.000000 8.974512
 10.200000 -0.943306 -0.331925 -0.926995 0.375074 -1.909139 -1.186320 -0.331925 -0.943306 0.375074 -0.926995 0.052476 20.990301 -0.309017 2.554780 200.000000 2.554780 0.006007 2.402865 -0.951057 0.097763 200.000000 0.097763 0.436349 174.539407 0.309017 -1.932002 200.000000 -1.932002 0.057896 23.158255 -0.951057 8.974512 200.000000 8.974512
 10.400000 -0.973603 -0.228248 -0.939911 0.341420 -1.801074 -1.222369 -0.228248 -0.973603 0.341420 -0.939911 0.652367 260.946800 -0.309017 2.554780 200.000000 2.554780 0.050835 20.333906 -0.951057 0.097763 200.000000 0.097763 0.104997 41.998994 0.309017 -1.932002 200.000000 -1.932002 0.012423 4.969146 -0.951057 8.974512 200.000000 8.974512
 10.600000 -0.931083 -0.364807 -0.958141 0.286298 -1.944222 -1.280436 -0.364807 -0.931083 0.286298 -0.958141 0.311257 124.502723 -0.309017 2.554780 200.000000 2.554780 0.039894 15.957640 -0.951057 0.097763 200.000000 0.097763 0.051617 20.646755 0.309017 -1.932002 200.000000 -1.932002 0.005019 2.007443 -0.951057 8.974512 200.000000 8.974512
 10.800000 -0.930141 -0.367202 -0.953616 0.301027 -1.946795 -1.265027 -0.367202 -0.930141 0.301027 -0.953616 0.338545 135.417874 -0.309017 2.554780 200.000000 2.554780 0.043744 17.497710 -0.951057 0.097763 200.000000 0.097763 0.006384 2.553516 0.309017 -1.932002 200.000000 -1.932002 0.000655 0.261951 -0.951057 8.974512 200.000000 8.974512
 11.000000 -0.946055 -0.324007 -0.932228 0.361872 -1.900758 -1.200522 -0.324007 -0.946055 0.361872 -0.932228 0.022470 8.988066 -0.309017 2.554780 200.000000 2.554780 0.002502 1.000740 -0.951057 0.097763 200.000000 0.097763 0.279361 111.744465 0.309017 -1.932002 200.000000 -1.932002 0.035452 14.180614 -0.951057 8.974512 200.000000 8.974512
 11.200000 -0.963247 -0.268618 -0.935777 0.352592 -1.842754 -1.210457 -0.268618 -0.963247 0.352592 -0.935777 0.163208 65.283262 -0.309017 2.554780 200.000000 2.554780 0.014860 5.944116 -0.951057 0.097763 200.000000 0.097763 0.189874 75.949772 0.309017 -1.932002 200.000000 -1.932002 0.023345 9.338162 -0.951057 8.974512 200.000000 8.974512
 11.400000 -0.914340 -0.404946 -0.967038 0.254631 -1.987717 -1.313331 -0.404946 -0.914340 0.254631 -0.967038 0.920246 368.098268 -0.309017 2.554780 200.000000 2.554780 0.134807 53.922893 -0.951057 0.097763 200.000000 0.097763 0.295788 118.315267 0.309017 -1.932002 200.000000 -1.932002 0.025542 10.216823 -0.951057 8.974512 200.000000 8.974512
 11.600000 -0.981165 -0.193173 -0.945786 0.324792 -1.765192 -1.240005 -0.193173 -0.981165 0.324792 -0.945786 1.341975 536.789806 -0.309017 2.554780 200.000000 2.554780 0.090650 36.259962 -0.951057 0.097763 200.000000 0.097763 0.024885 9.953924 0.309017 -1.932002 200.000000 -1.932002 0.002778 1.111344 -0.951057 8.974512 200.000000 8.974512
 11.800000 -0.949128 -0.314889 -0.922313 0.386443 -1.891136 -1.174024 -0.314889 -0.949128 0.386443 -0.922313 0.003448 1.379384 -0.309017 2.554780 200.000000 2.554780 0.000372 0.148707 -0.951057 0.097763 200.000000 0.097763 0.599481 239.792524 0.309017 -1.932002 200.000000 -1.932002 0.082618 33.047085 -0.951057 8.974512 200.000000 8.974512
 12.000000 -0.950612 -0.310381 -0.960576 0.278016 -1.886390 -1.289068 -0.310381 -0.950612 0.278016 -0.960576 0.000186 0.074414 -0.309017 2.554780 200.000000 2.554780 0.000020 0.007894 -0.951057 0.097763 200.000000 0.097763 0.096106 38.442518 0.309017 -1.932002 200.000000 -1.932002 0.009063 3.625165 -0.951057 8.974512 200.000000 8.974512
 12.200000 -0.926785 -0.375593 -0.948548 0.316632 -1.955833 -1.248619 -0.375593 -0.926785 0.316632 -0.948548 0.443236 177.294228 -0.309017 2.554780 200.000000 2.554780 0.058912 23.564772 -0.951057 0.097763 200.000000 0.097763 0.005799 2.319695 0.309017 -1.932002 200.000000 -1.932002 0.000629 0.251632 -0.951057 8.974512 200.000000 8.974512
 12.400000 -0.962172 -0.272443 -0.946917 0.321479 -1.846728 -1.243506 -0.272443 -0.962172 0.321479 -0.946917 0.133765 53.505835 -0.309017 2.554780 200.000000 2.554780 0.012355 4.942053 -0.951057 0.097763 200.000000 0.097763 0.015530 6.211871 0.309017 -1.932002 200.000000 -1.932002 0.001714 0.685499 -0.951057 8.974512 200.000000 8.974512
 12.600000 -0.963587 -0.267394 -0.942319 0.334715 -1.841484 -1.229493 -0.267394 -0.963587 0.334715 -0.942319 0.173249 69.299691 -0.309017 2.554780 200.000000 2.554780 0.015702 6.280865 -0.951057 0.097763 200.000000 0.097763 0.066040 26.415909 0.309017 -1.932002 200.000000 -1.932002 0.007634 3.053531 -0.951057 8.974512 200.000000 8.974512
 12.800000 -0.951970 -0.306190 -0.965331 0.261029 -1.881985 -1.306708 -0.306190 -0.951970 0.261029 -0.965331 0.000799 0.319681 -0.309017 2.554780 200.000000 2.554780 0.000084 0.033409 -0.951057 0.097763 200.000000 0.097763 0.230284 92.113761 0.309017 -1.932002 200.000000 -1.932002 0.020376 8.150377 -0.951057 8.974512 200.000000 8.974512
 13.000000 -0.918391 -0.395675 -0.945850 0.324605 -1.977599 -1.240202 -0.395675 -0.918391 0.324605 -0.945850 0.750956 300.382389 -0.309017 2.554780 200.000000 2.554780 0.106705 42.682157 -0.951057 0.097763 200.000000 0.097763 0.024300 9.719814 0.309017 -1.932002 200.000000 -1.932002 0.002711 1.084494 -0.951057 8.974512 200.000000 8.974512
 13.200000 -0.967005 -0.254758 -0.916136 0.400869 -1.828394 -1.158332 -0.254758 -0.967005 0.400869 -0.916136 0.294406 117.762476 -0.309017 2.554780 200.000000 2.554780 0.025435 10.174034 -0.951057 0.097763 200.000000 0.097763 0.843670 337.468079 0.309017 -1.932002 200.000000 -1.932002 0.121947 48.778823 -0.951057 8.974512 200.000000 8.974512
 13.400000 -0.940372 -0.340148 -0.947717 0.319113 -1.917871 -1.246003 -0.340148 -0.940372 0.319113 -0.947717 0.096915 38.766026 -0.309017 2.554780 200.000000 2.554780 0.011416 4.566484 -0.951057 0.097763 200.000000 0.097763 0.010192 4.076963 0.309017 -1.932002 200.000000 -1.932002 0.001115 0.446159 -0.951057 8.974512 200.000000 8.974512
 13.600000 -0.955731 -0.294242 -0.964768 0.263103 -1.869458 -1.304560 -0.294242 -0.955731 0.263103 -0.964768 0.021830 8.732184 -0.309017 2.554780 200.000000 2.554780 0.002185 0.874029 -0.951057 0.097763 200.000000 0.097763 0.210814 84.325566 0.309017 -1.932002 200.000000 -1.932002 0.018800 7.520061 -0.951057 8.974512 200.000000 8.974512
 13.800000 -0.978439 -0.206535 -0.892470 0.451107 -1.778828 -1.102791 -0.206535 -0.978439 0.451107 -0.892470 1.050266 420.106446 -0.309017 2.554780 200.000000 2.554780 0.074982 29.992713 -0.951057 0.097763 200.000000 0.097763 2.018966 807.586348 0.309017 -1.932002 200.000000 -1.932002 0.343241 137.296532 -0.951057 8.974512 200.000000 8.974512
 14.000000 -0.958400 -0.285429 -0.969355 0.245664 -1.860250 -1.322591 -0.285429 -0.958400 0.245664 -0.969355 0.055641 22.256348 -0.309017 2.554780 200.000000 2.554780 0.005393 2.157043 -0.951057 0.097763 200.000000 0.097763 0.401355 160.542057 0.309017 -1.932002 200.000000 -1.932002 0.033483 13.393295 -0.951057 8.974512 200.000000 8.974512
 14.200000 -0.911722 -0.410809 -0.969437 0.245339 -1.994137 -1.322927 -0.410809 -0.911722 0.245339 -0.969437 1.036154 414.461471 -0.309017 2.554780 200.000000 2.554780 0.154724 61.889434 -0.951057 0.097763 200.000000 0.097763 0.405489 162.195725 0.309017 -1.932002 200.000000 -1.932002 0.033786 13.514220 -0.951057 8.974512 200.000000 8.974512
 14.400000 -0.932584 -0.360954 -0.920395 0.390991 -1.940087 -1.169089 -0.360954 -0.932584 0.390991 -0.920395 0.269744 107.897598 -0.309017 2.554780 200.000000 2.554780 0.034125 13.649845 -0.951057 0.097763 200.000000 0.097763 0.671968 268.787117 0.309017 -1.932002 200.000000 -1.932002 0.094015 37.605987 -0.951057 8.974512 200.000000 8.974512
 14.600000 -0.958484 -0.285146 -0.951403 0.307949 -1.859955 -1.257760 -0.285146 -0.958484 0.307949 -0.951403 0.056985 22.793817 -0.309017 2.554780 200.000000 2.554780 0.005517 2.206834 -0.951057 0.097763 200.000000 0.097763 0.000114 0.045626 0.309017 -1.932002 200.000000 -1.932002 0.000012 0.004798 -0.951057 8.974512 200.000000 8.974512
 14.800000 -0.941340 -0.337461 -0.952212 0.305437 -1.915014 -1.260400 -0.337461 -0.941340 0.305437 -0.952212 0.080905 32.361936 -0.309017 2.554780 200.000000 2.554780 0.009442 3.776744 -0.951057 0.097763 200.000000 0.097763 0.001282 0.512796 0.309017 -1.932002 200.000000 -1.932002 0.000134 0.053447 -0.951057 8.974512 200.000000 8.974512
 15.000000 -0.963178 -0.268864 -0.911306 0.411729 -1.843010 -1.146446 -0.268864 -0.963178 0.411729 -0.911306 0.161222 64.488925 -0.309017 2.554780 200.000000 2.554780 0.014693 5.877226 -0.951057 0.097763 200.000000 0.097763 1.054980 421.992180 0.309017 -1.932002 200.000000 -1.932002 0.158009 63.203425 -0.951057 8.974512 200.000000 8.974512
 15.200000 -0.933170 -0.359434 -0.936314 0.351163 -1.938458 -1.211984 -0.359434 -0.933170 0.351163 -0.936314 0.254191 101.676378 -0.309017 2.554780 200.000000 2.554780 0.031991 12.796561 -0.951057 0.097763 200.000000 0.097763 0.177626 71.050213 0.309017 -1.932002 200.000000 -1.932002 0.021733 8.693108 -0.951057 8.974512 200.000000 8.974512
 15.400000 -0.969199 -0.246280 -0.951338 0.308150 -1.819637 -1.257549 -0.246280 -0.969199 0.308150 -0.951338 0.393587 157.434815 -0.309017 2.554780 200.000000 2.554780 0.032914 13.165408 -0.951057 0.097763 200.000000 0.097763 0.000075 0.030098 0.309017 -1.932002 200.000000 -1.932002 0.000008 0.003168 -0.951057 8.974512 200.000000 8.974512
 15.600000 -0.931178 -0.364564 -0.957496 0.288448 -1.943960 -1.278191 -0.364564 -0.931178 0.288448 -0.957496 0.308542 123.416981 -0.309017 2.554780 200.000000 2.554780 0.039514 15.805431 -0.951057 0.097763 200.000000 0.097763 0.042309 16.923698 0.309017 -1.932002 200.000000 -1.932002 0.004146 1.658486 -0.951057 8.974512 200.000000 8.974512
 15.800000 -0.968419 -0.249328 -0.923533 0.383519 -1.822782 -1.177193 -0.249328 -0.968419 0.383519 -0.923533 0.356283 142.513082 -0.309017 2.554780 200.000000 2.554780 0.030146 12.058522 -0.951057 0.097763 200.000000 0.097763 0.555057 222.022832 0.309017 -1.932002 200.000000 -1.932002 0.075755 30.301923 -0.951057 8.974512 200.000000 8.974512
 16.000000 -0.929102 -0.369823 -0.962530 0.271174 -1.949615 -1.296184 -0.369823 -0.929102 0.271174 -0.962530 0.369741 147.896421 -0.309017 2.554780 200.000000 2.554780 0.048200 19.279863 -0.951057 0.097763 200.000000 0.097763 0.143207 57.282824 0.309017 -1.932002 200.000000 -1.932002 0.013165 5.265874 -0.951057 8.974512 200.000000 8.974512
 16.200000 -0.961489 -0.274843 -0.938229 0.346015 -1.849223 -1.217476 -0.274843 -0.961489 0.346015 -0.938229 0.116784 46.713443 -0.309017 2.554780 200.000000 2.554780 0.010884 4.353478 -0.951057 0.097763 200.000000 0.097763 0.136887 54.754920 0.309017 -1.932002 200.000000 -1.932002 0.016455 6.581932 -0.951057 8.974512 200.000000 8.974512
 16.400000 -0.931947 -0.362594 -0.936899 0.349601 -1.941846 -1.213651 -0.362594 -0.931947 0.349601 -0.936899 0.287049 114.819525 -0.309017 2.554780 200.000000 2.554780 0.036516 14.606591 -0.951057 0.097763 200.000000 0.097763 0.164709 65.883622 0.309017 -1.932002 200.000000 -1.932002 0.020045 8.017922 -0.951057 8.974512 200.000000 8.974512
 16.600000 -0.929015 -0.370041 -0.950384 0.311080 -1.949850 -1.254467 -0.370041 -0.929015 0.311080 -0.950384 0.372396 148.958586 -0.309017 2.554780 200.000000 2.554780 0.048581 19.432593 -0.951057 0.097763 200.000000 0.097763 0.000426 0.170281 0.309017 -1.932002 200.000000 -1.932002 0.000045 0.018110 -0.951057 8.974512 200.000000 8.974512
 16.800000 -0.965760 -0.259437 -0.949085 0.315021 -1.833236 -1.250317 -0.259437 -0.965760 0.315021 -0.949085 0.245818 98.327122 -0.309017 2.554780 200.000000 2.554780 0.021619 8.647744 -0.951057 0.097763 200.000000 0.097763 0.003605 1.442007 0.309017 -1.932002 200.000000 -1.932002 0.000389 0.155531 -0.951057 8.974512 200.000000 8.974512
 17.000000 -0.948136 -0.317866 -0.953876 0.300200 -1.894275 -1.265894 -0.317866 -0.948136 0.300200 -0.953876 0.007831 3.132435 -0.309017 2.554780 200.000000 2.554780 0.000853 0.341285 -0.951057 0.097763 200.000000 0.097763 0.007773 3.109388 0.309017 -1.932002 200.000000 -1.932002 0.000795 0.318024 -0.951057 8.974512 200.000000 8.974512
 17.200000 -0.940675 -0.339308 -0.946808 0.321798 -1.916977 -1.243168 -0.339308 -0.940675 0.321798 -0.946808 0.091752 36.700751 -0.309017 2.554780 200.000000 2.554780 0.010777 4.310629 -0.951057 0.097763 200.000000 0.097763 0.016336 6.534220 0.309017 -1.932002 200.000000 -1.932002 0.001805 0.721884 -0.951057 8.974512 200.000000 8.974512
 17.400000 -0.958851 -0.283909 -0.944199 0.329375 -1.858664 -1.235155 -0.283909 -0.958851 0.329375 -0.944199 0.063043 25.217073 -0.309017 2.554780 200.000000 2.554780 0.006076 2.430359 -0.951057 0.097763 200.000000 0.097763 0.041445 16.577903 0.309017 -1.932002 200.000000 -1.932002 0.004702 1.880913 -0.951057 8.974512 200.000000 8.974512
 17.600000 -0.963669 -0.267100 -0.958877 0.283821 -1.841179 -1.283019 -0.267100 -0.963669 0.283821 -0.958877 0.175704 70.281682 -0.309017 2.554780 200.000000 2.554780 0.015907 6.362831 -0.951057 0.097763 200.000000 0.097763 0.063482 25.392959 0.309017 -1.932002 200.000000 -1.932002 0.006116 2.446522 -0.951057 8.974512 200.000000 8.974512
 17.800000 -0.917882 -0.396854 -0.923839 0.382781 -1.978883 -1.177992 -0.396854 -0.917882 0.382781 -0.923839 0.771531 308.612551 -0.309017 2.554780 200.000000 2.554780 0.110056 44.022443 -0.951057 0.097763 200.000000 0.097763 0.544110 217.643845 0.309017 -1.932002 200.000000 -1.932002 0.074078 29.631284 -0.951057 8.974512 200.000000 8.974512
 18.000000 -0.944725 -0.327865 -0.936128 0.351659 -1.904839 -1.211454 -0.327865 -0.944725 0.351659 -0.936128 0.035524 14.209725 -0.309017 2.554780 200.000000 2.554780 0.004009 1.603715 -0.951057 0.097763 200.000000 0.097763 0.181835 72.733817 0.309017 -1.932002 200.000000 -1.932002 0.022286 8.914248 -0.951057 8.974512 200.000000 8.974512
 18.200000 -0.967809 -0.251686 -0.949769 0.312952 -1.825218 -1.252496 -0.251686 -0.967809 0.312952 -0.949769 0.328684 131.473779 -0.309017 2.554780 200.000000 2.554780 0.028064 11.225762 -0.951057 0.097763 200.000000 0.097763 0.001549 0.619487 0.309017 -1.932002 200.000000 -1.932002 0.000166 0.066326 -0.951057 8.974512 200.000000 8.974512
 18.400000 -0.925435 -0.378906 -0.961145 0.276044 -1.959410 -1.291121 -0.378906 -0.925435 0.276044 -0.961145 0.488446 195.378530 -0.309017 2.554780 200.000000 2.554780 0.065645 26.258088 -0.951057 0.097763 200.000000 0.097763 0.108723 43.489395 0.309017 -1.932002 200.000000 -1.932002 0.010178 4.071158 -0.951057 8.974512 200.000000 8.974512
 18.600000 -0.957944 -0.286954 -0.946869 0.321619 -1.861842 -1.243358 -0.286954 -0.957944 0.321619 -0.946869 0.048676 19.470203 -0.309017 2.554780 200.000000 2.554780 0.004744 1.897620 -0.951057 0.097763 200.000000 0.097763 0.015880 6.352010 0.309017 -1.932002 200.000000 -1.932002 0.001753 0.701309 -0.951057 8.974512 200.000000 8.974512
 18.800000 -0.968781 -0.247920 -0.949998 0.312255 -1.821329 -1.253231 -0.247920 -0.968781 0.312255 -0.949998 0.373289 149.315619 -0.309017 2.554780 200.000000 2.554780 0.031414 12.565738 -0.951057 0.097763 200.000000 0.097763 0.001048 0.419259 0.309017 -1.932002 200.000000 -1.932002 0.000112 0.044777 -0.951057 8.974512 200.000000 8.974512
 19.000000 -0.944278 -0.329149 -0.972692 0.232098 -1.906199 -1.336562 -0.329149 -0.944278 0.232098 -0.972692 0.040530 16.212063 -0.309017 2.554780 200.000000 2.554780 0.004595 1.837951 -0.951057 0.097763 200.000000 0.097763 0.591648 236.659245 0.309017 -1.932002 200.000000 -1.932002 0.046811 18.724335 -0.951057 8.974512 200.000000 8.974512
 19.200000 -0.950435 -0.310923 -0.941323 0.337508 -1.886960 -1.226528 -0.310923 -0.950435 0.337508 -0.941323 0.000363 0.145305 -0.309017 2.554780 200.000000 2.554780 0.000039 0.015445 -0.951057 0.097763 200.000000 0.097763 0.081172 32.468672 0.309017 -1.932002 200.000000 -1.932002 0.009475 3.789818 -0.951057 8.974512 200.000000 8.974512
 19.400000 -0.979668 -0.200628 -0.925059 0.379825 -1.772795 -1.181190 -0.200628 -0.979668 0.379825 -0.925059 1.174820 469.927844 -0.309017 2.554780 200.000000 2.554780 0.081859 32.743577 -0.951057 0.097763 200.000000 0.097763 0.501372 200.548720 0.309017 -1.932002 200.000000 -1.932002 0.067590 27.035830 -0.951057 8.974512 200.000000 8.974512
 19.600000 -0.950340 -0.311215 -0.960242 0.279169 -1.887267 -1.287868 -0.311215 -0.950340 0.279169 -0.960242 0.000483 0.193207 -0.309017 2.554780 200.000000 2.554780 0.000051 0.020558 -0.951057 0.097763 200.000000 0.097763 0.089092 35.636932 0.309017 -1.932002 200.000000 -1.932002 0.008437 3.374987 -0.951057 8.974512 200.000000 8.974512
 19.800000 -0.939107 -0.343624 -0.945372 0.325994 -1.921570 -1.238733 -0.343624 -0.939107 0.325994 -0.945372 0.119765 47.905877 -0.309017 2.554780 200.000000 2.554780 0.014278 5.711348 -0.951057 0.097763 200.000000 0.097763 0.028822 11.529000 0.309017 -1.932002 200.000000 -1.932002 0.003232 1.292652 -0.951057 8.974512 200.000000 8.974512
 20.000000 -0.965368 -0.260891 -0.916961 0.398976 -1.834741 -1.160397 -0.260891 -0.965368 0.398976 -0.916961 0.231611 92.644355 -0.309017 2.554780 200.000000 2.554780 0.020483 8.193038 -0.951057 0.097763 200.000000 0.097763 0.809262 323.704625 0.309017 -1.932002 200.000000 -1.932002 0.116248 46.499117 -0.951057 8.974512 200.000000 8.974512
