#! FIELDS time sin_phi cos_phi sin_psi cos_psi phi psi cos_phi sin_phi cos_psi sin_psi restraint_phi_cos.bias restraint_phi_cos.force2 restraint_phi_cos.cos_phi_cntr restraint_phi_cos.cos_phi_work restraint_phi_cos.cos_phi_kappa restraint_phi_cos.work restraint_phi_sin.bias restraint_phi_sin.force2 restraint_phi_sin.sin_phi_cntr restraint_phi_sin.sin_phi_work restraint_phi_sin.sin_phi_kappa restraint_phi_sin.work restraint_psi_cos.bias restraint_psi_cos.force2 restraint_psi_cos.cos_psi_cntr restraint_psi_cos.cos_psi_work restraint_psi_cos.cos_psi_kappa restraint_psi_cos.work restraint_psi_sin.bias restraint_psi_sin.force2 restraint_psi_sin.sin_psi_cntr restraint_psi_sin.sin_psi_work restraint_psi_sin.sin_psi_kappa restraint_psi_sin.work
#! SET min_phi -pi
#! SET max_phi pi
#! SET min_psi -pi
#! SET max_psi pi
 0.000000 -0.999983 -0.005782 0.966116 0.258110 -1.576579 1.309731 -0.005782 -0.999983 0.258110 0.966116 0.000000 0.000000 -0.009747 0.000000 0.000000 0.000000 0.000000 0.000000 -0.999953 0.000000 0.000000 0.000000 0.000000 0.000000 0.256142 0.000000 0.000000 0.000000 0.000000 0.000000 0.966639 0.000000 0.000000 0.000000
 0.200000 -0.999088 0.042709 0.766423 0.642337 -1.528074 0.873253 0.042709 -0.999088 0.642337 0.766423 0.013758 0.275159 -0.009747 0.257002 10.000000 0.257002 0.000004 0.000075 -0.999953 0.005187 10.000000 0.005187 0.745730 14.914602 0.256142 0.286506 10.000000 0.286506 0.200433 4.008663 0.966639 0.059273 10.000000 0.059273
 0.400000 -0.986265 0.165169 0.978947 0.204115 -1.404867 1.365236 0.165169 -0.986265 0.204115 0.978947 0.305955 12.238181 -0.009747 0.364966 20.000000 0.364966 0.001873 0.074936 -0.999953 0.006203 20.000000 0.006203 0.027068 1.082720 0.256142 0.524217 20.000000 0.524217 0.001515 0.060592 0.966639 0.107379 20.000000 0.107379
 0.600000 -0.999983 0.005863 0.942793 0.333379 -1.564933 1.230911 0.005863 -0.999983 0.333379 0.942793 0.003655 0.219299 -0.009747 0.441464 30.000000 0.441464 0.000000 0.000001 -0.999953 0.006834 30.000000 0.006834 0.089483 5.369006 0.256142 0.612923 30.000000 0.612923 0.008530 0.511782 0.966639 0.114266 30.000000 0.114266
 0.800000 -0.999875 -0.015830 0.990278 0.139104 -1.586627 1.431240 -0.015830 -0.999875 0.139104 0.990278 0.000740 0.059217 -0.009747 0.516231 40.000000 0.516231 0.000000 0.000010 -0.999953 0.007346 40.000000 0.007346 0.273961 21.916859 0.256142 0.718189 40.000000 0.718189 0.011176 0.894064 0.966639 0.129740 40.000000 0.129740
 1.000000 -0.986859 0.161581 0.935178 0.354178 -1.408504 1.208761 0.161581 -0.986859 0.354178 0.935178 0.733830 73.382951 -0.009747 0.579753 50.000000 0.579753 0.004286 0.428572 -0.999953 0.007719 50.000000 0.007719 0.240275 24.027459 0.256142 0.759294 50.000000 0.759294 0.024745 2.474492 0.966639 0.134275 50.000000 0.134275
 1.200000 -0.999908 -0.013568 0.983709 0.179770 -1.584365 1.390044 -0.013568 -0.999908 0.179770 0.983709 0.000438 0.052579 -0.009747 0.605698 60.000000 0.605698 0.000000 0.000007 -0.999953 0.007801 60.000000 0.007801 0.174982 20.997852 0.256142 0.796387 60.000000 0.796387 0.008741 1.048937 0.966639 0.136582 60.000000 0.136582
 1.400000 -0.999972 0.007520 0.983860 0.178938 -1.563276 1.390889 0.007520 -0.999972 0.178938 0.983860 0.010435 1.460846 -0.009747 0.640749 70.000000 0.640749 0.000000 0.000002 -0.999953 0.007897 70.000000 0.007897 0.208616 29.206175 0.256142 0.866204 70.000000 0.866204 0.010380 1.453192 0.966639 0.145671 70.000000 0.145671
 1.600000 -0.999366 -0.035605 0.925718 0.378214 -1.606409 1.182930 -0.035605 -0.999366 0.378214 0.925718 0.026746 4.279422 -0.009747 0.688423 80.000000 0.688423 0.000014 0.002202 -0.999953 0.008109 80.000000 0.008109 0.596057 95.369061 0.256142 0.934483 80.000000 0.934483 0.066980 10.716858 0.966639 0.151096 80.000000 0.151096
 1.800000 -0.999795 -0.020224 0.979266 0.202580 -1.591022 1.366804 -0.020224 -0.999795 0.202580 0.979266 0.004940 0.889182 -0.009747 0.729215 90.000000 0.729215 0.000001 0.000200 -0.999953 0.008315 90.000000 0.008315 0.129101 23.238117 0.256142 1.003524 90.000000 1.003524 0.007174 1.291392 0.966639 0.155850 90.000000 0.155850
 2.000000 -0.999659 0.026124 0.985373 0.170411 -1.544669 1.399550 0.026124 -0.999659 0.170411 0.985373 0.064334 12.866870 -0.009747 0.766344 100.000000 0.766344 0.000004 0.000863 -0.999953 0.008475 100.000000 0.008475 0.367497 73.499373 0.256142 1.090706 100.000000 1.090706 0.017548 3.509656 0.966639 0.166391 100.000000 0.166391
 2.200000 -0.975295 0.220904 0.931918 0.362668 -1.348055 1.199667 0.220904 -0.975295 0.362668 0.931918 2.439938 487.987656 -0.000000 0.727320 100.000000 0.727320 0.030516 6.103143 -1.000000 0.008480 100.000000 0.008480 2.033539 406.707743 0.160998 1.385600 100.000000 1.385600 0.014366 2.873204 0.948869 0.184521 100.000000 0.184521
 2.400000 -0.999890 0.014860 0.993982 0.109545 -1.555936 1.461031 0.014860 -0.999890 0.109545 0.993982 0.011041 2.208227 -0.000000 0.727320 100.000000 0.727320 0.000001 0.000122 -1.000000 0.008480 100.000000 0.008480 0.095443 19.088647 0.065854 1.434066 100.000000 1.434066 0.197715 39.543067 0.931099 0.272931 100.000000 0.272931
 2.600000 -0.999479 -0.032282 0.997403 -0.072021 -1.603084 1.642880 -0.032282 -0.999479 -0.072021 0.997403 0.052108 10.421532 -0.000000 0.727320 100.000000 0.727320 0.000014 0.002717 -1.000000 0.008480 100.000000 0.008480 0.091300 18.260021 -0.029290 1.724361 100.000000 1.724361 0.353428 70.685637 0.913328 0.403689 100.000000 0.403689
 2.800000 -0.997348 0.072777 0.998586 0.053166 -1.497955 1.517605 0.072777 -0.997348 0.053166 0.998586 0.264822 52.964359 -0.000000 0.727320 100.000000 0.727320 0.000352 0.070317 -1.000000 0.008480 100.000000 0.008480 1.577090 315.417943 -0.124434 1.576220 100.000000 1.576220 0.530734 106.146834 0.895558 0.558454 100.000000 0.558454
 3.000000 -0.999603 -0.028190 0.943559 -0.331204 -1.598990 1.908376 -0.028190 -0.999603 -0.331204 0.943559 0.039734 7.946755 -0.000000 0.727320 100.000000 0.727320 0.000008 0.001579 -1.000000 0.008480 100.000000 0.008480 0.623020 124.604070 -0.219578 1.296724 100.000000 1.296724 0.216293 43.258674 0.877788 0.697067 100.000000 0.697067
 3.200000 -0.998944 0.045939 0.892985 -0.450086 -1.524841 2.037658 0.045939 -0.998944 -0.450086 0.892985 0.105520 21.103968 -0.000000 0.727320 100.000000 0.727320 0.000056 0.011146 -1.000000 0.008480 100.000000 0.008480 0.916176 183.235186 -0.314722 1.415895 100.000000 1.415895 0.054343 10.868555 0.860018 0.857978 100.000000 0.857978
 3.400000 -0.986487 -0.163838 0.831638 -0.555318 -1.735376 2.159542 -0.163838 -0.986487 -0.555318 0.831638 1.342146 268.429158 -0.000000 0.727320 100.000000 0.727320 0.009130 1.825946 -1.000000 0.008480 100.000000 0.008480 1.057818 211.563683 -0.409866 1.094187 100.000000 1.094187 0.005628 1.125590 0.842247 0.971731 100.000000 0.971731
 3.600000 -0.998508 0.054610 0.924221 -0.381859 -1.516159 1.962603 0.054610 -0.998508 -0.381859 0.924221 0.149113 29.822651 -0.000000 0.727320 100.000000 0.727320 0.000111 0.022268 -1.000000 0.008480 100.000000 0.008480 0.758313 151.662635 -0.505010 0.989943 100.000000 0.989943 0.497440 99.487998 0.824477 1.049390 100.000000 1.049390
 3.800000 -0.994781 0.102031 0.882765 -0.469815 -1.468587 2.059877 0.102031 -0.994781 -0.469815 0.882765 0.520517 104.103427 -0.000000 0.727320 100.000000 0.727320 0.001362 0.272358 -1.000000 0.008480 100.000000 0.008480 0.695853 139.170639 -0.587785 0.412706 100.000000 0.412706 0.271939 54.387811 0.809017 0.985148 100.000000 0.985148
 4.000000 -0.999240 -0.038982 0.847187 -0.531294 -1.609788 2.130924 -0.038982 -0.999240 -0.531294 0.847187 0.075978 15.195574 -0.000000 0.727320 100.000000 0.727320 0.000029 0.005777 -1.000000 0.008480 100.000000 0.008480 0.159563 31.912531 -0.587785 0.412706 100.000000 0.412706 0.072849 14.569851 0.809017 0.985148 100.000000 0.985148
 4.200000 -0.998818 0.048607 0.725399 -0.688328 -1.522170 2.329978 0.048607 -0.998818 -0.688328 0.725399 0.118134 23.626815 -0.000000 0.727320 100.000000 0.727320 0.000070 0.013972 -1.000000 0.008480 100.000000 0.008480 0.505445 101.089061 -0.587785 0.412706 100.000000 0.412706 0.349596 69.919193 0.809017 0.985148 100.000000 0.985148
 4.400000 -0.999991 -0.004140 0.705376 -0.708834 -1.574937 2.358640 -0.004140 -0.999991 -0.708834 0.705376 0.000857 0.171433 -0.000000 0.727320 100.000000 0.727320 0.000000 0.000001 -1.000000 0.008480 100.000000 0.008480 0.732637 146.527434 -0.587785 0.412706 100.000000 0.412706 0.537077 107.415459 0.809017 0.985148 100.000000 0.985148
 4.600000 -0.985255 0.171092 0.838698 -0.544597 -1.398858 2.146704 0.171092 -0.985255 -0.544597 0.838698 1.463624 292.724890 -0.000000 0.727320 100.000000 0.727320 0.010871 2.174136 -1.000000 0.008480 100.000000 0.008480 0.093263 18.652670 -0.587785 0.412706 100.000000 0.412706 0.044049 8.809727 0.809017 0.985148 100.000000 0.985148
 4.800000 -0.998523 -0.054332 0.817427 -0.576033 -1.625155 2.184663 -0.054332 -0.998523 -0.576033 0.817427 0.147599 29.519734 -0.000000 0.727320 100.000000 0.727320 0.000109 0.021818 -1.000000 0.008480 100.000000 0.008480 0.006906 1.381246 -0.587785 0.412706 100.000000 0.412706 0.003536 0.707234 0.809017 0.985148 100.000000 0.985148
 5.000000 -0.984639 -0.174601 0.854413 -0.519595 -1.746296 2.117173 -0.174601 -0.984639 -0.519595 0.854413 1.524267 304.853481 -0.000000 0.727320 100.000000 0.727320 0.011797 2.359495 -1.000000 0.008480 100.000000 0.008480 0.232496 46.499209 -0.587785 0.412706 100.000000 0.412706 0.103039 20.607729 0.809017 0.985148 100.000000 0.985148
 5.200000 -0.999972 0.007430 0.876728 -0.480987 -1.563366 2.072576 0.007430 -0.999972 -0.480987 0.876728 0.002760 0.552055 -0.000000 0.727320 100.000000 0.727320 0.000000 0.000008 -1.000000 0.008480 100.000000 0.008480 0.570298 114.059694 -0.587785 0.412706 100.000000 0.412706 0.229239 45.847789 0.809017 0.985148 100.000000 0.985148
 5.400000 -0.990030 0.140859 0.767428 -0.641135 -1.429467 2.266772 0.140859 -0.990030 -0.641135 0.767428 0.992069 198.413750 -0.000000 0.727320 100.000000 0.727320 0.004970 0.994087 -1.000000 0.008480 100.000000 0.008480 0.142308 28.461646 -0.587785 0.412706 100.000000 0.412706 0.086481 17.296147 0.809017 0.985148 100.000000 0.985148
 5.600000 -0.988064 0.154047 0.749202 -0.662342 -1.416134 2.294737 0.154047 -0.988064 -0.662342 0.749202 1.186519 237.303844 -0.000000 0.727320 100.000000 0.727320 0.007124 1.424784 -1.000000 0.008480 100.000000 0.008480 0.277936 55.587111 -0.587785 0.412706 100.000000 0.412706 0.178894 35.778802 0.809017 0.985148 100.000000 0.985148
 5.800000 -0.997810 -0.066148 0.773553 -0.633731 -1.636993 2.257164 -0.066148 -0.997810 -0.633731 0.773553 0.218779 43.755710 -0.000000 0.727320 100.000000 0.727320 0.000240 0.047969 -1.000000 0.008480 100.000000 0.008480 0.105552 21.110466 -0.587785 0.412706 100.000000 0.412706 0.062884 12.576814 0.809017 0.985148 100.000000 0.985148
 6.000000 -0.999487 0.032022 0.883655 -0.468139 -1.538768 2.057979 0.032022 -0.999487 -0.468139 0.883655 0.051272 10.254402 -0.000000 0.727320 100.000000 0.727320 0.000013 0.002630 -1.000000 0.008480 100.000000 0.008480 0.715766 143.153167 -0.587785 0.412706 100.000000 0.412706 0.278542 55.708381 0.809017 0.985148 100.000000 0.985148
 6.200000 -0.999858 0.016829 0.852248 -0.523139 -1.553967 2.121326 0.016829 -0.999858 -0.523139 0.852248 0.014160 2.832098 -0.000000 0.727320 100.000000 0.727320 0.000001 0.000201 -1.000000 0.008480 100.000000 0.008480 0.208959 41.791801 -0.587785 0.412706 100.000000 0.412706 0.093444 18.688830 0.809017 0.985148 100.000000 0.985148
 6.400000 -0.999976 -0.006966 0.841903 -0.539629 -1.577763 2.140793 -0.006966 -0.999976 -0.539629 0.841903 0.002427 0.485316 -0.000000 0.727320 100.000000 0.727320 0.000000 0.000006 -1.000000 0.008480 100.000000 0.008480 0.115950 23.189997 -0.587785 0.412706 100.000000 0.412706 0.054074 10.814738 0.809017 0.985148 100.000000 0.985148
 6.600000 -0.999813 0.019355 0.784879 -0.619649 -1.551440 2.239092 0.019355 -0.999813 -0.619649 0.784879 0.018731 3.746108 -0.000000 0.727320 100.000000 0.727320 0.000002 0.000351 -1.000000 0.008480 100.000000 0.008480 0.050765 10.153033 -0.587785 0.412706 100.000000 0.412706 0.029132 5.826434 0.809017 0.985148 100.000000 0.985148
 6.800000 -0.999997 -0.002300 0.688183 -0.725537 -1.573096 2.382610 -0.002300 -0.999997 -0.725537 0.688183 0.000264 0.052881 -0.000000 0.727320 100.000000 0.727320 0.000000 0.000000 -1.000000 0.008480 100.000000 0.008480 0.948773 189.754662 -0.587785 0.412706 100.000000 0.412706 0.730037 146.007436 0.809017 0.985148 100.000000 0.985148
 7.000000 -0.996089 0.088352 0.794414 -0.607376 -1.482329 2.223550 0.088352 -0.996089 -0.607376 0.794414 0.390305 78.061032 -0.000000 0.727320 100.000000 0.727320 0.000765 0.152936 -1.000000 0.008480 100.000000 0.008480 0.019190 3.838086 -0.587785 0.412706 100.000000 0.412706 0.010662 2.132393 0.809017 0.985148 100.000000 0.985148
 7.200000 -0.999001 -0.044696 0.801058 -0.598587 -1.615508 2.212532 -0.044696 -0.999001 -0.598587 0.801058 0.099888 19.977678 -0.000000 0.727320 100.000000 0.727320 0.000050 0.009988 -1.000000 0.008480 100.000000 0.008480 0.005833 1.166687 -0.587785 0.412706 100.000000 0.412706 0.003167 0.633438 0.809017 0.985148 100.000000 0.985148
 7.400000 -0.995806 -0.091489 0.888884 -0.458133 -1.662414 2.046690 -0.091489 -0.995806 -0.458133 0.888884 0.418516 83.703227 -0.000000 0.727320 100.000000 0.727320 0.000879 0.175893 -1.000000 0.008480 100.000000 0.008480 0.840485 168.097005 -0.587785 0.412706 100.000000 0.412706 0.318934 63.786818 0.809017 0.985148 100.000000 0.985148
 7.600000 -0.997516 0.070438 0.850416 -0.526111 -1.500300 2.124817 0.070438 -0.997516 -0.526111 0.850416 0.248073 49.614631 -0.000000 0.727320 100.000000 0.727320 0.000308 0.061693 -1.000000 0.008480 100.000000 0.008480 0.190185 38.037070 -0.587785 0.412706 100.000000 0.412706 0.085693 17.138674 0.809017 0.985148 100.000000 0.985148
 7.800000 -0.999000 -0.044717 0.792398 -0.610004 -1.615528 2.226862 -0.044717 -0.999000 -0.610004 0.792398 0.099979 19.995884 -0.000000 0.727320 100.000000 0.727320 0.000050 0.010006 -1.000000 0.008480 100.000000 0.008480 0.024684 4.936803 -0.587785 0.412706 100.000000 0.412706 0.013809 2.761842 0.809017 0.985148 100.000000 0.985148
 8.000000 -0.999787 0.020640 0.703634 -0.710563 -1.550155 2.361094 0.020640 -0.999787 -0.710563 0.703634 0.021301 4.260106 -0.000000 0.727320 100.000000 0.727320 0.000002 0.000454 -1.000000 0.008480 100.000000 0.008480 0.753718 150.743670 -0.587785 0.412706 100.000000 0.412706 0.555283 111.056556 0.809017 0.985148 100.000000 0.985148
 8.200000 -0.999639 0.026873 0.739360 -0.673310 -1.543920 2.309474 0.026873 -0.999639 -0.673310 0.739360 0.036108 7.221595 -0.000000 0.727320 100.000000 0.727320 0.000007 0.001304 -1.000000 0.008480 100.000000 0.008480 0.365728 73.145647 -0.587785 0.412706 100.000000 0.412706 0.242606 48.521170 0.809017 0.985148 100.000000 0.985148
 8.400000 -0.998701 0.050955 0.878388 -0.477948 -1.519820 2.069113 0.050955 -0.998701 -0.477948 0.878388 0.129819 25.963740 -0.000000 0.727320 100.000000 0.727320 0.000084 0.016875 -1.000000 0.008480 100.000000 0.008480 0.603214 120.642709 -0.587785 0.412706 100.000000 0.412706 0.240619 48.123715 0.809017 0.985148 100.000000 0.985148
 8.600000 -0.999998 0.002140 0.821251 -0.570567 -1.568657 2.177993 0.002140 -0.999998 -0.570567 0.821251 0.000229 0.045777 -0.000000 0.727320 100.000000 0.727320 0.000000 0.000000 -1.000000 0.008480 100.000000 0.008480 0.014823 2.964569 -0.587785 0.412706 100.000000 0.412706 0.007483 1.496667 0.809017 0.985148 100.000000 0.985148
 8.800000 -0.996535 -0.083169 0.775755 -0.631034 -1.654061 2.253682 -0.083169 -0.996535 -0.631034 0.775755 0.345854 69.170762 -0.000000 0.727320 100.000000 0.727320 0.000600 0.120030 -1.000000 0.008480 100.000000 0.008480 0.093524 18.704819 -0.587785 0.412706 100.000000 0.412706 0.055318 11.063660 0.809017 0.985148 100.000000 0.985148
 9.000000 -0.998558 0.053685 0.829025 -0.559212 -1.517086 2.164231 0.053685 -0.998558 -0.559212 0.829025 0.144104 28.820760 -0.000000 0.727320 100.000000 0.727320 0.000104 0.020796 -1.000000 0.008480 100.000000 0.008480 0.040822 8.164480 -0.587785 0.412706 100.000000 0.412706 0.020016 4.003161 0.809017 0.985148 100.000000 0.985148
 9.200000 -0.999957 -0.009292 0.797089 -0.603862 -1.580089 2.219133 -0.009292 -0.999957 -0.603862 0.797089 0.004317 0.863474 -0.000000 0.727320 100.000000 0.727320 0.000000 0.000019 -1.000000 0.008480 100.000000 0.008480 0.012923 2.584529 -0.587785 0.412706 100.000000 0.412706 0.007114 1.422749 0.809017 0.985148 100.000000 0.985148
 9.400000 -0.997237 0.074284 0.817923 -0.575327 -1.496443 2.183800 0.074284 -0.997237 -0.575327 0.817923 0.275909 55.181784 -0.000000 0.727320 100.000000 0.727320 0.000382 0.076336 -1.000000 0.008480 100.000000 0.008480 0.007760 1.552072 -0.587785 0.412706 100.000000 0.412706 0.003966 0.793253 0.809017 0.985148 100.000000 0.985148
 9.600000 -0.999991 -0.004197 0.809506 -0.587111 -1.574993 2.198282 -0.004197 -0.999991 -0.587111 0.809506 0.000881 0.176123 -0.000000 0.727320 100.000000 0.727320 0.000000 0.000001 -1.000000 0.008480 100.000000 0.008480 0.000023 0.004540 -0.587785 0.412706 100.000000 0.412706 0.000012 0.002392 0.809017 0.985148 100.000000 0.985148
 9.800000 -0.995985 -0.089518 0.810143 -0.586232 -1.660434 2.197197 -0.089518 -0.995985 -0.586232 0.810143 0.400670 80.134014 -0.000000 0.727320 100.000000 0.727320 0.000806 0.161183 -1.000000 0.008480 100.000000 0.008480 0.000121 0.024117 -0.587785 0.412706 100.000000 0.412706 0.000063 0.012679 0.809017 0.985148 100.000000 0.985148
 10.000000 -0.999842 -0.017757 0.813917 -0.580982 -1.588555 2.190731 -0.017757 -0.999842 -0.580982 0.813917 0.015766 3.153223 -0.000000 0.727320 100.000000 0.727320 0.000001 0.000249 -1.000000 0.008480 100.000000 0.008480 0.002314 0.462887 -0.587785 0.412706 100.000000 0.412706 0.001200 0.240065 0.809017 0.985148 100.000000 0.985148
 10.200000 -0.995537 -0.094371 0.769440 -0.638719 -1.665308 2.263628 -0.094371 -0.995537 -0.638719 0.769440 0.445297 89.059396 -0.000000 0.727320 100.000000 0.727320 0.000996 0.199177 -1.000000 0.008480 100.000000 0.008480 0.129710 25.942074 -0.587785 0.412706 100.000000 0.412706 0.078315 15.663067 0.809017 0.985148 100.000000 0.985148
 10.400000 -0.995379 0.096019 0.756675 -0.653791 -1.474629 2.283380 0.096019 -0.995379 -0.653791 0.756675 0.460986 92.197133 -0.000000 0.727320 100.000000 0.727320 0.001067 0.213493 -1.000000 0.008480 100.000000 0.008480 0.217839 43.567846 -0.587785 0.412706 100.000000 0.412706 0.136984 27.396833 0.809017 0.985148 100.000000 0.985148
 10.600000 -0.999095 -0.042538 0.794407 -0.607386 -1.613347 2.223562 -0.042538 -0.999095 -0.607386 0.794407 0.090474 18.094852 -0.000000 0.727320 100.000000 0.727320 0.000041 0.008193 -1.000000 0.008480 100.000000 0.008480 0.019210 3.841963 -0.587785 0.412706 100.000000 0.412706 0.010673 2.134602 0.809017 0.985148 100.000000 0.985148
 10.800000 -0.998037 -0.062631 0.837719 -0.546102 -1.633468 2.148500 -0.062631 -0.998037 -0.546102 0.837719 0.196131 39.226296 -0.000000 0.727320 100.000000 0.727320 0.000193 0.038543 -1.000000 0.008480 100.000000 0.008480 0.086877 17.375312 -0.587785 0.412706 100.000000 0.412706 0.041190 8.238043 0.809017 0.985148 100.000000 0.985148
 11.000000 -0.997969 -0.063705 0.807059 -0.590470 -1.634545 2.202438 -0.063705 -0.997969 -0.590470 0.807059 0.202917 40.583436 -0.000000 0.727320 100.000000 0.727320 0.000206 0.041259 -1.000000 0.008480 100.000000 0.008480 0.000361 0.072102 -0.587785 0.412706 100.000000 0.412706 0.000192 0.038327 0.809017 0.985148 100.000000 0.985148
 11.200000 -0.997887 0.064972 0.844285 -0.535895 -1.505778 2.136364 0.064972 -0.997887 -0.535895 0.844285 0.211070 42.214049 -0.000000 0.727320 100.000000 0.727320 0.000223 0.044645 -1.000000 0.008480 100.000000 0.008480 0.134630 26.926074 -0.587785 0.412706 100.000000 0.412706 0.062191 12.438106 0.809017 0.985148 100.000000 0.985148
 11.400000 -0.998761 -0.049757 0.837428 -0.546547 -1.620574 2.149032 -0.049757 -0.998761 -0.546547 0.837428 0.123787 24.757463 -0.000000 0.727320 100.000000 0.727320 0.000077 0.015342 -1.000000 0.008480 100.000000 0.008480 0.085030 17.005996 -0.587785 0.412706 100.000000 0.412706 0.040361 8.072125 0.809017 0.985148 100.000000 0.985148
 11.600000 -0.999023 0.044187 0.807378 -0.590035 -1.526595 2.201899 0.044187 -0.999023 -0.590035 0.807378 0.097625 19.525026 -0.000000 0.727320 100.000000 0.727320 0.000048 0.009540 -1.000000 0.008480 100.000000 0.008480 0.000253 0.050623 -0.587785 0.412706 100.000000 0.412706 0.000134 0.026879 0.809017 0.985148 100.000000 0.985148
 11.800000 -0.997633 0.068766 0.778046 -0.628207 -1.501976 2.250043 0.068766 -0.997633 -0.628207 0.778046 0.236436 47.287172 -0.000000 0.727320 100.000000 0.727320 0.000280 0.056034 -1.000000 0.008480 100.000000 0.008480 0.081695 16.339070 -0.587785 0.412706 100.000000 0.412706 0.047959 9.591805 0.809017 0.985148 100.000000 0.985148
 12.000000 -0.996658 0.081683 0.743145 -0.669130 -1.489022 2.303834 0.081683 -0.996658 -0.669130 0.743145 0.333606 66.721230 -0.000000 0.727320 100.000000 0.727320 0.000558 0.111666 -1.000000 0.008480 100.000000 0.008480 0.330852 66.170458 -0.587785 0.412706 100.000000 0.412706 0.216956 43.391275 0.809017 0.985148 100.000000 0.985148
 12.200000 -0.999954 0.009639 0.866409 -0.499336 -1.561158 2.093628 0.009639 -0.999954 -0.499336 0.866409 0.004645 0.929038 -0.000000 0.727320 100.000000 0.727320 0.000000 0.000022 -1.000000 0.008480 100.000000 0.008480 0.391166 78.233293 -0.587785 0.412706 100.000000 0.412706 0.164690 32.937984 0.809017 0.985148 100.000000 0.985148
 12.400000 -0.999925 -0.012269 0.815156 -0.579242 -1.583065 2.188595 -0.012269 -0.999925 -0.579242 0.815156 0.007526 1.505199 -0.000000 0.727320 100.000000 0.727320 0.000000 0.000057 -1.000000 0.008480 100.000000 0.008480 0.003649 0.729847 -0.587785 0.412706 100.000000 0.412706 0.001884 0.376816 0.809017 0.985148 100.000000 0.985148
 12.600000 -0.999206 0.039848 0.831949 -0.554853 -1.530938 2.158982 0.039848 -0.999206 -0.554853 0.831949 0.079393 15.878669 -0.000000 0.727320 100.000000 0.727320 0.000032 0.006308 -1.000000 0.008480 100.000000 0.008480 0.054228 10.845637 -0.587785 0.412706 100.000000 0.412706 0.026293 5.258637 0.809017 0.985148 100.000000 0.985148
 12.800000 -0.998464 -0.055410 0.719780 -0.694203 -1.626234 2.338108 -0.055410 -0.998464 -0.694203 0.719780 0.153511 30.702269 -0.000000 0.727320 100.000000 0.727320 0.000118 0.023602 -1.000000 0.008480 100.000000 0.008480 0.566234 113.246810 -0.587785 0.412706 100.000000 0.412706 0.398166 79.633265 0.809017 0.985148 100.000000 0.985148
 13.000000 -0.996611 0.082263 0.839999 -0.542588 -1.488440 2.144312 0.082263 -0.996611 -0.542588 0.839999 0.338363 67.672636 -0.000000 0.727320 100.000000 0.727320 0.000574 0.114879 -1.000000 0.008480 100.000000 0.008480 0.102139 20.427757 -0.587785 0.412706 100.000000 0.412706 0.047994 9.598755 0.809017 0.985148 100.000000 0.985148
 13.200000 -0.999598 -0.028355 0.808268 -0.588814 -1.599155 2.200387 -0.028355 -0.999598 -0.588814 0.808268 0.040201 8.040210 -0.000000 0.727320 100.000000 0.727320 0.000008 0.001617 -1.000000 0.008480 100.000000 0.008480 0.000053 0.010586 -0.587785 0.412706 100.000000 0.412706 0.000028 0.005603 0.809017 0.985148 100.000000 0.985148
 13.400000 -0.998522 -0.054341 0.810207 -0.586144 -1.625165 2.197088 -0.054341 -0.998522 -0.586144 0.810207 0.147650 29.529950 -0.000000 0.727320 100.000000 0.727320 0.000109 0.021833 -1.000000 0.008480 100.000000 0.008480 0.000135 0.026933 -0.587785 0.412706 100.000000 0.412706 0.000071 0.014156 0.809017 0.985148 100.000000 0.985148
 13.600000 -0.995842 0.091096 0.806787 -0.590843 -1.479574 2.202899 0.091096 -0.995842 -0.590843 0.806787 0.414920 82.983958 -0.000000 0.727320 100.000000 0.727320 0.000864 0.172876 -1.000000 0.008480 100.000000 0.008480 0.000467 0.093484 -0.587785 0.412706 100.000000 0.412706 0.000249 0.049741 0.809017 0.985148 100.000000 0.985148
 13.800000 -0.999725 -0.023464 0.788561 -0.614956 -1.594263 2.233127 -0.023464 -0.999725 -0.614956 0.788561 0.027529 5.505722 -0.000000 0.727320 100.000000 0.727320 0.000004 0.000758 -1.000000 0.008480 100.000000 0.008480 0.036913 7.382648 -0.587785 0.412706 100.000000 0.412706 0.020922 4.184394 0.809017 0.985148 100.000000 0.985148
 14.000000 -0.999556 -0.029806 0.857100 -0.515150 -1.600607 2.111979 -0.029806 -0.999556 -0.515150 0.857100 0.044421 8.884164 -0.000000 0.727320 100.000000 0.727320 0.000010 0.001974 -1.000000 0.008480 100.000000 0.008480 0.263791 52.758262 -0.587785 0.412706 100.000000 0.412706 0.115598 23.119579 0.809017 0.985148 100.000000 0.985148
 14.200000 -0.992041 -0.125919 0.768731 -0.639572 -1.697050 2.264737 -0.125919 -0.992041 -0.639572 0.768731 0.792779 158.555726 -0.000000 0.727320 100.000000 0.727320 0.003168 0.633530 -1.000000 0.008480 100.000000 0.008480 0.134092 26.818333 -0.587785 0.412706 100.000000 0.412706 0.081146 16.229233 0.809017 0.985148 100.000000 0.985148
 14.400000 -0.995156 0.098307 0.847571 -0.530681 -1.472331 2.130201 0.098307 -0.995156 -0.530681 0.847571 0.483211 96.642201 -0.000000 0.727320 100.000000 0.727320 0.001173 0.234628 -1.000000 0.008480 100.000000 0.008480 0.163042 32.608488 -0.587785 0.412706 100.000000 0.412706 0.074322 14.864405 0.809017 0.985148 100.000000 0.985148
 14.600000 -0.999348 -0.036118 0.723828 -0.689980 -1.606922 2.332258 -0.036118 -0.999348 -0.689980 0.723828 0.065226 13.045280 -0.000000 0.727320 100.000000 0.727320 0.000021 0.004257 -1.000000 0.008480 100.000000 0.008480 0.522192 104.438458 -0.587785 0.412706 100.000000 0.412706 0.362858 72.571541 0.809017 0.985148 100.000000 0.985148
 14.800000 -0.999901 0.014040 0.782699 -0.622400 -1.556756 2.242602 0.014040 -0.999901 -0.622400 0.782699 0.009855 1.971084 -0.000000 0.727320 100.000000 0.727320 0.000000 0.000097 -1.000000 0.008480 100.000000 0.008480 0.059910 11.981918 -0.587785 0.412706 100.000000 0.412706 0.034631 6.926262 0.809017 0.985148 100.000000 0.985148
 15.000000 -0.998398 -0.056573 0.817028 -0.576598 -1.627399 2.185355 -0.056573 -0.998398 -0.576598 0.817028 0.160022 32.004480 -0.000000 0.727320 100.000000 0.727320 0.000128 0.025648 -1.000000 0.008480 100.000000 0.008480 0.006258 1.251509 -0.587785 0.412706 100.000000 0.412706 0.003209 0.641743 0.809017 0.985148 100.000000 0.985148
 15.200000 -0.999857 0.016925 0.796863 -0.604160 -1.553870 2.219508 0.016925 -0.999857 -0.604160 0.796863 0.014323 2.864595 -0.000000 0.727320 100.000000 0.727320 0.000001 0.000205 -1.000000 0.008480 100.000000 0.008480 0.013407 2.681456 -0.587785 0.412706 100.000000 0.412706 0.007386 1.477262 0.809017 0.985148 100.000000 0.985148
 15.400000 -0.992743 0.120257 0.862796 -0.505551 -1.450248 2.100817 0.120257 -0.992743 -0.505551 0.862796 0.723088 144.617627 -0.000000 0.727320 100.000000 0.727320 0.002633 0.526672 -1.000000 0.008480 100.000000 0.008480 0.338120 67.623990 -0.587785 0.412706 100.000000 0.412706 0.144612 28.922312 0.809017 0.985148 100.000000 0.985148
 15.600000 -0.999999 0.001235 0.773979 -0.633212 -1.569562 2.256492 0.001235 -0.999999 -0.633212 0.773979 0.000076 0.015243 -0.000000 0.727320 100.000000 0.727320 0.000000 0.000000 -1.000000 0.008480 100.000000 0.008480 0.103177 20.635493 -0.587785 0.412706 100.000000 0.412706 0.061384 12.276778 0.809017 0.985148 100.000000 0.985148
 15.800000 -0.999928 0.012034 0.803871 -0.594804 -1.558762 2.207818 0.012034 -0.999928 -0.594804 0.803871 0.007241 1.448280 -0.000000 0.727320 100.000000 0.727320 0.000000 0.000052 -1.000000 0.008480 100.000000 0.008480 0.002463 0.492656 -0.587785 0.412706 100.000000 0.412706 0.001324 0.264852 0.809017 0.985148 100.000000 0.985148
 16.000000 -0.999999 -0.001494 0.714151 -0.699991 -1.572290 2.346182 -0.001494 -0.999999 -0.699991 0.714151 0.000112 0.022314 -0.000000 0.727320 100.000000 0.727320 0.000000 0.000000 -1.000000 0.008480 100.000000 0.008480 0.629509 125.901788 -0.587785 0.412706 100.000000 0.412706 0.449974 89.994714 0.809017 0.985148 100.000000 0.985148
 16.200000 -0.999995 -0.003128 0.858173 -0.513361 -1.573924 2.109893 -0.003128 -0.999995 -0.513361 0.858173 0.000489 0.097822 -0.000000 0.727320 100.000000 0.727320 0.000000 0.000000 -1.000000 0.008480 100.000000 0.008480 0.276946 55.389300 -0.587785 0.412706 100.000000 0.412706 0.120814 24.162736 0.809017 0.985148 100.000000 0.985148
 16.400000 -0.995214 -0.097718 0.794130 -0.607747 -1.668670 2.224017 -0.097718 -0.995214 -0.607747 0.794130 0.477437 95.487370 -0.000000 0.727320 100.000000 0.727320 0.001145 0.229041 -1.000000 0.008480 100.000000 0.008480 0.019924 3.984884 -0.587785 0.412706 100.000000 0.412706 0.011081 2.216112 0.809017 0.985148 100.000000 0.985148
 16.600000 -1.000000 0.000180 0.859437 -0.511242 -1.570616 2.107426 0.000180 -1.000000 -0.511242 0.859437 0.000002 0.000324 -0.000000 0.727320 100.000000 0.727320 0.000000 0.000000 -1.000000 0.008480 100.000000 0.008480 0.292943 58.588577 -0.587785 0.412706 100.000000 0.412706 0.127108 25.421524 0.809017 0.985148 100.000000 0.985148
 16.800000 -0.999545 0.030165 0.824402 -0.566004 -1.540627 2.172447 0.030165 -0.999545 -0.566004 0.824402 0.045497 9.099371 -0.000000 0.727320 100.000000 0.727320 0.000010 0.002071 -1.000000 0.008480 100.000000 0.008480 0.023721 4.744118 -0.587785 0.412706 100.000000 0.412706 0.011835 2.367082 0.809017 0.985148 100.000000 0.985148
 17.000000 -0.999886 0.015127 0.709378 -0.704828 -1.555669 2.352977 0.015127 -0.999886 -0.704828 0.709378 0.011441 2.288210 -0.000000 0.727320 100.000000 0.727320 0.000001 0.000131 -1.000000 0.008480 100.000000 0.008480 0.684952 136.990356 -0.587785 0.412706 100.000000 0.412706 0.496395 99.279070 0.809017 0.985148 100.000000 0.985148
 17.200000 -0.995007 0.099804 0.792136 -0.610344 -1.470826 2.227291 0.099804 -0.995007 -0.610344 0.792136 0.498042 99.608476 -0.000000 0.727320 100.000000 0.727320 0.001246 0.249289 -1.000000 0.008480 100.000000 0.008480 0.025445 5.089054 -0.587785 0.412706 100.000000 0.412706 0.014248 2.849566 0.809017 0.985148 100.000000 0.985148
 17.400000 -0.999990 0.004474 0.739620 -0.673024 -1.566322 2.309087 0.004474 -0.999990 -0.673024 0.739620 0.001001 0.200196 -0.000000 0.727320 100.000000 0.727320 0.000000 0.000001 -1.000000 0.008480 100.000000 0.008480 0.363286 72.657167 -0.587785 0.412706 100.000000 0.412706 0.240795 48.159074 0.809017 0.985148 100.000000 0.985148
 17.600000 -0.999263 0.038392 0.894339 -0.447390 -1.532394 2.034641 0.038392 -0.999263 -0.447390 0.894339 0.073699 14.739774 -0.000000 0.727320 100.000000 0.727320 0.000027 0.005436 -1.000000 0.008480 100.000000 0.008480 0.985546 197.109259 -0.587785 0.412706 100.000000 0.412706 0.363993 72.798691 0.809017 0.985148 100.000000 0.985148
 17.800000 -0.985454 -0.169940 0.828265 -0.560337 -1.741565 2.165589 -0.169940 -0.985454 -0.560337 0.828265 1.443985 288.797024 -0.000000 0.727320 100.000000 0.727320 0.010579 2.115756 -1.000000 0.008480 100.000000 0.008480 0.037671 7.534209 -0.587785 0.412706 100.000000 0.412706 0.018524 3.704818 0.809017 0.985148 100.000000 0.985148
 18.000000 -0.991179 -0.132533 0.863781 -0.503868 -1.703721 2.098867 -0.132533 -0.991179 -0.503868 0.863781 0.878252 175.650367 -0.000000 0.727320 100.000000 0.727320 0.003891 0.778176 -1.000000 0.008480 100.000000 0.008480 0.352107 70.421385 -0.587785 0.412706 100.000000 0.412706 0.149954 29.990724 0.809017 0.985148 100.000000 0.985148
 18.200000 -0.996412 0.084639 0.796068 -0.605207 -1.486056 2.220823 0.084639 -0.996412 -0.605207 0.796068 0.358186 71.637194 -0.000000 0.727320 100.000000 0.727320 0.000644 0.128759 -1.000000 0.008480 100.000000 0.008480 0.015177 3.035307 -0.587785 0.412706 100.000000 0.412706 0.008384 1.676803 0.809017 0.985148 100.000000 0.985148
 18.400000 -0.999979 0.006526 0.764396 -0.644747 -1.564271 2.271489 0.006526 -0.999979 -0.644747 0.764396 0.002129 0.425847 -0.000000 0.727320 100.000000 0.727320 0.000000 0.000005 -1.000000 0.008480 100.000000 0.008480 0.162233 32.446673 -0.587785 0.412706 100.000000 0.412706 0.099552 19.910471 0.809017 0.985148 100.000000 0.985148
 18.600000 -0.996673 0.081502 0.753340 -0.657631 -1.489203 2.288466 0.081502 -0.996673 -0.657631 0.753340 0.332132 66.426355 -0.000000 0.727320 100.000000 0.727320 0.000553 0.110679 -1.000000 0.008480 100.000000 0.008480 0.243923 48.784511 -0.587785 0.412706 100.000000 0.412706 0.154996 30.999204 0.809017 0.985148 100.000000 0.985148
 18.800000 -0.998795 -0.049083 0.799043 -0.601274 -1.619899 2.215890 -0.049083 -0.998795 -0.601274 0.799043 0.120459 24.091702 -0.000000 0.727320 100.000000 0.727320 0.000073 0.014528 -1.000000 0.008480 100.000000 0.008480 0.009097 1.819347 -0.587785 0.412706 100.000000 0.412706 0.004974 0.994758 0.809017 0.985148 100.000000 0.985148
 19.000000 -0.999878 -0.015614 0.875165 -0.483825 -1.586411 2.075816 -0.015614 -0.999878 -0.483825 0.875165 0.012189 2.437879 -0.000000 0.727320 100.000000 0.727320 0.000001 0.000149 -1.000000 0.008480 100.000000 0.008480 0.540389 108.077823 -0.587785 0.412706 100.000000 0.412706 0.218777 43.755448 0.809017 0.985148 100.000000 0.985148
 19.200000 -0.994346 -0.106192 0.831870 -0.554970 -1.677189 2.159124 -0.106192 -0.994346 -0.554970 0.831870 0.563837 112.767332 -0.000000 0.727320 100.000000 0.727320 0.001599 0.319717 -1.000000 0.008480 100.000000 0.008480 0.053841 10.768198 -0.587785 0.412706 100.000000 0.412706 0.026113 5.222667 0.809017 0.985148 100.000000 0.985148
 19.400000 -0.999034 0.043940 0.877023 -0.480448 -1.526842 2.071961 0.043940 -0.999034 -0.480448 0.877023 0.096537 19.307315 -0.000000 0.727320 100.000000 0.727320 0.000047 0.009328 -1.000000 0.008480 100.000000 0.008480 0.576068 115.213507 -0.587785 0.412706 100.000000 0.412706 0.231243 46.248686 0.809017 0.985148 100.000000 0.985148
 19.600000 -0.999688 -0.024991 0.726182 -0.687502 -1.595789 2.328840 -0.024991 -0.999688 -0.687502 0.726182 0.031226 6.245284 -0.000000 0.727320 100.000000 0.727320 0.000005 0.000975 -1.000000 0.008480 100.000000 0.008480 0.497173 99.434564 -0.587785 0.412706 100.000000 0.412706 0.343079 68.615771 0.809017 0.985148 100.000000 0.985148
 19.800000 -0.997971 0.063664 0.761169 -0.648554 -1.507090 2.276479 0.063664 -0.997971 -0.648554 0.761169 0.202652 40.530435 -0.000000 0.727320 100.000000 0.727320 0.000206 0.041151 -1.000000 0.008480 100.000000 0.008480 0.184640 36.927913 -0.587785 0.412706 100.000000 0.412706 0.114472 22.894312 0.809017 0.985148 100.000000 0.985148
 20.000000 -0.999848 -0.017463 0.811924 -0.583764 -1.588260 2.194153 -0.017463 -0.999848 -0.583764 0.811924 0.015248 3.049600 -0.000000 0.727320 100.000000 0.727320 0.000001 0.000233 -1.000000 0.008480 100.000000 0.008480 0.000809 0.161742 -0.587785 0.412706 100.000000 0.412706 0.000422 0.084491 0.809017 0.985148 100.000000 0.985148
