#! FIELDS time sin_phi cos_phi sin_psi cos_psi phi psi cos_phi sin_phi cos_psi sin_psi restraint_phi_cos.bias restraint_phi_cos.force2 restraint_phi_cos.cos_phi_cntr restraint_phi_cos.cos_phi_work restraint_phi_cos.cos_phi_kappa restraint_phi_cos.work restraint_phi_sin.bias restraint_phi_sin.force2 restraint_phi_sin.sin_phi_cntr restraint_phi_sin.sin_phi_work restraint_phi_sin.sin_phi_kappa restraint_phi_sin.work restraint_psi_cos.bias restraint_psi_cos.force2 restraint_psi_cos.cos_psi_cntr restraint_psi_cos.cos_psi_work restraint_psi_cos.cos_psi_kappa restraint_psi_cos.work restraint_psi_sin.bias restraint_psi_sin.force2 restraint_psi_sin.sin_psi_cntr restraint_psi_sin.sin_psi_work restraint_psi_sin.sin_psi_kappa restraint_psi_sin.work
#! SET min_phi -pi
#! SET max_phi pi
#! SET min_psi -pi
#! SET max_psi pi
 0.000000 -0.999983 -0.005782 0.966116 0.258110 -1.576579 1.309731 -0.005782 -0.999983 0.258110 0.966116 0.000000 0.000000 -0.009747 0.000000 0.000000 0.000000 0.000000 0.000000 -0.999953 0.000000 0.000000 0.000000 0.000000 0.000000 0.256142 0.000000 0.000000 0.000000 0.000000 0.000000 0.966639 0.000000 0.000000 0.000000
 0.200000 -0.999087 0.042711 0.766423 0.642337 -1.528072 0.873253 0.042711 -0.999087 0.642337 0.766423 0.013759 0.275182 -0.009747 0.257002 10.000000 0.257002 0.000004 0.000075 -0.999953 0.005187 10.000000 0.005187 0.745730 14.914606 0.256142 0.286506 10.000000 0.286506 0.200433 4.008665 0.966639 0.059273 10.000000 0.059273
 0.400000 -0.986267 0.165158 0.978946 0.204119 -1.404878 1.365233 0.165158 -0.986267 0.204119 0.978946 0.305916 12.236632 -0.009747 0.364965 20.000000 0.364965 0.001873 0.074916 -0.999953 0.006203 20.000000 0.006203 0.027064 1.082578 0.256142 0.524219 20.000000 0.524219 0.001515 0.060585 0.966639 0.107379 20.000000 0.107379
 0.600000 -0.999983 0.005880 0.942791 0.333384 -1.564917 1.230906 0.005880 -0.999983 0.333384 0.942791 0.003663 0.219763 -0.009747 0.441464 30.000000 0.441464 0.000000 0.000001 -0.999953 0.006834 30.000000 0.006834 0.089493 5.369585 0.256142 0.612924 30.000000 0.612924 0.008531 0.511846 0.966639 0.114266 30.000000 0.114266
 0.800000 -0.999875 -0.015823 0.990276 0.139115 -1.586620 1.431228 -0.015823 -0.999875 0.139115 0.990276 0.000738 0.059072 -0.009747 0.516229 40.000000 0.516229 0.000000 0.000010 -0.999953 0.007346 40.000000 0.007346 0.273906 21.912471 0.256142 0.718187 40.000000 0.718187 0.011174 0.893940 0.966639 0.129740 40.000000 0.129740
 1.000000 -0.986861 0.161570 0.935190 0.354147 -1.408515 1.208794 0.161570 -0.986861 0.354147 0.935190 0.733737 73.373710 -0.009747 0.579752 50.000000 0.579752 0.004285 0.428456 -0.999953 0.007719 50.000000 0.007719 0.240124 24.012449 0.256142 0.759286 50.000000 0.759286 0.024727 2.472668 0.966639 0.134274 50.000000 0.134274
 1.200000 -0.999908 -0.013530 0.983712 0.179754 -1.584326 1.390060 -0.013530 -0.999908 0.179754 0.983712 0.000429 0.051520 -0.009747 0.605695 60.000000 0.605695 0.000000 0.000007 -0.999953 0.007801 60.000000 0.007801 0.175056 21.006728 0.256142 0.796379 60.000000 0.796379 0.008744 1.049299 0.966639 0.136581 60.000000 0.136581
 1.400000 -0.999972 0.007541 0.983853 0.178980 -1.563255 1.390847 0.007541 -0.999972 0.178980 0.983853 0.010461 1.464486 -0.009747 0.640752 70.000000 0.640752 0.000000 0.000002 -0.999953 0.007897 70.000000 0.007897 0.208393 29.175013 0.256142 0.866161 70.000000 0.866161 0.010371 1.451928 0.966639 0.145665 70.000000 0.145665
 1.600000 -0.999361 -0.035750 0.925687 0.378291 -1.606554 1.182847 -0.035750 -0.999361 0.378291 0.925687 0.027047 4.327559 -0.009747 0.688414 80.000000 0.688414 0.000014 0.002241 -0.999953 0.008109 80.000000 0.008109 0.596813 95.490116 0.256142 0.934395 80.000000 0.934395 0.067084 10.733440 0.966639 0.151090 80.000000 0.151090
 1.800000 -0.999788 -0.020585 0.979302 0.202406 -1.591383 1.366983 -0.020585 -0.999788 0.202406 0.979302 0.005286 0.951507 -0.009747 0.729460 90.000000 0.729460 0.000001 0.000219 -0.999953 0.008319 90.000000 0.008319 0.129944 23.389901 0.256142 1.003285 90.000000 1.003285 0.007215 1.298789 0.966639 0.155837 90.000000 0.155837
 2.000000 -0.999560 0.029661 0.986384 0.164460 -1.541131 1.405585 0.029661 -0.999560 0.164460 0.986384 0.077647 15.529499 -0.009747 0.766378 100.000000 0.766378 0.000008 0.001540 -0.999953 0.008476 100.000000 0.008476 0.420280 84.055963 0.256142 1.091729 100.000000 1.091729 0.019493 3.898505 0.966639 0.166550 100.000000 0.166550
 2.200000 -0.992934 0.118670 0.941998 0.335619 -1.451846 1.228534 0.118670 -0.992934 0.335619 0.941998 2.573301 514.660124 -0.108191 1.264554 100.000000 1.264554 0.004109 0.821814 -0.983868 0.016677 100.000000 0.016677 1.596669 319.333784 0.156920 1.378650 100.000000 1.378650 0.039599 7.919741 0.970140 0.166384 100.000000 0.166384
 2.400000 -0.976544 -0.215319 0.994596 0.103819 -1.787815 1.466790 -0.215319 -0.976544 0.103819 0.994596 0.003771 0.754190 -0.206635 1.601731 100.000000 1.601731 0.003837 0.767304 -0.967784 0.035914 100.000000 0.035914 0.106357 21.271383 0.057698 1.368278 100.000000 1.368278 0.021957 4.391435 0.973640 0.159575 100.000000 0.159575
 2.600000 -0.930227 -0.366984 0.997991 -0.063353 -1.946561 1.634192 -0.366984 -0.930227 -0.063353 0.997991 0.191611 38.322150 -0.305079 2.021552 100.000000 2.021552 0.023054 4.610758 -0.951700 0.054509 100.000000 0.054509 0.023824 4.764776 -0.041525 1.422279 100.000000 1.422279 0.021736 4.347219 0.977141 0.151756 100.000000 0.151756
 2.800000 -0.966660 -0.256063 0.999999 -0.001262 -1.829744 1.572058 -0.256063 -0.966660 -0.001262 0.999999 0.140204 28.040819 -0.309017 2.005062 100.000000 2.005062 0.012173 2.434683 -0.951057 0.053581 100.000000 0.053581 0.972802 194.560315 -0.140747 1.173395 100.000000 1.173395 0.018735 3.747046 0.980642 0.148165 100.000000 0.148165
 3.000000 -0.929549 -0.368699 0.966666 -0.256042 -1.948405 1.829722 -0.368699 -0.929549 -0.256042 0.966666 0.178098 35.619528 -0.309017 2.005062 100.000000 2.005062 0.023129 4.625817 -0.951057 0.053581 100.000000 0.053581 0.235717 47.143407 -0.187381 1.311099 100.000000 1.311099 0.012202 2.440372 0.982287 0.147111 100.000000 0.147111
 3.200000 -0.953194 -0.302359 0.946688 -0.322151 -1.877963 1.898798 -0.302359 -0.953194 -0.322151 0.946688 0.002217 0.443325 -0.309017 2.005062 100.000000 2.005062 0.000228 0.045697 -0.951057 0.053581 100.000000 0.053581 0.908149 181.629822 -0.187381 1.311099 100.000000 1.311099 0.063365 12.672957 0.982287 0.147111 100.000000 0.147111
 3.400000 -0.934645 -0.355582 0.942402 -0.334481 -1.934333 1.911851 -0.355582 -0.934645 -0.334481 0.942402 0.108414 21.682828 -0.309017 2.005062 100.000000 2.005062 0.013467 2.693327 -0.951057 0.053581 100.000000 0.053581 1.081921 216.384134 -0.187381 1.311099 100.000000 1.311099 0.079540 15.908031 0.982287 0.147111 100.000000 0.147111
 3.600000 -0.982475 -0.186392 0.997564 -0.069757 -1.758285 1.640610 -0.186392 -0.982475 -0.069757 0.997564 0.751846 150.369122 -0.309017 2.005062 100.000000 2.005062 0.049358 9.871509 -0.951057 0.053581 100.000000 0.053581 0.691780 138.355913 -0.187381 1.311099 100.000000 1.311099 0.011669 2.333805 0.982287 0.147111 100.000000 0.147111
 3.800000 -0.972750 -0.231857 0.999804 -0.019794 -1.804782 1.590592 -0.231857 -0.972750 -0.019794 0.999804 0.297687 59.537322 -0.309017 2.005062 100.000000 2.005062 0.023530 4.706066 -0.951057 0.053581 100.000000 0.053581 1.404269 280.853836 -0.187381 1.311099 100.000000 1.311099 0.015342 3.068390 0.982287 0.147111 100.000000 0.147111
 4.000000 -0.931475 -0.363805 0.974940 -0.222469 -1.943146 1.795142 -0.363805 -0.931475 -0.222469 0.974940 0.150088 30.017512 -0.309017 2.005062 100.000000 2.005062 0.019172 3.834342 -0.951057 0.053581 100.000000 0.053581 0.061556 12.311273 -0.187381 1.311099 100.000000 1.311099 0.002699 0.539847 0.982287 0.147111 100.000000 0.147111
 4.200000 -0.977538 -0.210760 0.955147 -0.296131 -1.783149 1.871436 -0.210760 -0.977538 -0.296131 0.955147 0.482718 96.543659 -0.309017 2.005062 100.000000 2.005062 0.035063 7.012562 -0.951057 0.053581 100.000000 0.053581 0.591325 118.265055 -0.187381 1.311099 100.000000 1.311099 0.036829 7.365759 0.982287 0.147111 100.000000 0.147111
 4.400000 -0.952635 -0.304118 0.967797 -0.251732 -1.879808 1.825266 -0.304118 -0.952635 -0.251732 0.967797 0.001200 0.240047 -0.309017 2.005062 100.000000 2.005062 0.000125 0.024901 -0.951057 0.053581 100.000000 0.053581 0.207053 41.410653 -0.187381 1.311099 100.000000 1.311099 0.010499 2.099711 0.982287 0.147111 100.000000 0.147111
 4.600000 -0.958603 -0.284745 0.952143 -0.305654 -1.859537 1.881421 -0.284745 -0.958603 -0.305654 0.952143 0.029456 5.891248 -0.309017 2.005062 100.000000 2.005062 0.002848 0.569535 -0.951057 0.053581 100.000000 0.053581 0.699418 139.883543 -0.187381 1.311099 100.000000 1.311099 0.045435 9.086907 0.982287 0.147111 100.000000 0.147111
 4.800000 -0.954039 -0.299681 0.975074 -0.221880 -1.875155 1.794538 -0.299681 -0.954039 -0.221880 0.975074 0.004358 0.871526 -0.309017 2.005062 100.000000 2.005062 0.000445 0.088972 -0.951057 0.053581 100.000000 0.053581 0.059508 11.901556 -0.187381 1.311099 100.000000 1.311099 0.002602 0.520311 0.982287 0.147111 100.000000 0.147111
 5.000000 -0.980408 -0.196980 0.998910 -0.046687 -1.769073 1.617501 -0.196980 -0.980408 -0.046687 0.998910 0.627616 125.523203 -0.309017 2.005062 100.000000 2.005062 0.043074 8.614823 -0.951057 0.053581 100.000000 0.053581 0.989741 197.948180 -0.187381 1.311099 100.000000 1.311099 0.013815 2.763010 0.982287 0.147111 100.000000 0.147111
 5.200000 -0.966338 -0.257276 0.995755 -0.092047 -1.830998 1.662974 -0.257276 -0.966338 -0.092047 0.995755 0.133859 26.771820 -0.309017 2.005062 100.000000 2.005062 0.011676 2.335267 -0.951057 0.053581 100.000000 0.053581 0.454432 90.886466 -0.187381 1.311099 100.000000 1.311099 0.009069 1.813714 0.982287 0.147111 100.000000 0.147111
 5.400000 -0.976830 -0.214018 0.946560 -0.322528 -1.786483 1.899195 -0.214018 -0.976830 -0.322528 0.946560 0.451240 90.247918 -0.309017 2.005062 100.000000 2.005062 0.033213 6.642568 -0.951057 0.053581 100.000000 0.053581 0.913227 182.645465 -0.187381 1.311099 100.000000 1.311099 0.063822 12.764347 0.982287 0.147111 100.000000 0.147111
 5.600000 -0.985021 -0.172435 0.957126 -0.289672 -1.744098 1.864681 -0.172435 -0.985021 -0.289672 0.957126 0.932729 186.545792 -0.309017 2.005062 100.000000 2.005062 0.057679 11.535766 -0.951057 0.053581 100.000000 0.053581 0.523174 104.634838 -0.187381 1.311099 100.000000 1.311099 0.031655 6.330972 0.982287 0.147111 100.000000 0.147111
 5.800000 -0.957346 -0.288943 0.986558 -0.163414 -1.863919 1.734946 -0.288943 -0.957346 -0.163414 0.986558 0.020149 4.029787 -0.309017 2.005062 100.000000 2.005062 0.001978 0.395627 -0.951057 0.053581 100.000000 0.053581 0.028723 5.744511 -0.187381 1.311099 100.000000 1.311099 0.000912 0.182363 0.982287 0.147111 100.000000 0.147111
 6.000000 -0.971421 -0.237363 0.989976 -0.141238 -1.810447 1.712508 -0.237363 -0.971421 -0.141238 0.989976 0.256713 51.342516 -0.309017 2.005062 100.000000 2.005062 0.020736 4.147102 -0.951057 0.053581 100.000000 0.053581 0.106459 21.291888 -0.187381 1.311099 100.000000 1.311099 0.002956 0.591114 0.982287 0.147111 100.000000 0.147111
 6.200000 -0.868749 -0.495252 0.988394 -0.151911 -2.088921 1.723298 -0.495252 -0.868749 -0.151911 0.988394 1.734173 346.834581 -0.309017 2.005062 100.000000 2.005062 0.338723 67.744626 -0.951057 0.053581 100.000000 0.053581 0.062907 12.581489 -0.187381 1.311099 100.000000 1.311099 0.001865 0.372947 0.982287 0.147111 100.000000 0.147111
 6.400000 -0.962986 -0.269553 0.985627 -0.168936 -1.843725 1.740547 -0.269553 -0.962986 -0.168936 0.985627 0.077870 15.573924 -0.309017 2.005062 100.000000 2.005062 0.007115 1.423008 -0.951057 0.053581 100.000000 0.053581 0.017011 3.402157 -0.187381 1.311099 100.000000 1.311099 0.000558 0.111536 0.982287 0.147111 100.000000 0.147111
 6.600000 -0.948085 -0.318018 0.963025 -0.269410 -1.894435 1.843577 -0.318018 -0.948085 -0.269410 0.963025 0.004051 0.810223 -0.309017 2.005062 100.000000 2.005062 0.000442 0.088323 -0.951057 0.053581 100.000000 0.053581 0.336438 67.287678 -0.187381 1.311099 100.000000 1.311099 0.018551 3.710164 0.982287 0.147111 100.000000 0.147111
 6.800000 -0.985824 -0.167781 0.987500 -0.157619 -1.739375 1.729076 -0.167781 -0.985824 -0.157619 0.987500 0.997379 199.475874 -0.309017 2.005062 100.000000 2.005062 0.060440 12.087975 -0.951057 0.053581 100.000000 0.053581 0.044289 8.857820 -0.187381 1.311099 100.000000 1.311099 0.001359 0.271724 0.982287 0.147111 100.000000 0.147111
 7.000000 -0.975714 -0.219046 0.961100 -0.276200 -1.791633 1.850635 -0.219046 -0.975714 -0.276200 0.961100 0.404737 80.947449 -0.309017 2.005062 100.000000 2.005062 0.030401 6.080156 -0.951057 0.053581 100.000000 0.053581 0.394442 78.888369 -0.187381 1.311099 100.000000 1.311099 0.022445 4.488972 0.982287 0.147111 100.000000 0.147111
 7.200000 -0.950146 -0.311806 0.970303 -0.241891 -1.887890 1.815111 -0.311806 -0.950146 -0.241891 0.970303 0.000389 0.077785 -0.309017 2.005062 100.000000 2.005062 0.000041 0.008294 -0.951057 0.053581 100.000000 0.053581 0.148567 29.713344 -0.187381 1.311099 100.000000 1.311099 0.007181 1.436136 0.982287 0.147111 100.000000 0.147111
 7.400000 -0.973905 -0.226957 0.997497 -0.070705 -1.799748 1.641560 -0.226957 -0.973905 -0.070705 0.997497 0.336693 67.338609 -0.309017 2.005062 100.000000 2.005062 0.026102 5.220443 -0.951057 0.053581 100.000000 0.053581 0.680667 136.133338 -0.187381 1.311099 100.000000 1.311099 0.011567 2.313444 0.982287 0.147111 100.000000 0.147111
 7.600000 -0.922035 -0.387107 0.971851 -0.235595 -1.968288 1.808627 -0.387107 -0.922035 -0.235595 0.971851 0.304900 60.979912 -0.309017 2.005062 100.000000 2.005062 0.042113 8.422511 -0.951057 0.053581 100.000000 0.053581 0.116229 23.245729 -0.187381 1.311099 100.000000 1.311099 0.005445 1.089093 0.982287 0.147111 100.000000 0.147111
 7.800000 -0.972261 -0.233898 0.986925 -0.161181 -1.806881 1.732684 -0.233898 -0.972261 -0.161181 0.986925 0.282142 56.428470 -0.309017 2.005062 100.000000 2.005062 0.022482 4.496350 -0.951057 0.053581 100.000000 0.053581 0.034322 6.864499 -0.187381 1.311099 100.000000 1.311099 0.001075 0.215073 0.982287 0.147111 100.000000 0.147111
 8.000000 -0.915005 -0.403444 0.935387 -0.353625 -1.986074 1.932240 -0.403444 -0.915005 -0.353625 0.935387 0.445819 89.163789 -0.309017 2.005062 100.000000 2.005062 0.064987 12.997460 -0.951057 0.053581 100.000000 0.053581 1.381845 276.368966 -0.187381 1.311099 100.000000 1.311099 0.109980 21.996004 0.982287 0.147111 100.000000 0.147111
 8.200000 -0.989993 -0.141116 0.974932 -0.222504 -1.712385 1.795178 -0.141116 -0.989993 -0.222504 0.974932 1.409537 281.907365 -0.309017 2.005062 100.000000 2.005062 0.075803 15.160548 -0.951057 0.053581 100.000000 0.053581 0.061680 12.336066 -0.187381 1.311099 100.000000 1.311099 0.002705 0.541032 0.982287 0.147111 100.000000 0.147111
 8.400000 -0.945007 -0.327050 0.976006 -0.217745 -1.903976 1.790300 -0.327050 -0.945007 -0.217745 0.976006 0.016259 3.251829 -0.309017 2.005062 100.000000 2.005062 0.001830 0.365955 -0.951057 0.053581 100.000000 0.053581 0.046097 9.219465 -0.187381 1.311099 100.000000 1.311099 0.001973 0.394576 0.982287 0.147111 100.000000 0.147111
 8.600000 -0.958221 -0.286029 0.970128 -0.242595 -1.860876 1.815837 -0.286029 -0.958221 -0.242595 0.970128 0.026422 5.284486 -0.309017 2.005062 100.000000 2.005062 0.002566 0.513293 -0.951057 0.053581 100.000000 0.053581 0.152430 30.485938 -0.187381 1.311099 100.000000 1.311099 0.007393 1.478581 0.982287 0.147111 100.000000 0.147111
 8.800000 -0.970943 -0.239310 0.992967 -0.118388 -1.812451 1.689462 -0.239310 -0.970943 -0.118388 0.992967 0.242955 48.590921 -0.309017 2.005062 100.000000 2.005062 0.019774 3.954826 -0.951057 0.053581 100.000000 0.053581 0.238007 47.601355 -0.187381 1.311099 100.000000 1.311099 0.005703 1.140669 0.982287 0.147111 100.000000 0.147111
 9.000000 -0.936643 -0.350285 0.963319 -0.268360 -1.928671 1.842486 -0.350285 -0.936643 -0.268360 0.963319 0.085151 17.030189 -0.309017 2.005062 100.000000 2.005062 0.010387 2.077408 -0.951057 0.053581 100.000000 0.053581 0.327874 65.574799 -0.187381 1.311099 100.000000 1.311099 0.017990 3.598017 0.982287 0.147111 100.000000 0.147111
 9.200000 -0.994851 -0.101350 0.959825 -0.280600 -1.672321 1.855216 -0.101350 -0.994851 -0.280600 0.959825 2.156275 431.254904 -0.309017 2.005062 100.000000 2.005062 0.095897 19.179401 -0.951057 0.053581 100.000000 0.053581 0.434489 86.897848 -0.187381 1.311099 100.000000 1.311099 0.025228 5.045662 0.982287 0.147111 100.000000 0.147111
 9.400000 -0.920863 -0.389887 0.984878 -0.173247 -1.971305 1.744922 -0.389887 -0.920863 -0.173247 0.984878 0.326998 65.399631 -0.309017 2.005062 100.000000 2.005062 0.045583 9.116669 -0.951057 0.053581 100.000000 0.053581 0.009989 1.997744 -0.187381 1.311099 100.000000 1.311099 0.000336 0.067139 0.982287 0.147111 100.000000 0.147111
 9.600000 -0.951510 -0.307619 0.999107 -0.042247 -1.883486 1.613056 -0.307619 -0.951510 -0.042247 0.999107 0.000098 0.019539 -0.309017 2.005062 100.000000 2.005062 0.000010 0.002052 -0.951057 0.053581 100.000000 0.053581 1.053204 210.640787 -0.187381 1.311099 100.000000 1.311099 0.014146 2.829111 0.982287 0.147111 100.000000 0.147111
 9.800000 -0.943167 -0.332320 0.980236 -0.197832 -1.909558 1.769942 -0.332320 -0.943167 -0.197832 0.980236 0.027151 5.430126 -0.309017 2.005062 100.000000 2.005062 0.003112 0.622472 -0.951057 0.053581 100.000000 0.053581 0.005461 1.092156 -0.187381 1.311099 100.000000 1.311099 0.000210 0.042078 0.982287 0.147111 100.000000 0.147111
 10.000000 -0.977371 -0.211531 0.990963 -0.134135 -1.783938 1.705336 -0.211531 -0.977371 -0.134135 0.990963 0.475173 95.034515 -0.309017 2.005062 100.000000 2.005062 0.034623 6.924633 -0.951057 0.053581 100.000000 0.053581 0.141761 28.352207 -0.187381 1.311099 100.000000 1.311099 0.003764 0.752709 0.982287 0.147111 100.000000 0.147111
 10.200000 -0.995786 -0.091707 0.984200 -0.177060 -1.662632 1.748795 -0.091707 -0.995786 -0.177060 0.984200 2.361185 472.237010 -0.309017 2.005062 100.000000 2.005062 0.100037 20.007311 -0.951057 0.053581 100.000000 0.053581 0.005327 1.065319 -0.187381 1.311099 100.000000 1.311099 0.000183 0.036589 0.982287 0.147111 100.000000 0.147111
 10.400000 -0.986492 -0.163811 0.976816 -0.214080 -1.735349 1.786546 -0.163811 -0.986492 -0.214080 0.976816 1.054241 210.848290 -0.309017 2.005062 100.000000 2.005062 0.062783 12.556571 -0.951057 0.053581 100.000000 0.053581 0.035641 7.128169 -0.187381 1.311099 100.000000 1.311099 0.001497 0.299330 0.982287 0.147111 100.000000 0.147111
 10.600000 -0.985582 -0.169201 0.990438 -0.137960 -1.740815 1.709198 -0.169201 -0.985582 -0.137960 0.990438 0.977425 195.484956 -0.309017 2.005062 100.000000 2.005062 0.059599 11.919783 -0.951057 0.053581 100.000000 0.053581 0.122124 24.424889 -0.187381 1.311099 100.000000 1.311099 0.003322 0.664320 0.982287 0.147111 100.000000 0.147111
 10.800000 -0.943454 -0.331505 0.996845 -0.079368 -1.908694 1.650248 -0.331505 -0.943454 -0.079368 0.996845 0.025285 5.056913 -0.309017 2.005062 100.000000 2.005062 0.002890 0.578042 -0.951057 0.053581 100.000000 0.053581 0.583346 116.669179 -0.187381 1.311099 100.000000 1.311099 0.010597 2.119397 0.982287 0.147111 100.000000 0.147111
 11.000000 -0.948409 -0.317049 0.980058 -0.198711 -1.893412 1.770838 -0.317049 -0.948409 -0.198711 0.980058 0.003225 0.645077 -0.309017 2.005062 100.000000 2.005062 0.000350 0.070079 -0.951057 0.053581 100.000000 0.053581 0.006418 1.283523 -0.187381 1.311099 100.000000 1.311099 0.000248 0.049686 0.982287 0.147111 100.000000 0.147111
 11.200000 -0.938137 -0.346264 0.986394 -0.164398 -1.924382 1.735944 -0.346264 -0.938137 -0.164398 0.986394 0.069366 13.873193 -0.309017 2.005062 100.000000 2.005062 0.008345 1.669084 -0.951057 0.053581 100.000000 0.053581 0.026412 5.282457 -0.187381 1.311099 100.000000 1.311099 0.000843 0.168665 0.982287 0.147111 100.000000 0.147111
 11.400000 -0.993415 -0.114575 0.940786 -0.339000 -1.685624 1.916650 -0.114575 -0.993415 -0.339000 0.940786 1.890382 378.076315 -0.309017 2.005062 100.000000 2.005062 0.089710 17.942059 -0.951057 0.053581 100.000000 0.053581 1.149409 229.881731 -0.187381 1.311099 100.000000 1.311099 0.086116 17.223176 0.982287 0.147111 100.000000 0.147111
 11.600000 -0.982270 -0.187471 0.964674 -0.263447 -1.759383 1.837390 -0.187471 -0.982270 -0.263447 0.964674 0.738676 147.735158 -0.309017 2.005062 100.000000 2.005062 0.048715 9.742944 -0.951057 0.053581 100.000000 0.053581 0.289296 57.859185 -0.187381 1.311099 100.000000 1.311099 0.015511 3.102267 0.982287 0.147111 100.000000 0.147111
 11.800000 -0.975074 -0.221880 0.996077 -0.088485 -1.794538 1.659397 -0.221880 -0.975074 -0.088485 0.996077 0.379642 75.928492 -0.309017 2.005062 100.000000 2.005062 0.028842 5.768381 -0.951057 0.053581 100.000000 0.053581 0.489022 97.804376 -0.187381 1.311099 100.000000 1.311099 0.009509 1.901707 0.982287 0.147111 100.000000 0.147111
 12.000000 -0.912961 -0.408048 0.974790 -0.223123 -1.991111 1.795813 -0.408048 -0.912961 -0.223123 0.974790 0.490356 98.071129 -0.309017 2.005062 100.000000 2.005062 0.072565 14.513037 -0.951057 0.053581 100.000000 0.053581 0.063873 12.774584 -0.187381 1.311099 100.000000 1.311099 0.002810 0.562038 0.982287 0.147111 100.000000 0.147111
 12.200000 -0.948498 -0.316782 0.999736 -0.022970 -1.893132 1.593769 -0.316782 -0.948498 -0.022970 0.999736 0.003015 0.603025 -0.309017 2.005062 100.000000 2.005062 0.000327 0.065449 -0.951057 0.053581 100.000000 0.053581 1.351546 270.309276 -0.187381 1.311099 100.000000 1.311099 0.015223 3.044639 0.982287 0.147111 100.000000 0.147111
 12.400000 -0.967129 -0.254288 0.987197 -0.159506 -1.827907 1.730986 -0.254288 -0.967129 -0.159506 0.987197 0.149765 29.952908 -0.309017 2.005062 100.000000 2.005062 0.012916 2.583121 -0.951057 0.053581 100.000000 0.053581 0.038852 7.770395 -0.187381 1.311099 100.000000 1.311099 0.001205 0.241054 0.982287 0.147111 100.000000 0.147111
 12.600000 -0.964593 -0.263742 0.974507 -0.224357 -1.837696 1.797079 -0.263742 -0.964593 -0.224357 0.974507 0.102490 20.497925 -0.309017 2.005062 100.000000 2.005062 0.009162 1.832408 -0.951057 0.053581 100.000000 0.053581 0.068359 13.671775 -0.187381 1.311099 100.000000 1.311099 0.003027 0.605308 0.982287 0.147111 100.000000 0.147111
 12.800000 -0.951126 -0.308804 0.974329 -0.225131 -1.884732 1.797874 -0.308804 -0.951126 -0.225131 0.974329 0.000002 0.000454 -0.309017 2.005062 100.000000 2.005062 0.000000 0.000048 -0.951057 0.053581 100.000000 0.053581 0.071252 14.250391 -0.187381 1.311099 100.000000 1.311099 0.003167 0.633417 0.982287 0.147111 100.000000 0.147111
 13.000000 -0.953154 -0.302485 0.977811 -0.209489 -1.878095 1.781849 -0.302485 -0.953154 -0.209489 0.977811 0.002133 0.426615 -0.309017 2.005062 100.000000 2.005062 0.000220 0.043995 -0.951057 0.053581 100.000000 0.053581 0.024438 4.887660 -0.187381 1.311099 100.000000 1.311099 0.001002 0.200375 0.982287 0.147111 100.000000 0.147111
 13.200000 -0.943043 -0.332670 0.987850 -0.155408 -1.909930 1.726837 -0.332670 -0.943043 -0.155408 0.987850 0.027974 5.594791 -0.309017 2.005062 100.000000 2.005062 0.003211 0.642133 -0.951057 0.053581 100.000000 0.053581 0.051114 10.222702 -0.187381 1.311099 100.000000 1.311099 0.001547 0.309477 0.982287 0.147111 100.000000 0.147111
 13.400000 -0.923825 -0.382814 0.972854 -0.231422 -1.963637 1.804335 -0.382814 -0.923825 -0.231422 0.972854 0.272301 54.460173 -0.309017 2.005062 100.000000 2.005062 0.037077 7.415345 -0.951057 0.053581 100.000000 0.053581 0.096978 19.395602 -0.187381 1.311099 100.000000 1.311099 0.004450 0.889953 0.982287 0.147111 100.000000 0.147111
 13.600000 -0.980930 -0.194361 0.963645 -0.267186 -1.766402 1.841268 -0.194361 -0.980930 -0.267186 0.963645 0.657298 131.459654 -0.309017 2.005062 100.000000 2.005062 0.044621 8.924276 -0.951057 0.053581 100.000000 0.053581 0.318443 63.688609 -0.187381 1.311099 100.000000 1.311099 0.017377 3.475391 0.982287 0.147111 100.000000 0.147111
 13.800000 -0.937182 -0.348841 0.984236 -0.176858 -1.927131 1.748589 -0.348841 -0.937182 -0.176858 0.984236 0.079298 15.859694 -0.309017 2.005062 100.000000 2.005062 0.009625 1.925067 -0.951057 0.053581 100.000000 0.053581 0.005537 1.107454 -0.187381 1.311099 100.000000 1.311099 0.000190 0.037993 0.982287 0.147111 100.000000 0.147111
 14.000000 -0.936806 -0.349849 0.978002 -0.208593 -1.928206 1.780933 -0.349849 -0.936806 -0.208593 0.978002 0.083361 16.672176 -0.309017 2.005062 100.000000 2.005062 0.010153 2.030697 -0.951057 0.053581 100.000000 0.053581 0.022498 4.499562 -0.187381 1.311099 100.000000 1.311099 0.000918 0.183597 0.982287 0.147111 100.000000 0.147111
 14.200000 -0.953797 -0.300450 0.993090 -0.117359 -1.875961 1.688426 -0.300450 -0.953797 -0.117359 0.993090 0.003669 0.733865 -0.309017 2.005062 100.000000 2.005062 0.000376 0.075127 -0.951057 0.053581 100.000000 0.053581 0.245159 49.031715 -0.187381 1.311099 100.000000 1.311099 0.005835 1.166906 0.982287 0.147111 100.000000 0.147111
 14.400000 -0.945391 -0.325939 0.985072 -0.172145 -1.902801 1.743803 -0.325939 -0.945391 -0.172145 0.985072 0.014317 2.863413 -0.309017 2.005062 100.000000 2.005062 0.001605 0.320988 -0.951057 0.053581 100.000000 0.053581 0.011608 2.321573 -0.187381 1.311099 100.000000 1.311099 0.000388 0.077531 0.982287 0.147111 100.000000 0.147111
 14.600000 -0.966604 -0.256273 0.991198 -0.132384 -1.829961 1.703570 -0.256273 -0.966604 -0.132384 0.991198 0.139096 27.819146 -0.309017 2.005062 100.000000 2.005062 0.012087 2.417369 -0.951057 0.053581 100.000000 0.053581 0.151234 30.246852 -0.187381 1.311099 100.000000 1.311099 0.003971 0.794100 0.982287 0.147111 100.000000 0.147111
 14.800000 -0.923101 -0.384557 0.966374 -0.257140 -1.965524 1.830858 -0.384557 -0.923101 -0.257140 0.966374 0.285316 57.063125 -0.309017 2.005062 100.000000 2.005062 0.039075 7.815001 -0.951057 0.053581 100.000000 0.053581 0.243314 48.662765 -0.187381 1.311099 100.000000 1.311099 0.012661 2.532265 0.982287 0.147111 100.000000 0.147111
 15.000000 -0.977344 -0.211656 0.965512 -0.260359 -1.784065 1.834190 -0.211656 -0.977344 -0.260359 0.965512 0.473963 94.792589 -0.309017 2.005062 100.000000 2.005062 0.034552 6.910493 -0.951057 0.053581 100.000000 0.053581 0.266287 53.257489 -0.187381 1.311099 100.000000 1.311099 0.014071 2.814134 0.982287 0.147111 100.000000 0.147111
 15.200000 -0.910863 -0.412708 0.957769 -0.287539 -1.996222 1.862453 -0.412708 -0.910863 -0.287539 0.957769 0.537594 107.518727 -0.309017 2.005062 100.000000 2.005062 0.080775 16.154962 -0.951057 0.053581 100.000000 0.053581 0.501577 100.315433 -0.187381 1.311099 100.000000 1.311099 0.030057 6.011467 0.982287 0.147111 100.000000 0.147111
 15.400000 -0.935959 -0.352110 0.982763 -0.184868 -1.930621 1.756734 -0.352110 -0.935959 -0.184868 0.982763 0.092850 18.570003 -0.309017 2.005062 100.000000 2.005062 0.011397 2.279454 -0.951057 0.053581 100.000000 0.053581 0.000316 0.063163 -0.187381 1.311099 100.000000 1.311099 0.000011 0.002267 0.982287 0.147111 100.000000 0.147111
 15.600000 -0.926150 -0.377155 0.991055 -0.133453 -1.957519 1.704648 -0.377155 -0.926150 -0.133453 0.991055 0.232142 46.428499 -0.309017 2.005062 100.000000 2.005062 0.031017 6.203362 -0.951057 0.053581 100.000000 0.053581 0.145414 29.082865 -0.187381 1.311099 100.000000 1.311099 0.003844 0.768764 0.982287 0.147111 100.000000 0.147111
 15.800000 -0.893832 -0.448403 0.976924 -0.213585 -2.035774 1.786040 -0.448403 -0.893832 -0.213585 0.976924 0.971419 194.283838 -0.309017 2.005062 100.000000 2.005062 0.163734 32.746871 -0.951057 0.053581 100.000000 0.053581 0.034333 6.866505 -0.187381 1.311099 100.000000 1.311099 0.001438 0.287600 0.982287 0.147111 100.000000 0.147111
 16.000000 -0.962826 -0.270121 0.973548 -0.228484 -1.844315 1.801317 -0.270121 -0.962826 -0.228484 0.973548 0.075644 15.128743 -0.309017 2.005062 100.000000 2.005062 0.006926 1.385277 -0.951057 0.053581 100.000000 0.053581 0.084472 16.894332 -0.187381 1.311099 100.000000 1.311099 0.003819 0.763804 0.982287 0.147111 100.000000 0.147111
 16.200000 -0.933168 -0.359440 0.947801 -0.318862 -1.938465 1.895325 -0.359440 -0.933168 -0.318862 0.947801 0.127126 25.425273 -0.309017 2.005062 100.000000 2.005062 0.016000 3.199985 -0.951057 0.053581 100.000000 0.053581 0.864355 172.870900 -0.187381 1.311099 100.000000 1.311099 0.059464 11.892838 0.982287 0.147111 100.000000 0.147111
 16.400000 -0.962110 -0.272660 0.973082 -0.230461 -1.846953 1.803348 -0.272660 -0.962110 -0.230461 0.973082 0.066091 13.218288 -0.309017 2.005062 100.000000 2.005062 0.006109 1.221893 -0.951057 0.053581 100.000000 0.053581 0.092794 18.558720 -0.187381 1.311099 100.000000 1.311099 0.004237 0.847453 0.982287 0.147111 100.000000 0.147111
 16.600000 -0.934678 -0.355495 0.973880 -0.227062 -1.934240 1.799856 -0.355495 -0.934678 -0.227062 0.973880 0.108012 21.602338 -0.309017 2.005062 100.000000 2.005062 0.013413 2.682537 -0.951057 0.053581 100.000000 0.053581 0.078728 15.745696 -0.187381 1.311099 100.000000 1.311099 0.003534 0.706774 0.982287 0.147111 100.000000 0.147111
 16.800000 -0.981125 -0.193373 0.968164 -0.250315 -1.765395 1.823802 -0.193373 -0.981125 -0.250315 0.968164 0.668676 133.735152 -0.309017 2.005062 100.000000 2.005062 0.045207 9.041317 -0.951057 0.053581 100.000000 0.053581 0.198035 39.606988 -0.187381 1.311099 100.000000 1.311099 0.009973 1.994564 0.982287 0.147111 100.000000 0.147111
 17.000000 -0.970451 -0.241298 0.986811 -0.161875 -1.814500 1.733386 -0.241298 -0.970451 -0.161875 0.986811 0.229291 45.858164 -0.309017 2.005062 100.000000 2.005062 0.018807 3.761454 -0.951057 0.053581 100.000000 0.053581 0.032530 6.505968 -0.187381 1.311099 100.000000 1.311099 0.001023 0.204675 0.982287 0.147111 100.000000 0.147111
 17.200000 -0.956601 -0.291401 0.974444 -0.224633 -1.866487 1.797362 -0.291401 -0.956601 -0.224633 0.974444 0.015517 3.103332 -0.309017 2.005062 100.000000 2.005062 0.001537 0.307422 -0.951057 0.053581 100.000000 0.053581 0.069383 13.876628 -0.187381 1.311099 100.000000 1.311099 0.003076 0.615242 0.982287 0.147111 100.000000 0.147111
 17.400000 -0.949230 -0.314584 0.981368 -0.192137 -1.890814 1.764136 -0.314584 -0.949230 -0.192137 0.981368 0.001549 0.309874 -0.309017 2.005062 100.000000 2.005062 0.000167 0.033370 -0.951057 0.053581 100.000000 0.053581 0.001131 0.226198 -0.187381 1.311099 100.000000 1.311099 0.000042 0.008449 0.982287 0.147111 100.000000 0.147111
 17.600000 -0.934393 -0.356243 0.978238 -0.207484 -1.935041 1.779799 -0.356243 -0.934393 -0.207484 0.978238 0.111516 22.303251 -0.309017 2.005062 100.000000 2.005062 0.013883 2.776652 -0.951057 0.053581 100.000000 0.053581 0.020206 4.041257 -0.187381 1.311099 100.000000 1.311099 0.000820 0.163934 0.982287 0.147111 100.000000 0.147111
 17.800000 -0.969388 -0.245536 0.998003 -0.063171 -1.818869 1.634009 -0.245536 -0.969388 -0.063171 0.998003 0.201494 40.298792 -0.309017 2.005062 100.000000 2.005062 0.016801 3.360271 -0.951057 0.053581 100.000000 0.053581 0.771413 154.282610 -0.187381 1.311099 100.000000 1.311099 0.012349 2.469764 0.982287 0.147111 100.000000 0.147111
 18.000000 -0.989552 -0.144177 0.993925 -0.110059 -1.715478 1.681079 -0.144177 -0.989552 -0.110059 0.993925 1.358609 271.721821 -0.309017 2.005062 100.000000 2.005062 0.074095 14.818943 -0.951057 0.053581 100.000000 0.053581 0.298934 59.786793 -0.187381 1.311099 100.000000 1.311099 0.006772 1.354375 0.982287 0.147111 100.000000 0.147111
 18.200000 -0.995086 -0.099015 0.984311 -0.176445 -1.669973 1.748170 -0.099015 -0.995086 -0.176445 0.984311 2.205050 441.010027 -0.309017 2.005062 100.000000 2.005062 0.096930 19.385937 -0.951057 0.053581 100.000000 0.053581 0.005980 1.196067 -0.187381 1.311099 100.000000 1.311099 0.000205 0.040937 0.982287 0.147111 100.000000 0.147111
 18.400000 -0.960814 -0.277195 0.933894 -0.357549 -1.851670 1.936439 -0.277195 -0.960814 -0.357549 0.933894 0.050631 10.126221 -0.309017 2.005062 100.000000 2.005062 0.004760 0.952008 -0.951057 0.053581 100.000000 0.053581 1.447854 289.570822 -0.187381 1.311099 100.000000 1.311099 0.117094 23.418744 0.982287 0.147111 100.000000 0.147111
 18.600000 -0.994979 -0.100088 0.992822 -0.119603 -1.671053 1.690686 -0.100088 -0.994979 -0.119603 0.992822 2.182557 436.511412 -0.309017 2.005062 100.000000 2.005062 0.096457 19.291446 -0.951057 0.053581 100.000000 0.053581 0.229698 45.939533 -0.187381 1.311099 100.000000 1.311099 0.005549 1.109777 0.982287 0.147111 100.000000 0.147111
 18.800000 -0.936101 -0.351732 0.987750 -0.156042 -1.930217 1.727478 -0.351732 -0.936101 -0.156042 0.987750 0.091228 18.245630 -0.309017 2.005062 100.000000 2.005062 0.011184 2.236740 -0.951057 0.053581 100.000000 0.053581 0.049109 9.821704 -0.187381 1.311099 100.000000 1.311099 0.001492 0.298467 0.982287 0.147111 100.000000 0.147111
 19.000000 -0.948518 -0.316724 0.997587 -0.069424 -1.893071 1.640276 -0.316724 -0.948518 -0.069424 0.997587 0.002970 0.594054 -0.309017 2.005062 100.000000 2.005062 0.000322 0.064462 -0.951057 0.053581 100.000000 0.053581 0.695699 139.139747 -0.187381 1.311099 100.000000 1.311099 0.011705 2.340902 0.982287 0.147111 100.000000 0.147111
 19.200000 -0.965788 -0.259334 0.973330 -0.229409 -1.833129 1.802267 -0.259334 -0.965788 -0.229409 0.973330 0.123420 24.683953 -0.309017 2.005062 100.000000 2.005062 0.010850 2.170073 -0.951057 0.053581 100.000000 0.053581 0.088318 17.663556 -0.187381 1.311099 100.000000 1.311099 0.004012 0.802318 0.982287 0.147111 100.000000 0.147111
 19.400000 -0.974554 -0.224155 0.963773 -0.266725 -1.796872 1.840790 -0.224155 -0.974554 -0.266725 0.963773 0.360082 72.016427 -0.309017 2.005062 100.000000 2.005062 0.027606 5.521139 -0.951057 0.053581 100.000000 0.053581 0.314772 62.954384 -0.187381 1.311099 100.000000 1.311099 0.017140 3.427906 0.982287 0.147111 100.000000 0.147111
 19.600000 -0.991168 -0.132614 0.987297 -0.158887 -1.703802 1.730360 -0.132614 -0.991168 -0.158887 0.987297 1.555897 311.179453 -0.309017 2.005062 100.000000 2.005062 0.080445 16.089096 -0.951057 0.053581 100.000000 0.053581 0.040595 8.119061 -0.187381 1.311099 100.000000 1.311099 0.001255 0.250948 0.982287 0.147111 100.000000 0.147111
 19.800000 -0.940534 -0.339701 0.973288 -0.229588 -1.917395 1.802450 -0.339701 -0.940534 -0.229588 0.973288 0.047075 9.415013 -0.309017 2.005062 100.000000 2.005062 0.005537 1.107334 -0.951057 0.053581 100.000000 0.053581 0.089069 17.813745 -0.187381 1.311099 100.000000 1.311099 0.004049 0.809867 0.982287 0.147111 100.000000 0.147111
 20.000000 -0.953152 -0.302493 0.987347 -0.158574 -1.878104 1.730042 -0.302493 -0.953152 -0.158574 0.987347 0.002128 0.425595 -0.309017 2.005062 100.000000 2.005062 0.000219 0.043891 -0.951057 0.053581 100.000000 0.053581 0.041494 8.298760 -0.187381 1.311099 100.000000 1.311099 0.001280 0.256024 0.982287 0.147111 100.000000 0.147111
