#! FIELDS time sin_phi cos_phi sin_psi cos_psi phi psi cos_phi sin_phi cos_psi sin_psi restraint_phi_cos.bias restraint_phi_cos.force2 restraint_phi_cos.cos_phi_cntr restraint_phi_cos.cos_phi_work restraint_phi_cos.cos_phi_kappa restraint_phi_cos.work restraint_phi_sin.bias restraint_phi_sin.force2 restraint_phi_sin.sin_phi_cntr restraint_phi_sin.sin_phi_work restraint_phi_sin.sin_phi_kappa restraint_phi_sin.work restraint_psi_cos.bias restraint_psi_cos.force2 restraint_psi_cos.cos_psi_cntr restraint_psi_cos.cos_psi_work restraint_psi_cos.cos_psi_kappa restraint_psi_cos.work restraint_psi_sin.bias restraint_psi_sin.force2 restraint_psi_sin.sin_psi_cntr restraint_psi_sin.sin_psi_work restraint_psi_sin.sin_psi_kappa restraint_psi_sin.work
#! SET min_phi -pi
#! SET max_phi pi
#! SET min_psi -pi
#! SET max_psi pi
 0.000000 -0.999983 -0.005782 0.966116 0.258110 -1.576579 1.309731 -0.005782 -0.999983 0.258110 0.966116 0.000000 0.000000 -0.009747 0.000000 0.000000 0.000000 0.000000 0.000000 -0.999953 0.000000 0.000000 0.000000 0.000000 0.000000 0.256142 0.000000 0.000000 0.000000 0.000000 0.000000 0.966639 0.000000 0.000000 0.000000
 0.200000 -0.999088 0.042709 0.766423 0.642337 -1.528074 0.873253 0.042709 -0.999088 0.642337 0.766423 0.013758 0.275159 -0.009747 0.257002 10.000000 0.257002 0.000004 0.000075 -0.999953 0.005187 10.000000 0.005187 0.745730 14.914602 0.256142 0.286506 10.000000 0.286506 0.200433 4.008663 0.966639 0.059273 10.000000 0.059273
 0.400000 -0.986265 0.165169 0.978947 0.204116 -1.404867 1.365236 0.165169 -0.986265 0.204116 0.978947 0.305953 12.238124 -0.009747 0.364966 20.000000 0.364966 0.001873 0.074935 -0.999953 0.006203 20.000000 0.006203 0.027068 1.082711 0.256142 0.524217 20.000000 0.524217 0.001515 0.060592 0.966639 0.107379 20.000000 0.107379
 0.600000 -0.999983 0.005872 0.942788 0.333393 -1.564924 1.230897 0.005872 -0.999983 0.333393 0.942788 0.003659 0.219543 -0.009747 0.441464 30.000000 0.441464 0.000000 0.000001 -0.999953 0.006834 30.000000 0.006834 0.089514 5.370841 0.256142 0.612923 30.000000 0.612923 0.008533 0.511983 0.966639 0.114266 30.000000 0.114266
 0.800000 -0.999875 -0.015815 0.990275 0.139126 -1.586612 1.431218 -0.015815 -0.999875 0.139126 0.990275 0.000737 0.058926 -0.009747 0.516232 40.000000 0.516232 0.000000 0.000010 -0.999953 0.007346 40.000000 0.007346 0.273858 21.908660 0.256142 0.718188 40.000000 0.718188 0.011173 0.893832 0.966639 0.129741 40.000000 0.129741
 1.000000 -0.986859 0.161584 0.935179 0.354176 -1.408501 1.208763 0.161584 -0.986859 0.354176 0.935179 0.733856 73.385596 -0.009747 0.579754 50.000000 0.579754 0.004286 0.428605 -0.999953 0.007719 50.000000 0.007719 0.240267 24.026664 0.256142 0.759288 50.000000 0.759288 0.024744 2.474396 0.966639 0.134275 50.000000 0.134275
 1.200000 -0.999908 -0.013544 0.983706 0.179787 -1.584340 1.390026 -0.013544 -0.999908 0.179787 0.983706 0.000433 0.051904 -0.009747 0.605704 60.000000 0.605704 0.000000 0.000007 -0.999953 0.007801 60.000000 0.007801 0.174903 20.988361 0.256142 0.796387 60.000000 0.796387 0.008738 1.048549 0.966639 0.136582 60.000000 0.136582
 1.400000 -0.999972 0.007510 0.983861 0.178932 -1.563287 1.390896 0.007510 -0.999972 0.178932 0.983861 0.010422 1.459098 -0.009747 0.640753 70.000000 0.640753 0.000000 0.000002 -0.999953 0.007897 70.000000 0.007897 0.208652 29.211252 0.256142 0.866239 70.000000 0.866239 0.010381 1.453398 0.966639 0.145676 70.000000 0.145676
 1.600000 -0.999373 -0.035400 0.925743 0.378154 -1.606204 1.182994 -0.035400 -0.999373 0.378154 0.925743 0.026325 4.211966 -0.009747 0.688438 80.000000 0.688438 0.000013 0.002148 -0.999953 0.008110 80.000000 0.008110 0.595477 95.276397 0.256142 0.934553 80.000000 0.934553 0.066901 10.704168 0.966639 0.151097 80.000000 0.151097
 1.800000 -0.999803 -0.019841 0.979272 0.202552 -1.590639 1.366833 -0.019841 -0.999803 0.202552 0.979272 0.004585 0.825376 -0.009747 0.728966 90.000000 0.728966 0.000001 0.000181 -0.999953 0.008312 90.000000 0.008312 0.129238 23.262760 0.256142 1.003716 90.000000 1.003716 0.007181 1.292594 0.966639 0.155859 90.000000 0.155859
 2.000000 -0.999753 0.022239 0.984715 0.174174 -1.548555 1.395729 0.022239 -0.999753 0.174174 0.984715 0.051154 10.230833 -0.009747 0.766334 100.000000 0.766334 0.000002 0.000399 -0.999953 0.008475 100.000000 0.008475 0.335938 67.187561 0.256142 1.089113 100.000000 1.089113 0.016337 3.267332 0.966639 0.166205 100.000000 0.166205
 2.200000 -0.978673 0.205424 0.848103 0.529831 -1.363900 1.012395 0.205424 -0.978673 0.529831 0.848103 2.430801 486.160128 -0.015067 0.792862 100.000000 0.792862 0.072530 14.506094 -0.940586 0.163456 100.000000 0.163456 1.635238 327.047648 0.348987 0.937877 100.000000 0.937877 0.330989 66.197875 0.929465 0.143093 100.000000 0.143093
 2.400000 -0.999850 0.017322 0.875871 0.482545 -1.553473 1.067238 0.017322 -0.999850 0.482545 0.875871 0.071097 14.219412 -0.020387 0.810527 100.000000 0.810527 0.703654 140.730767 -0.881220 0.672427 100.000000 0.672427 0.082884 16.576896 0.441831 0.999064 100.000000 0.999064 0.013482 2.696320 0.892291 0.171473 100.000000 0.171473
 2.600000 -0.999833 0.018299 0.885144 0.465318 -1.552497 1.086803 0.018299 -0.999833 0.465318 0.885144 0.096822 19.364486 -0.025707 0.829576 100.000000 0.829576 1.583824 316.764800 -0.821854 1.525729 100.000000 1.525729 0.013507 2.701354 0.481754 0.865960 100.000000 0.865960 0.003905 0.780919 0.876307 0.141913 100.000000 0.141913
 2.800000 -0.999982 -0.005970 0.881720 0.471773 -1.576767 1.079495 -0.005970 -0.999982 0.471773 0.881720 0.031390 6.278068 -0.031027 0.870491 100.000000 0.870491 2.820188 564.037586 -0.762487 2.744243 100.000000 2.744243 0.004980 0.996053 0.481754 0.865960 100.000000 0.865960 0.001465 0.293020 0.876307 0.141913 100.000000 0.141913
 3.000000 -0.999941 0.010846 0.840394 0.541976 -1.559950 0.998010 0.010846 -0.999941 0.541976 0.840394 0.111358 22.271655 -0.036347 0.891851 100.000000 0.891851 4.405106 881.021271 -0.703121 4.304791 100.000000 4.304791 0.181334 36.266708 0.481754 0.865960 100.000000 0.865960 0.064485 12.897009 0.876307 0.141913 100.000000 0.141913
 3.200000 -0.999363 0.035684 0.841934 0.539580 -1.535104 1.000858 0.035684 -0.999363 0.539580 0.841934 0.299157 59.831477 -0.041667 0.883412 100.000000 0.883412 6.322861 1264.572138 -0.643755 6.200299 100.000000 6.200299 0.167193 33.438574 0.481754 0.865960 100.000000 0.865960 0.059072 11.814480 0.876307 0.141913 100.000000 0.141913
 3.400000 -0.999697 0.024620 0.858054 0.513559 -1.546173 1.031469 0.024620 -0.999697 0.513559 0.858054 0.256378 51.275605 -0.046987 0.925275 100.000000 0.925275 8.624047 1724.809493 -0.584389 8.468214 100.000000 8.468214 0.050580 10.115933 0.481754 0.865960 100.000000 0.865960 0.016658 3.331550 0.876307 0.141913 100.000000 0.141913
 3.600000 -0.998274 -0.058726 0.865020 0.501737 -1.629556 1.045191 -0.058726 -0.998274 0.501737 0.865020 0.002061 0.412138 -0.052307 0.948550 100.000000 0.948550 11.198362 2239.672457 -0.525022 11.092895 100.000000 11.092895 0.019967 3.993349 0.481754 0.865960 100.000000 0.865960 0.006369 1.273847 0.876307 0.141913 100.000000 0.141913
 3.800000 -0.998322 -0.057909 0.861184 0.508294 -1.628738 1.037594 -0.057909 -0.998322 0.508294 0.861184 0.000004 0.000800 -0.057627 0.974308 100.000000 0.974308 14.186641 2837.328224 -0.465656 14.064818 100.000000 14.064818 0.035219 7.043706 0.481754 0.865960 100.000000 0.865960 0.011435 2.287011 0.876307 0.141913 100.000000 0.141913
 4.000000 -0.994367 0.105996 0.884608 0.466335 -1.464601 1.085654 0.105996 -0.994367 0.466335 0.884608 1.427076 285.415107 -0.062947 1.008840 100.000000 1.008840 17.291715 3458.342918 -0.406290 17.379213 100.000000 17.379213 0.011888 2.377508 0.481754 0.865960 100.000000 0.865960 0.003446 0.689196 0.876307 0.141913 100.000000 0.141913
 4.200000 -0.997007 -0.077314 0.870450 0.492257 -1.648188 1.056116 -0.077314 -0.997007 0.492257 0.870450 0.004093 0.818603 -0.068267 0.996244 100.000000 0.996244 21.130411 4226.082268 -0.346924 21.039102 100.000000 21.039102 0.005516 1.103109 0.481754 0.865960 100.000000 0.865960 0.001715 0.342989 0.876307 0.141913 100.000000 0.141913
 4.400000 -0.999557 -0.029762 0.752572 0.658510 -1.600563 0.851959 -0.029762 -0.999557 0.658510 0.752572 0.096028 19.205570 -0.073587 1.022183 100.000000 1.022183 25.347182 5069.436302 -0.287557 25.063759 100.000000 25.063759 1.562148 312.429665 0.481754 0.865960 100.000000 0.865960 0.765519 153.103796 0.876307 0.141913 100.000000 0.141913
 4.600000 -0.995072 -0.099157 0.783723 0.621110 -1.670117 0.900638 -0.099157 -0.995072 0.621110 0.783723 0.020505 4.100947 -0.078907 1.022413 100.000000 1.022413 29.405306 5881.061266 -0.228191 29.438379 100.000000 29.438379 0.971008 194.201516 0.481754 0.865960 100.000000 0.865960 0.428582 85.716458 0.876307 0.141913 100.000000 0.141913
 4.800000 -0.983961 -0.178385 0.913521 0.406792 -1.750141 1.151857 -0.178385 -0.983961 0.406792 0.913521 0.443288 88.657608 -0.084227 1.018878 100.000000 1.018878 33.222343 6644.468639 -0.168825 34.157424 100.000000 34.157424 0.280962 56.192442 0.481754 0.865960 100.000000 0.865960 0.069244 13.848896 0.876307 0.141913 100.000000 0.141913
 5.000000 -0.981830 -0.189761 0.902316 0.431075 -1.761715 1.125113 -0.189761 -0.981830 0.431075 0.902316 0.502144 100.428855 -0.089547 0.964044 100.000000 0.964044 38.051638 7610.327578 -0.109458 39.126774 100.000000 39.126774 0.128419 25.683732 0.481754 0.865960 100.000000 0.865960 0.033825 6.765010 0.876307 0.141913 100.000000 0.141913
 5.200000 -0.960276 -0.279053 0.769848 0.638228 -1.853604 0.878602 -0.279053 -0.960276 0.638228 0.769848 1.696228 339.245513 -0.094867 0.875012 100.000000 0.875012 41.421710 8284.341945 -0.050092 44.348566 100.000000 44.348566 1.224207 244.841322 0.481754 0.865960 100.000000 0.865960 0.566677 113.335317 0.876307 0.141913 100.000000 0.141913
 5.400000 -0.335248 -0.942130 0.798451 0.602059 -2.799724 0.924718 -0.942130 -0.335248 0.602059 0.798451 35.443421 7088.684261 -0.100187 0.545896 100.000000 0.545896 5.934788 1186.957690 0.009274 48.040908 100.000000 48.040908 0.723674 144.734864 0.481754 0.865960 100.000000 0.865960 0.303073 60.614693 0.876307 0.141913 100.000000 0.141913
 5.600000 -0.127968 -0.991778 0.848843 0.528646 -3.013273 1.013792 -0.991778 -0.127968 0.528646 0.848843 39.273889 7854.777824 -0.105507 0.089830 100.000000 0.089830 1.932733 386.546516 0.068640 49.871314 100.000000 49.871314 0.109943 21.988526 0.481754 0.865960 100.000000 0.865960 0.037714 7.542734 0.876307 0.141913 100.000000 0.141913
 5.800000 -0.233088 -0.972456 0.925883 0.377809 -2.906341 1.183367 -0.972456 -0.233088 0.377809 0.925883 37.120235 7424.046907 -0.110827 -0.372570 100.000000 -0.372570 6.519472 1303.894465 0.128007 51.677187 100.000000 51.677187 0.540220 108.044084 0.481754 0.865960 100.000000 0.865960 0.122892 24.578497 0.876307 0.141913 100.000000 0.141913
 6.000000 0.239868 -0.970806 0.849692 0.527279 2.899363 1.015402 -0.970806 0.239868 0.527279 0.849692 36.522103 7304.420531 -0.116147 -0.838636 100.000000 -0.838636 0.137786 27.557225 0.187373 52.035435 100.000000 52.035435 0.103627 20.725383 0.481754 0.865960 100.000000 0.865960 0.035416 7.083237 0.876307 0.141913 100.000000 0.141913
 6.200000 0.608774 -0.793344 0.830221 0.557435 2.487079 0.979503 -0.793344 0.608774 0.557435 0.830221 22.570970 4514.193991 -0.121467 -1.238100 100.000000 -1.238100 6.553445 1310.688997 0.246739 50.462869 100.000000 50.462869 0.286382 57.276444 0.481754 0.865960 100.000000 0.865960 0.106196 21.239204 0.876307 0.141913 100.000000 0.141913
 6.400000 0.968973 -0.247165 0.868249 0.496128 1.820550 1.051663 -0.247165 0.968973 0.496128 0.868249 0.724547 144.909412 -0.126787 -1.508225 100.000000 -1.508225 21.969700 4393.939995 0.306105 47.693687 100.000000 47.693687 0.010331 2.066179 0.481754 0.865960 100.000000 0.865960 0.003246 0.649188 0.876307 0.141913 100.000000 0.141913
 6.600000 0.978686 0.205360 0.803234 0.595663 1.363964 0.932705 0.205360 0.978686 0.595663 0.803234 5.694194 1138.838882 -0.132107 -1.373805 100.000000 -1.373805 18.801615 3760.322953 0.365472 43.877432 100.000000 43.877432 0.648772 129.754313 0.481754 0.865960 100.000000 0.865960 0.266980 53.395960 0.876307 0.141913 100.000000 0.141913
 6.800000 0.949499 -0.313771 0.886720 0.462306 1.889958 1.090202 -0.313771 0.949499 0.462306 0.886720 1.554866 310.973157 -0.137427 -1.300919 100.000000 -1.300919 13.763446 2752.689234 0.424838 40.388120 100.000000 40.388120 0.018910 3.782090 0.481754 0.865960 100.000000 0.865960 0.005422 1.084458 0.876307 0.141913 100.000000 0.141913
 7.000000 0.994940 -0.100473 0.834591 0.550869 1.671439 0.987391 -0.100473 0.994940 0.550869 0.834591 0.089352 17.870497 -0.142747 -1.299922 100.000000 -1.299922 13.042540 2608.507903 0.484204 37.231566 100.000000 37.231566 0.238850 47.769950 0.481754 0.865960 100.000000 0.865960 0.087008 17.401642 0.876307 0.141913 100.000000 0.141913
 7.200000 0.995066 0.099212 0.851236 0.524783 1.471421 1.018336 0.099212 0.995066 0.524783 0.851236 3.057325 611.465090 -0.148067 -1.219538 100.000000 -1.219538 10.192424 2038.484882 0.543571 34.361298 100.000000 34.361298 0.092578 18.515531 0.481754 0.865960 100.000000 0.865960 0.031427 6.285476 0.876307 0.141913 100.000000 0.141913
 7.400000 0.973991 -0.226588 0.884923 0.465737 1.799370 1.086329 -0.226588 0.973991 0.465737 0.884923 0.267924 53.584832 -0.153387 -1.147849 100.000000 -1.147849 6.884049 1376.809745 0.602937 31.863612 100.000000 31.863612 0.012827 2.565330 0.481754 0.865960 100.000000 0.865960 0.003712 0.742440 0.876307 0.141913 100.000000 0.141913
 7.600000 0.999437 0.033550 0.757334 0.653028 1.537240 0.859220 0.033550 0.999437 0.653028 0.757334 1.848137 369.627339 -0.158707 -1.146627 100.000000 -1.146627 5.682966 1136.593136 0.662303 29.774133 100.000000 29.774133 1.466750 293.349956 0.481754 0.865960 100.000000 0.865960 0.707731 141.546150 0.876307 0.141913 100.000000 0.141913
 7.800000 0.994422 -0.105471 0.885074 0.465451 1.676464 1.086652 -0.105471 0.994422 0.465451 0.885074 0.171438 34.287594 -0.164027 -1.022196 100.000000 -1.022196 3.719712 743.942335 0.721669 27.976593 100.000000 27.976593 0.013289 2.657786 0.481754 0.865960 100.000000 0.865960 0.003843 0.768602 0.876307 0.141913 100.000000 0.141913
 8.000000 0.998004 -0.063159 0.823136 0.567844 1.633997 0.966912 -0.063159 0.998004 0.567844 0.823136 0.563794 112.758716 -0.169347 -0.985584 100.000000 -0.985584 2.353754 470.750724 0.781036 26.561042 100.000000 26.561042 0.370580 74.116058 0.481754 0.865960 100.000000 0.865960 0.141356 28.271270 0.876307 0.141913 100.000000 0.141913
 8.200000 0.999713 -0.023956 0.872834 0.488018 1.594755 1.060979 -0.023956 0.999713 0.488018 0.872834 1.135684 227.136827 -0.174667 -0.901378 100.000000 -0.901378 1.269002 253.800425 0.840402 25.452888 100.000000 25.452888 0.001962 0.392373 0.481754 0.865960 100.000000 0.865960 0.000603 0.120611 0.876307 0.141913 100.000000 0.141913
 8.400000 0.999741 -0.022742 0.780343 0.625352 1.593540 0.895214 -0.022742 0.999741 0.625352 0.780343 1.236293 247.258524 -0.179987 -0.812218 100.000000 -0.812218 0.499732 99.946473 0.899768 24.697075 100.000000 24.697075 1.031018 206.203676 0.481754 0.865960 100.000000 0.865960 0.460450 92.090077 0.876307 0.141913 100.000000 0.141913
 8.600000 0.997375 0.072407 0.874281 0.485421 1.498326 1.063952 0.072407 0.997375 0.485421 0.874281 3.320820 664.164050 -0.185307 -0.756943 100.000000 -0.756943 0.073118 14.623543 0.959134 24.314642 100.000000 24.314642 0.000672 0.134468 0.481754 0.865960 100.000000 0.865960 0.000205 0.041045 0.876307 0.141913 100.000000 0.141913
 8.800000 0.997203 -0.074739 0.892186 0.451667 1.645605 1.102163 -0.074739 0.997203 0.451667 0.892186 0.634419 126.883898 -0.187381 -0.738459 100.000000 -0.738459 0.011124 2.224844 0.982287 24.266981 100.000000 24.266981 0.045260 9.051934 0.481754 0.865960 100.000000 0.865960 0.012608 2.521678 0.876307 0.141913 100.000000 0.141913
 9.000000 0.989341 -0.145617 0.831770 0.555120 1.716933 0.982289 -0.145617 0.989341 0.555120 0.831770 0.087214 17.442741 -0.187381 -0.738459 100.000000 -0.738459 0.002488 0.497563 0.982287 24.266981 100.000000 24.266981 0.269130 53.826020 0.481754 0.865960 100.000000 0.865960 0.099174 19.834852 0.876307 0.141913 100.000000 0.141913
 9.200000 0.999995 0.003141 0.711319 0.702869 1.567656 0.791373 0.003141 0.999995 0.702869 0.711319 1.814934 362.986738 -0.187381 -0.738459 100.000000 -0.738459 0.015678 3.135668 0.982287 24.266981 100.000000 24.266981 2.444603 488.920558 0.481754 0.865960 100.000000 0.865960 1.361044 272.208809 0.876307 0.141913 100.000000 0.141913
 9.400000 0.993347 -0.115163 0.876770 0.480910 1.686215 1.069104 -0.115163 0.993347 0.480910 0.876770 0.260774 52.154748 -0.187381 -0.738459 100.000000 -0.738459 0.006115 1.223092 0.982287 24.266981 100.000000 24.266981 0.000036 0.007116 0.481754 0.865960 100.000000 0.865960 0.000011 0.002146 0.876307 0.141913 100.000000 0.141913
 9.600000 0.999774 0.021255 0.873577 0.486685 1.549540 1.062505 0.021255 0.999774 0.486685 0.873577 2.176455 435.290954 -0.187381 -0.738459 100.000000 -0.738459 0.015289 3.057895 0.982287 24.266981 100.000000 24.266981 0.001216 0.243222 0.481754 0.865960 100.000000 0.865960 0.000372 0.074495 0.876307 0.141913 100.000000 0.141913
 9.800000 0.997183 0.075008 0.827729 0.561127 1.495718 0.975049 0.075008 0.997183 0.561127 0.827729 3.442402 688.480392 -0.187381 -0.738459 100.000000 -0.738459 0.011094 2.218818 0.982287 24.266981 100.000000 24.266981 0.315010 63.001966 0.481754 0.865960 100.000000 0.865960 0.117988 23.597508 0.876307 0.141913 100.000000 0.141913
 10.000000 0.990627 -0.136594 0.858333 0.513093 1.707819 1.032011 -0.136594 0.990627 0.513093 0.858333 0.128968 25.793616 -0.187381 -0.738459 100.000000 -0.738459 0.003478 0.695536 0.982287 24.266981 100.000000 24.266981 0.049109 9.821816 0.481754 0.865960 100.000000 0.865960 0.016153 3.230621 0.876307 0.141913 100.000000 0.141913
 10.200000 0.996837 -0.079467 0.787079 0.616853 1.650348 0.906059 -0.079467 0.996837 0.616853 0.787079 0.582270 116.454088 -0.187381 -0.738459 100.000000 -0.738459 0.010585 2.117087 0.982287 24.266981 100.000000 24.266981 0.912587 182.517403 0.481754 0.865960 100.000000 0.865960 0.398082 79.616442 0.876307 0.141913 100.000000 0.141913
 10.400000 0.985643 -0.168842 0.863924 0.503622 1.740451 1.043011 -0.168842 0.985643 0.503622 0.863924 0.017186 3.437133 -0.187381 -0.738459 100.000000 -0.738459 0.000563 0.112621 0.982287 24.266981 100.000000 24.266981 0.023910 4.782064 0.481754 0.865960 100.000000 0.865960 0.007666 1.533221 0.876307 0.141913 100.000000 0.141913
 10.600000 0.997956 -0.063904 0.884713 0.466137 1.634744 1.085877 -0.063904 0.997956 0.466137 0.884713 0.762329 152.465721 -0.187381 -0.738459 100.000000 -0.738459 0.012276 2.455107 0.982287 24.266981 100.000000 24.266981 0.012194 2.438835 0.481754 0.865960 100.000000 0.865960 0.003533 0.706595 0.876307 0.141913 100.000000 0.141913
 10.800000 0.999997 -0.002269 0.908776 0.417285 1.573065 1.140341 -0.002269 0.999997 0.417285 0.908776 1.713329 342.665753 -0.187381 -0.738459 100.000000 -0.738459 0.015683 3.136503 0.982287 24.266981 100.000000 24.266981 0.207812 41.562375 0.481754 0.865960 100.000000 0.865960 0.052712 10.542421 0.876307 0.141913 100.000000 0.141913
 11.000000 0.997924 -0.064398 0.865451 0.500994 1.635239 1.046049 -0.064398 0.997924 0.500994 0.865451 0.756241 151.248217 -0.187381 -0.738459 100.000000 -0.738459 0.012226 2.445165 0.982287 24.266981 100.000000 24.266981 0.018509 3.701881 0.481754 0.865960 100.000000 0.865960 0.005893 1.178504 0.876307 0.141913 100.000000 0.141913
 11.200000 0.999972 0.007474 0.849521 0.527554 1.563322 1.015077 0.007474 0.999972 0.527554 0.849521 1.898428 379.685669 -0.187381 -0.738459 100.000000 -0.738459 0.015638 3.127528 0.982287 24.266981 100.000000 24.266981 0.104885 20.977092 0.481754 0.865960 100.000000 0.865960 0.035873 7.174602 0.876307 0.141913 100.000000 0.141913
 11.400000 0.999969 0.007838 0.865668 0.500618 1.562958 1.046484 0.007838 0.999969 0.500618 0.865668 1.905533 381.106615 -0.187381 -0.738459 100.000000 -0.738459 0.015633 3.126542 0.982287 24.266981 100.000000 24.266981 0.017793 3.558629 0.481754 0.865960 100.000000 0.865960 0.005659 1.131750 0.876307 0.141913 100.000000 0.141913
 11.600000 0.991422 0.130702 0.758229 0.651989 1.439719 0.860592 0.130702 0.991422 0.651989 0.758229 5.058854 1011.770762 -0.187381 -0.738459 100.000000 -0.738459 0.004172 0.834379 0.982287 24.266981 100.000000 24.266981 1.448998 289.799637 0.481754 0.865960 100.000000 0.865960 0.697121 139.424133 0.876307 0.141913 100.000000 0.141913
 11.800000 0.999126 0.041807 0.895734 0.444591 1.528977 1.110079 0.041807 0.999126 0.444591 0.895734 2.626370 525.273935 -0.187381 -0.738459 100.000000 -0.738459 0.014177 2.835332 0.982287 24.266981 100.000000 24.266981 0.069055 13.810974 0.481754 0.865960 100.000000 0.865960 0.018871 3.774173 0.876307 0.141913 100.000000 0.141913
 12.000000 0.999908 0.013530 0.871144 0.491028 1.557266 1.057527 0.013530 0.999908 0.491028 0.871144 2.018260 403.652021 -0.187381 -0.738459 100.000000 -0.738459 0.015525 3.105074 0.982287 24.266981 100.000000 24.266981 0.004300 0.860039 0.481754 0.865960 100.000000 0.865960 0.001333 0.266526 0.876307 0.141913 100.000000 0.141913
 12.200000 0.996472 -0.083920 0.888294 0.459276 1.654815 1.093616 -0.083920 0.996472 0.459276 0.888294 0.535212 107.042396 -0.187381 -0.738459 100.000000 -0.738459 0.010061 2.012211 0.982287 24.266981 100.000000 24.266981 0.025262 5.052496 0.481754 0.865960 100.000000 0.865960 0.007184 1.436878 0.876307 0.141913 100.000000 0.141913
 12.400000 0.995761 -0.091978 0.850126 0.526579 1.662904 1.016225 -0.091978 0.995761 0.526579 0.850126 0.455091 91.018292 -0.187381 -0.738459 100.000000 -0.738459 0.009077 1.815435 0.982287 24.266981 100.000000 24.266981 0.100466 20.093158 0.481754 0.865960 100.000000 0.865960 0.034271 6.854197 0.876307 0.141913 100.000000 0.141913
 12.600000 0.995415 -0.095648 0.876827 0.480805 1.666590 1.069223 -0.095648 0.995415 0.480805 0.876827 0.420754 84.150898 -0.187381 -0.738459 100.000000 -0.738459 0.008617 1.723448 0.982287 24.266981 100.000000 24.266981 0.000045 0.008992 0.481754 0.865960 100.000000 0.865960 0.000014 0.002711 0.876307 0.141913 100.000000 0.141913
 12.800000 0.995331 0.096522 0.866661 0.498898 1.474124 1.048469 0.096522 0.995331 0.498898 0.866661 4.030058 806.011625 -0.187381 -0.738459 100.000000 -0.738459 0.008507 1.701352 0.982287 24.266981 100.000000 24.266981 0.014697 2.939309 0.481754 0.865960 100.000000 0.865960 0.004652 0.930457 0.876307 0.141913 100.000000 0.141913
 13.000000 0.996886 -0.078852 0.811912 0.583780 1.649730 0.947419 -0.078852 0.996886 0.583780 0.811912 0.588936 117.787136 -0.187381 -0.738459 100.000000 -0.738459 0.010657 2.131343 0.982287 24.266981 100.000000 24.266981 0.520472 104.094429 0.481754 0.865960 100.000000 0.865960 0.207336 41.467220 0.876307 0.141913 100.000000 0.141913
 13.200000 0.994913 -0.100733 0.807617 0.589707 1.671700 0.940100 -0.100733 0.994913 0.589707 0.807617 0.375397 75.079374 -0.187381 -0.738459 100.000000 -0.738459 0.007971 1.594221 0.982287 24.266981 100.000000 24.266981 0.582697 116.539381 0.481754 0.865960 100.000000 0.865960 0.235912 47.182433 0.876307 0.141913 100.000000 0.141913
 13.400000 0.996173 -0.087400 0.875045 0.484042 1.658308 1.065528 -0.087400 0.996173 0.484042 0.875045 0.499813 99.962583 -0.187381 -0.738459 100.000000 -0.738459 0.009641 1.928223 0.982287 24.266981 100.000000 24.266981 0.000262 0.052370 0.481754 0.865960 100.000000 0.865960 0.000080 0.015926 0.876307 0.141913 100.000000 0.141913
 13.600000 0.998326 -0.057835 0.885315 0.464992 1.628663 1.087171 -0.057835 0.998326 0.464992 0.885315 0.839115 167.823010 -0.187381 -0.738459 100.000000 -0.738459 0.012862 2.572468 0.982287 24.266981 100.000000 24.266981 0.014048 2.809689 0.481754 0.865960 100.000000 0.865960 0.004058 0.811520 0.876307 0.141913 100.000000 0.141913
 13.800000 0.999336 -0.036430 0.901219 0.433364 1.607234 1.122574 -0.036430 0.999336 0.433364 0.901219 1.139321 227.864129 -0.187381 -0.738459 100.000000 -0.738459 0.014533 2.906674 0.982287 24.266981 100.000000 24.266981 0.117079 23.415700 0.481754 0.865960 100.000000 0.865960 0.031031 6.206249 0.876307 0.141913 100.000000 0.141913
 14.000000 0.996123 -0.087968 0.774355 0.632752 1.658878 0.885695 -0.087968 0.996123 0.632752 0.774355 0.494149 98.829888 -0.187381 -0.738459 100.000000 -0.738459 0.009572 1.914361 0.982287 24.266981 100.000000 24.266981 1.140019 228.003849 0.481754 0.865960 100.000000 0.865960 0.519709 103.941847 0.876307 0.141913 100.000000 0.141913
 14.200000 0.995707 -0.092563 0.903102 0.429427 1.663492 1.126938 -0.092563 0.995707 0.429427 0.903102 0.449530 89.906075 -0.187381 -0.738459 100.000000 -0.738459 0.009004 1.800863 0.982287 24.266981 100.000000 24.266981 0.136906 27.381161 0.481754 0.865960 100.000000 0.865960 0.035899 7.179749 0.876307 0.141913 100.000000 0.141913
 14.400000 0.993851 0.110725 0.837933 0.545773 1.459844 0.993485 0.110725 0.993851 0.545773 0.837933 4.443376 888.675166 -0.187381 -0.738459 100.000000 -0.738459 0.006686 1.337216 0.982287 24.266981 100.000000 24.266981 0.204921 40.984186 0.481754 0.865960 100.000000 0.865960 0.073626 14.725122 0.876307 0.141913 100.000000 0.141913
 14.600000 0.999800 -0.019996 0.889606 0.456728 1.590794 1.096482 -0.019996 0.999800 0.456728 0.889606 1.400893 280.178567 -0.187381 -0.738459 100.000000 -0.738459 0.015335 3.066985 0.982287 24.266981 100.000000 24.266981 0.031313 6.262675 0.481754 0.865960 100.000000 0.865960 0.008844 1.768777 0.876307 0.141913 100.000000 0.141913
 14.800000 0.999421 0.034024 0.742286 0.670083 1.536766 0.836475 0.034024 0.999421 0.670083 0.742286 2.451016 490.203151 -0.187381 -0.738459 100.000000 -0.738459 0.014678 2.935659 0.982287 24.266981 100.000000 24.266981 1.773402 354.680496 0.481754 0.865960 100.000000 0.865960 0.898078 179.615681 0.876307 0.141913 100.000000 0.141913
 15.000000 0.999150 -0.041211 0.848405 0.529348 1.612019 1.012964 -0.041211 0.999150 0.529348 0.848405 1.068292 213.658360 -0.187381 -0.738459 100.000000 -0.738459 0.014218 2.843684 0.982287 24.266981 100.000000 24.266981 0.113261 22.652202 0.481754 0.865960 100.000000 0.865960 0.038926 7.785153 0.876307 0.141913 100.000000 0.141913
 15.200000 0.985226 -0.171262 0.899245 0.437445 1.742906 1.118041 -0.171262 0.985226 0.437445 0.899245 0.012992 2.598440 -0.187381 -0.738459 100.000000 -0.738459 0.000432 0.086338 0.982287 24.266981 100.000000 24.266981 0.098164 19.632879 0.481754 0.865960 100.000000 0.865960 0.026309 5.261816 0.876307 0.141913 100.000000 0.141913
 15.400000 0.999001 0.044697 0.868492 0.495703 1.526084 1.052152 0.044697 0.999001 0.495703 0.868492 2.693024 538.604765 -0.187381 -0.738459 100.000000 -0.738459 0.013967 2.793353 0.982287 24.266981 100.000000 24.266981 0.009730 1.945924 0.481754 0.865960 100.000000 0.865960 0.003054 0.610704 0.876307 0.141913 100.000000 0.141913
 15.600000 0.975737 -0.218945 0.886393 0.462933 1.791530 1.089495 -0.218945 0.975737 0.462933 0.886393 0.049814 9.962715 -0.187381 -0.738459 100.000000 -0.738459 0.002145 0.429034 0.982287 24.266981 100.000000 24.266981 0.017712 3.542307 0.481754 0.865960 100.000000 0.865960 0.005087 1.017430 0.876307 0.141913 100.000000 0.141913
 15.800000 0.991323 -0.131447 0.806410 0.591357 1.702625 0.938056 -0.131447 0.991323 0.591357 0.806410 0.156431 31.286132 -0.187381 -0.738459 100.000000 -0.738459 0.004082 0.816476 0.982287 24.266981 100.000000 24.266981 0.600645 120.128964 0.481754 0.865960 100.000000 0.865960 0.244278 48.855657 0.876307 0.141913 100.000000 0.141913
 16.000000 0.998562 0.053617 0.851492 0.524368 1.517153 1.018824 0.053617 0.998562 0.524368 0.851492 2.904016 580.803297 -0.187381 -0.738459 100.000000 -0.738459 0.013243 2.648531 0.982287 24.266981 100.000000 24.266981 0.090797 18.159445 0.481754 0.865960 100.000000 0.865960 0.030788 6.157677 0.876307 0.141913 100.000000 0.141913
 16.200000 0.997245 -0.074184 0.896458 0.443128 1.645048 1.111711 -0.074184 0.997245 0.443128 0.896458 0.640686 128.137266 -0.187381 -0.738459 100.000000 -0.738459 0.011186 2.237224 0.982287 24.266981 100.000000 24.266981 0.074597 14.919418 0.481754 0.865960 100.000000 0.865960 0.020304 4.060896 0.876307 0.141913 100.000000 0.141913
 16.400000 0.999509 -0.031332 0.755873 0.654718 1.602133 0.856987 -0.031332 0.999509 0.654718 0.755873 1.217576 243.515284 -0.187381 -0.738459 100.000000 -0.738459 0.014830 2.965902 0.982287 24.266981 100.000000 24.266981 1.495834 299.166770 0.481754 0.865960 100.000000 0.865960 0.725211 145.042272 0.876307 0.141913 100.000000 0.141913
 16.600000 0.999842 0.017784 0.829015 0.559227 1.553011 0.977343 0.017784 0.999842 0.559227 0.829015 2.104642 420.928414 -0.187381 -0.738459 100.000000 -0.738459 0.015408 3.081640 0.982287 24.266981 100.000000 24.266981 0.300104 60.020872 0.481754 0.865960 100.000000 0.865960 0.111827 22.365314 0.876307 0.141913 100.000000 0.141913
 16.800000 0.998071 -0.062079 0.844512 0.535537 1.632915 1.005653 -0.062079 0.998071 0.535537 0.844512 0.785032 157.006382 -0.187381 -0.738459 100.000000 -0.738459 0.012457 2.491340 0.982287 24.266981 100.000000 24.266981 0.144632 28.926439 0.481754 0.865960 100.000000 0.865960 0.050546 10.109158 0.876307 0.141913 100.000000 0.141913
 17.000000 0.999951 0.009879 0.907284 0.420519 1.560917 1.136779 0.009879 0.999951 0.420519 0.907284 1.945578 389.115606 -0.187381 -0.738459 100.000000 -0.738459 0.015601 3.120152 0.982287 24.266981 100.000000 24.266981 0.187483 37.496550 0.481754 0.865960 100.000000 0.865960 0.047979 9.595707 0.876307 0.141913 100.000000 0.141913
 17.200000 0.988206 -0.153133 0.823207 0.567742 1.724534 0.967036 -0.153133 0.988206 0.567742 0.823207 0.058648 11.729637 -0.187381 -0.738459 100.000000 -0.738459 0.001751 0.350272 0.982287 24.266981 100.000000 24.266981 0.369697 73.939450 0.481754 0.865960 100.000000 0.865960 0.140980 28.196039 0.876307 0.141913 100.000000 0.141913
 17.400000 0.994901 -0.100859 0.814933 0.579556 1.671827 0.952613 -0.100859 0.994901 0.579556 0.814933 0.374304 74.860792 -0.187381 -0.738459 100.000000 -0.738459 0.007955 1.590994 0.982287 24.266981 100.000000 24.266981 0.478261 95.652160 0.481754 0.865960 100.000000 0.865960 0.188338 37.667650 0.876307 0.141913 100.000000 0.141913
 17.600000 0.997753 -0.067002 0.842174 0.539206 1.637848 1.001302 -0.067002 0.997753 0.539206 0.842174 0.724564 144.912820 -0.187381 -0.738459 100.000000 -0.738459 0.011959 2.391854 0.982287 24.266981 100.000000 24.266981 0.165041 33.008213 0.481754 0.865960 100.000000 0.865960 0.058253 11.650658 0.876307 0.141913 100.000000 0.141913
 17.800000 0.999911 -0.013375 0.897591 0.440830 1.584171 1.114273 -0.013375 0.999911 0.440830 0.897591 1.513915 302.783067 -0.187381 -0.738459 100.000000 -0.738459 0.015529 3.105808 0.982287 24.266981 100.000000 24.266981 0.083738 16.747613 0.481754 0.865960 100.000000 0.865960 0.022650 4.530095 0.876307 0.141913 100.000000 0.141913
 18.000000 0.999811 0.019458 0.849766 0.527160 1.551337 1.015541 0.019458 0.999811 0.527160 0.849766 2.139124 427.824824 -0.187381 -0.738459 100.000000 -0.738459 0.015354 3.070704 0.982287 24.266981 100.000000 24.266981 0.103088 20.617614 0.481754 0.865960 100.000000 0.865960 0.035221 7.044150 0.876307 0.141913 100.000000 0.141913
 18.200000 0.979343 -0.202205 0.831674 0.555264 1.774406 0.982116 -0.202205 0.979343 0.555264 0.831674 0.010988 2.197503 -0.187381 -0.738459 100.000000 -0.738459 0.000433 0.086677 0.982287 24.266981 100.000000 24.266981 0.270185 54.037033 0.481754 0.865960 100.000000 0.865960 0.099602 19.920366 0.876307 0.141913 100.000000 0.141913
 18.400000 0.999932 0.011638 0.731039 0.682335 1.559158 0.819844 0.011638 0.999932 0.682335 0.731039 1.980428 396.085617 -0.187381 -0.738459 100.000000 -0.738459 0.015567 3.113471 0.982287 24.266981 100.000000 24.266981 2.011649 402.329775 0.481754 0.865960 100.000000 0.865960 1.055129 211.025883 0.876307 0.141913 100.000000 0.141913
 18.600000 0.990505 -0.137479 0.883278 0.468850 1.708712 1.082808 -0.137479 0.990505 0.468850 0.883278 0.124510 24.902053 -0.187381 -0.738459 100.000000 -0.738459 0.003376 0.675254 0.982287 24.266981 100.000000 24.266981 0.008326 1.665161 0.481754 0.865960 100.000000 0.865960 0.002430 0.485998 0.876307 0.141913 100.000000 0.141913
 18.800000 0.998328 0.057799 0.896938 0.442156 1.512965 1.112795 0.057799 0.998328 0.442156 0.896938 3.005674 601.134801 -0.187381 -0.738459 100.000000 -0.738459 0.012866 2.573130 0.982287 24.266981 100.000000 24.266981 0.078398 15.679530 0.481754 0.865960 100.000000 0.865960 0.021283 4.256523 0.876307 0.141913 100.000000 0.141913
 19.000000 0.998312 -0.058075 0.772726 0.634739 1.628904 0.883125 -0.058075 0.998312 0.634739 0.772726 0.836003 167.200557 -0.187381 -0.738459 100.000000 -0.738459 0.012840 2.567992 0.982287 24.266981 100.000000 24.266981 1.170232 234.046393 0.481754 0.865960 100.000000 0.865960 0.536445 107.289045 0.876307 0.141913 100.000000 0.141913
 19.200000 0.999625 -0.027371 0.806152 0.591709 1.598171 0.937620 -0.027371 0.999625 0.591709 0.806152 1.280166 256.033130 -0.187381 -0.738459 100.000000 -0.738459 0.015030 3.006095 0.982287 24.266981 100.000000 24.266981 0.604503 120.900661 0.481754 0.865960 100.000000 0.865960 0.246084 49.216799 0.876307 0.141913 100.000000 0.141913
 19.400000 0.997253 -0.074074 0.805700 0.592324 1.644938 0.936856 -0.074074 0.997253 0.592324 0.805700 0.641929 128.385720 -0.187381 -0.738459 100.000000 -0.738459 0.011198 2.239663 0.982287 24.266981 100.000000 24.266981 0.611290 122.258043 0.481754 0.865960 100.000000 0.865960 0.249266 49.853252 0.876307 0.141913 100.000000 0.141913
 19.600000 0.999940 -0.010954 0.892306 0.451430 1.581750 1.102429 -0.010954 0.999940 0.451430 0.892306 1.556333 311.266694 -0.187381 -0.738459 100.000000 -0.738459 0.015581 3.116197 0.982287 24.266981 100.000000 24.266981 0.045976 9.195172 0.481754 0.865960 100.000000 0.865960 0.012800 2.559933 0.876307 0.141913 100.000000 0.141913
 19.800000 0.999946 -0.010414 0.846994 0.531603 1.581211 1.010305 -0.010414 0.999946 0.531603 0.846994 1.565869 313.173794 -0.187381 -0.738459 100.000000 -0.738459 0.015591 3.118233 0.982287 24.266981 100.000000 24.266981 0.124247 24.849331 0.481754 0.865960 100.000000 0.865960 0.042962 8.592453 0.876307 0.141913 100.000000 0.141913
 20.000000 0.985092 -0.172027 0.795933 0.605385 1.743684 0.920547 -0.172027 0.985092 0.605385 0.795933 0.011787 2.357403 -0.187381 -0.738459 100.000000 -0.738459 0.000393 0.078675 0.982287 24.266981 100.000000 24.266981 0.764238 152.847643 0.481754 0.865960 100.000000 0.865960 0.323000 64.599921 0.876307 0.141913 100.000000 0.141913
