#! FIELDS time sin_phi cos_phi sin_psi cos_psi phi psi cos_phi sin_phi cos_psi sin_psi restraint_phi_cos.bias restraint_phi_cos.force2 restraint_phi_cos.cos_phi_cntr restraint_phi_cos.cos_phi_work restraint_phi_cos.cos_phi_kappa restraint_phi_cos.work restraint_phi_sin.bias restraint_phi_sin.force2 restraint_phi_sin.sin_phi_cntr restraint_phi_sin.sin_phi_work restraint_phi_sin.sin_phi_kappa restraint_phi_sin.work restraint_psi_cos.bias restraint_psi_cos.force2 restraint_psi_cos.cos_psi_cntr restraint_psi_cos.cos_psi_work restraint_psi_cos.cos_psi_kappa restraint_psi_cos.work restraint_psi_sin.bias restraint_psi_sin.force2 restraint_psi_sin.sin_psi_cntr restraint_psi_sin.sin_psi_work restraint_psi_sin.sin_psi_kappa restraint_psi_sin.work
#! SET min_phi -pi
#! SET max_phi pi
#! SET min_psi -pi
#! SET max_psi pi
 0.000000 -0.999983 -0.005782 0.966116 0.258110 -1.576579 1.309731 -0.005782 -0.999983 0.258110 0.966116 0.000000 0.000000 -0.009747 0.000000 0.000000 0.000000 0.000000 0.000000 -0.999953 0.000000 0.000000 0.000000 0.000000 0.000000 0.256142 0.000000 0.000000 0.000000 0.000000 0.000000 0.966639 0.000000 0.000000 0.000000
 0.200000 -0.999087 0.042711 0.766423 0.642337 -1.528072 0.873253 0.042711 -0.999087 0.642337 0.766423 0.013759 0.275182 -0.009747 0.257002 10.000000 0.257002 0.000004 0.000075 -0.999953 0.005187 10.000000 0.005187 0.745730 14.914606 0.256142 0.286506 10.000000 0.286506 0.200433 4.008665 0.966639 0.059273 10.000000 0.059273
 0.400000 -0.986266 0.165162 0.978946 0.204120 -1.404874 1.365231 0.165162 -0.986266 0.204120 0.978946 0.305930 12.237201 -0.009747 0.364964 20.000000 0.364964 0.001873 0.074923 -0.999953 0.006203 20.000000 0.006203 0.027063 1.082512 0.256142 0.524221 20.000000 0.524221 0.001515 0.060582 0.966639 0.107379 20.000000 0.107379
 0.600000 -0.999983 0.005863 0.942794 0.333376 -1.564933 1.230914 0.005863 -0.999983 0.333376 0.942794 0.003655 0.219294 -0.009747 0.441464 30.000000 0.441464 0.000000 0.000001 -0.999953 0.006834 30.000000 0.006834 0.089476 5.368575 0.256142 0.612925 30.000000 0.612925 0.008529 0.511735 0.966639 0.114267 30.000000 0.114267
 0.800000 -0.999875 -0.015825 0.990276 0.139114 -1.586622 1.431230 -0.015825 -0.999875 0.139114 0.990276 0.000739 0.059110 -0.009747 0.516231 40.000000 0.516231 0.000000 0.000010 -0.999953 0.007346 40.000000 0.007346 0.273913 21.913070 0.256142 0.718189 40.000000 0.718189 0.011174 0.893957 0.966639 0.129741 40.000000 0.129741
 1.000000 -0.986862 0.161564 0.935196 0.354130 -1.408522 1.208812 0.161564 -0.986862 0.354130 0.935196 0.733678 73.367811 -0.009747 0.579756 50.000000 0.579756 0.004284 0.428382 -0.999953 0.007719 50.000000 0.007719 0.240041 24.004085 0.256142 0.759294 50.000000 0.759294 0.024717 2.471652 0.966639 0.134276 50.000000 0.134276
 1.200000 -0.999908 -0.013557 0.983712 0.179752 -1.584354 1.390062 -0.013557 -0.999908 0.179752 0.983712 0.000436 0.052284 -0.009747 0.605694 60.000000 0.605694 0.000000 0.000007 -0.999953 0.007801 60.000000 0.007801 0.175066 21.007977 0.256142 0.796377 60.000000 0.796377 0.008745 1.049350 0.966639 0.136582 60.000000 0.136582
 1.400000 -0.999972 0.007541 0.983851 0.178990 -1.563256 1.390837 0.007541 -0.999972 0.178990 0.983851 0.010459 1.464326 -0.009747 0.640758 70.000000 0.640758 0.000000 0.000002 -0.999953 0.007897 70.000000 0.007897 0.208339 29.167508 0.256142 0.866135 70.000000 0.866135 0.010369 1.451623 0.966639 0.145662 70.000000 0.145662
 1.600000 -0.999358 -0.035834 0.925664 0.378346 -1.606638 1.182787 -0.035834 -0.999358 0.378346 0.925664 0.027222 4.355536 -0.009747 0.688417 80.000000 0.688417 0.000014 0.002264 -0.999953 0.008109 80.000000 0.008109 0.597349 95.575901 0.256142 0.934345 80.000000 0.934345 0.067157 10.745195 0.966639 0.151088 80.000000 0.151088
 1.800000 -0.999784 -0.020771 0.979315 0.202342 -1.591569 1.367047 -0.020771 -0.999784 0.202342 0.979315 0.005469 0.984489 -0.009747 0.729576 90.000000 0.729576 0.000001 0.000229 -0.999953 0.008320 90.000000 0.008320 0.130250 23.444926 0.256142 1.003145 90.000000 1.003145 0.007230 1.301469 0.966639 0.155831 90.000000 0.155831
 2.000000 -0.999528 0.030720 0.986776 0.162093 -1.540071 1.407985 0.030720 -0.999528 0.162093 0.986776 0.081877 16.375437 -0.009747 0.766431 100.000000 0.766431 0.000009 0.001802 -0.999953 0.008476 100.000000 0.008476 0.442268 88.453585 0.256142 1.091830 100.000000 1.091830 0.020274 4.054780 0.966639 0.166607 100.000000 0.166607
 2.200000 -0.954804 0.297236 0.945325 0.326130 -1.269000 1.238590 0.297236 -0.954804 0.326130 0.945325 2.482827 496.565327 0.074399 0.452149 100.000000 0.452149 0.000017 0.003343 -0.954226 0.085713 100.000000 0.085713 1.431595 286.318964 0.156920 1.395158 100.000000 1.395158 0.030789 6.157715 0.970140 0.166645 100.000000 0.166645
 2.400000 -0.983841 0.179042 0.994135 0.108145 -1.390783 1.462439 0.179042 -0.983841 0.108145 0.994135 0.021009 4.201762 0.158544 0.326666 100.000000 0.326666 0.283823 56.764520 -0.908499 0.343679 100.000000 0.343679 0.127246 25.449219 0.057698 1.430898 100.000000 1.430898 0.021002 4.200304 0.973640 0.159907 100.000000 0.159907
 2.600000 -0.978067 0.208292 0.990318 -0.138819 -1.360968 1.710066 0.208292 -0.978067 -0.138819 0.990318 0.059159 11.831874 0.242689 0.335924 100.000000 0.335924 0.664638 132.927622 -0.862772 0.750502 100.000000 0.750502 0.473315 94.662936 -0.041525 1.641309 100.000000 1.641309 0.008681 1.736204 0.977141 0.152543 100.000000 0.152543
 2.800000 -0.926677 0.375859 0.997715 0.067570 -1.185473 1.503175 0.375859 -0.926677 0.067570 0.997715 0.120169 24.033760 0.326835 -0.049471 100.000000 -0.049471 0.600949 120.189856 -0.817046 1.205475 100.000000 1.205475 2.169799 433.959865 -0.140747 1.776113 100.000000 1.776113 0.014574 2.914739 0.980642 0.147096 100.000000 0.147096
 3.000000 -0.838476 0.544938 0.989640 -0.143574 -0.994481 1.714868 0.544938 -0.838476 -0.143574 0.989640 0.897238 179.447631 0.410980 -0.284067 100.000000 -0.284067 0.225505 45.100997 -0.771319 1.736893 100.000000 1.736893 0.095954 19.190885 -0.187381 2.003315 100.000000 2.003315 0.002703 0.540570 0.982287 0.146041 100.000000 0.146041
 3.200000 -0.854428 0.519569 0.934101 -0.357009 -1.024450 1.935860 0.519569 -0.854428 -0.357009 0.934101 0.029875 5.975084 0.495125 -0.292662 100.000000 -0.292662 0.829936 165.987103 -0.725592 2.361361 100.000000 2.361361 1.438681 287.736113 -0.187381 2.003315 100.000000 2.003315 0.116096 23.219266 0.982287 0.146041 100.000000 0.146041
 3.400000 -0.810861 0.585238 0.969715 -0.244240 -0.945623 1.817533 0.585238 -0.810861 -0.244240 0.969715 0.001781 0.356156 0.579270 -0.286603 100.000000 -0.286603 0.857992 171.598484 -0.679866 2.981082 100.000000 2.981082 0.161648 32.329561 -0.187381 2.003315 100.000000 2.003315 0.007903 1.580687 0.982287 0.146041 100.000000 0.146041
 3.600000 -0.746661 0.665205 0.991006 -0.133818 -0.843028 1.705017 0.665205 -0.746661 -0.133818 0.991006 0.000160 0.032027 0.663416 -0.237237 100.000000 -0.237237 0.633054 126.610769 -0.634139 3.545297 100.000000 3.545297 0.143450 28.689979 -0.187381 2.003315 100.000000 2.003315 0.003801 0.760146 0.982287 0.146041 100.000000 0.146041
 3.800000 -0.677022 0.735962 0.992595 -0.121472 -0.743709 1.692569 0.735962 -0.677022 -0.121472 0.992595 0.006726 1.345251 0.747561 -0.305016 100.000000 -0.305016 0.392586 78.517274 -0.588412 3.933676 100.000000 3.933676 0.217201 43.440129 -0.187381 2.003315 100.000000 2.003315 0.005312 1.062463 0.982287 0.146041 100.000000 0.146041
 4.000000 -0.630368 0.776296 0.979787 -0.200046 -0.682028 1.772201 0.776296 -0.630368 -0.200046 0.979787 0.153513 30.702586 0.831706 0.064959 100.000000 0.064959 0.384411 76.882191 -0.542686 4.356905 100.000000 4.356905 0.008019 1.603879 -0.187381 2.003315 100.000000 2.003315 0.000313 0.062535 0.982287 0.146041 100.000000 0.146041
 4.200000 -0.637902 0.770118 0.910047 -0.414505 -0.691771 1.998195 0.770118 -0.637902 -0.414505 0.910047 0.275359 55.071717 0.844328 0.160746 100.000000 0.160746 0.520967 104.193336 -0.535827 4.430144 100.000000 4.430144 2.579262 515.852406 -0.187381 2.003315 100.000000 2.003315 0.260933 52.186593 0.982287 0.146041 100.000000 0.146041
 4.400000 -0.555939 0.831223 0.981756 -0.190145 -0.589492 1.762106 0.831223 -0.555939 -0.190145 0.981756 0.008587 1.717304 0.844328 0.160746 100.000000 0.160746 0.020224 4.044864 -0.535827 4.430144 100.000000 4.430144 0.000382 0.076356 -0.187381 2.003315 100.000000 2.003315 0.000014 0.002821 0.982287 0.146041 100.000000 0.146041
 4.600000 -0.705541 0.708669 0.994486 -0.104867 -0.783186 1.675856 0.708669 -0.705541 -0.104867 0.994486 0.920165 184.033061 0.844328 0.160746 100.000000 0.160746 1.440145 288.028987 -0.535827 4.430144 100.000000 4.430144 0.340431 68.086122 -0.187381 2.003315 100.000000 2.003315 0.007441 1.488157 0.982287 0.146041 100.000000 0.146041
 4.800000 -0.718333 0.695700 0.980886 -0.194582 -0.801403 1.766628 0.695700 -0.718333 -0.194582 0.980886 1.104516 220.903289 0.844328 0.160746 100.000000 0.160746 1.665420 333.083961 -0.535827 4.430144 100.000000 4.430144 0.002592 0.518495 -0.187381 2.003315 100.000000 2.003315 0.000098 0.019628 0.982287 0.146041 100.000000 0.146041
 5.000000 -0.559765 0.828652 0.964642 -0.263564 -0.594102 1.837511 0.828652 -0.559765 -0.263564 0.964642 0.012287 2.457443 0.844328 0.160746 100.000000 0.160746 0.028651 5.730170 -0.535827 4.430144 100.000000 4.430144 0.290187 58.037373 -0.187381 2.003315 100.000000 2.003315 0.015568 3.113539 0.982287 0.146041 100.000000 0.146041
 5.200000 -0.550066 0.835121 0.968830 -0.247726 -0.582443 1.821129 0.835121 -0.550066 -0.247726 0.968830 0.004238 0.847587 0.844328 0.160746 100.000000 0.160746 0.010137 2.027424 -0.535827 4.430144 100.000000 4.430144 0.182075 36.415029 -0.187381 2.003315 100.000000 2.003315 0.009055 1.810952 0.982287 0.146041 100.000000 0.146041
 5.400000 -0.573320 0.819331 0.958514 -0.285045 -0.610553 1.859850 0.819331 -0.573320 -0.285045 0.958514 0.031242 6.248352 0.844328 0.160746 100.000000 0.160746 0.070289 14.057749 -0.535827 4.430144 100.000000 4.430144 0.476913 95.382580 -0.187381 2.003315 100.000000 2.003315 0.028258 5.651655 0.982287 0.146041 100.000000 0.146041
 5.600000 -0.682583 0.730808 0.989125 -0.147080 -0.751292 1.718412 0.730808 -0.682583 -0.147080 0.989125 0.644342 128.868384 0.844328 0.160746 100.000000 0.160746 1.076875 215.374984 -0.535827 4.430144 100.000000 4.430144 0.081211 16.242191 -0.187381 2.003315 100.000000 2.003315 0.002337 0.467499 0.982287 0.146041 100.000000 0.146041
 5.800000 -0.563027 0.826438 0.991353 -0.131225 -0.598044 1.702401 0.826438 -0.563027 -0.131225 0.991353 0.016002 3.200380 0.844328 0.160746 100.000000 0.160746 0.036993 7.398658 -0.535827 4.430144 100.000000 4.430144 0.157678 31.535505 -0.187381 2.003315 100.000000 2.003315 0.004109 0.821812 0.982287 0.146041 100.000000 0.146041
 6.000000 -0.516038 0.856566 0.980973 -0.194143 -0.542219 1.766180 0.856566 -0.516038 -0.194143 0.980973 0.007488 1.497676 0.844328 0.160746 100.000000 0.160746 0.019580 3.916090 -0.535827 4.430144 100.000000 4.430144 0.002286 0.457151 -0.187381 2.003315 100.000000 2.003315 0.000086 0.017264 0.982287 0.146041 100.000000 0.146041
 6.200000 -0.668828 0.743418 0.955995 -0.293382 -0.732631 1.868559 0.743418 -0.668828 -0.293382 0.955995 0.509145 101.828986 0.844328 0.160746 100.000000 0.160746 0.884460 176.892039 -0.535827 4.430144 100.000000 4.430144 0.561807 112.361414 -0.187381 2.003315 100.000000 2.003315 0.034563 6.912667 0.982287 0.146041 100.000000 0.146041
 6.400000 -0.677473 0.735548 0.976785 -0.214221 -0.744321 1.786690 0.735548 -0.677473 -0.214221 0.976785 0.591655 118.331057 0.844328 0.160746 100.000000 0.160746 1.003179 200.635848 -0.535827 4.430144 100.000000 4.430144 0.036018 7.203511 -0.187381 2.003315 100.000000 2.003315 0.001514 0.302716 0.982287 0.146041 100.000000 0.146041
 6.600000 -0.523625 0.851949 0.994992 -0.099953 -0.551101 1.670917 0.851949 -0.523625 -0.099953 0.994992 0.002904 0.580753 0.844328 0.160746 100.000000 0.160746 0.007444 1.488750 -0.535827 4.430144 100.000000 4.430144 0.382182 76.436410 -0.187381 2.003315 100.000000 2.003315 0.008071 1.614137 0.982287 0.146041 100.000000 0.146041
 6.800000 -0.633682 0.773594 0.982847 -0.184421 -0.686304 1.756279 0.773594 -0.633682 -0.184421 0.982847 0.250167 50.033345 0.844328 0.160746 100.000000 0.160746 0.478782 95.756337 -0.535827 4.430144 100.000000 4.430144 0.000438 0.087612 -0.187381 2.003315 100.000000 2.003315 0.000016 0.003136 0.982287 0.146041 100.000000 0.146041
 7.000000 -0.624470 0.781049 0.963900 -0.266263 -0.674453 1.840311 0.781049 -0.624470 -0.266263 0.963900 0.200213 40.042669 0.844328 0.160746 100.000000 0.160746 0.392883 78.576501 -0.535827 4.430144 100.000000 4.430144 0.311117 62.223500 -0.187381 2.003315 100.000000 2.003315 0.016904 3.380775 0.982287 0.146041 100.000000 0.146041
 7.200000 -0.549496 0.835496 0.966625 -0.256197 -0.581761 1.829882 0.835496 -0.549496 -0.256197 0.966625 0.003900 0.779987 0.844328 0.160746 100.000000 0.160746 0.009343 1.868517 -0.535827 4.430144 100.000000 4.430144 0.236778 47.355681 -0.187381 2.003315 100.000000 2.003315 0.012266 2.453171 0.982287 0.146041 100.000000 0.146041
 7.400000 -0.530024 0.847982 0.971228 -0.238150 -0.558629 1.811257 0.847982 -0.530024 -0.238150 0.971228 0.000668 0.133550 0.844328 0.160746 100.000000 0.160746 0.001683 0.336675 -0.535827 4.430144 100.000000 4.430144 0.128873 25.774539 -0.187381 2.003315 100.000000 2.003315 0.006115 1.222982 0.982287 0.146041 100.000000 0.146041
 7.600000 -0.519062 0.854737 0.977520 -0.210844 -0.545753 1.783235 0.854737 -0.519062 -0.210844 0.977520 0.005417 1.083453 0.844328 0.160746 100.000000 0.160746 0.014054 2.810716 -0.535827 4.430144 100.000000 4.430144 0.027526 5.505151 -0.187381 2.003315 100.000000 2.003315 0.001137 0.227301 0.982287 0.146041 100.000000 0.146041
 7.800000 -0.727619 0.685982 0.959495 -0.281727 -0.814844 1.856389 0.685982 -0.727619 -0.281727 0.959495 1.253676 250.735163 0.844328 0.160746 100.000000 0.160746 1.839208 367.841579 -0.535827 4.430144 100.000000 4.430144 0.445051 89.010231 -0.187381 2.003315 100.000000 2.003315 0.025975 5.194986 0.982287 0.146041 100.000000 0.146041
 8.000000 -0.570562 0.821255 0.998745 0.050076 -0.607189 1.520700 0.821255 -0.570562 0.050076 0.998745 0.026618 5.323660 0.844328 0.160746 100.000000 0.160746 0.060325 12.065008 -0.535827 4.430144 100.000000 4.430144 2.819295 563.859037 -0.187381 2.003315 100.000000 2.003315 0.013544 2.708713 0.982287 0.146041 100.000000 0.146041
 8.200000 -0.622307 0.782773 0.986856 -0.161600 -0.671687 1.733108 0.782773 -0.622307 -0.161600 0.986856 0.189449 37.889829 0.844328 0.160746 100.000000 0.160746 0.373942 74.788394 -0.535827 4.430144 100.000000 4.430144 0.033234 6.646892 -0.187381 2.003315 100.000000 2.003315 0.001044 0.208770 0.982287 0.146041 100.000000 0.146041
 8.400000 -0.548700 0.836019 0.938968 -0.344004 -0.580809 1.921974 0.836019 -0.548700 -0.344004 0.938968 0.003452 0.690343 0.844328 0.160746 100.000000 0.160746 0.008286 1.657227 -0.535827 4.430144 100.000000 4.430144 1.226537 245.307373 -0.187381 2.003315 100.000000 2.003315 0.093827 18.765489 0.982287 0.146041 100.000000 0.146041
 8.600000 -0.616872 0.787063 0.963446 -0.267901 -0.664762 1.842010 0.787063 -0.616872 -0.267901 0.963446 0.163962 32.792343 0.844328 0.160746 100.000000 0.160746 0.328418 65.683589 -0.535827 4.430144 100.000000 4.430144 0.324172 64.834463 -0.187381 2.003315 100.000000 2.003315 0.017749 3.549777 0.982287 0.146041 100.000000 0.146041
 8.800000 -0.627510 0.778609 0.985413 -0.170180 -0.678351 1.741808 0.778609 -0.627510 -0.170180 0.985413 0.215951 43.190102 0.844328 0.160746 100.000000 0.160746 0.420288 84.057540 -0.535827 4.430144 100.000000 4.430144 0.014795 2.959018 -0.187381 2.003315 100.000000 2.003315 0.000489 0.097708 0.982287 0.146041 100.000000 0.146041
 9.000000 -0.469459 0.882954 0.999815 0.019254 -0.488678 1.551541 0.882954 -0.469459 0.019254 0.999815 0.074600 14.919930 0.844328 0.160746 100.000000 0.160746 0.220234 44.046789 -0.535827 4.430144 100.000000 4.430144 2.134904 426.980771 -0.187381 2.003315 100.000000 2.003315 0.015360 3.072090 0.982287 0.146041 100.000000 0.146041
 9.200000 -0.680917 0.732360 0.985026 -0.172404 -0.749014 1.744066 0.732360 -0.680917 -0.172404 0.985026 0.626837 125.367462 0.844328 0.160746 100.000000 0.160746 1.052563 210.512551 -0.535827 4.430144 100.000000 4.430144 0.011216 2.243127 -0.187381 2.003315 100.000000 2.003315 0.000375 0.075023 0.982287 0.146041 100.000000 0.146041
 9.400000 -0.599443 0.800417 0.965741 -0.259508 -0.642806 1.833309 0.800417 -0.599443 -0.259508 0.965741 0.096408 19.281552 0.844328 0.160746 100.000000 0.160746 0.202354 40.470701 -0.535827 4.430144 100.000000 4.430144 0.260113 52.022555 -0.187381 2.003315 100.000000 2.003315 0.013689 2.737796 0.982287 0.146041 100.000000 0.146041
 9.600000 -0.653693 0.756760 0.974162 -0.225851 -0.712454 1.798613 0.756760 -0.653693 -0.225851 0.974162 0.383408 76.681623 0.844328 0.160746 100.000000 0.160746 0.694622 138.924321 -0.535827 4.430144 100.000000 4.430144 0.073995 14.799070 -0.187381 2.003315 100.000000 2.003315 0.003301 0.660215 0.982287 0.146041 100.000000 0.146041
 9.800000 -0.572467 0.819928 0.974368 -0.224960 -0.609511 1.797698 0.819928 -0.572467 -0.224960 0.974368 0.029768 5.953659 0.844328 0.160746 100.000000 0.160746 0.067125 13.425000 -0.535827 4.430144 100.000000 4.430144 0.070606 14.121285 -0.187381 2.003315 100.000000 2.003315 0.003136 0.627131 0.982287 0.146041 100.000000 0.146041
 10.000000 -0.588181 0.808729 0.979229 -0.202755 -0.628808 1.774967 0.808729 -0.588181 -0.202755 0.979229 0.063363 12.672585 0.844328 0.160746 100.000000 0.160746 0.137048 27.409582 -0.535827 4.430144 100.000000 4.430144 0.011818 2.363505 -0.187381 2.003315 100.000000 2.003315 0.000467 0.093499 0.982287 0.146041 100.000000 0.146041
 10.200000 -0.611102 0.791552 0.989575 -0.144018 -0.657452 1.715317 0.791552 -0.611102 -0.144018 0.989575 0.139265 27.853000 0.844328 0.160746 100.000000 0.160746 0.283317 56.663321 -0.535827 4.430144 100.000000 4.430144 0.094020 18.804086 -0.187381 2.003315 100.000000 2.003315 0.002656 0.531131 0.982287 0.146041 100.000000 0.146041
 10.400000 -0.563651 0.826013 0.962309 -0.271958 -0.598799 1.846223 0.826013 -0.563651 -0.271958 0.962309 0.016772 3.354326 0.844328 0.160746 100.000000 0.160746 0.038709 7.741814 -0.535827 4.430144 100.000000 4.430144 0.357657 71.531401 -0.187381 2.003315 100.000000 2.003315 0.019956 3.991206 0.982287 0.146041 100.000000 0.146041
 10.600000 -0.602506 0.798114 0.993168 -0.116690 -0.646638 1.687753 0.798114 -0.602506 -0.116690 0.993168 0.106786 21.357282 0.844328 0.160746 100.000000 0.160746 0.222309 44.461811 -0.535827 4.430144 100.000000 4.430144 0.249861 49.972125 -0.187381 2.003315 100.000000 2.003315 0.005920 1.183982 0.982287 0.146041 100.000000 0.146041
 10.800000 -0.639499 0.768792 0.976862 -0.213871 -0.693846 1.786332 0.768792 -0.639499 -0.213871 0.976862 0.285282 57.056384 0.844328 0.160746 100.000000 0.160746 0.537392 107.478462 -0.535827 4.430144 100.000000 4.430144 0.035085 7.017082 -0.187381 2.003315 100.000000 2.003315 0.001472 0.294345 0.982287 0.146041 100.000000 0.146041
 11.000000 -0.603691 0.797219 0.988019 -0.154330 -0.648123 1.725745 0.797219 -0.603691 -0.154330 0.988019 0.110965 22.192962 0.844328 0.160746 100.000000 0.160746 0.230276 46.055289 -0.535827 4.430144 100.000000 4.430144 0.054620 10.924012 -0.187381 2.003315 100.000000 2.003315 0.001643 0.328574 0.982287 0.146041 100.000000 0.146041
 11.200000 -0.693350 0.720601 0.972860 -0.231393 -0.766128 1.804306 0.720601 -0.693350 -0.231393 0.972860 0.765423 153.084554 0.844328 0.160746 100.000000 0.160746 1.240685 248.136914 -0.535827 4.430144 100.000000 4.430144 0.096851 19.370238 -0.187381 2.003315 100.000000 2.003315 0.004443 0.888660 0.982287 0.146041 100.000000 0.146041
 11.400000 -0.611412 0.791313 0.980129 -0.198361 -0.657843 1.770482 0.791313 -0.611412 -0.198361 0.980129 0.140531 28.106184 0.844328 0.160746 100.000000 0.160746 0.285654 57.130789 -0.535827 4.430144 100.000000 4.430144 0.006028 1.205569 -0.187381 2.003315 100.000000 2.003315 0.000233 0.046581 0.982287 0.146041 100.000000 0.146041
 11.600000 -0.567105 0.823645 0.974502 -0.224380 -0.602987 1.797103 0.823645 -0.567105 -0.224380 0.974502 0.021389 4.277709 0.844328 0.160746 100.000000 0.160746 0.048917 9.783447 -0.535827 4.430144 100.000000 4.430144 0.068444 13.688836 -0.187381 2.003315 100.000000 2.003315 0.003031 0.606135 0.982287 0.146041 100.000000 0.146041
 11.800000 -0.512457 0.858713 0.988469 -0.151422 -0.538044 1.722803 0.858713 -0.512457 -0.151422 0.988469 0.010346 2.069192 0.844328 0.160746 100.000000 0.160746 0.027306 5.461257 -0.535827 4.430144 100.000000 4.430144 0.064654 12.930824 -0.187381 2.003315 100.000000 2.003315 0.001911 0.382169 0.982287 0.146041 100.000000 0.146041
 12.000000 -0.752922 0.658109 0.995189 -0.097974 -0.852491 1.668928 0.658109 -0.752922 -0.097974 0.995189 1.733866 346.773121 0.844328 0.160746 100.000000 0.160746 2.356522 471.304386 -0.535827 4.430144 100.000000 4.430144 0.399683 79.936587 -0.187381 2.003315 100.000000 2.003315 0.008323 1.664544 0.982287 0.146041 100.000000 0.146041
 12.200000 -0.752069 0.659084 0.971064 -0.238819 -0.851196 1.811945 0.659084 -0.752069 -0.238819 0.971064 1.715760 343.152004 0.844328 0.160746 100.000000 0.160746 2.338036 467.607209 -0.535827 4.430144 100.000000 4.430144 0.132289 26.457875 -0.187381 2.003315 100.000000 2.003315 0.006298 1.259566 0.982287 0.146041 100.000000 0.146041
 12.400000 -0.573571 0.819156 0.977663 -0.210178 -0.610858 1.782554 0.819156 -0.573571 -0.210178 0.977663 0.031681 6.336186 0.844328 0.160746 100.000000 0.160746 0.071230 14.245935 -0.535827 4.430144 100.000000 4.430144 0.025986 5.197108 -0.187381 2.003315 100.000000 2.003315 0.001069 0.213834 0.982287 0.146041 100.000000 0.146041
 12.600000 -0.560296 0.828292 0.962612 -0.270884 -0.594743 1.845107 0.828292 -0.560296 -0.270884 0.962612 0.012857 2.571370 0.844328 0.160746 100.000000 0.160746 0.029937 5.987435 -0.535827 4.430144 100.000000 4.430144 0.348631 69.726155 -0.187381 2.003315 100.000000 2.003315 0.019356 3.871101 0.982287 0.146041 100.000000 0.146041
 12.800000 -0.543627 0.839327 0.973354 -0.229308 -0.574753 1.802163 0.839327 -0.543627 -0.229308 0.973354 0.001251 0.250123 0.844328 0.160746 100.000000 0.160746 0.003042 0.608487 -0.535827 4.430144 100.000000 4.430144 0.087892 17.578402 -0.187381 2.003315 100.000000 2.003315 0.003990 0.798042 0.982287 0.146041 100.000000 0.146041
 13.000000 -0.666829 0.745211 0.992682 -0.120757 -0.729945 1.691849 0.745211 -0.666829 -0.120757 0.992682 0.491210 98.242007 0.844328 0.160746 100.000000 0.160746 0.858078 171.615619 -0.535827 4.430144 100.000000 4.430144 0.221940 44.388027 -0.187381 2.003315 100.000000 2.003315 0.005403 1.080529 0.982287 0.146041 100.000000 0.146041
 13.200000 -0.600456 0.799658 0.988537 -0.150978 -0.644071 1.722354 0.799658 -0.600456 -0.150978 0.988537 0.099770 19.954005 0.844328 0.160746 100.000000 0.160746 0.208845 41.768958 -0.535827 4.430144 100.000000 4.430144 0.066261 13.252182 -0.187381 2.003315 100.000000 2.003315 0.001953 0.390613 0.982287 0.146041 100.000000 0.146041
 13.400000 -0.612978 0.790100 0.974311 -0.225205 -0.659824 1.797950 0.790100 -0.612978 -0.225205 0.974311 0.147033 29.406518 0.844328 0.160746 100.000000 0.160746 0.297614 59.522741 -0.535827 4.430144 100.000000 4.430144 0.071532 14.306456 -0.187381 2.003315 100.000000 2.003315 0.003181 0.636149 0.982287 0.146041 100.000000 0.146041
 13.600000 -0.632859 0.774267 0.978725 -0.205175 -0.685240 1.777439 0.774267 -0.632859 -0.205175 0.978725 0.245426 49.085116 0.844328 0.160746 100.000000 0.160746 0.470761 94.152273 -0.535827 4.430144 100.000000 4.430144 0.015832 3.166313 -0.187381 2.003315 100.000000 2.003315 0.000634 0.126881 0.982287 0.146041 100.000000 0.146041
 13.800000 -0.677565 0.735463 0.975007 -0.222173 -0.744447 1.794839 0.735463 -0.677565 -0.222173 0.975007 0.592582 118.516320 0.844328 0.160746 100.000000 0.160746 1.004489 200.897714 -0.535827 4.430144 100.000000 4.430144 0.060524 12.104742 -0.187381 2.003315 100.000000 2.003315 0.002650 0.529989 0.982287 0.146041 100.000000 0.146041
 14.000000 -0.691141 0.722720 0.996101 -0.088219 -0.763067 1.659130 0.722720 -0.691141 -0.088219 0.996101 0.739429 147.885885 0.844328 0.160746 100.000000 0.160746 1.206131 241.226191 -0.535827 4.430144 100.000000 4.430144 0.491657 98.331453 -0.187381 2.003315 100.000000 2.003315 0.009541 1.908223 0.982287 0.146041 100.000000 0.146041
 14.200000 -0.497271 0.867595 0.992330 -0.123614 -0.520450 1.694727 0.867595 -0.497271 -0.123614 0.992330 0.027068 5.413694 0.844328 0.160746 100.000000 0.160746 0.074327 14.865496 -0.535827 4.430144 100.000000 4.430144 0.203313 40.662685 -0.187381 2.003315 100.000000 2.003315 0.005043 1.008644 0.982287 0.146041 100.000000 0.146041
 14.400000 -0.573018 0.819543 0.936118 -0.351685 -0.610183 1.930167 0.819543 -0.573018 -0.351685 0.936118 0.030715 6.142934 0.844328 0.160746 100.000000 0.160746 0.069158 13.831644 -0.535827 4.430144 100.000000 4.430144 1.349789 269.957824 -0.187381 2.003315 100.000000 2.003315 0.106579 21.315713 0.982287 0.146041 100.000000 0.146041
 14.600000 -0.583476 0.812130 0.940534 -0.339698 -0.623002 1.917392 0.812130 -0.583476 -0.339698 0.940534 0.051834 10.366893 0.844328 0.160746 100.000000 0.160746 0.113523 22.704621 -0.535827 4.430144 100.000000 4.430144 1.160023 232.004678 -0.187381 2.003315 100.000000 2.003315 0.087165 17.432961 0.982287 0.146041 100.000000 0.146041
 14.800000 -0.669800 0.742542 0.980901 -0.194507 -0.733939 1.766551 0.742542 -0.669800 -0.194507 0.980901 0.518023 103.604667 0.844328 0.160746 100.000000 0.160746 0.897441 179.488217 -0.535827 4.430144 100.000000 4.430144 0.002538 0.507684 -0.187381 2.003315 100.000000 2.003315 0.000096 0.019211 0.982287 0.146041 100.000000 0.146041
 15.000000 -0.748876 0.662710 0.993785 -0.111313 -0.846365 1.682341 0.662710 -0.748876 -0.111313 0.993785 1.649254 329.850857 0.844328 0.160746 100.000000 0.160746 2.269502 453.900338 -0.535827 4.430144 100.000000 4.430144 0.289319 57.863828 -0.187381 2.003315 100.000000 2.003315 0.006610 1.322073 0.982287 0.146041 100.000000 0.146041
 15.200000 -0.585204 0.810886 0.998076 -0.062006 -0.625131 1.632842 0.810886 -0.585204 -0.062006 0.998076 0.055917 11.183371 0.844328 0.160746 100.000000 0.160746 0.121904 24.380713 -0.535827 4.430144 100.000000 4.430144 0.785945 157.188951 -0.187381 2.003315 100.000000 2.003315 0.012464 2.492770 0.982287 0.146041 100.000000 0.146041
 15.400000 -0.533110 0.846046 0.957323 -0.289020 -0.562273 1.863999 0.846046 -0.533110 -0.289020 0.957323 0.000148 0.029510 0.844328 0.160746 100.000000 0.160746 0.000369 0.073795 -0.535827 4.430144 100.000000 4.430144 0.516516 103.303230 -0.187381 2.003315 100.000000 2.003315 0.031160 6.232035 0.982287 0.146041 100.000000 0.146041
 15.600000 -0.534298 0.845296 0.974850 -0.222864 -0.563677 1.795548 0.845296 -0.534298 -0.222864 0.974850 0.000047 0.009381 0.844328 0.160746 100.000000 0.160746 0.000117 0.023386 -0.535827 4.430144 100.000000 4.430144 0.062951 12.590212 -0.187381 2.003315 100.000000 2.003315 0.002766 0.553195 0.982287 0.146041 100.000000 0.146041
 15.800000 -0.614697 0.788764 0.993825 -0.110958 -0.662001 1.681983 0.788764 -0.614697 -0.110958 0.993825 0.154369 30.873815 0.844328 0.160746 100.000000 0.160746 0.311022 62.204323 -0.535827 4.430144 100.000000 4.430144 0.292029 58.405863 -0.187381 2.003315 100.000000 2.003315 0.006656 1.331229 0.982287 0.146041 100.000000 0.146041
 16.000000 -0.652420 0.757858 0.985130 -0.171813 -0.710773 1.743466 0.757858 -0.652420 -0.171813 0.985130 0.373855 74.771003 0.844328 0.160746 100.000000 0.160746 0.679697 135.939493 -0.535827 4.430144 100.000000 4.430144 0.012119 2.423775 -0.187381 2.003315 100.000000 2.003315 0.000404 0.080790 0.982287 0.146041 100.000000 0.146041
 16.200000 -0.605738 0.795664 0.986788 -0.162019 -0.650693 1.733532 0.795664 -0.605738 -0.162019 0.986788 0.118408 23.681595 0.844328 0.160746 100.000000 0.160746 0.244379 48.875740 -0.535827 4.430144 100.000000 4.430144 0.032163 6.432596 -0.187381 2.003315 100.000000 2.003315 0.001013 0.202539 0.982287 0.146041 100.000000 0.146041
 16.400000 -0.631520 0.775360 0.988478 -0.151366 -0.683512 1.722747 0.775360 -0.631520 -0.151366 0.988478 0.237831 47.566168 0.844328 0.160746 100.000000 0.160746 0.457858 91.571642 -0.535827 4.430144 100.000000 4.430144 0.064854 12.970707 -0.187381 2.003315 100.000000 2.003315 0.001916 0.383219 0.982287 0.146041 100.000000 0.146041
 16.600000 -0.569729 0.821833 0.954989 -0.296640 -0.606176 1.871968 0.821833 -0.569729 -0.296640 0.954989 0.025301 5.060245 0.844328 0.160746 100.000000 0.160746 0.057466 11.493292 -0.535827 4.430144 100.000000 4.430144 0.596870 119.373990 -0.187381 2.003315 100.000000 2.003315 0.037258 7.451691 0.982287 0.146041 100.000000 0.146041
 16.800000 -0.502805 0.864400 0.994682 -0.102993 -0.526841 1.673973 0.864400 -0.502805 -0.102993 0.994682 0.020144 4.028761 0.844328 0.160746 100.000000 0.160746 0.054521 10.904197 -0.535827 4.430144 100.000000 4.430144 0.356066 71.213140 -0.187381 2.003315 100.000000 2.003315 0.007682 1.536307 0.982287 0.146041 100.000000 0.146041
 17.000000 -0.621495 0.783418 0.998792 -0.049146 -0.670650 1.619962 0.783418 -0.621495 -0.049146 0.998792 0.185501 37.100209 0.844328 0.160746 100.000000 0.160746 0.366954 73.390725 -0.535827 4.430144 100.000000 4.430144 0.955446 191.089211 -0.187381 2.003315 100.000000 2.003315 0.013620 2.723932 0.982287 0.146041 100.000000 0.146041
 17.200000 -0.642667 0.766146 0.992018 -0.126097 -0.697974 1.697230 0.766146 -0.642667 -0.126097 0.992018 0.305622 61.124409 0.844328 0.160746 100.000000 0.160746 0.570739 114.147799 -0.535827 4.430144 100.000000 4.430144 0.187786 37.557135 -0.187381 2.003315 100.000000 2.003315 0.004734 0.946848 0.982287 0.146041 100.000000 0.146041
 17.400000 -0.590899 0.806745 0.976135 -0.217166 -0.632173 1.789707 0.806745 -0.590899 -0.217166 0.976135 0.070623 14.124525 0.844328 0.160746 100.000000 0.160746 0.151649 30.329819 -0.535827 4.430144 100.000000 4.430144 0.044356 8.871273 -0.187381 2.003315 100.000000 2.003315 0.001893 0.378540 0.982287 0.146041 100.000000 0.146041
 17.600000 -0.468512 0.883457 0.953975 -0.299886 -0.487605 1.875369 0.883457 -0.468512 -0.299886 0.953975 0.076555 15.311056 0.844328 0.160746 100.000000 0.160746 0.226566 45.313164 -0.535827 4.430144 100.000000 4.430144 0.632862 126.572320 -0.187381 2.003315 100.000000 2.003315 0.040079 8.015753 0.982287 0.146041 100.000000 0.146041
 17.800000 -0.627268 0.778803 0.976148 -0.217106 -0.678041 1.789645 0.778803 -0.627268 -0.217106 0.976148 0.214674 42.934859 0.844328 0.160746 100.000000 0.160746 0.418078 83.615504 -0.535827 4.430144 100.000000 4.430144 0.044178 8.835664 -0.187381 2.003315 100.000000 2.003315 0.001885 0.376904 0.982287 0.146041 100.000000 0.146041
 18.000000 -0.667544 0.744570 0.978851 -0.204576 -0.730905 1.776827 0.744570 -0.667544 -0.204576 0.978851 0.497580 99.515924 0.844328 0.160746 100.000000 0.160746 0.867472 173.494497 -0.535827 4.430144 100.000000 4.430144 0.014782 2.956459 -0.187381 2.003315 100.000000 2.003315 0.000590 0.118095 0.982287 0.146041 100.000000 0.146041
 18.200000 -0.551693 0.834047 0.967246 -0.253841 -0.584392 1.827446 0.834047 -0.551693 -0.253841 0.967246 0.005284 1.056890 0.844328 0.160746 100.000000 0.160746 0.012586 2.517293 -0.535827 4.430144 100.000000 4.430144 0.220846 44.169127 -0.187381 2.003315 100.000000 2.003315 0.011312 2.262418 0.982287 0.146041 100.000000 0.146041
 18.400000 -0.539508 0.841981 0.951900 -0.306409 -0.569852 1.882215 0.841981 -0.539508 -0.306409 0.951900 0.000276 0.055100 0.844328 0.160746 100.000000 0.160746 0.000678 0.135500 -0.535827 4.430144 100.000000 4.430144 0.708385 141.677037 -0.187381 2.003315 100.000000 2.003315 0.046170 9.233971 0.982287 0.146041 100.000000 0.146041
 18.600000 -0.504014 0.863696 0.987526 -0.157453 -0.528240 1.728907 0.863696 -0.504014 -0.157453 0.987526 0.018756 3.751107 0.844328 0.160746 100.000000 0.160746 0.050604 10.120776 -0.535827 4.430144 100.000000 4.430144 0.044785 8.957056 -0.187381 2.003315 100.000000 2.003315 0.001372 0.274496 0.982287 0.146041 100.000000 0.146041
 18.800000 -0.654664 0.755920 0.993936 -0.109959 -0.713738 1.680978 0.755920 -0.654664 -0.109959 0.993936 0.390801 78.160104 0.844328 0.160746 100.000000 0.160746 0.706118 141.223577 -0.535827 4.430144 100.000000 4.430144 0.299710 59.941989 -0.187381 2.003315 100.000000 2.003315 0.006785 1.356960 0.982287 0.146041 100.000000 0.146041
 19.000000 -0.682141 0.731221 0.982765 -0.184857 -0.750686 1.756723 0.731221 -0.682141 -0.184857 0.982765 0.639658 127.931506 0.844328 0.160746 100.000000 0.160746 1.070385 214.077044 -0.535827 4.430144 100.000000 4.430144 0.000319 0.063700 -0.187381 2.003315 100.000000 2.003315 0.000011 0.002286 0.982287 0.146041 100.000000 0.146041
 19.200000 -0.626576 0.779360 0.989516 -0.144422 -0.677152 1.715725 0.779360 -0.626576 -0.144422 0.989516 0.211040 42.208088 0.844328 0.160746 100.000000 0.160746 0.411773 82.354524 -0.535827 4.430144 100.000000 4.430144 0.092275 18.455052 -0.187381 2.003315 100.000000 2.003315 0.002613 0.522576 0.982287 0.146041 100.000000 0.146041
 19.400000 -0.565965 0.824429 0.962597 -0.270936 -0.601603 1.845162 0.824429 -0.565965 -0.270936 0.962597 0.019798 3.959500 0.844328 0.160746 100.000000 0.160746 0.045415 9.082971 -0.535827 4.430144 100.000000 4.430144 0.349072 69.814412 -0.187381 2.003315 100.000000 2.003315 0.019385 3.876954 0.982287 0.146041 100.000000 0.146041
 19.600000 -0.515874 0.856664 0.982493 -0.186298 -0.542028 1.758189 0.856664 -0.515874 -0.186298 0.982493 0.007609 1.521889 0.844328 0.160746 100.000000 0.160746 0.019906 3.981100 -0.535827 4.430144 100.000000 4.430144 0.000059 0.011744 -0.187381 2.003315 100.000000 2.003315 0.000002 0.000425 0.982287 0.146041 100.000000 0.146041
 19.800000 -0.654940 0.755681 0.985705 -0.168483 -0.714103 1.740087 0.755681 -0.654940 -0.168483 0.985705 0.392912 78.582313 0.844328 0.160746 100.000000 0.160746 0.709393 141.878519 -0.535827 4.430144 100.000000 4.430144 0.017857 3.571390 -0.187381 2.003315 100.000000 2.003315 0.000584 0.116778 0.982287 0.146041 100.000000 0.146041
 20.000000 -0.594976 0.803744 0.971675 -0.236320 -0.637236 1.809373 0.803744 -0.594976 -0.236320 0.971675 0.082354 16.470865 0.844328 0.160746 100.000000 0.160746 0.174930 34.986052 -0.535827 4.430144 100.000000 4.430144 0.119750 23.950084 -0.187381 2.003315 100.000000 2.003315 0.005631 1.126145 0.982287 0.146041 100.000000 0.146041
