#! FIELDS time sin_phi cos_phi sin_psi cos_psi phi psi cos_phi sin_phi cos_psi sin_psi restraint_phi_cos.bias restraint_phi_cos.force2 restraint_phi_cos.cos_phi_cntr restraint_phi_cos.cos_phi_work restraint_phi_cos.cos_phi_kappa restraint_phi_cos.work restraint_phi_sin.bias restraint_phi_sin.force2 restraint_phi_sin.sin_phi_cntr restraint_phi_sin.sin_phi_work restraint_phi_sin.sin_phi_kappa restraint_phi_sin.work restraint_psi_cos.bias restraint_psi_cos.force2 restraint_psi_cos.cos_psi_cntr restraint_psi_cos.cos_psi_work restraint_psi_cos.cos_psi_kappa restraint_psi_cos.work restraint_psi_sin.bias restraint_psi_sin.force2 restraint_psi_sin.sin_psi_cntr restraint_psi_sin.sin_psi_work restraint_psi_sin.sin_psi_kappa restraint_psi_sin.work
#! SET min_phi -pi
#! SET max_phi pi
#! SET min_psi -pi
#! SET max_psi pi
 0.000000 -0.999983 -0.005782 0.966116 0.258110 -1.576579 1.309731 -0.005782 -0.999983 0.258110 0.966116 0.000000 0.000000 -0.009747 0.000000 0.000000 0.000000 0.000000 0.000000 -0.999953 0.000000 0.000000 0.000000 0.000000 0.000000 0.256142 0.000000 0.000000 0.000000 0.000000 0.000000 0.966639 0.000000 0.000000 0.000000
 0.200000 -0.999088 0.042709 0.766423 0.642337 -1.528074 0.873253 0.042709 -0.999088 0.642337 0.766423 0.013758 0.275159 -0.009747 0.257002 10.000000 0.257002 0.000004 0.000075 -0.999953 0.005187 10.000000 0.005187 0.745730 14.914602 0.256142 0.286506 10.000000 0.286506 0.200433 4.008663 0.966639 0.059273 10.000000 0.059273
 0.400000 -0.986265 0.165169 0.978947 0.204116 -1.404867 1.365236 0.165169 -0.986265 0.204116 0.978947 0.305953 12.238124 -0.009747 0.364966 20.000000 0.364966 0.001873 0.074935 -0.999953 0.006203 20.000000 0.006203 0.027068 1.082711 0.256142 0.524217 20.000000 0.524217 0.001515 0.060592 0.966639 0.107379 20.000000 0.107379
 0.600000 -0.999983 0.005872 0.942788 0.333393 -1.564924 1.230897 0.005872 -0.999983 0.333393 0.942788 0.003659 0.219543 -0.009747 0.441464 30.000000 0.441464 0.000000 0.000001 -0.999953 0.006834 30.000000 0.006834 0.089514 5.370841 0.256142 0.612923 30.000000 0.612923 0.008533 0.511983 0.966639 0.114266 30.000000 0.114266
 0.800000 -0.999875 -0.015815 0.990275 0.139126 -1.586612 1.431218 -0.015815 -0.999875 0.139126 0.990275 0.000737 0.058926 -0.009747 0.516232 40.000000 0.516232 0.000000 0.000010 -0.999953 0.007346 40.000000 0.007346 0.273858 21.908660 0.256142 0.718188 40.000000 0.718188 0.011173 0.893832 0.966639 0.129741 40.000000 0.129741
 1.000000 -0.986859 0.161584 0.935179 0.354176 -1.408501 1.208763 0.161584 -0.986859 0.354176 0.935179 0.733856 73.385596 -0.009747 0.579754 50.000000 0.579754 0.004286 0.428605 -0.999953 0.007719 50.000000 0.007719 0.240267 24.026664 0.256142 0.759288 50.000000 0.759288 0.024744 2.474396 0.966639 0.134275 50.000000 0.134275
 1.200000 -0.999908 -0.013544 0.983706 0.179787 -1.584340 1.390026 -0.013544 -0.999908 0.179787 0.983706 0.000433 0.051904 -0.009747 0.605704 60.000000 0.605704 0.000000 0.000007 -0.999953 0.007801 60.000000 0.007801 0.174903 20.988361 0.256142 0.796387 60.000000 0.796387 0.008738 1.048549 0.966639 0.136582 60.000000 0.136582
 1.400000 -0.999972 0.007510 0.983861 0.178932 -1.563287 1.390896 0.007510 -0.999972 0.178932 0.983861 0.010422 1.459098 -0.009747 0.640753 70.000000 0.640753 0.000000 0.000002 -0.999953 0.007897 70.000000 0.007897 0.208652 29.211252 0.256142 0.866239 70.000000 0.866239 0.010381 1.453398 0.966639 0.145676 70.000000 0.145676
 1.600000 -0.999373 -0.035400 0.925743 0.378154 -1.606204 1.182994 -0.035400 -0.999373 0.378154 0.925743 0.026325 4.211966 -0.009747 0.688438 80.000000 0.688438 0.000013 0.002148 -0.999953 0.008110 80.000000 0.008110 0.595477 95.276397 0.256142 0.934553 80.000000 0.934553 0.066901 10.704168 0.966639 0.151097 80.000000 0.151097
 1.800000 -0.999803 -0.019841 0.979272 0.202552 -1.590639 1.366833 -0.019841 -0.999803 0.202552 0.979272 0.004585 0.825376 -0.009747 0.728966 90.000000 0.728966 0.000001 0.000181 -0.999953 0.008312 90.000000 0.008312 0.129238 23.262760 0.256142 1.003716 90.000000 1.003716 0.007181 1.292594 0.966639 0.155859 90.000000 0.155859
 2.000000 -0.999753 0.022239 0.984715 0.174174 -1.548555 1.395729 0.022239 -0.999753 0.174174 0.984715 0.051154 10.230833 -0.009747 0.766334 100.000000 0.766334 0.000002 0.000399 -0.999953 0.008475 100.000000 0.008475 0.335938 67.187561 0.256142 1.089113 100.000000 1.089113 0.016337 3.267332 0.966639 0.166205 100.000000 0.166205
 2.200000 -0.962018 0.272987 0.900908 0.434011 -1.294300 1.121856 0.272987 -0.962018 0.434011 0.900908 2.394233 478.846506 0.054161 0.487944 100.000000 0.487944 0.032140 6.427910 -0.936664 0.173471 100.000000 0.173471 2.057959 411.591843 0.231134 1.160428 100.000000 1.160428 0.014642 2.928383 0.918020 0.245410 100.000000 0.245410
 2.400000 -0.988703 0.149888 0.958846 0.283925 -1.420341 1.282911 0.149888 -0.988703 0.283925 0.958846 0.050621 10.124165 0.118069 0.347124 100.000000 0.347124 0.665013 133.002589 -0.873376 0.714491 100.000000 0.714491 0.302648 60.529613 0.206125 1.207199 100.000000 1.207199 0.400021 80.004148 0.869401 0.611598 100.000000 0.611598
 2.600000 -0.982434 0.186611 0.994276 0.106840 -1.383085 1.463752 0.186611 -0.982434 0.106840 0.994276 0.001073 0.214694 0.181978 0.280783 100.000000 0.280783 1.485153 297.030675 -0.810088 1.605637 100.000000 1.605637 0.275846 55.169220 0.181116 1.317099 100.000000 1.317099 1.505005 301.000977 0.820782 1.211381 100.000000 1.211381
 2.800000 -0.940263 0.340449 0.970488 0.241148 -1.223402 1.327247 0.340449 -0.940263 0.241148 0.970488 0.447114 89.422724 0.245886 -0.111498 100.000000 -0.111498 1.871396 374.279237 -0.746800 2.732544 100.000000 2.732544 0.361602 72.320327 0.156107 1.494668 100.000000 1.494668 1.966634 393.326855 0.772164 2.046956 100.000000 2.046956
 3.000000 -0.914609 0.404340 0.934596 0.355712 -1.154539 1.207120 0.404340 -0.914609 0.355712 0.934596 0.446955 89.391049 0.309794 -0.510543 100.000000 -0.510543 2.670285 534.057098 -0.683512 4.120075 100.000000 4.120075 2.522576 504.515233 0.131098 1.606027 100.000000 1.606027 2.227122 445.424456 0.723545 3.168162 100.000000 3.168162
 3.200000 -0.918643 0.395089 0.989011 0.147844 -1.164632 1.422409 0.395089 -0.918643 0.147844 0.989011 0.022871 4.574130 0.373702 -0.795461 100.000000 -0.795461 4.452703 890.540520 -0.620224 5.785983 100.000000 5.785983 0.087171 17.434285 0.106089 1.771072 100.000000 1.771072 4.932467 986.493352 0.674926 4.514688 100.000000 4.514688
 3.400000 -0.878748 0.477285 0.992000 0.126242 -1.073233 1.444217 0.477285 -0.878748 0.126242 0.992000 0.078709 15.741729 0.437610 -1.206180 100.000000 -1.206180 5.178173 1035.634657 -0.556936 7.610202 100.000000 7.610202 0.101977 20.395381 0.081080 1.962578 100.000000 1.962578 6.686552 1337.310496 0.626307 6.129089 100.000000 6.129089
 3.600000 -0.780293 0.625414 0.963352 0.268241 -0.895134 1.299229 0.625414 -0.780293 0.268241 0.963352 0.767523 153.504560 0.501518 -1.892597 100.000000 -1.892597 4.108275 821.655092 -0.493647 9.411202 100.000000 9.411202 2.250802 450.160498 0.056072 2.092028 100.000000 2.092028 7.436822 1487.364433 0.577688 8.015643 100.000000 8.015643
 3.800000 -0.625886 0.779915 0.999997 0.002495 -0.676267 1.568302 0.779915 -0.625886 0.002495 0.999997 2.300282 460.056463 0.565426 -2.774434 100.000000 -2.774434 1.911528 382.305614 -0.430359 11.152449 100.000000 11.152449 0.040807 8.161410 0.031063 2.119016 100.000000 2.119016 11.088644 2217.728753 0.529069 10.156138 100.000000 10.156138
 4.000000 -0.662610 0.748964 0.997546 0.070020 -0.724299 1.500719 0.748964 -0.662610 0.070020 0.997546 0.715577 143.115358 0.629334 -3.673304 100.000000 -3.673304 4.367167 873.433482 -0.367071 12.860234 100.000000 12.860234 0.204584 40.916844 0.006054 2.234938 100.000000 2.234938 13.369374 2673.874858 0.480450 12.544489 100.000000 12.544489
 4.200000 -0.580987 0.813913 0.988040 -0.154195 -0.619941 1.725609 0.813913 -0.580987 -0.154195 0.988040 0.728078 145.615594 0.693242 -4.685090 100.000000 -4.685090 3.842101 768.420257 -0.303783 14.282820 100.000000 14.282820 0.914498 182.899651 -0.018955 2.041629 100.000000 2.041629 15.468417 3093.683423 0.431831 15.149134 100.000000 15.149134
 4.400000 -0.505232 0.862984 0.993991 -0.109460 -0.529651 1.680476 0.862984 -0.505232 -0.109460 0.993991 0.560041 112.008242 0.757150 -5.724271 100.000000 -5.724271 3.504288 700.857680 -0.240495 15.428663 100.000000 15.428663 0.214485 42.897042 -0.043964 2.021810 100.000000 2.021810 18.652527 3730.505435 0.383213 18.006028 100.000000 18.006028
 4.600000 -0.369866 0.929085 0.960951 -0.276720 -0.378865 1.851176 0.929085 -0.369866 -0.276720 0.960951 0.583498 116.699650 0.821058 -6.570212 100.000000 -6.570212 1.855875 371.174998 -0.177207 16.415568 100.000000 16.415568 2.157949 431.589881 -0.068973 1.519660 100.000000 1.519660 19.616144 3923.228757 0.334594 20.935626 100.000000 20.935626
 4.800000 -0.271377 0.962473 0.976554 -0.215272 -0.274823 1.787767 0.962473 -0.271377 -0.215272 0.976554 0.300372 60.074347 0.884966 -7.226859 100.000000 -7.226859 1.239651 247.930234 -0.113919 17.235931 100.000000 17.235931 0.735571 147.114284 -0.093982 1.367588 100.000000 1.367588 23.844983 4768.996584 0.285975 24.212315 100.000000 24.212315
 5.000000 -0.241439 0.970416 0.891267 -0.453478 -0.243848 2.041461 0.970416 -0.241439 -0.453478 0.891267 0.023204 4.640791 0.948874 -7.640046 100.000000 -7.640046 1.820387 364.077405 -0.050631 17.809694 100.000000 17.809694 5.594109 1118.821866 -0.118990 0.663456 100.000000 0.663456 21.379999 4275.999827 0.237356 27.399792 100.000000 27.399792
 5.200000 0.010602 0.999944 0.957492 -0.288461 0.010603 1.863416 0.999944 0.010602 -0.288461 0.957492 0.000000 0.000032 1.000000 -7.702223 100.000000 -7.702223 0.005621 1.124103 0.000000 18.368712 100.000000 18.368712 1.043460 208.692095 -0.143999 0.039328 100.000000 0.039328 29.549175 5909.835015 0.188737 30.847664 100.000000 30.847664
 5.400000 -0.102539 0.994729 0.704644 -0.709561 -0.102719 2.359671 0.994729 -0.102539 -0.709561 0.704644 0.001389 0.277834 1.000000 -7.702223 100.000000 -7.702223 0.525711 105.142168 0.000000 18.368712 100.000000 18.368712 14.609874 2921.974800 -0.169008 -0.924244 100.000000 -0.924244 15.934463 3186.892600 0.140118 33.993730 100.000000 33.993730
 5.600000 -0.101777 0.994807 0.746406 -0.665490 -0.101954 2.298947 0.994807 -0.101777 -0.665490 0.746406 0.001348 0.269653 1.000000 -7.702223 100.000000 -7.702223 0.517933 103.586510 0.000000 18.368712 100.000000 18.368712 11.114355 2222.871038 -0.194017 -2.073648 100.000000 -2.073648 21.445166 4289.033179 0.091499 37.144950 100.000000 37.144950
 5.800000 -0.083049 0.996545 0.383482 -0.923548 -0.083145 2.748029 0.996545 -0.083049 -0.923548 0.383482 0.000597 0.119338 1.000000 -7.702223 100.000000 -7.702223 0.344857 68.971329 0.000000 18.368712 100.000000 18.368712 24.817606 4963.521263 -0.219026 -3.477557 100.000000 -3.477557 5.800459 1160.091808 0.042880 39.815862 100.000000 39.815862
 6.000000 -0.090389 0.995907 0.540718 -0.841204 -0.090512 2.570302 0.995907 -0.090389 -0.841204 0.540718 0.000838 0.167563 1.000000 -7.702223 100.000000 -7.702223 0.408506 81.701293 0.000000 18.368712 100.000000 18.368712 17.830543 3566.108668 -0.244035 -5.117184 100.000000 -5.117184 14.930744 2986.148718 -0.005738 41.935260 100.000000 41.935260
 6.200000 0.004714 0.999989 0.273384 -0.961905 0.004714 2.864684 0.999989 0.004714 -0.961905 0.273384 0.000000 0.000001 1.000000 -7.702223 100.000000 -7.702223 0.001111 0.222250 0.000000 18.368712 100.000000 18.368712 24.002851 4800.570212 -0.269044 -6.637361 100.000000 -6.637361 5.370710 1074.141974 -0.054357 44.400787 100.000000 44.400787
 6.400000 -0.006020 0.999982 -0.073703 -0.997280 -0.006020 -3.067823 0.999982 -0.006020 -0.997280 -0.073703 0.000000 0.000003 1.000000 -7.702223 100.000000 -7.702223 0.001812 0.362382 0.000000 18.368712 100.000000 18.368712 24.726469 4945.293816 -0.294052 -8.420018 100.000000 -8.420018 0.042846 8.569259 -0.102976 44.639548 100.000000 44.639548
 6.600000 -0.040576 0.999176 0.260816 -0.965388 -0.040587 2.877725 0.999176 -0.040576 -0.965388 0.260816 0.000034 0.006782 1.000000 -7.702223 100.000000 -7.702223 0.082320 16.464040 0.000000 18.368712 100.000000 18.368712 20.886941 4177.388280 -0.319061 -10.126956 100.000000 -10.126956 8.504153 1700.830599 -0.151595 45.836017 100.000000 45.836017
 6.800000 -0.062546 0.998042 -0.340111 -0.940385 -0.062587 -2.794558 0.998042 -0.062546 -0.940385 -0.340111 0.000192 0.038334 1.000000 -7.702223 100.000000 -7.702223 0.195598 39.119589 0.000000 18.368712 100.000000 18.368712 17.779596 3555.919199 -0.344070 -11.760147 100.000000 -11.760147 0.978556 195.711180 -0.200214 46.262973 100.000000 46.262973
 7.000000 0.169101 0.985599 -0.658423 -0.752648 0.169917 -2.422870 0.985599 0.169101 -0.752648 -0.658423 0.010370 2.073944 1.000000 -7.702223 100.000000 -7.702223 1.429750 285.949936 0.000000 18.368712 100.000000 18.368712 7.356247 1471.249382 -0.369079 -12.930371 100.000000 -12.930371 8.388229 1677.645767 -0.248833 44.670474 100.000000 44.670474
 7.200000 0.178403 0.983957 -0.717973 -0.696071 0.179363 -2.340706 0.983957 0.178403 -0.696071 -0.717973 0.012868 2.573620 1.000000 -7.702223 100.000000 -7.702223 1.591383 318.276519 0.000000 18.368712 100.000000 18.368712 4.559678 911.935674 -0.394088 -13.726626 100.000000 -13.726626 8.841928 1768.385532 -0.297452 42.540611 100.000000 42.540611
 7.400000 0.056675 0.998393 -0.672308 -0.740271 0.056705 -2.404270 0.998393 0.056675 -0.740271 -0.672308 0.000129 0.025834 1.000000 -7.702223 100.000000 -7.702223 0.160601 32.120264 0.000000 18.368712 100.000000 18.368712 5.157663 1031.532542 -0.419097 -14.452699 100.000000 -14.452699 5.321547 1064.309482 -0.346070 40.621573 100.000000 40.621573
 7.600000 0.118363 0.992970 -0.710587 -0.703609 0.118641 -2.351260 0.992970 0.118363 -0.703609 -0.710587 0.002471 0.494147 1.000000 -7.702223 100.000000 -7.702223 0.700485 140.097035 0.000000 18.368712 100.000000 18.368712 3.367099 673.419900 -0.444106 -14.846790 100.000000 -14.846790 4.989580 997.916015 -0.394689 38.536302 100.000000 38.536302
 7.800000 0.169928 0.985456 -0.765112 -0.643897 0.170757 -2.270377 0.985456 0.169928 -0.643897 -0.765112 0.010576 2.115138 1.000000 -7.702223 100.000000 -7.702223 1.443776 288.755115 0.000000 18.368712 100.000000 18.368712 1.527442 305.488396 -0.469114 -15.499262 100.000000 -15.499262 5.177898 1035.579659 -0.443308 37.200276 100.000000 37.200276
 8.000000 -0.035854 0.999357 -0.782165 -0.623072 -0.035861 -2.243460 0.999357 -0.035854 -0.623072 -0.782165 0.000021 0.004134 1.000000 -7.702223 100.000000 -7.702223 0.064274 12.854795 0.000000 18.368712 100.000000 18.368712 0.831383 166.276590 -0.494123 -15.739642 100.000000 -15.739642 4.211898 842.379530 -0.491927 35.534649 100.000000 35.534649
 8.200000 0.106293 0.994335 -0.795756 -0.605618 0.106495 -2.221338 0.994335 0.106293 -0.605618 -0.795756 0.001605 0.320945 1.000000 -7.702223 100.000000 -7.702223 0.564915 112.983000 0.000000 18.368712 100.000000 18.368712 0.373989 74.797769 -0.519132 -16.079061 100.000000 -16.079061 3.256599 651.319812 -0.540546 34.364284 100.000000 34.364284
 8.400000 0.125802 0.992055 -0.797628 -0.603150 0.126136 -2.218241 0.992055 0.125802 -0.603150 -0.797628 0.003156 0.631172 1.000000 -7.702223 100.000000 -7.702223 0.791308 158.261507 0.000000 18.368712 100.000000 18.368712 0.174105 34.821071 -0.544141 -16.268962 100.000000 -16.268962 2.172834 434.566855 -0.589165 33.290648 100.000000 33.290648
 8.600000 0.035387 0.999374 -0.816803 -0.576917 0.035395 -2.185746 0.999374 0.035387 -0.576917 -0.816803 0.000020 0.003923 1.000000 -7.702223 100.000000 -7.702223 0.062613 12.522540 0.000000 18.368712 100.000000 18.368712 0.003016 0.603294 -0.569150 -16.386613 100.000000 -16.386613 1.602391 320.478174 -0.637784 32.431612 100.000000 32.431612
 8.800000 0.143233 0.989689 -0.814043 -0.580804 0.143727 -2.190512 0.989689 0.143233 -0.580804 -0.814043 0.005316 1.063168 1.000000 -7.702223 100.000000 -7.702223 1.025784 205.156879 0.000000 18.368712 100.000000 18.368712 0.008917 1.783493 -0.594159 -16.393880 100.000000 -16.393880 0.814610 162.921980 -0.686403 31.718328 100.000000 31.718328
 9.000000 0.079702 0.996819 -0.857399 -0.514652 0.079787 -2.111398 0.996819 0.079702 -0.514652 -0.857399 0.000506 0.101204 1.000000 -7.702223 100.000000 -7.702223 0.317620 63.524075 0.000000 18.368712 100.000000 18.368712 0.546179 109.235895 -0.619168 -16.315875 100.000000 -16.315875 0.748818 149.763662 -0.735021 31.221592 100.000000 31.221592
 9.200000 0.189497 0.981881 -0.804111 -0.594479 0.190649 -2.207414 0.981881 0.189497 -0.594479 -0.804111 0.016414 3.282847 1.000000 -7.702223 100.000000 -7.702223 1.795449 359.089750 0.000000 18.368712 100.000000 18.368712 0.092214 18.442760 -0.637424 -16.261727 100.000000 -16.261727 0.056441 11.288207 -0.770513 31.056188 100.000000 31.056188
 9.400000 0.189112 0.981956 -0.826137 -0.563469 0.190258 -2.169375 0.981956 0.189112 -0.563469 -0.826137 0.016280 3.256038 1.000000 -7.702223 100.000000 -7.702223 1.788169 357.633856 0.000000 18.368712 100.000000 18.368712 0.273469 54.693798 -0.637424 -16.261727 100.000000 -16.261727 0.154702 30.940456 -0.770513 31.056188 100.000000 31.056188
 9.600000 0.025933 0.999664 -0.846381 -0.532578 0.025935 -2.132440 0.999664 0.025933 -0.532578 -0.846381 0.000006 0.001131 1.000000 -7.702223 100.000000 -7.702223 0.033625 6.724978 0.000000 18.368712 100.000000 18.368712 0.549635 109.926935 -0.637424 -16.261727 100.000000 -16.261727 0.287796 57.559110 -0.770513 31.056188 100.000000 31.056188
 9.800000 0.158144 0.987416 -0.792587 -0.609759 0.158810 -2.226552 0.987416 0.158144 -0.609759 -0.792587 0.007918 1.583541 1.000000 -7.702223 100.000000 -7.702223 1.250470 250.094075 0.000000 18.368712 100.000000 18.368712 0.038269 7.653703 -0.637424 -16.261727 100.000000 -16.261727 0.024363 4.872569 -0.770513 31.056188 100.000000 31.056188
 10.000000 0.058987 0.998259 -0.821218 -0.570615 0.059021 -2.178051 0.998259 0.058987 -0.570615 -0.821218 0.000152 0.030319 1.000000 -7.702223 100.000000 -7.702223 0.173971 34.794232 0.000000 18.368712 100.000000 18.368712 0.223171 44.634115 -0.637424 -16.261727 100.000000 -16.261727 0.128546 25.709270 -0.770513 31.056188 100.000000 31.056188
 10.200000 0.080249 0.996775 -0.796489 -0.604653 0.080335 -2.220126 0.996775 0.080249 -0.604653 -0.796489 0.000520 0.104016 1.000000 -7.702223 100.000000 -7.702223 0.321995 64.399057 0.000000 18.368712 100.000000 18.368712 0.053697 10.739448 -0.637424 -16.261727 100.000000 -16.261727 0.033737 6.747450 -0.770513 31.056188 100.000000 31.056188
 10.400000 0.148346 0.988935 -0.784578 -0.620030 0.148896 -2.239577 0.988935 0.148346 -0.620030 -0.784578 0.006121 1.224239 1.000000 -7.702223 100.000000 -7.702223 1.100332 220.066432 0.000000 18.368712 100.000000 18.368712 0.015128 3.025567 -0.637424 -16.261727 100.000000 -16.261727 0.009891 1.978240 -0.770513 31.056188 100.000000 31.056188
 10.600000 0.146140 0.989264 -0.815830 -0.578292 0.146666 -2.187430 0.989264 0.146140 -0.578292 -0.815830 0.005763 1.152644 1.000000 -7.702223 100.000000 -7.702223 1.067849 213.569868 0.000000 18.368712 100.000000 18.368712 0.174829 34.965740 -0.637424 -16.261727 100.000000 -16.261727 0.102679 20.535860 -0.770513 31.056188 100.000000 31.056188
 10.800000 0.103327 0.994647 -0.809416 -0.587235 0.103512 -2.198435 0.994647 0.103327 -0.587235 -0.809416 0.001433 0.286503 1.000000 -7.702223 100.000000 -7.702223 0.533828 106.765536 0.000000 18.368712 100.000000 18.368712 0.125945 25.189003 -0.637424 -16.261727 100.000000 -16.261727 0.075672 15.134434 -0.770513 31.056188 100.000000 31.056188
 11.000000 0.207939 0.978142 -0.825184 -0.564863 0.209468 -2.171064 0.978142 0.207939 -0.564863 -0.825184 0.023889 4.777826 1.000000 -7.702223 100.000000 -7.702223 2.161935 432.386951 0.000000 18.368712 100.000000 18.368712 0.263251 52.650248 -0.637424 -16.261727 100.000000 -16.261727 0.149447 29.889310 -0.770513 31.056188 100.000000 31.056188
 11.200000 -0.003738 0.999993 -0.763460 -0.645855 -0.003738 -2.272939 0.999993 -0.003738 -0.645855 -0.763460 0.000000 0.000000 1.000000 -7.702223 100.000000 -7.702223 0.000699 0.139728 0.000000 18.368712 100.000000 18.368712 0.003554 0.710866 -0.637424 -16.261727 100.000000 -16.261727 0.002488 0.497502 -0.770513 31.056188 100.000000 31.056188
 11.400000 0.131899 0.991263 -0.792991 -0.609233 0.132284 -2.225889 0.991263 0.131899 -0.609233 -0.792991 0.003817 0.763321 1.000000 -7.702223 100.000000 -7.702223 0.869866 173.973132 0.000000 18.368712 100.000000 18.368712 0.039737 7.947440 -0.637424 -16.261727 100.000000 -16.261727 0.025263 5.052690 -0.770513 31.056188 100.000000 31.056188
 11.600000 0.033763 0.999430 -0.768552 -0.639787 0.033769 -2.265017 0.999430 0.033763 -0.639787 -0.768552 0.000016 0.003250 1.000000 -7.702223 100.000000 -7.702223 0.056997 11.399342 0.000000 18.368712 100.000000 18.368712 0.000279 0.055836 -0.637424 -16.261727 100.000000 -16.261727 0.000192 0.038453 -0.770513 31.056188 100.000000 31.056188
 11.800000 0.143363 0.989670 -0.717379 -0.696683 0.143859 -2.341560 0.989670 0.143363 -0.696683 -0.717379 0.005335 1.067055 1.000000 -7.702223 100.000000 -7.702223 1.027648 205.529686 0.000000 18.368712 100.000000 18.368712 0.175583 35.116543 -0.637424 -16.261727 100.000000 -16.261727 0.141163 28.232563 -0.770513 31.056188 100.000000 31.056188
 12.000000 0.148777 0.988871 -0.799743 -0.600342 0.149332 -2.214725 0.988871 0.148777 -0.600342 -0.799743 0.006193 1.238606 1.000000 -7.702223 100.000000 -7.702223 1.106734 221.346778 0.000000 18.368712 100.000000 18.368712 0.068754 13.750835 -0.637424 -16.261727 100.000000 -16.261727 0.042720 8.544069 -0.770513 31.056188 100.000000 31.056188
 12.200000 0.098143 0.995172 -0.743744 -0.668464 0.098302 -2.302938 0.995172 0.098143 -0.668464 -0.743744 0.001165 0.233068 1.000000 -7.702223 100.000000 -7.702223 0.481606 96.321141 0.000000 18.368712 100.000000 18.368712 0.048175 9.634946 -0.637424 -16.261727 100.000000 -16.261727 0.035829 7.165752 -0.770513 31.056188 100.000000 31.056188
 12.400000 0.165933 0.986137 -0.814481 -0.580191 0.166704 -2.189759 0.986137 0.165933 -0.580191 -0.814481 0.009609 1.921812 1.000000 -7.702223 100.000000 -7.702223 1.376685 275.337032 0.000000 18.368712 100.000000 18.368712 0.163782 32.756393 -0.637424 -16.261727 100.000000 -16.261727 0.096656 19.331286 -0.770513 31.056188 100.000000 31.056188
 12.600000 0.189600 0.981861 -0.837549 -0.546362 0.190755 -2.148811 0.981861 0.189600 -0.546362 -0.837549 0.016451 3.290117 1.000000 -7.702223 100.000000 -7.702223 1.797417 359.483464 0.000000 18.368712 100.000000 18.368712 0.414616 82.923133 -0.637424 -16.261727 100.000000 -16.261727 0.224691 44.938249 -0.770513 31.056188 100.000000 31.056188
 12.800000 0.027587 0.999619 -0.793009 -0.609210 0.027591 -2.225860 0.999619 0.027587 -0.609210 -0.793009 0.000007 0.001449 1.000000 -7.702223 100.000000 -7.702223 0.038053 7.610517 0.000000 18.368712 100.000000 18.368712 0.039802 7.960430 -0.637424 -16.261727 100.000000 -16.261727 0.025303 5.060648 -0.770513 31.056188 100.000000 31.056188
 13.000000 0.160207 0.987083 -0.813906 -0.580997 0.160901 -2.190749 0.987083 0.160207 -0.580997 -0.813906 0.008342 1.668383 1.000000 -7.702223 100.000000 -7.702223 1.283317 256.663434 0.000000 18.368712 100.000000 18.368712 0.159201 31.840131 -0.637424 -16.261727 100.000000 -16.261727 0.094145 18.829095 -0.770513 31.056188 100.000000 31.056188
 13.200000 0.110750 0.993848 -0.797158 -0.603771 0.110977 -2.219019 0.993848 0.110750 -0.603771 -0.797158 0.001892 0.378430 1.000000 -7.702223 100.000000 -7.702223 0.613274 122.654830 0.000000 18.368712 100.000000 18.368712 0.056627 11.325420 -0.637424 -16.261727 100.000000 -16.261727 0.035497 7.099441 -0.770513 31.056188 100.000000 31.056188
 13.400000 0.090039 0.995938 -0.845804 -0.533493 0.090161 -2.133521 0.995938 0.090039 -0.533493 -0.845804 0.000825 0.164975 1.000000 -7.702223 100.000000 -7.702223 0.405347 81.069320 0.000000 18.368712 100.000000 18.368712 0.540081 108.016289 -0.637424 -16.261727 100.000000 -16.261727 0.283438 56.687605 -0.770513 31.056188 100.000000 31.056188
 13.600000 0.159469 0.987203 -0.794250 -0.607591 0.160153 -2.223820 0.987203 0.159469 -0.607591 -0.794250 0.008188 1.637639 1.000000 -7.702223 100.000000 -7.702223 1.271514 254.302872 0.000000 18.368712 100.000000 18.368712 0.044501 8.900120 -0.637424 -16.261727 100.000000 -16.261727 0.028172 5.634400 -0.770513 31.056188 100.000000 31.056188
 13.800000 0.150979 0.988537 -0.832043 -0.554712 0.151558 -2.158813 0.988537 0.150979 -0.554712 -0.832043 0.006570 1.314008 1.000000 -7.702223 100.000000 -7.702223 1.139732 227.946328 0.000000 18.368712 100.000000 18.368712 0.342066 68.413175 -0.637424 -16.261727 100.000000 -16.261727 0.189293 37.858622 -0.770513 31.056188 100.000000 31.056188
 14.000000 0.115024 0.993363 -0.834994 -0.550258 0.115280 -2.153470 0.993363 0.115024 -0.550258 -0.834994 0.002203 0.440543 1.000000 -7.702223 100.000000 -7.702223 0.661531 132.306281 0.000000 18.368712 100.000000 18.368712 0.379892 75.978303 -0.637424 -16.261727 100.000000 -16.261727 0.207891 41.578184 -0.770513 31.056188 100.000000 31.056188
 14.200000 0.227945 0.973674 -0.844265 -0.535926 0.229967 -2.136401 0.973674 0.227945 -0.535926 -0.844265 0.034653 6.930632 1.000000 -7.702223 100.000000 -7.702223 2.597956 519.591226 0.000000 18.368712 100.000000 18.368712 0.515089 103.017860 -0.637424 -16.261727 100.000000 -16.261727 0.271964 54.392900 -0.770513 31.056188 100.000000 31.056188
 14.400000 0.154655 0.987969 -0.818273 -0.574830 0.155278 -2.183192 0.987969 0.154655 -0.574830 -0.818273 0.007238 1.447557 1.000000 -7.702223 100.000000 -7.702223 1.195907 239.181381 0.000000 18.368712 100.000000 18.368712 0.195903 39.180610 -0.637424 -16.261727 100.000000 -16.261727 0.114050 22.810096 -0.770513 31.056188 100.000000 31.056188
 14.600000 0.308976 0.951070 -0.840393 -0.541978 0.314117 -2.143585 0.951070 0.308976 -0.541978 -0.840393 0.119709 23.941747 1.000000 -7.702223 100.000000 -7.702223 4.773322 954.664347 0.000000 18.368712 100.000000 18.368712 0.455496 91.099230 -0.637424 -16.261727 100.000000 -16.261727 0.244156 48.831284 -0.770513 31.056188 100.000000 31.056188
 14.800000 0.073038 0.997329 -0.863543 -0.504276 0.073103 -2.099340 0.997329 0.073038 -0.504276 -0.863543 0.000357 0.071335 1.000000 -7.702223 100.000000 -7.702223 0.266729 53.345771 0.000000 18.368712 100.000000 18.368712 0.886420 177.283990 -0.637424 -16.261727 100.000000 -16.261727 0.432723 86.544547 -0.770513 31.056188 100.000000 31.056188
 15.000000 0.171987 0.985099 -0.821530 -0.570165 0.172846 -2.177503 0.985099 0.171987 -0.570165 -0.821530 0.011102 2.220336 1.000000 -7.702223 100.000000 -7.702223 1.478978 295.795528 0.000000 18.368712 100.000000 18.368712 0.226186 45.237266 -0.637424 -16.261727 100.000000 -16.261727 0.130135 26.027064 -0.770513 31.056188 100.000000 31.056188
 15.200000 0.126484 0.991969 -0.787960 -0.615727 0.126823 -2.234104 0.991969 0.126484 -0.615727 -0.787960 0.003225 0.645018 1.000000 -7.702223 100.000000 -7.702223 0.799905 159.981007 0.000000 18.368712 100.000000 18.368712 0.023539 4.707763 -0.637424 -16.261727 100.000000 -16.261727 0.015219 3.043845 -0.770513 31.056188 100.000000 31.056188
 15.400000 0.148443 0.988921 -0.846884 -0.531778 0.148994 -2.131495 0.988921 0.148443 -0.531778 -0.846884 0.006137 1.227463 1.000000 -7.702223 100.000000 -7.702223 1.101772 220.354405 0.000000 18.368712 100.000000 18.368712 0.558056 111.611278 -0.637424 -16.261727 100.000000 -16.261727 0.291624 58.324848 -0.770513 31.056188 100.000000 31.056188
 15.600000 0.120737 0.992684 -0.808603 -0.588354 0.121033 -2.199819 0.992684 0.120737 -0.588354 -0.808603 0.002676 0.535168 1.000000 -7.702223 100.000000 -7.702223 0.728876 145.775203 0.000000 18.368712 100.000000 18.368712 0.120391 24.078169 -0.637424 -16.261727 100.000000 -16.261727 0.072542 14.508388 -0.770513 31.056188 100.000000 31.056188
 15.800000 0.118502 0.992954 -0.832717 -0.553698 0.118781 -2.157596 0.992954 0.118502 -0.553698 -0.832717 0.002482 0.496481 1.000000 -7.702223 100.000000 -7.702223 0.702132 140.426316 0.000000 18.368712 100.000000 18.368712 0.350498 70.099605 -0.637424 -16.261727 100.000000 -16.261727 0.193467 38.693364 -0.770513 31.056188 100.000000 31.056188
 16.000000 0.135140 0.990827 -0.769046 -0.639194 0.135554 -2.264245 0.990827 0.135140 -0.639194 -0.769046 0.004208 0.841522 1.000000 -7.702223 100.000000 -7.702223 0.913137 182.627475 0.000000 18.368712 100.000000 18.368712 0.000157 0.031313 -0.637424 -16.261727 100.000000 -16.261727 0.000108 0.021530 -0.770513 31.056188 100.000000 31.056188
 16.200000 -0.018450 0.999830 -0.866023 -0.500005 -0.018451 -2.094401 0.999830 -0.018450 -0.500005 -0.866023 0.000001 0.000290 1.000000 -7.702223 100.000000 -7.702223 0.017021 3.404153 0.000000 18.368712 100.000000 18.368712 0.944200 188.840079 -0.637424 -16.261727 100.000000 -16.261727 0.456102 91.220332 -0.770513 31.056188 100.000000 31.056188
 16.400000 0.140665 0.990057 -0.848362 -0.529416 0.141133 -2.128708 0.990057 0.140665 -0.529416 -0.848362 0.004943 0.988577 1.000000 -7.702223 100.000000 -7.702223 0.989329 197.865803 0.000000 18.368712 100.000000 18.368712 0.583287 116.657480 -0.637424 -16.261727 100.000000 -16.261727 0.303025 60.604955 -0.770513 31.056188 100.000000 31.056188
 16.600000 0.173113 0.984902 -0.817310 -0.576198 0.173989 -2.184866 0.984902 0.173113 -0.576198 -0.817310 0.011397 2.279498 1.000000 -7.702223 100.000000 -7.702223 1.498403 299.680633 0.000000 18.368712 100.000000 18.368712 0.187429 37.485836 -0.637424 -16.261727 100.000000 -16.261727 0.109496 21.899290 -0.770513 31.056188 100.000000 31.056188
 16.800000 0.285348 0.958424 -0.789565 -0.613667 0.289370 -2.231493 0.958424 0.285348 -0.613667 -0.789565 0.086429 17.285780 1.000000 -7.702223 100.000000 -7.702223 4.071188 814.237649 0.000000 18.368712 100.000000 18.368712 0.028220 5.644083 -0.637424 -16.261727 100.000000 -16.261727 0.018149 3.629762 -0.770513 31.056188 100.000000 31.056188
 17.000000 0.188455 0.982082 -0.827966 -0.560778 0.189589 -2.166122 0.982082 0.188455 -0.560778 -0.827966 0.016053 3.210612 1.000000 -7.702223 100.000000 -7.702223 1.775765 355.152978 0.000000 18.368712 100.000000 18.368712 0.293727 58.745357 -0.637424 -16.261727 100.000000 -16.261727 0.165040 33.008061 -0.770513 31.056188 100.000000 31.056188
 17.200000 0.181991 0.983300 -0.790116 -0.612958 0.183010 -2.230595 0.983300 0.181991 -0.612958 -0.790116 0.013944 2.788808 1.000000 -7.702223 100.000000 -7.702223 1.656028 331.205697 0.000000 18.368712 100.000000 18.368712 0.029930 5.986074 -0.637424 -16.261727 100.000000 -16.261727 0.019213 3.842623 -0.770513 31.056188 100.000000 31.056188
 17.400000 0.192082 0.981379 -0.836297 -0.548276 0.193283 -2.151098 0.981379 0.192082 -0.548276 -0.836297 0.017337 3.467446 1.000000 -7.702223 100.000000 -7.702223 1.844771 368.954139 0.000000 18.368712 100.000000 18.368712 0.397367 79.473498 -0.637424 -16.261727 100.000000 -16.261727 0.216378 43.275552 -0.770513 31.056188 100.000000 31.056188
 17.600000 0.113464 0.993542 -0.851508 -0.524342 0.113709 -2.122738 0.993542 0.113464 -0.524342 -0.851508 0.002085 0.417042 1.000000 -7.702223 100.000000 -7.702223 0.643702 128.740490 0.000000 18.368712 100.000000 18.368712 0.639378 127.875632 -0.637424 -16.261727 100.000000 -16.261727 0.328006 65.601238 -0.770513 31.056188 100.000000 31.056188
 17.800000 0.180830 0.983514 -0.831268 -0.555872 0.181830 -2.160207 0.983514 0.180830 -0.555872 -0.831268 0.013589 2.717754 1.000000 -7.702223 100.000000 -7.702223 1.634973 326.994510 0.000000 18.368712 100.000000 18.368712 0.332540 66.507940 -0.637424 -16.261727 100.000000 -16.261727 0.184558 36.911616 -0.770513 31.056188 100.000000 31.056188
 18.000000 0.052833 0.998603 -0.838062 -0.545575 0.052858 -2.147872 0.998603 0.052833 -0.545575 -0.838062 0.000098 0.019506 1.000000 -7.702223 100.000000 -7.702223 0.139568 27.913586 0.000000 18.368712 100.000000 18.368712 0.421809 84.361738 -0.637424 -16.261727 100.000000 -16.261727 0.228140 45.628047 -0.770513 31.056188 100.000000 31.056188
 18.200000 0.048487 0.998824 -0.877112 -0.480285 0.048506 -2.071776 0.998824 0.048487 -0.480285 -0.877112 0.000069 0.013834 1.000000 -7.702223 100.000000 -7.702223 0.117549 23.509859 0.000000 18.368712 100.000000 18.368712 1.234633 246.926603 -0.637424 -16.261727 100.000000 -16.261727 0.568170 113.633987 -0.770513 31.056188 100.000000 31.056188
 18.400000 0.173126 0.984900 -0.822964 -0.568093 0.174002 -2.174983 0.984900 0.173126 -0.568093 -0.822964 0.011401 2.280171 1.000000 -7.702223 100.000000 -7.702223 1.498623 299.724540 0.000000 18.368712 100.000000 18.368712 0.240339 48.067797 -0.637424 -16.261727 100.000000 -16.261727 0.137556 27.511167 -0.770513 31.056188 100.000000 31.056188
 18.600000 0.102037 0.994781 -0.808767 -0.588129 0.102215 -2.199540 0.994781 0.102037 -0.588129 -0.808767 0.001362 0.272419 1.000000 -7.702223 100.000000 -7.702223 0.520576 104.115124 0.000000 18.368712 100.000000 18.368712 0.121498 24.299678 -0.637424 -16.261727 100.000000 -16.261727 0.073167 14.633444 -0.770513 31.056188 100.000000 31.056188
 18.800000 0.270791 0.962638 -0.800919 -0.598773 0.274215 -2.212764 0.962638 0.270791 -0.598773 -0.800919 0.069796 13.959103 1.000000 -7.702223 100.000000 -7.702223 3.666393 733.278559 0.000000 18.368712 100.000000 18.368712 0.074696 14.939218 -0.637424 -16.261727 100.000000 -16.261727 0.046226 9.245102 -0.770513 31.056188 100.000000 31.056188
 19.000000 0.155783 0.987791 -0.826532 -0.562889 0.156420 -2.168674 0.987791 0.155783 -0.562889 -0.826532 0.007453 1.490523 1.000000 -7.702223 100.000000 -7.702223 1.213417 242.683456 0.000000 18.368712 100.000000 18.368712 0.277771 55.554184 -0.637424 -16.261727 100.000000 -16.261727 0.156907 31.381335 -0.770513 31.056188 100.000000 31.056188
 19.200000 0.132372 0.991200 -0.826243 -0.563314 0.132762 -2.169187 0.991200 0.132372 -0.563314 -0.826243 0.003872 0.774393 1.000000 -7.702223 100.000000 -7.702223 0.876124 175.224760 0.000000 18.368712 100.000000 18.368712 0.274615 54.923045 -0.637424 -16.261727 100.000000 -16.261727 0.155290 31.058023 -0.770513 31.056188 100.000000 31.056188
 19.400000 0.274347 0.961631 -0.802526 -0.596617 0.277910 -2.210076 0.961631 0.274347 -0.596617 -0.802526 0.073609 14.721895 1.000000 -7.702223 100.000000 -7.702223 3.763303 752.660543 0.000000 18.368712 100.000000 18.368712 0.083259 16.651849 -0.637424 -16.261727 100.000000 -16.261727 0.051240 10.248087 -0.770513 31.056188 100.000000 31.056188
 19.600000 0.120949 0.992659 -0.797365 -0.603497 0.121246 -2.218676 0.992659 0.120949 -0.603497 -0.797365 0.002695 0.538952 1.000000 -7.702223 100.000000 -7.702223 0.731439 146.287715 0.000000 18.368712 100.000000 18.368712 0.057551 11.510290 -0.637424 -16.261727 100.000000 -16.261727 0.036051 7.210243 -0.770513 31.056188 100.000000 31.056188
 19.800000 0.296173 0.955134 -0.832796 -0.553580 0.300684 -2.157453 0.955134 0.296173 -0.553580 -0.832796 0.100647 20.129336 1.000000 -7.702223 100.000000 -7.702223 4.385926 877.185241 0.000000 18.368712 100.000000 18.368712 0.351494 70.298812 -0.637424 -16.261727 100.000000 -16.261727 0.193959 38.791752 -0.770513 31.056188 100.000000 31.056188
 20.000000 0.214975 0.976620 -0.798642 -0.601806 0.216666 -2.216557 0.976620 0.214975 -0.601806 -0.798642 0.027332 5.466410 1.000000 -7.702223 100.000000 -7.702223 2.310703 462.140671 0.000000 18.368712 100.000000 18.368712 0.063431 12.686137 -0.637424 -16.261727 100.000000 -16.261727 0.039561 7.912280 -0.770513 31.056188 100.000000 31.056188
