#! FIELDS time sin_phi cos_phi sin_psi cos_psi phi psi cos_phi sin_phi cos_psi sin_psi restraint_phi_cos.bias restraint_phi_cos.force2 restraint_phi_cos.cos_phi_cntr restraint_phi_cos.cos_phi_work restraint_phi_cos.cos_phi_kappa restraint_phi_cos.work restraint_phi_sin.bias restraint_phi_sin.force2 restraint_phi_sin.sin_phi_cntr restraint_phi_sin.sin_phi_work restraint_phi_sin.sin_phi_kappa restraint_phi_sin.work restraint_psi_cos.bias restraint_psi_cos.force2 restraint_psi_cos.cos_psi_cntr restraint_psi_cos.cos_psi_work restraint_psi_cos.cos_psi_kappa restraint_psi_cos.work restraint_psi_sin.bias restraint_psi_sin.force2 restraint_psi_sin.sin_psi_cntr restraint_psi_sin.sin_psi_work restraint_psi_sin.sin_psi_kappa restraint_psi_sin.work
#! SET min_phi -pi
#! SET max_phi pi
#! SET min_psi -pi
#! SET max_psi pi
 0.000000 -0.999983 -0.005782 0.966116 0.258110 -1.576579 1.309731 -0.005782 -0.999983 0.258110 0.966116 0.000000 0.000000 -0.009747 0.000000 0.000000 0.000000 0.000000 0.000000 -0.999953 0.000000 0.000000 0.000000 0.000000 0.000000 0.256142 0.000000 0.000000 0.000000 0.000000 0.000000 0.966639 0.000000 0.000000 0.000000
 0.200000 -0.999088 0.042709 0.766423 0.642337 -1.528074 0.873253 0.042709 -0.999088 0.642337 0.766423 0.013758 0.275159 -0.009747 0.257002 10.000000 0.257002 0.000004 0.000075 -0.999953 0.005187 10.000000 0.005187 0.745730 14.914602 0.256142 0.286506 10.000000 0.286506 0.200433 4.008663 0.966639 0.059273 10.000000 0.059273
 0.400000 -0.986265 0.165169 0.978947 0.204115 -1.404867 1.365236 0.165169 -0.986265 0.204115 0.978947 0.305955 12.238181 -0.009747 0.364966 20.000000 0.364966 0.001873 0.074936 -0.999953 0.006203 20.000000 0.006203 0.027068 1.082720 0.256142 0.524217 20.000000 0.524217 0.001515 0.060592 0.966639 0.107379 20.000000 0.107379
 0.600000 -0.999983 0.005863 0.942793 0.333379 -1.564933 1.230911 0.005863 -0.999983 0.333379 0.942793 0.003655 0.219299 -0.009747 0.441464 30.000000 0.441464 0.000000 0.000001 -0.999953 0.006834 30.000000 0.006834 0.089483 5.369006 0.256142 0.612923 30.000000 0.612923 0.008530 0.511782 0.966639 0.114266 30.000000 0.114266
 0.800000 -0.999875 -0.015830 0.990278 0.139104 -1.586627 1.431240 -0.015830 -0.999875 0.139104 0.990278 0.000740 0.059217 -0.009747 0.516231 40.000000 0.516231 0.000000 0.000010 -0.999953 0.007346 40.000000 0.007346 0.273961 21.916859 0.256142 0.718189 40.000000 0.718189 0.011176 0.894064 0.966639 0.129740 40.000000 0.129740
 1.000000 -0.986859 0.161581 0.935178 0.354178 -1.408504 1.208761 0.161581 -0.986859 0.354178 0.935178 0.733830 73.382951 -0.009747 0.579753 50.000000 0.579753 0.004286 0.428572 -0.999953 0.007719 50.000000 0.007719 0.240275 24.027459 0.256142 0.759294 50.000000 0.759294 0.024745 2.474492 0.966639 0.134275 50.000000 0.134275
 1.200000 -0.999908 -0.013568 0.983709 0.179770 -1.584365 1.390044 -0.013568 -0.999908 0.179770 0.983709 0.000438 0.052579 -0.009747 0.605698 60.000000 0.605698 0.000000 0.000007 -0.999953 0.007801 60.000000 0.007801 0.174982 20.997852 0.256142 0.796387 60.000000 0.796387 0.008741 1.048937 0.966639 0.136582 60.000000 0.136582
 1.400000 -0.999972 0.007520 0.983860 0.178938 -1.563276 1.390889 0.007520 -0.999972 0.178938 0.983860 0.010435 1.460846 -0.009747 0.640749 70.000000 0.640749 0.000000 0.000002 -0.999953 0.007897 70.000000 0.007897 0.208616 29.206175 0.256142 0.866204 70.000000 0.866204 0.010380 1.453192 0.966639 0.145671 70.000000 0.145671
 1.600000 -0.999366 -0.035605 0.925718 0.378214 -1.606409 1.182930 -0.035605 -0.999366 0.378214 0.925718 0.026746 4.279422 -0.009747 0.688423 80.000000 0.688423 0.000014 0.002202 -0.999953 0.008109 80.000000 0.008109 0.596057 95.369061 0.256142 0.934483 80.000000 0.934483 0.066980 10.716858 0.966639 0.151096 80.000000 0.151096
 1.800000 -0.999795 -0.020224 0.979266 0.202580 -1.591022 1.366804 -0.020224 -0.999795 0.202580 0.979266 0.004940 0.889182 -0.009747 0.729215 90.000000 0.729215 0.000001 0.000200 -0.999953 0.008315 90.000000 0.008315 0.129101 23.238117 0.256142 1.003524 90.000000 1.003524 0.007174 1.291392 0.966639 0.155850 90.000000 0.155850
 2.000000 -0.999659 0.026124 0.985373 0.170411 -1.544669 1.399550 0.026124 -0.999659 0.170411 0.985373 0.064334 12.866870 -0.009747 0.766344 100.000000 0.766344 0.000004 0.000863 -0.999953 0.008475 100.000000 0.008475 0.367497 73.499373 0.256142 1.090706 100.000000 1.090706 0.017548 3.509656 0.966639 0.166391 100.000000 0.166391
 2.200000 -0.970778 0.239979 0.934347 0.356365 -1.328452 1.206422 0.239979 -0.970778 0.356365 0.934347 2.671857 534.371319 0.008815 0.682129 100.000000 0.682129 0.086866 17.373215 -0.929097 0.230329 100.000000 0.230329 1.967690 393.538047 0.157987 1.385021 100.000000 1.385021 0.035103 7.020534 0.960843 0.169205 100.000000 0.169205
 2.400000 -0.999581 0.028947 0.994384 0.105835 -1.541845 1.464763 0.028947 -0.999581 0.105835 0.994384 0.000123 0.024700 0.027376 0.636142 100.000000 0.636142 0.998848 199.769535 -0.858241 0.952307 100.000000 0.952307 0.105814 21.162817 0.059832 1.430294 100.000000 1.430294 0.077369 15.473710 0.955047 0.187967 100.000000 0.187967
 2.600000 -0.999886 0.015090 0.996509 -0.083483 -1.555706 1.654377 0.015090 -0.999886 -0.083483 0.996509 0.047579 9.515700 0.045937 0.575990 100.000000 0.575990 2.257829 451.565786 -0.787385 2.148312 100.000000 2.148312 0.101971 20.394255 -0.038323 1.697001 100.000000 1.697001 0.111667 22.333312 0.949251 0.213689 100.000000 0.213689
 2.800000 -0.984633 0.174636 0.998399 0.056559 -1.395260 1.514207 0.174636 -0.984633 0.056559 0.998399 0.606520 121.303943 0.064498 0.456896 100.000000 0.456896 3.593970 718.794041 -0.716530 3.828105 100.000000 3.828105 1.863173 372.634675 -0.136478 1.624067 100.000000 1.624067 0.150943 30.188649 0.943455 0.240056 100.000000 0.240056
 3.000000 -0.986327 0.164798 0.951423 -0.307887 -1.405243 1.883768 0.164798 -0.986327 -0.307887 0.951423 0.334062 66.812366 0.083059 0.340825 100.000000 0.340825 5.802235 1160.447004 -0.645674 6.005076 100.000000 6.005076 0.268306 53.661199 -0.234634 1.477581 100.000000 1.477581 0.009472 1.894416 0.937659 0.254959 100.000000 0.254959
 3.200000 -0.982532 0.186095 0.879430 -0.476027 -1.383611 2.066928 0.186095 -0.982532 -0.476027 0.879430 0.356793 71.358600 0.101621 0.261019 100.000000 0.261019 8.311518 1662.303657 -0.574818 8.676809 100.000000 8.676809 1.025865 205.173097 -0.332789 2.097210 100.000000 2.097210 0.137459 27.491736 0.931863 0.274003 100.000000 0.274003
 3.400000 -0.999733 -0.023103 0.904923 -0.425575 -1.593902 2.010393 -0.023103 -0.999733 -0.425575 0.904923 1.026532 205.306482 0.120182 0.114496 100.000000 0.114496 12.289422 2457.884320 -0.503963 11.745977 100.000000 11.745977 0.165026 33.005299 -0.368125 1.764293 100.000000 1.764293 0.030884 6.176831 0.929776 0.266211 100.000000 0.266211
 3.600000 -0.971119 0.238596 0.963873 -0.266364 -1.329876 1.840415 0.238596 -0.971119 -0.266364 0.963873 0.498536 99.707133 0.138743 -0.145731 100.000000 -0.145731 14.472845 2894.568952 -0.433107 15.197119 100.000000 15.197119 0.517760 103.552062 -0.368125 1.764293 100.000000 1.764293 0.058127 11.625386 0.929776 0.266211 100.000000 0.266211
 3.800000 -0.867790 0.496931 0.962367 -0.271754 -1.050737 1.846011 0.496931 -0.867790 -0.271754 0.962367 5.767328 1153.465529 0.157304 -0.489451 100.000000 -0.489451 12.778474 2555.694844 -0.362251 19.030055 100.000000 19.030055 0.464367 92.873477 -0.368125 1.764293 100.000000 1.764293 0.053107 10.621315 0.929776 0.266211 100.000000 0.266211
 4.000000 -0.921448 0.388503 0.900741 -0.434356 -1.171790 2.020119 0.388503 -0.921448 -0.434356 0.900741 2.260730 452.145933 0.175865 -0.879634 100.000000 -0.879634 19.848291 3969.658136 -0.291395 23.216810 100.000000 23.216810 0.219328 43.865501 -0.368125 1.764293 100.000000 1.764293 0.042152 8.430313 0.929776 0.266211 100.000000 0.266211
 4.200000 -0.894408 0.447251 0.911246 -0.411863 -1.107106 1.995294 0.447251 -0.894408 -0.411863 0.911246 3.196023 639.204615 0.194427 -1.349998 100.000000 -1.349998 22.704941 4540.988174 -0.220540 27.760467 100.000000 27.760467 0.095653 19.130605 -0.368125 1.764293 100.000000 1.764293 0.017169 3.433888 0.929776 0.266211 100.000000 0.266211
 4.400000 -0.804816 0.593525 0.970679 -0.240381 -0.935365 1.813554 0.593525 -0.804816 -0.240381 0.970679 7.240413 1448.082537 0.212988 -2.061015 100.000000 -2.061015 21.459892 4291.978433 -0.149684 32.121789 100.000000 32.121789 0.815925 163.185092 -0.368125 1.764293 100.000000 1.764293 0.083650 16.729917 0.929776 0.266211 100.000000 0.266211
 4.600000 -0.594954 0.803760 0.823857 -0.566798 -0.637208 2.173410 0.803760 -0.594954 -0.566798 0.823857 16.371267 3274.253475 0.231549 -2.860713 100.000000 -2.860713 13.319283 2663.856588 -0.078828 36.600793 100.000000 36.600793 1.973547 394.709481 -0.368125 1.764293 100.000000 1.764293 0.560945 112.189099 0.929776 0.266211 100.000000 0.266211
 4.800000 -0.396406 0.918075 0.939398 -0.342828 -0.407599 1.920722 0.918075 -0.396406 -0.342828 0.939398 22.308877 4461.775366 0.250110 -4.008655 100.000000 -4.008655 7.544028 1508.805546 -0.007973 39.878097 100.000000 39.878097 0.031996 6.399182 -0.368125 1.764293 100.000000 1.764293 0.004629 0.925776 0.929776 0.266211 100.000000 0.266211
 5.000000 -0.360517 0.932753 0.920033 -0.391840 -0.368822 1.973427 0.932753 -0.360517 -0.391840 0.920033 22.050204 4410.040870 0.268671 -5.286985 100.000000 -5.286985 8.963383 1792.676605 0.062883 42.290949 100.000000 42.290949 0.028121 5.624179 -0.368125 1.764293 100.000000 1.764293 0.004746 0.949274 0.929776 0.266211 100.000000 0.266211
 5.200000 0.444881 0.895590 0.980301 -0.197510 0.461042 1.769613 0.895590 0.444881 -0.197510 0.980301 18.504922 3700.984401 0.287232 -6.600889 100.000000 -6.600889 4.840477 968.095359 0.133739 42.722732 100.000000 42.722732 1.455473 291.094589 -0.368125 1.764293 100.000000 1.764293 0.127636 25.527216 0.929776 0.266211 100.000000 0.266211
 5.400000 0.755017 0.655705 0.961925 -0.273314 0.855680 1.847633 0.655705 0.755017 -0.273314 0.961925 6.121901 1224.380138 0.305794 -7.601544 100.000000 -7.601544 15.148250 3029.650036 0.204595 40.166242 100.000000 40.166242 0.449454 89.890865 -0.368125 1.764293 100.000000 1.764293 0.051676 10.335231 0.929776 0.266211 100.000000 0.266211
 5.600000 0.726470 0.687198 0.937811 -0.347147 0.813171 1.925324 0.687198 0.726470 -0.347147 0.937811 6.582773 1316.554690 0.324355 -8.342573 100.000000 -8.342573 10.170930 2034.186065 0.275450 36.950324 100.000000 36.950324 0.022003 4.400580 -0.368125 1.764293 100.000000 1.764293 0.003227 0.645491 0.929776 0.266211 100.000000 0.266211
 5.800000 0.718078 0.695962 0.985986 -0.166828 0.801037 1.738408 0.695962 0.718078 -0.166828 0.985986 6.232084 1246.416793 0.342916 -9.060650 100.000000 -9.060650 6.910734 1382.146847 0.346306 34.266266 100.000000 34.266266 2.026021 405.204220 -0.368125 1.764293 100.000000 1.764293 0.157976 31.595166 0.929776 0.266211 100.000000 0.266211
 6.000000 0.803547 0.595241 0.846455 -0.532460 0.933230 2.132301 0.595241 0.803547 -0.532460 0.846455 2.732282 546.456338 0.361477 -9.678528 100.000000 -9.678528 7.464682 1492.936490 0.417162 31.939367 100.000000 31.939367 1.350315 270.062943 -0.368125 1.764293 100.000000 1.764293 0.347125 69.424918 0.929776 0.266211 100.000000 0.266211
 6.200000 0.793730 0.608270 0.969165 -0.246412 0.916917 1.819773 0.608270 0.793730 -0.246412 0.969165 2.604489 520.897805 0.380038 -10.053135 100.000000 -10.053135 4.673010 934.602014 0.488017 29.369035 100.000000 29.369035 0.740692 148.138434 -0.368125 1.764293 100.000000 1.764293 0.077573 15.514600 0.929776 0.266211 100.000000 0.266211
 6.400000 0.906091 0.423082 0.945123 -0.326715 1.133952 1.903622 0.423082 0.906091 -0.326715 0.945123 0.029970 5.993902 0.398600 -10.409500 100.000000 -10.409500 6.028027 1205.605414 0.558873 27.331105 100.000000 27.331105 0.085739 17.147893 -0.368125 1.764293 100.000000 1.764293 0.011776 2.355175 0.929776 0.266211 100.000000 0.266211
 6.600000 0.852964 0.521970 0.965811 -0.259246 1.021638 1.833038 0.521970 0.852964 -0.259246 0.965811 0.549248 109.849582 0.417161 -10.704292 100.000000 -10.704292 2.491695 498.339069 0.629729 25.723266 100.000000 25.723266 0.592723 118.544517 -0.368125 1.764293 100.000000 1.764293 0.064925 12.985017 0.929776 0.266211 100.000000 0.266211
 6.800000 0.811501 0.584351 0.942683 -0.333691 0.946717 1.911012 0.584351 0.811501 -0.333691 0.942683 1.104525 220.905006 0.435722 -10.792665 100.000000 -10.792665 0.615126 123.025232 0.700585 24.216171 100.000000 24.216171 0.059284 11.856790 -0.368125 1.764293 100.000000 1.764293 0.008328 1.665667 0.929776 0.266211 100.000000 0.266211
 7.000000 0.837877 0.545859 0.900506 -0.434845 0.993382 2.020662 0.545859 0.837877 -0.434845 0.900506 0.419306 83.861194 0.454283 -11.003189 100.000000 -11.003189 0.220693 44.138618 0.771440 23.569300 100.000000 23.569300 0.222578 44.515629 -0.368125 1.764293 100.000000 1.764293 0.042839 8.567896 0.929776 0.266211 100.000000 0.266211
 7.200000 0.910743 0.412973 0.954765 -0.297362 1.145081 1.872725 0.412973 0.910743 -0.297362 0.954765 0.179231 35.846162 0.472844 -10.999193 100.000000 -10.999193 0.234253 46.850591 0.842296 23.033657 100.000000 23.033657 0.250366 50.073299 -0.368125 1.764293 100.000000 1.764293 0.031221 6.244153 0.929776 0.266211 100.000000 0.266211
 7.400000 0.919884 0.392191 0.875850 -0.482584 1.167784 2.074399 0.392191 0.919884 -0.482584 0.875850 0.401069 80.213864 0.481754 -11.025594 100.000000 -11.025594 0.094947 18.989482 0.876307 23.028977 100.000000 23.028977 0.655045 131.009021 -0.368125 1.764293 100.000000 1.764293 0.145404 29.080827 0.929776 0.266211 100.000000 0.266211
 7.600000 0.874845 0.484403 0.962402 -0.271630 1.065116 1.845883 0.484403 0.874845 -0.271630 0.962402 0.000351 0.070183 0.481754 -11.025594 100.000000 -11.025594 0.000107 0.021364 0.876307 23.028977 100.000000 23.028977 0.465559 93.111824 -0.368125 1.764293 100.000000 1.764293 0.053220 10.644068 0.929776 0.266211 100.000000 0.266211
 7.800000 0.838675 0.544633 0.883714 -0.468027 0.994845 2.057853 0.544633 0.838675 -0.468027 0.883714 0.197690 39.538029 0.481754 -11.025594 100.000000 -11.025594 0.070809 14.161793 0.876307 23.028977 100.000000 23.028977 0.499024 99.804766 -0.368125 1.764293 100.000000 1.764293 0.106087 21.217318 0.929776 0.266211 100.000000 0.266211
 8.000000 0.891034 0.453936 0.942277 -0.334833 1.099619 1.912224 0.453936 0.891034 -0.334833 0.942277 0.038691 7.738260 0.481754 -11.025594 100.000000 -11.025594 0.010845 2.169033 0.876307 23.028977 100.000000 23.028977 0.055416 11.083207 -0.368125 1.764293 100.000000 1.764293 0.007814 1.562741 0.929776 0.266211 100.000000 0.266211
 8.200000 0.877990 0.478679 0.949870 -0.312645 1.071647 1.888773 0.478679 0.877990 -0.312645 0.949870 0.000473 0.094549 0.481754 -11.025594 100.000000 -11.025594 0.000142 0.028339 0.876307 23.028977 100.000000 23.028977 0.153897 30.779352 -0.368125 1.764293 100.000000 1.764293 0.020187 4.037457 0.929776 0.266211 100.000000 0.266211
 8.400000 0.926295 0.376799 0.896156 -0.443740 1.184458 2.030564 0.376799 0.926295 -0.443740 0.896156 0.550770 110.153919 0.481754 -11.025594 100.000000 -11.025594 0.124941 24.988190 0.876307 23.028977 100.000000 23.028977 0.285885 57.176905 -0.368125 1.764293 100.000000 1.764293 0.056518 11.303645 0.929776 0.266211 100.000000 0.266211
 8.600000 0.893297 0.449468 0.951136 -0.308773 1.104627 1.884699 0.449468 0.893297 -0.308773 0.951136 0.052120 10.423948 0.481754 -11.025594 100.000000 -11.025594 0.014433 2.886597 0.876307 23.028977 100.000000 23.028977 0.176129 35.225721 -0.368125 1.764293 100.000000 1.764293 0.022811 4.562145 0.929776 0.266211 100.000000 0.266211
 8.800000 0.884345 0.466833 0.876943 -0.480594 1.085090 2.072128 0.466833 0.884345 -0.480594 0.876943 0.011131 2.226138 0.481754 -11.025594 100.000000 -11.025594 0.003231 0.646189 0.876307 23.028977 100.000000 23.028977 0.632469 126.493758 -0.368125 1.764293 100.000000 1.764293 0.139568 27.913540 0.929776 0.266211 100.000000 0.266211
 9.000000 0.874632 0.484788 0.975391 -0.220481 1.064675 1.793104 0.484788 0.874632 -0.220481 0.975391 0.000460 0.092086 0.481754 -11.025594 100.000000 -11.025594 0.000140 0.028060 0.876307 23.028977 100.000000 23.028977 1.089935 217.987093 -0.368125 1.764293 100.000000 1.764293 0.104036 20.807148 0.929776 0.266211 100.000000 0.266211
 9.200000 0.886655 0.462432 0.894881 -0.446304 1.090061 2.033427 0.462432 0.886655 -0.446304 0.894881 0.018667 3.733422 0.481754 -11.025594 100.000000 -11.025594 0.005354 1.070868 0.876307 23.028977 100.000000 23.028977 0.305603 61.120591 -0.368125 1.764293 100.000000 1.764293 0.060884 12.176736 0.929776 0.266211 100.000000 0.266211
 9.400000 0.853464 0.521152 0.947612 -0.319425 1.022597 1.895919 0.521152 0.853464 -0.319425 0.947612 0.077610 15.522021 0.481754 -11.025594 100.000000 -11.025594 0.026089 5.217843 0.876307 23.028977 100.000000 23.028977 0.118583 23.716633 -0.368125 1.764293 100.000000 1.764293 0.015905 3.180920 0.929776 0.266211 100.000000 0.266211
 9.600000 0.846226 0.532824 0.938738 -0.344633 1.008862 1.922644 0.532824 0.846226 -0.344633 0.938738 0.130408 26.081685 0.481754 -11.025594 100.000000 -11.025594 0.045242 9.048387 0.876307 23.028977 100.000000 23.028977 0.027593 5.518659 -0.368125 1.764293 100.000000 1.764293 0.004015 0.803016 0.929776 0.266211 100.000000 0.266211
 9.800000 0.870836 0.491574 0.935021 -0.354593 1.056900 1.933275 0.491574 0.870836 -0.354593 0.935021 0.004822 0.964415 0.481754 -11.025594 100.000000 -11.025594 0.001497 0.299313 0.876307 23.028977 100.000000 23.028977 0.009155 1.830995 -0.368125 1.764293 100.000000 1.764293 0.001375 0.275018 0.929776 0.266211 100.000000 0.266211
 10.000000 0.837903 0.545820 0.975115 -0.221700 0.993429 1.794354 0.545820 0.837903 -0.221700 0.975115 0.205223 41.044567 0.481754 -11.025594 100.000000 -11.025594 0.073743 14.748697 0.876307 23.028977 100.000000 23.028977 1.072007 214.401495 -0.368125 1.764293 100.000000 1.764293 0.102779 20.555737 0.929776 0.266211 100.000000 0.266211
 10.200000 0.877636 0.479328 0.932081 -0.362250 1.070907 1.941477 0.479328 0.877636 -0.362250 0.932081 0.000294 0.058839 0.481754 -11.025594 100.000000 -11.025594 0.000088 0.017667 0.876307 23.028977 100.000000 23.028977 0.001726 0.345134 -0.368125 1.764293 100.000000 1.764293 0.000266 0.053111 0.929776 0.266211 100.000000 0.266211
 10.400000 0.809592 0.586994 0.932708 -0.360632 0.943456 1.939742 0.586994 0.809592 -0.360632 0.932708 0.553771 110.754224 0.481754 -11.025594 100.000000 -11.025594 0.222545 44.508966 0.876307 23.028977 100.000000 23.028977 0.002807 0.561346 -0.368125 1.764293 100.000000 1.764293 0.000430 0.085943 0.929776 0.266211 100.000000 0.266211
 10.600000 0.846658 0.532137 0.928307 -0.371815 1.009674 1.951760 0.532137 0.846658 -0.371815 0.928307 0.126924 25.384731 0.481754 -11.025594 100.000000 -11.025594 0.043951 8.790263 0.876307 23.028977 100.000000 23.028977 0.000681 0.136196 -0.368125 1.764293 100.000000 1.764293 0.000108 0.021599 0.929776 0.266211 100.000000 0.266211
 10.800000 0.838923 0.544251 0.896199 -0.443653 0.995300 2.030467 0.544251 0.838923 -0.443653 0.896199 0.195295 39.058945 0.481754 -11.025594 100.000000 -11.025594 0.069879 13.975737 0.876307 23.028977 100.000000 23.028977 0.285227 57.045307 -0.368125 1.764293 100.000000 1.764293 0.056373 11.274678 0.929776 0.266211 100.000000 0.266211
 11.000000 0.865168 0.501483 0.928186 -0.372116 1.045485 1.952084 0.501483 0.865168 -0.372116 0.928186 0.019462 3.892370 0.481754 -11.025594 100.000000 -11.025594 0.006204 1.240783 0.876307 23.028977 100.000000 23.028977 0.000797 0.159343 -0.368125 1.764293 100.000000 1.764293 0.000126 0.025293 0.929776 0.266211 100.000000 0.266211
 11.200000 0.922097 0.386959 0.957729 -0.287672 1.173465 1.862591 0.386959 0.922097 -0.287672 0.957729 0.449303 89.860530 0.481754 -11.025594 100.000000 -11.025594 0.104838 20.967508 0.876307 23.028977 100.000000 23.028977 0.323633 64.726565 -0.368125 1.764293 100.000000 1.764293 0.039067 7.813471 0.929776 0.266211 100.000000 0.266211
 11.400000 0.820538 0.571592 0.933512 -0.358545 0.962352 1.937505 0.571592 0.820538 -0.358545 0.933512 0.403543 80.708595 0.481754 -11.025594 100.000000 -11.025594 0.155506 31.101191 0.876307 23.028977 100.000000 23.028977 0.004588 0.917680 -0.368125 1.764293 100.000000 1.764293 0.000698 0.139574 0.929776 0.266211 100.000000 0.266211
 11.600000 0.871177 0.490969 0.927935 -0.372741 1.057594 1.952757 0.490969 0.871177 -0.372741 0.927935 0.004246 0.849246 0.481754 -11.025594 100.000000 -11.025594 0.001316 0.263139 0.876307 23.028977 100.000000 23.028977 0.001066 0.213109 -0.368125 1.764293 100.000000 1.764293 0.000169 0.033894 0.929776 0.266211 100.000000 0.266211
 11.800000 0.879997 0.474980 0.929718 -0.368272 1.075856 1.947946 0.474980 0.879997 -0.368272 0.929718 0.002294 0.458889 0.481754 -11.025594 100.000000 -11.025594 0.000681 0.136173 0.876307 23.028977 100.000000 23.028977 0.000001 0.000218 -0.368125 1.764293 100.000000 1.764293 0.000000 0.000034 0.929776 0.266211 100.000000 0.266211
 12.000000 0.842053 0.539394 0.890855 -0.454288 1.001079 2.042369 0.539394 0.842053 -0.454288 0.890855 0.166121 33.224193 0.481754 -11.025594 100.000000 -11.025594 0.058664 11.732843 0.876307 23.028977 100.000000 23.028977 0.371205 74.241094 -0.368125 1.764293 100.000000 1.764293 0.075744 15.148846 0.929776 0.266211 100.000000 0.266211
 12.200000 0.895458 0.445146 0.910418 -0.413689 1.109459 1.997299 0.445146 0.895458 -0.413689 0.910418 0.067006 13.401217 0.481754 -11.025594 100.000000 -11.025594 0.018339 3.667732 0.876307 23.028977 100.000000 23.028977 0.103808 20.761628 -0.368125 1.764293 100.000000 1.764293 0.018737 3.747493 0.929776 0.266211 100.000000 0.266211
 12.400000 0.856497 0.516152 0.921608 -0.388122 1.028444 1.969389 0.516152 0.856497 -0.388122 0.921608 0.059163 11.832642 0.481754 -11.025594 100.000000 -11.025594 0.019622 3.924301 0.876307 23.028977 100.000000 23.028977 0.019995 3.998960 -0.368125 1.764293 100.000000 1.764293 0.003336 0.667238 0.929776 0.266211 100.000000 0.266211
 12.600000 0.870487 0.492192 0.918960 -0.394352 1.056190 1.976158 0.492192 0.870487 -0.394352 0.918960 0.005448 1.089541 0.481754 -11.025594 100.000000 -11.025594 0.001694 0.338711 0.876307 23.028977 100.000000 23.028977 0.034393 6.878529 -0.368125 1.764293 100.000000 1.764293 0.005850 1.170033 0.929776 0.266211 100.000000 0.266211
 12.800000 0.883939 0.467602 0.923229 -0.384250 1.084220 1.965191 0.467602 0.883939 -0.384250 0.923229 0.010013 2.002586 0.481754 -11.025594 100.000000 -11.025594 0.002913 0.582509 0.876307 23.028977 100.000000 23.028977 0.013001 2.600142 -0.368125 1.764293 100.000000 1.764293 0.002143 0.428658 0.929776 0.266211 100.000000 0.266211
 13.000000 0.891918 0.452197 0.951694 -0.307049 1.101569 1.882887 0.452197 0.891918 -0.307049 0.951694 0.043679 8.735786 0.481754 -11.025594 100.000000 -11.025594 0.012186 2.437111 0.876307 23.028977 100.000000 23.028977 0.186510 37.302065 -0.368125 1.764293 100.000000 1.764293 0.024018 4.803626 0.929776 0.266211 100.000000 0.266211
 13.200000 0.867974 0.496610 0.931063 -0.364858 1.051107 1.944276 0.496610 0.867974 -0.364858 0.931063 0.011036 2.207236 0.481754 -11.025594 100.000000 -11.025594 0.003472 0.694412 0.876307 23.028977 100.000000 23.028977 0.000534 0.106733 -0.368125 1.764293 100.000000 1.764293 0.000083 0.016560 0.929776 0.266211 100.000000 0.266211
 13.400000 0.883343 0.468727 0.955573 -0.294755 1.082947 1.869996 0.468727 0.883343 -0.294755 0.955573 0.008485 1.696909 0.481754 -11.025594 100.000000 -11.025594 0.002475 0.495100 0.876307 23.028977 100.000000 23.028977 0.269151 53.830290 -0.368125 1.764293 100.000000 1.764293 0.033272 6.654461 0.929776 0.266211 100.000000 0.266211
 13.600000 0.830060 0.557674 0.924132 -0.382073 0.979215 1.962834 0.557674 0.830060 -0.382073 0.924132 0.288198 57.639535 0.481754 -11.025594 100.000000 -11.025594 0.106939 21.387731 0.876307 23.028977 100.000000 23.028977 0.009727 1.945485 -0.368125 1.764293 100.000000 1.764293 0.001593 0.318568 0.929776 0.266211 100.000000 0.266211
 13.800000 0.834770 0.550598 0.911320 -0.411700 0.987716 1.995115 0.550598 0.834770 -0.411700 0.911320 0.236979 47.395712 0.481754 -11.025594 100.000000 -11.025594 0.086263 17.252635 0.876307 23.028977 100.000000 23.028977 0.094940 18.987988 -0.368125 1.764293 100.000000 1.764293 0.017033 3.406588 0.929776 0.266211 100.000000 0.266211
 14.000000 0.858154 0.513393 0.897772 -0.440461 1.031662 2.026908 0.513393 0.858154 -0.440461 0.897772 0.050052 10.010412 0.481754 -11.025594 100.000000 -11.025594 0.016477 3.295318 0.876307 23.028977 100.000000 23.028977 0.261625 52.325001 -0.368125 1.764293 100.000000 1.764293 0.051215 10.242900 0.929776 0.266211 100.000000 0.266211
 14.200000 0.877667 0.479271 0.922661 -0.385612 1.070972 1.966667 0.479271 0.877667 -0.385612 0.922661 0.000308 0.061614 0.481754 -11.025594 100.000000 -11.025594 0.000092 0.018497 0.876307 23.028977 100.000000 23.028977 0.015290 3.057939 -0.368125 1.764293 100.000000 1.764293 0.002531 0.506268 0.929776 0.266211 100.000000 0.266211
 14.400000 0.830519 0.556991 0.869340 -0.494215 0.980038 2.087727 0.556991 0.830519 -0.494215 0.869340 0.283032 56.606431 0.481754 -11.025594 100.000000 -11.025594 0.104827 20.965499 0.876307 23.028977 100.000000 23.028977 0.794935 158.987021 -0.368125 1.764293 100.000000 1.764293 0.182629 36.525768 0.929776 0.266211 100.000000 0.266211
 14.600000 0.880523 0.474003 0.943737 -0.330697 1.076964 1.907838 0.474003 0.880523 -0.330697 0.943737 0.003003 0.600671 0.481754 -11.025594 100.000000 -11.025594 0.000889 0.177776 0.876307 23.028977 100.000000 23.028977 0.070041 14.008245 -0.368125 1.764293 100.000000 1.764293 0.009745 1.948959 0.929776 0.266211 100.000000 0.266211
 14.800000 0.903893 0.427758 0.927285 -0.374355 1.128785 1.954498 0.427758 0.903893 -0.374355 0.927285 0.145776 29.155104 0.481754 -11.025594 100.000000 -11.025594 0.038051 7.610161 0.876307 23.028977 100.000000 23.028977 0.001941 0.388231 -0.368125 1.764293 100.000000 1.764293 0.000310 0.062059 0.929776 0.266211 100.000000 0.266211
 15.000000 0.878523 0.477701 0.946473 -0.322784 1.072761 1.899466 0.477701 0.878523 -0.322784 0.946473 0.000821 0.164268 0.481754 -11.025594 100.000000 -11.025594 0.000246 0.049106 0.876307 23.028977 100.000000 23.028977 0.102787 20.557313 -0.368125 1.764293 100.000000 1.764293 0.013938 2.787578 0.929776 0.266211 100.000000 0.266211
 15.200000 0.873564 0.486708 0.963745 -0.266824 1.062478 1.840892 0.486708 0.873564 -0.266824 0.963745 0.001228 0.245503 0.481754 -11.025594 100.000000 -11.025594 0.000376 0.075199 0.876307 23.028977 100.000000 23.028977 0.513090 102.618098 -0.368125 1.764293 100.000000 1.764293 0.057694 11.538793 0.929776 0.266211 100.000000 0.266211
 15.400000 0.865718 0.500533 0.898529 -0.438914 1.046582 2.025186 0.500533 0.865718 -0.438914 0.898529 0.017632 3.526468 0.481754 -11.025594 100.000000 -11.025594 0.005606 1.121263 0.876307 23.028977 100.000000 23.028977 0.250559 50.111887 -0.368125 1.764293 100.000000 1.764293 0.048820 9.764099 0.929776 0.266211 100.000000 0.266211
 15.600000 0.889173 0.457572 0.947956 -0.318400 1.095534 1.894838 0.457572 0.889173 -0.318400 0.947956 0.029238 5.847624 0.481754 -11.025594 100.000000 -11.025594 0.008277 1.655337 0.876307 23.028977 100.000000 23.028977 0.123625 24.724913 -0.368125 1.764293 100.000000 1.764293 0.016525 3.305064 0.929776 0.266211 100.000000 0.266211
 15.800000 0.889603 0.456736 0.921724 -0.387847 1.096474 1.969090 0.456736 0.889603 -0.387847 0.921724 0.031295 6.259069 0.481754 -11.025594 100.000000 -11.025594 0.008839 1.767794 0.876307 23.028977 100.000000 23.028977 0.019448 3.889570 -0.368125 1.764293 100.000000 1.764293 0.003242 0.648432 0.929776 0.266211 100.000000 0.266211
 16.000000 0.836657 0.547727 0.898181 -0.439626 0.991151 2.025978 0.547727 0.836657 -0.439626 0.898181 0.217624 43.524722 0.481754 -11.025594 100.000000 -11.025594 0.078604 15.720848 0.876307 23.028977 100.000000 23.028977 0.255620 51.123986 -0.368125 1.764293 100.000000 1.764293 0.049913 9.982666 0.929776 0.266211 100.000000 0.266211
 16.200000 0.855938 0.517079 0.938586 -0.345045 1.027362 1.923083 0.517079 0.855938 -0.345045 0.938586 0.062393 12.478531 0.481754 -11.025594 100.000000 -11.025594 0.020744 4.148874 0.876307 23.028977 100.000000 23.028977 0.026633 5.326507 -0.368125 1.764293 100.000000 1.764293 0.003880 0.776079 0.929776 0.266211 100.000000 0.266211
 16.400000 0.875286 0.483605 0.930603 -0.366030 1.066027 1.945535 0.483605 0.875286 -0.366030 0.930603 0.000171 0.034281 0.481754 -11.025594 100.000000 -11.025594 0.000052 0.010413 0.876307 23.028977 100.000000 23.028977 0.000219 0.043880 -0.368125 1.764293 100.000000 1.764293 0.000034 0.006833 0.929776 0.266211 100.000000 0.266211
 16.600000 0.886595 0.462547 0.930421 -0.366493 1.089931 1.946033 0.462547 0.886595 -0.366493 0.930421 0.018445 3.689049 0.481754 -11.025594 100.000000 -11.025594 0.005292 1.058470 0.876307 23.028977 100.000000 23.028977 0.000133 0.026615 -0.368125 1.764293 100.000000 1.764293 0.000021 0.004151 0.929776 0.266211 100.000000 0.266211
 16.800000 0.887434 0.460935 0.962310 -0.271956 1.091748 1.846221 0.460935 0.887434 -0.271956 0.962310 0.021670 4.334097 0.481754 -11.025594 100.000000 -11.025594 0.006191 1.238129 0.876307 23.028977 100.000000 23.028977 0.462422 92.484367 -0.368125 1.764293 100.000000 1.764293 0.052921 10.584136 0.929776 0.266211 100.000000 0.266211
 17.000000 0.889102 0.457708 0.889432 -0.457067 1.095380 2.045492 0.457708 0.889102 -0.457067 0.889432 0.028909 5.781759 0.481754 -11.025594 100.000000 -11.025594 0.008186 1.637298 0.876307 23.028977 100.000000 23.028977 0.395542 79.108381 -0.368125 1.764293 100.000000 1.764293 0.081384 16.276745 0.929776 0.266211 100.000000 0.266211
 17.200000 0.882442 0.470421 0.943815 -0.330475 1.081029 1.907603 0.470421 0.882442 -0.330475 0.943815 0.006422 1.284301 0.481754 -11.025594 100.000000 -11.025594 0.001882 0.376437 0.876307 23.028977 100.000000 23.028977 0.070874 14.174828 -0.368125 1.764293 100.000000 1.764293 0.009854 1.970720 0.929776 0.266211 100.000000 0.266211
 17.400000 0.867497 0.497443 0.873600 -0.486644 1.050148 2.079040 0.497443 0.867497 -0.486644 0.873600 0.012308 2.461503 0.481754 -11.025594 100.000000 -11.025594 0.003881 0.776149 0.876307 23.028977 100.000000 23.028977 0.702343 140.468540 -0.368125 1.764293 100.000000 1.764293 0.157788 31.557539 0.929776 0.266211 100.000000 0.266211
 17.600000 0.919023 0.394204 0.913379 -0.407111 1.165594 1.990085 0.394204 0.919023 -0.407111 0.913379 0.383244 76.648759 0.481754 -11.025594 100.000000 -11.025594 0.091233 18.246663 0.876307 23.028977 100.000000 23.028977 0.075997 15.199372 -0.368125 1.764293 100.000000 1.764293 0.013444 2.688866 0.929776 0.266211 100.000000 0.266211
 17.800000 0.914233 0.405188 0.960118 -0.279594 1.153612 1.854167 0.405188 0.914233 -0.279594 0.960118 0.293115 58.623020 0.481754 -11.025594 100.000000 -11.025594 0.071922 14.384349 0.876307 23.028977 100.000000 23.028977 0.391885 78.376972 -0.368125 1.764293 100.000000 1.764293 0.046032 9.206310 0.929776 0.266211 100.000000 0.266211
 18.000000 0.870592 0.492005 0.888699 -0.458491 1.056405 2.047092 0.492005 0.870592 -0.458491 0.888699 0.005255 1.050971 0.481754 -11.025594 100.000000 -11.025594 0.001633 0.326556 0.876307 23.028977 100.000000 23.028977 0.408302 81.660320 -0.368125 1.764293 100.000000 1.764293 0.084367 16.873409 0.929776 0.266211 100.000000 0.266211
 18.200000 0.874124 0.485704 0.970167 -0.242439 1.063628 1.815676 0.485704 0.874124 -0.242439 0.970167 0.000780 0.156020 0.481754 -11.025594 100.000000 -11.025594 0.000238 0.047660 0.876307 23.028977 100.000000 23.028977 0.789838 157.967554 -0.368125 1.764293 100.000000 1.764293 0.081568 16.313572 0.929776 0.266211 100.000000 0.266211
 18.400000 0.910945 0.412528 0.892371 -0.451303 1.145569 2.039021 0.412528 0.910945 -0.451303 0.892371 0.239610 47.922014 0.481754 -11.025594 100.000000 -11.025594 0.059990 11.998094 0.876307 23.028977 100.000000 23.028977 0.345933 69.186569 -0.368125 1.764293 100.000000 1.764293 0.069959 13.991877 0.929776 0.266211 100.000000 0.266211
 18.600000 0.840227 0.542235 0.943477 -0.331439 0.997702 1.908624 0.542235 0.840227 -0.331439 0.943477 0.182899 36.579793 0.481754 -11.025594 100.000000 -11.025594 0.065087 13.017478 0.876307 23.028977 100.000000 23.028977 0.067292 13.458461 -0.368125 1.764293 100.000000 1.764293 0.009385 1.876966 0.929776 0.266211 100.000000 0.266211
 18.800000 0.882500 0.470312 0.944663 -0.328042 1.081152 1.905026 0.470312 0.882500 -0.328042 0.944663 0.006546 1.309167 0.481754 -11.025594 100.000000 -11.025594 0.001918 0.383612 0.876307 23.028977 100.000000 23.028977 0.080331 16.066139 -0.368125 1.764293 100.000000 1.764293 0.011081 2.216128 0.929776 0.266211 100.000000 0.266211
 19.000000 0.884986 0.465618 0.921357 -0.388717 1.086464 1.970035 0.465618 0.884986 -0.388717 0.921357 0.013018 2.603654 0.481754 -11.025594 100.000000 -11.025594 0.003766 0.753288 0.876307 23.028977 100.000000 23.028977 0.021202 4.240409 -0.368125 1.764293 100.000000 1.764293 0.003544 0.708830 0.929776 0.266211 100.000000 0.266211
 19.200000 0.825110 0.564972 0.937634 -0.347625 0.970397 1.925834 0.564972 0.825110 -0.347625 0.937634 0.346267 69.253454 0.481754 -11.025594 100.000000 -11.025594 0.131056 26.211156 0.876307 23.028977 100.000000 23.028977 0.021011 4.202162 -0.368125 1.764293 100.000000 1.764293 0.003087 0.617328 0.929776 0.266211 100.000000 0.266211
 19.400000 0.900037 0.435814 0.931486 -0.363777 1.119854 1.943116 0.435814 0.900037 -0.363777 0.931486 0.105522 21.104315 0.481754 -11.025594 100.000000 -11.025594 0.028156 5.631108 0.876307 23.028977 100.000000 23.028977 0.000945 0.188993 -0.368125 1.764293 100.000000 1.764293 0.000146 0.029224 0.929776 0.266211 100.000000 0.266211
 19.600000 0.821621 0.570035 0.923315 -0.384043 0.964248 1.964967 0.570035 0.821621 -0.384043 0.923315 0.389675 77.935060 0.481754 -11.025594 100.000000 -11.025594 0.149528 29.905509 0.876307 23.028977 100.000000 23.028977 0.012669 2.533840 -0.368125 1.764293 100.000000 1.764293 0.002087 0.417459 0.929776 0.266211 100.000000 0.266211
 19.800000 0.827691 0.561184 0.916099 -0.400952 0.974981 1.983352 0.561184 0.827691 -0.400952 0.916099 0.315456 63.091155 0.481754 -11.025594 100.000000 -11.025594 0.118173 23.634515 0.876307 23.028977 100.000000 23.028977 0.053881 10.776238 -0.368125 1.764293 100.000000 1.764293 0.009353 1.870687 0.929776 0.266211 100.000000 0.266211
 20.000000 0.837097 0.547055 0.909412 -0.415897 0.991954 1.999725 0.547055 0.837097 -0.415897 0.909412 0.213213 42.642523 0.481754 -11.025594 100.000000 -11.025594 0.076871 15.374210 0.876307 23.028977 100.000000 23.028977 0.114111 22.822218 -0.368125 1.764293 100.000000 1.764293 0.020736 4.147264 0.929776 0.266211 100.000000 0.266211
