#! FIELDS time sin_phi cos_phi sin_psi cos_psi phi psi cos_phi sin_phi cos_psi sin_psi restraint_phi_cos.bias restraint_phi_cos.force2 restraint_phi_cos.cos_phi_cntr restraint_phi_cos.cos_phi_work restraint_phi_cos.cos_phi_kappa restraint_phi_cos.work restraint_phi_sin.bias restraint_phi_sin.force2 restraint_phi_sin.sin_phi_cntr restraint_phi_sin.sin_phi_work restraint_phi_sin.sin_phi_kappa restraint_phi_sin.work restraint_psi_cos.bias restraint_psi_cos.force2 restraint_psi_cos.cos_psi_cntr restraint_psi_cos.cos_psi_work restraint_psi_cos.cos_psi_kappa restraint_psi_cos.work restraint_psi_sin.bias restraint_psi_sin.force2 restraint_psi_sin.sin_psi_cntr restraint_psi_sin.sin_psi_work restraint_psi_sin.sin_psi_kappa restraint_psi_sin.work
#! SET min_phi -pi
#! SET max_phi pi
#! SET min_psi -pi
#! SET max_psi pi
 0.000000 -0.999983 -0.005782 0.966116 0.258110 -1.576579 1.309731 -0.005782 -0.999983 0.258110 0.966116 0.000000 0.000000 -0.009747 0.000000 0.000000 0.000000 0.000000 0.000000 -0.999953 0.000000 0.000000 0.000000 0.000000 0.000000 0.256142 0.000000 0.000000 0.000000 0.000000 0.000000 0.966639 0.000000 0.000000 0.000000
 0.200000 -0.999087 0.042711 0.766423 0.642337 -1.528072 0.873253 0.042711 -0.999087 0.642337 0.766423 0.013759 0.275182 -0.009747 0.257002 10.000000 0.257002 0.000004 0.000075 -0.999953 0.005187 10.000000 0.005187 0.745730 14.914606 0.256142 0.286506 10.000000 0.286506 0.200433 4.008665 0.966639 0.059273 10.000000 0.059273
 0.400000 -0.986266 0.165164 0.978946 0.204118 -1.404872 1.365234 0.165164 -0.986266 0.204118 0.978946 0.305938 12.237532 -0.009747 0.364964 20.000000 0.364964 0.001873 0.074928 -0.999953 0.006203 20.000000 0.006203 0.027065 1.082617 0.256142 0.524219 20.000000 0.524219 0.001515 0.060587 0.966639 0.107379 20.000000 0.107379
 0.600000 -0.999983 0.005861 0.942794 0.333377 -1.564935 1.230913 0.005861 -0.999983 0.333377 0.942794 0.003654 0.219231 -0.009747 0.441464 30.000000 0.441464 0.000000 0.000001 -0.999953 0.006834 30.000000 0.006834 0.089478 5.368684 0.256142 0.612924 30.000000 0.612924 0.008529 0.511747 0.966639 0.114266 30.000000 0.114266
 0.800000 -0.999875 -0.015833 0.990277 0.139111 -1.586630 1.431232 -0.015833 -0.999875 0.139111 0.990277 0.000741 0.059280 -0.009747 0.516235 40.000000 0.516235 0.000000 0.000010 -0.999953 0.007347 40.000000 0.007347 0.273926 21.914048 0.256142 0.718195 40.000000 0.718195 0.011175 0.893985 0.966639 0.129742 40.000000 0.129742
 1.000000 -0.986846 0.161662 0.935139 0.354280 -1.408422 1.208652 0.161662 -0.986846 0.354280 0.935139 0.734522 73.452210 -0.009747 0.579771 50.000000 0.579771 0.004294 0.429439 -0.999953 0.007719 50.000000 0.007719 0.240775 24.077506 0.256142 0.759298 50.000000 0.759298 0.024806 2.480577 0.966639 0.134276 50.000000 0.134276
 1.200000 -0.999908 -0.013560 0.983701 0.179813 -1.584357 1.390000 -0.013560 -0.999908 0.179813 0.983701 0.000436 0.052357 -0.009747 0.605745 60.000000 0.605745 0.000000 0.000007 -0.999953 0.007801 60.000000 0.007801 0.174784 20.974097 0.256142 0.796438 60.000000 0.796438 0.008733 1.047966 0.966639 0.136587 60.000000 0.136587
 1.400000 -0.999972 0.007423 0.983893 0.178759 -1.563373 1.391071 0.007423 -0.999972 0.178759 0.983893 0.010318 1.444536 -0.009747 0.640755 70.000000 0.640755 0.000000 0.000002 -0.999953 0.007898 70.000000 0.007898 0.209585 29.341905 0.256142 0.866478 70.000000 0.866478 0.010419 1.458694 0.966639 0.145707 70.000000 0.145707
 1.600000 -0.999405 -0.034505 0.926041 0.377423 -1.605308 1.183784 -0.034505 -0.999405 0.377423 0.926041 0.024519 3.922988 -0.009747 0.688488 80.000000 0.688488 0.000012 0.001922 -0.999953 0.008111 80.000000 0.008111 0.588360 94.137637 0.256142 0.935013 80.000000 0.935013 0.065928 10.548529 0.966639 0.151119 80.000000 0.151119
 1.800000 -0.999838 -0.017986 0.979494 0.201474 -1.588783 1.367934 -0.017986 -0.999838 0.201474 0.979494 0.003055 0.549893 -0.009747 0.727608 90.000000 0.727608 0.000001 0.000106 -0.999953 0.008294 90.000000 0.008294 0.134489 24.207962 0.256142 1.004210 90.000000 1.004210 0.007436 1.338493 0.966639 0.155889 90.000000 0.155889
 2.000000 -0.999885 0.015186 0.985249 0.171126 -1.555610 1.398824 0.015186 -0.999885 0.171126 0.985249 0.031081 6.216112 -0.009747 0.764790 100.000000 0.764790 0.000000 0.000046 -0.999953 0.008462 100.000000 0.008462 0.361390 72.277940 0.256142 1.082807 100.000000 1.082807 0.017317 3.463357 0.966639 0.165210 100.000000 0.165210
 2.200000 -0.979674 0.200594 0.945497 0.325630 -1.368832 1.239118 0.200594 -0.979674 0.325630 0.945497 2.684248 536.849525 -0.031106 0.869469 100.000000 0.869469 0.004441 0.888113 -0.970250 0.043311 100.000000 0.043311 1.413206 282.641119 0.157511 1.412011 100.000000 1.412011 0.016969 3.393827 0.963920 0.165940 100.000000 0.165940
 2.400000 -0.999656 -0.026245 0.996263 0.086374 -1.597044 1.484315 -0.026245 -0.999656 0.086374 0.996263 0.034376 6.875228 -0.052465 0.924283 100.000000 0.924283 0.174683 34.936556 -0.940548 0.163269 100.000000 0.163269 0.037799 7.559738 0.058879 1.397500 100.000000 1.397500 0.061469 12.293893 0.961200 0.173906 100.000000 0.173906
 2.600000 -0.992338 -0.123550 0.994098 -0.108488 -1.694663 1.679498 -0.123550 -0.992338 -0.108488 0.994098 0.123631 24.726141 -0.073825 1.000385 100.000000 1.000385 0.332047 66.409434 -0.910846 0.364827 100.000000 0.364827 0.236226 47.245226 -0.039753 1.666861 100.000000 1.666861 0.063429 12.685796 0.958481 0.183808 100.000000 0.183808
 2.800000 -0.997889 -0.064942 0.999679 -0.025347 -1.635784 1.596146 -0.064942 -0.997889 -0.025347 0.999679 0.045729 9.145794 -0.095184 1.066173 100.000000 1.066173 0.681467 136.293339 -0.881144 0.660317 100.000000 0.660317 0.638874 127.774844 -0.138384 1.563038 100.000000 1.563038 0.096437 19.287491 0.955761 0.193431 100.000000 0.193431
 3.000000 -0.973999 -0.226552 0.963422 -0.267987 -1.799332 1.842100 -0.226552 -0.973999 -0.267987 0.963422 0.605088 121.017584 -0.116544 1.122917 100.000000 1.122917 0.751010 150.201982 -0.851442 1.041230 100.000000 1.041230 0.047962 9.592367 -0.237016 1.471358 100.000000 1.471358 0.005388 1.077585 0.953042 0.198708 100.000000 0.198708
 3.200000 -0.985580 -0.169212 0.895108 -0.445850 -1.740826 2.032920 -0.169212 -0.985580 -0.445850 0.895108 0.049011 9.802259 -0.137903 1.079307 100.000000 1.079307 1.342170 268.434002 -0.821740 1.483873 100.000000 1.483873 0.936159 187.231881 -0.309017 1.602032 100.000000 1.602032 0.156513 31.302541 0.951057 0.200953 100.000000 0.200953
 3.400000 -0.985554 -0.169363 0.898404 -0.439169 -1.740979 2.025470 -0.169363 -0.985554 -0.439169 0.898404 0.005101 1.020112 -0.159263 1.025721 100.000000 1.025721 1.872416 374.483206 -0.792038 1.995611 100.000000 1.995611 0.846979 169.395714 -0.309017 1.602032 100.000000 1.602032 0.138612 27.722434 0.951057 0.200953 100.000000 0.200953
 3.600000 -0.983976 -0.178302 0.979551 -0.201195 -1.750057 1.773374 -0.178302 -0.983976 -0.201195 0.979551 0.000269 0.053817 -0.180622 1.012014 100.000000 1.012014 2.456208 491.241653 -0.762336 2.600845 100.000000 2.600845 0.581276 116.255285 -0.309017 1.602032 100.000000 1.602032 0.040597 8.119446 0.951057 0.200953 100.000000 0.200953
 3.800000 -0.984566 -0.175014 0.992434 -0.122776 -1.746717 1.693883 -0.175014 -0.984566 -0.122776 0.992434 0.036361 7.272149 -0.201981 0.922153 100.000000 0.922153 3.173483 634.696543 -0.732634 3.257453 100.000000 3.257453 1.734283 346.856650 -0.309017 1.602032 100.000000 1.602032 0.085606 17.121287 0.951057 0.200953 100.000000 0.200953
 4.000000 -0.941428 -0.337213 0.941960 -0.335726 -1.914752 1.913172 -0.337213 -0.941428 -0.335726 0.941960 0.648349 129.669794 -0.223341 0.900998 100.000000 0.900998 2.844023 568.804624 -0.702932 4.013769 100.000000 4.013769 0.035668 7.133585 -0.309017 1.602032 100.000000 1.602032 0.004138 0.827508 0.951057 0.200953 100.000000 0.200953
 4.200000 -0.979937 -0.199309 0.908234 -0.418463 -1.771449 2.002549 -0.199309 -0.979937 -0.418463 0.908234 0.103018 20.603593 -0.244700 0.665807 100.000000 0.665807 4.703452 940.690428 -0.673230 4.741585 100.000000 4.741585 0.598924 119.784764 -0.309017 1.602032 100.000000 1.602032 0.091689 18.337899 0.951057 0.200953 100.000000 0.200953
 4.400000 -0.922718 -0.385477 0.912335 -0.409444 -1.966521 1.992641 -0.385477 -0.922718 -0.409444 0.912335 0.713022 142.604370 -0.266060 0.552758 100.000000 0.552758 3.897344 779.468876 -0.643528 5.603440 100.000000 5.603440 0.504279 100.855700 -0.309017 1.602032 100.000000 1.602032 0.074967 14.993340 0.951057 0.200953 100.000000 0.200953
 4.600000 -0.953932 -0.300024 0.943782 -0.330569 -1.875514 1.907703 -0.300024 -0.953932 -0.330569 0.943782 0.007945 1.588922 -0.287419 0.201013 100.000000 0.201013 5.783596 1156.719165 -0.613826 6.377036 100.000000 6.377036 0.023224 4.644896 -0.309017 1.602032 100.000000 1.602032 0.002646 0.529212 0.951057 0.200953 100.000000 0.200953
 4.800000 -0.819611 -0.572921 0.953227 -0.302255 -2.180861 1.877854 -0.572921 -0.819611 -0.302255 0.953227 3.488558 697.711673 -0.308779 0.032615 100.000000 0.032615 2.772705 554.541066 -0.584124 7.321864 100.000000 7.321864 0.002286 0.457274 -0.309017 1.602032 100.000000 1.602032 0.000236 0.047117 0.951057 0.200953 100.000000 0.200953
 5.000000 -0.840296 -0.542128 0.991102 -0.133106 -2.143764 1.704299 -0.542128 -0.840296 -0.133106 0.991102 2.246989 449.397737 -0.330138 -0.386279 100.000000 -0.386279 4.086204 817.240794 -0.554422 8.164434 100.000000 8.164434 1.547233 309.446683 -0.309017 1.602032 100.000000 1.602032 0.080181 16.036250 0.951057 0.200953 100.000000 0.200953
 5.200000 -0.766724 -0.641976 0.891399 -0.453219 -2.267869 2.041169 -0.641976 -0.766724 -0.453219 0.891399 4.218902 843.780380 -0.351497 -0.711351 100.000000 -0.711351 2.928316 585.663203 -0.524720 9.137703 100.000000 9.137703 1.039705 207.940921 -0.309017 1.602032 100.000000 1.602032 0.177948 35.589685 0.951057 0.200953 100.000000 0.200953
 5.400000 -0.874908 -0.484290 0.928222 -0.372026 -2.076347 1.951987 -0.484290 -0.874908 -0.372026 0.928222 0.620862 124.172498 -0.372857 -1.196704 100.000000 -1.196704 7.215829 1443.165744 -0.495018 10.015530 100.000000 10.015530 0.198509 39.701710 -0.309017 1.602032 100.000000 1.602032 0.026070 5.214063 0.951057 0.200953 100.000000 0.200953
 5.600000 -0.767323 -0.641260 0.934341 -0.356380 -2.266936 1.935187 -0.641260 -0.767323 -0.356380 0.934341 3.051539 610.307847 -0.394216 -1.699450 100.000000 -1.699450 4.560437 912.087488 -0.465316 10.913361 100.000000 10.913361 0.112162 22.432463 -0.309017 1.602032 100.000000 1.602032 0.013970 2.794040 0.951057 0.200953 100.000000 0.200953
 5.800000 -0.678232 -0.734848 0.946970 -0.321323 -2.396239 1.897923 -0.734848 -0.678232 -0.321323 0.946970 5.096745 1019.349087 -0.415576 -2.195339 100.000000 -2.195339 2.943180 588.635980 -0.435613 11.852431 100.000000 11.852431 0.007572 1.514402 -0.309017 1.602032 100.000000 1.602032 0.000835 0.167027 0.951057 0.200953 100.000000 0.200953
 6.000000 -0.791635 -0.610995 0.950315 -0.311290 -2.228113 1.887347 -0.610995 -0.791635 -0.311290 0.950315 1.514840 302.968076 -0.436935 -2.823910 100.000000 -2.823910 7.439117 1487.823317 -0.405911 12.651108 100.000000 12.651108 0.000258 0.051682 -0.309017 1.602032 100.000000 1.602032 0.000028 0.005501 0.951057 0.200953 100.000000 0.200953
 6.200000 -0.610369 -0.792117 0.905053 -0.425298 -2.485067 2.010088 -0.792117 -0.610369 -0.425298 0.905053 5.571888 1114.377618 -0.458295 -3.382527 100.000000 -3.382527 2.741529 548.305803 -0.376209 13.541765 100.000000 13.541765 0.676066 135.213136 -0.309017 1.602032 100.000000 1.602032 0.105815 21.162967 0.951057 0.200953 100.000000 0.200953
 6.400000 -0.634368 -0.773031 0.928363 -0.371675 -2.454402 1.951608 -0.773031 -0.634368 -0.371675 0.928363 4.303510 860.702025 -0.479654 -4.056808 100.000000 -4.056808 4.143189 828.637887 -0.346507 14.294942 100.000000 14.294942 0.196298 39.259657 -0.309017 1.602032 100.000000 1.602032 0.025750 5.149910 0.951057 0.200953 100.000000 0.200953
 6.600000 -0.545413 -0.838168 0.958303 -0.285755 -2.564711 1.860590 -0.838168 -0.545413 -0.285755 0.958303 5.683653 1136.730544 -0.501013 -4.717805 100.000000 -4.717805 2.613065 522.613018 -0.316805 15.045523 100.000000 15.045523 0.027057 5.411428 -0.309017 1.602032 100.000000 1.602032 0.002625 0.525094 0.951057 0.200953 100.000000 0.200953
 6.800000 -0.590206 -0.807253 0.941339 -0.337462 -2.510278 1.915016 -0.807253 -0.590206 -0.337462 0.941339 4.057824 811.564829 -0.522373 -5.399258 100.000000 -5.399258 4.593569 918.713871 -0.287103 15.783611 100.000000 15.783611 0.040456 8.091180 -0.309017 1.602032 100.000000 1.602032 0.004721 0.944271 0.951057 0.200953 100.000000 0.200953
 7.000000 -0.490336 -0.871533 0.928988 -0.370111 -2.629117 1.949924 -0.871533 -0.490336 -0.370111 0.928988 5.372681 1074.536175 -0.543732 -6.120010 100.000000 -6.120010 2.712935 542.586972 -0.257401 16.399551 100.000000 16.399551 0.186622 37.324381 -0.309017 1.602032 100.000000 1.602032 0.024352 4.870341 0.951057 0.200953 100.000000 0.200953
 7.200000 -0.380152 -0.924924 0.954025 -0.299726 -2.751632 1.875202 -0.924924 -0.380152 -0.299726 0.954025 6.473971 1294.794152 -0.565092 -6.797534 100.000000 -6.797534 1.162090 232.418056 -0.227699 17.092764 100.000000 17.092764 0.004316 0.863232 -0.309017 1.602032 100.000000 1.602032 0.000441 0.088139 0.951057 0.200953 100.000000 0.200953
 7.400000 -0.521278 -0.853387 0.937838 -0.347074 -2.593245 1.925245 -0.853387 -0.521278 -0.347074 0.937838 3.562744 712.548886 -0.586451 -7.483968 100.000000 -7.483968 5.225514 1045.102873 -0.197997 17.748847 100.000000 17.748847 0.072415 14.483048 -0.309017 1.602032 100.000000 1.602032 0.008737 1.747319 0.951057 0.200953 100.000000 0.200953
 7.600000 -0.405135 -0.914257 0.945101 -0.326777 -2.724467 1.903688 -0.914257 -0.405135 -0.326777 0.945101 4.695474 939.094855 -0.607811 -8.196217 100.000000 -8.196217 2.804650 560.929930 -0.168295 18.230476 100.000000 18.230476 0.015771 3.154158 -0.309017 1.602032 100.000000 1.602032 0.001773 0.354623 0.951057 0.200953 100.000000 0.200953
 7.800000 -0.429756 -0.902945 0.905200 -0.424985 -2.697370 2.009742 -0.902945 -0.429756 -0.424985 0.905200 3.747637 749.527371 -0.629170 -8.864600 100.000000 -8.864600 4.238805 847.761042 -0.138593 18.827388 100.000000 18.827388 0.672430 134.486094 -0.309017 1.602032 100.000000 1.602032 0.105139 21.027899 0.951057 0.200953 100.000000 0.200953
 8.000000 -0.253688 -0.967286 0.933229 -0.359282 -2.885102 1.938295 -0.967286 -0.253688 -0.359282 0.933229 5.016742 1003.348363 -0.650529 -9.540086 100.000000 -9.540086 1.048310 209.661908 -0.108891 19.279512 100.000000 19.279512 0.126328 25.265623 -0.309017 1.602032 100.000000 1.602032 0.015891 3.178177 0.951057 0.200953 100.000000 0.200953
 8.200000 -0.333697 -0.942680 0.939348 -0.342964 -2.801370 1.920867 -0.942680 -0.333697 -0.342964 0.939348 3.666404 733.280812 -0.671889 -10.169425 100.000000 -10.169425 3.238721 647.744211 -0.079189 19.824434 100.000000 19.824434 0.057620 11.524082 -0.309017 1.602032 100.000000 1.602032 0.006854 1.370777 0.951057 0.200953 100.000000 0.200953
 8.400000 -0.245426 -0.969415 0.888170 -0.459516 -2.893633 2.048246 -0.969415 -0.245426 -0.459516 0.888170 3.813412 762.682350 -0.693248 -10.795260 100.000000 -10.795260 1.919614 383.922783 -0.049487 20.259497 100.000000 20.259497 1.132496 226.499258 -0.309017 1.602032 100.000000 1.602032 0.197739 39.547725 0.951057 0.200953 100.000000 0.200953
 8.600000 -0.240052 -0.970760 0.924642 -0.380838 -2.899173 1.961499 -0.970760 -0.240052 -0.380838 0.924642 3.280704 656.140705 -0.714608 -11.387889 100.000000 -11.387889 2.425879 485.175738 -0.019785 20.679058 100.000000 20.679058 0.257915 51.583034 -0.309017 1.602032 100.000000 1.602032 0.034887 6.977454 0.951057 0.200953 100.000000 0.200953
 8.800000 -0.047459 -0.998873 0.926865 -0.375395 -3.094116 1.955620 -0.998873 -0.047459 -0.375395 0.926865 3.455981 691.196299 -0.735967 -11.946094 100.000000 -11.946094 0.164601 32.920125 0.009917 21.042345 100.000000 21.042345 0.220305 44.060940 -0.309017 1.602032 100.000000 1.602032 0.029262 5.852410 0.951057 0.200953 100.000000 0.200953
 9.000000 -0.088554 -0.996071 0.934029 -0.357198 -3.052923 1.936063 -0.996071 -0.088554 -0.357198 0.934029 2.849957 569.991303 -0.757327 -12.456952 100.000000 -12.456952 0.821416 164.283205 0.039619 21.601763 100.000000 21.601763 0.116071 23.214124 -0.309017 1.602032 100.000000 1.602032 0.014497 2.899474 0.951057 0.200953 100.000000 0.200953
 9.200000 -0.227310 -0.973822 0.957896 -0.287116 -2.912278 1.862011 -0.973822 -0.227310 -0.287116 0.957896 1.903914 380.782709 -0.778686 -12.943850 100.000000 -12.943850 4.399507 879.901360 0.069321 21.965460 100.000000 21.965460 0.023984 4.796734 -0.309017 1.602032 100.000000 1.602032 0.002339 0.467779 0.951057 0.200953 100.000000 0.200953
 9.400000 0.023721 -0.999719 0.918707 -0.394940 3.117869 1.976799 -0.999719 0.023721 -0.394940 0.918707 1.993470 398.694059 -0.800045 -13.385095 100.000000 -13.385095 0.283520 56.703973 0.099023 22.301292 100.000000 22.301292 0.369139 73.827760 -0.309017 1.602032 100.000000 1.602032 0.052325 10.464988 0.951057 0.200953 100.000000 0.200953
 9.600000 0.028611 -0.999591 0.941338 -0.337465 3.112978 1.915019 -0.999591 0.028611 -0.337465 0.941338 1.587510 317.501917 -0.821405 -13.782742 100.000000 -13.782742 0.501146 100.229236 0.128726 22.732457 100.000000 22.732457 0.040465 8.092919 -0.309017 1.602032 100.000000 1.602032 0.004722 0.944484 0.951057 0.200953 100.000000 0.200953
 9.800000 -0.146527 -0.989207 0.949583 -0.313515 -2.994536 1.889689 -0.989207 -0.146527 -0.313515 0.949583 1.072270 214.454049 -0.842764 -14.134234 100.000000 -14.134234 4.649856 929.971276 0.158428 23.153594 100.000000 23.153594 0.001012 0.202360 -0.309017 1.602032 100.000000 1.602032 0.000109 0.021709 0.951057 0.200953 100.000000 0.200953
 10.000000 0.167095 -0.985941 0.923636 -0.383272 2.973710 1.964132 -0.985941 0.167095 -0.383272 0.923636 0.741971 148.394212 -0.864124 -14.437250 100.000000 -14.437250 0.022123 4.424576 0.188130 23.523072 100.000000 23.523072 0.275687 55.137483 -0.309017 1.602032 100.000000 1.602032 0.037595 7.519022 0.951057 0.200953 100.000000 0.200953
 10.200000 0.056029 -0.998429 0.915894 -0.401420 3.085534 1.983863 -0.998429 0.056029 -0.401420 0.915894 0.637841 127.568155 -0.885483 -14.685185 100.000000 -14.685185 1.309007 261.801319 0.217832 23.963927 100.000000 23.963927 0.426915 85.383030 -0.309017 1.602032 100.000000 1.602032 0.061820 12.363942 0.951057 0.200953 100.000000 0.200953
 10.400000 0.172260 -0.985052 0.972820 -0.231563 2.968469 1.804481 -0.985052 0.172260 -0.231563 0.972820 0.305832 61.166487 -0.906843 -14.887530 100.000000 -14.887530 0.283306 56.661267 0.247534 24.293021 100.000000 24.293021 0.299953 59.990550 -0.309017 1.602032 100.000000 1.602032 0.023682 4.736409 0.951057 0.200953 100.000000 0.200953
 10.600000 0.124116 -0.992268 0.948114 -0.317932 3.017156 1.894343 -0.992268 0.124116 -0.317932 0.948114 0.205221 41.044225 -0.928202 -15.044816 100.000000 -15.044816 1.172281 234.456232 0.277236 24.725996 100.000000 24.725996 0.003974 0.794704 -0.309017 1.602032 100.000000 1.602032 0.000433 0.086605 0.951057 0.200953 100.000000 0.200953
 10.800000 0.122365 -0.992485 0.937473 -0.348057 3.018921 1.926294 -0.992485 0.122365 -0.348057 0.937473 0.092123 18.424583 -0.949561 -15.150184 100.000000 -15.150184 1.703365 340.673029 0.306938 25.169072 100.000000 25.169072 0.076208 15.241522 -0.309017 1.602032 100.000000 1.602032 0.009225 1.845057 0.951057 0.200953 100.000000 0.200953
 11.000000 0.153245 -0.988188 0.894349 -0.447371 2.987741 2.034619 -0.988188 0.153245 -0.447371 0.894349 0.068938 13.787612 -0.951057 -15.155735 100.000000 -15.155735 1.213242 242.648427 0.309017 25.200694 100.000000 25.200694 0.957086 191.417231 -0.309017 1.602032 100.000000 1.602032 0.160789 32.157802 0.951057 0.200953 100.000000 0.200953
 11.200000 0.087103 -0.996199 0.889122 -0.457670 3.054379 2.046170 -0.996199 0.087103 -0.457670 0.889122 0.101894 20.378723 -0.951057 -15.155735 100.000000 -15.155735 2.462292 492.458403 0.309017 25.200694 100.000000 25.200694 1.104891 220.978135 -0.309017 1.602032 100.000000 1.602032 0.191794 38.358885 0.951057 0.200953 100.000000 0.200953
 11.400000 -0.002852 -0.999996 0.963299 -0.268431 -3.138741 1.842560 -0.999996 -0.002852 -0.268431 0.963299 0.119753 23.950665 -0.951057 -15.155735 100.000000 -15.155735 4.863111 972.622129 0.309017 25.200694 100.000000 25.200694 0.082363 16.472621 -0.309017 1.602032 100.000000 1.602032 0.007494 1.498796 0.951057 0.200953 100.000000 0.200953
 11.600000 0.241394 -0.970427 0.941650 -0.336594 2.897790 1.914094 -0.970427 0.241394 -0.336594 0.941650 0.018761 3.752193 -0.951057 -15.155735 100.000000 -15.155735 0.228641 45.728163 0.309017 25.200694 100.000000 25.200694 0.038024 7.604879 -0.309017 1.602032 100.000000 1.602032 0.004424 0.884846 0.951057 0.200953 100.000000 0.200953
 11.800000 0.165308 -0.986242 0.920397 -0.390985 2.975522 1.972498 -0.986242 0.165308 -0.390985 0.920397 0.061901 12.380180 -0.951057 -15.155735 100.000000 -15.155735 1.032614 206.522828 0.309017 25.200694 100.000000 25.200694 0.335936 67.187235 -0.309017 1.602032 100.000000 1.602032 0.047000 9.399980 0.951057 0.200953 100.000000 0.200953
 12.000000 0.221669 -0.975122 0.936104 -0.351724 2.918066 1.930208 -0.975122 0.221669 -0.351724 0.936104 0.028957 5.791411 -0.951057 -15.155735 100.000000 -15.155735 0.381480 76.295943 0.309017 25.200694 100.000000 25.200694 0.091192 18.238489 -0.309017 1.602032 100.000000 1.602032 0.011179 2.235801 0.951057 0.200953 100.000000 0.200953
 12.200000 0.219277 -0.975663 0.874438 -0.485137 2.920519 2.077317 -0.975663 0.219277 -0.485137 0.874438 0.030273 6.054584 -0.951057 -15.155735 100.000000 -15.155735 0.402661 80.532151 0.309017 25.200694 100.000000 25.200694 1.550919 310.183765 -0.309017 1.602032 100.000000 1.602032 0.293520 58.704019 0.951057 0.200953 100.000000 0.200953
 12.400000 0.050463 -0.998726 0.929265 -0.369413 3.091108 1.949174 -0.998726 0.050463 -0.369413 0.929265 0.113619 22.723709 -0.951057 -15.155735 100.000000 -15.155735 3.342497 668.499310 0.309017 25.200694 100.000000 25.200694 0.182384 36.476864 -0.309017 1.602032 100.000000 1.602032 0.023743 4.748575 0.951057 0.200953 100.000000 0.200953
 12.600000 0.241243 -0.970465 0.959627 -0.281277 2.897947 1.855921 -0.970465 0.241243 -0.281277 0.959627 0.018834 3.766824 -0.951057 -15.155735 100.000000 -15.155735 0.229668 45.933585 0.309017 25.200694 100.000000 25.200694 0.038476 7.695251 -0.309017 1.602032 100.000000 1.602032 0.003672 0.734483 0.951057 0.200953 100.000000 0.200953
 12.800000 0.261070 -0.965320 0.895504 -0.445053 2.877462 2.032029 -0.965320 0.261070 -0.445053 0.895504 0.010172 2.034417 -0.951057 -15.155735 100.000000 -15.155735 0.114945 22.988942 0.309017 25.200694 100.000000 25.200694 0.925286 185.057185 -0.309017 1.602032 100.000000 1.602032 0.154302 30.860409 0.951057 0.200953 100.000000 0.200953
 13.000000 0.181527 -0.983386 0.976119 -0.217235 2.959053 1.789778 -0.983386 0.181527 -0.217235 0.976119 0.052260 10.451912 -0.951057 -15.155735 100.000000 -15.155735 0.812683 162.536595 0.309017 25.200694 100.000000 25.200694 0.421192 84.238489 -0.309017 1.602032 100.000000 1.602032 0.031407 6.281396 0.951057 0.200953 100.000000 0.200953
 13.200000 0.033514 -0.999438 0.957347 -0.288941 3.108072 1.863917 -0.999438 0.033514 -0.288941 0.957347 0.117040 23.407909 -0.951057 -15.155735 100.000000 -15.155735 3.795086 759.017227 0.309017 25.200694 100.000000 25.200694 0.020152 4.030472 -0.309017 1.602032 100.000000 1.602032 0.001978 0.395692 0.951057 0.200953 100.000000 0.200953
 13.400000 0.272263 -0.962223 0.896338 -0.443372 2.865849 2.030154 -0.962223 0.272263 -0.443372 0.896338 0.006234 1.246877 -0.951057 -15.155735 100.000000 -15.155735 0.067543 13.508578 0.309017 25.200694 100.000000 25.200694 0.902569 180.513753 -0.309017 1.602032 100.000000 1.602032 0.149709 29.941707 0.951057 0.200953 100.000000 0.200953
 13.600000 0.179797 -0.983704 0.916457 -0.400133 2.960813 1.982459 -0.983704 0.179797 -0.400133 0.916457 0.053292 10.658405 -0.951057 -15.155735 100.000000 -15.155735 0.834890 166.977981 0.309017 25.200694 100.000000 25.200694 0.415109 83.021729 -0.309017 1.602032 100.000000 1.602032 0.059856 11.971286 0.951057 0.200953 100.000000 0.200953
 13.800000 0.116151 -0.993232 0.932241 -0.361837 3.025179 1.941034 -0.993232 0.116151 -0.361837 0.932241 0.088937 17.787332 -0.951057 -15.155735 100.000000 -15.155735 1.859861 371.972257 0.309017 25.200694 100.000000 25.200694 0.139499 27.899777 -0.309017 1.602032 100.000000 1.602032 0.017701 3.540129 0.951057 0.200953 100.000000 0.200953
 14.000000 0.103804 -0.994598 0.956494 -0.291752 3.037601 1.866854 -0.994598 0.103804 -0.291752 0.956494 0.094792 18.958418 -0.951057 -15.155735 100.000000 -15.155735 2.105620 421.124068 0.309017 25.200694 100.000000 25.200694 0.014905 2.980966 -0.309017 1.602032 100.000000 1.602032 0.001478 0.295678 0.951057 0.200953 100.000000 0.200953
 14.200000 0.217857 -0.975981 0.956993 -0.290110 2.921975 1.865138 -0.975981 0.217857 -0.290110 0.956993 0.031061 6.212203 -0.951057 -15.155735 100.000000 -15.155735 0.415512 83.102322 0.309017 25.200694 100.000000 25.200694 0.017874 3.574798 -0.309017 1.602032 100.000000 1.602032 0.001762 0.352460 0.951057 0.200953 100.000000 0.200953
 14.400000 0.160495 -0.987037 0.869745 -0.493501 2.980401 2.086906 -0.987037 0.160495 -0.493501 0.869745 0.064729 12.945732 -0.951057 -15.155735 100.000000 -15.155735 1.102943 220.588585 0.309017 25.200694 100.000000 25.200694 1.701709 340.341854 -0.309017 1.602032 100.000000 1.602032 0.330574 66.114847 0.951057 0.200953 100.000000 0.200953
 14.600000 0.019034 -0.999819 0.919417 -0.393284 3.122557 1.974997 -0.999819 0.019034 -0.393284 0.919417 0.118888 23.777638 -0.951057 -15.155735 100.000000 -15.155735 4.204505 840.900966 0.309017 25.200694 100.000000 25.200694 0.355047 71.009450 -0.309017 1.602032 100.000000 1.602032 0.050053 10.010591 0.951057 0.200953 100.000000 0.200953
 14.800000 0.051026 -0.998697 0.947415 -0.320007 3.090544 1.896533 -0.998697 0.051026 -0.320007 0.947415 0.113482 22.696467 -0.951057 -15.155735 100.000000 -15.155735 3.327968 665.593597 0.309017 25.200694 100.000000 25.200694 0.006039 1.207740 -0.309017 1.602032 100.000000 1.602032 0.000663 0.132586 0.951057 0.200953 100.000000 0.200953
 15.000000 0.175909 -0.984406 0.926969 -0.375139 2.964764 1.955343 -0.984406 0.175909 -0.375139 0.926969 0.055611 11.122209 -0.951057 -15.155735 100.000000 -15.155735 0.885891 177.178276 0.309017 25.200694 100.000000 25.200694 0.218603 43.720665 -0.309017 1.602032 100.000000 1.602032 0.029011 5.802213 0.951057 0.200953 100.000000 0.200953
 15.200000 0.265157 -0.964205 0.899356 -0.437217 2.873226 2.023298 -0.964205 0.265157 -0.437217 0.899356 0.008644 1.728889 -0.951057 -15.155735 100.000000 -15.155735 0.096185 19.236958 0.309017 25.200694 100.000000 25.200694 0.821761 164.352221 -0.309017 1.602032 100.000000 1.602032 0.133647 26.729350 0.951057 0.200953 100.000000 0.200953
 15.400000 0.167662 -0.985845 0.958740 -0.284284 2.973135 1.859056 -0.985845 0.167662 -0.284284 0.958740 0.060510 12.102046 -0.951057 -15.155735 100.000000 -15.155735 0.999059 199.811895 0.309017 25.200694 100.000000 25.200694 0.030585 6.117029 -0.309017 1.602032 100.000000 1.602032 0.002952 0.590360 0.951057 0.200953 100.000000 0.200953
 15.600000 0.255438 -0.966825 0.951610 -0.307309 2.883292 1.883160 -0.966825 0.255438 -0.307309 0.951610 0.012433 2.486591 -0.951057 -15.155735 100.000000 -15.155735 0.143536 28.707117 0.309017 25.200694 100.000000 25.200694 0.000146 0.029176 -0.309017 1.602032 100.000000 1.602032 0.000015 0.003061 0.951057 0.200953 100.000000 0.200953
 15.800000 0.258870 -0.965912 0.955917 -0.293638 2.879741 1.868826 -0.965912 0.258870 -0.293638 0.955917 0.011035 2.206910 -0.951057 -15.155735 100.000000 -15.155735 0.125736 25.147280 0.309017 25.200694 100.000000 25.200694 0.011826 2.365221 -0.309017 1.602032 100.000000 1.602032 0.001181 0.236222 0.951057 0.200953 100.000000 0.200953
 16.000000 0.196622 -0.980479 0.952102 -0.305781 2.943681 1.881555 -0.980479 0.196622 -0.305781 0.952102 0.043285 8.657006 -0.951057 -15.155735 100.000000 -15.155735 0.631628 126.325676 0.309017 25.200694 100.000000 25.200694 0.000523 0.104699 -0.309017 1.602032 100.000000 1.602032 0.000055 0.010926 0.951057 0.200953 100.000000 0.200953
 16.200000 0.165696 -0.986177 0.873858 -0.486181 2.975129 2.078511 -0.986177 0.165696 -0.486181 0.873858 0.061672 12.334440 -0.951057 -15.155735 100.000000 -15.155735 1.027050 205.410091 0.309017 25.200694 100.000000 25.200694 1.569356 313.871275 -0.309017 1.602032 100.000000 1.602032 0.297980 59.596008 0.951057 0.200953 100.000000 0.200953
 16.400000 0.137200 -0.990543 0.971239 -0.238107 3.003958 1.811213 -0.990543 0.137200 -0.238107 0.971239 0.077960 15.592072 -0.951057 -15.155735 100.000000 -15.155735 1.476047 295.209495 0.309017 25.200694 100.000000 25.200694 0.251412 50.282407 -0.309017 1.602032 100.000000 1.602032 0.020367 4.073307 0.951057 0.200953 100.000000 0.200953
 16.600000 0.231792 -0.972765 0.949672 -0.313246 2.907673 1.889405 -0.972765 0.231792 -0.313246 0.949672 0.023563 4.712698 -0.951057 -15.155735 100.000000 -15.155735 0.298182 59.636310 0.309017 25.200694 100.000000 25.200694 0.000894 0.178825 -0.309017 1.602032 100.000000 1.602032 0.000096 0.019166 0.951057 0.200953 100.000000 0.200953
 16.800000 0.286742 -0.958008 0.914951 -0.403565 2.850768 1.986206 -0.958008 0.286742 -0.403565 0.914951 0.002416 0.483208 -0.951057 -15.155735 100.000000 -15.155735 0.024809 4.961739 0.309017 25.200694 100.000000 25.200694 0.446963 89.392665 -0.309017 1.602032 100.000000 1.602032 0.065180 13.036000 0.951057 0.200953 100.000000 0.200953
 17.000000 0.187961 -0.982177 0.930734 -0.365696 2.952507 1.945177 -0.982177 0.187961 -0.365696 0.930734 0.048423 9.684573 -0.951057 -15.155735 100.000000 -15.155735 0.732732 146.546434 0.309017 25.200694 100.000000 25.200694 0.160624 32.124802 -0.309017 1.602032 100.000000 1.602032 0.020649 4.129862 0.951057 0.200953 100.000000 0.200953
 17.200000 0.226163 -0.974089 0.922644 -0.385652 2.913456 1.966711 -0.974089 0.226163 -0.385652 0.922644 0.026526 5.305165 -0.951057 -15.155735 100.000000 -15.155735 0.343239 68.647761 0.309017 25.200694 100.000000 25.200694 0.293649 58.729728 -0.309017 1.602032 100.000000 1.602032 0.040363 8.072606 0.951057 0.200953 100.000000 0.200953
 17.400000 0.099794 -0.995008 0.929298 -0.369331 3.041632 1.949086 -0.995008 0.099794 -0.369331 0.929298 0.096587 19.317415 -0.951057 -15.155735 100.000000 -15.155735 2.188708 437.741700 0.309017 25.200694 100.000000 25.200694 0.181890 36.378003 -0.309017 1.602032 100.000000 1.602032 0.023672 4.734398 0.951057 0.200953 100.000000 0.200953
 17.600000 0.170766 -0.985312 0.974247 -0.225485 2.969985 1.798237 -0.985312 0.170766 -0.225485 0.974247 0.058670 11.734093 -0.951057 -15.155735 100.000000 -15.155735 0.955664 191.132842 0.309017 25.200694 100.000000 25.200694 0.348881 69.776132 -0.309017 1.602032 100.000000 1.602032 0.026889 5.377830 0.951057 0.200953 100.000000 0.200953
 17.800000 0.133471 -0.991053 0.908164 -0.418614 3.007722 2.002715 -0.991053 0.133471 -0.418614 0.908164 0.079985 15.996920 -0.951057 -15.155735 100.000000 -15.155735 1.540813 308.162576 0.309017 25.200694 100.000000 25.200694 0.600573 120.114599 -0.309017 1.602032 100.000000 1.602032 0.091987 18.397380 0.951057 0.200953 100.000000 0.200953
 18.000000 0.262574 -0.964912 0.966574 -0.256388 2.875903 1.830080 -0.964912 0.262574 -0.256388 0.966574 0.009598 1.919673 -0.951057 -15.155735 100.000000 -15.155735 0.107846 21.569119 0.309017 25.200694 100.000000 25.200694 0.138489 27.697768 -0.309017 1.602032 100.000000 1.602032 0.012039 2.407880 0.951057 0.200953 100.000000 0.200953
 18.200000 0.092632 -0.995700 0.957747 -0.287613 3.048827 1.862530 -0.995700 0.092632 -0.287613 0.957747 0.099654 19.930745 -0.951057 -15.155735 100.000000 -15.155735 2.341115 468.223085 0.309017 25.200694 100.000000 25.200694 0.022907 4.581380 -0.309017 1.602032 100.000000 1.602032 0.002238 0.447594 0.951057 0.200953 100.000000 0.200953
 18.400000 0.185745 -0.982598 0.926947 -0.375193 2.954763 1.955402 -0.982598 0.185745 -0.375193 0.926947 0.049743 9.948629 -0.951057 -15.155735 100.000000 -15.155735 0.759798 151.959610 0.309017 25.200694 100.000000 25.200694 0.218966 43.793153 -0.309017 1.602032 100.000000 1.602032 0.029065 5.812901 0.951057 0.200953 100.000000 0.200953
 18.600000 0.113785 -0.993505 0.905631 -0.424067 3.027560 2.008728 -0.993505 0.113785 -0.424067 0.905631 0.090095 18.019034 -0.951057 -15.155735 100.000000 -15.155735 1.905768 381.153697 0.309017 25.200694 100.000000 25.200694 0.661829 132.365849 -0.309017 1.602032 100.000000 1.602032 0.103175 20.635090 0.951057 0.200953 100.000000 0.200953
 18.800000 0.126524 -0.991964 0.925549 -0.378628 3.014729 1.959110 -0.991964 0.126524 -0.378628 0.925549 0.083669 16.733852 -0.951057 -15.155735 100.000000 -15.155735 1.665185 333.036942 0.309017 25.200694 100.000000 25.200694 0.242287 48.457326 -0.309017 1.602032 100.000000 1.602032 0.032532 6.506426 0.951057 0.200953 100.000000 0.200953
 19.000000 0.101162 -0.994870 0.911299 -0.411744 3.040257 1.995164 -0.994870 0.101162 -0.411744 0.911299 0.095981 19.196194 -0.951057 -15.155735 100.000000 -15.155735 2.160187 432.037440 0.309017 25.200694 100.000000 25.200694 0.527645 105.529026 -0.309017 1.602032 100.000000 1.602032 0.079031 15.806273 0.951057 0.200953 100.000000 0.200953
 19.200000 0.166350 -0.986067 0.968111 -0.250523 2.974466 1.824016 -0.986067 0.166350 -0.250523 0.968111 0.061286 12.257216 -0.951057 -15.155735 100.000000 -15.155735 1.017698 203.539582 0.309017 25.200694 100.000000 25.200694 0.171079 34.215798 -0.309017 1.602032 100.000000 1.602032 0.014542 2.908458 0.951057 0.200953 100.000000 0.200953
 19.400000 0.175230 -0.984527 0.920866 -0.389878 2.965453 1.971296 -0.984527 0.175230 -0.389878 0.920866 0.056015 11.203064 -0.951057 -15.155735 100.000000 -15.155735 0.894946 178.989156 0.309017 25.200694 100.000000 25.200694 0.326926 65.385258 -0.309017 1.602032 100.000000 1.602032 0.045572 9.114397 0.951057 0.200953 100.000000 0.200953
 19.600000 0.135314 -0.990803 0.891238 -0.453536 3.005862 2.041526 -0.990803 0.135314 -0.453536 0.891238 0.078988 15.797591 -0.951057 -15.155735 100.000000 -15.155735 1.508628 301.725624 0.309017 25.200694 100.000000 25.200694 1.044294 208.858722 -0.309017 1.602032 100.000000 1.602032 0.178914 35.782872 0.951057 0.200953 100.000000 0.200953
 19.800000 0.214687 -0.976683 0.940979 -0.338465 2.925222 1.916081 -0.976683 0.214687 -0.338465 0.940979 0.032836 6.567145 -0.951057 -15.155735 100.000000 -15.155735 0.444910 88.981951 0.309017 25.200694 100.000000 25.200694 0.043358 8.671643 -0.309017 1.602032 100.000000 1.602032 0.005078 1.015542 0.951057 0.200953 100.000000 0.200953
 20.000000 0.194082 -0.980985 0.954675 -0.297650 2.946271 1.873026 -0.980985 0.194082 -0.297650 0.954675 0.044786 8.957276 -0.951057 -15.155735 100.000000 -15.155735 0.660498 132.099551 0.309017 25.200694 100.000000 25.200694 0.006460 1.292088 -0.309017 1.602032 100.000000 1.602032 0.000655 0.130939 0.951057 0.200953 100.000000 0.200953
