#! FIELDS time sin_phi cos_phi sin_psi cos_psi phi psi cos_phi sin_phi cos_psi sin_psi restraint_phi_cos.bias restraint_phi_cos.force2 restraint_phi_cos.cos_phi_cntr restraint_phi_cos.cos_phi_work restraint_phi_cos.cos_phi_kappa restraint_phi_cos.work restraint_phi_sin.bias restraint_phi_sin.force2 restraint_phi_sin.sin_phi_cntr restraint_phi_sin.sin_phi_work restraint_phi_sin.sin_phi_kappa restraint_phi_sin.work restraint_psi_cos.bias restraint_psi_cos.force2 restraint_psi_cos.cos_psi_cntr restraint_psi_cos.cos_psi_work restraint_psi_cos.cos_psi_kappa restraint_psi_cos.work restraint_psi_sin.bias restraint_psi_sin.force2 restraint_psi_sin.sin_psi_cntr restraint_psi_sin.sin_psi_work restraint_psi_sin.sin_psi_kappa restraint_psi_sin.work
#! SET min_phi -pi
#! SET max_phi pi
#! SET min_psi -pi
#! SET max_psi pi
 0.000000 -0.999983 -0.005782 0.966116 0.258110 -1.576579 1.309731 -0.005782 -0.999983 0.258110 0.966116 0.000000 0.000000 -0.009747 0.000000 0.000000 0.000000 0.000000 0.000000 -0.999953 0.000000 0.000000 0.000000 0.000000 0.000000 0.256142 0.000000 0.000000 0.000000 0.000000 0.000000 0.966639 0.000000 0.000000 0.000000
 0.200000 -0.999088 0.042709 0.766423 0.642337 -1.528074 0.873253 0.042709 -0.999088 0.642337 0.766423 0.013758 0.275159 -0.009747 0.257002 10.000000 0.257002 0.000004 0.000075 -0.999953 0.005187 10.000000 0.005187 0.745730 14.914602 0.256142 0.286506 10.000000 0.286506 0.200433 4.008663 0.966639 0.059273 10.000000 0.059273
 0.400000 -0.986265 0.165169 0.978947 0.204116 -1.404867 1.365236 0.165169 -0.986265 0.204116 0.978947 0.305953 12.238124 -0.009747 0.364966 20.000000 0.364966 0.001873 0.074935 -0.999953 0.006203 20.000000 0.006203 0.027068 1.082711 0.256142 0.524217 20.000000 0.524217 0.001515 0.060592 0.966639 0.107379 20.000000 0.107379
 0.600000 -0.999983 0.005872 0.942788 0.333393 -1.564924 1.230897 0.005872 -0.999983 0.333393 0.942788 0.003659 0.219543 -0.009747 0.441464 30.000000 0.441464 0.000000 0.000001 -0.999953 0.006834 30.000000 0.006834 0.089514 5.370841 0.256142 0.612923 30.000000 0.612923 0.008533 0.511983 0.966639 0.114266 30.000000 0.114266
 0.800000 -0.999875 -0.015815 0.990275 0.139126 -1.586612 1.431218 -0.015815 -0.999875 0.139126 0.990275 0.000737 0.058926 -0.009747 0.516232 40.000000 0.516232 0.000000 0.000010 -0.999953 0.007346 40.000000 0.007346 0.273858 21.908660 0.256142 0.718188 40.000000 0.718188 0.011173 0.893832 0.966639 0.129741 40.000000 0.129741
 1.000000 -0.986859 0.161584 0.935179 0.354176 -1.408501 1.208763 0.161584 -0.986859 0.354176 0.935179 0.733856 73.385596 -0.009747 0.579754 50.000000 0.579754 0.004286 0.428605 -0.999953 0.007719 50.000000 0.007719 0.240267 24.026664 0.256142 0.759288 50.000000 0.759288 0.024744 2.474396 0.966639 0.134275 50.000000 0.134275
 1.200000 -0.999908 -0.013544 0.983706 0.179787 -1.584340 1.390026 -0.013544 -0.999908 0.179787 0.983706 0.000433 0.051904 -0.009747 0.605704 60.000000 0.605704 0.000000 0.000007 -0.999953 0.007801 60.000000 0.007801 0.174903 20.988361 0.256142 0.796387 60.000000 0.796387 0.008738 1.048549 0.966639 0.136582 60.000000 0.136582
 1.400000 -0.999972 0.007510 0.983861 0.178932 -1.563287 1.390896 0.007510 -0.999972 0.178932 0.983861 0.010422 1.459098 -0.009747 0.640753 70.000000 0.640753 0.000000 0.000002 -0.999953 0.007897 70.000000 0.007897 0.208652 29.211252 0.256142 0.866239 70.000000 0.866239 0.010381 1.453398 0.966639 0.145676 70.000000 0.145676
 1.600000 -0.999373 -0.035400 0.925743 0.378154 -1.606204 1.182994 -0.035400 -0.999373 0.378154 0.925743 0.026325 4.211966 -0.009747 0.688438 80.000000 0.688438 0.000013 0.002148 -0.999953 0.008110 80.000000 0.008110 0.595477 95.276397 0.256142 0.934553 80.000000 0.934553 0.066901 10.704168 0.966639 0.151097 80.000000 0.151097
 1.800000 -0.999803 -0.019841 0.979272 0.202552 -1.590639 1.366833 -0.019841 -0.999803 0.202552 0.979272 0.004585 0.825376 -0.009747 0.728966 90.000000 0.728966 0.000001 0.000181 -0.999953 0.008312 90.000000 0.008312 0.129238 23.262760 0.256142 1.003716 90.000000 1.003716 0.007181 1.292594 0.966639 0.155859 90.000000 0.155859
 2.000000 -0.999753 0.022239 0.984715 0.174174 -1.548555 1.395729 0.022239 -0.999753 0.174174 0.984715 0.051154 10.230833 -0.009747 0.766334 100.000000 0.766334 0.000002 0.000399 -0.999953 0.008475 100.000000 0.008475 0.335938 67.187561 0.256142 1.089113 100.000000 1.089113 0.016337 3.267332 0.966639 0.166205 100.000000 0.166205
 2.200000 -0.959230 0.282627 0.852232 0.523163 -1.284265 1.020238 0.282627 -0.959230 0.523163 0.852232 1.858862 371.772479 0.089813 0.375083 100.000000 0.375083 0.050564 10.112892 -0.991031 0.006493 100.000000 0.006493 1.853683 370.736510 0.330618 0.928792 100.000000 0.928792 0.136818 27.363643 0.904543 0.214872 100.000000 0.214872
 2.400000 -0.975222 0.221229 0.889084 0.457745 -1.347722 1.095339 0.221229 -0.975222 0.457745 0.889084 0.057282 11.456352 0.187381 0.297817 100.000000 0.297817 0.002496 0.499179 -0.982287 0.005143 100.000000 0.005143 0.138606 27.721172 0.405094 0.834978 100.000000 0.834978 0.108752 21.750376 0.842446 0.515961 100.000000 0.515961
 2.600000 -0.974832 0.222941 0.882544 0.470231 -1.345966 1.081244 0.222941 -0.974832 0.470231 0.882544 0.063225 12.645051 0.187381 0.297817 100.000000 0.297817 0.002779 0.555823 -0.982287 0.005143 100.000000 0.005143 0.004361 0.872210 0.479570 0.598921 100.000000 0.598921 0.522178 104.435528 0.780350 0.928653 100.000000 0.928653
 2.800000 -0.980854 0.194743 0.783004 0.622016 -1.374801 0.899481 0.194743 -0.980854 0.622016 0.783004 0.002710 0.541950 0.187381 0.297817 100.000000 0.297817 0.000103 0.020534 -0.982287 0.005143 100.000000 0.005143 0.230999 46.199854 0.554046 0.051221 100.000000 0.051221 0.209634 41.926811 0.718253 1.272490 100.000000 1.272490
 3.000000 -0.990072 0.140562 0.691810 0.722080 -1.429768 0.763993 0.140562 -0.990072 0.722080 0.691810 0.109604 21.920824 0.187381 0.297817 100.000000 0.297817 0.003030 0.606012 -0.982287 0.005143 100.000000 0.005143 0.437656 87.531125 0.628522 -0.332714 100.000000 -0.332714 0.063556 12.711275 0.656157 1.707230 100.000000 1.707230
 3.200000 -0.982291 0.187364 0.648301 0.761384 -1.382319 0.705351 0.187364 -0.982291 0.761384 0.648301 0.000000 0.000003 0.187381 0.297817 100.000000 0.297817 0.000000 0.000000 -0.982287 0.005143 100.000000 0.005143 0.170448 34.089588 0.702997 -0.619792 100.000000 -0.619792 0.147103 29.420695 0.594061 2.219014 100.000000 2.219014
 3.400000 -0.986649 0.162862 0.600344 0.799742 -1.407205 0.643931 0.162862 -0.986649 0.799742 0.600344 0.030059 6.011815 0.187381 0.297817 100.000000 0.297817 0.000951 0.190232 -0.982287 0.005143 100.000000 0.005143 0.024794 4.958819 0.777473 -1.016643 100.000000 -1.016643 0.233791 46.758266 0.531964 2.479339 100.000000 2.479339
 3.600000 -0.989944 0.141456 0.476410 0.879223 -1.428864 0.496567 0.141456 -0.989944 0.879223 0.476410 0.105455 21.090963 0.187381 0.297817 100.000000 0.297817 0.002932 0.586332 -0.982287 0.005143 100.000000 0.005143 0.037194 7.438760 0.851949 -1.216168 100.000000 -1.216168 0.002140 0.428000 0.469868 2.663443 100.000000 2.663443
 3.800000 -0.987698 0.156373 0.418604 0.908169 -1.413779 0.431908 0.156373 -0.987698 0.908169 0.418604 0.048075 9.614918 0.187381 0.297817 100.000000 0.297817 0.001464 0.292763 -0.982287 0.005143 100.000000 0.005143 0.000558 0.111680 0.904827 -1.084432 100.000000 -1.084432 0.002574 0.514860 0.425779 2.966942 100.000000 2.966942
 4.000000 -0.974954 0.222405 0.437652 0.899144 -1.346515 0.452986 0.222405 -0.974954 0.899144 0.437652 0.061334 12.266789 0.187381 0.297817 100.000000 0.297817 0.002689 0.537722 -0.982287 0.005143 100.000000 0.005143 0.001615 0.322945 0.904827 -1.084432 100.000000 -1.084432 0.007049 1.409718 0.425779 2.966942 100.000000 2.966942
 4.200000 -0.950930 0.309407 0.450443 0.892805 -1.256227 0.467261 0.309407 -0.950930 0.892805 0.450443 0.744515 148.903074 0.187381 0.297817 100.000000 0.297817 0.049165 9.832988 -0.982287 0.005143 100.000000 0.005143 0.007226 1.445216 0.904827 -1.084432 100.000000 -1.084432 0.030414 6.082837 0.425779 2.966942 100.000000 2.966942
 4.400000 -0.986827 0.161776 0.399516 0.916726 -1.408306 0.410989 0.161776 -0.986827 0.916726 0.399516 0.032781 6.556234 0.187381 0.297817 100.000000 0.297817 0.001031 0.206137 -0.982287 0.005143 100.000000 0.005143 0.007079 1.415894 0.904827 -1.084432 100.000000 -1.084432 0.034488 6.897561 0.425779 2.966942 100.000000 2.966942
 4.600000 -0.958780 0.284148 0.250076 0.968226 -1.282678 0.252758 0.284148 -0.958780 0.968226 0.250076 0.468191 93.638216 0.187381 0.297817 100.000000 0.297817 0.027629 5.525728 -0.982287 0.005143 100.000000 0.005143 0.200973 40.194658 0.904827 -1.084432 100.000000 -1.084432 1.543589 308.717818 0.425779 2.966942 100.000000 2.966942
 4.800000 -0.975241 0.221146 0.557649 0.830077 -1.347807 0.591551 0.221146 -0.975241 0.830077 0.557649 0.057001 11.400213 0.187381 0.297817 100.000000 0.297817 0.002483 0.496522 -0.982287 0.005143 100.000000 0.005143 0.279382 55.876404 0.904827 -1.084432 100.000000 -1.084432 0.869487 173.897488 0.425779 2.966942 100.000000 2.966942
 5.000000 -0.980642 0.195808 0.453926 0.891039 -1.373715 0.471166 0.195808 -0.980642 0.891039 0.453926 0.003550 0.710089 0.187381 0.297817 100.000000 0.297817 0.000135 0.027060 -0.982287 0.005143 100.000000 0.005143 0.009505 1.900986 0.904827 -1.084432 100.000000 -1.084432 0.039612 7.922324 0.425779 2.966942 100.000000 2.966942
 5.200000 -0.990164 0.139913 0.387473 0.921881 -1.430423 0.397889 0.139913 -0.990164 0.921881 0.387473 0.112661 22.532265 0.187381 0.297817 100.000000 0.297817 0.003102 0.620397 -0.982287 0.005143 100.000000 0.005143 0.014542 2.908395 0.904827 -1.084432 100.000000 -1.084432 0.073369 14.673753 0.425779 2.966942 100.000000 2.966942
 5.400000 -0.991969 0.126481 0.432991 0.901398 -1.443975 0.447809 0.126481 -0.991969 0.901398 0.432991 0.185440 37.088006 0.187381 0.297817 100.000000 0.297817 0.004687 0.937359 -0.982287 0.005143 100.000000 0.005143 0.000588 0.117579 0.904827 -1.084432 100.000000 -1.084432 0.002601 0.520139 0.425779 2.966942 100.000000 2.966942
 5.600000 -0.967976 0.251041 0.565446 0.824785 -1.317041 0.600974 0.251041 -0.967976 0.824785 0.565446 0.202628 40.525664 0.187381 0.297817 100.000000 0.297817 0.010240 2.047995 -0.982287 0.005143 100.000000 0.005143 0.320333 64.066568 0.904827 -1.084432 100.000000 -1.084432 0.975337 195.067322 0.425779 2.966942 100.000000 2.966942
 5.800000 -0.997456 0.071288 0.534926 0.844899 -1.499448 0.564421 0.071288 -0.997456 0.844899 0.534926 0.673887 134.777448 0.187381 0.297817 100.000000 0.297817 0.011504 2.300849 -0.982287 0.005143 100.000000 0.005143 0.179571 35.914186 0.904827 -1.084432 100.000000 -1.084432 0.595655 119.131098 0.425779 2.966942 100.000000 2.966942
 6.000000 -0.970302 0.241898 0.390964 0.920406 -1.326475 0.401679 0.241898 -0.970302 0.920406 0.390964 0.148602 29.720367 0.187381 0.297817 100.000000 0.297817 0.007183 1.436520 -0.982287 0.005143 100.000000 0.005143 0.012135 2.427025 0.904827 -1.084432 100.000000 -1.084432 0.060605 12.121037 0.425779 2.966942 100.000000 2.966942
 6.200000 -0.962273 0.272087 0.506312 0.862350 -1.295236 0.530903 0.272087 -0.962273 0.862350 0.506312 0.358749 71.749757 0.187381 0.297817 100.000000 0.297817 0.020029 4.005788 -0.982287 0.005143 100.000000 0.005143 0.090214 18.042785 0.904827 -1.084432 100.000000 -1.084432 0.324277 64.855489 0.425779 2.966942 100.000000 2.966942
 6.400000 -0.975630 0.219420 0.527506 0.849552 -1.349576 0.555662 0.219420 -0.975630 0.849552 0.527506 0.051325 10.264904 0.187381 0.297817 100.000000 0.297817 0.002216 0.443130 -0.982287 0.005143 100.000000 0.005143 0.152769 30.553837 0.904827 -1.084432 100.000000 -1.084432 0.517413 103.482505 0.425779 2.966942 100.000000 2.966942
 6.600000 -0.975894 0.218246 0.423684 0.905810 -1.350779 0.437509 0.218246 -0.975894 0.905810 0.423684 0.047633 9.526582 0.187381 0.297817 100.000000 0.297817 0.002044 0.408777 -0.982287 0.005143 100.000000 0.005143 0.000048 0.009661 0.904827 -1.084432 100.000000 -1.084432 0.000219 0.043894 0.425779 2.966942 100.000000 2.966942
 6.800000 -0.999507 0.031388 0.447657 0.894206 -1.539404 0.464143 0.031388 -0.999507 0.894206 0.447657 1.216703 243.340687 0.187381 0.297817 100.000000 0.297817 0.014826 2.965298 -0.982287 0.005143 100.000000 0.005143 0.005641 1.128163 0.904827 -1.084432 100.000000 -1.084432 0.023931 4.786168 0.425779 2.966942 100.000000 2.966942
 7.000000 -0.977044 0.213037 0.462472 0.886634 -1.356114 0.480782 0.213037 -0.977044 0.886634 0.462472 0.032912 6.582301 0.187381 0.297817 100.000000 0.297817 0.001375 0.274910 -0.982287 0.005143 100.000000 0.005143 0.016550 3.309980 0.904827 -1.084432 100.000000 -1.084432 0.067319 13.463809 0.425779 2.966942 100.000000 2.966942
 7.200000 -0.998236 0.059367 0.478230 0.878235 -1.511395 0.498638 0.059367 -0.998236 0.878235 0.478230 0.819385 163.877043 0.187381 0.297817 100.000000 0.297817 0.012719 2.543700 -0.982287 0.005143 100.000000 0.005143 0.035358 7.071541 0.904827 -1.084432 100.000000 -1.084432 0.137553 27.510667 0.425779 2.966942 100.000000 2.966942
 7.400000 -0.990453 0.137853 0.461138 0.887328 -1.432503 0.479278 0.137853 -0.990453 0.887328 0.461138 0.122652 24.530456 0.187381 0.297817 100.000000 0.297817 0.003334 0.666744 -0.982287 0.005143 100.000000 0.005143 0.015310 3.062064 0.904827 -1.084432 100.000000 -1.084432 0.062513 12.502563 0.425779 2.966942 100.000000 2.966942
 7.600000 -0.948575 0.316553 0.475256 0.879847 -1.248703 0.495255 0.316553 -0.948575 0.879847 0.475256 0.834266 166.853193 0.187381 0.297817 100.000000 0.297817 0.056826 11.365272 -0.982287 0.005143 100.000000 0.005143 0.031199 6.239796 0.904827 -1.084432 100.000000 -1.084432 0.122398 24.479619 0.425779 2.966942 100.000000 2.966942
 7.800000 -0.997363 0.072572 0.435385 0.900244 -1.498161 0.450466 0.072572 -0.997363 0.900244 0.435385 0.659063 131.812666 0.187381 0.297817 100.000000 0.297817 0.011364 2.272844 -0.982287 0.005143 100.000000 0.005143 0.001050 0.210022 0.904827 -1.084432 100.000000 -1.084432 0.004614 0.922745 0.425779 2.966942 100.000000 2.966942
 8.000000 -0.982309 0.187265 0.399633 0.916675 -1.382419 0.411116 0.187265 -0.982309 0.916675 0.399633 0.000001 0.000136 0.187381 0.297817 100.000000 0.297817 0.000000 0.000005 -0.982287 0.005143 100.000000 0.005143 0.007019 1.403808 0.904827 -1.084432 100.000000 -1.084432 0.034182 6.836369 0.425779 2.966942 100.000000 2.966942
 8.200000 -0.963539 0.267568 0.486665 0.873589 -1.299929 0.508268 0.267568 -0.963539 0.873589 0.486665 0.321491 64.298286 0.187381 0.297817 100.000000 0.297817 0.017575 3.514927 -0.982287 0.005143 100.000000 0.005143 0.048792 9.758468 0.904827 -1.084432 100.000000 -1.084432 0.185355 37.071071 0.425779 2.966942 100.000000 2.966942
 8.400000 -0.988065 0.154039 0.429350 0.903138 -1.416142 0.443773 0.154039 -0.988065 0.903138 0.429350 0.055586 11.117180 0.187381 0.297817 100.000000 0.297817 0.001669 0.333799 -0.982287 0.005143 100.000000 0.005143 0.000143 0.028528 0.904827 -1.084432 100.000000 -1.084432 0.000638 0.127524 0.425779 2.966942 100.000000 2.966942
 8.600000 -0.999523 0.030867 0.443349 0.896349 -1.539924 0.459332 0.030867 -0.999523 0.896349 0.443349 1.224829 244.965748 0.187381 0.297817 100.000000 0.297817 0.014854 2.970878 -0.982287 0.005143 100.000000 0.005143 0.003594 0.718802 0.904827 -1.084432 100.000000 -1.084432 0.015436 3.087118 0.425779 2.966942 100.000000 2.966942
 8.800000 -0.981714 0.190360 0.452251 0.891891 -1.379268 0.469287 0.190360 -0.981714 0.891891 0.452251 0.000444 0.088709 0.187381 0.297817 100.000000 0.297817 0.000016 0.003281 -0.982287 0.005143 100.000000 0.005143 0.008367 1.673430 0.904827 -1.084432 100.000000 -1.084432 0.035036 7.007268 0.425779 2.966942 100.000000 2.966942
 9.000000 -0.990456 0.137831 0.484267 0.874920 -1.432525 0.505525 0.137831 -0.990456 0.874920 0.484267 0.122760 24.551916 0.187381 0.297817 100.000000 0.297817 0.003336 0.667236 -0.982287 0.005143 100.000000 0.005143 0.044721 8.944183 0.904827 -1.084432 100.000000 -1.084432 0.171041 34.208205 0.425779 2.966942 100.000000 2.966942
 9.200000 -0.983843 0.179031 0.481396 0.876503 -1.390795 0.502246 0.179031 -0.983843 0.876503 0.481396 0.003486 0.697243 0.187381 0.297817 100.000000 0.297817 0.000121 0.024216 -0.982287 0.005143 100.000000 0.005143 0.040111 8.022249 0.904827 -1.084432 100.000000 -1.084432 0.154658 30.931658 0.425779 2.966942 100.000000 2.966942
 9.400000 -0.979189 0.202952 0.412023 0.911173 -1.366425 0.424673 0.202952 -0.979189 0.911173 0.412023 0.012122 2.424425 0.187381 0.297817 100.000000 0.297817 0.000480 0.096009 -0.982287 0.005143 100.000000 0.005143 0.002014 0.402759 0.904827 -1.084432 100.000000 -1.084432 0.009462 1.892316 0.425779 2.966942 100.000000 2.966942
 9.600000 -0.997878 0.065116 0.454188 0.890906 -1.505634 0.471460 0.065116 -0.997878 0.890906 0.454188 0.747438 149.487504 0.187381 0.297817 100.000000 0.297817 0.012153 2.430617 -0.982287 0.005143 100.000000 0.005143 0.009690 1.937955 0.904827 -1.084432 100.000000 -1.084432 0.040352 8.070388 0.425779 2.966942 100.000000 2.966942
 9.800000 -0.908467 0.417957 0.421788 0.906695 -1.139601 0.435416 0.417957 -0.908467 0.906695 0.421788 2.658264 531.652711 0.187381 0.297817 100.000000 0.297817 0.272474 54.494757 -0.982287 0.005143 100.000000 0.005143 0.000174 0.034874 0.904827 -1.084432 100.000000 -1.084432 0.000797 0.159310 0.425779 2.966942 100.000000 2.966942
 10.000000 -0.973798 0.227414 0.481824 0.876268 -1.341375 0.502735 0.227414 -0.973798 0.876268 0.481824 0.080132 16.026409 0.187381 0.297817 100.000000 0.297817 0.003603 0.720658 -0.982287 0.005143 100.000000 0.005143 0.040781 8.156107 0.904827 -1.084432 100.000000 -1.084432 0.157049 31.409808 0.425779 2.966942 100.000000 2.966942
 10.200000 -0.983550 0.180637 0.410995 0.911638 -1.389162 0.423545 0.180637 -0.983550 0.911638 0.410995 0.002274 0.454802 0.187381 0.297817 100.000000 0.297817 0.000080 0.015939 -0.982287 0.005143 100.000000 0.005143 0.002319 0.463841 0.904827 -1.084432 100.000000 -1.084432 0.010929 2.185781 0.425779 2.966942 100.000000 2.966942
 10.400000 -0.975247 0.221119 0.428815 0.903392 -1.347834 0.443180 0.221119 -0.975247 0.903392 0.428815 0.056913 11.382619 0.187381 0.297817 100.000000 0.297817 0.002478 0.495689 -0.982287 0.005143 100.000000 0.005143 0.000103 0.020581 0.904827 -1.084432 100.000000 -1.084432 0.000461 0.092142 0.425779 2.966942 100.000000 2.966942
 10.600000 -0.998512 0.054538 0.423181 0.906045 -1.516231 0.436953 0.054538 -0.998512 0.906045 0.423181 0.882366 176.473292 0.187381 0.297817 100.000000 0.297817 0.013162 2.632325 -0.982287 0.005143 100.000000 0.005143 0.000074 0.014839 0.904827 -1.084432 100.000000 -1.084432 0.000338 0.067516 0.425779 2.966942 100.000000 2.966942
 10.800000 -0.988284 0.152626 0.393013 0.919533 -1.417572 0.403906 0.152626 -0.988284 0.919533 0.393013 0.060398 12.079602 0.187381 0.297817 100.000000 0.297817 0.001798 0.359620 -0.982287 0.005143 100.000000 0.005143 0.010813 2.162576 0.904827 -1.084432 100.000000 -1.084432 0.053680 10.736049 0.425779 2.966942 100.000000 2.966942
 11.000000 -0.982546 0.186020 0.442081 0.896975 -1.383686 0.457917 0.186020 -0.982546 0.896975 0.442081 0.000093 0.018533 0.187381 0.297817 100.000000 0.297817 0.000003 0.000669 -0.982287 0.005143 100.000000 0.005143 0.003083 0.616514 0.904827 -1.084432 100.000000 -1.084432 0.013287 2.657406 0.425779 2.966942 100.000000 2.966942
 11.200000 -0.962947 0.269691 0.540206 0.841533 -1.297724 0.570682 0.269691 -0.962947 0.841533 0.540206 0.338743 67.748594 0.187381 0.297817 100.000000 0.297817 0.018702 3.740469 -0.982287 0.005143 100.000000 0.005143 0.200309 40.061794 0.904827 -1.084432 100.000000 -1.084432 0.654676 130.935246 0.425779 2.966942 100.000000 2.966942
 11.400000 -0.987628 0.156812 0.395467 0.918480 -1.413334 0.406577 0.156812 -0.987628 0.918480 0.395467 0.046724 9.344771 0.187381 0.297817 100.000000 0.297817 0.001426 0.285285 -0.982287 0.005143 100.000000 0.005143 0.009320 1.864040 0.904827 -1.084432 100.000000 -1.084432 0.045941 9.188142 0.425779 2.966942 100.000000 2.966942
 11.600000 -0.996063 0.088647 0.427353 0.904085 -1.482033 0.441562 0.088647 -0.996063 0.904085 0.427353 0.487421 97.484136 0.187381 0.297817 100.000000 0.297817 0.009489 1.897735 -0.982287 0.005143 100.000000 0.005143 0.000028 0.005505 0.904827 -1.084432 100.000000 -1.084432 0.000124 0.024751 0.425779 2.966942 100.000000 2.966942
 11.800000 -0.958166 0.286214 0.435289 0.900291 -1.280523 0.450359 0.286214 -0.958166 0.900291 0.435289 0.488393 97.678513 0.187381 0.297817 100.000000 0.297817 0.029092 5.818447 -0.982287 0.005143 100.000000 0.005143 0.001029 0.205784 0.904827 -1.084432 100.000000 -1.084432 0.004522 0.904372 0.425779 2.966942 100.000000 2.966942
 12.000000 -0.973220 0.229874 0.480465 0.877014 -1.338848 0.501184 0.229874 -0.973220 0.877014 0.480465 0.090280 18.056078 0.187381 0.297817 100.000000 0.297817 0.004110 0.822068 -0.982287 0.005143 100.000000 0.005143 0.038678 7.735587 0.904827 -1.084432 100.000000 -1.084432 0.149524 29.904811 0.425779 2.966942 100.000000 2.966942
 12.200000 -0.970033 0.242973 0.411312 0.911495 -1.325366 0.423893 0.242973 -0.970033 0.911495 0.411312 0.154524 30.904860 0.187381 0.297817 100.000000 0.297817 0.007508 1.501682 -0.982287 0.005143 100.000000 0.005143 0.002223 0.444568 0.904827 -1.084432 100.000000 -1.084432 0.010465 2.093043 0.425779 2.966942 100.000000 2.966942
 12.400000 -0.982397 0.186804 0.402008 0.915636 -1.382889 0.413709 0.186804 -0.982397 0.915636 0.402008 0.000017 0.003336 0.187381 0.297817 100.000000 0.297817 0.000001 0.000121 -0.982287 0.005143 100.000000 0.005143 0.005842 1.168377 0.904827 -1.084432 100.000000 -1.084432 0.028254 5.650793 0.425779 2.966942 100.000000 2.966942
 12.600000 -0.985905 0.167305 0.491452 0.870905 -1.402701 0.513756 0.167305 -0.985905 0.870905 0.491452 0.020153 4.030568 0.187381 0.297817 100.000000 0.297817 0.000654 0.130894 -0.982287 0.005143 100.000000 0.005143 0.057536 11.507179 0.904827 -1.084432 100.000000 -1.084432 0.215643 43.128681 0.425779 2.966942 100.000000 2.966942
 12.800000 -0.982573 0.185878 0.402930 0.915231 -1.383831 0.414715 0.185878 -0.982573 0.915231 0.402930 0.000113 0.022605 0.187381 0.297817 100.000000 0.297817 0.000004 0.000816 -0.982287 0.005143 100.000000 0.005143 0.005412 1.082425 0.904827 -1.084432 100.000000 -1.084432 0.026106 5.221130 0.425779 2.966942 100.000000 2.966942
 13.000000 -0.987573 0.157159 0.308121 0.951347 -1.412984 0.313217 0.157159 -0.987573 0.951347 0.308121 0.045671 9.134151 0.187381 0.297817 100.000000 0.297817 0.001397 0.279432 -0.982287 0.005143 100.000000 0.005143 0.108206 21.641259 0.904827 -1.084432 100.000000 -1.084432 0.692175 138.435048 0.425779 2.966942 100.000000 2.966942
 13.200000 -0.988185 0.153265 0.472459 0.881353 -1.416925 0.492079 0.153265 -0.988185 0.881353 0.472459 0.058198 11.639534 0.187381 0.297817 100.000000 0.297817 0.001739 0.347857 -0.982287 0.005143 100.000000 0.005143 0.027553 5.510522 0.904827 -1.084432 100.000000 -1.084432 0.108951 21.790122 0.425779 2.966942 100.000000 2.966942
 13.400000 -0.976909 0.213655 0.486187 0.873855 -1.355482 0.507721 0.213655 -0.976909 0.873855 0.486187 0.034514 6.902831 0.187381 0.297817 100.000000 0.297817 0.001446 0.289226 -0.982287 0.005143 100.000000 0.005143 0.047964 9.592727 0.904827 -1.084432 100.000000 -1.084432 0.182453 36.490628 0.425779 2.966942 100.000000 2.966942
 13.600000 -0.962261 0.272128 0.369974 0.929042 -1.295192 0.378981 0.272128 -0.962261 0.929042 0.369974 0.359104 71.820702 0.187381 0.297817 100.000000 0.297817 0.020053 4.010529 -0.982287 0.005143 100.000000 0.005143 0.029319 5.863756 0.904827 -1.084432 100.000000 -1.084432 0.155713 31.142691 0.425779 2.966942 100.000000 2.966942
 13.800000 -0.974532 0.224250 0.391618 0.920128 -1.344623 0.402390 0.224250 -0.974532 0.920128 0.391618 0.067965 13.592962 0.187381 0.297817 100.000000 0.297817 0.003007 0.601492 -0.982287 0.005143 100.000000 0.005143 0.011706 2.341141 0.904827 -1.084432 100.000000 -1.084432 0.058349 11.669850 0.425779 2.966942 100.000000 2.966942
 14.000000 -0.968124 0.250473 0.492470 0.870329 -1.317628 0.514926 0.250473 -0.968124 0.870329 0.492470 0.199027 39.805418 0.187381 0.297817 100.000000 0.297817 0.010030 2.006083 -0.982287 0.005143 100.000000 0.005143 0.059505 11.900989 0.904827 -1.084432 100.000000 -1.084432 0.222385 44.476923 0.425779 2.966942 100.000000 2.966942
 14.200000 -0.990388 0.138316 0.485812 0.874063 -1.432035 0.507292 0.138316 -0.990388 0.874063 0.485812 0.120368 24.073649 0.187381 0.297817 100.000000 0.297817 0.003281 0.656236 -0.982287 0.005143 100.000000 0.005143 0.047320 9.464085 0.904827 -1.084432 100.000000 -1.084432 0.180197 36.039321 0.425779 2.966942 100.000000 2.966942
 14.400000 -0.984092 0.177660 0.395938 0.918277 -1.392188 0.407089 0.177660 -0.984092 0.918277 0.395938 0.004725 0.944997 0.187381 0.297817 100.000000 0.297817 0.000163 0.032567 -0.982287 0.005143 100.000000 0.005143 0.009045 1.809093 0.904827 -1.084432 100.000000 -1.084432 0.044526 8.905111 0.425779 2.966942 100.000000 2.966942
 14.600000 -0.983641 0.180142 0.486700 0.873569 -1.389665 0.508309 0.180142 -0.983641 0.873569 0.486700 0.002620 0.524020 0.187381 0.297817 100.000000 0.297817 0.000092 0.018314 -0.982287 0.005143 100.000000 0.005143 0.048853 9.770687 0.904827 -1.084432 100.000000 -1.084432 0.185569 37.113817 0.425779 2.966942 100.000000 2.966942
 14.800000 -0.966424 0.256954 0.499248 0.866459 -1.310927 0.522731 0.256954 -0.966424 0.866459 0.499248 0.242021 48.404198 0.187381 0.297817 100.000000 0.297817 0.012583 2.516580 -0.982287 0.005143 100.000000 0.005143 0.073605 14.720973 0.904827 -1.084432 100.000000 -1.084432 0.269883 53.976519 0.425779 2.966942 100.000000 2.966942
 15.000000 -0.966401 0.257038 0.510252 0.860025 -1.310841 0.535478 0.257038 -0.966401 0.860025 0.510252 0.242600 48.519902 0.187381 0.297817 100.000000 0.297817 0.012618 2.523597 -0.982287 0.005143 100.000000 0.005143 0.100361 20.072211 0.904827 -1.084432 100.000000 -1.084432 0.356781 71.356123 0.425779 2.966942 100.000000 2.966942
 15.200000 -0.985758 0.168168 0.481447 0.876475 -1.401825 0.502305 0.168168 -0.985758 0.876475 0.481447 0.018457 3.691441 0.187381 0.297817 100.000000 0.297817 0.000602 0.120483 -0.982287 0.005143 100.000000 0.005143 0.040192 8.038375 0.904827 -1.084432 100.000000 -1.084432 0.154947 30.989304 0.425779 2.966942 100.000000 2.966942
 15.400000 -0.981847 0.189676 0.447567 0.894250 -1.379965 0.464043 0.189676 -0.981847 0.894250 0.447567 0.000263 0.052640 0.187381 0.297817 100.000000 0.297817 0.000010 0.001940 -0.982287 0.005143 100.000000 0.005143 0.005593 1.118648 0.904827 -1.084432 100.000000 -1.084432 0.023735 4.747012 0.425779 2.966942 100.000000 2.966942
 15.600000 -0.966961 0.254925 0.543172 0.839621 -1.313026 0.574211 0.254925 -0.966961 0.839621 0.543172 0.228110 45.621908 0.187381 0.297817 100.000000 0.297817 0.011745 2.349017 -0.982287 0.005143 100.000000 0.005143 0.212590 42.517931 0.904827 -1.084432 100.000000 -1.084432 0.689056 137.811105 0.425779 2.966942 100.000000 2.966942
 15.800000 -0.962094 0.272717 0.365928 0.930643 -1.294580 0.374630 0.272717 -0.962094 0.930643 0.365928 0.364111 72.822270 0.187381 0.297817 100.000000 0.297817 0.020388 4.077585 -0.982287 0.005143 100.000000 0.005143 0.033324 6.664766 0.904827 -1.084432 100.000000 -1.084432 0.179110 35.822062 0.425779 2.966942 100.000000 2.966942
 16.000000 -0.986553 0.163443 0.467503 0.883991 -1.406617 0.486464 0.163443 -0.986553 0.883991 0.467503 0.028652 5.730368 0.187381 0.297817 100.000000 0.297817 0.000910 0.181946 -0.982287 0.005143 100.000000 0.005143 0.021707 4.341306 0.904827 -1.084432 100.000000 -1.084432 0.087045 17.409045 0.425779 2.966942 100.000000 2.966942
 16.200000 -0.974268 0.225393 0.495034 0.868874 -1.343450 0.517873 0.225393 -0.974268 0.868874 0.495034 0.072246 14.449185 0.187381 0.297817 100.000000 0.297817 0.003216 0.643110 -0.982287 0.005143 100.000000 0.005143 0.064632 12.926321 0.904827 -1.084432 100.000000 -1.084432 0.239808 47.961526 0.425779 2.966942 100.000000 2.966942
 16.400000 -0.963007 0.269475 0.416380 0.909191 -1.297949 0.429460 0.269475 -0.963007 0.909191 0.416380 0.336967 67.393498 0.187381 0.297817 100.000000 0.297817 0.018586 3.717117 -0.982287 0.005143 100.000000 0.005143 0.000952 0.190412 0.904827 -1.084432 100.000000 -1.084432 0.004417 0.883465 0.425779 2.966942 100.000000 2.966942
 16.600000 -0.978689 0.205348 0.428592 0.903498 -1.363977 0.442934 0.205348 -0.978689 0.903498 0.428592 0.016140 3.228075 0.187381 0.297817 100.000000 0.297817 0.000647 0.129475 -0.982287 0.005143 100.000000 0.005143 0.000088 0.017657 0.904827 -1.084432 100.000000 -1.084432 0.000395 0.079098 0.425779 2.966942 100.000000 2.966942
 16.800000 -0.976608 0.215029 0.393031 0.919525 -1.354075 0.403926 0.215029 -0.976608 0.919525 0.393031 0.038219 7.643834 0.187381 0.297817 100.000000 0.297817 0.001613 0.322572 -0.982287 0.005143 100.000000 0.005143 0.010802 2.160354 0.904827 -1.084432 100.000000 -1.084432 0.053622 10.724466 0.425779 2.966942 100.000000 2.966942
 17.000000 -0.987859 0.155355 0.429041 0.903285 -1.414809 0.443431 0.155355 -0.987859 0.903285 0.429041 0.051284 10.256725 0.187381 0.297817 100.000000 0.297817 0.001552 0.310408 -0.982287 0.005143 100.000000 0.005143 0.000119 0.023776 0.904827 -1.084432 100.000000 -1.084432 0.000532 0.106374 0.425779 2.966942 100.000000 2.966942
 17.200000 -0.980874 0.194644 0.511934 0.859025 -1.374902 0.537435 0.194644 -0.980874 0.859025 0.511934 0.002637 0.527480 0.187381 0.297817 100.000000 0.297817 0.000100 0.019975 -0.982287 0.005143 100.000000 0.005143 0.104892 20.978477 0.904827 -1.084432 100.000000 -1.084432 0.371132 74.226336 0.425779 2.966942 100.000000 2.966942
 17.400000 -0.966880 0.255231 0.342840 0.939394 -1.312709 0.349939 0.255231 -0.966880 0.939394 0.342840 0.230182 46.036365 0.187381 0.297817 100.000000 0.297817 0.011869 2.373835 -0.982287 0.005143 100.000000 0.005143 0.059743 11.948554 0.904827 -1.084432 100.000000 -1.084432 0.343945 68.788902 0.425779 2.966942 100.000000 2.966942
 17.600000 -0.988443 0.151594 0.500188 0.865917 -1.418616 0.523815 0.151594 -0.988443 0.865917 0.500188 0.064037 12.807477 0.187381 0.297817 100.000000 0.297817 0.001895 0.378918 -0.982287 0.005143 100.000000 0.005143 0.075699 15.139871 0.904827 -1.084432 100.000000 -1.084432 0.276830 55.365966 0.425779 2.966942 100.000000 2.966942
 17.800000 -0.986623 0.163016 0.327052 0.945006 -1.407049 0.333182 0.163016 -0.986623 0.945006 0.327052 0.029683 5.936625 0.187381 0.297817 100.000000 0.297817 0.000940 0.188022 -0.982287 0.005143 100.000000 0.005143 0.080719 16.143857 0.904827 -1.084432 100.000000 -1.084432 0.487358 97.471512 0.425779 2.966942 100.000000 2.966942
 18.000000 -0.978598 0.205782 0.402311 0.915503 -1.363534 0.414040 0.205782 -0.978598 0.915503 0.402311 0.016928 3.385684 0.187381 0.297817 100.000000 0.297817 0.000681 0.136109 -0.982287 0.005143 100.000000 0.005143 0.005699 1.139785 0.904827 -1.084432 100.000000 -1.084432 0.027538 5.507672 0.425779 2.966942 100.000000 2.966942
 18.200000 -0.981255 0.192712 0.485562 0.874202 -1.376871 0.507006 0.192712 -0.981255 0.874202 0.485562 0.001421 0.284163 0.187381 0.297817 100.000000 0.297817 0.000053 0.010648 -0.982287 0.005143 100.000000 0.005143 0.046894 9.378825 0.904827 -1.084432 100.000000 -1.084432 0.178699 35.739825 0.425779 2.966942 100.000000 2.966942
 18.400000 -0.947526 0.319680 0.480533 0.876977 -1.245405 0.501263 0.319680 -0.947526 0.876977 0.480533 0.875142 175.028494 0.187381 0.297817 100.000000 0.297817 0.060418 12.083665 -0.982287 0.005143 100.000000 0.005143 0.038783 7.756530 0.904827 -1.084432 100.000000 -1.084432 0.149900 29.979964 0.425779 2.966942 100.000000 2.966942
 18.600000 -0.982658 0.185426 0.427433 0.904047 -1.384291 0.441651 0.185426 -0.982658 0.904047 0.427433 0.000191 0.038248 0.187381 0.297817 100.000000 0.297817 0.000007 0.001377 -0.982287 0.005143 100.000000 0.005143 0.000030 0.006083 0.904827 -1.084432 100.000000 -1.084432 0.000137 0.027341 0.425779 2.966942 100.000000 2.966942
 18.800000 -0.949650 0.313314 0.373394 0.927673 -1.252116 0.382665 0.313314 -0.949650 0.927673 0.373394 0.792951 158.590111 0.187381 0.297817 100.000000 0.297817 0.053261 10.652145 -0.982287 0.005143 100.000000 0.005143 0.026097 5.219354 0.904827 -1.084432 100.000000 -1.084432 0.137212 27.442461 0.425779 2.966942 100.000000 2.966942
 19.000000 -0.916311 0.400467 0.462195 0.886778 -1.158770 0.480468 0.400467 -0.916311 0.886778 0.462195 2.270265 454.053032 0.187381 0.297817 100.000000 0.297817 0.217641 43.528138 -0.982287 0.005143 100.000000 0.005143 0.016288 3.257506 0.904827 -1.084432 100.000000 -1.084432 0.066304 13.260795 0.425779 2.966942 100.000000 2.966942
 19.200000 -0.985689 0.168573 0.459543 0.888155 -1.401415 0.477481 0.168573 -0.985689 0.888155 0.459543 0.017688 3.537570 0.187381 0.297817 100.000000 0.297817 0.000579 0.115732 -0.982287 0.005143 100.000000 0.005143 0.013897 2.779475 0.904827 -1.084432 100.000000 -1.084432 0.057001 11.400177 0.425779 2.966942 100.000000 2.966942
 19.400000 -0.986577 0.163297 0.244925 0.969542 -1.406765 0.247443 0.163297 -0.986577 0.969542 0.244925 0.029002 5.800484 0.187381 0.297817 100.000000 0.297817 0.000920 0.184014 -0.982287 0.005143 100.000000 0.005143 0.209401 41.880168 0.904827 -1.084432 100.000000 -1.084432 1.635407 327.081493 0.425779 2.966942 100.000000 2.966942
 19.600000 -0.987056 0.160377 0.348917 0.937154 -1.409723 0.356415 0.160377 -0.987056 0.937154 0.348917 0.036461 7.292167 0.187381 0.297817 100.000000 0.297817 0.001137 0.227389 -0.982287 0.005143 100.000000 0.005143 0.052250 10.450086 0.904827 -1.084432 100.000000 -1.084432 0.295391 59.078177 0.425779 2.966942 100.000000 2.966942
 19.800000 -0.973033 0.230668 0.536721 0.843760 -1.338032 0.566546 0.230668 -0.973033 0.843760 0.536721 0.093686 18.737295 0.187381 0.297817 100.000000 0.297817 0.004282 0.856498 -0.982287 0.005143 100.000000 0.005143 0.186461 37.292171 0.904827 -1.084432 100.000000 -1.084432 0.615404 123.080781 0.425779 2.966942 100.000000 2.966942
 20.000000 -0.983387 0.181519 0.393362 0.919384 -1.388266 0.404285 0.181519 -0.983387 0.919384 0.393362 0.001718 0.343681 0.187381 0.297817 100.000000 0.297817 0.000061 0.012105 -0.982287 0.005143 100.000000 0.005143 0.010595 2.119012 0.904827 -1.084432 100.000000 -1.084432 0.052546 10.509122 0.425779 2.966942 100.000000 2.966942
