#! FIELDS time sin_phi cos_phi sin_psi cos_psi phi psi cos_phi sin_phi cos_psi sin_psi restraint_phi_cos.bias restraint_phi_cos.force2 restraint_phi_cos.cos_phi_cntr restraint_phi_cos.cos_phi_work restraint_phi_cos.cos_phi_kappa restraint_phi_cos.work restraint_phi_sin.bias restraint_phi_sin.force2 restraint_phi_sin.sin_phi_cntr restraint_phi_sin.sin_phi_work restraint_phi_sin.sin_phi_kappa restraint_phi_sin.work restraint_psi_cos.bias restraint_psi_cos.force2 restraint_psi_cos.cos_psi_cntr restraint_psi_cos.cos_psi_work restraint_psi_cos.cos_psi_kappa restraint_psi_cos.work restraint_psi_sin.bias restraint_psi_sin.force2 restraint_psi_sin.sin_psi_cntr restraint_psi_sin.sin_psi_work restraint_psi_sin.sin_psi_kappa restraint_psi_sin.work
#! SET min_phi -pi
#! SET max_phi pi
#! SET min_psi -pi
#! SET max_psi pi
 0.000000 -0.999983 -0.005782 0.966116 0.258110 -1.576579 1.309731 -0.005782 -0.999983 0.258110 0.966116 0.000000 0.000000 -0.009747 0.000000 0.000000 0.000000 0.000000 0.000000 -0.999953 0.000000 0.000000 0.000000 0.000000 0.000000 0.256142 0.000000 0.000000 0.000000 0.000000 0.000000 0.966639 0.000000 0.000000 0.000000
 0.200000 -0.999088 0.042709 0.766423 0.642337 -1.528074 0.873253 0.042709 -0.999088 0.642337 0.766423 0.013758 0.275159 -0.009747 0.257002 10.000000 0.257002 0.000004 0.000075 -0.999953 0.005187 10.000000 0.005187 0.745730 14.914602 0.256142 0.286506 10.000000 0.286506 0.200433 4.008663 0.966639 0.059273 10.000000 0.059273
 0.400000 -0.986265 0.165169 0.978947 0.204115 -1.404867 1.365236 0.165169 -0.986265 0.204115 0.978947 0.305955 12.238181 -0.009747 0.364966 20.000000 0.364966 0.001873 0.074936 -0.999953 0.006203 20.000000 0.006203 0.027068 1.082720 0.256142 0.524217 20.000000 0.524217 0.001515 0.060592 0.966639 0.107379 20.000000 0.107379
 0.600000 -0.999983 0.005868 0.942790 0.333387 -1.564928 1.230903 0.005868 -0.999983 0.333387 0.942790 0.003657 0.219430 -0.009747 0.441464 30.000000 0.441464 0.000000 0.000001 -0.999953 0.006834 30.000000 0.006834 0.089501 5.370051 0.256142 0.612922 30.000000 0.612922 0.008532 0.511896 0.966639 0.114266 30.000000 0.114266
 0.800000 -0.999875 -0.015827 0.990276 0.139118 -1.586624 1.431226 -0.015827 -0.999875 0.139118 0.990276 0.000739 0.059153 -0.009747 0.516231 40.000000 0.516231 0.000000 0.000010 -0.999953 0.007346 40.000000 0.007346 0.273894 21.911510 0.256142 0.718189 40.000000 0.718189 0.011174 0.893913 0.966639 0.129741 40.000000 0.129741
 1.000000 -0.986859 0.161586 0.935180 0.354174 -1.408498 1.208766 0.161586 -0.986859 0.354174 0.935180 0.733875 73.387502 -0.009747 0.579755 50.000000 0.579755 0.004286 0.428629 -0.999953 0.007719 50.000000 0.007719 0.240254 24.025434 0.256142 0.759292 50.000000 0.759292 0.024742 2.474246 0.966639 0.134275 50.000000 0.134275
 1.200000 -0.999908 -0.013537 0.983709 0.179769 -1.584334 1.390045 -0.013537 -0.999908 0.179769 0.983709 0.000431 0.051724 -0.009747 0.605699 60.000000 0.605699 0.000000 0.000007 -0.999953 0.007801 60.000000 0.007801 0.174987 20.998464 0.256142 0.796382 60.000000 0.796382 0.008741 1.048962 0.966639 0.136582 60.000000 0.136582
 1.400000 -0.999972 0.007537 0.983859 0.178947 -1.563259 1.390881 0.007537 -0.999972 0.178947 0.983859 0.010455 1.463711 -0.009747 0.640752 70.000000 0.640752 0.000000 0.000002 -0.999953 0.007897 70.000000 0.007897 0.208571 29.199910 0.256142 0.866188 70.000000 0.866188 0.010378 1.452938 0.966639 0.145670 70.000000 0.145670
 1.600000 -0.999364 -0.035670 0.925705 0.378246 -1.606474 1.182896 -0.035670 -0.999364 0.378246 0.925705 0.026882 4.301040 -0.009747 0.688422 80.000000 0.688422 0.000014 0.002219 -0.999953 0.008109 80.000000 0.008109 0.596371 95.419352 0.256142 0.934443 80.000000 0.934443 0.067023 10.723746 0.966639 0.151093 80.000000 0.151093
 1.800000 -0.999793 -0.020355 0.979277 0.202525 -1.591152 1.366860 -0.020355 -0.999793 0.202525 0.979277 0.005064 0.911512 -0.009747 0.729312 90.000000 0.729312 0.000001 0.000207 -0.999953 0.008317 90.000000 0.008317 0.129366 23.285816 0.256142 1.003433 90.000000 1.003433 0.007187 1.293718 0.966639 0.155846 90.000000 0.155846
 2.000000 -0.999618 0.027638 0.985740 0.168275 -1.543154 1.401717 0.027638 -0.999618 0.168275 0.985740 0.069881 13.976280 -0.009747 0.766352 100.000000 0.766352 0.000006 0.001119 -0.999953 0.008476 100.000000 0.008476 0.386031 77.206150 0.256142 1.091180 100.000000 1.091180 0.018242 3.648469 0.966639 0.166455 100.000000 0.166455
 2.200000 -0.956549 0.291570 0.856094 0.516821 -1.274928 1.027663 0.291570 -0.956549 0.516821 0.856094 2.046248 409.249640 0.089271 0.381237 100.000000 0.381237 0.049249 9.849706 -0.987934 0.007608 100.000000 0.007608 2.079552 415.910405 0.312882 0.939635 100.000000 0.939635 0.067758 13.551652 0.892906 0.276529 100.000000 0.276529
 2.400000 -0.972422 0.233227 0.891657 0.452711 -1.335402 1.100993 0.233227 -0.972422 0.452711 0.891657 0.100970 20.193902 0.188289 0.295007 100.000000 0.295007 0.000610 0.121961 -0.975915 0.010817 100.000000 0.010817 0.345189 69.037895 0.369622 0.816906 100.000000 0.816906 0.262698 52.539637 0.819173 0.811096 100.000000 0.811096
 2.600000 -0.959243 0.282584 0.891951 0.452132 -1.284310 1.101642 0.282584 -0.959243 0.452132 0.891951 0.057439 11.487896 0.248690 0.227054 100.000000 0.227054 0.004362 0.872452 -0.968583 0.010357 100.000000 0.010357 0.033207 6.641356 0.426362 0.513390 100.000000 0.513390 1.073269 214.653764 0.745440 1.601600 100.000000 1.601600
 2.800000 -0.968288 0.249838 0.793122 0.609062 -1.318283 0.915919 0.249838 -0.968288 0.609062 0.793122 0.000066 0.013179 0.248690 0.227054 100.000000 0.227054 0.000004 0.000873 -0.968583 0.010357 100.000000 0.010357 0.793310 158.662009 0.483101 -0.117131 100.000000 -0.117131 0.737082 147.416309 0.671707 2.430548 100.000000 2.430548
 3.000000 -0.976986 0.213304 0.709244 0.704963 -1.355840 0.788426 0.213304 -0.976986 0.704963 0.709244 0.062607 12.521388 0.248690 0.227054 100.000000 0.227054 0.003530 0.706045 -0.968583 0.010357 100.000000 0.010357 1.363258 272.651598 0.539841 -0.734620 100.000000 -0.734620 0.619053 123.810594 0.597974 3.454747 100.000000 3.454747
 3.200000 -0.986072 0.166321 0.776087 0.630626 -1.403699 0.888437 0.166321 -0.986072 0.630626 0.776087 0.339235 67.846948 0.248690 0.227054 100.000000 0.227054 0.015292 3.058499 -0.968583 0.010357 100.000000 0.010357 0.057953 11.590539 0.596581 -1.420569 100.000000 -1.420569 3.171319 634.263769 0.524241 4.635548 100.000000 4.635548
 3.400000 -0.981772 0.190064 0.617098 0.786886 -1.379569 0.665049 0.190064 -0.981772 0.786886 0.617098 0.171849 34.369830 0.248690 0.227054 100.000000 0.227054 0.008697 1.739371 -0.968583 0.010357 100.000000 0.010357 0.891995 178.399015 0.653320 -2.336930 100.000000 -2.336930 1.387602 277.520419 0.450508 5.560929 100.000000 5.560929
 3.600000 -0.970019 0.243031 0.485902 0.874013 -1.325307 0.507395 0.243031 -0.970019 0.874013 0.485902 0.001601 0.320246 0.248690 0.227054 100.000000 0.227054 0.000103 0.020604 -0.968583 0.010357 100.000000 0.010357 1.344031 268.806105 0.710060 -3.273408 100.000000 -3.273408 0.595434 119.086719 0.376775 6.374325 100.000000 6.374325
 3.800000 -0.987010 0.160661 0.353702 0.935358 -1.409436 0.361526 0.160661 -0.987010 0.935358 0.353702 0.387456 77.491216 0.248690 0.227054 100.000000 0.227054 0.016977 3.395366 -0.968583 0.010357 100.000000 0.010357 1.420596 284.119175 0.766800 -4.133604 100.000000 -4.133604 0.128320 25.663972 0.303042 7.180968 100.000000 7.180968
 4.000000 -0.980384 0.197099 0.314408 0.949288 -1.372398 0.319832 0.197099 -0.980384 0.949288 0.314408 0.133080 26.616007 0.248690 0.227054 100.000000 0.227054 0.006962 1.392493 -0.968583 0.010357 100.000000 0.010357 0.790636 158.127115 0.823539 -4.958252 100.000000 -4.958252 0.362084 72.416768 0.229309 7.681882 100.000000 7.681882
 4.200000 -0.937159 0.348904 0.040511 0.999179 -1.214395 0.040522 0.348904 -0.937159 0.999179 0.040511 0.502142 100.428451 0.248690 0.227054 100.000000 0.227054 0.049375 9.875085 -0.968583 0.010357 100.000000 0.010357 0.706859 141.371799 0.880279 -5.618523 100.000000 -5.618523 0.662001 132.400197 0.155577 8.012948 100.000000 8.012948
 4.400000 -0.963750 0.266808 0.027984 0.999608 -1.300717 0.027988 0.266808 -0.963750 0.999608 0.027984 0.016414 3.282776 0.248690 0.227054 100.000000 0.227054 0.001168 0.233632 -0.968583 0.010357 100.000000 0.010357 0.195872 39.174398 0.937019 -6.035637 100.000000 -6.035637 0.145043 29.008691 0.081844 8.339007 100.000000 8.339007
 4.600000 -0.968790 0.247883 0.038483 0.999259 -1.320302 0.038492 0.247883 -0.968790 0.999259 0.038483 0.000033 0.006516 0.248690 0.227054 100.000000 0.227054 0.000002 0.000428 -0.968583 0.010357 100.000000 0.010357 0.001513 0.302571 0.993759 -6.183236 100.000000 -6.183236 0.046123 9.224510 0.008111 8.806314 100.000000 8.806314
 4.800000 -0.977041 0.213050 0.204192 0.978931 -1.356100 0.205638 0.213050 -0.977041 0.978931 0.204192 0.063509 12.701756 0.248690 0.227054 100.000000 0.227054 0.003577 0.715387 -0.968583 0.010357 100.000000 0.010357 0.022195 4.439055 1.000000 -6.185032 100.000000 -6.185032 2.084711 416.942252 0.000000 8.814853 100.000000 8.814853
 5.000000 -0.980581 0.196114 -0.107519 0.994203 -1.373403 -0.107728 0.196114 -0.980581 0.994203 -0.107519 0.138211 27.642277 0.248690 0.227054 100.000000 0.227054 0.007198 1.439508 -0.968583 0.010357 100.000000 0.010357 0.001680 0.336052 1.000000 -6.185032 100.000000 -6.185032 0.578020 115.603910 0.000000 8.814853 100.000000 8.814853
 5.200000 -0.963977 0.265985 0.069924 0.997552 -1.301571 0.069981 0.265985 -0.963977 0.997552 0.069924 0.014956 2.991162 0.248690 0.227054 100.000000 0.227054 0.001061 0.212148 -0.968583 0.010357 100.000000 0.010357 0.000300 0.059910 1.000000 -6.185032 100.000000 -6.185032 0.244466 48.893190 0.000000 8.814853 100.000000 8.814853
 5.400000 -0.940028 0.341097 0.086004 0.996295 -1.222713 0.086111 0.341097 -0.940028 0.996295 0.086004 0.426953 85.390505 0.248690 0.227054 100.000000 0.227054 0.040769 8.153886 -0.968583 0.010357 100.000000 0.010357 0.000686 0.137287 1.000000 -6.185032 100.000000 -6.185032 0.369837 73.967367 0.000000 8.814853 100.000000 8.814853
 5.600000 -0.984145 0.177367 0.023706 0.999719 -1.392486 0.023709 0.177367 -0.984145 0.999719 0.023706 0.254346 50.869130 0.248690 0.227054 100.000000 0.227054 0.012108 2.421623 -0.968583 0.010357 100.000000 0.010357 0.000004 0.000790 1.000000 -6.185032 100.000000 -6.185032 0.028100 5.619955 0.000000 8.814853 100.000000 8.814853
 5.800000 -0.983831 0.179097 0.103338 0.994646 -1.390728 0.103523 0.179097 -0.983831 0.994646 0.103338 0.242160 48.432010 0.248690 0.227054 100.000000 0.227054 0.011626 2.325107 -0.968583 0.010357 100.000000 0.010357 0.001433 0.286624 1.000000 -6.185032 100.000000 -6.185032 0.533940 106.787988 0.000000 8.814853 100.000000 8.814853
 6.000000 -0.924283 0.381708 0.146451 0.989218 -1.179153 0.146980 0.381708 -0.924283 0.989218 0.146451 0.884695 176.938911 0.248690 0.227054 100.000000 0.227054 0.098126 19.625172 -0.968583 0.010357 100.000000 0.010357 0.005813 1.162538 1.000000 -6.185032 100.000000 -6.185032 1.072398 214.479534 0.000000 8.814853 100.000000 8.814853
 6.200000 -0.945314 0.326163 0.024854 0.999691 -1.238555 0.024857 0.326163 -0.945314 0.999691 0.024854 0.300104 60.020846 0.248690 0.227054 100.000000 0.227054 0.027074 5.414752 -0.968583 0.010357 100.000000 0.010357 0.000005 0.000954 1.000000 -6.185032 100.000000 -6.185032 0.030887 6.177316 0.000000 8.814853 100.000000 8.814853
 6.400000 -0.991138 0.132833 -0.095338 0.995445 -1.437570 -0.095483 0.132833 -0.991138 0.995445 -0.095338 0.671146 134.229259 0.248690 0.227054 100.000000 0.227054 0.025437 5.087431 -0.968583 0.010357 100.000000 0.010357 0.001037 0.207485 1.000000 -6.185032 100.000000 -6.185032 0.454468 90.893649 0.000000 8.814853 100.000000 8.814853
 6.600000 -0.958409 0.285400 0.108932 0.994049 -1.281373 0.109148 0.285400 -0.958409 0.994049 0.108932 0.067380 13.476085 0.248690 0.227054 100.000000 0.227054 0.005176 1.035219 -0.968583 0.010357 100.000000 0.010357 0.001771 0.354116 1.000000 -6.185032 100.000000 -6.185032 0.593306 118.661119 0.000000 8.814853 100.000000 8.814853
 6.800000 -0.960496 0.278295 0.167908 0.985803 -1.288778 0.168707 0.278295 -0.960496 0.985803 0.167908 0.043823 8.764605 0.248690 0.227054 100.000000 0.227054 0.003270 0.654077 -0.968583 0.010357 100.000000 0.010357 0.010078 2.015620 1.000000 -6.185032 100.000000 -6.185032 1.409647 281.929470 0.000000 8.814853 100.000000 8.814853
 7.000000 -0.966094 0.258190 0.098976 0.995090 -1.309648 0.099138 0.258190 -0.966094 0.995090 0.098976 0.004512 0.902485 0.248690 0.227054 100.000000 0.227054 0.000310 0.061949 -0.968583 0.010357 100.000000 0.010357 0.001205 0.241099 1.000000 -6.185032 100.000000 -6.185032 0.489812 97.962471 0.000000 8.814853 100.000000 8.814853
 7.200000 -0.965406 0.260751 -0.067864 0.997695 -1.306997 -0.067917 0.260751 -0.965406 0.997695 -0.067864 0.007273 1.454610 0.248690 0.227054 100.000000 0.227054 0.000505 0.100931 -0.968583 0.010357 100.000000 0.010357 0.000266 0.053151 1.000000 -6.185032 100.000000 -6.185032 0.230279 46.055717 0.000000 8.814853 100.000000 8.814853
 7.400000 -0.947214 0.320602 0.053417 0.998572 -1.244432 0.053442 0.320602 -0.947214 0.998572 0.053417 0.258565 51.712907 0.248690 0.227054 100.000000 0.227054 0.022832 4.566350 -0.968583 0.010357 100.000000 0.010357 0.000102 0.020383 1.000000 -6.185032 100.000000 -6.185032 0.142668 28.533657 0.000000 8.814853 100.000000 8.814853
 7.600000 -0.970279 0.241990 0.035868 0.999357 -1.326381 0.035876 0.241990 -0.970279 0.999357 0.035868 0.002245 0.448949 0.248690 0.227054 100.000000 0.227054 0.000144 0.028754 -0.968583 0.010357 100.000000 0.010357 0.000021 0.004141 1.000000 -6.185032 100.000000 -6.185032 0.064327 12.865425 0.000000 8.814853 100.000000 8.814853
 7.800000 -0.966175 0.257885 0.126058 0.992023 -1.309963 0.126395 0.257885 -0.966175 0.992023 0.126058 0.004228 0.845589 0.248690 0.227054 100.000000 0.227054 0.000290 0.057969 -0.968583 0.010357 100.000000 0.010357 0.003182 0.636352 1.000000 -6.185032 100.000000 -6.185032 0.794535 158.907007 0.000000 8.814853 100.000000 8.814853
 8.000000 -0.977812 0.209485 0.152853 0.988249 -1.359748 0.153454 0.209485 -0.977812 0.988249 0.152853 0.076851 15.370172 0.248690 0.227054 100.000000 0.227054 0.004258 0.851686 -0.968583 0.010357 100.000000 0.010357 0.006904 1.380858 1.000000 -6.185032 100.000000 -6.185032 1.168195 233.639008 0.000000 8.814853 100.000000 8.814853
 8.200000 -0.906621 0.421945 -0.089091 0.996024 -1.135206 -0.089209 0.421945 -0.906621 0.996024 -0.089091 1.500871 300.174242 0.248690 0.227054 100.000000 0.227054 0.191964 38.392711 -0.968583 0.010357 100.000000 0.010357 0.000791 0.158124 1.000000 -6.185032 100.000000 -6.185032 0.396858 79.371575 0.000000 8.814853 100.000000 8.814853
 8.400000 -0.962780 0.270286 -0.136054 0.990701 -1.297106 -0.136477 0.270286 -0.962780 0.990701 -0.136054 0.023319 4.663834 0.248690 0.227054 100.000000 0.227054 0.001684 0.336751 -0.968583 0.010357 100.000000 0.010357 0.004323 0.864626 1.000000 -6.185032 100.000000 -6.185032 0.925530 185.105914 0.000000 8.814853 100.000000 8.814853
 8.600000 -0.956970 0.290186 0.060603 0.998162 -1.276375 0.060640 0.290186 -0.956970 0.998162 0.060603 0.086098 17.219509 0.248690 0.227054 100.000000 0.227054 0.006743 1.348614 -0.968583 0.010357 100.000000 0.010357 0.000169 0.033784 1.000000 -6.185032 100.000000 -6.185032 0.183635 36.726983 0.000000 8.814853 100.000000 8.814853
 8.800000 -0.976337 0.216255 0.099705 0.995017 -1.352819 0.099870 0.216255 -0.976337 0.995017 0.099705 0.052600 10.520083 0.248690 0.227054 100.000000 0.227054 0.003006 0.601200 -0.968583 0.010357 100.000000 0.010357 0.001241 0.248294 1.000000 -6.185032 100.000000 -6.185032 0.497050 99.409903 0.000000 8.814853 100.000000 8.814853
 9.000000 -0.961087 0.276247 -0.032303 0.999478 -1.290910 -0.032309 0.276247 -0.961087 0.999478 -0.032303 0.037969 7.593727 0.248690 0.227054 100.000000 0.227054 0.002810 0.561956 -0.968583 0.010357 100.000000 0.010357 0.000014 0.002724 1.000000 -6.185032 100.000000 -6.185032 0.052174 10.434880 0.000000 8.814853 100.000000 8.814853
 9.200000 -0.974150 0.225902 -0.119737 0.992806 -1.342928 -0.120025 0.225902 -0.974150 0.992806 -0.119737 0.025965 5.193069 0.248690 0.227054 100.000000 0.227054 0.001550 0.309911 -0.968583 0.010357 100.000000 0.010357 0.002588 0.517580 1.000000 -6.185032 100.000000 -6.185032 0.716842 143.368433 0.000000 8.814853 100.000000 8.814853
 9.400000 -0.954743 0.297433 -0.059554 0.998225 -1.268794 -0.059589 0.297433 -0.954743 0.998225 -0.059554 0.118793 23.758694 0.248690 0.227054 100.000000 0.227054 0.009578 1.915566 -0.968583 0.010357 100.000000 0.010357 0.000158 0.031502 1.000000 -6.185032 100.000000 -6.185032 0.177332 35.466374 0.000000 8.814853 100.000000 8.814853
 9.600000 -0.974404 0.224803 0.034819 0.999394 -1.344055 0.034826 0.224803 -0.974404 0.999394 0.034819 0.028529 5.705718 0.248690 0.227054 100.000000 0.227054 0.001694 0.338842 -0.968583 0.010357 100.000000 0.010357 0.000018 0.003677 1.000000 -6.185032 100.000000 -6.185032 0.060618 12.123567 0.000000 8.814853 100.000000 8.814853
 9.800000 -0.983486 0.180982 0.146048 0.989278 -1.388811 0.146572 0.180982 -0.983486 0.989278 0.146048 0.229216 45.843144 0.248690 0.227054 100.000000 0.227054 0.011105 2.221050 -0.968583 0.010357 100.000000 0.010357 0.005749 1.149715 1.000000 -6.185032 100.000000 -6.185032 1.066499 213.299806 0.000000 8.814853 100.000000 8.814853
 10.000000 -0.960070 0.279761 -0.028317 0.999599 -1.287251 -0.028321 0.279761 -0.960070 0.999599 -0.028317 0.048271 9.654140 0.248690 0.227054 100.000000 0.227054 0.003624 0.724794 -0.968583 0.010357 100.000000 0.010357 0.000008 0.001608 1.000000 -6.185032 100.000000 -6.185032 0.040093 8.018533 0.000000 8.814853 100.000000 8.814853
 10.200000 -0.978367 0.206878 0.046370 0.998924 -1.362414 0.046386 0.206878 -0.978367 0.998924 0.046370 0.087412 17.482395 0.248690 0.227054 100.000000 0.227054 0.004786 0.957188 -0.968583 0.010357 100.000000 0.010357 0.000058 0.011570 1.000000 -6.185032 100.000000 -6.185032 0.107507 21.501415 0.000000 8.814853 100.000000 8.814853
 10.400000 -0.912596 0.408862 0.056129 0.998424 -1.149590 0.056159 0.408862 -0.912596 0.998424 0.056129 1.282749 256.549767 0.248690 0.227054 100.000000 0.227054 0.156726 31.345171 -0.968583 0.010357 100.000000 0.010357 0.000124 0.024853 1.000000 -6.185032 100.000000 -6.185032 0.157525 31.505099 0.000000 8.814853 100.000000 8.814853
 10.600000 -0.985032 0.172372 0.072717 0.997353 -1.397559 0.072781 0.172372 -0.985032 0.997353 0.072717 0.291222 58.244370 0.248690 0.227054 100.000000 0.227054 0.013528 2.705625 -0.968583 0.010357 100.000000 0.010357 0.000350 0.070085 1.000000 -6.185032 100.000000 -6.185032 0.264385 52.876993 0.000000 8.814853 100.000000 8.814853
 10.800000 -0.969548 0.244900 0.053627 0.998561 -1.323379 0.053653 0.244900 -0.969548 0.998561 0.053627 0.000718 0.143611 0.248690 0.227054 100.000000 0.227054 0.000047 0.009314 -0.968583 0.010357 100.000000 0.010357 0.000104 0.020706 1.000000 -6.185032 100.000000 -6.185032 0.143792 28.758467 0.000000 8.814853 100.000000 8.814853
 11.000000 -0.953847 0.300294 -0.003494 0.999994 -1.265795 -0.003494 0.300294 -0.953847 0.999994 -0.003494 0.133149 26.629879 0.248690 0.227054 100.000000 0.227054 0.010858 2.171638 -0.968583 0.010357 100.000000 0.010357 0.000000 0.000000 1.000000 -6.185032 100.000000 -6.185032 0.000610 0.122053 0.000000 8.814853 100.000000 8.814853
 11.200000 -0.970379 0.241589 0.079620 0.996825 -1.326793 0.079704 0.241589 -0.970379 0.996825 0.079620 0.002521 0.504186 0.248690 0.227054 100.000000 0.227054 0.000161 0.032236 -0.968583 0.010357 100.000000 0.010357 0.000504 0.100787 1.000000 -6.185032 100.000000 -6.185032 0.316966 63.393181 0.000000 8.814853 100.000000 8.814853
 11.400000 -0.950833 0.309705 0.103913 0.994586 -1.255914 0.104101 0.309705 -0.950833 0.994586 0.103913 0.186142 37.228436 0.248690 0.227054 100.000000 0.227054 0.015754 3.150790 -0.968583 0.010357 100.000000 0.010357 0.001465 0.293069 1.000000 -6.185032 100.000000 -6.185032 0.539893 107.978560 0.000000 8.814853 100.000000 8.814853
 11.600000 -0.991209 0.132302 0.158616 0.987340 -1.438105 0.159289 0.132302 -0.991209 0.987340 0.158616 0.677307 135.461371 0.248690 0.227054 100.000000 0.227054 0.025597 5.119490 -0.968583 0.010357 100.000000 0.010357 0.008013 1.602674 1.000000 -6.185032 100.000000 -6.185032 1.257954 251.590832 0.000000 8.814853 100.000000 8.814853
 11.800000 -0.935257 0.353969 0.062896 0.998020 -1.208985 0.062938 0.353969 -0.935257 0.998020 0.062896 0.554185 110.836912 0.248690 0.227054 100.000000 0.227054 0.055531 11.106226 -0.968583 0.010357 100.000000 0.010357 0.000196 0.039201 1.000000 -6.185032 100.000000 -6.185032 0.197797 39.559317 0.000000 8.814853 100.000000 8.814853
 12.000000 -0.960705 0.277571 -0.029153 0.999575 -1.289532 -0.029157 0.277571 -0.960705 0.999575 -0.029153 0.041706 8.341103 0.248690 0.227054 100.000000 0.227054 0.003103 0.620628 -0.968583 0.010357 100.000000 0.010357 0.000009 0.001807 1.000000 -6.185032 100.000000 -6.185032 0.042494 8.498851 0.000000 8.814853 100.000000 8.814853
 12.200000 -0.925845 0.377905 -0.023723 0.999719 -1.183264 -0.023725 0.377905 -0.925845 0.999719 -0.023723 0.834822 166.964387 0.248690 0.227054 100.000000 0.227054 0.091329 18.265892 -0.968583 0.010357 100.000000 0.010357 0.000004 0.000792 1.000000 -6.185032 100.000000 -6.185032 0.028139 5.627761 0.000000 8.814853 100.000000 8.814853
 12.400000 -0.960189 0.279351 0.037750 0.999287 -1.287678 0.037759 0.279351 -0.960189 0.999287 0.037750 0.047007 9.401318 0.248690 0.227054 100.000000 0.227054 0.003523 0.704633 -0.968583 0.010357 100.000000 0.010357 0.000025 0.005081 1.000000 -6.185032 100.000000 -6.185032 0.071255 14.250956 0.000000 8.814853 100.000000 8.814853
 12.600000 -0.981484 0.191544 -0.048020 0.998846 -1.378061 -0.048038 0.191544 -0.981484 0.998846 -0.048020 0.163280 32.656022 0.248690 0.227054 100.000000 0.227054 0.008322 1.664301 -0.968583 0.010357 100.000000 0.010357 0.000067 0.013308 1.000000 -6.185032 100.000000 -6.185032 0.115295 23.058920 0.000000 8.814853 100.000000 8.814853
 12.800000 -0.959031 0.283301 0.070563 0.997507 -1.283562 0.070621 0.283301 -0.959031 0.997507 0.070563 0.059898 11.979532 0.248690 0.227054 100.000000 0.227054 0.004562 0.912449 -0.968583 0.010357 100.000000 0.010357 0.000311 0.062133 1.000000 -6.185032 100.000000 -6.185032 0.248954 49.790713 0.000000 8.814853 100.000000 8.814853
 13.000000 -0.979898 0.199500 0.097775 0.995209 -1.369949 0.097932 0.199500 -0.979898 0.995209 0.097775 0.120983 24.196634 0.248690 0.227054 100.000000 0.227054 0.006401 1.280225 -0.968583 0.010357 100.000000 0.010357 0.001148 0.229584 1.000000 -6.185032 100.000000 -6.185032 0.478001 95.600180 0.000000 8.814853 100.000000 8.814853
 13.200000 -0.959359 0.282190 -0.081203 0.996698 -1.284720 -0.081293 0.282190 -0.959359 0.996698 -0.081203 0.056112 11.222419 0.248690 0.227054 100.000000 0.227054 0.004255 0.850924 -0.968583 0.010357 100.000000 0.010357 0.000545 0.109060 1.000000 -6.185032 100.000000 -6.185032 0.329697 65.939481 0.000000 8.814853 100.000000 8.814853
 13.400000 -0.984110 0.177559 0.044588 0.999005 -1.392291 0.044603 0.177559 -0.984110 0.999005 0.044588 0.252980 50.596059 0.248690 0.227054 100.000000 0.227054 0.012054 2.410877 -0.968583 0.010357 100.000000 0.010357 0.000049 0.009891 1.000000 -6.185032 100.000000 -6.185032 0.099404 19.880796 0.000000 8.814853 100.000000 8.814853
 13.600000 -0.927839 0.372982 -0.057015 0.998373 -1.188576 -0.057045 0.372982 -0.927839 0.998373 -0.057015 0.772423 154.484582 0.248690 0.227054 100.000000 0.227054 0.083006 16.601116 -0.968583 0.010357 100.000000 0.010357 0.000132 0.026460 1.000000 -6.185032 100.000000 -6.185032 0.162533 32.506538 0.000000 8.814853 100.000000 8.814853
 13.800000 -0.987078 0.160238 0.023066 0.999734 -1.409865 0.023068 0.160238 -0.987078 0.999734 0.023066 0.391190 78.237925 0.248690 0.227054 100.000000 0.227054 0.017104 3.420761 -0.968583 0.010357 100.000000 0.010357 0.000004 0.000708 1.000000 -6.185032 100.000000 -6.185032 0.026602 5.320336 0.000000 8.814853 100.000000 8.814853
 14.000000 -0.969047 0.246876 0.011831 0.999930 -1.321341 0.011831 0.246876 -0.969047 0.999930 0.011831 0.000164 0.032884 0.248690 0.227054 100.000000 0.227054 0.000011 0.002151 -0.968583 0.010357 100.000000 0.010357 0.000000 0.000049 1.000000 -6.185032 100.000000 -6.185032 0.006998 1.399623 0.000000 8.814853 100.000000 8.814853
 14.200000 -0.970338 0.241752 0.040280 0.999188 -1.326625 0.040291 0.241752 -0.970338 0.999188 0.040280 0.002407 0.481360 0.248690 0.227054 100.000000 0.227054 0.000154 0.030798 -0.968583 0.010357 100.000000 0.010357 0.000033 0.006586 1.000000 -6.185032 100.000000 -6.185032 0.081124 16.224847 0.000000 8.814853 100.000000 8.814853
 14.400000 -0.954762 0.297370 -0.073220 0.997316 -1.268860 -0.073286 0.297370 -0.954762 0.997316 -0.073220 0.118486 23.697260 0.248690 0.227054 100.000000 0.227054 0.009551 1.910133 -0.968583 0.010357 100.000000 0.010357 0.000360 0.072049 1.000000 -6.185032 100.000000 -6.185032 0.268059 53.611790 0.000000 8.814853 100.000000 8.814853
 14.600000 -0.988773 0.149428 -0.021357 0.999772 -1.420806 -0.021358 0.149428 -0.988773 0.999772 -0.021357 0.492642 98.528463 0.248690 0.227054 100.000000 0.227054 0.020381 4.076115 -0.968583 0.010357 100.000000 0.010357 0.000003 0.000520 1.000000 -6.185032 100.000000 -6.185032 0.022806 4.561131 0.000000 8.814853 100.000000 8.814853
 14.800000 -0.964842 0.262830 0.068323 0.997663 -1.304842 0.068377 0.262830 -0.964842 0.997663 0.068323 0.009997 1.999478 0.248690 0.227054 100.000000 0.227054 0.000700 0.139955 -0.968583 0.010357 100.000000 0.010357 0.000273 0.054605 1.000000 -6.185032 100.000000 -6.185032 0.233403 46.680649 0.000000 8.814853 100.000000 8.814853
 15.000000 -0.975994 0.217798 0.107487 0.994207 -1.351238 0.107695 0.217798 -0.975994 0.994207 0.107487 0.047714 9.542894 0.248690 0.227054 100.000000 0.227054 0.002746 0.549176 -0.968583 0.010357 100.000000 0.010357 0.001678 0.335645 1.000000 -6.185032 100.000000 -6.185032 0.577670 115.534089 0.000000 8.814853 100.000000 8.814853
 15.200000 -0.919438 0.393235 0.013755 0.999905 -1.166648 0.013756 0.393235 -0.919438 0.999905 0.013755 1.044671 208.934154 0.248690 0.227054 100.000000 0.227054 0.120763 24.152652 -0.968583 0.010357 100.000000 0.010357 0.000000 0.000090 1.000000 -6.185032 100.000000 -6.185032 0.009460 1.892053 0.000000 8.814853 100.000000 8.814853
 15.400000 -0.963088 0.269188 -0.086700 0.996235 -1.298247 -0.086809 0.269188 -0.963088 0.996235 -0.086700 0.021008 4.201615 0.248690 0.227054 100.000000 0.227054 0.001510 0.301998 -0.968583 0.010357 100.000000 0.010357 0.000709 0.141790 1.000000 -6.185032 100.000000 -6.185032 0.375841 75.168196 0.000000 8.814853 100.000000 8.814853
 15.600000 -0.962573 0.271022 0.086925 0.996215 -1.296342 0.087034 0.271022 -0.962573 0.996215 0.086925 0.024935 4.987065 0.248690 0.227054 100.000000 0.227054 0.001806 0.361189 -0.968583 0.010357 100.000000 0.010357 0.000716 0.143270 1.000000 -6.185032 100.000000 -6.185032 0.377794 75.558770 0.000000 8.814853 100.000000 8.814853
 15.800000 -0.952300 0.305165 0.055355 0.998467 -1.260685 0.055384 0.305165 -0.952300 0.998467 0.055355 0.159472 31.894321 0.248690 0.227054 100.000000 0.227054 0.013258 2.651573 -0.968583 0.010357 100.000000 0.010357 0.000118 0.023510 1.000000 -6.185032 100.000000 -6.185032 0.153211 30.642131 0.000000 8.814853 100.000000 8.814853
 16.000000 -0.945272 0.326284 0.086627 0.996241 -1.238427 0.086736 0.326284 -0.945272 0.996241 0.086627 0.301043 60.208567 0.248690 0.227054 100.000000 0.227054 0.027171 5.434212 -0.968583 0.010357 100.000000 0.010357 0.000707 0.141314 1.000000 -6.185032 100.000000 -6.185032 0.375210 75.042064 0.000000 8.814853 100.000000 8.814853
 16.200000 -0.968855 0.247628 0.043081 0.999072 -1.320565 0.043094 0.247628 -0.968855 0.999072 0.043081 0.000056 0.011284 0.248690 0.227054 100.000000 0.227054 0.000004 0.000741 -0.968583 0.010357 100.000000 0.010357 0.000043 0.008619 1.000000 -6.185032 100.000000 -6.185032 0.092797 18.559354 0.000000 8.814853 100.000000 8.814853
 16.400000 -0.978133 0.207981 -0.048251 0.998835 -1.361286 -0.048270 0.207981 -0.978133 0.998835 -0.048251 0.082860 16.572055 0.248690 0.227054 100.000000 0.227054 0.004560 0.911965 -0.968583 0.010357 100.000000 0.010357 0.000068 0.013567 1.000000 -6.185032 100.000000 -6.185032 0.116408 23.281624 0.000000 8.814853 100.000000 8.814853
 16.600000 -0.950384 0.311080 0.089153 0.996018 -1.254467 0.089272 0.311080 -0.950384 0.996018 0.089153 0.194628 38.925579 0.248690 0.227054 100.000000 0.227054 0.016561 3.312223 -0.968583 0.010357 100.000000 0.010357 0.000793 0.158568 1.000000 -6.185032 100.000000 -6.185032 0.397413 79.482669 0.000000 8.814853 100.000000 8.814853
 16.800000 -0.966165 0.257924 0.222744 0.974877 -1.309924 0.224628 0.257924 -0.966165 0.974877 0.222744 0.004263 0.852623 0.248690 0.227054 100.000000 0.227054 0.000292 0.058460 -0.968583 0.010357 100.000000 0.010357 0.031558 6.311633 1.000000 -6.185032 100.000000 -6.185032 2.480738 496.147640 0.000000 8.814853 100.000000 8.814853
 17.000000 -0.969278 0.245968 0.041837 0.999124 -1.322278 0.041849 0.245968 -0.969278 0.999124 0.041837 0.000370 0.074083 0.248690 0.227054 100.000000 0.227054 0.000024 0.004827 -0.968583 0.010357 100.000000 0.010357 0.000038 0.007666 1.000000 -6.185032 100.000000 -6.185032 0.087516 17.503228 0.000000 8.814853 100.000000 8.814853
 17.200000 -0.985139 0.171761 -0.063772 0.997965 -1.398179 -0.063815 0.171761 -0.985139 0.997965 -0.063772 0.295901 59.180107 0.248690 0.227054 100.000000 0.227054 0.013704 2.740826 -0.968583 0.010357 100.000000 0.010357 0.000207 0.041432 1.000000 -6.185032 100.000000 -6.185032 0.203342 40.668441 0.000000 8.814853 100.000000 8.814853
 17.400000 -0.913169 0.407582 0.057924 0.998321 -1.150992 0.057956 0.407582 -0.913169 0.998321 0.057924 1.262332 252.466315 0.248690 0.227054 100.000000 0.227054 0.153538 30.707611 -0.968583 0.010357 100.000000 0.010357 0.000141 0.028190 1.000000 -6.185032 100.000000 -6.185032 0.167757 33.551426 0.000000 8.814853 100.000000 8.814853
 17.600000 -0.961890 0.273437 0.004095 0.999992 -1.293832 0.004095 0.273437 -0.961890 0.999992 0.004095 0.030622 6.124308 0.248690 0.227054 100.000000 0.227054 0.002240 0.448004 -0.968583 0.010357 100.000000 0.010357 0.000000 0.000001 1.000000 -6.185032 100.000000 -6.185032 0.000838 0.167682 0.000000 8.814853 100.000000 8.814853
 17.800000 -0.985679 0.168634 -0.118155 0.992995 -1.401352 -0.118432 0.168634 -0.985679 0.992995 -0.118155 0.320445 64.089078 0.248690 0.227054 100.000000 0.227054 0.014613 2.922574 -0.968583 0.010357 100.000000 0.010357 0.002453 0.490677 1.000000 -6.185032 100.000000 -6.185032 0.698030 139.605958 0.000000 8.814853 100.000000 8.814853
 18.000000 -0.971492 0.237073 0.107316 0.994225 -1.331445 0.107523 0.237073 -0.971492 0.994225 0.107316 0.006748 1.349610 0.248690 0.227054 100.000000 0.227054 0.000423 0.084610 -0.968583 0.010357 100.000000 0.010357 0.001668 0.333507 1.000000 -6.185032 100.000000 -6.185032 0.575833 115.166539 0.000000 8.814853 100.000000 8.814853
 18.200000 -0.980863 0.194697 -0.017920 0.999839 -1.374848 -0.017921 0.194697 -0.980863 0.999839 -0.017920 0.145761 29.152164 0.248690 0.227054 100.000000 0.227054 0.007540 1.508044 -0.968583 0.010357 100.000000 0.010357 0.000001 0.000258 1.000000 -6.185032 100.000000 -6.185032 0.016057 3.211372 0.000000 8.814853 100.000000 8.814853
 18.400000 -0.967834 0.251591 -0.041489 0.999139 -1.316472 -0.041501 0.251591 -0.967834 0.999139 -0.041489 0.000421 0.084176 0.248690 0.227054 100.000000 0.227054 0.000028 0.005618 -0.968583 0.010357 100.000000 0.010357 0.000037 0.007414 1.000000 -6.185032 100.000000 -6.185032 0.086066 17.213174 0.000000 8.814853 100.000000 8.814853
 18.600000 -0.975300 0.220882 0.030727 0.999528 -1.348077 0.030732 0.220882 -0.975300 0.999528 0.030727 0.038663 7.732544 0.248690 0.227054 100.000000 0.227054 0.002256 0.451218 -0.968583 0.010357 100.000000 0.010357 0.000011 0.002230 1.000000 -6.185032 100.000000 -6.185032 0.047207 9.441332 0.000000 8.814853 100.000000 8.814853
 18.800000 -0.924575 0.381000 -0.009893 0.999951 -1.179918 -0.009893 0.381000 -0.924575 0.999951 -0.009893 0.875303 175.060521 0.248690 0.227054 100.000000 0.227054 0.096836 19.367267 -0.968583 0.010357 100.000000 0.010357 0.000000 0.000024 1.000000 -6.185032 100.000000 -6.185032 0.004894 0.978711 0.000000 8.814853 100.000000 8.814853
 19.000000 -0.978591 0.205815 -0.035405 0.999373 -1.363500 -0.035413 0.205815 -0.978591 0.999373 -0.035405 0.091915 18.382952 0.248690 0.227054 100.000000 0.227054 0.005008 1.001571 -0.968583 0.010357 100.000000 0.010357 0.000020 0.003931 1.000000 -6.185032 100.000000 -6.185032 0.062677 12.535357 0.000000 8.814853 100.000000 8.814853
 19.200000 -0.952372 0.304938 0.061138 0.998129 -1.260923 0.061177 0.304938 -0.952372 0.998129 0.061138 0.158194 31.638823 0.248690 0.227054 100.000000 0.227054 0.013140 2.627981 -0.968583 0.010357 100.000000 0.010357 0.000175 0.034995 1.000000 -6.185032 100.000000 -6.185032 0.186895 37.378988 0.000000 8.814853 100.000000 8.814853
 19.400000 -0.959251 0.282557 0.135413 0.990789 -1.284338 0.135831 0.282557 -0.959251 0.990789 0.135413 0.057348 11.469639 0.248690 0.227054 100.000000 0.227054 0.004355 0.870970 -0.968583 0.010357 100.000000 0.010357 0.004242 0.848393 1.000000 -6.185032 100.000000 -6.185032 0.916841 183.368134 0.000000 8.814853 100.000000 8.814853
 19.600000 -0.970708 0.240261 -0.005534 0.999985 -1.328161 -0.005534 0.240261 -0.970708 0.999985 -0.005534 0.003552 0.710411 0.248690 0.227054 100.000000 0.227054 0.000226 0.045160 -0.968583 0.010357 100.000000 0.010357 0.000000 0.000002 1.000000 -6.185032 100.000000 -6.185032 0.001531 0.306203 0.000000 8.814853 100.000000 8.814853
 19.800000 -0.949869 0.312647 0.133568 0.991040 -1.252818 0.133969 0.312647 -0.949869 0.991040 0.133568 0.204526 40.905125 0.248690 0.227054 100.000000 0.227054 0.017510 3.502053 -0.968583 0.010357 100.000000 0.010357 0.004014 0.802884 1.000000 -6.185032 100.000000 -6.185032 0.892024 178.404727 0.000000 8.814853 100.000000 8.814853
 20.000000 -0.965522 0.260320 0.144829 0.989457 -1.307442 0.145340 0.260320 -0.965522 0.989457 0.144829 0.006763 1.352697 0.248690 0.227054 100.000000 0.227054 0.000468 0.093690 -0.968583 0.010357 100.000000 0.010357 0.005558 1.111603 1.000000 -6.185032 100.000000 -6.185032 1.048768 209.753605 0.000000 8.814853 100.000000 8.814853
