#! FIELDS time sin_phi cos_phi sin_psi cos_psi phi psi cos_phi sin_phi cos_psi sin_psi restraint_phi_cos.bias restraint_phi_cos.force2 restraint_phi_cos.cos_phi_cntr restraint_phi_cos.cos_phi_work restraint_phi_cos.cos_phi_kappa restraint_phi_cos.work restraint_phi_sin.bias restraint_phi_sin.force2 restraint_phi_sin.sin_phi_cntr restraint_phi_sin.sin_phi_work restraint_phi_sin.sin_phi_kappa restraint_phi_sin.work restraint_psi_cos.bias restraint_psi_cos.force2 restraint_psi_cos.cos_psi_cntr restraint_psi_cos.cos_psi_work restraint_psi_cos.cos_psi_kappa restraint_psi_cos.work restraint_psi_sin.bias restraint_psi_sin.force2 restraint_psi_sin.sin_psi_cntr restraint_psi_sin.sin_psi_work restraint_psi_sin.sin_psi_kappa restraint_psi_sin.work
#! SET min_phi -pi
#! SET max_phi pi
#! SET min_psi -pi
#! SET max_psi pi
 0.000000 -0.999983 -0.005782 0.966116 0.258110 -1.576579 1.309731 -0.005782 -0.999983 0.258110 0.966116 0.000000 0.000000 -0.009747 0.000000 0.000000 0.000000 0.000000 0.000000 -0.999953 0.000000 0.000000 0.000000 0.000000 0.000000 0.256142 0.000000 0.000000 0.000000 0.000000 0.000000 0.966639 0.000000 0.000000 0.000000
 0.200000 -0.999087 0.042711 0.766423 0.642337 -1.528072 0.873253 0.042711 -0.999087 0.642337 0.766423 0.013759 0.275182 -0.009747 0.257002 10.000000 0.257002 0.000004 0.000075 -0.999953 0.005187 10.000000 0.005187 0.745730 14.914606 0.256142 0.286506 10.000000 0.286506 0.200433 4.008665 0.966639 0.059273 10.000000 0.059273
 0.400000 -0.986266 0.165164 0.978946 0.204118 -1.404872 1.365234 0.165164 -0.986266 0.204118 0.978946 0.305938 12.237523 -0.009747 0.364965 20.000000 0.364965 0.001873 0.074927 -0.999953 0.006203 20.000000 0.006203 0.027066 1.082633 0.256142 0.524219 20.000000 0.524219 0.001515 0.060588 0.966639 0.107379 20.000000 0.107379
 0.600000 -0.999983 0.005855 0.942797 0.333367 -1.564941 1.230924 0.005855 -0.999983 0.333367 0.942797 0.003651 0.219062 -0.009747 0.441467 30.000000 0.441467 0.000000 0.000001 -0.999953 0.006834 30.000000 0.006834 0.089455 5.367305 0.256142 0.612925 30.000000 0.612925 0.008527 0.511597 0.966639 0.114267 30.000000 0.114267
 0.800000 -0.999875 -0.015819 0.990277 0.139111 -1.586616 1.431233 -0.015819 -0.999875 0.139111 0.990277 0.000737 0.058999 -0.009747 0.516237 40.000000 0.516237 0.000000 0.000010 -0.999953 0.007347 40.000000 0.007347 0.273926 21.914101 0.256142 0.718194 40.000000 0.718194 0.011175 0.893986 0.966639 0.129742 40.000000 0.129742
 1.000000 -0.986851 0.161631 0.935159 0.354228 -1.408453 1.208708 0.161631 -0.986851 0.354228 0.935159 0.734255 73.425465 -0.009747 0.579769 50.000000 0.579769 0.004291 0.429104 -0.999953 0.007719 50.000000 0.007719 0.240521 24.052092 0.256142 0.759299 50.000000 0.759299 0.024775 2.477487 0.966639 0.134277 50.000000 0.134277
 1.200000 -0.999908 -0.013568 0.983707 0.179780 -1.584365 1.390034 -0.013568 -0.999908 0.179780 0.983707 0.000438 0.052582 -0.009747 0.605731 60.000000 0.605731 0.000000 0.000007 -0.999953 0.007801 60.000000 0.007801 0.174937 20.992395 0.256142 0.796416 60.000000 0.796416 0.008739 1.048714 0.966639 0.136586 60.000000 0.136586
 1.400000 -0.999972 0.007472 0.983877 0.178848 -1.563325 1.390980 0.007472 -0.999972 0.178848 0.983877 0.010376 1.452691 -0.009747 0.640761 70.000000 0.640761 0.000000 0.000002 -0.999953 0.007898 70.000000 0.007898 0.209103 29.274369 0.256142 0.866340 70.000000 0.866340 0.010400 1.455958 0.966639 0.145689 70.000000 0.145689
 1.600000 -0.999385 -0.035076 0.925854 0.377881 -1.605880 1.183289 -0.035076 -0.999385 0.377881 0.925854 0.025664 4.106229 -0.009747 0.688466 80.000000 0.688466 0.000013 0.002064 -0.999953 0.008110 80.000000 0.008110 0.592816 94.850553 0.256142 0.934748 80.000000 0.934748 0.066537 10.645901 0.966639 0.151108 80.000000 0.151108
 1.800000 -0.999817 -0.019136 0.979314 0.202346 -1.589933 1.367043 -0.019136 -0.999817 0.202346 0.979314 0.003967 0.714050 -0.009747 0.728439 90.000000 0.728439 0.000001 0.000149 -0.999953 0.008305 90.000000 0.008305 0.130231 23.441540 0.256142 1.004023 90.000000 1.004023 0.007229 1.301304 0.966639 0.155876 90.000000 0.155876
 2.000000 -0.999855 0.017039 0.984768 0.173874 -1.553757 1.396034 0.017039 -0.999855 0.173874 0.984768 0.035872 7.174423 -0.009747 0.765980 100.000000 0.765980 0.000000 0.000095 -0.999953 0.008472 100.000000 0.008472 0.338407 67.681452 0.256142 1.085843 100.000000 1.085843 0.016433 3.286572 0.966639 0.165797 100.000000 0.165797
 2.200000 -0.992823 0.119589 0.855614 0.517615 -1.450920 1.026735 0.119589 -0.992823 0.517615 0.855614 2.594181 518.836138 -0.108191 1.327808 100.000000 1.327808 0.004010 0.801954 -0.983868 0.016856 100.000000 0.016856 2.210400 442.079917 0.307358 0.929956 100.000000 0.929956 0.061376 12.275100 0.890649 0.285120 100.000000 0.285120
 2.400000 -0.989780 -0.142603 0.890716 0.454561 -1.713887 1.098917 -0.142603 -0.989780 0.454561 0.890716 0.205004 41.000833 -0.206635 1.746796 100.000000 1.746796 0.024191 4.838180 -0.967784 0.037544 100.000000 0.037544 0.460673 92.134670 0.358574 0.830097 100.000000 0.830097 0.289226 57.845160 0.814660 0.899723 100.000000 0.899723
 2.600000 -0.967293 -0.253663 0.877015 0.480464 -1.827262 1.069613 -0.253663 -0.967293 0.480464 0.877015 0.132181 26.436177 -0.305079 2.454949 100.000000 2.454949 0.012157 2.431337 -0.951700 0.068792 100.000000 0.068792 0.249740 49.947931 0.409790 0.528356 100.000000 0.528356 0.956961 191.392299 0.738670 1.782938 100.000000 1.782938
 2.800000 -0.954761 -0.297373 0.840435 0.541913 -1.872736 0.998085 -0.297373 -0.954761 0.541913 0.840435 0.006779 1.355895 -0.309017 2.474086 100.000000 2.474086 0.000686 0.137267 -0.951057 0.069734 100.000000 0.069734 0.327294 65.458736 0.461006 0.012084 100.000000 0.012084 1.579837 315.967434 0.662680 2.854761 100.000000 2.854761
 3.000000 -0.957936 -0.286980 0.758085 0.652156 -1.861869 0.860371 -0.286980 -0.957936 0.652156 0.758085 0.024281 4.856140 -0.309017 2.474086 100.000000 2.474086 0.002367 0.473338 -0.951057 0.069734 100.000000 0.069734 0.979079 195.815891 0.512222 -0.551100 100.000000 -0.551100 1.468800 293.760015 0.586690 4.180651 100.000000 4.180651
 3.200000 -0.957078 -0.289830 0.738554 0.674194 -1.864845 0.830923 -0.289830 -0.957078 0.674194 0.738554 0.018407 3.681478 -0.309017 2.474086 100.000000 2.474086 0.001813 0.362607 -0.951057 0.069734 100.000000 0.069734 0.613350 122.669944 0.563438 -1.377644 100.000000 -1.377644 2.595859 519.171717 0.510701 5.407542 100.000000 5.407542
 3.400000 -0.971173 -0.238377 0.588006 0.808857 -1.811491 0.628591 -0.238377 -0.971173 0.808857 0.588006 0.249500 49.900029 -0.309017 2.474086 100.000000 2.474086 0.020233 4.046603 -0.951057 0.069734 100.000000 0.069734 1.885746 377.149300 0.614654 -2.314172 100.000000 -2.314172 1.174960 234.992019 0.434711 6.564206 100.000000 6.564206
 3.600000 -0.938075 -0.346432 0.455739 0.890114 -1.924561 0.473202 -0.346432 -0.938075 0.890114 0.455739 0.069993 13.998659 -0.309017 2.474086 100.000000 2.474086 0.008426 1.685154 -0.951057 0.069734 100.000000 0.069734 2.514271 502.854100 0.665869 -3.236242 100.000000 -3.236242 0.470619 94.123897 0.358721 7.868932 100.000000 7.868932
 3.800000 -0.917893 -0.396828 0.398938 0.916978 -1.978855 0.410358 -0.396828 -0.917893 0.916978 0.398938 0.385538 77.107576 -0.309017 2.474086 100.000000 2.474086 0.054991 10.998171 -0.951057 0.069734 100.000000 0.069734 1.997855 399.571071 0.717085 -4.350591 100.000000 -4.350591 0.675191 135.038184 0.282732 8.562735 100.000000 8.562735
 4.000000 -0.963378 -0.268148 0.294442 0.955669 -1.842267 0.298871 -0.268148 -0.963378 0.955669 0.294442 0.083512 16.702475 -0.309017 2.474086 100.000000 2.474086 0.007591 1.518100 -0.951057 0.069734 100.000000 0.069734 1.755342 351.068444 0.768301 -5.339671 100.000000 -5.339671 0.384562 76.912468 0.206742 9.259178 100.000000 9.259178
 4.200000 -0.972204 -0.234135 0.128940 0.991652 -1.807125 0.129300 -0.234135 -0.972204 0.991652 0.128940 0.280368 56.073634 -0.309017 2.474086 100.000000 2.474086 0.022361 4.472235 -0.951057 0.069734 100.000000 0.069734 1.481527 296.305487 0.819517 -6.225310 100.000000 -6.225310 0.000164 0.032844 0.130752 9.853334 100.000000 9.853334
 4.400000 -0.971365 -0.237593 0.116822 0.993153 -1.810684 0.117090 -0.237593 -0.971365 0.993153 0.116822 0.255066 51.013227 -0.309017 2.474086 100.000000 2.474086 0.020621 4.124217 -0.951057 0.069734 100.000000 0.069734 0.749330 149.866028 0.870733 -6.974952 100.000000 -6.974952 0.192572 38.514376 0.054762 10.063547 100.000000 10.063547
 4.600000 -0.915962 -0.401265 0.136010 0.990707 -1.983693 0.136433 -0.401265 -0.915962 0.990707 0.136010 0.425481 85.096273 -0.309017 2.474086 100.000000 2.474086 0.061581 12.316133 -0.951057 0.069734 100.000000 0.069734 0.236386 47.277278 0.921949 -7.483658 100.000000 -7.483658 1.236185 247.237008 -0.021227 10.304380 100.000000 10.304380
 4.800000 -0.935733 -0.352709 0.015100 0.999886 -1.931261 0.015100 -0.352709 -0.935733 0.999886 0.015100 0.095449 19.089896 -0.309017 2.474086 100.000000 2.474086 0.011740 2.348080 -0.951057 0.069734 100.000000 0.069734 0.035701 7.140210 0.973165 -7.732437 100.000000 -7.732437 0.630752 126.150419 -0.097217 10.485044 100.000000 10.485044
 5.000000 -0.965807 -0.259261 -0.066458 0.997789 -1.833054 -0.066507 -0.259261 -0.965807 0.997789 -0.066458 0.123781 24.756221 -0.309017 2.474086 100.000000 2.474086 0.010879 2.175826 -0.951057 0.069734 100.000000 0.069734 0.001610 0.322003 0.992115 -7.756782 100.000000 -7.756782 0.173315 34.663063 -0.125333 10.637793 100.000000 10.637793
 5.200000 -0.985865 -0.167539 -0.051695 0.998663 -1.739129 -0.051718 -0.167539 -0.985865 0.998663 -0.051695 1.000799 200.159784 -0.309017 2.474086 100.000000 2.474086 0.060583 12.116599 -0.951057 0.069734 100.000000 0.069734 0.002144 0.428794 0.992115 -7.756782 100.000000 -7.756782 0.271133 54.226516 -0.125333 10.637793 100.000000 10.637793
 5.400000 -0.949020 -0.315216 -0.075996 0.997108 -1.891481 -0.076070 -0.315216 -0.949020 0.997108 -0.075996 0.001922 0.384328 -0.309017 2.474086 100.000000 2.474086 0.000207 0.041481 -0.951057 0.069734 100.000000 0.069734 0.001247 0.249339 0.992115 -7.756782 100.000000 -7.756782 0.121706 24.341154 -0.125333 10.637793 100.000000 10.637793
 5.600000 -0.886823 -0.462109 -0.124154 0.992263 -2.051169 -0.124475 -0.462109 -0.886823 0.992263 -0.124154 1.171866 234.373149 -0.309017 2.474086 100.000000 2.474086 0.206298 41.259607 -0.951057 0.069734 100.000000 0.069734 0.000001 0.000220 0.992115 -7.756782 100.000000 -7.756782 0.000070 0.013914 -0.125333 10.637793 100.000000 10.637793
 5.800000 -0.939540 -0.342438 -0.063722 0.997968 -1.920307 -0.063765 -0.342438 -0.939540 0.997968 -0.063722 0.055848 11.169570 -0.309017 2.474086 100.000000 2.474086 0.006631 1.326194 -0.951057 0.069734 100.000000 0.069734 0.001713 0.342577 0.992115 -7.756782 100.000000 -7.756782 0.189799 37.959796 -0.125333 10.637793 100.000000 10.637793
 6.000000 -0.962932 -0.269743 -0.175337 0.984508 -1.843922 -0.176248 -0.269743 -0.962932 0.984508 -0.175337 0.077123 15.424645 -0.309017 2.474086 100.000000 2.474086 0.007052 1.410370 -0.951057 0.069734 100.000000 0.069734 0.002893 0.578554 0.992115 -7.756782 100.000000 -7.756782 0.125020 25.004024 -0.125333 10.637793 100.000000 10.637793
 6.200000 -0.965358 -0.260929 -0.171863 0.985121 -1.834780 -0.172720 -0.260929 -0.965358 0.985121 -0.171863 0.115624 23.124878 -0.309017 2.474086 100.000000 2.474086 0.010227 2.045349 -0.951057 0.069734 100.000000 0.069734 0.002446 0.489133 0.992115 -7.756782 100.000000 -7.756782 0.108250 21.649985 -0.125333 10.637793 100.000000 10.637793
 6.400000 -0.982219 -0.187739 -0.103294 0.994651 -1.759656 -0.103478 -0.187739 -0.982219 0.994651 -0.103294 0.735421 147.084221 -0.309017 2.474086 100.000000 2.474086 0.048555 9.711008 -0.951057 0.069734 100.000000 0.069734 0.000322 0.064324 0.992115 -7.756782 100.000000 -7.756782 0.024287 4.857475 -0.125333 10.637793 100.000000 10.637793
 6.600000 -0.960669 -0.277697 -0.092385 0.995723 -1.852192 -0.092517 -0.277697 -0.960669 0.995723 -0.092385 0.049047 9.809409 -0.309017 2.474086 100.000000 2.474086 0.004620 0.923942 -0.951057 0.069734 100.000000 0.069734 0.000651 0.130222 0.992115 -7.756782 100.000000 -7.756782 0.054278 10.855639 -0.125333 10.637793 100.000000 10.637793
 6.800000 -0.905206 -0.424974 -0.178139 0.984005 -2.009729 -0.179095 -0.424974 -0.905206 0.984005 -0.178139 0.672300 134.459941 -0.309017 2.474086 100.000000 2.474086 0.105115 21.023044 -0.951057 0.069734 100.000000 0.069734 0.003288 0.657611 0.992115 -7.756782 100.000000 -7.756782 0.139421 27.884206 -0.125333 10.637793 100.000000 10.637793
 7.000000 -0.972052 -0.234766 0.049004 0.998799 -1.807774 0.049023 -0.234766 -0.972052 0.998799 0.049004 0.275660 55.132092 -0.309017 2.474086 100.000000 2.474086 0.022040 4.408067 -0.951057 0.069734 100.000000 0.069734 0.002234 0.446744 0.992115 -7.756782 100.000000 -7.756782 1.519670 303.934060 -0.125333 10.637793 100.000000 10.637793
 7.200000 -0.971855 -0.235578 -0.150710 0.988578 -1.808610 -0.151287 -0.235578 -0.971855 0.988578 -0.150710 0.269664 53.932824 -0.309017 2.474086 100.000000 2.474086 0.021630 4.325952 -0.951057 0.069734 100.000000 0.069734 0.000625 0.125084 0.992115 -7.756782 100.000000 -7.756782 0.032200 6.439924 -0.125333 10.637793 100.000000 10.637793
 7.400000 -0.954400 -0.298530 -0.075194 0.997169 -1.873948 -0.075265 -0.298530 -0.954400 0.997169 -0.075194 0.005499 1.099805 -0.309017 2.474086 100.000000 2.474086 0.000559 0.111809 -0.951057 0.069734 100.000000 0.069734 0.001277 0.255453 0.992115 -7.756782 100.000000 -7.756782 0.125698 25.139615 -0.125333 10.637793 100.000000 10.637793
 7.600000 -0.976882 -0.213781 0.041683 0.999131 -1.786240 0.041695 -0.213781 -0.976882 0.999131 0.041683 0.453496 90.699177 -0.309017 2.474086 100.000000 2.474086 0.033347 6.669369 -0.951057 0.069734 100.000000 0.069734 0.002461 0.492269 0.992115 -7.756782 100.000000 -7.756782 1.394719 278.943887 -0.125333 10.637793 100.000000 10.637793
 7.800000 -0.880313 -0.474393 0.009705 0.999953 -2.065071 0.009706 -0.474393 -0.880313 0.999953 0.009705 1.367468 273.493573 -0.309017 2.474086 100.000000 2.474086 0.250233 50.046516 -0.951057 0.069734 100.000000 0.069734 0.003072 0.614374 0.992115 -7.756782 100.000000 -7.756782 0.911772 182.354482 -0.125333 10.637793 100.000000 10.637793
 8.000000 -0.974911 -0.222597 0.017458 0.999848 -1.795274 0.017459 -0.222597 -0.974911 0.999848 0.017458 0.373422 74.684316 -0.309017 2.474086 100.000000 2.474086 0.028451 5.690158 -0.951057 0.069734 100.000000 0.069734 0.002990 0.597977 0.992115 -7.756782 100.000000 -7.756782 1.019466 203.893263 -0.125333 10.637793 100.000000 10.637793
 8.200000 -0.980570 -0.196167 -0.176661 0.984272 -1.768244 -0.177593 -0.196167 -0.980570 0.984272 -0.176661 0.636753 127.350577 -0.309017 2.474086 100.000000 2.474086 0.043554 8.710720 -0.951057 0.069734 100.000000 0.069734 0.003076 0.615128 0.992115 -7.756782 100.000000 -7.756782 0.131729 26.345759 -0.125333 10.637793 100.000000 10.637793
 8.400000 -0.979493 -0.201478 -0.172908 0.984938 -1.773663 -0.173782 -0.201478 -0.979493 0.984938 -0.172908 0.578230 115.645985 -0.309017 2.474086 100.000000 2.474086 0.040432 8.086339 -0.951057 0.069734 100.000000 0.069734 0.002575 0.515061 0.992115 -7.756782 100.000000 -7.756782 0.113169 22.633879 -0.125333 10.637793 100.000000 10.637793
 8.600000 -0.969924 -0.243409 -0.019476 0.999810 -1.816676 -0.019478 -0.243409 -0.969924 0.999810 -0.019476 0.215217 43.043478 -0.309017 2.474086 100.000000 2.474086 0.017798 3.559677 -0.951057 0.069734 100.000000 0.069734 0.002961 0.592225 0.992115 -7.756782 100.000000 -7.756782 0.560285 112.056918 -0.125333 10.637793 100.000000 10.637793
 8.800000 -0.973983 -0.226620 -0.061372 0.998115 -1.799403 -0.061410 -0.226620 -0.973983 0.998115 -0.061372 0.339460 67.891971 -0.309017 2.474086 100.000000 2.474086 0.026282 5.256308 -0.951057 0.069734 100.000000 0.069734 0.001800 0.360032 0.992115 -7.756782 100.000000 -7.756782 0.204553 40.910592 -0.125333 10.637793 100.000000 10.637793
 9.000000 -0.925614 -0.378469 -0.032515 0.999471 -1.958938 -0.032521 -0.378469 -0.925614 0.999471 -0.032515 0.241182 48.236393 -0.309017 2.474086 100.000000 2.474086 0.032367 6.473320 -0.951057 0.069734 100.000000 0.069734 0.002706 0.541187 0.992115 -7.756782 100.000000 -7.756782 0.430759 86.151801 -0.125333 10.637793 100.000000 10.637793
 9.200000 -0.918169 -0.396190 -0.138668 0.990339 -1.978160 -0.139116 -0.396190 -0.918169 0.990339 -0.138668 0.379956 75.991193 -0.309017 2.474086 100.000000 2.474086 0.054081 10.816162 -0.951057 0.069734 100.000000 0.069734 0.000158 0.031533 0.992115 -7.756782 100.000000 -7.756782 0.008891 1.778104 -0.125333 10.637793 100.000000 10.637793
 9.400000 -0.957766 -0.287547 -0.181420 0.983406 -1.862461 -0.182430 -0.287547 -0.957766 0.983406 -0.181420 0.023048 4.609539 -0.309017 2.474086 100.000000 2.474086 0.002251 0.450236 -0.951057 0.069734 100.000000 0.069734 0.003792 0.758462 0.992115 -7.756782 100.000000 -7.756782 0.157286 31.457103 -0.125333 10.637793 100.000000 10.637793
 9.600000 -0.935464 -0.353421 -0.187030 0.982354 -1.932022 -0.188138 -0.353421 -0.935464 0.982354 -0.187030 0.098586 19.717218 -0.309017 2.474086 100.000000 2.474086 0.012156 2.431157 -0.951057 0.069734 100.000000 0.069734 0.004763 0.952666 0.992115 -7.756782 100.000000 -7.756782 0.190323 38.064656 -0.125333 10.637793 100.000000 10.637793
 9.800000 -0.984126 -0.177469 0.001205 0.999999 -1.749210 0.001205 -0.177469 -0.984126 0.999999 0.001205 0.865244 173.048781 -0.309017 2.474086 100.000000 2.474086 0.054681 10.936168 -0.951057 0.069734 100.000000 0.069734 0.003108 0.621665 0.992115 -7.756782 100.000000 -7.756782 0.800592 160.118305 -0.125333 10.637793 100.000000 10.637793
 10.000000 -0.931757 -0.363083 -0.106368 0.994327 -1.942371 -0.106569 -0.363083 -0.931757 0.994327 -0.106368 0.146157 29.231341 -0.309017 2.474086 100.000000 2.474086 0.018624 3.724792 -0.951057 0.069734 100.000000 0.069734 0.000245 0.048937 0.992115 -7.756782 100.000000 -7.756782 0.017985 3.596947 -0.125333 10.637793 100.000000 10.637793
 10.200000 -0.928930 -0.370255 -0.129639 0.991561 -1.950080 -0.130005 -0.370255 -0.928930 0.991561 -0.129639 0.187506 37.501124 -0.309017 2.474086 100.000000 2.474086 0.024479 4.895786 -0.951057 0.069734 100.000000 0.069734 0.000015 0.003063 0.992115 -7.756782 100.000000 -7.756782 0.000927 0.185392 -0.125333 10.637793 100.000000 10.637793
 10.400000 -0.986528 -0.163593 -0.133115 0.991101 -1.735128 -0.133511 -0.163593 -0.986528 0.991101 -0.133115 1.057413 211.482621 -0.309017 2.474086 100.000000 2.474086 0.062911 12.582253 -0.951057 0.069734 100.000000 0.069734 0.000051 0.010284 0.992115 -7.756782 100.000000 -7.756782 0.003028 0.605535 -0.125333 10.637793 100.000000 10.637793
 10.600000 -0.975876 -0.218325 -0.250258 0.968179 -1.790894 -0.252947 -0.218325 -0.975876 0.968179 -0.250258 0.411251 82.250230 -0.309017 2.474086 100.000000 2.474086 0.030801 6.160116 -0.951057 0.069734 100.000000 0.069734 0.028645 5.729095 0.992115 -7.756782 100.000000 -7.756782 0.780310 156.062081 -0.125333 10.637793 100.000000 10.637793
 10.800000 -0.942781 -0.333414 -0.088563 0.996071 -1.910719 -0.088679 -0.333414 -0.942781 0.996071 -0.088563 0.029760 5.952034 -0.309017 2.474086 100.000000 2.474086 0.003425 0.684909 -0.951057 0.069734 100.000000 0.069734 0.000782 0.156488 0.992115 -7.756782 100.000000 -7.756782 0.067602 13.520390 -0.125333 10.637793 100.000000 10.637793
 11.000000 -0.925408 -0.378973 0.066952 0.997756 -1.959482 0.067002 -0.378973 -0.925408 0.997756 0.066952 0.244691 48.938122 -0.309017 2.474086 100.000000 2.474086 0.032893 6.578557 -0.951057 0.069734 100.000000 0.069734 0.001591 0.318262 0.992115 -7.756782 100.000000 -7.756782 1.848688 369.737529 -0.125333 10.637793 100.000000 10.637793
 11.200000 -0.946971 -0.321320 0.017951 0.999839 -1.897919 0.017952 -0.321320 -0.946971 0.999839 0.017951 0.007568 1.513623 -0.309017 2.474086 100.000000 2.474086 0.000835 0.166939 -0.951057 0.069734 100.000000 0.069734 0.002983 0.596628 0.992115 -7.756782 100.000000 -7.756782 1.026514 205.302754 -0.125333 10.637793 100.000000 10.637793
 11.400000 -0.980186 -0.198080 -0.168188 0.985755 -1.770195 -0.168992 -0.198080 -0.980186 0.985755 -0.168188 0.615352 123.070367 -0.309017 2.474086 100.000000 2.474086 0.042426 8.485195 -0.951057 0.069734 100.000000 0.069734 0.002022 0.404474 0.992115 -7.756782 100.000000 -7.756782 0.091828 18.365643 -0.125333 10.637793 100.000000 10.637793
 11.600000 -0.986709 -0.162500 -0.085500 0.996338 -1.734020 -0.085605 -0.162500 -0.986709 0.996338 -0.085500 1.073359 214.671828 -0.309017 2.474086 100.000000 2.474086 0.063553 12.710652 -0.951057 0.069734 100.000000 0.069734 0.000892 0.178374 0.992115 -7.756782 100.000000 -7.756782 0.079333 15.866513 -0.125333 10.637793 100.000000 10.637793
 11.800000 -0.975106 -0.221740 -0.020613 0.999788 -1.794395 -0.020614 -0.221740 -0.975106 0.999788 -0.020613 0.380859 76.171890 -0.309017 2.474086 100.000000 2.474086 0.028918 5.783640 -0.951057 0.069734 100.000000 0.069734 0.002944 0.588724 0.992115 -7.756782 100.000000 -7.756782 0.548321 109.664212 -0.125333 10.637793 100.000000 10.637793
 12.000000 -0.965117 -0.261820 -0.143320 0.989676 -1.835704 -0.143815 -0.261820 -0.965117 0.989676 -0.143320 0.111378 22.275535 -0.309017 2.474086 100.000000 2.474086 0.009884 1.976892 -0.951057 0.069734 100.000000 0.069734 0.000297 0.059454 0.992115 -7.756782 100.000000 -7.756782 0.016176 3.235262 -0.125333 10.637793 100.000000 10.637793
 12.200000 -0.953566 -0.301185 -0.128221 0.991746 -1.876732 -0.128575 -0.301185 -0.953566 0.991746 -0.128221 0.003067 0.613365 -0.309017 2.474086 100.000000 2.474086 0.000315 0.062958 -0.951057 0.069734 100.000000 0.069734 0.000007 0.001362 0.992115 -7.756782 100.000000 -7.756782 0.000417 0.083393 -0.125333 10.637793 100.000000 10.637793
 12.400000 -0.959118 -0.283007 -0.063307 0.997994 -1.857724 -0.063350 -0.283007 -0.959118 0.997994 -0.063307 0.033826 6.765140 -0.309017 2.474086 100.000000 2.474086 0.003249 0.649845 -0.951057 0.069734 100.000000 0.069734 0.001728 0.345670 0.992115 -7.756782 100.000000 -7.756782 0.192360 38.471952 -0.125333 10.637793 100.000000 10.637793
 12.600000 -0.965553 -0.260206 -0.136782 0.990601 -1.834032 -0.137212 -0.260206 -0.965553 0.990601 -0.136782 0.119126 23.825204 -0.309017 2.474086 100.000000 2.474086 0.010508 2.101522 -0.951057 0.069734 100.000000 0.069734 0.000115 0.022908 0.992115 -7.756782 100.000000 -7.756782 0.006554 1.310785 -0.125333 10.637793 100.000000 10.637793
 12.800000 -0.972955 -0.230997 -0.206208 0.978508 -1.803898 -0.207698 -0.230997 -0.972955 0.978508 -0.206208 0.304357 60.871479 -0.309017 2.474086 100.000000 2.474086 0.023976 4.795219 -0.951057 0.069734 100.000000 0.069734 0.009257 1.851364 0.992115 -7.756782 100.000000 -7.756782 0.327035 65.407000 -0.125333 10.637793 100.000000 10.637793
 13.000000 -0.936416 -0.350892 -0.068264 0.997667 -1.929320 -0.068317 -0.350892 -0.936416 0.997667 -0.068264 0.087675 17.534952 -0.309017 2.474086 100.000000 2.474086 0.010717 2.143439 -0.951057 0.069734 100.000000 0.069734 0.001542 0.308311 0.992115 -7.756782 100.000000 -7.756782 0.162843 32.568649 -0.125333 10.637793 100.000000 10.637793
 13.200000 -0.963596 -0.267363 0.012275 0.999925 -1.841452 0.012275 -0.267363 -0.963596 0.999925 0.012275 0.086751 17.350234 -0.309017 2.474086 100.000000 2.474086 0.007862 1.572331 -0.951057 0.069734 100.000000 0.069734 0.003050 0.609955 0.992115 -7.756782 100.000000 -7.756782 0.946799 189.359758 -0.125333 10.637793 100.000000 10.637793
 13.400000 -0.921582 -0.388184 -0.103657 0.994613 -1.969456 -0.103844 -0.388184 -0.921582 0.994613 -0.103657 0.313367 62.673479 -0.309017 2.474086 100.000000 2.474086 0.043437 8.687430 -0.951057 0.069734 100.000000 0.069734 0.000312 0.062419 0.992115 -7.756782 100.000000 -7.756782 0.023492 4.698473 -0.125333 10.637793 100.000000 10.637793
 13.600000 -0.978082 -0.208219 -0.204691 0.978827 -1.780550 -0.206148 -0.208219 -0.978082 0.978827 -0.204691 0.508015 101.603055 -0.309017 2.474086 100.000000 2.474086 0.036520 7.303932 -0.951057 0.069734 100.000000 0.069734 0.008828 1.765699 0.992115 -7.756782 100.000000 -7.756782 0.314879 62.975799 -0.125333 10.637793 100.000000 10.637793
 13.800000 -0.974265 -0.225407 0.022552 0.999746 -1.798157 0.022554 -0.225407 -0.974265 0.999746 0.022552 0.349533 69.906513 -0.309017 2.474086 100.000000 2.474086 0.026931 5.386206 -0.951057 0.069734 100.000000 0.069734 0.002912 0.582316 0.992115 -7.756782 100.000000 -7.756782 1.093505 218.700936 -0.125333 10.637793 100.000000 10.637793
 14.000000 -0.955722 -0.294271 -0.185282 0.982685 -1.869489 -0.186359 -0.294271 -0.955722 0.982685 -0.185282 0.010872 2.174357 -0.309017 2.474086 100.000000 2.474086 0.001088 0.217661 -0.951057 0.069734 100.000000 0.069734 0.004446 0.889118 0.992115 -7.756782 100.000000 -7.756782 0.179693 35.938538 -0.125333 10.637793 100.000000 10.637793
 14.200000 -0.924430 -0.381351 -0.155568 0.987825 -1.962054 -0.156203 -0.381351 -0.924430 0.987825 -0.155568 0.261610 52.322049 -0.309017 2.474086 100.000000 2.474086 0.035448 7.089539 -0.951057 0.069734 100.000000 0.069734 0.000920 0.184004 0.992115 -7.756782 100.000000 -7.756782 0.045708 9.141605 -0.125333 10.637793 100.000000 10.637793
 14.400000 -0.993126 -0.117054 0.063690 0.997970 -1.688119 0.063733 -0.117054 -0.993126 0.997970 0.063690 1.842486 368.497143 -0.309017 2.474086 100.000000 2.474086 0.088490 17.698017 -0.951057 0.069734 100.000000 0.069734 0.001714 0.342816 0.992115 -7.756782 100.000000 -7.756782 1.786483 357.296636 -0.125333 10.637793 100.000000 10.637793
 14.600000 -0.912514 -0.409045 -0.111250 0.993792 -1.992204 -0.111481 -0.409045 -0.912514 0.993792 -0.111250 0.500284 100.056753 -0.309017 2.474086 100.000000 2.474086 0.074276 14.855219 -0.951057 0.069734 100.000000 0.069734 0.000141 0.028149 0.992115 -7.756782 100.000000 -7.756782 0.009917 1.983377 -0.125333 10.637793 100.000000 10.637793
 14.800000 -0.980512 -0.196460 -0.108991 0.994043 -1.768542 -0.109207 -0.196460 -0.980512 0.994043 -0.108991 0.633457 126.691481 -0.309017 2.474086 100.000000 2.474086 0.043381 8.676198 -0.951057 0.069734 100.000000 0.069734 0.000186 0.037175 0.992115 -7.756782 100.000000 -7.756782 0.013354 2.670849 -0.125333 10.637793 100.000000 10.637793
 15.000000 -0.966955 -0.254947 -0.039491 0.999220 -1.828589 -0.039501 -0.254947 -0.966955 0.999220 -0.039491 0.146177 29.235441 -0.309017 2.474086 100.000000 2.474086 0.012638 2.527611 -0.951057 0.069734 100.000000 0.069734 0.002524 0.504843 0.992115 -7.756782 100.000000 -7.756782 0.368446 73.689198 -0.125333 10.637793 100.000000 10.637793
 15.200000 -0.928376 -0.371642 -0.121036 0.992648 -1.951573 -0.121334 -0.371642 -0.928376 0.992648 -0.121036 0.196094 39.218824 -0.309017 2.474086 100.000000 2.474086 0.025720 5.143990 -0.951057 0.069734 100.000000 0.069734 0.000014 0.002845 0.992115 -7.756782 100.000000 -7.756782 0.000923 0.184632 -0.125333 10.637793 100.000000 10.637793
 15.400000 -0.973083 -0.230453 -0.037663 0.999290 -1.803339 -0.037672 -0.230453 -0.973083 0.999290 -0.037663 0.308616 61.723290 -0.309017 2.474086 100.000000 2.474086 0.024259 4.851880 -0.951057 0.069734 100.000000 0.069734 0.002575 0.514920 0.992115 -7.756782 100.000000 -7.756782 0.384303 76.860525 -0.125333 10.637793 100.000000 10.637793
 15.600000 -0.989127 -0.147063 -0.151419 0.988470 -1.718395 -0.152004 -0.147063 -0.989127 0.988470 -0.151419 1.311448 262.289555 -0.309017 2.474086 100.000000 2.474086 0.072468 14.493665 -0.951057 0.069734 100.000000 0.069734 0.000664 0.132866 0.992115 -7.756782 100.000000 -7.756782 0.034024 6.804847 -0.125333 10.637793 100.000000 10.637793
 15.800000 -0.950179 -0.311705 -0.163900 0.986477 -1.887783 -0.164643 -0.311705 -0.950179 0.986477 -0.163900 0.000361 0.072233 -0.309017 2.474086 100.000000 2.474086 0.000038 0.007699 -0.951057 0.069734 100.000000 0.069734 0.001589 0.317850 0.992115 -7.756782 100.000000 -7.756782 0.074372 14.874301 -0.125333 10.637793 100.000000 10.637793
 16.000000 -0.952997 -0.302981 -0.031228 0.999512 -1.878616 -0.031233 -0.302981 -0.952997 0.999512 -0.031228 0.001822 0.364319 -0.309017 2.474086 100.000000 2.474086 0.000188 0.037638 -0.951057 0.069734 100.000000 0.069734 0.002736 0.547244 0.992115 -7.756782 100.000000 -7.756782 0.442791 88.558273 -0.125333 10.637793 100.000000 10.637793
 16.200000 -0.977874 -0.209195 -0.092679 0.995696 -1.781548 -0.092812 -0.209195 -0.977874 0.995696 -0.092679 0.498217 99.643459 -0.309017 2.474086 100.000000 2.474086 0.035958 7.191696 -0.951057 0.069734 100.000000 0.069734 0.000641 0.128262 0.992115 -7.756782 100.000000 -7.756782 0.053316 10.663226 -0.125333 10.637793 100.000000 10.637793
 16.400000 -0.948885 -0.315621 -0.123539 0.992340 -1.891908 -0.123855 -0.315621 -0.948885 0.992340 -0.123539 0.002181 0.436168 -0.309017 2.474086 100.000000 2.474086 0.000236 0.047144 -0.951057 0.069734 100.000000 0.069734 0.000003 0.000506 0.992115 -7.756782 100.000000 -7.756782 0.000161 0.032190 -0.125333 10.637793 100.000000 10.637793
 16.600000 -0.960858 -0.277043 -0.074701 0.997206 -1.851511 -0.074771 -0.277043 -0.960858 0.997206 -0.074701 0.051118 10.223641 -0.309017 2.474086 100.000000 2.474086 0.004803 0.960622 -0.951057 0.069734 100.000000 0.069734 0.001296 0.259208 0.992115 -7.756782 100.000000 -7.756782 0.128180 25.635914 -0.125333 10.637793 100.000000 10.637793
 16.800000 -0.904513 -0.426446 -0.172635 0.984986 -2.011356 -0.173504 -0.426446 -0.904513 0.984986 -0.172635 0.689477 137.895306 -0.309017 2.474086 100.000000 2.474086 0.108314 21.662891 -0.951057 0.069734 100.000000 0.069734 0.002541 0.508209 0.992115 -7.756782 100.000000 -7.756782 0.111874 22.374800 -0.125333 10.637793 100.000000 10.637793
 17.000000 -0.969795 -0.243922 -0.072004 0.997404 -1.817205 -0.072066 -0.243922 -0.969795 0.997404 -0.072004 0.211866 42.373136 -0.309017 2.474086 100.000000 2.474086 0.017556 3.511220 -0.951057 0.069734 100.000000 0.069734 0.001399 0.279805 0.992115 -7.756782 100.000000 -7.756782 0.142201 28.440272 -0.125333 10.637793 100.000000 10.637793
 17.200000 -0.976894 -0.213722 -0.046230 0.998931 -1.786180 -0.046246 -0.213722 -0.976894 0.998931 -0.046230 0.454053 90.810611 -0.309017 2.474086 100.000000 2.474086 0.033380 6.675981 -0.951057 0.069734 100.000000 0.069734 0.002323 0.464595 0.992115 -7.756782 100.000000 -7.756782 0.312866 62.573239 -0.125333 10.637793 100.000000 10.637793
 17.400000 -0.911746 -0.410755 -0.088762 0.996053 -1.994078 -0.088879 -0.410755 -0.911746 0.996053 -0.088762 0.517526 103.505286 -0.309017 2.474086 100.000000 2.474086 0.077266 15.453194 -0.951057 0.069734 100.000000 0.069734 0.000775 0.155088 0.992115 -7.756782 100.000000 -7.756782 0.066871 13.374245 -0.125333 10.637793 100.000000 10.637793
 17.600000 -0.975095 -0.221789 -0.050062 0.998746 -1.794446 -0.050083 -0.221789 -0.975095 0.998746 -0.050062 0.380432 76.086450 -0.309017 2.474086 100.000000 2.474086 0.028891 5.778285 -0.951057 0.069734 100.000000 0.069734 0.002199 0.439758 0.992115 -7.756782 100.000000 -7.756782 0.283290 56.657922 -0.125333 10.637793 100.000000 10.637793
 17.800000 -0.920489 -0.390767 -0.138988 0.990294 -1.972261 -0.139439 -0.390767 -0.920489 0.990294 -0.138988 0.334156 66.831276 -0.309017 2.474086 100.000000 2.474086 0.046717 9.343450 -0.951057 0.069734 100.000000 0.069734 0.000166 0.033147 0.992115 -7.756782 100.000000 -7.756782 0.009323 1.864518 -0.125333 10.637793 100.000000 10.637793
 18.000000 -0.983349 -0.181727 -0.118224 0.992987 -1.753538 -0.118501 -0.181727 -0.983349 0.992987 -0.118224 0.810141 162.028194 -0.309017 2.474086 100.000000 2.474086 0.052140 10.428095 -0.951057 0.069734 100.000000 0.069734 0.000038 0.007609 0.992115 -7.756782 100.000000 -7.756782 0.002527 0.505449 -0.125333 10.637793 100.000000 10.637793
 18.200000 -0.970489 -0.241147 0.023039 0.999735 -1.814344 0.023041 -0.241147 -0.970489 0.999735 0.023039 0.230319 46.063823 -0.309017 2.474086 100.000000 2.474086 0.018880 3.776092 -0.951057 0.069734 100.000000 0.069734 0.002903 0.580622 0.992115 -7.756782 100.000000 -7.756782 1.100722 220.144485 -0.125333 10.637793 100.000000 10.637793
 18.400000 -0.956261 -0.292516 -0.186367 0.982480 -1.867654 -0.187463 -0.292516 -0.956261 0.982480 -0.186367 0.013614 2.722700 -0.309017 2.474086 100.000000 2.474086 0.001354 0.270816 -0.951057 0.069734 100.000000 0.069734 0.004641 0.928219 0.992115 -7.756782 100.000000 -7.756782 0.186253 37.250615 -0.125333 10.637793 100.000000 10.637793
 18.600000 -0.972420 -0.233236 -0.135410 0.990790 -1.806201 -0.135827 -0.233236 -0.972420 0.990790 -0.135410 0.287135 57.427015 -0.309017 2.474086 100.000000 2.474086 0.022820 4.564014 -0.951057 0.069734 100.000000 0.069734 0.000088 0.017556 0.992115 -7.756782 100.000000 -7.756782 0.005077 1.015331 -0.125333 10.637793 100.000000 10.637793
 18.800000 -0.940273 -0.340421 -0.106131 0.994352 -1.918161 -0.106331 -0.340421 -0.940273 0.994352 -0.106131 0.049309 9.861877 -0.309017 2.474086 100.000000 2.474086 0.005814 1.162786 -0.951057 0.069734 100.000000 0.069734 0.000250 0.050062 0.992115 -7.756782 100.000000 -7.756782 0.018436 3.687229 -0.125333 10.637793 100.000000 10.637793
 19.000000 -0.917436 -0.397883 -0.101550 0.994830 -1.980005 -0.101726 -0.397883 -0.917436 0.994830 -0.101550 0.394862 78.972411 -0.309017 2.474086 100.000000 2.474086 0.056517 11.303401 -0.951057 0.069734 100.000000 0.069734 0.000369 0.073751 0.992115 -7.756782 100.000000 -7.756782 0.028282 5.656301 -0.125333 10.637793 100.000000 10.637793
 19.200000 -0.958104 -0.286420 -0.047309 0.998880 -1.861284 -0.047327 -0.286420 -0.958104 0.998880 -0.047309 0.025532 5.106314 -0.309017 2.474086 100.000000 2.474086 0.002483 0.496700 -0.951057 0.069734 100.000000 0.069734 0.002289 0.457734 0.992115 -7.756782 100.000000 -7.756782 0.304390 60.878029 -0.125333 10.637793 100.000000 10.637793
 19.400000 -0.982705 -0.185180 -0.198179 0.980166 -1.757051 -0.199500 -0.185180 -0.982705 0.980166 -0.198179 0.766785 153.357069 -0.309017 2.474086 100.000000 2.474086 0.050080 10.016075 -0.951057 0.069734 100.000000 0.069734 0.007139 1.427766 0.992115 -7.756782 100.000000 -7.756782 0.265327 53.065475 -0.125333 10.637793 100.000000 10.637793
 19.600000 -0.933499 -0.358580 -0.147544 0.989056 -1.937543 -0.148085 -0.358580 -0.933499 0.989056 -0.147544 0.122827 24.565334 -0.309017 2.474086 100.000000 2.474086 0.015414 3.082721 -0.951057 0.069734 100.000000 0.069734 0.000468 0.093587 0.992115 -7.756782 100.000000 -7.756782 0.024666 4.933152 -0.125333 10.637793 100.000000 10.637793
 19.800000 -0.991858 -0.127349 -0.141918 0.989878 -1.698492 -0.142399 -0.127349 -0.991858 0.989878 -0.141918 1.650164 330.032820 -0.309017 2.474086 100.000000 2.474086 0.083238 16.647592 -0.951057 0.069734 100.000000 0.069734 0.000250 0.050012 0.992115 -7.756782 100.000000 -7.756782 0.013753 2.750646 -0.125333 10.637793 100.000000 10.637793
 20.000000 -0.951911 -0.306373 -0.114454 0.993429 -1.882177 -0.114705 -0.306373 -0.951911 0.993429 -0.114454 0.000349 0.069889 -0.309017 2.474086 100.000000 2.474086 0.000037 0.007309 -0.951057 0.069734 100.000000 0.069734 0.000086 0.017263 0.992115 -7.756782 100.000000 -7.756782 0.005918 1.183627 -0.125333 10.637793 100.000000 10.637793
