#! FIELDS time sin_phi cos_phi sin_psi cos_psi phi psi cos_phi sin_phi cos_psi sin_psi restraint_phi_cos.bias restraint_phi_cos.force2 restraint_phi_cos.cos_phi_cntr restraint_phi_cos.cos_phi_work restraint_phi_cos.cos_phi_kappa restraint_phi_cos.work restraint_phi_sin.bias restraint_phi_sin.force2 restraint_phi_sin.sin_phi_cntr restraint_phi_sin.sin_phi_work restraint_phi_sin.sin_phi_kappa restraint_phi_sin.work restraint_psi_cos.bias restraint_psi_cos.force2 restraint_psi_cos.cos_psi_cntr restraint_psi_cos.cos_psi_work restraint_psi_cos.cos_psi_kappa restraint_psi_cos.work restraint_psi_sin.bias restraint_psi_sin.force2 restraint_psi_sin.sin_psi_cntr restraint_psi_sin.sin_psi_work restraint_psi_sin.sin_psi_kappa restraint_psi_sin.work
#! SET min_phi -pi
#! SET max_phi pi
#! SET min_psi -pi
#! SET max_psi pi
 0.000000 -0.999983 -0.005782 0.966116 0.258110 -1.576579 1.309731 -0.005782 -0.999983 0.258110 0.966116 0.000000 0.000000 -0.009747 0.000000 0.000000 0.000000 0.000000 0.000000 -0.999953 0.000000 0.000000 0.000000 0.000000 0.000000 0.256142 0.000000 0.000000 0.000000 0.000000 0.000000 0.966639 0.000000 0.000000 0.000000
 0.200000 -0.999087 0.042711 0.766423 0.642337 -1.528072 0.873253 0.042711 -0.999087 0.642337 0.766423 0.013759 0.275182 -0.009747 0.257002 10.000000 0.257002 0.000004 0.000075 -0.999953 0.005187 10.000000 0.005187 0.745730 14.914606 0.256142 0.286506 10.000000 0.286506 0.200433 4.008665 0.966639 0.059273 10.000000 0.059273
 0.400000 -0.986267 0.165158 0.978946 0.204119 -1.404878 1.365233 0.165158 -0.986267 0.204119 0.978946 0.305916 12.236632 -0.009747 0.364965 20.000000 0.364965 0.001873 0.074916 -0.999953 0.006203 20.000000 0.006203 0.027064 1.082578 0.256142 0.524219 20.000000 0.524219 0.001515 0.060585 0.966639 0.107379 20.000000 0.107379
 0.600000 -0.999983 0.005880 0.942791 0.333384 -1.564917 1.230906 0.005880 -0.999983 0.333384 0.942791 0.003663 0.219763 -0.009747 0.441464 30.000000 0.441464 0.000000 0.000001 -0.999953 0.006834 30.000000 0.006834 0.089493 5.369585 0.256142 0.612924 30.000000 0.612924 0.008531 0.511846 0.966639 0.114266 30.000000 0.114266
 0.800000 -0.999875 -0.015823 0.990276 0.139115 -1.586620 1.431228 -0.015823 -0.999875 0.139115 0.990276 0.000738 0.059072 -0.009747 0.516229 40.000000 0.516229 0.000000 0.000010 -0.999953 0.007346 40.000000 0.007346 0.273906 21.912471 0.256142 0.718187 40.000000 0.718187 0.011174 0.893940 0.966639 0.129740 40.000000 0.129740
 1.000000 -0.986861 0.161570 0.935190 0.354147 -1.408515 1.208794 0.161570 -0.986861 0.354147 0.935190 0.733737 73.373710 -0.009747 0.579752 50.000000 0.579752 0.004285 0.428456 -0.999953 0.007719 50.000000 0.007719 0.240124 24.012449 0.256142 0.759286 50.000000 0.759286 0.024727 2.472668 0.966639 0.134274 50.000000 0.134274
 1.200000 -0.999908 -0.013530 0.983712 0.179754 -1.584326 1.390060 -0.013530 -0.999908 0.179754 0.983712 0.000429 0.051520 -0.009747 0.605695 60.000000 0.605695 0.000000 0.000007 -0.999953 0.007801 60.000000 0.007801 0.175056 21.006728 0.256142 0.796379 60.000000 0.796379 0.008744 1.049299 0.966639 0.136581 60.000000 0.136581
 1.400000 -0.999972 0.007541 0.983853 0.178980 -1.563255 1.390847 0.007541 -0.999972 0.178980 0.983853 0.010461 1.464486 -0.009747 0.640752 70.000000 0.640752 0.000000 0.000002 -0.999953 0.007897 70.000000 0.007897 0.208393 29.175013 0.256142 0.866161 70.000000 0.866161 0.010371 1.451928 0.966639 0.145665 70.000000 0.145665
 1.600000 -0.999361 -0.035750 0.925687 0.378291 -1.606554 1.182847 -0.035750 -0.999361 0.378291 0.925687 0.027047 4.327559 -0.009747 0.688414 80.000000 0.688414 0.000014 0.002241 -0.999953 0.008109 80.000000 0.008109 0.596813 95.490116 0.256142 0.934395 80.000000 0.934395 0.067084 10.733440 0.966639 0.151090 80.000000 0.151090
 1.800000 -0.999788 -0.020585 0.979302 0.202406 -1.591383 1.366983 -0.020585 -0.999788 0.202406 0.979302 0.005286 0.951507 -0.009747 0.729460 90.000000 0.729460 0.000001 0.000219 -0.999953 0.008319 90.000000 0.008319 0.129944 23.389901 0.256142 1.003285 90.000000 1.003285 0.007215 1.298789 0.966639 0.155837 90.000000 0.155837
 2.000000 -0.999560 0.029661 0.986384 0.164460 -1.541131 1.405585 0.029661 -0.999560 0.164460 0.986384 0.077647 15.529499 -0.009747 0.766378 100.000000 0.766378 0.000008 0.001540 -0.999953 0.008476 100.000000 0.008476 0.420280 84.055963 0.256142 1.091729 100.000000 1.091729 0.019493 3.898505 0.966639 0.166550 100.000000 0.166550
 2.200000 -0.980463 0.196705 0.885079 0.465440 -1.372800 1.086665 0.196705 -0.980463 0.465440 0.885079 2.596965 519.392978 -0.031197 0.868882 100.000000 0.868882 0.003565 0.713022 -0.972019 0.038495 100.000000 0.038495 2.047296 409.459298 0.263089 1.069738 100.000000 1.069738 0.001212 0.242362 0.890002 0.347894 100.000000 0.347894
 2.400000 -0.999733 -0.023103 0.926563 0.376141 -1.593901 1.185169 -0.023103 -0.999733 0.376141 0.926563 0.043643 8.728698 -0.052647 0.940232 100.000000 0.940232 0.154836 30.967282 -0.944085 0.145276 100.000000 0.145276 0.562914 112.582732 0.270036 1.051088 100.000000 1.051088 0.640675 128.135007 0.813366 1.125674 100.000000 1.125674
 2.600000 -0.997184 -0.074991 0.951860 0.306534 -1.645858 1.259247 -0.074991 -0.997184 0.306534 0.951860 0.000040 0.007971 -0.074098 1.029158 100.000000 1.029158 0.328319 65.663842 -0.916151 0.322829 100.000000 0.322829 0.043664 8.732798 0.276982 1.000434 100.000000 1.000434 2.314059 462.811815 0.736729 2.353044 100.000000 2.353044
 2.800000 -0.999820 -0.018979 0.881905 0.471427 -1.589777 1.079888 -0.018979 -0.999820 0.471427 0.881905 0.293142 58.628473 -0.095548 1.198216 100.000000 1.198216 0.622758 124.551657 -0.888217 0.587845 100.000000 0.587845 1.757779 351.555801 0.283929 0.924623 100.000000 0.924623 2.460037 492.007409 0.660093 4.033106 100.000000 4.033106
 3.000000 -0.999936 -0.011270 0.886406 0.462909 -1.582067 1.089522 -0.011270 -0.999936 0.462909 0.886406 0.558926 111.785276 -0.116999 1.233309 100.000000 1.233309 0.975150 195.030042 -0.860283 0.920596 100.000000 0.920596 1.479775 295.954963 0.290876 0.864539 100.000000 0.864539 4.588930 917.785936 0.583456 6.301113 100.000000 6.301113
 3.200000 -0.986410 -0.164304 0.862209 0.506552 -1.735849 1.039615 -0.164304 -0.986410 0.506552 0.862209 0.033423 6.684516 -0.138449 1.295090 100.000000 1.295090 1.186728 237.345693 -0.832349 1.321796 100.000000 1.321796 2.178413 435.682598 0.297822 0.677364 100.000000 0.677364 6.315097 1263.019401 0.506819 8.375793 100.000000 8.375793
 3.400000 -0.991555 -0.129684 0.698606 0.715507 -1.700846 0.773447 -0.129684 -0.991555 0.715507 0.698606 0.045651 9.130216 -0.159900 1.466258 100.000000 1.466258 1.751064 350.212885 -0.804416 1.816380 100.000000 1.816380 8.435275 1687.054996 0.304769 0.556329 100.000000 0.556329 3.602551 720.510177 0.430183 11.347593 100.000000 11.347593
 3.600000 -0.979089 -0.203432 0.889931 0.456094 -1.775659 1.097195 -0.203432 -0.979089 0.456094 0.889931 0.024381 4.876113 -0.181350 1.501241 100.000000 1.501241 2.052484 410.496711 -0.776482 2.359567 100.000000 2.359567 1.042261 208.452168 0.311715 0.381711 100.000000 0.381711 14.385462 2877.092371 0.353546 14.534369 100.000000 14.534369
 3.800000 -0.989461 -0.144800 0.650949 0.759122 -1.716107 0.708833 -0.144800 -0.989461 0.759122 0.650949 0.168206 33.641228 -0.202801 1.617190 100.000000 1.617190 2.901953 580.390625 -0.748548 2.987911 100.000000 2.987911 9.700234 1940.046796 0.318662 0.071455 100.000000 0.071455 6.995264 1399.052709 0.276910 16.883414 100.000000 16.883414
 4.000000 -0.974588 -0.224004 0.523515 0.852016 -1.796718 0.550972 -0.224004 -0.974588 0.852016 0.523515 0.000003 0.000610 -0.224251 1.560583 100.000000 1.560583 3.225139 645.027856 -0.720614 3.634559 100.000000 3.634559 13.855241 2771.048201 0.325609 -0.180653 100.000000 -0.180653 5.224284 1044.856782 0.200273 20.548047 100.000000 20.548047
 4.200000 -0.935014 -0.354611 0.457806 0.889052 -1.933294 0.475526 -0.354611 -0.935014 0.889052 0.457806 0.593056 118.611206 -0.245702 1.470780 100.000000 1.470780 2.936282 587.256437 -0.692680 4.320358 100.000000 4.320358 15.484423 3096.884674 0.332555 -0.593720 100.000000 -0.593720 5.583476 1116.695263 0.123636 22.119962 100.000000 22.119962
 4.400000 -0.926351 -0.376661 0.122975 0.992410 -1.956986 0.123287 -0.376661 -0.926351 0.992410 0.122975 0.599609 119.921883 -0.267152 1.418984 100.000000 1.418984 3.421849 684.369701 -0.664746 5.094397 100.000000 5.094397 21.314424 4262.884864 0.339502 -1.011960 100.000000 -1.011960 0.288613 57.722585 0.047000 24.028401 100.000000 24.028401
 4.600000 -0.956712 -0.291036 0.081297 0.996690 -1.866106 0.081387 -0.291036 -0.956712 0.996690 0.081297 0.000296 0.059215 -0.288603 1.234995 100.000000 1.234995 5.116781 1023.356112 -0.636813 5.873022 100.000000 5.873022 21.140683 4228.136700 0.346449 -1.465019 100.000000 -1.465019 0.615317 123.063330 -0.029637 23.792771 100.000000 23.792771
 4.800000 -0.899064 -0.437817 -0.319310 0.947650 -2.023966 -0.325001 -0.437817 -0.899064 0.947650 -0.319310 0.816181 163.236142 -0.310053 0.995345 100.000000 0.995345 4.210372 842.074454 -0.608879 6.668167 100.000000 6.668167 17.656950 3531.390021 0.353395 -1.909318 100.000000 -1.909318 2.269227 453.845362 -0.106274 24.277138 100.000000 24.277138
 5.000000 -0.816250 -0.577699 -0.221809 0.975090 -2.186704 -0.223669 -0.577699 -0.816250 0.975090 -0.221809 3.030613 606.122681 -0.331504 0.784491 100.000000 0.784491 2.768413 553.682682 -0.580945 7.532384 100.000000 7.532384 18.895771 3779.154276 0.360342 -2.306761 100.000000 -2.306761 0.075655 15.130904 -0.182910 22.738910 100.000000 22.738910
 5.200000 -0.863926 -0.503619 -0.635155 0.772385 -2.098580 -0.688209 -0.503619 -0.863926 0.772385 -0.635155 1.134999 226.999877 -0.352954 0.443278 100.000000 0.443278 4.833390 966.678073 -0.553011 8.351859 100.000000 8.351859 8.205150 1641.029982 0.367289 -2.664890 100.000000 -2.664890 7.054069 1410.813858 -0.259547 21.154266 100.000000 21.154266
 5.400000 -0.857167 -0.515038 -0.609662 0.792661 -2.111849 -0.655634 -0.515038 -0.857167 0.792661 -0.609662 0.988891 197.778225 -0.374405 0.016386 100.000000 0.016386 5.514181 1102.836271 -0.525077 9.144241 100.000000 9.144241 8.754024 1750.804833 0.374235 -2.980869 100.000000 -2.980869 3.739530 747.906020 -0.336183 19.160391 100.000000 19.160391
 5.600000 -0.748238 -0.663431 -0.663636 0.748056 -2.296191 -0.725669 -0.663431 -0.748238 0.748056 -0.663636 3.579826 715.965294 -0.395855 -0.430662 100.000000 -0.430662 3.152420 630.484052 -0.497143 9.947747 100.000000 9.947747 6.729825 1345.964977 0.381182 -3.229777 100.000000 -3.229777 3.145429 629.085725 -0.412820 16.884169 100.000000 16.884169
 5.800000 -0.734894 -0.678182 -0.709305 0.704901 -2.316082 -0.788512 -0.678182 -0.734894 0.704901 -0.709305 3.402823 680.564627 -0.417306 -0.974948 100.000000 -0.974948 3.529407 705.881406 -0.469210 10.688721 100.000000 10.688721 5.017254 1003.450700 0.388129 -3.415319 100.000000 -3.415319 2.416672 483.334466 -0.489457 14.544774 100.000000 14.544774
 6.000000 -0.664581 -0.747216 -0.840361 0.542026 -2.414659 -0.997950 -0.747216 -0.664581 0.542026 -0.840361 4.757371 951.474276 -0.438756 -1.580751 100.000000 -1.580751 2.493267 498.653358 -0.441276 11.375527 100.000000 11.375527 1.079733 215.946542 0.395075 -3.564266 100.000000 -3.564266 3.761154 752.230868 -0.566093 12.529305 100.000000 12.529305
 6.200000 -0.654645 -0.755936 -0.874837 0.484417 -2.427880 -1.065099 -0.755936 -0.654645 0.484417 -0.874837 4.372800 874.560062 -0.460207 -2.189930 100.000000 -2.189930 2.911362 582.272306 -0.413342 12.075344 100.000000 12.075344 0.339452 67.890373 0.402022 -3.701417 100.000000 -3.701417 2.693687 538.737383 -0.642730 11.033377 100.000000 11.033377
 6.400000 -0.581618 -0.813462 -0.844037 0.536285 -2.520876 -1.004767 -0.813462 -0.581618 0.536285 -0.844037 5.504715 1100.942978 -0.481657 -2.902284 100.000000 -2.902284 1.924923 384.984531 -0.385408 12.619224 100.000000 12.619224 0.810477 162.095482 0.408968 -3.782110 100.000000 -3.782110 0.777136 155.427144 -0.719366 9.727326 100.000000 9.727326
 6.600000 -0.538050 -0.842913 -0.891322 0.453371 -2.573471 -1.100253 -0.842913 -0.538050 0.453371 -0.891322 5.773383 1154.676507 -0.503108 -3.538852 100.000000 -3.538852 1.630378 326.075535 -0.357474 13.269222 100.000000 13.269222 0.070147 14.029469 0.415915 -3.852856 100.000000 -3.852856 0.454284 90.856821 -0.796003 8.978995 100.000000 8.978995
 6.800000 -0.561529 -0.827457 -0.824931 0.565234 -2.545360 -0.970080 -0.827457 -0.561529 0.565234 -0.824931 4.587389 917.477814 -0.524558 -4.234320 100.000000 -4.234320 2.690932 538.186433 -0.329540 13.823534 100.000000 13.823534 1.013487 202.697463 0.422862 -3.861683 100.000000 -3.861683 0.113806 22.761255 -0.872640 8.490740 100.000000 8.490740
 7.000000 -0.437840 -0.899053 -0.942068 0.335422 -2.688398 -1.228743 -0.899053 -0.437840 0.335422 -0.942068 6.232020 1246.403986 -0.546009 -4.916893 100.000000 -4.916893 0.927971 185.594234 -0.301607 14.385927 100.000000 14.385927 0.408220 81.643908 0.425779 -3.890547 100.000000 -3.890547 0.069344 13.868796 -0.904827 8.611509 100.000000 8.611509
 7.200000 -0.455987 -0.889986 -0.905977 0.423327 -2.668111 -1.133682 -0.889986 -0.455987 0.423327 -0.905977 5.201187 1040.237301 -0.567459 -5.639529 100.000000 -5.639529 1.661931 332.386259 -0.273673 14.824428 100.000000 14.824428 0.000301 0.060143 0.425779 -3.890547 100.000000 -3.890547 0.000066 0.013224 -0.904827 8.611509 100.000000 8.611509
 7.400000 -0.440397 -0.897803 -0.921988 0.387219 -2.685552 -1.173183 -0.897803 -0.440397 0.387219 -0.921988 4.770768 954.153509 -0.588910 -6.345252 100.000000 -6.345252 1.894579 378.915849 -0.245739 15.262675 100.000000 15.262675 0.074343 14.868644 0.425779 -3.890547 100.000000 -3.890547 0.014724 2.944843 -0.904827 8.611509 100.000000 8.611509
 7.600000 -0.334250 -0.942484 -0.821810 0.569761 -2.800783 -0.964581 -0.942484 -0.334250 0.569761 -0.821810 5.515327 1103.065393 -0.610360 -7.034589 100.000000 -7.034589 0.677973 135.594643 -0.217805 15.657244 100.000000 15.657244 1.036542 207.308362 0.425779 -3.890547 100.000000 -3.890547 0.344590 68.917991 -0.904827 8.611509 100.000000 8.611509
 7.800000 -0.349443 -0.936958 -0.781449 0.623969 -2.784616 -0.896985 -0.936958 -0.349443 0.623969 -0.781449 4.655738 931.147501 -0.631811 -7.692557 100.000000 -7.692557 1.273155 254.630977 -0.189871 16.110559 100.000000 16.110559 1.963952 392.790439 0.425779 -3.890547 100.000000 -3.890547 0.761103 152.220626 -0.904827 8.611509 100.000000 8.611509
 8.000000 -0.193570 -0.981086 -0.866911 0.498462 -2.946793 -1.048972 -0.981086 -0.193570 0.498462 -0.866911 5.373474 1074.694872 -0.653261 -8.343482 100.000000 -8.343482 0.050031 10.006267 -0.161937 16.517150 100.000000 16.517150 0.264140 52.827924 0.425779 -3.890547 100.000000 -3.890547 0.071880 14.375903 -0.904827 8.611509 100.000000 8.611509
 8.200000 -0.262177 -0.965020 -0.812524 0.582928 -2.876315 -0.948469 -0.965020 -0.262177 0.582928 -0.812524 4.213942 842.788345 -0.674712 -8.967606 100.000000 -8.967606 0.821425 164.285077 -0.134004 16.914237 100.000000 16.914237 1.234781 246.956127 0.425779 -3.890547 100.000000 -3.890547 0.425992 85.198442 -0.904827 8.611509 100.000000 8.611509
 8.400000 -0.222896 -0.974842 -0.939581 0.342328 -2.916809 -1.221403 -0.974842 -0.222896 0.342328 -0.939581 3.883135 776.627043 -0.696162 -9.573863 100.000000 -9.573863 0.682414 136.482850 -0.106070 17.253625 100.000000 17.253625 0.348207 69.641395 0.425779 -3.890547 100.000000 -3.890547 0.060390 12.078063 -0.904827 8.611509 100.000000 8.611509
 8.600000 -0.350428 -0.936590 -0.909615 0.415453 -2.783565 -1.142356 -0.936590 -0.350428 0.415453 -0.909615 2.397550 479.510054 -0.717612 -10.156968 100.000000 -10.156968 3.707147 741.429442 -0.078136 17.544649 100.000000 17.544649 0.005332 1.066378 0.425779 -3.890547 100.000000 -3.890547 0.001146 0.229222 -0.904827 8.611509 100.000000 8.611509
 8.800000 -0.120486 -0.992715 -0.925909 0.377747 -3.020813 -1.183435 -0.992715 -0.120486 0.377747 -0.925909 3.216969 643.393738 -0.739063 -10.702875 100.000000 -10.702875 0.246990 49.397906 -0.050202 17.845626 100.000000 17.845626 0.115357 23.071387 0.425779 -3.890547 100.000000 -3.890547 0.022222 4.444491 -0.904827 8.611509 100.000000 8.611509
 9.000000 -0.174675 -0.984626 -0.868473 0.495736 -2.966017 -1.052115 -0.984626 -0.174675 0.495736 -0.868473 2.511324 502.264856 -0.760513 -11.217972 100.000000 -11.217972 1.161392 232.278302 -0.022268 18.109885 100.000000 18.109885 0.244694 48.938852 0.425779 -3.890547 100.000000 -3.890547 0.066079 13.215810 -0.904827 8.611509 100.000000 8.611509
 9.200000 0.084166 -0.996452 -0.886327 0.463059 3.057327 -1.089353 -0.996452 0.084166 0.463059 -0.886327 2.300251 460.050277 -0.781964 -11.689262 100.000000 -11.689262 0.308114 61.622718 0.005666 18.416412 100.000000 18.416412 0.069489 13.897743 0.425779 -3.890547 100.000000 -3.890547 0.017112 3.422344 -0.904827 8.611509 100.000000 8.611509
 9.400000 -0.104428 -0.994532 -0.901196 0.433412 -3.036974 -1.122521 -0.994532 -0.104428 0.433412 -0.901196 1.826306 365.261146 -0.803414 -12.122186 100.000000 -12.122186 0.952571 190.514267 0.033599 18.681444 100.000000 18.681444 0.002913 0.582534 0.425779 -3.890547 100.000000 -3.890547 0.000659 0.131842 -0.904827 8.611509 100.000000 8.611509
 9.600000 0.013765 -0.999905 -0.927404 0.374062 3.127827 -1.187411 -0.999905 0.013765 0.374062 -0.927404 1.531956 306.391213 -0.824865 -12.515404 100.000000 -12.515404 0.114090 22.818081 0.061533 18.945722 100.000000 18.945722 0.133734 26.746889 0.425779 -3.890547 100.000000 -3.890547 0.025485 5.097068 -0.904827 8.611509 100.000000 8.611509
 9.800000 -0.126541 -0.991961 -0.891809 0.452412 -3.014711 -1.101328 -0.991961 -0.126541 0.452412 -0.891809 1.060637 212.127347 -0.846315 -12.862470 100.000000 -12.862470 2.332983 466.596536 0.089467 19.268563 100.000000 19.268563 0.035465 7.092961 0.425779 -3.890547 100.000000 -3.890547 0.008473 1.694671 -0.904827 8.611509 100.000000 8.611509
 10.000000 0.127587 -0.991827 -0.935083 0.354429 3.013657 -1.208493 -0.991827 0.127587 0.354429 -0.935083 0.769563 153.912584 -0.867766 -13.165476 100.000000 -13.165476 0.005188 1.037552 0.117401 19.500750 100.000000 19.500750 0.254544 50.908714 0.425779 -3.890547 100.000000 -3.890547 0.045771 9.154192 -0.904827 8.611509 100.000000 8.611509
 10.200000 0.015266 -0.999883 -0.881630 0.471941 3.126326 -1.079306 -0.999883 0.015266 0.471941 -0.881630 0.612360 122.472076 -0.889216 -13.421131 100.000000 -13.421131 0.845897 169.179454 0.145335 19.763214 100.000000 19.763214 0.106543 21.308606 0.425779 -3.890547 100.000000 -3.890547 0.026904 5.380855 -0.904827 8.611509 100.000000 8.611509
 10.400000 0.073724 -0.997279 -0.896896 0.442242 3.067802 -1.112700 -0.997279 0.073724 0.442242 -0.896896 0.375081 75.016135 -0.910667 -13.629426 100.000000 -13.629426 0.495459 99.091840 0.173269 20.054883 100.000000 20.054883 0.013551 2.710122 0.425779 -3.890547 100.000000 -3.890547 0.003145 0.629033 -0.904827 8.611509 100.000000 8.611509
 10.600000 0.139394 -0.990237 -0.874831 0.484429 3.001744 -1.065086 -0.990237 0.139394 0.484429 -0.874831 0.168895 33.779026 -0.932117 -13.791934 100.000000 -13.791934 0.191017 38.203328 0.201202 20.403890 100.000000 20.403890 0.171988 34.397668 0.425779 -3.890547 100.000000 -3.890547 0.044989 8.997823 -0.904827 8.611509 100.000000 8.611509
 10.800000 0.078970 -0.996877 -0.900627 0.434592 3.062540 -1.121211 -0.996877 0.078970 0.434592 -0.900627 0.093784 18.756853 -0.953568 -13.891061 100.000000 -13.891061 1.127497 225.499333 0.229136 20.651833 100.000000 20.651833 0.003884 0.776712 0.425779 -3.890547 100.000000 -3.890547 0.000882 0.176384 -0.904827 8.611509 100.000000 8.611509
 11.000000 0.056212 -0.998419 -0.878523 0.477700 3.085351 -1.072762 -0.998419 0.056212 0.477700 -0.878523 0.044508 8.901679 -0.968583 -13.932637 100.000000 -13.932637 1.852382 370.476480 0.248690 20.840458 100.000000 20.840458 0.134788 26.957545 0.425779 -3.890547 100.000000 -3.890547 0.034595 6.919002 -0.904827 8.611509 100.000000 8.611509
 11.200000 0.099339 -0.995054 -0.913245 0.407411 3.042089 -1.151179 -0.995054 0.099339 0.407411 -0.913245 0.035034 7.006844 -0.968583 -13.932637 100.000000 -13.932637 1.115278 223.055589 0.248690 20.840458 100.000000 20.840458 0.016869 3.373829 0.425779 -3.890547 100.000000 -3.890547 0.003543 0.708581 -0.904827 8.611509 100.000000 8.611509
 11.400000 0.064539 -0.997915 -0.951889 0.306443 3.077009 -1.259343 -0.997915 0.064539 0.306443 -0.951889 0.043018 8.603674 -0.968583 -13.932637 100.000000 -13.932637 1.695576 339.115239 0.248690 20.840458 100.000000 20.840458 0.712060 142.411906 0.425779 -3.890547 100.000000 -3.890547 0.110742 22.148330 -0.904827 8.611509 100.000000 8.611509
 11.600000 0.138418 -0.990374 -0.900275 0.435321 3.002729 -1.120401 -0.990374 0.138418 0.435321 -0.900275 0.023742 4.748354 -0.968583 -13.932637 100.000000 -13.932637 0.607993 121.598594 0.248690 20.840458 100.000000 20.840458 0.004553 0.910504 0.425779 -3.890547 100.000000 -3.890547 0.001036 0.207198 -0.904827 8.611509 100.000000 8.611509
 11.800000 0.250830 -0.968031 -0.922872 0.385107 2.888055 -1.175473 -0.968031 0.250830 0.385107 -0.922872 0.000015 0.003047 -0.968583 -13.932637 100.000000 -13.932637 0.000229 0.045801 0.248690 20.840458 100.000000 20.840458 0.082713 16.542666 0.425779 -3.890547 100.000000 -3.890547 0.016281 3.256234 -0.904827 8.611509 100.000000 8.611509
 12.000000 0.252202 -0.967675 -0.901430 0.432926 2.886638 -1.123060 -0.967675 0.252202 0.432926 -0.901430 0.000041 0.008252 -0.968583 -13.932637 100.000000 -13.932637 0.000617 0.123317 0.248690 20.840458 100.000000 20.840458 0.002554 0.510712 0.425779 -3.890547 100.000000 -3.890547 0.000577 0.115426 -0.904827 8.611509 100.000000 8.611509
 12.200000 0.123636 -0.992328 -0.831402 0.555671 3.017639 -0.981627 -0.992328 0.123636 0.555671 -0.831402 0.028190 5.637999 -0.968583 -13.932637 100.000000 -13.932637 0.781923 156.384657 0.248690 20.840458 100.000000 20.840458 0.843592 168.718443 0.425779 -3.890547 100.000000 -3.890547 0.269560 53.911939 -0.904827 8.611509 100.000000 8.611509
 12.400000 0.229435 -0.973324 -0.905502 0.424342 2.910095 -1.132561 -0.973324 0.229435 0.424342 -0.905502 0.001124 0.224745 -0.968583 -13.932637 100.000000 -13.932637 0.018537 3.707342 0.248690 20.840458 100.000000 20.840458 0.000103 0.020656 0.425779 -3.890547 100.000000 -3.890547 0.000023 0.004555 -0.904827 8.611509 100.000000 8.611509
 12.600000 0.147911 -0.989001 -0.854172 0.519990 2.993137 -1.023957 -0.989001 0.147911 0.519990 -0.854172 0.020844 4.168740 -0.968583 -13.932637 100.000000 -13.932637 0.507818 101.563533 0.248690 20.840458 100.000000 20.840458 0.443786 88.757254 0.425779 -3.890547 100.000000 -3.890547 0.128296 25.659213 -0.904827 8.611509 100.000000 8.611509
 12.800000 0.034412 -0.999408 -0.883540 0.468355 3.107174 -1.083368 -0.999408 0.034412 0.468355 -0.883540 0.047508 9.501536 -0.968583 -13.932637 100.000000 -13.932637 2.295745 459.148937 0.248690 20.840458 100.000000 20.840458 0.090635 18.126993 0.425779 -3.890547 100.000000 -3.890547 0.022656 4.531249 -0.904827 8.611509 100.000000 8.611509
 13.000000 0.159143 -0.987256 -0.905571 0.424195 2.981770 -1.132724 -0.987256 0.159143 0.424195 -0.905571 0.017433 3.486571 -0.968583 -13.932637 100.000000 -13.932637 0.400931 80.186223 0.248690 20.840458 100.000000 20.840458 0.000126 0.025115 0.425779 -3.890547 100.000000 -3.890547 0.000028 0.005536 -0.904827 8.611509 100.000000 8.611509
 13.200000 0.083056 -0.996545 -0.915407 0.402529 3.058441 -1.156518 -0.996545 0.083056 0.402529 -0.915407 0.039093 7.818583 -0.968583 -13.932637 100.000000 -13.932637 1.371731 274.346229 0.248690 20.840458 100.000000 20.840458 0.027028 5.405688 0.425779 -3.890547 100.000000 -3.890547 0.005597 1.119388 -0.904827 8.611509 100.000000 8.611509
 13.400000 -0.044277 -0.999019 -0.898536 0.438899 -3.097301 -1.116423 -0.999019 -0.044277 0.438899 -0.898536 0.046318 9.263586 -0.968583 -13.932637 100.000000 -13.932637 4.291475 858.294911 0.248690 20.840458 100.000000 20.840458 0.008607 1.721344 0.425779 -3.890547 100.000000 -3.890547 0.001979 0.395741 -0.904827 8.611509 100.000000 8.611509
 13.600000 0.101859 -0.994799 -0.900140 0.435602 3.039557 -1.120090 -0.994799 0.101859 0.435602 -0.900140 0.034363 6.872616 -0.968583 -13.932637 100.000000 -13.932637 1.077964 215.592788 0.248690 20.840458 100.000000 20.840458 0.004824 0.964758 0.425779 -3.890547 100.000000 -3.890547 0.001099 0.219720 -0.904827 8.611509 100.000000 8.611509
 13.800000 0.063087 -0.998008 -0.912519 0.409035 3.078464 -1.149400 -0.998008 0.063087 0.409035 -0.912519 0.043291 8.658223 -0.968583 -13.932637 100.000000 -13.932637 1.722418 344.483619 0.248690 20.840458 100.000000 20.840458 0.014018 2.803675 0.425779 -3.890547 100.000000 -3.890547 0.002958 0.591606 -0.904827 8.611509 100.000000 8.611509
 14.000000 0.166888 -0.985976 -0.833384 0.552695 2.973920 -0.985202 -0.985976 0.166888 0.552695 -0.833384 0.015125 3.025080 -0.968583 -13.932637 100.000000 -13.932637 0.334580 66.916066 0.248690 20.840458 100.000000 20.840458 0.805375 161.075010 0.425779 -3.890547 100.000000 -3.890547 0.255206 51.041300 -0.904827 8.611509 100.000000 8.611509
 14.200000 0.152963 -0.988232 -0.874653 0.484750 2.988027 -1.064719 -0.988232 0.152963 0.484750 -0.874653 0.019304 3.860738 -0.968583 -13.932637 100.000000 -13.932637 0.458182 91.636433 0.248690 20.840458 100.000000 20.840458 0.173876 34.775297 0.425779 -3.890547 100.000000 -3.890547 0.045524 9.104842 -0.904827 8.611509 100.000000 8.611509
 14.400000 0.125181 -0.992134 -0.864259 0.503048 3.016083 -1.043675 -0.992134 0.125181 0.503048 -0.864259 0.027732 5.546405 -0.968583 -13.932637 100.000000 -13.932637 0.762727 152.545365 0.248690 20.840458 100.000000 20.840458 0.298520 59.703922 0.425779 -3.890547 100.000000 -3.890547 0.082290 16.457909 -0.904827 8.611509 100.000000 8.611509
 14.600000 0.263870 -0.964558 -0.915134 0.403149 2.874560 -1.155841 -0.964558 0.263870 0.403149 -0.915134 0.000810 0.162007 -0.968583 -13.932637 100.000000 -13.932637 0.011522 2.304472 0.248690 20.840458 100.000000 20.840458 0.025607 5.121304 0.425779 -3.890547 100.000000 -3.890547 0.005312 1.062405 -0.904827 8.611509 100.000000 8.611509
 14.800000 0.096479 -0.995335 -0.909864 0.414907 3.044964 -1.142956 -0.995335 0.096479 0.414907 -0.909864 0.035783 7.156633 -0.968583 -13.932637 100.000000 -13.932637 1.158412 231.682328 0.248690 20.840458 100.000000 20.840458 0.005911 1.182120 0.425779 -3.890547 100.000000 -3.890547 0.001269 0.253702 -0.904827 8.611509 100.000000 8.611509
 15.000000 0.142946 -0.989731 -0.888533 0.458814 2.998156 -1.094137 -0.989731 0.142946 0.458814 -0.888533 0.022361 4.472115 -0.968583 -13.932637 100.000000 -13.932637 0.559092 111.818395 0.248690 20.840458 100.000000 20.840458 0.054563 10.912636 0.425779 -3.890547 100.000000 -3.890547 0.013276 2.655105 -0.904827 8.611509 100.000000 8.611509
 15.200000 0.136572 -0.990630 -0.911498 0.411305 3.004592 -1.146911 -0.990630 0.136572 0.411305 -0.911498 0.024303 4.860689 -0.968583 -13.932637 100.000000 -13.932637 0.628520 125.703956 0.248690 20.840458 100.000000 20.840458 0.010476 2.095112 0.425779 -3.890547 100.000000 -3.890547 0.002225 0.444998 -0.904827 8.611509 100.000000 8.611509
 15.400000 0.177205 -0.984174 -0.850222 0.526424 2.963447 -1.016407 -0.984174 0.177205 0.526424 -0.850222 0.012154 2.430725 -0.968583 -13.932637 100.000000 -13.932637 0.255504 51.100747 0.248690 20.840458 100.000000 20.840458 0.506470 101.293963 0.425779 -3.890547 100.000000 -3.890547 0.149085 29.817041 -0.904827 8.611509 100.000000 8.611509
 15.600000 0.161302 -0.986905 -0.892910 0.450235 2.979583 -1.103768 -0.986905 0.161302 0.450235 -0.892910 0.016785 3.356955 -0.968583 -13.932637 100.000000 -13.932637 0.381836 76.367100 0.248690 20.840458 100.000000 20.840458 0.029904 5.980850 0.425779 -3.890547 100.000000 -3.890547 0.007101 1.420146 -0.904827 8.611509 100.000000 8.611509
 15.800000 0.019779 -0.999804 -0.892817 0.450420 3.121812 -1.103560 -0.999804 0.019779 0.450420 -0.892817 0.048738 9.747637 -0.968583 -13.932637 100.000000 -13.932637 2.620000 523.999921 0.248690 20.840458 100.000000 20.840458 0.030359 6.071848 0.425779 -3.890547 100.000000 -3.890547 0.007213 1.442513 -0.904827 8.611509 100.000000 8.611509
 16.000000 0.158682 -0.987330 -0.914047 0.405608 2.982237 -1.153153 -0.987330 0.158682 0.405608 -0.914047 0.017572 3.514322 -0.968583 -13.932637 100.000000 -13.932637 0.405068 81.013541 0.248690 20.840458 100.000000 20.840458 0.020345 4.068907 0.425779 -3.890547 100.000000 -3.890547 0.004251 0.850117 -0.904827 8.611509 100.000000 8.611509
 16.200000 0.190725 -0.981643 -0.950378 0.311098 2.949692 -1.254448 -0.981643 0.190725 0.311098 -0.950378 0.008529 1.705710 -0.968583 -13.932637 100.000000 -13.932637 0.167995 33.598910 0.248690 20.840458 100.000000 20.840458 0.657589 131.517888 0.425779 -3.890547 100.000000 -3.890547 0.103744 20.748728 -0.904827 8.611509 100.000000 8.611509
 16.400000 0.177741 -0.984077 -0.890896 0.454207 2.962902 -1.099314 -0.984077 0.177741 0.454207 -0.890896 0.012003 2.400699 -0.968583 -13.932637 100.000000 -13.932637 0.251689 50.337815 0.248690 20.840458 100.000000 20.840458 0.040407 8.081454 0.425779 -3.890547 100.000000 -3.890547 0.009704 1.940719 -0.904827 8.611509 100.000000 8.611509
 16.600000 0.104717 -0.994502 -0.899342 0.437245 3.036683 -1.118263 -0.994502 0.104717 0.437245 -0.899342 0.033589 6.717868 -0.968583 -13.932637 100.000000 -13.932637 1.036403 207.280553 0.248690 20.840458 100.000000 20.840458 0.006573 1.314600 0.425779 -3.890547 100.000000 -3.890547 0.001504 0.300805 -0.904827 8.611509 100.000000 8.611509
 16.800000 0.092075 -0.995752 -0.883099 0.469187 3.049387 -1.082426 -0.995752 0.092075 0.469187 -0.883099 0.036907 7.381474 -0.968583 -13.932637 100.000000 -13.932637 1.226403 245.280699 0.248690 20.840458 100.000000 20.840458 0.094212 18.842488 0.425779 -3.890547 100.000000 -3.890547 0.023606 4.721205 -0.904827 8.611509 100.000000 8.611509
 17.000000 0.199398 -0.979919 -0.871550 0.490307 2.940849 -1.058354 -0.979919 0.199398 0.490307 -0.871550 0.006425 1.284918 -0.968583 -13.932637 100.000000 -13.932637 0.121484 24.296883 0.248690 20.840458 100.000000 20.840458 0.208191 41.638212 0.425779 -3.890547 100.000000 -3.890547 0.055369 11.073747 -0.904827 8.611509 100.000000 8.611509
 17.200000 0.099880 -0.994999 -0.861648 0.507507 3.041546 -1.038508 -0.994999 0.099880 0.507507 -0.861648 0.034891 6.978217 -0.968583 -13.932637 100.000000 -13.932637 1.107217 221.443392 0.248690 20.840458 100.000000 20.840458 0.333968 66.793595 0.425779 -3.890547 100.000000 -3.890547 0.093222 18.644439 -0.904827 8.611509 100.000000 8.611509
 17.400000 0.078068 -0.996948 -0.820308 0.571922 3.063445 -0.961950 -0.996948 0.078068 0.571922 -0.820308 0.040228 8.045667 -0.968583 -13.932637 100.000000 -13.932637 1.455593 291.118698 0.248690 20.840458 100.000000 20.840458 1.067878 213.575606 0.425779 -3.890547 100.000000 -3.890547 0.357171 71.434164 -0.904827 8.611509 100.000000 8.611509
 17.600000 0.156258 -0.987716 -0.924557 0.381045 2.984692 -1.179870 -0.987716 0.156258 0.381045 -0.924557 0.018304 3.660762 -0.968583 -13.932637 100.000000 -13.932637 0.427183 85.436604 0.248690 20.840458 100.000000 20.840458 0.100058 20.011690 0.425779 -3.890547 100.000000 -3.890547 0.019463 3.892530 -0.904827 8.611509 100.000000 8.611509
 17.800000 0.111403 -0.993775 -0.881096 0.472937 3.029958 -1.078175 -0.993775 0.111403 0.472937 -0.881096 0.031732 6.346448 -0.968583 -13.932637 100.000000 -13.932637 0.942385 188.477065 0.248690 20.840458 100.000000 20.840458 0.111192 22.238438 0.425779 -3.890547 100.000000 -3.890547 0.028157 5.631497 -0.904827 8.611509 100.000000 8.611509
 18.000000 0.125983 -0.992032 -0.903413 0.428771 3.015274 -1.127664 -0.992032 0.125983 0.428771 -0.903413 0.027493 5.498670 -0.968583 -13.932637 100.000000 -13.932637 0.752849 150.569890 0.248690 20.840458 100.000000 20.840458 0.000448 0.089519 0.425779 -3.890547 100.000000 -3.890547 0.000100 0.019993 -0.904827 8.611509 100.000000 8.611509
 18.200000 0.167123 -0.985936 -0.928024 0.372521 2.973682 -1.189072 -0.985936 0.167123 0.372521 -0.928024 0.015056 3.011231 -0.968583 -13.932637 100.000000 -13.932637 0.332658 66.531626 0.248690 20.840458 100.000000 20.840458 0.141822 28.364324 0.425779 -3.890547 100.000000 -3.890547 0.026904 5.380851 -0.904827 8.611509 100.000000 8.611509
 18.400000 0.088171 -0.996105 -0.892613 0.450823 3.053307 -1.103109 -0.996105 0.088171 0.450823 -0.892613 0.037874 7.574710 -0.968583 -13.932637 100.000000 -13.932637 1.288315 257.663079 0.248690 20.840458 100.000000 20.840458 0.031359 6.271892 0.425779 -3.890547 100.000000 -3.890547 0.007459 1.491746 -0.904827 8.611509 100.000000 8.611509
 18.600000 0.113787 -0.993505 -0.903197 0.429225 3.027559 -1.127162 -0.993505 0.113787 0.429225 -0.903197 0.031055 6.211078 -0.968583 -13.932637 100.000000 -13.932637 0.909943 181.988550 0.248690 20.840458 100.000000 20.840458 0.000594 0.118743 0.425779 -3.890547 100.000000 -3.890547 0.000133 0.026554 -0.904827 8.611509 100.000000 8.611509
 18.800000 0.309173 -0.951006 -0.870666 0.491875 2.827270 -1.056555 -0.951006 0.309173 0.491875 -0.870666 0.015448 3.089587 -0.968583 -13.932637 100.000000 -13.932637 0.182908 36.581596 0.248690 20.840458 100.000000 20.840458 0.218431 43.686204 0.425779 -3.890547 100.000000 -3.890547 0.058349 11.669827 -0.904827 8.611509 100.000000 8.611509
 19.000000 0.143504 -0.989650 -0.878754 0.477275 2.997592 -1.073245 -0.989650 0.143504 0.477275 -0.878754 0.022190 4.438035 -0.968583 -13.932637 100.000000 -13.932637 0.553209 110.641716 0.248690 20.840458 100.000000 20.840458 0.132590 26.518078 0.425779 -3.890547 100.000000 -3.890547 0.033990 6.798045 -0.904827 8.611509 100.000000 8.611509
 19.200000 0.038794 -0.999247 -0.897747 0.440512 3.102789 -1.114627 -0.999247 0.038794 0.440512 -0.897747 0.047014 9.402856 -0.968583 -13.932637 100.000000 -13.932637 2.202818 440.563660 0.248690 20.840458 100.000000 20.840458 0.010853 2.170549 0.425779 -3.890547 100.000000 -3.890547 0.002507 0.501316 -0.904827 8.611509 100.000000 8.611509
 19.400000 0.120973 -0.992656 -0.907573 0.419894 3.020323 -1.137468 -0.992656 0.120973 0.419894 -0.907573 0.028975 5.794944 -0.968583 -13.932637 100.000000 -13.932637 0.815586 163.117163 0.248690 20.840458 100.000000 20.840458 0.001732 0.346413 0.425779 -3.890547 100.000000 -3.890547 0.000377 0.075421 -0.904827 8.611509 100.000000 8.611509
 19.600000 -0.038223 -0.999269 -0.935170 0.354199 -3.103360 -1.208739 -0.999269 -0.038223 0.354199 -0.935170 0.047082 9.416349 -0.968583 -13.932637 100.000000 -13.932637 4.115952 823.190446 0.248690 20.840458 100.000000 20.840458 0.256190 51.237904 0.425779 -3.890547 100.000000 -3.890547 0.046035 9.207074 -0.904827 8.611509 100.000000 8.611509
 19.800000 0.147317 -0.989089 -0.891647 0.452731 2.993738 -1.100971 -0.989089 0.147317 0.452731 -0.891647 0.021025 4.205048 -0.968583 -13.932637 100.000000 -13.932637 0.513826 102.765249 0.248690 20.840458 100.000000 20.840458 0.036319 7.263710 0.425779 -3.890547 100.000000 -3.890547 0.008685 1.737039 -0.904827 8.611509 100.000000 8.611509
 20.000000 0.042956 -0.999077 -0.912192 0.409764 3.098624 -1.148601 -0.999077 0.042956 0.409764 -0.912192 0.046494 9.298731 -0.968583 -13.932637 100.000000 -13.932637 2.116329 423.265875 0.248690 20.840458 100.000000 20.840458 0.012824 2.564884 0.425779 -3.890547 100.000000 -3.890547 0.002712 0.542359 -0.904827 8.611509 100.000000 8.611509
