#! FIELDS time sin_phi cos_phi sin_psi cos_psi phi psi cos_phi sin_phi cos_psi sin_psi restraint_phi_cos.bias restraint_phi_cos.force2 restraint_phi_cos.cos_phi_cntr restraint_phi_cos.cos_phi_work restraint_phi_cos.cos_phi_kappa restraint_phi_cos.work restraint_phi_sin.bias restraint_phi_sin.force2 restraint_phi_sin.sin_phi_cntr restraint_phi_sin.sin_phi_work restraint_phi_sin.sin_phi_kappa restraint_phi_sin.work restraint_psi_cos.bias restraint_psi_cos.force2 restraint_psi_cos.cos_psi_cntr restraint_psi_cos.cos_psi_work restraint_psi_cos.cos_psi_kappa restraint_psi_cos.work restraint_psi_sin.bias restraint_psi_sin.force2 restraint_psi_sin.sin_psi_cntr restraint_psi_sin.sin_psi_work restraint_psi_sin.sin_psi_kappa restraint_psi_sin.work
#! SET min_phi -pi
#! SET max_phi pi
#! SET min_psi -pi
#! SET max_psi pi
 0.000000 -0.999983 -0.005782 0.966116 0.258110 -1.576579 1.309731 -0.005782 -0.999983 0.258110 0.966116 0.000000 0.000000 -0.009747 0.000000 0.000000 0.000000 0.000000 0.000000 -0.999953 0.000000 0.000000 0.000000 0.000000 0.000000 0.256142 0.000000 0.000000 0.000000 0.000000 0.000000 0.966639 0.000000 0.000000 0.000000
 0.200000 -0.999087 0.042711 0.766423 0.642337 -1.528072 0.873253 0.042711 -0.999087 0.642337 0.766423 0.013759 0.275182 -0.009747 0.257002 10.000000 0.257002 0.000004 0.000075 -0.999953 0.005187 10.000000 0.005187 0.745730 14.914606 0.256142 0.286506 10.000000 0.286506 0.200433 4.008665 0.966639 0.059273 10.000000 0.059273
 0.400000 -0.986267 0.165158 0.978946 0.204119 -1.404878 1.365233 0.165158 -0.986267 0.204119 0.978946 0.305916 12.236632 -0.009747 0.364965 20.000000 0.364965 0.001873 0.074916 -0.999953 0.006203 20.000000 0.006203 0.027064 1.082578 0.256142 0.524219 20.000000 0.524219 0.001515 0.060585 0.966639 0.107379 20.000000 0.107379
 0.600000 -0.999983 0.005880 0.942791 0.333384 -1.564917 1.230906 0.005880 -0.999983 0.333384 0.942791 0.003663 0.219763 -0.009747 0.441464 30.000000 0.441464 0.000000 0.000001 -0.999953 0.006834 30.000000 0.006834 0.089493 5.369585 0.256142 0.612924 30.000000 0.612924 0.008531 0.511846 0.966639 0.114266 30.000000 0.114266
 0.800000 -0.999875 -0.015823 0.990276 0.139115 -1.586620 1.431228 -0.015823 -0.999875 0.139115 0.990276 0.000738 0.059072 -0.009747 0.516229 40.000000 0.516229 0.000000 0.000010 -0.999953 0.007346 40.000000 0.007346 0.273906 21.912471 0.256142 0.718187 40.000000 0.718187 0.011174 0.893940 0.966639 0.129740 40.000000 0.129740
 1.000000 -0.986861 0.161570 0.935190 0.354147 -1.408515 1.208794 0.161570 -0.986861 0.354147 0.935190 0.733737 73.373710 -0.009747 0.579752 50.000000 0.579752 0.004285 0.428456 -0.999953 0.007719 50.000000 0.007719 0.240124 24.012449 0.256142 0.759286 50.000000 0.759286 0.024727 2.472668 0.966639 0.134274 50.000000 0.134274
 1.200000 -0.999908 -0.013530 0.983712 0.179754 -1.584326 1.390060 -0.013530 -0.999908 0.179754 0.983712 0.000429 0.051520 -0.009747 0.605695 60.000000 0.605695 0.000000 0.000007 -0.999953 0.007801 60.000000 0.007801 0.175056 21.006728 0.256142 0.796379 60.000000 0.796379 0.008744 1.049299 0.966639 0.136581 60.000000 0.136581
 1.400000 -0.999972 0.007541 0.983853 0.178980 -1.563255 1.390847 0.007541 -0.999972 0.178980 0.983853 0.010461 1.464486 -0.009747 0.640752 70.000000 0.640752 0.000000 0.000002 -0.999953 0.007897 70.000000 0.007897 0.208393 29.175013 0.256142 0.866161 70.000000 0.866161 0.010371 1.451928 0.966639 0.145665 70.000000 0.145665
 1.600000 -0.999361 -0.035750 0.925687 0.378291 -1.606554 1.182847 -0.035750 -0.999361 0.378291 0.925687 0.027047 4.327559 -0.009747 0.688414 80.000000 0.688414 0.000014 0.002241 -0.999953 0.008109 80.000000 0.008109 0.596813 95.490116 0.256142 0.934395 80.000000 0.934395 0.067084 10.733440 0.966639 0.151090 80.000000 0.151090
 1.800000 -0.999788 -0.020585 0.979302 0.202406 -1.591383 1.366983 -0.020585 -0.999788 0.202406 0.979302 0.005286 0.951507 -0.009747 0.729460 90.000000 0.729460 0.000001 0.000219 -0.999953 0.008319 90.000000 0.008319 0.129944 23.389901 0.256142 1.003285 90.000000 1.003285 0.007215 1.298789 0.966639 0.155837 90.000000 0.155837
 2.000000 -0.999560 0.029661 0.986384 0.164460 -1.541131 1.405585 0.029661 -0.999560 0.164460 0.986384 0.077647 15.529499 -0.009747 0.766378 100.000000 0.766378 0.000008 0.001540 -0.999953 0.008476 100.000000 0.008476 0.420280 84.055963 0.256142 1.091729 100.000000 1.091729 0.019493 3.898505 0.966639 0.166550 100.000000 0.166550
 2.200000 -0.969453 0.245277 0.895387 0.445288 -1.322991 1.109300 0.245277 -0.969453 0.445288 0.895387 2.675911 535.182250 0.013937 0.659986 100.000000 0.659986 0.084871 16.974155 -0.928253 0.235228 100.000000 0.235228 2.036719 407.343825 0.243460 1.132075 100.000000 1.132075 0.001881 0.376198 0.901521 0.304634 100.000000 0.304634
 2.400000 -0.997661 0.068361 0.944003 0.329937 -1.502382 1.234560 0.068361 -0.997661 0.329937 0.944003 0.047250 9.450084 0.037620 0.590549 100.000000 0.590549 0.995551 199.110240 -0.856554 0.969251 100.000000 0.969251 0.491622 98.324316 0.230778 1.161734 100.000000 1.161734 0.578890 115.778033 0.836403 0.914580 100.000000 0.914580
 2.600000 -0.998767 0.049641 0.982048 0.188630 -1.521135 1.381029 0.049641 -0.998767 0.188630 0.982048 0.006801 1.360218 0.061304 0.531171 100.000000 0.531171 2.287919 457.583768 -0.784855 2.188440 100.000000 2.188440 0.043412 8.682349 0.218096 1.239570 100.000000 1.239570 2.221063 444.212569 0.771285 1.901161 100.000000 1.901161
 2.800000 -0.982655 0.185441 0.924076 0.382209 -1.384276 1.178611 0.185441 -0.982655 0.382209 0.924076 0.504551 100.910152 0.084987 0.321953 100.000000 0.321953 3.631498 726.299685 -0.713156 3.869423 100.000000 3.869423 1.562819 312.563897 0.205414 1.346215 100.000000 1.346215 2.374226 474.845125 0.706166 3.288399 100.000000 3.288399
 3.000000 -0.962450 0.271461 0.935486 0.353365 -1.295886 1.209631 0.271461 -0.962450 0.353365 0.935486 1.325032 265.006412 0.108670 0.145444 100.000000 0.145444 5.151819 1030.363758 -0.641457 6.007293 100.000000 6.007293 1.290143 258.028686 0.192732 1.423726 100.000000 1.423726 4.334664 866.932737 0.641048 5.132035 100.000000 5.132035
 3.200000 -0.978169 0.207809 0.949977 0.312318 -1.361462 1.253164 0.207809 -0.978169 0.312318 0.949977 0.284672 56.934446 0.132354 0.126044 100.000000 0.126044 8.340013 1668.002561 -0.569758 8.754787 100.000000 8.754787 0.874744 174.948714 0.180050 1.669352 100.000000 1.669352 6.995569 1399.113805 0.575930 7.138268 100.000000 7.138268
 3.400000 -0.989838 0.142196 0.921741 0.387807 -1.428116 1.172545 0.142196 -0.989838 0.387807 0.921741 0.009578 1.915657 0.156037 -0.086408 100.000000 -0.086408 12.092378 2418.475583 -0.498058 11.820690 100.000000 11.820690 2.429658 485.931524 0.167368 1.818232 100.000000 1.818232 8.443119 1688.623757 0.510812 9.777837 100.000000 9.777837
 3.600000 -0.971768 0.235938 0.952982 0.303026 -1.332613 1.262930 0.235938 -0.971768 0.303026 0.952982 0.158019 31.603888 0.179721 -0.449699 100.000000 -0.449699 14.873539 2974.707784 -0.426359 15.270174 100.000000 15.270174 1.100235 220.047003 0.154686 2.024271 100.000000 2.024271 12.867076 2573.415233 0.445694 12.785643 100.000000 12.785643
 3.800000 -0.966532 0.256546 0.918856 0.394593 -1.311349 1.165171 0.256546 -0.966532 0.394593 0.918856 0.141205 28.241079 0.203404 -0.826734 100.000000 -0.826734 18.719354 3743.870726 -0.354660 19.139883 100.000000 19.139883 3.190065 638.012924 0.142004 2.340336 100.000000 2.340336 14.487275 2897.455028 0.380576 16.039022 100.000000 16.039022
 4.000000 -0.915322 0.402722 0.930413 0.366513 -1.156307 1.195538 0.402722 -0.915322 0.366513 0.930413 1.542380 308.475939 0.227087 -1.245547 100.000000 -1.245547 19.994038 3998.807530 -0.282961 23.346523 100.000000 23.346523 2.812972 562.594404 0.129322 2.582069 100.000000 2.582069 18.908507 3781.701439 0.315458 19.917413 100.000000 19.917413
 4.200000 -0.822442 0.568848 0.939867 0.341540 -0.965691 1.222241 0.568848 -0.822442 0.341540 0.939867 5.058671 1011.734108 0.250771 -1.837253 100.000000 -1.837253 18.677082 3735.416437 -0.211262 27.808209 100.000000 27.808209 2.529001 505.800114 0.116640 2.991207 100.000000 2.991207 23.772426 4754.485288 0.250339 23.873335 100.000000 23.873335
 4.400000 -0.809190 0.587547 0.810951 0.585114 -0.942773 0.945776 0.587547 -0.809190 0.585114 0.810951 4.901345 980.269045 0.274454 -2.563981 100.000000 -2.563981 22.420058 4484.011536 -0.139563 32.416831 100.000000 32.416831 11.575537 2315.107419 0.103958 3.427700 100.000000 3.427700 19.576902 3915.380409 0.185221 28.230892 100.000000 28.230892
 4.600000 -0.676154 0.736760 0.894493 0.447082 -0.742530 1.107296 0.736760 -0.676154 0.447082 0.894493 9.619495 1923.899072 0.298137 -3.664367 100.000000 -3.664367 18.500869 3700.173799 -0.067864 36.302113 100.000000 36.302113 6.329887 1265.977386 0.091276 3.994850 100.000000 3.994850 29.983989 5996.797778 0.120103 32.667661 100.000000 32.667661
 4.800000 -0.601717 0.798709 0.818206 0.574925 -0.645649 0.958284 0.798709 -0.601717 0.574925 0.818206 11.371133 2274.226529 0.321821 -5.116014 100.000000 -5.116014 18.334696 3666.939120 0.003836 38.512645 100.000000 38.512645 12.317238 2463.447554 0.078594 4.638165 100.000000 4.638165 29.125310 5825.061903 0.054985 37.315023 100.000000 37.315023
 5.000000 0.302405 0.953180 -0.066933 0.997757 0.307215 -0.066983 0.953180 0.302405 0.997757 -0.066933 18.463466 3692.693181 0.345504 -6.576388 100.000000 -6.576388 2.573503 514.700603 0.075535 38.069532 100.000000 38.069532 43.416811 8683.362222 0.065912 5.698762 100.000000 5.698762 0.161313 32.262577 -0.010133 39.470642 100.000000 39.470642
 5.200000 0.518371 0.855156 -0.844301 0.535869 0.544945 -1.005260 0.855156 0.518371 0.535869 -0.844301 11.808259 2361.651854 0.369188 -7.663064 100.000000 -7.663064 6.887134 1377.426780 0.147234 34.881875 100.000000 34.881875 11.647031 2329.406245 0.053230 6.613613 100.000000 6.613613 29.571885 5914.377062 -0.075251 36.076389 100.000000 36.076389
 5.400000 0.571071 0.820901 -0.940991 0.338432 0.607810 -1.225547 0.820901 0.571071 0.338432 -0.940991 9.160469 1832.093792 0.392871 -8.736626 100.000000 -8.736626 6.200059 1240.011849 0.218933 32.375939 100.000000 32.375939 4.436739 887.347860 0.040548 7.007623 100.000000 7.007623 32.049748 6409.949508 -0.140369 30.721225 100.000000 30.721225
 5.600000 0.672240 0.740333 -0.941205 0.337837 0.737230 -1.226179 0.740333 0.672240 0.337837 -0.941205 5.241638 1048.327551 0.416554 -9.567505 100.000000 -9.567505 7.281229 1456.245762 0.290632 29.576528 100.000000 29.576528 4.804104 960.820884 0.027866 7.409379 100.000000 7.409379 27.063987 5412.797386 -0.205488 25.757640 100.000000 25.757640
 5.800000 0.737522 0.675323 -0.997446 0.071424 0.829394 -1.499311 0.675323 0.737522 0.071424 -0.997446 2.763254 552.650803 0.440238 -10.208498 100.000000 -10.208498 7.038405 1407.681089 0.362331 26.821890 100.000000 26.821890 0.158151 31.630214 0.015184 7.677274 100.000000 7.677274 26.414844 5282.968853 -0.270606 20.989203 100.000000 20.989203
 6.000000 0.815868 0.578238 -0.999857 0.016931 0.954229 -1.553864 0.578238 0.815868 0.016931 -0.999857 0.653416 130.683158 0.463921 -10.798011 100.000000 -10.798011 7.290004 1458.000764 0.434030 24.607298 100.000000 24.607298 0.010410 2.082081 0.002502 7.808046 100.000000 7.808046 22.053622 4410.724382 -0.335724 16.506231 100.000000 16.506231
 6.200000 0.755045 0.655673 -0.986342 0.164709 0.855723 -1.405334 0.655673 0.755045 0.164709 -0.986342 1.412345 282.469008 0.487605 -11.152528 100.000000 -11.152528 3.107915 621.582948 0.505730 22.404136 100.000000 22.404136 1.529308 305.861528 -0.010180 7.948295 100.000000 7.948295 17.140531 3428.106167 -0.400842 12.452272 100.000000 12.452272
 6.400000 0.777739 0.628588 -0.990074 -0.140547 0.891060 -1.711811 0.628588 0.777739 -0.140547 -0.990074 0.687965 137.592981 0.511288 -11.536023 100.000000 -11.536023 2.006200 401.239983 0.577429 20.936901 100.000000 20.936901 0.692488 138.497547 -0.022862 7.940346 100.000000 7.940346 13.734767 2746.953337 -0.465960 8.807821 100.000000 8.807821
 6.600000 0.742316 0.670050 -0.983588 0.180429 0.836520 -1.389373 0.670050 0.742316 0.180429 -0.983588 0.912313 182.462638 0.534971 -11.725012 100.000000 -11.725012 0.434201 86.840106 0.649128 19.645578 100.000000 19.645578 2.332236 466.447183 -0.035544 8.095182 100.000000 8.095182 10.238251 2047.650141 -0.531078 5.614656 100.000000 5.614656
 6.800000 0.693407 0.720546 -0.999687 0.025001 0.766206 -1.545793 0.720546 0.693407 0.025001 -0.999687 1.310447 262.089327 0.558655 -11.900827 100.000000 -11.900827 0.037594 7.518751 0.720827 18.956319 100.000000 18.956319 0.268110 53.621948 -0.048226 8.006050 100.000000 8.006050 8.140251 1628.050278 -0.596196 2.875656 100.000000 2.875656
 7.000000 0.802611 0.596503 -0.996571 -0.082742 0.931660 -1.653633 0.596503 0.802611 -0.082742 -0.996571 0.010032 2.006359 0.582338 -11.927593 100.000000 -11.927593 0.005085 1.017052 0.792526 18.561419 100.000000 18.561419 0.023835 4.767095 -0.060908 8.130297 100.000000 8.130297 5.619845 1123.968916 -0.661315 0.472132 100.000000 0.472132
 7.200000 0.814927 0.579564 -0.998857 0.047790 0.952603 -1.522989 0.579564 0.814927 0.047790 -0.998857 0.003380 0.675906 0.587785 -11.914975 100.000000 -11.914975 0.001746 0.349258 0.809017 18.519503 100.000000 18.519503 0.736656 147.331225 -0.073591 8.128869 100.000000 8.128869 3.710762 742.152457 -0.726433 -1.482579 100.000000 -1.482579
 7.400000 0.794669 0.607043 -0.999998 0.001942 0.918462 -1.568855 0.607043 0.794669 0.001942 -0.999998 0.018544 3.708778 0.587785 -11.914975 100.000000 -11.914975 0.010294 2.058750 0.809017 18.519503 100.000000 18.519503 0.389089 77.817715 -0.086273 8.121495 100.000000 8.121495 2.172514 434.502753 -0.791551 -3.011562 100.000000 -3.011562
 7.600000 0.779178 0.626802 -0.997041 -0.076870 0.893354 -1.647742 0.626802 0.779178 -0.076870 -0.997041 0.076117 15.223347 0.587785 -11.914975 100.000000 -11.914975 0.044517 8.903485 0.809017 18.519503 100.000000 18.519503 0.024386 4.877216 -0.098955 8.221494 100.000000 8.221494 0.985217 197.043399 -0.856669 -4.141935 100.000000 -4.141935
 7.800000 0.825243 0.564778 -0.994940 -0.100475 0.970633 -1.671441 0.564778 0.825243 -0.100475 -0.994940 0.026468 5.293563 0.587785 -11.914975 100.000000 -11.914975 0.013165 2.632903 0.809017 18.519503 100.000000 18.519503 0.006229 1.245779 -0.111637 8.244798 100.000000 8.244798 0.267564 53.512822 -0.921787 -4.827291 100.000000 -4.827291
 8.000000 0.818736 0.574169 -0.990884 -0.134719 0.959207 -1.705926 0.574169 0.818736 -0.134719 -0.990884 0.009269 1.853900 0.587785 -11.914975 100.000000 -11.914975 0.004723 0.944686 0.809017 18.519503 100.000000 18.519503 0.005408 1.081627 -0.124319 8.291714 100.000000 8.291714 0.000791 0.158294 -0.986905 -5.096511 100.000000 -5.096511
 8.200000 0.858181 0.513347 -0.993809 -0.111103 1.031716 -1.682129 0.513347 0.858181 -0.111103 -0.993809 0.277054 55.410763 0.587785 -11.914975 100.000000 -11.914975 0.120856 24.171216 0.809017 18.519503 100.000000 18.519503 0.010125 2.024999 -0.125333 8.295758 100.000000 8.295758 0.000144 0.028703 -0.992115 -5.099705 100.000000 -5.099705
 8.400000 0.911445 0.411422 -0.994786 -0.101983 1.146782 -1.672957 0.411422 0.911445 -0.101983 -0.994786 1.555196 311.039209 0.587785 -11.914975 100.000000 -11.914975 0.524574 104.914708 0.809017 18.519503 100.000000 18.519503 0.027261 5.452105 -0.125333 8.295758 100.000000 8.295758 0.000357 0.071363 -0.992115 -5.099705 100.000000 -5.099705
 8.600000 0.790024 0.613076 -0.980878 -0.194625 0.910848 -1.766671 0.613076 0.790024 -0.194625 -0.980878 0.031981 6.396113 0.587785 -11.914975 100.000000 -11.914975 0.018037 3.607301 0.809017 18.519503 100.000000 18.519503 0.240065 48.012984 -0.125333 8.295758 100.000000 8.295758 0.006313 1.262680 -0.992115 -5.099705 100.000000 -5.099705
 8.800000 0.802709 0.596371 -0.996423 -0.084508 0.931824 -1.655405 0.596371 0.802709 -0.084508 -0.996423 0.003685 0.737080 0.587785 -11.914975 100.000000 -11.914975 0.001989 0.397878 0.809017 18.519503 100.000000 18.519503 0.083334 16.666836 -0.125333 8.295758 100.000000 8.295758 0.000928 0.185596 -0.992115 -5.099705 100.000000 -5.099705
 9.000000 0.851418 0.524487 -0.996522 -0.083329 1.018684 -1.654222 0.524487 0.851418 -0.083329 -0.996522 0.200332 40.066320 0.587785 -11.914975 100.000000 -11.914975 0.089893 17.978688 0.809017 18.519503 100.000000 18.519503 0.088216 17.643258 -0.125333 8.295758 100.000000 8.295758 0.000971 0.194248 -0.992115 -5.099705 100.000000 -5.099705
 9.200000 0.811921 0.583767 -0.999901 -0.014068 0.947436 -1.584865 0.583767 0.811921 -0.014068 -0.999901 0.000807 0.161481 0.587785 -11.914975 100.000000 -11.914975 0.000422 0.084355 0.809017 18.519503 100.000000 18.519503 0.618993 123.798632 -0.125333 8.295758 100.000000 8.295758 0.003031 0.606270 -0.992115 -5.099705 100.000000 -5.099705
 9.400000 0.766390 0.642376 -0.996489 -0.083722 0.873202 -1.654617 0.642376 0.766390 -0.083722 -0.996489 0.149007 29.801399 0.587785 -11.914975 100.000000 -11.914975 0.090854 18.170852 0.809017 18.519503 100.000000 18.519503 0.086573 17.314637 -0.125333 8.295758 100.000000 8.295758 0.000957 0.191355 -0.992115 -5.099705 100.000000 -5.099705
 9.600000 0.869019 0.494778 -0.999770 0.021439 1.053217 -1.549355 0.494778 0.869019 0.021439 -0.999770 0.432516 86.503142 0.587785 -11.914975 100.000000 -11.914975 0.180014 36.002768 0.809017 18.519503 100.000000 18.519503 1.077111 215.422292 -0.125333 8.295758 100.000000 8.295758 0.002930 0.586059 -0.992115 -5.099705 100.000000 -5.099705
 9.800000 0.814812 0.579726 -0.985920 -0.167217 0.952404 -1.738803 0.579726 0.814812 -0.167217 -0.985920 0.003248 0.649535 0.587785 -11.914975 100.000000 -11.914975 0.001679 0.335772 0.809017 18.519503 100.000000 18.519503 0.087714 17.542791 -0.125333 8.295758 100.000000 8.295758 0.001919 0.383736 -0.992115 -5.099705 100.000000 -5.099705
 10.000000 0.761236 0.648475 -0.996599 -0.082407 0.865216 -1.653297 0.648475 0.761236 -0.082407 -0.996599 0.184165 36.832943 0.587785 -11.914975 100.000000 -11.914975 0.114153 22.830608 0.809017 18.519503 100.000000 18.519503 0.092133 18.426566 -0.125333 8.295758 100.000000 8.295758 0.001005 0.201067 -0.992115 -5.099705 100.000000 -5.099705
 10.200000 0.753515 0.657431 -0.997427 -0.071694 0.853392 -1.642552 0.657431 0.753515 -0.071694 -0.997427 0.242525 48.505045 0.587785 -11.914975 100.000000 -11.914975 0.154024 30.804812 0.809017 18.519503 100.000000 18.519503 0.143858 28.771591 -0.125333 8.295758 100.000000 8.295758 0.001411 0.282170 -0.992115 -5.099705 100.000000 -5.099705
 10.400000 0.844622 0.535364 -0.999979 -0.006451 1.005858 -1.577247 0.535364 0.844622 -0.006451 -0.999979 0.137402 27.480306 0.587785 -11.914975 100.000000 -11.914975 0.063385 12.676955 0.809017 18.519503 100.000000 18.519503 0.706652 141.330330 -0.125333 8.295758 100.000000 8.295758 0.003093 0.618502 -0.992115 -5.099705 100.000000 -5.099705
 10.600000 0.850864 0.525386 -0.999818 0.019057 1.017627 -1.551738 0.525386 0.850864 0.019057 -0.999818 0.194680 38.936080 0.587785 -11.914975 100.000000 -11.914975 0.087557 17.511478 0.809017 18.519503 100.000000 18.519503 1.042429 208.485801 -0.125333 8.295758 100.000000 8.295758 0.002967 0.593469 -0.992115 -5.099705 100.000000 -5.099705
 10.800000 0.731672 0.681656 -0.998207 0.059851 0.820772 -1.510909 0.681656 0.731672 0.059851 -0.998207 0.440590 88.117908 0.587785 -11.914975 100.000000 -11.914975 0.299109 59.821797 0.809017 18.519503 100.000000 18.519503 1.714662 342.932465 -0.125333 8.295758 100.000000 8.295758 0.001856 0.371199 -0.992115 -5.099705 100.000000 -5.099705
 11.000000 0.872340 0.488899 -0.994523 -0.104521 1.059969 -1.675509 0.488899 0.872340 -0.104521 -0.994523 0.488924 97.784702 0.587785 -11.914975 100.000000 -11.914975 0.200492 40.098458 0.809017 18.519503 100.000000 18.519503 0.021657 4.331413 -0.125333 8.295758 100.000000 8.295758 0.000290 0.057983 -0.992115 -5.099705 100.000000 -5.099705
 11.200000 0.779338 0.626604 -0.993882 -0.110448 0.893608 -1.681470 0.626604 0.779338 -0.110448 -0.993882 0.075346 15.069137 0.587785 -11.914975 100.000000 -11.914975 0.044043 8.808652 0.809017 18.519503 100.000000 18.519503 0.011079 2.215728 -0.125333 8.295758 100.000000 8.295758 0.000156 0.031230 -0.992115 -5.099705 100.000000 -5.099705
 11.400000 0.778386 0.627786 -0.999278 -0.037981 0.892090 -1.608786 0.627786 0.778386 -0.037981 -0.999278 0.080004 16.000770 0.587785 -11.914975 100.000000 -11.914975 0.046913 9.382695 0.809017 18.519503 100.000000 18.519503 0.381521 76.304252 -0.125333 8.295758 100.000000 8.295758 0.002566 0.513195 -0.992115 -5.099705 100.000000 -5.099705
 11.600000 0.815106 0.579311 -0.992620 -0.121264 0.952913 -1.692360 0.579311 0.815106 -0.121264 -0.992620 0.003590 0.718090 0.587785 -11.914975 100.000000 -11.914975 0.001854 0.370812 0.809017 18.519503 100.000000 18.519503 0.000828 0.165582 -0.125333 8.295758 100.000000 8.295758 0.000013 0.002556 -0.992115 -5.099705 100.000000 -5.099705
 11.800000 0.836863 0.547412 -0.999829 -0.018469 0.991528 -1.589266 0.547412 0.836863 -0.018469 -0.999829 0.081500 16.299937 0.587785 -11.914975 100.000000 -11.914975 0.038771 7.754114 0.809017 18.519503 100.000000 18.519503 0.570999 114.199864 -0.125333 8.295758 100.000000 8.295758 0.002976 0.595171 -0.992115 -5.099705 100.000000 -5.099705
 12.000000 0.849519 0.527558 -0.999860 -0.016703 1.015073 -1.587501 0.527558 0.849519 -0.016703 -0.999860 0.181368 36.273696 0.587785 -11.914975 100.000000 -11.914975 0.082022 16.404336 0.809017 18.519503 100.000000 18.519503 0.590021 118.004282 -0.125333 8.295758 100.000000 8.295758 0.003000 0.599972 -0.992115 -5.099705 100.000000 -5.099705
 12.200000 0.775097 0.631843 -0.997792 -0.066412 0.886868 -1.637257 0.631843 0.775097 -0.066412 -0.997792 0.097053 19.410558 0.587785 -11.914975 100.000000 -11.914975 0.057529 11.505886 0.809017 18.519503 100.000000 18.519503 0.173587 34.717421 -0.125333 8.295758 100.000000 8.295758 0.001612 0.322352 -0.992115 -5.099705 100.000000 -5.099705
 12.400000 0.842389 0.538870 -0.990172 -0.139857 1.001701 -1.711113 0.538870 0.842389 -0.139857 -0.990172 0.119633 23.926566 0.587785 -11.914975 100.000000 -11.914975 0.055683 11.136669 0.809017 18.519503 100.000000 18.519503 0.010547 2.109383 -0.125333 8.295758 100.000000 8.295758 0.000189 0.037752 -0.992115 -5.099705 100.000000 -5.099705
 12.600000 0.807235 0.590231 -0.999079 -0.042904 0.939452 -1.613714 0.590231 0.807235 -0.042904 -0.999079 0.000299 0.059806 0.587785 -11.914975 100.000000 -11.914975 0.000159 0.031771 0.809017 18.519503 100.000000 18.519503 0.339727 67.945390 -0.125333 8.295758 100.000000 8.295758 0.002425 0.485041 -0.992115 -5.099705 100.000000 -5.099705
 12.800000 0.783034 0.621979 -0.999972 -0.007452 0.899528 -1.578248 0.621979 0.783034 -0.007452 -0.999972 0.058462 11.692449 0.587785 -11.914975 100.000000 -11.914975 0.033757 6.751396 0.809017 18.519503 100.000000 18.519503 0.694802 138.960446 -0.125333 8.295758 100.000000 8.295758 0.003087 0.617408 -0.992115 -5.099705 100.000000 -5.099705
 13.000000 0.814606 0.580015 -0.999760 -0.021905 0.952050 -1.592703 0.580015 0.814606 -0.021905 -0.999760 0.003019 0.603842 0.587785 -11.914975 100.000000 -11.914975 0.001562 0.312385 0.809017 18.519503 100.000000 18.519503 0.534872 106.974338 -0.125333 8.295758 100.000000 8.295758 0.002923 0.584515 -0.992115 -5.099705 100.000000 -5.099705
 13.200000 0.872318 0.488939 -0.999119 -0.041957 1.059924 -1.612766 0.488939 0.872318 -0.041957 -0.999119 0.488533 97.706613 0.587785 -11.914975 100.000000 -11.914975 0.200352 40.070431 0.809017 18.519503 100.000000 18.519503 0.347576 69.515247 -0.125333 8.295758 100.000000 8.295758 0.002453 0.490658 -0.992115 -5.099705 100.000000 -5.099705
 13.400000 0.785714 0.618589 -0.992830 -0.119533 0.903850 -1.690616 0.618589 0.785714 -0.119533 -0.992830 0.047445 9.488991 0.587785 -11.914975 100.000000 -11.914975 0.027151 5.430120 0.809017 18.519503 100.000000 18.519503 0.001682 0.336416 -0.125333 8.295758 100.000000 8.295758 0.000026 0.005120 -0.992115 -5.099705 100.000000 -5.099705
 13.600000 0.813868 0.581049 -0.994832 -0.101536 0.950779 -1.672508 0.581049 0.813868 -0.101536 -0.994832 0.002269 0.453747 0.587785 -11.914975 100.000000 -11.914975 0.001177 0.235366 0.809017 18.519503 100.000000 18.519503 0.028315 5.663067 -0.125333 8.295758 100.000000 8.295758 0.000369 0.073830 -0.992115 -5.099705 100.000000 -5.099705
 13.800000 0.766076 0.642749 -0.999958 -0.009142 0.872714 -1.579938 0.642749 0.766076 -0.009142 -0.999958 0.151053 30.210676 0.587785 -11.914975 100.000000 -11.914975 0.092195 18.438924 0.809017 18.519503 100.000000 18.519503 0.675022 135.004419 -0.125333 8.295758 100.000000 8.295758 0.003076 0.615207 -0.992115 -5.099705 100.000000 -5.099705
 14.000000 0.796250 0.604968 -0.998813 0.048701 0.921070 -1.522076 0.604968 0.796250 0.048701 -0.998813 0.014763 2.952582 0.587785 -11.914975 100.000000 -11.914975 0.008150 1.630081 0.809017 18.519503 100.000000 18.519503 1.514395 302.879051 -0.125333 8.295758 100.000000 8.295758 0.002244 0.448726 -0.992115 -5.099705 100.000000 -5.099705
 14.200000 0.792240 0.610210 -0.996349 -0.085378 0.914471 -1.656279 0.610210 0.792240 -0.085378 -0.996349 0.025143 5.028615 0.587785 -11.914975 100.000000 -11.914975 0.014074 2.814728 0.809017 18.519503 100.000000 18.519503 0.079820 15.964055 -0.125333 8.295758 100.000000 8.295758 0.000896 0.179260 -0.992115 -5.099705 100.000000 -5.099705
 14.400000 0.806384 0.591392 -0.990315 -0.138842 0.938012 -1.710088 0.591392 0.806384 -0.138842 -0.990315 0.000650 0.130089 0.587785 -11.914975 100.000000 -11.914975 0.000347 0.069317 0.809017 18.519503 100.000000 18.519503 0.009124 1.824767 -0.125333 8.295758 100.000000 8.295758 0.000162 0.032404 -0.992115 -5.099705 100.000000 -5.099705
 14.600000 0.859741 0.510730 -0.976618 -0.214983 1.034762 -1.787471 0.510730 0.859741 -0.214983 -0.976618 0.296872 59.374364 0.587785 -11.914975 100.000000 -11.914975 0.128646 25.729117 0.809017 18.519503 100.000000 18.519503 0.401856 80.371209 -0.125333 8.295758 100.000000 8.295758 0.012008 2.401558 -0.992115 -5.099705 100.000000 -5.099705
 14.800000 0.796385 0.604790 -0.996082 -0.088435 0.921295 -1.659347 0.604790 0.796385 -0.088435 -0.996082 0.014457 2.891487 0.587785 -11.914975 100.000000 -11.914975 0.007978 1.595603 0.809017 18.519503 100.000000 18.519503 0.068074 13.614851 -0.125333 8.295758 100.000000 8.295758 0.000787 0.157391 -0.992115 -5.099705 100.000000 -5.099705
 15.000000 0.785794 0.618488 -0.999047 -0.043641 0.903979 -1.614451 0.618488 0.785794 -0.043641 -0.999047 0.047133 9.426585 0.587785 -11.914975 100.000000 -11.914975 0.026965 5.392960 0.809017 18.519503 100.000000 18.519503 0.333683 66.736654 -0.125333 8.295758 100.000000 8.295758 0.002403 0.480608 -0.992115 -5.099705 100.000000 -5.099705
 15.200000 0.877905 0.478835 -0.992328 -0.123631 1.071469 -1.694745 0.478835 0.877905 -0.123631 -0.992328 0.593506 118.701101 0.587785 -11.914975 100.000000 -11.914975 0.237276 47.455295 0.809017 18.519503 100.000000 18.519503 0.000145 0.028964 -0.125333 8.295758 100.000000 8.295758 0.000002 0.000456 -0.992115 -5.099705 100.000000 -5.099705
 15.400000 0.812094 0.583527 -0.997500 -0.070666 0.947731 -1.641521 0.583527 0.812094 -0.070666 -0.997500 0.000907 0.181332 0.587785 -11.914975 100.000000 -11.914975 0.000473 0.094666 0.809017 18.519503 100.000000 18.519503 0.149428 29.885594 -0.125333 8.295758 100.000000 8.295758 0.001450 0.290022 -0.992115 -5.099705 100.000000 -5.099705
 15.600000 0.857914 0.513794 -0.993513 -0.113721 1.031195 -1.684764 0.513794 0.857914 -0.113721 -0.993513 0.273736 54.747122 0.587785 -11.914975 100.000000 -11.914975 0.119544 23.908796 0.809017 18.519503 100.000000 18.519503 0.006742 1.348326 -0.125333 8.295758 100.000000 8.295758 0.000098 0.019543 -0.992115 -5.099705 100.000000 -5.099705
 15.800000 0.863410 0.504503 -0.988592 -0.150618 1.041990 -1.721990 0.504503 0.863410 -0.150618 -0.988592 0.346795 69.358999 0.587785 -11.914975 100.000000 -11.914975 0.147929 29.585796 0.809017 18.519503 100.000000 18.519503 0.031966 6.393229 -0.125333 8.295758 100.000000 8.295758 0.000620 0.124092 -0.992115 -5.099705 100.000000 -5.099705
 16.000000 0.749904 0.661546 -0.995493 -0.094833 0.847918 -1.665772 0.661546 0.749904 -0.094833 -0.995493 0.272033 54.406652 0.587785 -11.914975 100.000000 -11.914975 0.174714 34.942889 0.809017 18.519503 100.000000 18.519503 0.046514 9.302750 -0.125333 8.295758 100.000000 8.295758 0.000571 0.114143 -0.992115 -5.099705 100.000000 -5.099705
 16.200000 0.797094 0.603855 -0.993402 0.114686 0.922467 -1.455857 0.603855 0.797094 0.114686 -0.993402 0.012912 2.582493 0.587785 -11.914975 100.000000 -11.914975 0.007108 1.421604 0.809017 18.519503 100.000000 18.519503 2.880464 576.092744 -0.125333 8.295758 100.000000 8.295758 0.000083 0.016566 -0.992115 -5.099705 100.000000 -5.099705
 16.400000 0.847695 0.530484 -0.999712 -0.023998 1.011625 -1.594797 0.530484 0.847695 -0.023998 -0.999712 0.164172 32.834302 0.587785 -11.914975 100.000000 -11.914975 0.074799 14.959827 0.809017 18.519503 100.000000 18.519503 0.513440 102.688050 -0.125333 8.295758 100.000000 8.295758 0.002886 0.577190 -0.992115 -5.099705 100.000000 -5.099705
 16.600000 0.814297 0.580448 -0.993514 -0.113708 0.951518 -1.684751 0.580448 0.814297 -0.113708 -0.993514 0.002692 0.538382 0.587785 -11.914975 100.000000 -11.914975 0.001394 0.278833 0.809017 18.519503 100.000000 18.519503 0.006757 1.351491 -0.125333 8.295758 100.000000 8.295758 0.000098 0.019587 -0.992115 -5.099705 100.000000 -5.099705
 16.800000 0.792171 0.610299 -0.998729 -0.050395 0.914358 -1.621213 0.610299 0.792171 -0.050395 -0.998729 0.025343 5.068649 0.587785 -11.914975 100.000000 -11.914975 0.014189 2.837802 0.809017 18.519503 100.000000 18.519503 0.280787 56.157341 -0.125333 8.295758 100.000000 8.295758 0.002188 0.437538 -0.992115 -5.099705 100.000000 -5.099705
 17.000000 0.802663 0.596433 -0.997096 -0.076155 0.931746 -1.647025 0.596433 0.802663 -0.076155 -0.997096 0.003739 0.747848 0.587785 -11.914975 100.000000 -11.914975 0.002019 0.403756 0.809017 18.519503 100.000000 18.519503 0.120925 24.184958 -0.125333 8.295758 100.000000 8.295758 0.001241 0.248132 -0.992115 -5.099705 100.000000 -5.099705
 17.200000 0.851224 0.524803 -0.994537 -0.104389 1.018313 -1.675376 0.524803 0.851224 -0.104389 -0.994537 0.198339 39.667862 0.587785 -11.914975 100.000000 -11.914975 0.089071 17.814163 0.809017 18.519503 100.000000 18.519503 0.021933 4.386624 -0.125333 8.295758 100.000000 8.295758 0.000293 0.058653 -0.992115 -5.099705 100.000000 -5.099705
 17.400000 0.803431 0.595398 -0.999026 -0.044116 0.933036 -1.614927 0.595398 0.803431 -0.044116 -0.999026 0.002897 0.579492 0.587785 -11.914975 100.000000 -11.914975 0.001560 0.312018 0.809017 18.519503 100.000000 18.519503 0.329812 65.962425 -0.125333 8.295758 100.000000 8.295758 0.002389 0.477718 -0.992115 -5.099705 100.000000 -5.099705
 17.600000 0.817977 0.575250 -0.975519 -0.219916 0.957886 -1.792525 0.575250 0.817977 -0.219916 -0.975519 0.007856 1.571267 0.587785 -11.914975 100.000000 -11.914975 0.004015 0.802904 0.809017 18.519503 100.000000 18.519503 0.447299 89.459775 -0.125333 8.295758 100.000000 8.295758 0.013771 2.754266 -0.992115 -5.099705 100.000000 -5.099705
 17.800000 0.855064 0.518523 -0.977137 -0.212609 1.025674 -1.785041 0.518523 0.855064 -0.212609 -0.977137 0.239864 47.972860 0.587785 -11.914975 100.000000 -11.914975 0.106015 21.203080 0.809017 18.519503 100.000000 18.519503 0.380853 76.170577 -0.125333 8.295758 100.000000 8.295758 0.011216 2.243208 -0.992115 -5.099705 100.000000 -5.099705
 18.000000 0.845750 0.533579 -0.995924 -0.090199 1.007969 -1.661119 0.533579 0.845750 -0.090199 -0.995924 0.146913 29.382645 0.587785 -11.914975 100.000000 -11.914975 0.067465 13.493078 0.809017 18.519503 100.000000 18.519503 0.061719 12.343795 -0.125333 8.295758 100.000000 8.295758 0.000725 0.145086 -0.992115 -5.099705 100.000000 -5.099705
 18.200000 0.881999 0.471251 -0.998520 -0.054392 1.080088 -1.625216 0.471251 0.881999 -0.054392 -0.998520 0.679010 135.801916 0.587785 -11.914975 100.000000 -11.914975 0.266319 53.263811 0.809017 18.519503 100.000000 18.519503 0.251630 50.326093 -0.125333 8.295758 100.000000 8.295758 0.002051 0.410232 -0.992115 -5.099705 100.000000 -5.099705
 18.400000 0.886120 0.463455 -0.979374 -0.202058 1.088906 -1.774255 0.463455 0.886120 -0.202058 -0.979374 0.772899 154.579823 0.587785 -11.914975 100.000000 -11.914975 0.297247 59.449343 0.809017 18.519503 100.000000 18.519503 0.294333 58.866526 -0.125333 8.295758 100.000000 8.295758 0.008117 1.623355 -0.992115 -5.099705 100.000000 -5.099705
 18.600000 0.799024 0.601300 -0.996828 -0.079582 0.925670 -1.650463 0.601300 0.799024 -0.079582 -0.996828 0.009132 1.826370 0.587785 -11.914975 100.000000 -11.914975 0.004993 0.998666 0.809017 18.519503 100.000000 18.519503 0.104658 20.931554 -0.125333 8.295758 100.000000 8.295758 0.001111 0.222181 -0.992115 -5.099705 100.000000 -5.099705
 18.800000 0.805705 0.592317 -0.999996 -0.002806 0.936865 -1.573603 0.592317 0.805705 -0.002806 -0.999996 0.001027 0.205362 0.587785 -11.914975 100.000000 -11.914975 0.000548 0.109689 0.809017 18.519503 100.000000 18.519503 0.750644 150.128772 -0.125333 8.295758 100.000000 8.295758 0.003106 0.621159 -0.992115 -5.099705 100.000000 -5.099705
 19.000000 0.800546 0.599271 -0.994315 -0.106480 0.928206 -1.677478 0.599271 0.800546 -0.106480 -0.994315 0.006596 1.319214 0.587785 -11.914975 100.000000 -11.914975 0.003588 0.717533 0.809017 18.519503 100.000000 18.519503 0.017773 3.554552 -0.125333 8.295758 100.000000 8.295758 0.000242 0.048408 -0.992115 -5.099705 100.000000 -5.099705
 19.200000 0.773995 0.633191 -0.991538 -0.129817 0.885127 -1.700981 0.633191 0.773995 -0.129817 -0.991538 0.103086 20.617149 0.587785 -11.914975 100.000000 -11.914975 0.061326 12.265203 0.809017 18.519503 100.000000 18.519503 0.001005 0.201023 -0.125333 8.295758 100.000000 8.295758 0.000017 0.003326 -0.992115 -5.099705 100.000000 -5.099705
 19.400000 0.830895 0.556430 -0.991487 -0.130204 0.980714 -1.701371 0.556430 0.830895 -0.130204 -0.991487 0.049159 9.831732 0.587785 -11.914975 100.000000 -11.914975 0.023932 4.786348 0.809017 18.519503 100.000000 18.519503 0.001186 0.237210 -0.125333 8.295758 100.000000 8.295758 0.000020 0.003937 -0.992115 -5.099705 100.000000 -5.099705
 19.600000 0.862632 0.505831 -0.997865 -0.065310 1.040451 -1.636153 0.505831 0.862632 -0.065310 -0.997865 0.335823 67.164558 0.587785 -11.914975 100.000000 -11.914975 0.143731 28.746162 0.809017 18.519503 100.000000 18.519503 0.180140 36.027918 -0.125333 8.295758 100.000000 8.295758 0.001653 0.330662 -0.992115 -5.099705 100.000000 -5.099705
 19.800000 0.838600 0.544747 -0.999976 -0.006982 0.994709 -1.577778 0.544747 0.838600 -0.006982 -0.999976 0.092613 18.522699 0.587785 -11.914975 100.000000 -11.914975 0.043759 8.751711 0.809017 18.519503 100.000000 18.519503 0.700351 140.070257 -0.125333 8.295758 100.000000 8.295758 0.003090 0.617941 -0.992115 -5.099705 100.000000 -5.099705
 20.000000 0.748522 0.663110 -0.998340 -0.057593 0.845831 -1.628421 0.663110 0.748522 -0.057593 -0.998340 0.283689 56.737808 0.587785 -11.914975 100.000000 -11.914975 0.182981 36.596227 0.809017 18.519503 100.000000 18.519503 0.229439 45.887809 -0.125333 8.295758 100.000000 8.295758 0.001938 0.387564 -0.992115 -5.099705 100.000000 -5.099705
