#! FIELDS time sin_phi cos_phi sin_psi cos_psi phi psi cos_phi sin_phi cos_psi sin_psi restraint_phi_cos.bias restraint_phi_cos.force2 restraint_phi_cos.cos_phi_cntr restraint_phi_cos.cos_phi_work restraint_phi_cos.cos_phi_kappa restraint_phi_cos.work restraint_phi_sin.bias restraint_phi_sin.force2 restraint_phi_sin.sin_phi_cntr restraint_phi_sin.sin_phi_work restraint_phi_sin.sin_phi_kappa restraint_phi_sin.work restraint_psi_cos.bias restraint_psi_cos.force2 restraint_psi_cos.cos_psi_cntr restraint_psi_cos.cos_psi_work restraint_psi_cos.cos_psi_kappa restraint_psi_cos.work restraint_psi_sin.bias restraint_psi_sin.force2 restraint_psi_sin.sin_psi_cntr restraint_psi_sin.sin_psi_work restraint_psi_sin.sin_psi_kappa restraint_psi_sin.work
#! SET min_phi -pi
#! SET max_phi pi
#! SET min_psi -pi
#! SET max_psi pi
 0.000000 -0.999983 -0.005782 0.966116 0.258110 -1.576579 1.309731 -0.005782 -0.999983 0.258110 0.966116 0.000000 0.000000 -0.009747 0.000000 0.000000 0.000000 0.000000 0.000000 -0.999953 0.000000 0.000000 0.000000 0.000000 0.000000 0.256142 0.000000 0.000000 0.000000 0.000000 0.000000 0.966639 0.000000 0.000000 0.000000
 0.200000 -0.999088 0.042709 0.766423 0.642337 -1.528074 0.873253 0.042709 -0.999088 0.642337 0.766423 0.013758 0.275159 -0.009747 0.257002 10.000000 0.257002 0.000004 0.000075 -0.999953 0.005187 10.000000 0.005187 0.745730 14.914602 0.256142 0.286506 10.000000 0.286506 0.200433 4.008663 0.966639 0.059273 10.000000 0.059273
 0.400000 -0.986265 0.165169 0.978947 0.204115 -1.404867 1.365236 0.165169 -0.986265 0.204115 0.978947 0.305955 12.238181 -0.009747 0.364966 20.000000 0.364966 0.001873 0.074936 -0.999953 0.006203 20.000000 0.006203 0.027068 1.082720 0.256142 0.524217 20.000000 0.524217 0.001515 0.060592 0.966639 0.107379 20.000000 0.107379
 0.600000 -0.999983 0.005868 0.942790 0.333387 -1.564928 1.230903 0.005868 -0.999983 0.333387 0.942790 0.003657 0.219430 -0.009747 0.441464 30.000000 0.441464 0.000000 0.000001 -0.999953 0.006834 30.000000 0.006834 0.089501 5.370051 0.256142 0.612922 30.000000 0.612922 0.008532 0.511896 0.966639 0.114266 30.000000 0.114266
 0.800000 -0.999875 -0.015827 0.990276 0.139118 -1.586624 1.431226 -0.015827 -0.999875 0.139118 0.990276 0.000739 0.059153 -0.009747 0.516231 40.000000 0.516231 0.000000 0.000010 -0.999953 0.007346 40.000000 0.007346 0.273894 21.911510 0.256142 0.718189 40.000000 0.718189 0.011174 0.893913 0.966639 0.129741 40.000000 0.129741
 1.000000 -0.986859 0.161586 0.935180 0.354174 -1.408498 1.208766 0.161586 -0.986859 0.354174 0.935180 0.733875 73.387502 -0.009747 0.579755 50.000000 0.579755 0.004286 0.428629 -0.999953 0.007719 50.000000 0.007719 0.240254 24.025434 0.256142 0.759292 50.000000 0.759292 0.024742 2.474246 0.966639 0.134275 50.000000 0.134275
 1.200000 -0.999908 -0.013537 0.983709 0.179769 -1.584334 1.390045 -0.013537 -0.999908 0.179769 0.983709 0.000431 0.051724 -0.009747 0.605699 60.000000 0.605699 0.000000 0.000007 -0.999953 0.007801 60.000000 0.007801 0.174987 20.998464 0.256142 0.796382 60.000000 0.796382 0.008741 1.048962 0.966639 0.136582 60.000000 0.136582
 1.400000 -0.999972 0.007537 0.983859 0.178947 -1.563259 1.390881 0.007537 -0.999972 0.178947 0.983859 0.010455 1.463711 -0.009747 0.640752 70.000000 0.640752 0.000000 0.000002 -0.999953 0.007897 70.000000 0.007897 0.208571 29.199910 0.256142 0.866188 70.000000 0.866188 0.010378 1.452938 0.966639 0.145670 70.000000 0.145670
 1.600000 -0.999364 -0.035670 0.925705 0.378246 -1.606474 1.182896 -0.035670 -0.999364 0.378246 0.925705 0.026882 4.301040 -0.009747 0.688422 80.000000 0.688422 0.000014 0.002219 -0.999953 0.008109 80.000000 0.008109 0.596371 95.419352 0.256142 0.934443 80.000000 0.934443 0.067023 10.723746 0.966639 0.151093 80.000000 0.151093
 1.800000 -0.999793 -0.020355 0.979277 0.202525 -1.591152 1.366860 -0.020355 -0.999793 0.202525 0.979277 0.005064 0.911512 -0.009747 0.729312 90.000000 0.729312 0.000001 0.000207 -0.999953 0.008317 90.000000 0.008317 0.129366 23.285816 0.256142 1.003433 90.000000 1.003433 0.007187 1.293718 0.966639 0.155846 90.000000 0.155846
 2.000000 -0.999618 0.027638 0.985740 0.168275 -1.543154 1.401717 0.027638 -0.999618 0.168275 0.985740 0.069881 13.976280 -0.009747 0.766352 100.000000 0.766352 0.000006 0.001119 -0.999953 0.008476 100.000000 0.008476 0.386031 77.206150 0.256142 1.091180 100.000000 1.091180 0.018242 3.648469 0.966639 0.166455 100.000000 0.166455
 2.200000 -0.980684 0.195597 0.905042 0.425323 -1.373930 1.131478 0.195597 -0.980684 0.425323 0.905042 2.571882 514.376347 -0.031201 0.869287 100.000000 0.869287 0.002398 0.479539 -0.973759 0.034346 100.000000 0.034346 1.966672 393.334410 0.226996 1.173022 100.000000 1.173022 0.053382 10.676347 0.937716 0.186953 100.000000 0.186953
 2.400000 -0.999413 -0.034250 0.963390 0.268103 -1.605053 1.299373 -0.034250 -0.999413 0.268103 0.963390 0.016939 3.387828 -0.052656 0.934546 100.000000 0.934546 0.134406 26.881142 -0.947566 0.127685 100.000000 0.127685 0.246773 49.354554 0.197850 1.199816 100.000000 1.199816 0.149039 29.807825 0.908794 0.328927 100.000000 0.328927
 2.600000 -0.995682 -0.092828 0.986905 0.161303 -1.663758 1.408786 -0.092828 -0.995682 0.161303 0.986905 0.017516 3.503249 -0.074111 1.022188 100.000000 1.022188 0.276092 55.218335 -0.921373 0.283732 100.000000 0.283732 0.002738 0.547698 0.168704 1.305120 100.000000 1.305120 0.572811 114.562271 0.879871 0.556238 100.000000 0.556238
 2.800000 -0.999757 -0.022026 0.967161 0.254163 -1.592824 1.313814 -0.022026 -0.999757 0.254163 0.967161 0.270399 54.079820 -0.095565 1.155873 100.000000 1.155873 0.546821 109.364207 -0.895180 0.513814 100.000000 0.513814 0.656719 131.343809 0.139557 1.403401 100.000000 1.403401 0.675272 135.054467 0.850949 0.883704 100.000000 0.883704
 3.000000 -0.988768 -0.149458 0.997002 0.077379 -1.720817 1.493340 -0.149458 -0.988768 0.077379 0.997002 0.052613 10.522542 -0.117020 1.209289 100.000000 1.209289 0.717375 143.475069 -0.868987 0.807956 100.000000 0.807956 0.054557 10.911485 0.110411 1.383542 100.000000 1.383542 1.530828 306.165563 0.822026 1.304223 100.000000 1.304223
 3.200000 -0.997577 -0.069568 0.998907 0.046738 -1.640421 1.524041 -0.069568 -0.997577 0.046738 0.998907 0.237405 47.481002 -0.138475 1.267809 100.000000 1.267809 1.197895 239.578942 -0.842794 1.167896 100.000000 1.167896 0.059605 11.920990 0.081265 1.683062 100.000000 1.683062 2.117762 423.552454 0.793103 1.782487 100.000000 1.782487
 3.400000 -0.959667 -0.281139 0.999781 -0.020945 -1.855777 1.591743 -0.281139 -0.959667 -0.020945 0.999781 0.734594 146.918758 -0.159929 1.247595 100.000000 1.247595 1.023398 204.679515 -0.816601 1.557102 100.000000 1.557102 0.266914 53.382857 0.052119 1.714937 100.000000 1.714937 2.775368 555.073519 0.764181 2.403921 100.000000 2.403921
 3.600000 -0.954482 -0.298270 0.977705 0.209981 -1.873676 1.359241 -0.298270 -0.954482 0.209981 0.977705 0.683118 136.623661 -0.181384 1.355954 100.000000 1.355954 1.346012 269.202482 -0.790408 2.038477 100.000000 2.038477 1.748610 349.721961 0.022972 1.838627 100.000000 1.838627 2.939039 587.807759 0.735258 3.111109 100.000000 3.111109
 3.800000 -0.975346 -0.220680 0.999742 0.022695 -1.793308 1.548099 -0.220680 -0.975346 0.022695 0.999742 0.015915 3.183086 -0.202839 1.293053 100.000000 1.293053 2.228832 445.766424 -0.764214 2.552581 100.000000 2.552581 0.041672 8.334385 -0.006174 1.662200 100.000000 1.662200 4.304385 860.876909 0.706335 3.895397 100.000000 3.895397
 4.000000 -0.982607 -0.185697 0.976388 -0.216026 -1.757577 1.788539 -0.185697 -0.982607 -0.216026 0.976388 0.074485 14.896991 -0.224293 1.310736 100.000000 1.310736 2.991109 598.221830 -0.738021 3.146101 100.000000 3.146101 1.632728 326.545602 -0.035320 1.874427 100.000000 1.874427 4.469299 893.859814 0.677413 4.755861 100.000000 4.755861
 4.200000 -0.937878 -0.346965 0.999993 0.003676 -1.925129 1.567120 -0.346965 -0.937878 0.003676 0.999993 0.512241 102.448251 -0.245748 1.132517 100.000000 1.132517 2.554928 510.985641 -0.711828 3.724671 100.000000 3.724671 0.232168 46.433662 -0.064466 1.745429 100.000000 1.745429 6.177722 1235.544435 0.648490 5.704582 100.000000 5.704582
 4.400000 -0.869310 -0.494268 0.985775 -0.168069 -2.087789 1.739667 -0.494268 -0.869310 -0.168069 0.985775 2.577926 515.585148 -0.267203 1.109350 100.000000 1.109350 1.686818 337.363599 -0.685635 4.405616 100.000000 4.405616 0.277186 55.437279 -0.093613 1.615422 100.000000 1.615422 6.705406 1341.081260 0.619567 6.733836 100.000000 6.733836
 4.600000 -0.904199 -0.427111 0.946189 -0.323613 -2.012092 1.900342 -0.427111 -0.904199 -0.323613 0.946189 0.958470 191.693963 -0.288657 0.890729 100.000000 0.890729 2.995304 599.060780 -0.659442 5.058235 100.000000 5.058235 2.017124 403.424751 -0.122759 1.180445 100.000000 1.180445 6.320597 1264.119458 0.590645 7.768083 100.000000 7.768083
 4.800000 -0.897260 -0.441502 0.921712 -0.387875 -2.028068 1.969121 -0.441502 -0.897260 -0.387875 0.921712 0.863164 172.632813 -0.310112 0.698200 100.000000 0.698200 3.485101 697.020246 -0.633249 5.769716 100.000000 5.769716 2.784089 556.817740 -0.151905 1.119833 100.000000 1.119833 6.479631 1295.926186 0.561722 8.932618 100.000000 8.932618
 5.000000 -0.865304 -0.501248 0.980310 -0.197463 -2.095836 1.769566 -0.501248 -0.865304 -0.197463 0.980310 1.439580 287.915953 -0.331567 0.370177 100.000000 0.370177 3.334604 666.920765 -0.607056 6.445792 100.000000 6.445792 0.013468 2.693501 -0.181051 0.415241 100.000000 0.415241 10.013290 2002.658086 0.532800 9.938925 100.000000 9.938925
 5.200000 -0.820342 -0.571873 0.877637 -0.479327 -2.179583 2.070684 -0.571873 -0.820342 -0.479327 0.877637 2.394792 478.958326 -0.353021 0.175894 100.000000 0.175894 2.867528 573.505544 -0.580863 7.242717 100.000000 7.242717 3.621522 724.304386 -0.210198 -0.052502 100.000000 -0.052502 6.984811 1396.962246 0.503877 11.108865 100.000000 11.108865
 5.400000 -0.880139 -0.474717 0.840360 -0.542029 -2.065438 2.143646 -0.474717 -0.880139 -0.542029 0.840360 0.502408 100.481613 -0.374476 -0.285069 100.000000 -0.285069 5.296507 1059.301453 -0.554670 7.865316 100.000000 7.865316 4.580901 916.180130 -0.239344 -0.862807 100.000000 -0.862807 6.676067 1335.213308 0.474954 12.187951 100.000000 12.187951
 5.600000 -0.755817 -0.654783 0.699570 -0.714564 -2.284692 2.366797 -0.654783 -0.755817 -0.714564 0.699570 3.350232 670.046438 -0.395931 -0.642676 100.000000 -0.642676 2.584177 516.835478 -0.528476 8.621073 100.000000 8.621073 9.949086 1989.817238 -0.268490 -1.459310 100.000000 -1.459310 3.214089 642.817848 0.446032 13.413598 100.000000 13.413598
 5.800000 -0.770597 -0.637323 0.835637 -0.549282 -2.261816 2.152301 -0.637323 -0.770597 -0.549282 0.835637 2.418625 483.724998 -0.417385 -1.140199 100.000000 -1.140199 3.599605 719.921089 -0.502283 9.278857 100.000000 9.278857 3.166264 633.252750 -0.297636 -2.549808 100.000000 -2.549808 8.758296 1751.659102 0.417109 14.317192 100.000000 14.317192
 6.000000 -0.679813 -0.733386 0.636267 -0.771469 -2.394086 2.451942 -0.733386 -0.679813 -0.771469 0.636267 4.337858 867.571583 -0.438840 -1.606031 100.000000 -1.606031 2.075141 415.028122 -0.476090 9.991054 100.000000 9.991054 9.887280 1977.455903 -0.326783 -3.462131 100.000000 -3.462131 3.077207 615.441461 0.388186 15.354649 100.000000 15.354649
 6.200000 -0.773946 -0.633252 0.764472 -0.644657 -2.256544 2.271371 -0.633252 -0.773946 -0.644657 0.764472 1.495709 299.141897 -0.460295 -2.156287 100.000000 -2.156287 5.250372 1050.074445 -0.449897 10.592662 100.000000 10.592662 4.168199 833.639783 -0.355929 -4.579645 100.000000 -4.579645 8.209677 1641.935352 0.359264 16.259980 100.000000 16.259980
 6.400000 -0.553275 -0.832999 0.421562 -0.906800 -2.555303 2.706426 -0.832999 -0.553275 -0.906800 0.421562 6.168810 1233.761900 -0.481750 -2.775780 100.000000 -2.775780 0.839426 167.885130 -0.423704 11.087719 100.000000 11.087719 13.609827 2721.965417 -0.385075 -5.712616 100.000000 -5.712616 0.416058 83.211656 0.330341 17.062208 100.000000 17.062208
 6.600000 -0.708334 -0.705877 0.766146 -0.642667 -2.354457 2.268770 -0.705877 -0.708334 -0.642667 0.766146 2.053815 410.763097 -0.503204 -3.298292 100.000000 -3.298292 4.830560 966.111929 -0.397511 11.779964 100.000000 11.779964 2.609364 521.872844 -0.414221 -6.764776 100.000000 -6.764776 10.798571 2159.714152 0.301419 17.977419 100.000000 17.977419
 6.800000 -0.609820 -0.792540 0.591373 -0.806398 -2.485760 2.508832 -0.792540 -0.609820 -0.806398 0.591373 3.588019 717.603722 -0.524659 -3.941217 100.000000 -3.941217 2.844159 568.831794 -0.371318 12.249904 100.000000 12.249904 6.589547 1317.909462 -0.443368 -8.130069 100.000000 -8.130069 5.084140 1016.827962 0.272496 18.306292 100.000000 18.306292
 7.000000 -0.660459 -0.750862 0.335358 -0.942091 -2.420163 2.799608 -0.750862 -0.660459 -0.942091 0.335358 2.096100 419.220068 -0.546114 -4.488829 100.000000 -4.488829 4.971783 994.356658 -0.345125 12.901192 100.000000 12.901192 11.025125 2205.025090 -0.472514 -9.184589 100.000000 -9.184589 0.421219 84.243716 0.243573 19.174051 100.000000 19.174051
 7.200000 -0.520395 -0.853925 0.510065 -0.860136 -2.594279 2.606332 -0.853925 -0.520395 -0.860136 0.510065 4.100020 820.004052 -0.567568 -5.178095 100.000000 -5.178095 2.029385 405.877081 -0.318932 13.227007 100.000000 13.227007 6.425236 1285.047174 -0.501660 -10.510173 100.000000 -10.510173 4.363488 872.697533 0.214651 19.467056 100.000000 19.467056
 7.400000 -0.179462 -0.983765 0.162084 -0.986777 -2.961153 2.978790 -0.983765 -0.179462 -0.986777 0.162084 7.791063 1558.212654 -0.589023 -5.783111 100.000000 -5.783111 0.641581 128.316141 -0.292738 13.715439 100.000000 13.715439 10.395452 2079.090457 -0.530806 -11.620383 100.000000 -11.620383 0.027951 5.590181 0.185728 20.098069 100.000000 20.098069
 7.600000 -0.429769 -0.902939 0.573599 -0.819136 -2.697356 2.530700 -0.902939 -0.429769 -0.819136 0.573599 4.276678 855.335695 -0.610478 -6.400604 100.000000 -6.400604 1.332099 266.419867 -0.266545 14.149014 100.000000 14.149014 3.358811 671.762162 -0.559953 -12.803405 100.000000 -12.803405 8.685833 1737.166661 0.156805 20.392163 100.000000 20.392163
 7.800000 -0.471283 -0.881982 0.094461 -0.995529 -2.650847 3.046991 -0.881982 -0.471283 -0.995529 0.094461 3.126239 625.247705 -0.631932 -7.024993 100.000000 -7.024993 2.666461 533.292124 -0.240352 14.490313 100.000000 14.490313 8.259252 1651.850335 -0.589099 -13.923667 100.000000 -13.923667 0.055851 11.170170 0.127883 20.479613 100.000000 20.479613
 8.000000 -0.472738 -0.881203 0.068605 -0.997644 -2.649198 3.072934 -0.881203 -0.472738 -0.997644 0.068605 2.595012 519.002484 -0.653387 -7.572673 100.000000 -7.572673 3.343142 668.628454 -0.214159 15.026020 100.000000 15.026020 7.197170 1439.433913 -0.618245 -14.931465 100.000000 -14.931465 0.046073 9.214557 0.098960 21.015498 100.000000 21.015498
 8.200000 -0.209870 -0.977729 0.320170 -0.947360 -2.930151 2.815684 -0.977729 -0.209870 -0.947360 0.320170 4.587048 917.409666 -0.674842 -8.190768 100.000000 -8.190768 0.023989 4.797707 -0.187966 15.249771 100.000000 15.249771 4.499061 899.812289 -0.647391 -15.980867 100.000000 -15.980867 3.128309 625.661732 0.070038 21.036088 100.000000 21.036088
 8.400000 -0.220916 -0.975293 -0.024853 -0.999691 -2.918839 -3.116738 -0.975293 -0.220916 -0.999691 -0.024853 3.891952 778.390417 -0.696296 -8.720179 100.000000 -8.720179 0.174896 34.979123 -0.161773 15.622112 100.000000 15.622112 5.221407 1044.281332 -0.676538 -16.911019 100.000000 -16.911019 0.217585 43.516973 0.041115 21.323802 100.000000 21.323802
 8.600000 -0.414638 -0.909987 0.091855 -0.995772 -2.714048 3.049608 -0.909987 -0.414638 -0.995772 0.091855 1.847725 369.544914 -0.717751 -9.242751 100.000000 -9.242751 3.893669 778.733877 -0.135580 15.989240 100.000000 15.989240 4.207566 841.513132 -0.705684 -17.784771 100.000000 -17.784771 0.317306 63.461113 0.012192 21.509924 100.000000 21.509924
 8.800000 -0.233341 -0.972395 -0.124326 -0.992241 -2.906080 -3.016944 -0.972395 -0.233341 -0.992241 -0.124326 2.718860 543.771908 -0.739206 -9.738374 100.000000 -9.738374 0.768239 153.647742 -0.109387 16.298721 100.000000 16.298721 3.313027 662.605305 -0.734830 -18.587785 100.000000 -18.587785 0.578841 115.768205 -0.016730 21.501962 100.000000 21.501962
 9.000000 -0.192967 -0.981205 -0.016690 -0.999861 -2.947408 -3.124902 -0.981205 -0.192967 -0.999861 -0.016690 2.432003 486.400673 -0.760660 -10.214661 100.000000 -10.214661 0.602507 120.501315 -0.083194 16.603825 100.000000 16.603825 2.782069 556.413745 -0.763976 -19.298231 100.000000 -19.298231 0.041942 8.388348 -0.045653 21.799602 100.000000 21.799602
 9.200000 -0.241156 -0.970486 0.141632 -0.989919 -2.898036 2.999483 -0.970486 -0.241156 -0.989919 0.141632 1.774189 354.837826 -0.782115 -10.664464 100.000000 -10.664464 1.695656 339.131271 -0.057000 16.895299 100.000000 16.895299 1.936446 387.289107 -0.793123 -19.928920 100.000000 -19.928920 2.337293 467.458591 -0.074576 21.830673 100.000000 21.830673
 9.400000 -0.001999 -0.999998 -0.218110 -0.975924 -3.139594 -2.921715 -0.999998 -0.001999 -0.975924 -0.218110 1.929203 385.840584 -0.803570 -11.074671 100.000000 -11.074671 0.041497 8.299386 -0.030807 17.130910 100.000000 17.130910 1.180495 236.098971 -0.822269 -20.454793 100.000000 -20.454793 0.656797 131.359445 -0.103498 21.910179 100.000000 21.910179
 9.600000 -0.117189 -0.993110 -0.112277 -0.993677 -3.024133 -3.029078 -0.993110 -0.117189 -0.993677 -0.112277 1.412631 282.526200 -0.825024 -11.434365 100.000000 -11.434365 0.633658 126.731636 -0.004614 17.511261 100.000000 17.511261 1.011919 202.383824 -0.851415 -20.917515 100.000000 -20.917515 0.020288 4.057580 -0.132421 22.157264 100.000000 22.157264
 9.800000 -0.065786 -0.997834 -0.056802 -0.998385 -3.075759 -3.084760 -0.997834 -0.065786 -0.998385 -0.056802 1.145411 229.082272 -0.846479 -11.774690 100.000000 -11.774690 0.381631 76.326281 0.021579 17.698016 100.000000 17.698016 0.694125 138.824963 -0.880561 -21.246227 100.000000 -21.246227 0.546450 109.290073 -0.161344 22.082655 100.000000 22.082655
 10.000000 -0.022542 -0.999746 -0.204781 -0.978808 -3.119048 -2.935353 -0.999746 -0.022542 -0.978808 -0.204781 0.868721 173.744282 -0.867934 -12.068360 100.000000 -12.068360 0.247205 49.441038 0.047772 18.004706 100.000000 18.004706 0.238741 47.748210 -0.909708 -21.512815 100.000000 -21.512815 0.010534 2.106811 -0.190266 22.246941 100.000000 22.246941
 10.200000 -0.074668 -0.997208 0.002699 -0.999996 -3.066855 3.138894 -0.997208 -0.074668 -0.999996 0.002699 0.581257 116.251385 -0.889388 -12.319500 100.000000 -12.319500 1.104597 220.919482 0.073965 18.298991 100.000000 18.298991 0.186919 37.383900 -0.938854 -21.681763 100.000000 -21.681763 2.461709 492.341760 -0.219189 22.415882 100.000000 22.415882
 10.400000 -0.084561 -0.996418 -0.248975 -0.968510 -3.056931 -2.889971 -0.996418 -0.084561 -0.968510 -0.248975 0.366155 73.231088 -0.910843 -12.523001 100.000000 -12.523001 1.706056 341.211124 0.100158 18.544288 100.000000 18.544288 0.000013 0.002597 -0.968000 -21.719572 100.000000 -21.719572 0.000037 0.007463 -0.248111 22.413177 100.000000 22.413177
 10.600000 0.048397 -0.998828 -0.464102 -0.885782 3.093177 -2.658972 -0.998828 0.048397 -0.885782 -0.464102 0.221314 44.262882 -0.932298 -12.684410 100.000000 -12.684410 0.303847 60.769415 0.126351 18.879607 100.000000 18.879607 0.342803 68.560686 -0.968583 -21.719876 100.000000 -21.719876 2.320118 464.023647 -0.248690 22.414346 100.000000 22.414346
 10.800000 0.057898 -0.998322 -0.161649 -0.986848 3.083662 -2.979231 -0.998322 0.057898 -0.986848 -0.161649 0.099324 19.864817 -0.953753 -12.800526 100.000000 -12.800526 0.447895 89.579021 0.152544 19.147644 100.000000 19.147644 0.016681 3.336153 -0.968583 -21.719876 100.000000 -21.719876 0.378805 75.760979 -0.248690 22.414346 100.000000 22.414346
 11.000000 0.060308 -0.998180 -0.273408 -0.961898 3.081248 -2.864658 -0.998180 0.060308 -0.961898 -0.273408 0.026387 5.277395 -0.975207 -12.868855 100.000000 -12.868855 0.701273 140.254550 0.178738 19.426068 100.000000 19.426068 0.002235 0.446907 -0.968583 -21.719876 100.000000 -21.719876 0.030550 6.110034 -0.248690 22.414346 100.000000 22.414346
 11.200000 0.139665 -0.990199 -0.199582 -0.979881 3.001470 -2.940662 -0.990199 0.139665 -0.979881 -0.199582 0.003130 0.625935 -0.982287 -12.883385 100.000000 -12.883385 0.113844 22.768743 0.187381 19.558258 100.000000 19.558258 0.006382 1.276463 -0.968583 -21.719876 100.000000 -21.719876 0.120582 24.116329 -0.248690 22.414346 100.000000 22.414346
 11.400000 -0.126335 -0.991988 -0.067337 -0.997730 -3.014919 -3.074205 -0.991988 -0.126335 -0.997730 -0.067337 0.004705 0.940978 -0.982287 -12.883385 100.000000 -12.883385 4.920891 984.178275 0.187381 19.558258 100.000000 19.558258 0.042478 8.495570 -0.968583 -21.719876 100.000000 -21.719876 1.644452 328.890470 -0.248690 22.414346 100.000000 22.414346
 11.600000 0.109455 -0.993992 -0.286936 -0.957950 3.031917 -2.850566 -0.993992 0.109455 -0.957950 -0.286936 0.006850 1.369942 -0.982287 -12.883385 100.000000 -12.883385 0.303622 60.724396 0.187381 19.558258 100.000000 19.558258 0.005654 1.130702 -0.968583 -21.719876 100.000000 -21.719876 0.073139 14.627759 -0.248690 22.414346 100.000000 22.414346
 11.800000 -0.053335 -0.998577 -0.157361 -0.987541 -3.088233 -2.983575 -0.998577 -0.053335 -0.987541 -0.157361 0.013267 2.653458 -0.982287 -12.883385 100.000000 -12.883385 2.897212 579.442388 0.187381 19.558258 100.000000 19.558258 0.017970 3.594036 -0.968583 -21.719876 100.000000 -21.719876 0.417046 83.409166 -0.248690 22.414346 100.000000 22.414346
 12.000000 0.175770 -0.984431 -0.145514 -0.989356 2.964904 -2.995560 -0.984431 0.175770 -0.989356 -0.145514 0.000230 0.045966 -0.982287 -12.883385 100.000000 -12.883385 0.006741 1.348164 0.187381 19.558258 100.000000 19.558258 0.021576 4.315181 -0.968583 -21.719876 100.000000 -21.719876 0.532262 106.452373 -0.248690 22.414346 100.000000 22.414346
 12.200000 0.099994 -0.994988 -0.282490 -0.959270 3.041431 -2.855204 -0.994988 0.099994 -0.959270 -0.282490 0.008065 1.613096 -0.982287 -12.883385 100.000000 -12.883385 0.381826 76.365103 0.187381 19.558258 100.000000 19.558258 0.004336 0.867279 -0.968583 -21.719876 100.000000 -21.719876 0.057121 11.424162 -0.248690 22.414346 100.000000 22.414346
 12.400000 0.096444 -0.995338 -0.037098 -0.999312 3.044999 -3.104486 -0.995338 0.096444 -0.999312 -0.037098 0.008517 1.703340 -0.982287 -12.883385 100.000000 -12.883385 0.413484 82.696830 0.187381 19.558258 100.000000 19.558258 0.047212 9.442380 -0.968583 -21.719876 100.000000 -21.719876 2.238547 447.709486 -0.248690 22.414346 100.000000 22.414346
 12.600000 0.063932 -0.997954 -0.250167 -0.968203 3.077617 -2.888740 -0.997954 0.063932 -0.968203 -0.250167 0.012273 2.454542 -0.982287 -12.883385 100.000000 -12.883385 0.761981 152.396263 0.187381 19.558258 100.000000 19.558258 0.000007 0.001447 -0.968583 -21.719876 100.000000 -21.719876 0.000109 0.021811 -0.248690 22.414346 100.000000 22.414346
 12.800000 0.164448 -0.986386 -0.154764 -0.987951 2.976394 -2.986204 -0.986386 0.164448 -0.987951 -0.154764 0.000840 0.167979 -0.982287 -12.883385 100.000000 -12.883385 0.026297 5.259437 0.187381 19.558258 100.000000 19.558258 0.018756 3.751295 -0.968583 -21.719876 100.000000 -21.719876 0.441101 88.220144 -0.248690 22.414346 100.000000 22.414346
 13.000000 0.007408 -0.999973 -0.149822 -0.988713 3.134184 -2.991204 -0.999973 0.007408 -0.988713 -0.149822 0.015639 3.127701 -0.982287 -12.883385 100.000000 -12.883385 1.619511 323.902160 0.187381 19.558258 100.000000 19.558258 0.020260 4.052099 -0.968583 -21.719876 100.000000 -21.719876 0.488743 97.748625 -0.248690 22.414346 100.000000 22.414346
 13.200000 0.100103 -0.994977 -0.323950 -0.946074 3.041322 -2.811691 -0.994977 0.100103 -0.946074 -0.323950 0.008052 1.610322 -0.982287 -12.883385 100.000000 -12.883385 0.380877 76.175306 0.187381 19.558258 100.000000 19.558258 0.025333 5.066602 -0.968583 -21.719876 100.000000 -21.719876 0.283208 56.641528 -0.248690 22.414346 100.000000 22.414346
 13.400000 0.127459 -0.991844 -0.240157 -0.970734 3.013786 -2.899065 -0.991844 0.127459 -0.970734 -0.240157 0.004566 0.913281 -0.982287 -12.883385 100.000000 -12.883385 0.179534 35.906708 0.187381 19.558258 100.000000 19.558258 0.000231 0.046263 -0.968583 -21.719876 100.000000 -21.719876 0.003640 0.728091 -0.248690 22.414346 100.000000 22.414346
 13.600000 0.015427 -0.999881 -0.130052 -0.991507 3.126165 -3.011171 -0.999881 0.015427 -0.991507 -0.130052 0.015477 3.095399 -0.982287 -12.883385 100.000000 -12.883385 1.478413 295.682555 0.187381 19.558258 100.000000 19.558258 0.026276 5.255101 -0.968583 -21.719876 100.000000 -21.719876 0.703747 140.749360 -0.248690 22.414346 100.000000 22.414346
 13.800000 0.186743 -0.982409 -0.316825 -0.948484 2.953747 -2.819212 -0.982409 0.186743 -0.948484 -0.316825 0.000001 0.000148 -0.982287 -12.883385 100.000000 -12.883385 0.000020 0.004075 0.187381 19.558258 100.000000 19.558258 0.020199 4.039759 -0.968583 -21.719876 100.000000 -21.719876 0.232120 46.423945 -0.248690 22.414346 100.000000 22.414346
 14.000000 -0.051849 -0.998655 -0.104779 -0.994496 -3.089720 -3.036621 -0.998655 -0.051849 -0.994496 -0.104779 0.013395 2.679008 -0.982287 -12.883385 100.000000 -12.883385 2.861562 572.312456 0.187381 19.558258 100.000000 19.558258 0.033573 6.714528 -0.968583 -21.719876 100.000000 -21.719876 1.035522 207.104429 -0.248690 22.414346 100.000000 22.414346
 14.200000 0.193421 -0.981116 -0.229796 -0.973239 2.946945 -2.909724 -0.981116 0.193421 -0.973239 -0.229796 0.000069 0.013723 -0.982287 -12.883385 100.000000 -12.883385 0.001824 0.364806 0.187381 19.558258 100.000000 19.558258 0.001084 0.216746 -0.968583 -21.719876 100.000000 -21.719876 0.017849 3.569702 -0.248690 22.414346 100.000000 22.414346
 14.400000 0.106499 -0.994313 -0.182997 -0.983113 3.034892 -2.957559 -0.994313 0.106499 -0.983113 -0.182997 0.007231 1.446147 -0.982287 -12.883385 100.000000 -12.883385 0.327100 65.419911 0.187381 19.558258 100.000000 19.558258 0.010557 2.111307 -0.968583 -21.719876 100.000000 -21.719876 0.215779 43.155749 -0.248690 22.414346 100.000000 22.414346
 14.600000 -0.006263 -0.999980 -0.086021 -0.996293 -3.135330 -3.055466 -0.999980 -0.006263 -0.996293 -0.086021 0.015652 3.130472 -0.982287 -12.883385 100.000000 -12.883385 1.874897 374.979460 0.187381 19.558258 100.000000 19.558258 0.038393 7.678555 -0.968583 -21.719876 100.000000 -21.719876 1.323066 264.613251 -0.248690 22.414346 100.000000 22.414346
 14.800000 0.098243 -0.995162 -0.302622 -0.953111 3.043191 -2.834150 -0.995162 0.098243 -0.953111 -0.302622 0.008289 1.657715 -0.982287 -12.883385 100.000000 -12.883385 0.397284 79.456805 0.187381 19.558258 100.000000 19.558258 0.011970 2.393981 -0.968583 -21.719876 100.000000 -21.719876 0.145434 29.086702 -0.248690 22.414346 100.000000 22.414346
 15.000000 0.088635 -0.996064 -0.242278 -0.970207 3.052842 -2.896879 -0.996064 0.088635 -0.970207 -0.242278 0.009490 1.898048 -0.982287 -12.883385 100.000000 -12.883385 0.487547 97.509301 0.187381 19.558258 100.000000 19.558258 0.000132 0.026364 -0.968583 -21.719876 100.000000 -21.719876 0.002056 0.411112 -0.248690 22.414346 100.000000 22.414346
 15.200000 0.072264 -0.997386 -0.152660 -0.988279 3.069265 -2.988333 -0.997386 0.072264 -0.988279 -0.152660 0.011398 2.279577 -0.982287 -12.883385 100.000000 -12.883385 0.662596 132.519290 0.187381 19.558258 100.000000 19.558258 0.019396 3.879150 -0.968583 -21.719876 100.000000 -21.719876 0.461084 92.216767 -0.248690 22.414346 100.000000 22.414346
 15.400000 0.165050 -0.986285 -0.209659 -0.977775 2.975784 -2.930366 -0.986285 0.165050 -0.977775 -0.209659 0.000799 0.159831 -0.982287 -12.883385 100.000000 -12.883385 0.024934 4.986707 0.187381 19.558258 100.000000 19.558258 0.004224 0.844817 -0.968583 -21.719876 100.000000 -21.719876 0.076170 15.234064 -0.248690 22.414346 100.000000 22.414346
 15.600000 0.024821 -0.999692 -0.183979 -0.982930 3.116769 -2.956560 -0.999692 0.024821 -0.982930 -0.183979 0.015146 3.029221 -0.982287 -12.883385 100.000000 -12.883385 1.321291 264.258103 0.187381 19.558258 100.000000 19.558258 0.010292 2.058378 -0.968583 -21.719876 100.000000 -21.719876 0.209376 41.875244 -0.248690 22.414346 100.000000 22.414346
 15.800000 0.012795 -0.999918 -0.101345 -0.994851 3.128797 -3.040073 -0.999918 0.012795 -0.994851 -0.101345 0.015542 3.108483 -0.982287 -12.883385 100.000000 -12.883385 1.524019 304.803721 0.187381 19.558258 100.000000 19.558258 0.034501 6.900160 -0.968583 -21.719876 100.000000 -21.719876 1.085522 217.104432 -0.248690 22.414346 100.000000 22.414346
 16.000000 0.108370 -0.994111 -0.289662 -0.957129 3.033009 -2.847719 -0.994111 0.108370 -0.957129 -0.289662 0.006990 1.397910 -0.982287 -12.883385 100.000000 -12.883385 0.312136 62.427112 0.187381 19.558258 100.000000 19.558258 0.006560 1.311976 -0.968583 -21.719876 100.000000 -21.719876 0.083936 16.787126 -0.248690 22.414346 100.000000 22.414346
 16.200000 0.032934 -0.999458 -0.082262 -0.996611 3.108653 -3.059238 -0.999458 0.032934 -0.996611 -0.082262 0.014741 2.948184 -0.982287 -12.883385 100.000000 -12.883385 1.192698 238.539657 0.187381 19.558258 100.000000 19.558258 0.039277 7.855472 -0.968583 -21.719876 100.000000 -21.719876 1.384920 276.983915 -0.248690 22.414346 100.000000 22.414346
 16.400000 0.072732 -0.997352 -0.239878 -0.970803 3.068796 -2.899353 -0.997352 0.072732 -0.970803 -0.239878 0.011347 2.269317 -0.982287 -12.883385 100.000000 -12.883385 0.657220 131.444078 0.187381 19.558258 100.000000 19.558258 0.000246 0.049279 -0.968583 -21.719876 100.000000 -21.719876 0.003883 0.776501 -0.248690 22.414346 100.000000 22.414346
 16.600000 0.100947 -0.994892 -0.300661 -0.953731 3.040474 -2.836207 -0.994892 0.100947 -0.953731 -0.300661 0.007944 1.588757 -0.982287 -12.883385 100.000000 -12.883385 0.373548 74.709507 0.187381 19.558258 100.000000 19.558258 0.011029 2.205805 -0.968583 -21.719876 100.000000 -21.719876 0.135048 27.009528 -0.248690 22.414346 100.000000 22.414346
 16.800000 -0.070110 -0.997539 -0.167273 -0.985911 -3.071425 -2.973530 -0.997539 -0.070110 -0.985911 -0.167273 0.011631 2.326230 -0.982287 -12.883385 100.000000 -12.883385 3.315101 663.020151 0.187381 19.558258 100.000000 19.558258 0.015012 3.002415 -0.968583 -21.719876 100.000000 -21.719876 0.331437 66.287326 -0.248690 22.414346 100.000000 22.414346
 17.000000 0.164827 -0.986322 -0.322245 -0.946656 2.976010 -2.813492 -0.986322 0.164827 -0.946656 -0.322245 0.000814 0.162832 -0.982287 -12.883385 100.000000 -12.883385 0.025435 5.086976 0.187381 19.558258 100.000000 19.558258 0.024039 4.807890 -0.968583 -21.719876 100.000000 -21.719876 0.270519 54.103744 -0.248690 22.414346 100.000000 22.414346
 17.200000 0.038754 -0.999249 -0.231783 -0.972768 3.102829 -2.907683 -0.999249 0.038754 -0.972768 -0.231783 0.014385 2.876931 -0.982287 -12.883385 100.000000 -12.883385 1.104499 220.899728 0.187381 19.558258 100.000000 19.558258 0.000875 0.175096 -0.968583 -21.719876 100.000000 -21.719876 0.014293 2.858564 -0.248690 22.414346 100.000000 22.414346
 17.400000 0.075768 -0.997125 -0.154250 -0.988032 3.065752 -2.986724 -0.997125 0.075768 -0.988032 -0.154250 0.011009 2.201734 -0.982287 -12.883385 100.000000 -12.883385 0.622879 124.575811 0.187381 19.558258 100.000000 19.558258 0.018913 3.782502 -0.968583 -21.719876 100.000000 -21.719876 0.445943 89.188509 -0.248690 22.414346 100.000000 22.414346
 17.600000 0.016114 -0.999870 -0.384018 -0.923326 3.125478 -2.747449 -0.999870 0.016114 -0.923326 -0.384018 0.015458 3.091590 -0.982287 -12.883385 100.000000 -12.883385 1.466631 293.326218 0.187381 19.558258 100.000000 19.558258 0.102412 20.482363 -0.968583 -21.719876 100.000000 -21.719876 0.915681 183.136266 -0.248690 22.414346 100.000000 22.414346
 17.800000 0.057946 -0.998320 -0.229189 -0.973382 3.083615 -2.910349 -0.998320 0.057946 -0.973382 -0.229189 0.012852 2.570409 -0.982287 -12.883385 100.000000 -12.883385 0.837681 167.536191 0.187381 19.558258 100.000000 19.558258 0.001151 0.230292 -0.968583 -21.719876 100.000000 -21.719876 0.019015 3.802999 -0.248690 22.414346 100.000000 22.414346
 18.000000 0.028408 -0.999596 -0.121691 -0.992568 3.113181 -3.019599 -0.999596 0.028408 -0.992568 -0.121691 0.014980 2.996073 -0.982287 -12.883385 100.000000 -12.883385 1.263630 252.725953 0.187381 19.558258 100.000000 19.558258 0.028764 5.752747 -0.968583 -21.719876 100.000000 -21.719876 0.806437 161.287440 -0.248690 22.414346 100.000000 22.414346
 18.200000 0.129462 -0.991584 -0.216752 -0.976227 3.011766 -2.923106 -0.991584 0.129462 -0.976227 -0.216752 0.004322 0.864357 -0.982287 -12.883385 100.000000 -12.883385 0.167730 33.545977 0.187381 19.558258 100.000000 19.558258 0.002921 0.584234 -0.968583 -21.719876 100.000000 -21.719876 0.051001 10.200230 -0.248690 22.414346 100.000000 22.414346
 18.400000 0.090919 -0.995858 -0.005536 -0.999985 3.050548 -3.136057 -0.995858 0.090919 -0.999985 -0.005536 0.009209 1.841737 -0.982287 -12.883385 100.000000 -12.883385 0.465251 93.050197 0.187381 19.558258 100.000000 19.558258 0.049303 9.860553 -0.968583 -21.719876 100.000000 -21.719876 2.956202 591.240456 -0.248690 22.414346 100.000000 22.414346
 18.600000 0.002454 -0.999997 -0.242597 -0.970127 3.139138 -2.896551 -0.999997 0.002454 -0.970127 -0.242597 0.015682 3.136348 -0.982287 -12.883385 100.000000 -12.883385 1.709899 341.979857 0.187381 19.558258 100.000000 19.558258 0.000119 0.023841 -0.968583 -21.719876 100.000000 -21.719876 0.001856 0.371257 -0.248690 22.414346 100.000000 22.414346
 18.800000 0.093526 -0.995617 -0.118157 -0.992995 3.047930 -3.023159 -0.995617 0.093526 -0.992995 -0.118157 0.008884 1.776776 -0.982287 -12.883385 100.000000 -12.883385 0.440440 88.087995 0.187381 19.558258 100.000000 19.558258 0.029797 5.959372 -0.968583 -21.719876 100.000000 -21.719876 0.851948 170.389640 -0.248690 22.414346 100.000000 22.414346
 19.000000 0.032725 -0.999464 -0.051642 -0.998666 3.108862 -3.089927 -0.999464 0.032725 -0.998666 -0.051642 0.014753 2.950540 -0.982287 -12.883385 100.000000 -12.883385 1.195925 239.185002 0.187381 19.558258 100.000000 19.558258 0.045248 9.049562 -0.968583 -21.719876 100.000000 -21.719876 1.941390 388.277938 -0.248690 22.414346 100.000000 22.414346
 19.200000 0.071150 -0.997466 -0.244654 -0.969611 3.070382 -2.894430 -0.997466 0.071150 -0.969611 -0.244654 0.011519 2.303828 -0.982287 -12.883385 100.000000 -12.883385 0.675484 135.096839 0.187381 19.558258 100.000000 19.558258 0.000053 0.010554 -0.968583 -21.719876 100.000000 -21.719876 0.000815 0.162904 -0.248690 22.414346 100.000000 22.414346
 19.400000 0.033166 -0.999450 -0.058118 -0.998310 3.108421 -3.083442 -0.999450 0.033166 -0.998310 -0.058118 0.014728 2.945555 -0.982287 -12.883385 100.000000 -12.883385 1.189124 237.824895 0.187381 19.558258 100.000000 19.558258 0.044183 8.836678 -0.968583 -21.719876 100.000000 -21.719876 1.815879 363.175826 -0.248690 22.414346 100.000000 22.414346
 19.600000 0.072997 -0.997332 -0.155356 -0.987859 3.068530 -2.985605 -0.997332 0.072997 -0.987859 -0.155356 0.011317 2.263482 -0.982287 -12.883385 100.000000 -12.883385 0.654183 130.836582 0.187381 19.558258 100.000000 19.558258 0.018577 3.715388 -0.968583 -21.719876 100.000000 -21.719876 0.435558 87.111597 -0.248690 22.414346 100.000000 22.414346
 19.800000 0.008081 -0.999967 -0.178942 -0.983860 3.133511 -2.961682 -0.999967 0.008081 -0.983860 -0.178942 0.015629 3.125858 -0.982287 -12.883385 100.000000 -12.883385 1.607427 321.485488 0.187381 19.558258 100.000000 19.558258 0.011669 2.333729 -0.968583 -21.719876 100.000000 -21.719876 0.243242 48.648327 -0.248690 22.414346 100.000000 22.414346
 20.000000 0.051613 -0.998667 -0.172142 -0.985072 3.089957 -2.968589 -0.998667 0.051613 -0.985072 -0.172142 0.013415 2.683012 -0.982287 -12.883385 100.000000 -12.883385 0.921649 184.329862 0.187381 19.558258 100.000000 19.558258 0.013594 2.718883 -0.968583 -21.719876 100.000000 -21.719876 0.292981 58.596228 -0.248690 22.414346 100.000000 22.414346
