#! FIELDS time sin_phi cos_phi sin_psi cos_psi phi psi cos_phi sin_phi cos_psi sin_psi restraint_phi_cos.bias restraint_phi_cos.force2 restraint_phi_cos.cos_phi_cntr restraint_phi_cos.cos_phi_work restraint_phi_cos.cos_phi_kappa restraint_phi_cos.work restraint_phi_sin.bias restraint_phi_sin.force2 restraint_phi_sin.sin_phi_cntr restraint_phi_sin.sin_phi_work restraint_phi_sin.sin_phi_kappa restraint_phi_sin.work restraint_psi_cos.bias restraint_psi_cos.force2 restraint_psi_cos.cos_psi_cntr restraint_psi_cos.cos_psi_work restraint_psi_cos.cos_psi_kappa restraint_psi_cos.work restraint_psi_sin.bias restraint_psi_sin.force2 restraint_psi_sin.sin_psi_cntr restraint_psi_sin.sin_psi_work restraint_psi_sin.sin_psi_kappa restraint_psi_sin.work
#! SET min_phi -pi
#! SET max_phi pi
#! SET min_psi -pi
#! SET max_psi pi
 0.000000 -0.999983 -0.005782 0.966116 0.258110 -1.576579 1.309731 -0.005782 -0.999983 0.258110 0.966116 0.000000 0.000000 -0.009747 0.000000 0.000000 0.000000 0.000000 0.000000 -0.999953 0.000000 0.000000 0.000000 0.000000 0.000000 0.256142 0.000000 0.000000 0.000000 0.000000 0.000000 0.966639 0.000000 0.000000 0.000000
 0.200000 -0.999088 0.042709 0.766423 0.642337 -1.528074 0.873253 0.042709 -0.999088 0.642337 0.766423 0.013758 0.275159 -0.009747 0.257002 10.000000 0.257002 0.000004 0.000075 -0.999953 0.005187 10.000000 0.005187 0.745730 14.914602 0.256142 0.286506 10.000000 0.286506 0.200433 4.008663 0.966639 0.059273 10.000000 0.059273
 0.400000 -0.986265 0.165169 0.978947 0.204115 -1.404867 1.365236 0.165169 -0.986265 0.204115 0.978947 0.305955 12.238181 -0.009747 0.364966 20.000000 0.364966 0.001873 0.074936 -0.999953 0.006203 20.000000 0.006203 0.027068 1.082720 0.256142 0.524217 20.000000 0.524217 0.001515 0.060592 0.966639 0.107379 20.000000 0.107379
 0.600000 -0.999983 0.005868 0.942790 0.333387 -1.564928 1.230903 0.005868 -0.999983 0.333387 0.942790 0.003657 0.219430 -0.009747 0.441464 30.000000 0.441464 0.000000 0.000001 -0.999953 0.006834 30.000000 0.006834 0.089501 5.370051 0.256142 0.612922 30.000000 0.612922 0.008532 0.511896 0.966639 0.114266 30.000000 0.114266
 0.800000 -0.999875 -0.015827 0.990276 0.139118 -1.586624 1.431226 -0.015827 -0.999875 0.139118 0.990276 0.000739 0.059153 -0.009747 0.516231 40.000000 0.516231 0.000000 0.000010 -0.999953 0.007346 40.000000 0.007346 0.273894 21.911510 0.256142 0.718189 40.000000 0.718189 0.011174 0.893913 0.966639 0.129741 40.000000 0.129741
 1.000000 -0.986859 0.161586 0.935180 0.354174 -1.408498 1.208766 0.161586 -0.986859 0.354174 0.935180 0.733875 73.387502 -0.009747 0.579755 50.000000 0.579755 0.004286 0.428629 -0.999953 0.007719 50.000000 0.007719 0.240254 24.025434 0.256142 0.759292 50.000000 0.759292 0.024742 2.474246 0.966639 0.134275 50.000000 0.134275
 1.200000 -0.999908 -0.013537 0.983709 0.179769 -1.584334 1.390045 -0.013537 -0.999908 0.179769 0.983709 0.000431 0.051724 -0.009747 0.605699 60.000000 0.605699 0.000000 0.000007 -0.999953 0.007801 60.000000 0.007801 0.174987 20.998464 0.256142 0.796382 60.000000 0.796382 0.008741 1.048962 0.966639 0.136582 60.000000 0.136582
 1.400000 -0.999972 0.007537 0.983859 0.178947 -1.563259 1.390881 0.007537 -0.999972 0.178947 0.983859 0.010455 1.463711 -0.009747 0.640752 70.000000 0.640752 0.000000 0.000002 -0.999953 0.007897 70.000000 0.007897 0.208571 29.199910 0.256142 0.866188 70.000000 0.866188 0.010378 1.452938 0.966639 0.145670 70.000000 0.145670
 1.600000 -0.999364 -0.035670 0.925705 0.378246 -1.606474 1.182896 -0.035670 -0.999364 0.378246 0.925705 0.026882 4.301040 -0.009747 0.688422 80.000000 0.688422 0.000014 0.002219 -0.999953 0.008109 80.000000 0.008109 0.596371 95.419352 0.256142 0.934443 80.000000 0.934443 0.067023 10.723746 0.966639 0.151093 80.000000 0.151093
 1.800000 -0.999793 -0.020355 0.979277 0.202525 -1.591152 1.366860 -0.020355 -0.999793 0.202525 0.979277 0.005064 0.911512 -0.009747 0.729312 90.000000 0.729312 0.000001 0.000207 -0.999953 0.008317 90.000000 0.008317 0.129366 23.285816 0.256142 1.003433 90.000000 1.003433 0.007187 1.293718 0.966639 0.155846 90.000000 0.155846
 2.000000 -0.999618 0.027638 0.985740 0.168275 -1.543154 1.401717 0.027638 -0.999618 0.168275 0.985740 0.069881 13.976280 -0.009747 0.766352 100.000000 0.766352 0.000006 0.001119 -0.999953 0.008476 100.000000 0.008476 0.386031 77.206150 0.256142 1.091180 100.000000 1.091180 0.018242 3.648469 0.966639 0.166455 100.000000 0.166455
 2.200000 -0.980027 0.198866 0.897510 0.440995 -1.370595 1.114090 0.198866 -0.980027 0.440995 0.897510 2.602410 520.482061 -0.029274 0.860365 100.000000 0.860365 0.017796 3.559119 -0.961161 0.071051 100.000000 0.071051 2.135240 427.048074 0.234343 1.158182 100.000000 1.158182 0.010782 2.156470 0.912195 0.263504 100.000000 0.263504
 2.400000 -0.999573 -0.029213 0.954860 0.297056 -1.600014 1.269188 -0.029213 -0.999573 0.297056 0.954860 0.019186 3.837164 -0.048802 0.920560 100.000000 0.920560 0.298021 59.604235 -0.922369 0.282537 100.000000 0.282537 0.357115 71.422919 0.212544 1.197407 100.000000 1.197407 0.471516 94.303162 0.857750 0.713425 100.000000 0.713425
 2.600000 -0.995965 -0.089743 0.981086 0.193571 -1.660660 1.375996 -0.089743 -0.995965 0.193571 0.981086 0.022926 4.585191 -0.068330 0.999002 100.000000 0.999002 0.631543 126.308589 -0.883578 0.635380 100.000000 0.635380 0.000399 0.079831 0.190745 1.313652 100.000000 1.313652 1.580299 316.059729 0.803306 1.440549 100.000000 1.440549
 2.800000 -0.999970 -0.007794 0.951172 0.308661 -1.578591 1.257012 -0.007794 -0.999970 0.308661 0.951172 0.320506 64.101253 -0.087857 1.128592 100.000000 1.128592 1.204093 240.818520 -0.844786 1.146840 100.000000 1.146840 0.976003 195.200621 0.168946 1.443888 100.000000 1.443888 2.046489 409.297838 0.748861 2.482361 100.000000 2.482361
 3.000000 -0.992294 -0.123909 0.990453 0.137851 -1.695025 1.432505 -0.123909 -0.992294 0.137851 0.990453 0.013652 2.730479 -0.107385 1.167292 100.000000 1.167292 1.735361 347.072198 -0.805995 1.803391 100.000000 1.803391 0.004321 0.864192 0.147147 1.491219 100.000000 1.491219 4.381875 876.374908 0.694417 3.840674 100.000000 3.840674
 3.200000 -0.996647 -0.081821 0.977169 0.212465 -1.652709 1.356699 -0.081821 -0.996647 0.212465 0.977169 0.101664 20.332860 -0.126913 1.219820 100.000000 1.219820 2.632222 526.444494 -0.767203 2.608413 100.000000 2.608413 0.379466 75.893267 0.125348 1.863253 100.000000 1.863253 5.685073 1137.014659 0.639972 5.344585 100.000000 5.344585
 3.400000 -0.952760 -0.303725 0.978322 0.207089 -1.879397 1.362198 -0.303725 -0.952760 0.207089 0.978322 1.236924 247.384889 -0.146441 1.219810 100.000000 1.219810 2.516599 503.319711 -0.728412 3.519640 100.000000 3.519640 0.536025 107.204957 0.103549 1.933497 100.000000 1.933497 7.714371 1542.874211 0.585528 7.352659 100.000000 7.352659
 3.600000 -0.971471 -0.237159 0.970030 0.242984 -1.810236 1.325355 -0.237159 -0.971471 0.242984 0.970030 0.253403 50.680624 -0.165968 1.308402 100.000000 1.308402 3.971992 794.398310 -0.689620 4.604492 100.000000 4.604492 1.299816 259.963103 0.081750 2.145357 100.000000 2.145357 9.633726 1926.745264 0.531083 9.629981 100.000000 9.629981
 3.800000 -0.999071 -0.043098 0.993272 0.115803 -1.613908 1.454733 -0.043098 -0.999071 0.115803 0.993272 1.013861 202.772217 -0.185496 1.203019 100.000000 1.203019 6.063632 1212.726361 -0.650829 5.764933 100.000000 5.764933 0.155971 31.194231 0.059951 2.289182 100.000000 2.289182 13.345507 2669.101308 0.476639 12.256989 100.000000 12.256989
 4.000000 -0.936669 -0.350217 0.990276 0.139120 -1.928599 1.431224 -0.350217 -0.936669 0.139120 0.990276 1.054052 210.810483 -0.205024 1.156250 100.000000 1.156250 5.269279 1053.855893 -0.612037 7.082866 100.000000 7.082866 0.509723 101.944538 0.038152 2.605919 100.000000 2.605919 16.135818 3227.163575 0.422194 15.128496 100.000000 15.128496
 4.200000 -0.946024 -0.324097 0.986084 0.166246 -1.900853 1.403775 -0.324097 -0.946024 0.166246 0.986084 0.495460 99.092038 -0.224552 1.068850 100.000000 1.068850 6.948187 1389.637465 -0.573246 8.516681 100.000000 8.516681 1.123382 224.676416 0.016353 2.433969 100.000000 2.433969 19.116886 3823.377270 0.367750 18.376317 100.000000 18.376317
 4.400000 -0.931618 -0.363439 0.995780 -0.091769 -1.942753 1.662695 -0.363439 -0.931618 -0.091769 0.995780 0.712339 142.467803 -0.244079 0.834423 100.000000 0.834423 7.886957 1577.391363 -0.534454 9.986557 100.000000 9.986557 0.372588 74.517529 -0.005446 2.656098 100.000000 2.656098 23.288609 4657.721822 0.313305 21.887497 100.000000 21.887497
 4.600000 -0.857836 -0.513923 0.979912 -0.199430 -2.110548 1.771573 -0.513923 -0.857836 -0.199430 0.979912 3.132896 626.579246 -0.263607 0.509462 100.000000 0.509462 6.558499 1311.699744 -0.495662 11.457463 100.000000 11.457463 1.482396 296.479119 -0.027245 2.368349 100.000000 2.368349 25.995744 5199.148803 0.258861 25.701341 100.000000 25.701341
 4.800000 -0.849130 -0.528184 0.977197 -0.212336 -2.127256 1.784762 -0.528184 -0.849130 -0.212336 0.977197 3.002443 600.488577 -0.283135 0.189949 100.000000 0.189949 7.693367 1538.673312 -0.456871 13.085117 100.000000 13.085117 1.333228 266.645562 -0.049044 1.942775 100.000000 1.942775 29.859471 5971.894205 0.204416 29.714404 100.000000 29.714404
 5.000000 -0.849562 -0.527488 0.666924 -0.745126 -2.126437 2.411520 -0.527488 -0.849562 -0.745126 0.666924 2.527325 505.464934 -0.302663 -0.385325 100.000000 -0.385325 9.308880 1861.775905 -0.418079 14.516366 100.000000 14.516366 22.732909 4546.581845 -0.070843 1.256180 100.000000 1.256180 13.361961 2672.392204 0.149972 33.640422 100.000000 33.640422
 5.200000 -0.717824 -0.696225 0.708573 -0.705637 -2.340921 2.354118 -0.696225 -0.717824 -0.705637 0.708573 6.995090 1399.018085 -0.322190 -0.988082 100.000000 -0.988082 5.730327 1146.065370 -0.379288 15.950178 100.000000 15.950178 18.788179 3757.635778 -0.092642 -0.147605 100.000000 -0.147605 18.791271 3758.254288 0.095527 36.700608 100.000000 36.700608
 5.400000 -0.644427 -0.764666 0.511014 -0.859573 -2.441319 2.605229 -0.764666 -0.644427 -0.859573 0.511014 8.944247 1788.849352 -0.341718 -1.606607 100.000000 -1.606607 4.618686 923.737147 -0.340496 17.466556 100.000000 17.466556 27.761088 5552.217502 -0.114441 -1.761454 100.000000 -1.761454 11.041747 2208.349371 0.041083 39.105170 100.000000 39.105170
 5.600000 -0.637914 -0.770108 0.015501 -0.999880 -2.449806 3.126091 -0.770108 -0.637914 -0.999880 0.015501 8.358396 1671.679181 -0.361246 -2.423170 100.000000 -2.423170 5.651832 1130.366457 -0.301705 18.689132 100.000000 18.689132 37.293727 7458.745437 -0.136240 -3.563130 100.000000 -3.563130 0.041652 8.330451 -0.013362 40.357485 100.000000 40.357485
 5.800000 -0.608054 -0.793896 -0.019725 -0.999805 -2.487986 -3.121867 -0.793896 -0.608054 -0.999805 -0.019725 8.533504 1706.700890 -0.380774 -3.305596 100.000000 -3.305596 5.956093 1191.218693 -0.262913 19.756604 100.000000 19.756604 35.428574 7085.714826 -0.158039 -5.416368 100.000000 -5.416368 0.115590 23.118088 -0.067806 40.543237 100.000000 40.543237
 6.000000 -0.417048 -0.908885 -0.306547 -0.951856 -2.711398 -2.830030 -0.908885 -0.417048 -0.951856 -0.306547 12.932846 2586.569108 -0.400301 -4.175883 100.000000 -4.175883 1.861022 372.204487 -0.224122 20.879658 100.000000 20.879658 29.800594 5960.118703 -0.179838 -7.184540 100.000000 -7.184540 1.698253 339.650630 -0.122251 40.113349 100.000000 40.113349
 6.200000 -0.433905 -0.900959 -0.452517 -0.891756 -2.692770 -2.672007 -0.900959 -0.433905 -0.891756 -0.452517 11.574283 2314.856514 -0.419829 -5.071997 100.000000 -5.071997 3.089471 617.894274 -0.185330 21.972847 100.000000 21.972847 23.813222 4762.644435 -0.201637 -8.697426 100.000000 -8.697426 3.803890 760.778048 -0.176695 38.423922 100.000000 38.423922
 6.400000 -0.419507 -0.907752 -0.549205 -0.835688 -2.708690 -2.560180 -0.907752 -0.419507 -0.835688 -0.549205 10.969700 2193.939967 -0.439357 -6.024811 100.000000 -6.024811 3.725595 745.118976 -0.146539 22.838313 100.000000 22.838313 18.742646 3748.529158 -0.223436 -10.169415 100.000000 -10.169415 5.058270 1011.654071 -0.231140 37.068650 100.000000 37.068650
 6.600000 -0.331608 -0.943417 -0.711146 -0.703045 -2.803585 -2.350466 -0.943417 -0.331608 -0.703045 -0.711146 11.738590 2347.717927 -0.458885 -6.984516 100.000000 -6.984516 2.505694 501.138832 -0.107747 23.639510 100.000000 23.639510 10.479512 2095.902352 -0.245235 -11.361791 100.000000 -11.361791 9.055130 1811.025945 -0.285584 35.102550 100.000000 35.102550
 6.800000 -0.167106 -0.985939 -0.702463 -0.711720 -2.973699 -2.362741 -0.985939 -0.167106 -0.711720 -0.702463 12.879167 2575.833405 -0.478412 -7.931175 100.000000 -7.931175 0.481671 96.334246 -0.068956 24.375844 100.000000 24.375844 9.887319 1977.463855 -0.267034 -12.443900 100.000000 -12.443900 6.567933 1313.586557 -0.340029 33.243069 100.000000 33.243069
 7.000000 -0.225910 -0.974148 -0.807639 -0.589678 -2.913716 -2.201456 -0.974148 -0.225910 -0.589678 -0.807639 11.338710 2267.742019 -0.497940 -8.866465 100.000000 -8.866465 1.915822 383.164365 -0.030164 25.138885 100.000000 25.138885 4.525390 905.078011 -0.288833 -13.342649 100.000000 -13.342649 8.535293 1707.058635 -0.394473 31.329306 100.000000 31.329306
 7.200000 -0.133599 -0.991035 -0.744478 -0.667647 -3.007593 -2.301840 -0.991035 -0.133599 -0.667647 -0.744478 11.213317 2242.663446 -0.517468 -9.798316 100.000000 -9.798316 1.011418 202.283652 0.008628 25.730158 100.000000 25.730158 6.372993 1274.598599 -0.310632 -14.144723 100.000000 -14.144723 4.367807 873.561413 -0.448917 29.588875 100.000000 29.588875
 7.400000 -0.019428 -0.999811 -0.783207 -0.621761 -3.122163 -2.241786 -0.999811 -0.019428 -0.621761 -0.783207 10.709919 2141.983738 -0.536996 -10.700736 100.000000 -10.700736 0.223429 44.685814 0.047419 26.346941 100.000000 26.346941 4.185611 837.122111 -0.332431 -14.800161 100.000000 -14.800161 3.915659 783.131836 -0.503362 27.931614 100.000000 27.931614
 7.600000 -0.049523 -0.998773 -0.768982 -0.639271 -3.092049 -2.264346 -0.998773 -0.049523 -0.639271 -0.768982 9.779239 1955.847806 -0.556523 -11.583342 100.000000 -11.583342 0.921184 184.236758 0.086211 26.689590 100.000000 26.689590 4.062419 812.483864 -0.354230 -15.398386 100.000000 -15.398386 2.229753 445.950631 -0.557806 26.552604 100.000000 26.552604
 7.800000 0.002472 -0.999997 -0.820126 -0.572183 3.139121 -2.179961 -0.999997 0.002472 -0.572183 -0.820126 8.986507 1797.301357 -0.576051 -12.423736 100.000000 -12.423736 0.750684 150.136763 0.125002 27.167713 100.000000 27.167713 1.923823 384.764603 -0.376029 -15.821426 100.000000 -15.821426 2.160606 432.121142 -0.612251 25.235792 100.000000 25.235792
 8.000000 0.105016 -0.994471 -0.862388 -0.506247 3.036383 -2.101624 -0.994471 0.105016 -0.506247 -0.862388 7.955734 1591.146726 -0.595579 -13.224944 100.000000 -13.224944 0.172744 34.548741 0.163794 27.504742 100.000000 27.504742 0.587741 117.548237 -0.397828 -16.240719 100.000000 -16.240719 1.914787 382.957467 -0.666695 24.305543 100.000000 24.305543
 8.200000 0.257913 -0.966168 -0.838938 -0.544227 2.880732 -2.146264 -0.966168 0.257913 -0.544227 -0.838938 6.162217 1232.443441 -0.615107 -13.981407 100.000000 -13.981407 0.153056 30.611135 0.202585 27.833557 100.000000 27.833557 0.776263 155.252575 -0.419627 -16.512059 100.000000 -16.512059 0.693820 138.764038 -0.721140 23.489184 100.000000 23.489184
 8.400000 0.324208 -0.945986 -0.876740 -0.480964 2.811418 -2.072551 -0.945986 0.324208 -0.480964 -0.876740 4.846987 969.397494 -0.634634 -14.672621 100.000000 -14.672621 0.343052 68.610436 0.241377 27.969764 100.000000 27.969764 0.078166 15.633202 -0.441426 -16.774489 100.000000 -16.774489 0.511624 102.324862 -0.775584 23.035523 100.000000 23.035523
 8.600000 0.144609 -0.989489 -0.828798 -0.559547 2.996475 -2.164636 -0.989489 0.144609 -0.559547 -0.828798 5.622207 1124.441405 -0.654162 -15.326580 100.000000 -15.326580 0.918820 183.764086 0.280168 28.236945 100.000000 28.236945 0.463905 92.781031 -0.463225 -16.932452 100.000000 -16.932452 0.000076 0.015142 -0.830029 22.784073 100.000000 22.784073
 8.800000 0.325026 -0.945705 -0.838746 -0.544523 2.810553 -2.146616 -0.945705 0.325026 -0.544523 -0.838746 3.699617 739.923394 -0.673690 -15.882292 100.000000 -15.882292 0.001840 0.367981 0.318960 28.225222 100.000000 28.225222 0.196997 39.399340 -0.481754 -16.981212 100.000000 -16.981212 0.070540 14.107903 -0.876307 22.739186 100.000000 22.739186
 9.000000 0.266538 -0.963824 -0.874981 -0.484158 2.871793 -2.076197 -0.963824 0.266538 -0.484158 -0.874981 3.661402 732.280390 -0.693217 -16.427690 100.000000 -16.427690 0.415990 83.198031 0.357751 28.518582 100.000000 28.518582 0.000289 0.057796 -0.481754 -16.981212 100.000000 -16.981212 0.000088 0.017581 -0.876307 22.739186 100.000000 22.739186
 9.200000 0.386583 -0.922255 -0.913979 -0.405760 2.744669 -1.988607 -0.922255 0.386583 -0.405760 -0.913979 2.194712 438.942382 -0.712745 -16.859569 100.000000 -16.859569 0.004960 0.992067 0.396543 28.520612 100.000000 28.520612 0.288749 57.749797 -0.481754 -16.981212 100.000000 -16.981212 0.070962 14.192406 -0.876307 22.739186 100.000000 22.739186
 9.400000 0.424350 -0.905498 -0.839853 -0.542814 2.703349 -2.144580 -0.905498 0.424350 -0.542814 -0.839853 1.500352 300.070448 -0.732273 -17.268597 100.000000 -17.268597 0.006033 1.206656 0.435334 28.749526 100.000000 28.749526 0.186417 37.283378 -0.481754 -16.981212 100.000000 -16.981212 0.066443 13.288652 -0.876307 22.739186 100.000000 22.739186
 9.600000 0.410697 -0.911772 -0.840427 -0.541925 2.718375 -2.143522 -0.911772 0.410697 -0.541925 -0.840427 1.279542 255.908301 -0.751801 -17.569615 100.000000 -17.569615 0.201164 40.232894 0.474126 28.804730 100.000000 28.804730 0.181030 36.205940 -0.481754 -16.981212 100.000000 -16.981212 0.064368 12.873641 -0.876307 22.739186 100.000000 22.739186
 9.800000 0.419550 -0.907732 -0.875424 -0.483355 2.708643 -2.075280 -0.907732 0.419550 -0.483355 -0.875424 0.930298 186.059594 -0.771328 -17.800443 100.000000 -17.800443 0.435873 87.174596 0.512918 28.885948 100.000000 28.885948 0.000128 0.025655 -0.481754 -16.981212 100.000000 -16.981212 0.000039 0.007787 -0.876307 22.739186 100.000000 22.739186
 10.000000 0.506421 -0.862286 -0.853843 -0.520531 2.610563 -2.118269 -0.862286 0.506421 -0.520531 -0.853843 0.255113 51.022539 -0.790856 -18.010438 100.000000 -18.010438 0.102550 20.509975 0.551709 29.181918 100.000000 29.181918 0.075184 15.036786 -0.481754 -16.981212 100.000000 -16.981212 0.025231 5.046264 -0.876307 22.739186 100.000000 22.739186
 10.200000 0.445236 -0.895413 -0.906472 -0.422267 2.680155 -2.006741 -0.895413 0.445236 -0.422267 -0.906472 0.373214 74.642888 -0.809017 -18.079164 100.000000 -18.079164 1.016010 203.202039 0.587785 29.282625 100.000000 29.282625 0.176934 35.386880 -0.481754 -16.981212 100.000000 -16.981212 0.045496 9.099219 -0.876307 22.739186 100.000000 22.739186
 10.400000 0.467341 -0.884077 -0.899287 -0.437358 2.655312 -2.023455 -0.884077 0.467341 -0.437358 -0.899287 0.281700 56.340056 -0.809017 -18.079164 100.000000 -18.079164 0.725338 145.067577 0.587785 29.282625 100.000000 29.282625 0.098548 19.709583 -0.481754 -16.981212 100.000000 -16.981212 0.026406 5.281129 -0.876307 22.739186 100.000000 22.739186
 10.600000 0.597227 -0.802072 -0.805400 -0.592732 2.501553 -2.205243 -0.802072 0.597227 -0.592732 -0.805400 0.002412 0.482330 -0.809017 -18.079164 100.000000 -18.079164 0.004458 0.891533 0.587785 29.282625 100.000000 29.282625 0.615812 123.162311 -0.481754 -16.981212 100.000000 -16.981212 0.251391 50.278109 -0.876307 22.739186 100.000000 22.739186
 10.800000 0.573211 -0.819408 -0.821313 -0.570478 2.531173 -2.177883 -0.819408 0.573211 -0.570478 -0.821313 0.005398 1.079664 -0.809017 -18.079164 100.000000 -18.079164 0.010620 2.124037 0.587785 29.282625 100.000000 29.282625 0.393596 78.719239 -0.481754 -16.981212 100.000000 -16.981212 0.151214 30.242824 -0.876307 22.739186 100.000000 22.739186
 11.000000 0.451344 -0.892350 -0.877397 -0.479765 2.673322 -2.071184 -0.892350 0.451344 -0.479765 -0.877397 0.347219 69.443794 -0.809017 -18.079164 100.000000 -18.079164 0.930808 186.161600 0.587785 29.282625 100.000000 29.282625 0.000198 0.039533 -0.481754 -16.981212 100.000000 -16.981212 0.000059 0.011884 -0.876307 22.739186 100.000000 22.739186
 11.200000 0.468022 -0.883717 -0.901712 -0.432337 2.654542 -2.017879 -0.883717 0.468022 -0.432337 -0.901712 0.279004 55.800808 -0.809017 -18.079164 100.000000 -18.079164 0.717165 143.432903 0.587785 29.282625 100.000000 29.282625 0.122102 24.420367 -0.481754 -16.981212 100.000000 -16.981212 0.032272 6.454427 -0.876307 22.739186 100.000000 22.739186
 11.400000 0.456075 -0.889941 -0.867466 -0.497496 2.668013 -2.091506 -0.889941 0.456075 -0.497496 -0.867466 0.327437 65.487482 -0.809017 -18.079164 100.000000 -18.079164 0.867379 173.475840 0.587785 29.282625 100.000000 29.282625 0.012391 2.478289 -0.481754 -16.981212 100.000000 -16.981212 0.003908 0.781555 -0.876307 22.739186 100.000000 22.739186
 11.600000 0.524262 -0.851557 -0.843802 -0.536655 2.589744 -2.137264 -0.851557 0.524262 -0.536655 -0.843802 0.090482 18.096433 -0.809017 -18.079164 100.000000 -18.079164 0.201759 40.351785 0.587785 29.282625 100.000000 29.282625 0.150706 30.141250 -0.481754 -16.981212 100.000000 -16.981212 0.052828 10.565583 -0.876307 22.739186 100.000000 22.739186
 11.800000 0.611374 -0.791342 -0.828879 -0.559427 2.483797 -2.164491 -0.791342 0.611374 -0.559427 -0.828879 0.015620 3.124065 -0.809017 -18.079164 100.000000 -18.079164 0.027821 5.564182 0.587785 29.282625 100.000000 29.282625 0.301660 60.331952 -0.481754 -16.981212 100.000000 -16.981212 0.112467 22.493461 -0.876307 22.739186 100.000000 22.739186
 12.000000 0.540912 -0.841079 -0.847272 -0.531159 2.570071 -2.130764 -0.841079 0.540912 -0.531159 -0.847272 0.051399 10.279754 -0.809017 -18.079164 100.000000 -18.079164 0.109854 21.970809 0.587785 29.282625 100.000000 29.282625 0.122045 24.408910 -0.481754 -16.981212 100.000000 -16.981212 0.042150 8.430050 -0.876307 22.739186 100.000000 22.739186
 12.200000 0.613174 -0.789948 -0.871135 -0.491043 2.481521 -2.084083 -0.789948 0.613174 -0.491043 -0.871135 0.018181 3.636263 -0.809017 -18.079164 100.000000 -18.079164 0.032229 6.445800 0.587785 29.282625 100.000000 29.282625 0.004315 0.862911 -0.481754 -16.981212 100.000000 -16.981212 0.001337 0.267427 -0.876307 22.739186 100.000000 22.739186
 12.400000 0.556021 -0.831168 -0.834226 -0.551422 2.552001 -2.154864 -0.831168 0.556021 -0.551422 -0.834226 0.024533 4.906643 -0.809017 -18.079164 100.000000 -18.079164 0.050447 10.089388 0.587785 29.282625 100.000000 29.282625 0.242686 48.537127 -0.481754 -16.981212 100.000000 -16.981212 0.088538 17.707601 -0.876307 22.739186 100.000000 22.739186
 12.600000 0.524581 -0.851360 -0.879912 -0.475136 2.589370 -2.065915 -0.851360 0.524581 -0.475136 -0.879912 0.089648 17.929686 -0.809017 -18.079164 100.000000 -18.079164 0.199738 39.947592 0.587785 29.282625 100.000000 29.282625 0.002190 0.437914 -0.481754 -16.981212 100.000000 -16.981212 0.000650 0.130004 -0.876307 22.739186 100.000000 22.739186
 12.800000 0.631609 -0.775287 -0.891438 -0.453142 2.457965 -2.041084 -0.775287 0.631609 -0.453142 -0.891438 0.056887 11.377337 -0.809017 -18.079164 100.000000 -18.079164 0.096028 19.205643 0.587785 29.282625 100.000000 29.282625 0.040930 8.186091 -0.481754 -16.981212 100.000000 -16.981212 0.011448 2.289623 -0.876307 22.739186 100.000000 22.739186
 13.000000 0.534483 -0.845179 -0.818330 -0.574748 2.577696 -2.183093 -0.845179 0.534483 -0.574748 -0.818330 0.065384 13.076847 -0.809017 -18.079164 100.000000 -18.079164 0.142054 28.410783 0.587785 29.282625 100.000000 29.282625 0.432400 86.480004 -0.481754 -16.981212 100.000000 -16.981212 0.168063 33.612669 -0.876307 22.739186 100.000000 22.739186
 13.200000 0.574826 -0.818276 -0.830212 -0.557448 2.529201 -2.162105 -0.818276 0.574826 -0.557448 -0.830212 0.004286 0.857246 -0.809017 -18.079164 100.000000 -18.079164 0.008397 1.679453 0.587785 29.282625 100.000000 29.282625 0.286479 57.295782 -0.481754 -16.981212 100.000000 -16.981212 0.106236 21.247112 -0.876307 22.739186 100.000000 22.739186
 13.400000 0.513017 -0.858378 -0.869142 -0.494563 2.602896 -2.088129 -0.858378 0.513017 -0.494563 -0.869142 0.121827 24.365340 -0.809017 -18.079164 100.000000 -18.079164 0.279512 55.902436 0.587785 29.282625 100.000000 29.282625 0.008204 1.640890 -0.481754 -16.981212 100.000000 -16.981212 0.002567 0.513390 -0.876307 22.739186 100.000000 22.739186
 13.600000 0.558178 -0.829721 -0.880303 -0.474412 2.549405 -2.065092 -0.829721 0.558178 -0.474412 -0.880303 0.021433 4.286685 -0.809017 -18.079164 100.000000 -18.079164 0.043830 8.765960 0.587785 29.282625 100.000000 29.282625 0.002695 0.539037 -0.481754 -16.981212 100.000000 -16.981212 0.000799 0.159711 -0.876307 22.739186 100.000000 22.739186
 13.800000 0.633149 -0.774030 -0.872767 -0.488138 2.455978 -2.080751 -0.774030 0.633149 -0.488138 -0.872767 0.061204 12.240891 -0.809017 -18.079164 100.000000 -18.079164 0.102893 20.578616 0.587785 29.282625 100.000000 29.282625 0.002038 0.407563 -0.481754 -16.981212 100.000000 -16.981212 0.000627 0.125321 -0.876307 22.739186 100.000000 22.739186
 14.000000 0.506091 -0.862480 -0.835436 -0.549587 2.610946 -2.152666 -0.862480 0.506091 -0.549587 -0.835436 0.142915 28.582909 -0.809017 -18.079164 100.000000 -18.079164 0.333696 66.739213 0.587785 29.282625 100.000000 29.282625 0.230068 46.013650 -0.481754 -16.981212 100.000000 -16.981212 0.083519 16.703743 -0.876307 22.739186 100.000000 22.739186
 14.200000 0.497276 -0.867592 -0.883445 -0.468535 2.621136 -2.058428 -0.867592 0.497276 -0.468535 -0.883445 0.171553 34.310694 -0.809017 -18.079164 100.000000 -18.079164 0.409595 81.918999 0.587785 29.282625 100.000000 29.282625 0.008737 1.747434 -0.481754 -16.981212 100.000000 -16.981212 0.002548 0.509576 -0.876307 22.739186 100.000000 22.739186
 14.400000 0.537922 -0.842994 -0.851316 -0.524653 2.573622 -2.123104 -0.842994 0.537922 -0.524653 -0.851316 0.057723 11.544596 -0.809017 -18.079164 100.000000 -18.079164 0.124315 24.862999 0.587785 29.282625 100.000000 29.282625 0.092018 18.403518 -0.481754 -16.981212 100.000000 -16.981212 0.031226 6.245252 -0.876307 22.739186 100.000000 22.739186
 14.600000 0.545154 -0.838336 -0.836226 -0.548385 2.565020 -2.151228 -0.838336 0.545154 -0.548385 -0.836226 0.042981 8.596132 -0.809017 -18.079164 100.000000 -18.079164 0.090873 18.174543 0.587785 29.282625 100.000000 29.282625 0.221988 44.397672 -0.481754 -16.981212 100.000000 -16.981212 0.080324 16.064757 -0.876307 22.739186 100.000000 22.739186
 14.800000 0.588777 -0.808295 -0.887783 -0.460263 2.512048 -2.049088 -0.808295 0.588777 -0.460263 -0.887783 0.000026 0.005206 -0.809017 -18.079164 100.000000 -18.079164 0.000049 0.009837 0.587785 29.282625 100.000000 29.282625 0.023093 4.618504 -0.481754 -16.981212 100.000000 -16.981212 0.006585 1.316974 -0.876307 22.739186 100.000000 22.739186
 15.000000 0.532704 -0.846302 -0.824352 -0.566078 2.579801 -2.172537 -0.846302 0.532704 -0.566078 -0.824352 0.069508 13.901573 -0.809017 -18.079164 100.000000 -18.079164 0.151699 30.339756 0.587785 29.282625 100.000000 29.282625 0.355528 71.105675 -0.481754 -16.981212 100.000000 -16.981212 0.134966 26.993113 -0.876307 22.739186 100.000000 22.739186
 15.200000 0.599705 -0.800221 -0.869112 -0.494616 2.498461 -2.088189 -0.800221 0.599705 -0.494616 -0.869112 0.003868 0.773620 -0.809017 -18.079164 100.000000 -18.079164 0.007104 1.420721 0.587785 29.282625 100.000000 29.282625 0.008272 1.654427 -0.481754 -16.981212 100.000000 -16.981212 0.002588 0.517699 -0.876307 22.739186 100.000000 22.739186
 15.400000 0.622669 -0.782486 -0.876174 -0.481995 2.469444 -2.073727 -0.782486 0.622669 -0.481995 -0.876174 0.035196 7.039123 -0.809017 -18.079164 100.000000 -18.079164 0.060842 12.168493 0.587785 29.282625 100.000000 29.282625 0.000003 0.000584 -0.481754 -16.981212 100.000000 -16.981212 0.000001 0.000177 -0.876307 22.739186 100.000000 22.739186
 15.600000 0.485531 -0.874219 -0.919359 -0.393419 2.634622 -1.975144 -0.874219 0.485531 -0.393419 -0.919359 0.212567 42.513474 -0.809017 -18.079164 100.000000 -18.079164 0.522795 104.558958 0.587785 29.282625 100.000000 29.282625 0.390151 78.030149 -0.481754 -16.981212 100.000000 -16.981212 0.092676 18.535266 -0.876307 22.739186 100.000000 22.739186
 15.800000 0.451517 -0.892262 -0.799012 -0.601315 2.673128 -2.215942 -0.892262 0.451517 -0.601315 -0.799012 0.346490 69.298098 -0.809017 -18.079164 100.000000 -18.079164 0.928451 185.690133 0.587785 29.282625 100.000000 29.282625 0.714740 142.948072 -0.481754 -16.981212 100.000000 -16.981212 0.298720 59.744081 -0.876307 22.739186 100.000000 22.739186
 16.000000 0.486606 -0.873622 -0.830977 -0.556307 2.633393 -2.160731 -0.873622 0.486606 -0.556307 -0.830977 0.208689 41.737814 -0.809017 -18.079164 100.000000 -18.079164 0.511867 102.373359 0.587785 29.282625 100.000000 29.282625 0.277910 55.582079 -0.481754 -16.981212 100.000000 -16.981212 0.102740 20.547976 -0.876307 22.739186 100.000000 22.739186
 16.200000 0.506393 -0.862303 -0.892966 -0.450125 2.610596 -2.037702 -0.862303 0.506393 -0.450125 -0.892966 0.141969 28.393897 -0.809017 -18.079164 100.000000 -18.079164 0.331236 66.247300 0.587785 29.282625 100.000000 29.282625 0.050018 10.003670 -0.481754 -16.981212 100.000000 -16.981212 0.013876 2.775165 -0.876307 22.739186 100.000000 22.739186
 16.400000 0.587410 -0.809290 -0.895417 -0.445228 2.513738 -2.032225 -0.809290 0.587410 -0.445228 -0.895417 0.000004 0.000743 -0.809017 -18.079164 100.000000 -18.079164 0.000007 0.001410 0.587785 29.282625 100.000000 29.282625 0.066706 13.341213 -0.481754 -16.981212 100.000000 -16.981212 0.018261 3.652125 -0.876307 22.739186 100.000000 22.739186
 16.600000 0.559714 -0.828686 -0.876421 -0.481546 2.547552 -2.073214 -0.828686 0.559714 -0.481546 -0.876421 0.019344 3.868736 -0.809017 -18.079164 100.000000 -18.079164 0.039401 7.880157 0.587785 29.282625 100.000000 29.282625 0.000002 0.000432 -0.481754 -16.981212 100.000000 -16.981212 0.000001 0.000130 -0.876307 22.739186 100.000000 22.739186
 16.800000 0.489804 -0.871832 -0.843325 -0.537404 2.629727 -2.138152 -0.871832 0.489804 -0.537404 -0.843325 0.197289 39.457815 -0.809017 -18.079164 100.000000 -18.079164 0.480014 96.002819 0.587785 29.282625 100.000000 29.282625 0.154850 30.969938 -0.481754 -16.981212 100.000000 -16.981212 0.054390 10.878089 -0.876307 22.739186 100.000000 22.739186
 17.000000 0.601808 -0.798641 -0.790170 -0.612887 2.495830 -2.230506 -0.798641 0.601808 -0.612887 -0.790170 0.005383 1.076583 -0.809017 -18.079164 100.000000 -18.079164 0.009831 1.966248 0.587785 29.282625 100.000000 29.282625 0.859800 171.960080 -0.481754 -16.981212 100.000000 -16.981212 0.370973 74.194599 -0.876307 22.739186 100.000000 22.739186
 17.200000 0.523641 -0.851939 -0.863787 -0.503857 2.590474 -2.098855 -0.851939 0.523641 -0.503857 -0.863787 0.092116 18.423145 -0.809017 -18.079164 100.000000 -18.079164 0.205726 41.145185 0.587785 29.282625 100.000000 29.282625 0.024429 4.885735 -0.481754 -16.981212 100.000000 -16.981212 0.007837 1.567458 -0.876307 22.739186 100.000000 22.739186
 17.400000 0.491814 -0.870700 -0.913858 -0.406033 2.627420 -1.988905 -0.870700 0.491814 -0.406033 -0.913858 0.190240 38.047977 -0.809017 -18.079164 100.000000 -18.079164 0.460520 92.103963 0.587785 29.282625 100.000000 29.282625 0.286680 57.336028 -0.481754 -16.981212 100.000000 -16.981212 0.070506 14.101289 -0.876307 22.739186 100.000000 22.739186
 17.600000 0.426990 -0.904256 -0.898332 -0.439317 2.700431 -2.025635 -0.904256 0.426990 -0.439317 -0.898332 0.453526 90.705174 -0.809017 -18.079164 100.000000 -18.079164 1.292753 258.550532 0.587785 29.282625 100.000000 29.282625 0.090043 18.008700 -0.481754 -16.981212 100.000000 -16.981212 0.024256 4.851191 -0.876307 22.739186 100.000000 22.739186
 17.800000 0.440822 -0.897595 -0.884976 -0.465637 2.685078 -2.055151 -0.897595 0.440822 -0.465637 -0.884976 0.392299 78.459801 -0.809017 -18.079164 100.000000 -18.079164 1.079910 215.981903 0.587785 29.282625 100.000000 29.282625 0.012987 2.597462 -0.481754 -16.981212 100.000000 -16.981212 0.003758 0.751535 -0.876307 22.739186 100.000000 22.739186
 18.000000 0.595801 -0.803132 -0.913402 -0.407059 2.503330 -1.990029 -0.803132 0.595801 -0.407059 -0.913402 0.001732 0.346304 -0.809017 -18.079164 100.000000 -18.079164 0.003212 0.642494 0.587785 29.282625 100.000000 29.282625 0.278962 55.792360 -0.481754 -16.981212 100.000000 -16.981212 0.068802 13.760400 -0.876307 22.739186 100.000000 22.739186
 18.200000 0.446744 -0.894662 -0.888631 -0.458622 2.678470 -2.047240 -0.894662 0.446744 -0.458622 -0.888631 0.366753 73.350521 -0.809017 -18.079164 100.000000 -18.079164 0.994634 198.926792 0.587785 29.282625 100.000000 29.282625 0.026754 5.350753 -0.481754 -16.981212 100.000000 -16.981212 0.007595 1.519003 -0.876307 22.739186 100.000000 22.739186
 18.400000 0.576425 -0.817150 -0.851333 -0.524625 2.527246 -2.123071 -0.817150 0.576425 -0.524625 -0.851333 0.003307 0.661500 -0.809017 -18.079164 100.000000 -18.079164 0.006453 1.290617 0.587785 29.282625 100.000000 29.282625 0.091899 18.379726 -0.481754 -16.981212 100.000000 -16.981212 0.031184 6.236711 -0.876307 22.739186 100.000000 22.739186
 18.600000 0.374101 -0.927388 -0.870156 -0.492776 2.758165 -2.086074 -0.927388 0.374101 -0.492776 -0.870156 0.700584 140.116839 -0.809017 -18.079164 100.000000 -18.079164 2.283047 456.609449 0.587785 29.282625 100.000000 29.282625 0.006075 1.215022 -0.481754 -16.981212 100.000000 -16.981212 0.001892 0.378317 -0.876307 22.739186 100.000000 22.739186
 18.800000 0.587764 -0.809032 -0.808838 -0.588032 2.513300 -2.199419 -0.809032 0.587764 -0.588032 -0.808838 0.000000 0.000002 -0.809017 -18.079164 100.000000 -18.079164 0.000000 0.000004 0.587785 29.282625 100.000000 29.282625 0.564750 112.950053 -0.481754 -16.981212 100.000000 -16.981212 0.227602 45.520324 -0.876307 22.739186 100.000000 22.739186
 19.000000 0.483104 -0.875563 -0.876704 -0.481030 2.637397 -2.072626 -0.875563 0.483104 -0.481030 -0.876704 0.221420 44.283979 -0.809017 -18.079164 100.000000 -18.079164 0.547913 109.582507 0.587785 29.282625 100.000000 29.282625 0.000026 0.005230 -0.481754 -16.981212 100.000000 -16.981212 0.000008 0.001578 -0.876307 22.739186 100.000000 22.739186
 19.200000 0.453596 -0.891207 -0.909727 -0.415206 2.670797 -1.998966 -0.891207 0.453596 -0.415206 -0.909727 0.337764 67.552763 -0.809017 -18.079164 100.000000 -18.079164 0.900339 180.067873 0.587785 29.282625 100.000000 29.282625 0.221427 44.285330 -0.481754 -16.981212 100.000000 -16.981212 0.055847 11.169321 -0.876307 22.739186 100.000000 22.739186
 19.400000 0.497254 -0.867605 -0.921625 -0.388081 2.621162 -1.969345 -0.867605 0.497254 -0.388081 -0.921625 0.171628 34.325699 -0.809017 -18.079164 100.000000 -18.079164 0.409797 81.959451 0.587785 29.282625 100.000000 29.282625 0.438727 87.745335 -0.481754 -16.981212 100.000000 -16.981212 0.102688 20.537671 -0.876307 22.739186 100.000000 22.739186
 19.600000 0.510924 -0.859626 -0.816662 -0.577116 2.605333 -2.185989 -0.859626 0.510924 -0.577116 -0.816662 0.128063 25.612596 -0.809017 -18.079164 100.000000 -18.079164 0.295383 59.076509 0.587785 29.282625 100.000000 29.282625 0.454695 90.939069 -0.481754 -16.981212 100.000000 -16.981212 0.177872 35.574366 -0.876307 22.739186 100.000000 22.739186
 19.800000 0.608766 -0.793350 -0.869152 -0.494545 2.487089 -2.088107 -0.793350 0.608766 -0.494545 -0.869152 0.012273 2.454569 -0.809017 -18.079164 100.000000 -18.079164 0.022009 4.401865 0.587785 29.282625 100.000000 29.282625 0.008181 1.636134 -0.481754 -16.981212 100.000000 -16.981212 0.002559 0.511876 -0.876307 22.739186 100.000000 22.739186
 20.000000 0.579060 -0.815285 -0.757481 -0.652858 2.524017 -2.282147 -0.815285 0.579060 -0.652858 -0.757481 0.001964 0.392837 -0.809017 -18.079164 100.000000 -18.079164 0.003806 0.761235 0.587785 29.282625 100.000000 29.282625 1.463827 292.765385 -0.481754 -16.981212 100.000000 -16.981212 0.705981 141.196135 -0.876307 22.739186 100.000000 22.739186
