#! FIELDS time sin_phi cos_phi sin_psi cos_psi phi psi cos_phi sin_phi cos_psi sin_psi restraint_phi_cos.bias restraint_phi_cos.force2 restraint_phi_cos.cos_phi_cntr restraint_phi_cos.cos_phi_work restraint_phi_cos.cos_phi_kappa restraint_phi_cos.work restraint_phi_sin.bias restraint_phi_sin.force2 restraint_phi_sin.sin_phi_cntr restraint_phi_sin.sin_phi_work restraint_phi_sin.sin_phi_kappa restraint_phi_sin.work restraint_psi_cos.bias restraint_psi_cos.force2 restraint_psi_cos.cos_psi_cntr restraint_psi_cos.cos_psi_work restraint_psi_cos.cos_psi_kappa restraint_psi_cos.work restraint_psi_sin.bias restraint_psi_sin.force2 restraint_psi_sin.sin_psi_cntr restraint_psi_sin.sin_psi_work restraint_psi_sin.sin_psi_kappa restraint_psi_sin.work
#! SET min_phi -pi
#! SET max_phi pi
#! SET min_psi -pi
#! SET max_psi pi
 0.000000 -0.999983 -0.005782 0.966116 0.258110 -1.576579 1.309731 -0.005782 -0.999983 0.258110 0.966116 0.000000 0.000000 1.000000 0.000000 0.000000 0.000000 0.000000 0.000000 0.000000 0.000000 0.000000 0.000000 0.000000 0.000000 1.000000 0.000000 0.000000 0.000000 0.000000 0.000000 0.000000 0.000000 0.000000 0.000000
 0.200000 -0.992318 0.123711 0.651177 0.758926 -1.446768 0.709134 0.123711 -0.992318 0.758926 0.651177 0.000000 0.000000 1.000000 0.000000 0.000000 0.000000 0.000000 0.000000 0.000000 0.000000 0.000000 0.000000 0.000000 0.000000 1.000000 0.000000 0.000000 0.000000 0.000000 0.000000 0.000000 0.000000 0.000000 0.000000
 0.400000 -0.961266 0.275622 0.530288 0.847817 -1.291559 0.558941 0.275622 -0.961266 0.847817 0.530288 0.000000 0.000000 1.000000 0.000000 0.000000 0.000000 0.000000 0.000000 0.000000 0.000000 0.000000 0.000000 0.000000 0.000000 1.000000 0.000000 0.000000 0.000000 0.000000 0.000000 0.000000 0.000000 0.000000 0.000000
 0.600000 -0.964668 0.263470 0.974191 0.225724 -1.304179 1.343111 0.263470 -0.964668 0.225724 0.974191 0.000000 0.000000 1.000000 0.000000 0.000000 0.000000 0.000000 0.000000 0.000000 0.000000 0.000000 0.000000 0.000000 0.000000 1.000000 0.000000 0.000000 0.000000 0.000000 0.000000 0.000000 0.000000 0.000000 0.000000
 0.800000 -0.999801 0.019934 0.982355 0.187025 -1.550861 1.382663 0.019934 -0.999801 0.187025 0.982355 0.000000 0.000000 1.000000 0.000000 0.000000 0.000000 0.000000 0.000000 0.000000 0.000000 0.000000 0.000000 0.000000 0.000000 1.000000 0.000000 0.000000 0.000000 0.000000 0.000000 0.000000 0.000000 0.000000 0.000000
 1.000000 -0.999595 0.028448 0.659832 0.751413 -1.542345 0.720595 0.028448 -0.999595 0.751413 0.659832 0.000000 0.000000 1.000000 0.000000 0.000000 0.000000 0.000000 0.000000 0.000000 0.000000 0.000000 0.000000 0.000000 0.000000 1.000000 0.000000 0.000000 0.000000 0.000000 0.000000 0.000000 0.000000 0.000000 0.000000
 1.200000 -0.523337 0.852126 -0.267996 0.963420 -0.550763 -0.271313 0.852126 -0.523337 0.963420 -0.267996 0.218668 8.746724 1.000000 4.924676 20.000000 4.924676 2.738818 109.552721 0.000000 7.202907 20.000000 7.202907 0.013381 0.535240 1.000000 0.201922 20.000000 0.201922 0.718220 28.728808 0.000000 1.668522 20.000000 1.668522
 1.400000 0.151769 0.988416 0.008803 0.999961 0.152358 0.008803 0.988416 0.151769 0.999961 0.008803 0.002684 0.214702 1.000000 4.977587 40.000000 4.977587 0.460675 36.854037 0.000000 8.361116 40.000000 8.361116 0.000000 0.000002 1.000000 0.226016 40.000000 0.226016 0.001550 0.123992 0.000000 2.416413 40.000000 2.416413
 1.600000 0.303346 0.952881 -0.214685 0.976683 0.308202 -0.216370 0.952881 0.303346 0.976683 -0.214685 0.066607 7.992877 1.000000 4.988918 60.000000 4.988918 2.760560 331.267251 0.000000 8.907892 60.000000 8.907892 0.016310 1.957213 1.000000 0.229927 60.000000 0.229927 1.382694 165.923319 0.000000 2.705398 60.000000 2.705398
 1.800000 -0.090985 0.995852 0.066053 0.997816 -0.091111 0.066101 0.995852 -0.090985 0.997816 0.066053 0.000688 0.110102 1.000000 4.992377 80.000000 4.992377 0.331127 52.980383 0.000000 9.205546 80.000000 9.205546 0.000191 0.030524 1.000000 0.230389 80.000000 0.230389 0.174520 27.923144 0.000000 2.779924 80.000000 2.779924
 2.000000 -0.266080 0.963951 0.072661 0.997357 -0.269324 0.072725 0.963951 -0.266080 0.997357 0.072661 0.064976 12.995266 1.000000 4.993496 100.000000 4.993496 3.539918 707.983673 0.000000 9.347121 100.000000 9.347121 0.000349 0.069869 1.000000 0.231416 100.000000 0.231416 0.263978 52.795693 0.000000 2.907307 100.000000 2.907307
 2.200000 -0.080140 0.996784 -0.154553 0.987984 -0.080226 -0.155175 0.996784 -0.080140 0.987984 -0.154553 0.000621 0.148970 1.000000 4.994917 120.000000 4.994917 0.385345 92.482909 0.000000 9.475784 120.000000 9.475784 0.008662 2.078966 1.000000 0.231836 120.000000 0.231836 1.433200 343.967953 0.000000 2.993694 120.000000 2.993694
 2.400000 0.044667 0.999002 -0.093595 0.995610 0.044682 -0.093732 0.999002 0.044667 0.995610 -0.093595 0.000070 0.019524 1.000000 4.998059 140.000000 4.998059 0.139660 39.104719 0.000000 9.672366 140.000000 9.672366 0.001349 0.377668 1.000000 0.232655 140.000000 0.232655 0.613198 171.695451 0.000000 3.117438 140.000000 3.117438
 2.600000 -0.113503 0.993538 0.000918 1.000000 -0.113748 0.000918 0.993538 -0.113503 1.000000 0.000918 0.003341 1.069103 1.000000 4.998217 160.000000 4.998217 1.030634 329.802753 0.000000 9.722387 160.000000 9.722387 0.000000 0.000000 1.000000 0.232813 160.000000 0.232813 0.000067 0.021563 0.000000 3.169724 160.000000 3.169724
 2.800000 -0.009796 0.999952 -0.037832 0.999284 -0.009797 -0.037841 0.999952 -0.009796 0.999284 -0.037832 0.000000 0.000075 1.000000 4.998378 180.000000 4.998378 0.008637 3.109428 0.000000 9.775342 180.000000 9.775342 0.000046 0.016606 1.000000 0.232985 180.000000 0.232985 0.128816 46.373937 0.000000 3.222536 180.000000 3.222536
 3.000000 0.072890 0.997340 -0.073600 0.997288 0.072954 -0.073666 0.997340 0.072890 0.997288 -0.073600 0.000708 0.283021 1.000000 4.998579 200.000000 4.998579 0.531289 212.515740 0.000000 9.831728 200.000000 9.831728 0.000736 0.294226 1.000000 0.233078 200.000000 0.233078 0.541691 216.676285 0.000000 3.259799 200.000000 3.259799
 3.200000 -0.002725 0.999996 0.005577 0.999984 -0.002725 0.005577 0.999996 -0.002725 0.999984 0.005577 0.525201 210.080595 0.927526 5.492713 200.000000 5.492713 0.118634 47.453619 0.031718 9.804012 200.000000 9.804012 0.523553 209.421190 0.927627 0.734945 200.000000 0.734945 0.160210 64.083843 -0.034449 3.295451 200.000000 3.295451
 3.400000 0.105587 0.994410 0.004464 0.999990 0.105784 0.004464 0.994410 0.105587 0.999990 0.004464 1.942096 776.838559 0.855051 7.040805 200.000000 7.040805 0.177665 71.065847 0.063436 9.998785 200.000000 9.998785 2.094824 837.929467 0.855255 2.251122 200.000000 2.251122 0.538215 215.286042 -0.068899 3.184261 200.000000 3.184261
 3.600000 0.265986 0.963977 -0.061271 0.998121 0.269227 -0.061309 0.963977 0.265986 0.998121 -0.061271 3.290607 1316.242773 0.782577 9.474986 200.000000 9.474986 2.918356 1167.342306 0.095154 9.504504 200.000000 9.504504 4.632771 1853.108344 0.782882 4.735844 200.000000 4.735844 0.177054 70.821675 -0.103348 2.919832 200.000000 2.919832
 3.800000 0.333887 0.942613 -0.145976 0.989288 0.340425 -0.146500 0.942613 0.333887 0.989288 -0.145976 5.406137 2162.454845 0.710102 12.799638 200.000000 12.799638 4.285512 1714.204692 0.126872 8.902065 200.000000 8.902065 7.771723 3108.689307 0.710510 8.140810 200.000000 8.140810 0.006689 2.675579 -0.137798 2.631962 200.000000 2.631962
 4.000000 0.325281 0.945617 -0.270409 0.962746 0.331309 -0.273818 0.945617 0.325281 0.962746 -0.270409 9.485772 3794.308879 0.637628 17.180111 200.000000 17.180111 2.778578 1111.431001 0.158591 8.490150 200.000000 8.490150 10.537042 4214.816914 0.638137 12.445051 200.000000 12.445051 0.963570 385.428157 -0.172247 2.158718 200.000000 2.158718
 4.200000 0.437339 0.899297 -0.325266 0.945623 0.452637 -0.331293 0.899297 0.437339 0.945623 -0.325266 11.165207 4466.082664 0.565153 21.933292 200.000000 21.933292 6.102389 2440.955727 0.190309 7.291753 200.000000 7.291753 14.429192 5771.676695 0.565765 17.496806 200.000000 17.496806 1.405856 562.342584 -0.206697 1.368224 200.000000 1.368224
 4.400000 0.568605 0.822611 -0.446856 0.894606 0.604809 -0.463248 0.822611 0.568605 0.894606 -0.446856 10.885539 4354.215496 0.492679 27.181022 200.000000 27.181022 12.011620 4804.648134 0.222027 5.746660 200.000000 5.746660 16.097231 6438.892403 0.493392 23.108128 200.000000 23.108128 4.231644 1692.657501 -0.241146 0.204785 200.000000 0.204785
 4.600000 0.731932 0.681378 -0.540201 0.841536 0.821153 -0.570675 0.681378 0.731932 0.841536 -0.540201 6.821169 2728.467686 0.420204 32.954828 200.000000 32.954828 22.866283 9146.513102 0.253745 4.050025 200.000000 4.050025 17.683404 7073.361418 0.421020 28.846931 200.000000 28.846931 7.001572 2800.628750 -0.275596 -1.560610 200.000000 -1.560610
 4.800000 0.652465 0.757819 -0.710157 0.704044 0.710833 -0.789721 0.757819 0.652465 0.704044 -0.710157 16.817324 6726.929409 0.347730 38.003270 200.000000 38.003270 13.469044 5387.617671 0.285463 1.464462 200.000000 1.464462 12.630644 5052.257690 0.348647 34.803264 200.000000 34.803264 16.008927 6403.570986 -0.310045 -3.592870 200.000000 -3.592870
 5.000000 0.773357 0.633971 -0.801724 0.597695 0.884119 -0.930174 0.633971 0.773357 0.597695 -0.801724 12.867726 5147.090315 0.275255 43.351621 200.000000 43.351621 20.809608 8323.843246 0.317181 -1.241560 200.000000 -1.241560 10.331078 4132.431291 0.276275 40.434325 200.000000 40.434325 20.905839 8362.335597 -0.344495 -6.224617 200.000000 -6.224617
 5.200000 0.893296 0.449470 -0.827129 0.562013 1.104625 -0.973979 0.449470 0.893296 0.562013 -0.827129 6.085548 2434.219382 0.202781 48.225194 200.000000 48.225194 29.636734 11854.693710 0.348899 -4.280987 200.000000 -4.280987 12.824301 5129.720302 0.203902 44.915912 200.000000 44.915912 20.086932 8034.772823 -0.378944 -9.462904 200.000000 -9.462904
 5.400000 0.919011 0.394231 -0.964370 0.264557 1.165565 -1.303052 0.394231 0.919011 0.264557 -0.964370 6.965651 2786.260385 0.130306 51.877571 200.000000 51.877571 28.986792 11594.716609 0.380617 -7.705437 200.000000 -7.705437 1.769623 707.849165 0.131530 48.599423 200.000000 48.599423 30.357505 12143.001861 -0.413394 -12.935178 200.000000 -12.935178
 5.600000 0.957364 0.288886 -0.970503 0.241088 1.277733 -1.327310 0.288886 0.957364 0.241088 -0.970503 5.338613 2135.445165 0.057832 55.534732 200.000000 55.534732 29.705547 11882.218626 0.412336 -11.114569 200.000000 -11.114569 3.309865 1323.946166 0.059157 51.090660 200.000000 51.090660 27.317376 10926.950508 -0.447843 -16.597508 200.000000 -16.597508
 5.800000 0.975753 0.218872 -0.999014 0.044401 1.350138 -1.526381 0.218872 0.975753 0.044401 -0.999014 5.452947 2181.178720 -0.014643 57.786618 200.000000 57.786618 28.270464 11308.185651 0.444054 -14.630390 200.000000 -14.630390 0.331960 132.783858 -0.013215 52.079533 200.000000 52.079533 26.700088 10680.035149 -0.482293 -20.233234 200.000000 -20.233234
 6.000000 0.998487 -0.054984 -0.978049 -0.208376 1.625808 -1.780711 -0.054984 0.998487 -0.208376 -0.978049 0.103259 41.303722 -0.087117 59.413375 200.000000 59.413375 27.323142 10929.256859 0.475772 -18.032837 200.000000 -18.032837 1.507700 603.080178 -0.085588 52.042664 200.000000 52.042664 21.280395 8512.157891 -0.516742 -23.649680 200.000000 -23.649680
 6.200000 0.974547 -0.224182 -0.965199 -0.261517 1.796900 -1.835390 -0.224182 0.974547 -0.261517 -0.965199 0.417183 166.873155 -0.159592 59.089897 200.000000 59.089897 21.814263 8725.705059 0.507490 -21.182084 200.000000 -21.182084 1.072402 428.960783 -0.157960 50.885390 200.000000 50.885390 17.140214 6856.085538 -0.551191 -26.705737 200.000000 -26.705737
 6.400000 0.980321 -0.197411 -0.935195 -0.354134 1.769513 -1.932784 -0.197411 0.980321 -0.354134 -0.935195 0.120098 48.039060 -0.232066 59.030935 200.000000 59.030935 19.458038 7783.215130 0.539208 -24.061557 200.000000 -24.061557 1.532667 613.066923 -0.230333 49.260404 200.000000 49.260404 12.218794 4887.517577 -0.585641 -29.337440 200.000000 -29.337440
 6.600000 0.922212 -0.386685 -0.917072 -0.398722 1.967830 -1.980919 -0.386685 0.922212 -0.398722 -0.917072 0.674762 269.904801 -0.304541 57.428072 200.000000 57.428072 12.340165 4936.065856 0.570926 -26.384145 200.000000 -26.384145 0.921921 368.768399 -0.302705 47.405058 200.000000 47.405058 8.819801 3527.920417 -0.620090 -31.499884 200.000000 -31.499884
 6.800000 0.881428 -0.472318 -0.887715 -0.460393 2.062716 -2.049234 -0.472318 0.881428 -0.460393 -0.887715 0.908265 363.306121 -0.377015 56.454559 200.000000 56.454559 7.772033 3108.813159 0.602644 -28.431689 200.000000 -28.431689 0.727862 291.144958 -0.375078 45.544355 200.000000 45.544355 5.437085 2174.834145 -0.654540 -33.184912 200.000000 -33.184912
 7.000000 0.800911 -0.598784 -0.873597 -0.486650 2.212778 -2.079047 -0.598784 0.800911 -0.486650 -0.873597 2.228856 891.542467 -0.449490 54.804868 200.000000 54.804868 2.773839 1109.535619 0.634362 -29.882214 200.000000 -29.882214 0.153663 61.465106 -0.447450 43.903970 200.000000 43.903970 3.408000 1363.199908 -0.688989 -34.406365 200.000000 -34.406365
 7.200000 0.743839 -0.668359 -0.820359 -0.571849 2.302797 -2.179555 -0.668359 0.743839 -0.571849 -0.820359 2.143135 857.254062 -0.521964 53.108617 200.000000 53.108617 0.604635 241.854094 0.666081 -30.798073 200.000000 -30.798073 0.270676 108.270590 -0.519823 42.863087 200.000000 42.863087 0.939347 375.738719 -0.723439 -35.258154 200.000000 -35.258154
 7.400000 0.776197 -0.630491 -0.765091 -0.643922 2.252981 -2.270410 -0.630491 0.776197 -0.643922 -0.765091 0.129972 51.988836 -0.594439 52.322322 200.000000 52.322322 0.614627 245.850920 0.697799 -31.478941 200.000000 -31.478941 0.267571 107.028346 -0.592195 42.184772 200.000000 42.184772 0.005188 2.075031 -0.757888 -35.642602 200.000000 -35.642602
 7.600000 0.634431 -0.772979 -0.735936 -0.677051 2.454320 -2.314544 -0.772979 0.634431 -0.677051 -0.735936 1.124995 449.998185 -0.666913 51.563479 200.000000 51.563479 0.904126 361.650549 0.729517 -31.562385 200.000000 -31.562385 0.216209 86.483452 -0.630553 42.134334 200.000000 42.134334 0.161687 64.674660 -0.776146 -35.709594 200.000000 -35.709594
 7.800000 0.705548 -0.708662 -0.797282 -0.603607 2.358397 -2.218814 -0.708662 0.705548 -0.603607 -0.797282 0.090919 36.367586 -0.678509 51.404209 200.000000 51.404209 0.084354 33.741596 0.734592 -31.499374 200.000000 -31.499374 0.072605 29.041902 -0.630553 42.134334 200.000000 42.134334 0.044670 17.867928 -0.776146 -35.709594 200.000000 -35.709594
 8.000000 0.703653 -0.710543 -0.782905 -0.622142 2.361067 -2.242272 -0.710543 0.703653 -0.622142 -0.782905 0.102618 41.047252 -0.678509 51.404209 200.000000 51.404209 0.095719 38.287402 0.734592 -31.499374 200.000000 -31.499374 0.007074 2.829711 -0.630553 42.134334 200.000000 42.134334 0.004567 1.826887 -0.776146 -35.709594 200.000000 -35.709594
 8.200000 0.721289 -0.692634 -0.764449 -0.644684 2.335931 -2.271406 -0.692634 0.721289 -0.644684 -0.764449 0.019950 7.980017 -0.678509 51.404209 200.000000 51.404209 0.017695 7.078116 0.734592 -31.499374 200.000000 -31.499374 0.019970 7.987879 -0.630553 42.134334 200.000000 42.134334 0.013683 5.473131 -0.776146 -35.709594 200.000000 -35.709594
 8.400000 0.702647 -0.711538 -0.777459 -0.628933 2.362482 -2.250977 -0.711538 0.702647 -0.628933 -0.777459 0.109092 43.636672 -0.678509 51.404209 200.000000 51.404209 0.102045 40.818140 0.734592 -31.499374 200.000000 -31.499374 0.000262 0.104913 -0.630553 42.134334 200.000000 42.134334 0.000172 0.068950 -0.776146 -35.709594 200.000000 -35.709594
 8.600000 0.707522 -0.706691 -0.763719 -0.645549 2.355607 -2.272538 -0.706691 0.707522 -0.645549 -0.763719 0.079423 31.769021 -0.678509 51.404209 200.000000 51.404209 0.073277 29.310982 0.734592 -31.499374 200.000000 -31.499374 0.022488 8.995190 -0.630553 42.134334 200.000000 42.134334 0.015444 6.177532 -0.776146 -35.709594 200.000000 -35.709594
 8.800000 0.758790 -0.651335 -0.738362 -0.674405 2.280139 -2.310955 -0.651335 0.758790 -0.674405 -0.738362 0.073843 29.537337 -0.678509 51.404209 200.000000 51.404209 0.058556 23.422406 0.734592 -31.499374 200.000000 -31.499374 0.192302 76.920714 -0.630553 42.134334 200.000000 42.134334 0.142769 57.107458 -0.776146 -35.709594 200.000000 -35.709594
 9.000000 0.708564 -0.705647 -0.784456 -0.620185 2.354132 -2.239774 -0.705647 0.708564 -0.620185 -0.784456 0.073645 29.457998 -0.678509 51.404209 200.000000 51.404209 0.067747 27.098639 0.734592 -31.499374 200.000000 -31.499374 0.010750 4.299929 -0.630553 42.134334 200.000000 42.134334 0.006905 2.761906 -0.776146 -35.709594 200.000000 -35.709594
 9.200000 0.751436 -0.659806 -0.738570 -0.674177 2.291357 -2.310646 -0.659806 0.751436 -0.674177 -0.738570 0.034981 13.992473 -0.678509 51.404209 200.000000 51.404209 0.028373 11.349006 0.734592 -31.499374 200.000000 -31.499374 0.190308 76.123300 -0.630553 42.134334 200.000000 42.134334 0.141200 56.480183 -0.776146 -35.709594 200.000000 -35.709594
 9.400000 0.748069 -0.663620 -0.731457 -0.681887 2.296444 -2.321136 -0.663620 0.748069 -0.681887 -0.731457 0.022168 8.867309 -0.678509 51.404209 200.000000 51.404209 0.018165 7.266028 0.734592 -31.499374 200.000000 -31.499374 0.263523 105.409069 -0.630553 42.134334 200.000000 42.134334 0.199711 79.884453 -0.776146 -35.709594 200.000000 -35.709594
 9.600000 0.726001 -0.687693 -0.770179 -0.637828 2.329104 -2.262471 -0.687693 0.726001 -0.637828 -0.770179 0.008435 3.373897 -0.678509 51.404209 200.000000 51.404209 0.007380 2.951916 0.734592 -31.499374 200.000000 -31.499374 0.005293 2.117328 -0.630553 42.134334 200.000000 42.134334 0.003561 1.424577 -0.776146 -35.709594 200.000000 -35.709594
 9.800000 0.793773 -0.608214 -0.761443 -0.648232 2.224605 -2.276057 -0.608214 0.793773 -0.648232 -0.761443 0.494144 197.657780 -0.678509 51.404209 200.000000 51.404209 0.350244 140.097461 0.734592 -31.499374 200.000000 -31.499374 0.031257 12.502855 -0.630553 42.134334 200.000000 42.134334 0.021620 8.648160 -0.776146 -35.709594 200.000000 -35.709594
 10.000000 0.771814 -0.635849 -0.673678 -0.739025 2.259904 -2.402418 -0.635849 0.771814 -0.739025 -0.673678 0.181992 72.796925 -0.678509 51.404209 200.000000 51.404209 0.138547 55.418770 0.734592 -31.499374 200.000000 -31.499374 1.176624 470.649564 -0.630553 42.134334 200.000000 42.134334 1.049978 419.991109 -0.776146 -35.709594 200.000000 -35.709594
 10.200000 0.765697 -0.643201 -0.773878 -0.633334 2.269468 -2.256650 -0.643201 0.765697 -0.633334 -0.773878 0.124666 49.866472 -0.678509 51.404209 200.000000 51.404209 0.096755 38.701850 0.734592 -31.499374 200.000000 -31.499374 0.000774 0.309461 -0.630553 42.134334 200.000000 42.134334 0.000514 0.205752 -0.776146 -35.709594 200.000000 -35.709594
 10.400000 0.744552 -0.667565 -0.767063 -0.641572 2.301730 -2.267342 -0.667565 0.744552 -0.641572 -0.767063 0.011978 4.791394 -0.678509 51.404209 200.000000 51.404209 0.009920 3.968070 0.734592 -31.499374 200.000000 -31.499374 0.012141 4.856587 -0.630553 42.134334 200.000000 42.134334 0.008251 3.300200 -0.776146 -35.709594 200.000000 -35.709594
 10.600000 0.678464 -0.734634 -0.752581 -0.658500 2.395923 -2.289620 -0.734634 0.678464 -0.658500 -0.752581 0.314992 125.996783 -0.678509 51.404209 200.000000 51.404209 0.315031 126.012326 0.734592 -31.499374 200.000000 -31.499374 0.078105 31.241965 -0.630553 42.134334 200.000000 42.134334 0.055534 22.213633 -0.776146 -35.709594 200.000000 -35.709594
 10.800000 0.766794 -0.641893 -0.793653 -0.608370 2.267761 -2.224802 -0.641893 0.766794 -0.608370 -0.793653 0.134075 53.630135 -0.678509 51.404209 200.000000 51.404209 0.103700 41.479829 0.734592 -31.499374 200.000000 -31.499374 0.049206 19.682231 -0.630553 42.134334 200.000000 42.134334 0.030649 12.259548 -0.776146 -35.709594 200.000000 -35.709594
 11.000000 0.665823 -0.746110 -0.762869 -0.646554 2.412996 -2.273854 -0.746110 0.665823 -0.646554 -0.762869 0.456982 182.792668 -0.678509 51.404209 200.000000 51.404209 0.472915 189.166020 0.734592 -31.499374 200.000000 -31.499374 0.025603 10.241270 -0.630553 42.134334 200.000000 42.134334 0.017630 7.052161 -0.776146 -35.709594 200.000000 -35.709594
 11.200000 0.685129 -0.728422 -0.749864 -0.661592 2.386812 -2.293737 -0.728422 0.685129 -0.661592 -0.749864 0.249126 99.650319 -0.678509 51.404209 200.000000 51.404209 0.244658 97.863054 0.734592 -31.499374 200.000000 -31.499374 0.096347 38.538704 -0.630553 42.134334 200.000000 42.134334 0.069079 27.631526 -0.776146 -35.709594 200.000000 -35.709594
 11.400000 0.673015 -0.739629 -0.750618 -0.660736 2.403315 -2.292595 -0.739629 0.673015 -0.660736 -0.750618 0.373556 149.422271 -0.678509 51.404209 200.000000 51.404209 0.379166 151.666454 0.734592 -31.499374 200.000000 -31.499374 0.091104 36.441550 -0.630553 42.134334 200.000000 42.134334 0.065169 26.067497 -0.776146 -35.709594 200.000000 -35.709594
 11.600000 0.693234 -0.720713 -0.698206 -0.715897 2.375626 -2.368705 -0.720713 0.693234 -0.715897 -0.698206 0.178114 71.245455 -0.678509 51.404209 200.000000 51.404209 0.171049 68.419586 0.734592 -31.499374 200.000000 -31.499374 0.728369 291.347465 -0.630553 42.134334 200.000000 42.134334 0.607476 242.990412 -0.776146 -35.709594 200.000000 -35.709594
 11.800000 0.725050 -0.688696 -0.720061 -0.693911 2.330485 -2.337703 -0.688696 0.725050 -0.693911 -0.720061 0.010376 4.150578 -0.678509 51.404209 200.000000 51.404209 0.009104 3.641525 0.734592 -31.499374 200.000000 -31.499374 0.401427 160.570885 -0.630553 42.134334 200.000000 42.134334 0.314560 125.823955 -0.776146 -35.709594 200.000000 -35.709594
 12.000000 0.777423 -0.628978 -0.734452 -0.678661 2.251034 -2.316734 -0.628978 0.777423 -0.678661 -0.734452 0.245335 98.133852 -0.678509 51.404209 200.000000 51.404209 0.183452 73.380717 0.734592 -31.499374 200.000000 -31.499374 0.231439 92.575634 -0.630553 42.134334 200.000000 42.134334 0.173844 69.537586 -0.776146 -35.709594 200.000000 -35.709594
 12.200000 0.681039 -0.732247 -0.756536 -0.653952 2.392411 -2.283593 -0.732247 0.681039 -0.653952 -0.756536 0.288770 115.507848 -0.678509 51.404209 200.000000 51.404209 0.286784 114.713658 0.734592 -31.499374 200.000000 -31.499374 0.054755 21.901838 -0.630553 42.134334 200.000000 42.134334 0.038458 15.383245 -0.776146 -35.709594 200.000000 -35.709594
 12.400000 0.627863 -0.778324 -0.787355 -0.616500 2.462789 -2.235085 -0.778324 0.627863 -0.616500 -0.787355 0.996300 398.519867 -0.678509 51.404209 200.000000 51.404209 1.139111 455.644387 0.734592 -31.499374 200.000000 -31.499374 0.019749 7.899642 -0.630553 42.134334 200.000000 42.134334 0.012564 5.025507 -0.776146 -35.709594 200.000000 -35.709594
 12.600000 0.697486 -0.716598 -0.751828 -0.659359 2.369709 -2.290763 -0.716598 0.697486 -0.659359 -0.751828 0.145076 58.030378 -0.678509 51.404209 200.000000 51.404209 0.137682 55.072854 0.734592 -31.499374 200.000000 -31.499374 0.082983 33.193116 -0.630553 42.134334 200.000000 42.134334 0.059139 23.655717 -0.776146 -35.709594 200.000000 -35.709594
 12.800000 0.672103 -0.740458 -0.778992 -0.627034 2.404547 -2.248536 -0.740458 0.672103 -0.627034 -0.778992 0.383758 153.503296 -0.678509 51.404209 200.000000 51.404209 0.390483 156.193370 0.734592 -31.499374 200.000000 -31.499374 0.001238 0.495361 -0.630553 42.134334 200.000000 42.134334 0.000810 0.323936 -0.776146 -35.709594 200.000000 -35.709594
 13.000000 0.710541 -0.703656 -0.783689 -0.621153 2.351326 -2.241010 -0.703656 0.710541 -0.621153 -0.783689 0.063235 25.293971 -0.678509 51.404209 200.000000 51.404209 0.057844 23.137779 0.734592 -31.499374 200.000000 -31.499374 0.008835 3.534094 -0.630553 42.134334 200.000000 42.134334 0.005689 2.275752 -0.776146 -35.709594 200.000000 -35.709594
 13.200000 0.744365 -0.667773 -0.803791 -0.594912 2.302009 -2.207952 -0.667773 0.744365 -0.594912 -0.803791 0.011527 4.610693 -0.678509 51.404209 200.000000 51.404209 0.009551 3.820567 0.734592 -31.499374 200.000000 -31.499374 0.127026 50.810382 -0.630553 42.134334 200.000000 42.134334 0.076421 30.568513 -0.776146 -35.709594 200.000000 -35.709594
 13.400000 0.715882 -0.698221 -0.720501 -0.693454 2.343706 -2.337069 -0.698221 0.715882 -0.693454 -0.720501 0.038855 15.542145 -0.678509 51.404209 200.000000 51.404209 0.035005 14.001968 0.734592 -31.499374 200.000000 -31.499374 0.395663 158.265065 -0.630553 42.134334 200.000000 42.134334 0.309647 123.858811 -0.776146 -35.709594 200.000000 -35.709594
 13.600000 0.755973 -0.654602 -0.782854 -0.622206 2.284453 -2.242353 -0.654602 0.755973 -0.622206 -0.782854 0.057155 22.862088 -0.678509 51.404209 200.000000 51.404209 0.045718 18.287191 0.734592 -31.499374 200.000000 -31.499374 0.006967 2.786829 -0.630553 42.134334 200.000000 42.134334 0.004499 1.799503 -0.776146 -35.709594 200.000000 -35.709594
 13.800000 0.752823 -0.658223 -0.755614 -0.655018 2.289252 -2.285002 -0.658223 0.752823 -0.655018 -0.755614 0.041153 16.461348 -0.678509 51.404209 200.000000 51.404209 0.033238 13.295061 0.734592 -31.499374 200.000000 -31.499374 0.059853 23.941176 -0.630553 42.134334 200.000000 42.134334 0.042160 16.863804 -0.776146 -35.709594 200.000000 -35.709594
 14.000000 0.740232 -0.672352 -0.760688 -0.649117 2.308178 -2.277220 -0.672352 0.740232 -0.649117 -0.760688 0.003792 1.516648 -0.678509 51.404209 200.000000 51.404209 0.003181 1.272407 0.734592 -31.499374 200.000000 -31.499374 0.034464 13.785729 -0.630553 42.134334 200.000000 42.134334 0.023895 9.558093 -0.776146 -35.709594 200.000000 -35.709594
 14.200000 0.778220 -0.627992 -0.809681 -0.586870 2.249767 -2.197984 -0.627992 0.778220 -0.586870 -0.809681 0.255199 102.079504 -0.678509 51.404209 200.000000 51.404209 0.190340 76.135801 0.734592 -31.499374 200.000000 -31.499374 0.190817 76.326938 -0.630553 42.134334 200.000000 42.134334 0.112458 44.983026 -0.776146 -35.709594 200.000000 -35.709594
 14.400000 0.751779 -0.659415 -0.733068 -0.680155 2.290836 -2.318771 -0.659415 0.751779 -0.680155 -0.733068 0.036460 14.584082 -0.678509 51.404209 200.000000 51.404209 0.029541 11.816470 0.734592 -31.499374 200.000000 -31.499374 0.246041 98.416315 -0.630553 42.134334 200.000000 42.134334 0.185574 74.229557 -0.776146 -35.709594 200.000000 -35.709594
 14.600000 0.739918 -0.672697 -0.753338 -0.657633 2.308644 -2.288469 -0.672697 0.739918 -0.657633 -0.753338 0.003379 1.351523 -0.678509 51.404209 200.000000 51.404209 0.002837 1.134935 0.734592 -31.499374 200.000000 -31.499374 0.073336 29.334446 -0.630553 42.134334 200.000000 42.134334 0.052022 20.808692 -0.776146 -35.709594 200.000000 -35.709594
 14.800000 0.750935 -0.660376 -0.762244 -0.647290 2.292116 -2.274820 -0.660376 0.750935 -0.647290 -0.762244 0.032882 13.152983 -0.678509 51.404209 200.000000 51.404209 0.026711 10.684396 0.734592 -31.499374 200.000000 -31.499374 0.028013 11.205247 -0.630553 42.134334 200.000000 42.134334 0.019328 7.731129 -0.776146 -35.709594 200.000000 -35.709594
 15.000000 0.751252 -0.660015 -0.732375 -0.680902 2.291636 -2.319790 -0.660015 0.751252 -0.680902 -0.732375 0.034203 13.681001 -0.678509 51.404209 200.000000 51.404209 0.027756 11.102596 0.734592 -31.499374 200.000000 -31.499374 0.253503 101.401239 -0.630553 42.134334 200.000000 42.134334 0.191596 76.638468 -0.776146 -35.709594 200.000000 -35.709594
 15.200000 0.794704 -0.606997 -0.796191 -0.605045 2.223073 -2.220619 -0.606997 0.794704 -0.605045 -0.796191 0.511398 204.559200 -0.678509 51.404209 200.000000 51.404209 0.361347 144.538935 0.734592 -31.499374 200.000000 -31.499374 0.065064 26.025634 -0.630553 42.134334 200.000000 42.134334 0.040179 16.071774 -0.776146 -35.709594 200.000000 -35.709594
 15.400000 0.682751 -0.730652 -0.786692 -0.617345 2.390072 -2.236160 -0.730652 0.682751 -0.617345 -0.786692 0.271880 108.752101 -0.678509 51.404209 200.000000 51.404209 0.268751 107.500230 0.734592 -31.499374 200.000000 -31.499374 0.017444 6.977505 -0.630553 42.134334 200.000000 42.134334 0.011122 4.448666 -0.776146 -35.709594 200.000000 -35.709594
 15.600000 0.693066 -0.720874 -0.793432 -0.608659 2.375859 -2.225165 -0.720874 0.693066 -0.608659 -0.793432 0.179475 71.789801 -0.678509 51.404209 200.000000 51.404209 0.172436 68.974366 0.734592 -31.499374 200.000000 -31.499374 0.047934 19.173725 -0.630553 42.134334 200.000000 42.134334 0.029879 11.951742 -0.776146 -35.709594 200.000000 -35.709594
 15.800000 0.722500 -0.691371 -0.796885 -0.604131 2.334181 -2.219471 -0.691371 0.722500 -0.604131 -0.796885 0.016542 6.616862 -0.678509 51.404209 200.000000 51.404209 0.014621 5.848490 0.734592 -31.499374 200.000000 -31.499374 0.069811 27.924425 -0.630553 42.134334 200.000000 42.134334 0.043009 17.203653 -0.776146 -35.709594 200.000000 -35.709594
 16.000000 0.686220 -0.727394 -0.749126 -0.662428 2.385313 -2.294852 -0.727394 0.686220 -0.662428 -0.749126 0.238974 95.589497 -0.678509 51.404209 200.000000 51.404209 0.233985 93.594106 0.734592 -31.499374 200.000000 -31.499374 0.101604 40.641711 -0.630553 42.134334 200.000000 42.134334 0.073013 29.205291 -0.776146 -35.709594 200.000000 -35.709594
 16.200000 0.724491 -0.689285 -0.780114 -0.625637 2.331297 -2.246745 -0.689285 0.724491 -0.625637 -0.780114 0.011610 4.644145 -0.678509 51.404209 200.000000 51.404209 0.010203 4.081196 0.734592 -31.499374 200.000000 -31.499374 0.002416 0.966366 -0.630553 42.134334 200.000000 42.134334 0.001574 0.629633 -0.776146 -35.709594 200.000000 -35.709594
 16.400000 0.685943 -0.727655 -0.823493 -0.567327 2.385694 -2.174052 -0.727655 0.685943 -0.567327 -0.823493 0.241533 96.613164 -0.678509 51.404209 200.000000 51.404209 0.236671 94.668424 0.734592 -31.499374 200.000000 -31.499374 0.399751 159.900531 -0.630553 42.134334 200.000000 42.134334 0.224167 89.666876 -0.776146 -35.709594 200.000000 -35.709594
 16.600000 0.717484 -0.696575 -0.737648 -0.675185 2.341408 -2.312012 -0.696575 0.717484 -0.675185 -0.737648 0.032635 13.053971 -0.678509 51.404209 200.000000 51.404209 0.029266 11.706371 0.734592 -31.499374 200.000000 -31.499374 0.199205 79.681988 -0.630553 42.134334 200.000000 42.134334 0.148210 59.284070 -0.776146 -35.709594 200.000000 -35.709594
 16.800000 0.721856 -0.692043 -0.790168 -0.612891 2.335112 -2.230510 -0.692043 0.721856 -0.612891 -0.790168 0.018317 7.326650 -0.678509 51.404209 200.000000 51.404209 0.016220 6.487945 0.734592 -31.499374 200.000000 -31.499374 0.031194 12.477708 -0.630553 42.134334 200.000000 42.134334 0.019659 7.863740 -0.776146 -35.709594 200.000000 -35.709594
 17.000000 0.803740 -0.594981 -0.848743 -0.528805 2.208038 -2.127989 -0.594981 0.803740 -0.528805 -0.848743 0.697707 279.082690 -0.678509 51.404209 200.000000 51.404209 0.478150 191.259905 0.734592 -31.499374 200.000000 -31.499374 1.035251 414.100214 -0.630553 42.134334 200.000000 42.134334 0.527027 210.810840 -0.776146 -35.709594 200.000000 -35.709594
 17.200000 0.708517 -0.705694 -0.804032 -0.594587 2.354198 -2.207548 -0.705694 0.708517 -0.594587 -0.804032 0.073899 29.559563 -0.678509 51.404209 200.000000 51.404209 0.067989 27.195660 0.734592 -31.499374 200.000000 -31.499374 0.129356 51.742444 -0.630553 42.134334 200.000000 42.134334 0.077758 31.103249 -0.776146 -35.709594 200.000000 -35.709594
 17.400000 0.750863 -0.660458 -0.751899 -0.659278 2.292225 -2.290654 -0.660458 0.750863 -0.659278 -0.751899 0.032585 13.033803 -0.678509 51.404209 200.000000 51.404209 0.026475 10.589918 0.734592 -31.499374 200.000000 -31.499374 0.082513 33.005291 -0.630553 42.134334 200.000000 42.134334 0.058792 23.516679 -0.776146 -35.709594 200.000000 -35.709594
 17.600000 0.664694 -0.747116 -0.749793 -0.661672 2.414509 -2.293843 -0.747116 0.664694 -0.661672 -0.749793 0.470683 188.273067 -0.678509 51.404209 200.000000 51.404209 0.488569 195.427692 0.734592 -31.499374 200.000000 -31.499374 0.096841 38.736310 -0.630553 42.134334 200.000000 42.134334 0.069448 27.779176 -0.776146 -35.709594 200.000000 -35.709594
 17.800000 0.682253 -0.731116 -0.730097 -0.683344 2.390753 -2.323129 -0.731116 0.682253 -0.683344 -0.730097 0.276750 110.700080 -0.678509 51.404209 200.000000 51.404209 0.273937 109.574968 0.734592 -31.499374 200.000000 -31.499374 0.278691 111.476271 -0.630553 42.134334 200.000000 42.134334 0.212058 84.823181 -0.776146 -35.709594 200.000000 -35.709594
 18.000000 0.811258 -0.584689 -0.752124 -0.659021 2.195292 -2.290313 -0.584689 0.811258 -0.659021 -0.752124 0.880235 352.093988 -0.678509 51.404209 200.000000 51.404209 0.587769 235.107788 0.734592 -31.499374 200.000000 -31.499374 0.081047 32.418875 -0.630553 42.134334 200.000000 42.134334 0.057707 23.082883 -0.776146 -35.709594 200.000000 -35.709594
 18.200000 0.760955 -0.648804 -0.740595 -0.671951 2.276808 -2.307637 -0.648804 0.760955 -0.671951 -0.740595 0.088239 35.295749 -0.678509 51.404209 200.000000 51.404209 0.069504 27.801576 0.734592 -31.499374 200.000000 -31.499374 0.171385 68.554088 -0.630553 42.134334 200.000000 42.134334 0.126389 50.555480 -0.776146 -35.709594 200.000000 -35.709594
 18.400000 0.735256 -0.677789 -0.739393 -0.673274 2.315548 -2.309425 -0.677789 0.735256 -0.673274 -0.739393 0.000052 0.020761 -0.678509 51.404209 200.000000 51.404209 0.000044 0.017677 0.734592 -31.499374 200.000000 -31.499374 0.182514 73.005523 -0.630553 42.134334 200.000000 42.134334 0.135083 54.033270 -0.776146 -35.709594 200.000000 -35.709594
 18.600000 0.730713 -0.682685 -0.824996 -0.565138 2.322227 -2.171397 -0.682685 0.730713 -0.565138 -0.824996 0.001743 0.697313 -0.678509 51.404209 200.000000 51.404209 0.001504 0.601744 0.734592 -31.499374 200.000000 -31.499374 0.427902 171.160659 -0.630553 42.134334 200.000000 42.134334 0.238628 95.451331 -0.776146 -35.709594 200.000000 -35.709594
 18.800000 0.704677 -0.709528 -0.734153 -0.678984 2.359625 -2.317175 -0.709528 0.704677 -0.678984 -0.734153 0.096217 38.486635 -0.678509 51.404209 200.000000 51.404209 0.089489 35.795516 0.734592 -31.499374 200.000000 -31.499374 0.234563 93.825080 -0.630553 42.134334 200.000000 42.134334 0.176347 70.538870 -0.776146 -35.709594 200.000000 -35.709594
 19.000000 0.748031 -0.663664 -0.739742 -0.672890 2.296502 -2.308905 -0.663664 0.748031 -0.672890 -0.739742 0.022040 8.815923 -0.678509 51.404209 200.000000 51.404209 0.018062 7.224759 0.734592 -31.499374 200.000000 -31.499374 0.179246 71.698431 -0.630553 42.134334 200.000000 42.134334 0.132525 53.010128 -0.776146 -35.709594 200.000000 -35.709594
 19.200000 0.807538 -0.589815 -0.799954 -0.600062 2.201626 -2.214375 -0.589815 0.807538 -0.600062 -0.799954 0.786666 314.666425 -0.678509 51.404209 200.000000 51.404209 0.532120 212.847871 0.734592 -31.499374 200.000000 -31.499374 0.092970 37.187965 -0.630553 42.134334 200.000000 42.134334 0.056679 22.671420 -0.776146 -35.709594 200.000000 -35.709594
 19.400000 0.772380 -0.635160 -0.768115 -0.640311 2.259012 -2.265700 -0.635160 0.772380 -0.640311 -0.768115 0.187914 75.165700 -0.678509 51.404209 200.000000 51.404209 0.142798 57.119149 0.734592 -31.499374 200.000000 -31.499374 0.009523 3.809325 -0.630553 42.134334 200.000000 42.134334 0.006450 2.579909 -0.776146 -35.709594 200.000000 -35.709594
 19.600000 0.670298 -0.742092 -0.816843 -0.576861 2.406982 -2.185677 -0.742092 0.670298 -0.576861 -0.816843 0.404275 161.710157 -0.678509 51.404209 200.000000 51.404209 0.413369 165.347403 0.734592 -31.499374 200.000000 -31.499374 0.288282 115.312869 -0.630553 42.134334 200.000000 42.134334 0.165617 66.246698 -0.776146 -35.709594 200.000000 -35.709594
 19.800000 0.681309 -0.731996 -0.788983 -0.614415 2.392043 -2.232441 -0.731996 0.681309 -0.614415 -0.788983 0.286076 114.430507 -0.678509 51.404209 200.000000 51.404209 0.283900 113.559941 0.734592 -31.499374 200.000000 -31.499374 0.026043 10.417058 -0.630553 42.134334 200.000000 42.134334 0.016478 6.591141 -0.776146 -35.709594 200.000000 -35.709594
 20.000000 0.687326 -0.726349 -0.786447 -0.617658 2.383792 -2.236558 -0.726349 0.687326 -0.617658 -0.786447 0.228867 91.546803 -0.678509 51.404209 200.000000 51.404209 0.223409 89.363445 0.734592 -31.499374 200.000000 -31.499374 0.016627 6.650729 -0.630553 42.134334 200.000000 42.134334 0.010609 4.243785 -0.776146 -35.709594 200.000000 -35.709594
 20.200000 0.713125 -0.701037 -0.843909 -0.536487 2.347647 -2.137065 -0.701037 0.713125 -0.536487 -0.843909 0.050750 20.300066 -0.678509 51.404209 200.000000 51.404209 0.046083 18.433306 0.734592 -31.499374 200.000000 -31.499374 0.884833 353.933368 -0.630553 42.134334 200.000000 42.134334 0.459170 183.667912 -0.776146 -35.709594 200.000000 -35.709594
 20.400000 0.630008 -0.776589 -0.809661 -0.586898 2.460029 -2.198019 -0.776589 0.630008 -0.586898 -0.809661 0.961954 384.781587 -0.678509 51.404209 200.000000 51.404209 1.093776 437.510300 0.734592 -31.499374 200.000000 -31.499374 0.190573 76.229029 -0.630553 42.134334 200.000000 42.134334 0.112321 44.928543 -0.776146 -35.709594 200.000000 -35.709594
 20.600000 0.615175 -0.788390 -0.779391 -0.626538 2.478984 -2.247899 -0.788390 0.615175 -0.626538 -0.779391 1.207382 482.952854 -0.678509 51.404209 200.000000 51.404209 1.426028 570.411137 0.734592 -31.499374 200.000000 -31.499374 0.001612 0.644809 -0.630553 42.134334 200.000000 42.134334 0.001053 0.421118 -0.776146 -35.709594 200.000000 -35.709594
 20.800000 0.746524 -0.665358 -0.757191 -0.653194 2.298770 -2.282591 -0.665358 0.746524 -0.653194 -0.757191 0.017296 6.918244 -0.678509 51.404209 200.000000 51.404209 0.014239 5.695484 0.734592 -31.499374 200.000000 -31.499374 0.051263 20.505154 -0.630553 42.134334 200.000000 42.134334 0.035932 14.372966 -0.776146 -35.709594 200.000000 -35.709594
 21.000000 0.684355 -0.729149 -0.700392 -0.713759 2.387874 -2.365646 -0.729149 0.684355 -0.713759 -0.700392 0.256437 102.574829 -0.678509 51.404209 200.000000 51.404209 0.252373 100.949283 0.734592 -31.499374 200.000000 -31.499374 0.692324 276.929504 -0.630553 42.134334 200.000000 42.134334 0.573878 229.551204 -0.776146 -35.709594 200.000000 -35.709594
 21.200000 0.675222 -0.737614 -0.777901 -0.628387 2.400326 -2.250274 -0.737614 0.675222 -0.628387 -0.777901 0.349337 139.734785 -0.678509 51.404209 200.000000 51.404209 0.352471 140.988303 0.734592 -31.499374 200.000000 -31.499374 0.000469 0.187676 -0.630553 42.134334 200.000000 42.134334 0.000308 0.123166 -0.776146 -35.709594 200.000000 -35.709594
 21.400000 0.730439 -0.682978 -0.759397 -0.650628 2.322629 -2.279207 -0.682978 0.730439 -0.650628 -0.759397 0.001997 0.798816 -0.678509 51.404209 200.000000 51.404209 0.001725 0.689892 0.734592 -31.499374 200.000000 -31.499374 0.040301 16.120491 -0.630553 42.134334 200.000000 42.134334 0.028055 11.222118 -0.776146 -35.709594 200.000000 -35.709594
 21.600000 0.737589 -0.675250 -0.776551 -0.630055 2.312100 -2.252420 -0.675250 0.737589 -0.630055 -0.776551 0.001062 0.424890 -0.678509 51.404209 200.000000 51.404209 0.000898 0.359284 0.734592 -31.499374 200.000000 -31.499374 0.000025 0.009908 -0.630553 42.134334 200.000000 42.134334 0.000016 0.006531 -0.776146 -35.709594 200.000000 -35.709594
 21.800000 0.790331 -0.612681 -0.775850 -0.630917 2.230244 -2.253531 -0.612681 0.790331 -0.630917 -0.775850 0.433343 173.337054 -0.678509 51.404209 200.000000 51.404209 0.310682 124.272871 0.734592 -31.499374 200.000000 -31.499374 0.000013 0.005314 -0.630553 42.134334 200.000000 42.134334 0.000009 0.003511 -0.776146 -35.709594 200.000000 -35.709594
 22.000000 0.756306 -0.654218 -0.765576 -0.643345 2.283945 -2.269656 -0.654218 0.756306 -0.643345 -0.765576 0.059005 23.602181 -0.678509 51.404209 200.000000 51.404209 0.047150 18.859906 0.734592 -31.499374 200.000000 -31.499374 0.016365 6.546124 -0.630553 42.134334 200.000000 42.134334 0.011173 4.469317 -0.776146 -35.709594 200.000000 -35.709594
 22.200000 0.718352 -0.695680 -0.744250 -0.667902 2.340162 -2.302182 -0.695680 0.718352 -0.667902 -0.744250 0.029482 11.792925 -0.678509 51.404209 200.000000 51.404209 0.026373 10.549139 0.734592 -31.499374 200.000000 -31.499374 0.139494 55.797756 -0.630553 42.134334 200.000000 42.134334 0.101741 40.696456 -0.776146 -35.709594 200.000000 -35.709594
 22.400000 0.741517 -0.670934 -0.732835 -0.680407 2.306265 -2.319114 -0.670934 0.741517 -0.680407 -0.732835 0.005738 2.295209 -0.678509 51.404209 200.000000 51.404209 0.004796 1.918207 0.734592 -31.499374 200.000000 -31.499374 0.248541 99.416292 -0.630553 42.134334 200.000000 42.134334 0.187589 75.035740 -0.776146 -35.709594 200.000000 -35.709594
 22.600000 0.692948 -0.720987 -0.743482 -0.668756 2.376023 -2.303331 -0.720987 0.692948 -0.668756 -0.743482 0.180438 72.175214 -0.678509 51.404209 200.000000 51.404209 0.173419 69.367401 0.734592 -31.499374 200.000000 -31.499374 0.145950 58.380031 -0.630553 42.134334 200.000000 42.134334 0.106698 42.679004 -0.776146 -35.709594 200.000000 -35.709594
 22.800000 0.771457 -0.636282 -0.759274 -0.650771 2.260465 -2.279396 -0.636282 0.771457 -0.650771 -0.759274 0.178317 71.326657 -0.678509 51.404209 200.000000 51.404209 0.135903 54.361026 0.734592 -31.499374 200.000000 -31.499374 0.040878 16.351139 -0.630553 42.134334 200.000000 42.134334 0.028468 11.387042 -0.776146 -35.709594 200.000000 -35.709594
 23.000000 0.720931 -0.693007 -0.828587 -0.559861 2.336448 -2.165014 -0.693007 0.720931 -0.559861 -0.828587 0.021018 8.407293 -0.678509 51.404209 200.000000 51.404209 0.018662 7.464838 0.734592 -31.499374 200.000000 -31.499374 0.499735 199.894031 -0.630553 42.134334 200.000000 42.134334 0.274998 109.999260 -0.776146 -35.709594 200.000000 -35.709594
 23.200000 0.748306 -0.663353 -0.784807 -0.619740 2.296088 -2.239208 -0.663353 0.748306 -0.619740 -0.784807 0.022971 9.188229 -0.678509 51.404209 200.000000 51.404209 0.018809 7.523596 0.734592 -31.499374 200.000000 -31.499374 0.011692 4.676614 -0.630553 42.134334 200.000000 42.134334 0.007501 3.000370 -0.776146 -35.709594 200.000000 -35.709594
 23.400000 0.789256 -0.614064 -0.719382 -0.694614 2.231996 -2.338680 -0.614064 0.789256 -0.694614 -0.719382 0.415316 166.126600 -0.678509 51.404209 200.000000 51.404209 0.298818 119.527200 0.734592 -31.499374 200.000000 -31.499374 0.410390 164.156042 -0.630553 42.134334 200.000000 42.134334 0.322217 128.886841 -0.776146 -35.709594 200.000000 -35.709594
 23.600000 0.695999 -0.718043 -0.768490 -0.639862 2.371782 -2.265114 -0.718043 0.695999 -0.639862 -0.768490 0.156287 62.514966 -0.678509 51.404209 200.000000 51.404209 0.148939 59.575452 0.734592 -31.499374 200.000000 -31.499374 0.008665 3.466199 -0.630553 42.134334 200.000000 42.134334 0.005862 2.344723 -0.776146 -35.709594 200.000000 -35.709594
 23.800000 0.674584 -0.738198 -0.740171 -0.672418 2.401192 -2.308268 -0.738198 0.674584 -0.672418 -0.740171 0.356277 142.510836 -0.678509 51.404209 200.000000 51.404209 0.360096 144.038413 0.734592 -31.499374 200.000000 -31.499374 0.175274 70.109702 -0.630553 42.134334 200.000000 42.134334 0.129422 51.768703 -0.776146 -35.709594 200.000000 -35.709594
 24.000000 0.686890 -0.726762 -0.780029 -0.625744 2.384392 -2.246881 -0.726762 0.686890 -0.625744 -0.780029 0.232828 93.131224 -0.678509 51.404209 200.000000 51.404209 0.227548 91.019230 0.734592 -31.499374 200.000000 -31.499374 0.002313 0.925063 -0.630553 42.134334 200.000000 42.134334 0.001507 0.602891 -0.776146 -35.709594 200.000000 -35.709594
 24.200000 0.689088 -0.724678 -0.804422 -0.594058 2.381363 -2.206891 -0.724678 0.689088 -0.594058 -0.804422 0.213154 85.261742 -0.678509 51.404209 200.000000 51.404209 0.207062 82.824963 0.734592 -31.499374 200.000000 -31.499374 0.133185 53.273990 -0.630553 42.134334 200.000000 42.134334 0.079951 31.980462 -0.776146 -35.709594 200.000000 -35.709594
 24.400000 0.703436 -0.710758 -0.796328 -0.604866 2.361372 -2.220393 -0.710758 0.703436 -0.604866 -0.796328 0.104000 41.600054 -0.678509 51.404209 200.000000 51.404209 0.097067 38.826772 0.734592 -31.499374 200.000000 -31.499374 0.065983 26.393110 -0.630553 42.134334 200.000000 42.134334 0.040728 16.291144 -0.776146 -35.709594 200.000000 -35.709594
 24.600000 0.686905 -0.726747 -0.806116 -0.591757 2.384371 -2.204033 -0.726747 0.686905 -0.591757 -0.806116 0.232691 93.076303 -0.678509 51.404209 200.000000 51.404209 0.227404 90.961785 0.734592 -31.499374 200.000000 -31.499374 0.150511 60.204393 -0.630553 42.134334 200.000000 42.134334 0.089820 35.928023 -0.776146 -35.709594 200.000000 -35.709594
 24.800000 0.695754 -0.718280 -0.739294 -0.673383 2.372123 -2.309571 -0.718280 0.695754 -0.673383 -0.739294 0.158170 63.268142 -0.678509 51.404209 200.000000 51.404209 0.150836 60.334384 0.734592 -31.499374 200.000000 -31.499374 0.183441 73.376382 -0.630553 42.134334 200.000000 42.134334 0.135810 54.323856 -0.776146 -35.709594 200.000000 -35.709594
 25.000000 0.756742 -0.653714 -0.708194 -0.706018 2.283278 -2.354656 -0.653714 0.756742 -0.706018 -0.708194 0.061483 24.593176 -0.678509 51.404209 200.000000 51.404209 0.049064 19.625415 0.734592 -31.499374 200.000000 -31.499374 0.569504 227.801722 -0.630553 42.134334 200.000000 42.134334 0.461758 184.703057 -0.776146 -35.709594 200.000000 -35.709594
 25.200000 0.792755 -0.609540 -0.746216 -0.665704 2.226276 -2.299233 -0.609540 0.792755 -0.665704 -0.746216 0.475680 190.272135 -0.678509 51.404209 200.000000 51.404209 0.338302 135.320814 0.734592 -31.499374 200.000000 -31.499374 0.123560 49.423945 -0.630553 42.134334 200.000000 42.134334 0.089582 35.832989 -0.776146 -35.709594 200.000000 -35.709594
 25.400000 0.696961 -0.717109 -0.765448 -0.643498 2.370442 -2.269855 -0.717109 0.696961 -0.643498 -0.765448 0.148992 59.596847 -0.678509 51.404209 200.000000 51.404209 0.141606 56.642426 0.734592 -31.499374 200.000000 -31.499374 0.016757 6.702897 -0.630553 42.134334 200.000000 42.134334 0.011446 4.578206 -0.776146 -35.709594 200.000000 -35.709594
 25.600000 0.755449 -0.655208 -0.832805 -0.553567 2.285254 -2.157438 -0.655208 0.755449 -0.553567 -0.832805 0.054298 21.719093 -0.678509 51.404209 200.000000 51.404209 0.043502 17.400943 0.734592 -31.499374 200.000000 -31.499374 0.592678 237.071112 -0.630553 42.134334 200.000000 42.134334 0.321014 128.405681 -0.776146 -35.709594 200.000000 -35.709594
 25.800000 0.712392 -0.701781 -0.813842 -0.581086 2.348691 -2.190859 -0.701781 0.712392 -0.581086 -0.813842 0.054158 21.663386 -0.678509 51.404209 200.000000 51.404209 0.049281 19.712423 0.734592 -31.499374 200.000000 -31.499374 0.244697 97.878696 -0.630553 42.134334 200.000000 42.134334 0.142097 56.838971 -0.776146 -35.709594 200.000000 -35.709594
 26.000000 0.690674 -0.723166 -0.694029 -0.719947 2.379172 -2.374523 -0.723166 0.690674 -0.719947 -0.694029 0.199424 79.769403 -0.678509 51.404209 200.000000 51.404209 0.192877 77.150680 0.734592 -31.499374 200.000000 -31.499374 0.799143 319.657165 -0.630553 42.134334 200.000000 42.134334 0.674335 269.733953 -0.776146 -35.709594 200.000000 -35.709594
 26.200000 0.763303 -0.646041 -0.748682 -0.662930 2.273183 -2.295521 -0.646041 0.763303 -0.662930 -0.748682 0.105419 42.167512 -0.678509 51.404209 200.000000 51.404209 0.082431 32.972565 0.734592 -31.499374 200.000000 -31.499374 0.104826 41.930544 -0.630553 42.134334 200.000000 42.134334 0.075431 30.172381 -0.776146 -35.709594 200.000000 -35.709594
 26.400000 0.789129 -0.614228 -0.738184 -0.674599 2.232203 -2.311218 -0.614228 0.789129 -0.674599 -0.738184 0.413214 165.285761 -0.678509 51.404209 200.000000 51.404209 0.297430 118.972113 0.734592 -31.499374 200.000000 -31.499374 0.194012 77.604855 -0.630553 42.134334 200.000000 42.134334 0.144115 57.646094 -0.776146 -35.709594 200.000000 -35.709594
 26.600000 0.769159 -0.639058 -0.721848 -0.692051 2.264069 -2.335123 -0.639058 0.769159 -0.692051 -0.721848 0.155644 62.257524 -0.678509 51.404209 200.000000 51.404209 0.119488 47.795362 0.734592 -31.499374 200.000000 -31.499374 0.378206 151.282379 -0.630553 42.134334 200.000000 42.134334 0.294827 117.930778 -0.776146 -35.709594 200.000000 -35.709594
 26.800000 0.711571 -0.702614 -0.823743 -0.566963 2.349861 -2.173610 -0.702614 0.711571 -0.566963 -0.823743 0.058103 23.241122 -0.678509 51.404209 200.000000 51.404209 0.052994 21.197642 0.734592 -31.499374 200.000000 -31.499374 0.404368 161.747193 -0.630553 42.134334 200.000000 42.134334 0.226547 90.618896 -0.776146 -35.709594 200.000000 -35.709594
 27.000000 0.761376 -0.648310 -0.815029 -0.579421 2.276159 -2.188814 -0.648310 0.761376 -0.579421 -0.815029 0.091200 36.479842 -0.678509 51.404209 200.000000 51.404209 0.071742 28.696705 0.734592 -31.499374 200.000000 -31.499374 0.261448 104.579199 -0.630553 42.134334 200.000000 42.134334 0.151182 60.472925 -0.776146 -35.709594 200.000000 -35.709594
 27.200000 0.790292 -0.612730 -0.773823 -0.633402 2.230307 -2.256738 -0.612730 0.790292 -0.633402 -0.773823 0.432695 173.078021 -0.678509 51.404209 200.000000 51.404209 0.310257 124.102826 0.734592 -31.499374 200.000000 -31.499374 0.000812 0.324805 -0.630553 42.134334 200.000000 42.134334 0.000540 0.215993 -0.776146 -35.709594 200.000000 -35.709594
 27.400000 0.775408 -0.631461 -0.798264 -0.602308 2.254232 -2.217186 -0.631461 0.775408 -0.602308 -0.798264 0.221357 88.542633 -0.678509 51.404209 200.000000 51.404209 0.166595 66.637966 0.734592 -31.499374 200.000000 -31.499374 0.079775 31.909891 -0.630553 42.134334 200.000000 42.134334 0.048917 19.566708 -0.776146 -35.709594 200.000000 -35.709594
 27.600000 0.776977 -0.629529 -0.721100 -0.692831 2.251743 -2.336204 -0.629529 0.776977 -0.692831 -0.721100 0.239912 95.964760 -0.678509 51.404209 200.000000 51.404209 0.179654 71.861546 0.734592 -31.499374 200.000000 -31.499374 0.387855 155.142123 -0.630553 42.134334 200.000000 42.134334 0.303008 121.203263 -0.776146 -35.709594 200.000000 -35.709594
 27.800000 0.729465 -0.684018 -0.772359 -0.635187 2.324052 -2.259046 -0.684018 0.729465 -0.635187 -0.772359 0.003034 1.213626 -0.678509 51.404209 200.000000 51.404209 0.002628 1.051136 0.734592 -31.499374 200.000000 -31.499374 0.002147 0.858902 -0.630553 42.134334 200.000000 42.134334 0.001435 0.573861 -0.776146 -35.709594 200.000000 -35.709594
 28.000000 0.741476 -0.670979 -0.802052 -0.597254 2.306325 -2.210869 -0.670979 0.741476 -0.597254 -0.802052 0.005671 2.268332 -0.678509 51.404209 200.000000 51.404209 0.004740 1.895972 0.734592 -31.499374 200.000000 -31.499374 0.110880 44.351927 -0.630553 42.134334 200.000000 42.134334 0.067110 26.844122 -0.776146 -35.709594 200.000000 -35.709594
 28.200000 0.711491 -0.702695 -0.787780 -0.615957 2.349974 -2.234397 -0.702695 0.711491 -0.615957 -0.787780 0.058494 23.397492 -0.678509 51.404209 200.000000 51.404209 0.053363 21.345125 0.734592 -31.499374 200.000000 -31.499374 0.021303 8.521263 -0.630553 42.134334 200.000000 42.134334 0.013533 5.413309 -0.776146 -35.709594 200.000000 -35.709594
 28.400000 0.650152 -0.759804 -0.765056 -0.643963 2.433808 -2.270464 -0.759804 0.650152 -0.643963 -0.765056 0.660884 264.353652 -0.678509 51.404209 200.000000 51.404209 0.713007 285.202747 0.734592 -31.499374 200.000000 -31.499374 0.017985 7.193855 -0.630553 42.134334 200.000000 42.134334 0.012299 4.919633 -0.776146 -35.709594 200.000000 -35.709594
 28.600000 0.701511 -0.712659 -0.775439 -0.631423 2.364077 -2.254183 -0.712659 0.701511 -0.631423 -0.775439 0.116618 46.647264 -0.678509 51.404209 200.000000 51.404209 0.109435 43.773834 0.734592 -31.499374 200.000000 -31.499374 0.000076 0.030266 -0.630553 42.134334 200.000000 42.134334 0.000050 0.020022 -0.776146 -35.709594 200.000000 -35.709594
 28.800000 0.678415 -0.734679 -0.811458 -0.584410 2.395989 -2.194950 -0.734679 0.678415 -0.584410 -0.811458 0.315498 126.199115 -0.678509 51.404209 200.000000 51.404209 0.315579 126.231445 0.734592 -31.499374 200.000000 -31.499374 0.212911 85.164247 -0.630553 42.134334 200.000000 42.134334 0.124692 49.876818 -0.776146 -35.709594 200.000000 -35.709594
 29.000000 0.700491 -0.713661 -0.711506 -0.702680 2.365507 -2.349953 -0.713661 0.700491 -0.702680 -0.711506 0.123563 49.425143 -0.678509 51.404209 200.000000 51.404209 0.116284 46.513457 0.734592 -31.499374 200.000000 -31.499374 0.520231 208.092520 -0.630553 42.134334 200.000000 42.134334 0.417835 167.134092 -0.776146 -35.709594 200.000000 -35.709594
 29.200000 0.727692 -0.685904 -0.796281 -0.604927 2.326642 -2.220471 -0.685904 0.727692 -0.604927 -0.796281 0.005468 2.187358 -0.678509 51.404209 200.000000 51.404209 0.004761 1.904359 0.734592 -31.499374 200.000000 -31.499374 0.065666 26.266578 -0.630553 42.134334 200.000000 42.134334 0.040539 16.215626 -0.776146 -35.709594 200.000000 -35.709594
 29.400000 0.683978 -0.729503 -0.771303 -0.636468 2.388391 -2.260706 -0.729503 0.683978 -0.636468 -0.771303 0.260035 104.013966 -0.678509 51.404209 200.000000 51.404209 0.256179 102.471604 0.734592 -31.499374 200.000000 -31.499374 0.003499 1.399548 -0.630553 42.134334 200.000000 42.134334 0.002346 0.938258 -0.776146 -35.709594 200.000000 -35.709594
 29.600000 0.718853 -0.695162 -0.741473 -0.670983 2.339442 -2.306330 -0.695162 0.718853 -0.670983 -0.741473 0.027732 11.092622 -0.678509 51.404209 200.000000 51.404209 0.024771 9.908390 0.734592 -31.499374 200.000000 -31.499374 0.163461 65.384406 -0.630553 42.134334 200.000000 42.134334 0.120227 48.090654 -0.776146 -35.709594 200.000000 -35.709594
 29.800000 0.708560 -0.705651 -0.830098 -0.557617 2.354138 -2.162309 -0.705651 0.708560 -0.557617 -0.830098 0.073666 29.466251 -0.678509 51.404209 200.000000 51.404209 0.067766 27.106522 0.734592 -31.499374 200.000000 -31.499374 0.531958 212.783093 -0.630553 42.134334 200.000000 42.134334 0.291079 116.431587 -0.776146 -35.709594 200.000000 -35.709594
 30.000000 0.712447 -0.701726 -0.746297 -0.665613 2.348613 -2.299111 -0.701726 0.712447 -0.665613 -0.746297 0.053901 21.560251 -0.678509 51.404209 200.000000 51.404209 0.049039 19.615519 0.734592 -31.499374 200.000000 -31.499374 0.122920 49.167816 -0.630553 42.134334 200.000000 42.134334 0.089096 35.638467 -0.776146 -35.709594 200.000000 -35.709594
 30.200000 0.717789 -0.696261 -0.752322 -0.658795 2.340971 -2.290013 -0.696261 0.717789 -0.658795 -0.752322 0.031511 12.604442 -0.678509 51.404209 200.000000 51.404209 0.028233 11.293354 0.734592 -31.499374 200.000000 -31.499374 0.079765 31.906072 -0.630553 42.134334 200.000000 42.134334 0.056760 22.703909 -0.776146 -35.709594 200.000000 -35.709594
 30.400000 0.739583 -0.673066 -0.767763 -0.640734 2.309143 -2.266250 -0.673066 0.739583 -0.640734 -0.767763 0.002963 1.185346 -0.678509 51.404209 200.000000 51.404209 0.002491 0.996386 0.734592 -31.499374 200.000000 -31.499374 0.010366 4.146311 -0.630553 42.134334 200.000000 42.134334 0.007028 2.811287 -0.776146 -35.709594 200.000000 -35.709594
 30.600000 0.681116 -0.732175 -0.731051 -0.682323 2.392307 -2.321731 -0.732175 0.681116 -0.682323 -0.731051 0.288003 115.201304 -0.678509 51.404209 200.000000 51.404209 0.285963 114.385252 0.734592 -31.499374 200.000000 -31.499374 0.268014 107.205423 -0.630553 42.134334 200.000000 42.134334 0.203359 81.343597 -0.776146 -35.709594 200.000000 -35.709594
 30.800000 0.665187 -0.746677 -0.839047 -0.544059 2.413848 -2.146064 -0.746677 0.665187 -0.544059 -0.839047 0.464676 185.870450 -0.678509 51.404209 200.000000 51.404209 0.481698 192.679052 0.734592 -31.499374 200.000000 -31.499374 0.748114 299.245455 -0.630553 42.134334 200.000000 42.134334 0.395646 158.258564 -0.776146 -35.709594 200.000000 -35.709594
 31.000000 0.784446 -0.620197 -0.770227 -0.637769 2.239791 -2.262395 -0.620197 0.784446 -0.637769 -0.770227 0.340029 136.011666 -0.678509 51.404209 200.000000 51.404209 0.248543 99.417171 0.734592 -31.499374 200.000000 -31.499374 0.005208 2.083208 -0.630553 42.134334 200.000000 42.134334 0.003504 1.401402 -0.776146 -35.709594 200.000000 -35.709594
 31.200000 0.732099 -0.681198 -0.745538 -0.666464 2.320195 -2.300252 -0.681198 0.732099 -0.666464 -0.745538 0.000723 0.289207 -0.678509 51.404209 200.000000 51.404209 0.000621 0.248555 0.734592 -31.499374 200.000000 -31.499374 0.128959 51.583702 -0.630553 42.134334 200.000000 42.134334 0.093690 37.476096 -0.776146 -35.709594 200.000000 -35.709594
 31.400000 0.755736 -0.654876 -0.744448 -0.667680 2.284815 -2.301884 -0.654876 0.755736 -0.667680 -0.744448 0.055854 22.341476 -0.678509 51.404209 200.000000 51.404209 0.044709 17.883789 0.734592 -31.499374 200.000000 -31.499374 0.137845 55.137896 -0.630553 42.134334 200.000000 42.134334 0.100477 40.190958 -0.776146 -35.709594 200.000000 -35.709594
 31.600000 0.702899 -0.711289 -0.738498 -0.674256 2.362127 -2.310753 -0.711289 0.702899 -0.674256 -0.738498 0.107452 42.980961 -0.678509 51.404209 200.000000 51.404209 0.100441 40.176275 0.734592 -31.499374 200.000000 -31.499374 0.190999 76.399631 -0.630553 42.134334 200.000000 42.134334 0.141744 56.697489 -0.776146 -35.709594 200.000000 -35.709594
 31.800000 0.707390 -0.706823 -0.768427 -0.639938 2.355793 -2.265214 -0.706823 0.707390 -0.639938 -0.768427 0.080166 32.066455 -0.678509 51.404209 200.000000 51.404209 0.073991 29.596422 0.734592 -31.499374 200.000000 -31.499374 0.008808 3.523198 -0.630553 42.134334 200.000000 42.134334 0.005959 2.383762 -0.776146 -35.709594 200.000000 -35.709594
 32.000000 0.776399 -0.630242 -0.720418 -0.693540 2.252661 -2.337188 -0.630242 0.776399 -0.693540 -0.720418 0.232978 93.191256 -0.678509 51.404209 200.000000 51.404209 0.174786 69.914233 0.734592 -31.499374 200.000000 -31.499374 0.396743 158.697051 -0.630553 42.134334 200.000000 42.134334 0.310567 124.226687 -0.776146 -35.709594 200.000000 -35.709594
 32.200000 0.701325 -0.712841 -0.737524 -0.675321 2.364337 -2.312197 -0.712841 0.701325 -0.675321 -0.737524 0.117867 47.146927 -0.678509 51.404209 200.000000 51.404209 0.110664 44.265747 0.734592 -31.499374 200.000000 -31.499374 0.200423 80.169074 -0.630553 42.134334 200.000000 42.134334 0.149172 59.668741 -0.776146 -35.709594 200.000000 -35.709594
 32.400000 0.686817 -0.726831 -0.730122 -0.683316 2.384493 -2.323091 -0.726831 0.686817 -0.683316 -0.730122 0.233496 93.398423 -0.678509 51.404209 200.000000 51.404209 0.228247 91.298757 0.734592 -31.499374 200.000000 -31.499374 0.278400 111.360037 -0.630553 42.134334 200.000000 42.134334 0.211821 84.728288 -0.776146 -35.709594 200.000000 -35.709594
 32.600000 0.630242 -0.776398 -0.823464 -0.567368 2.459727 -2.174103 -0.776398 0.630242 -0.567368 -0.823464 0.958225 383.290000 -0.678509 51.404209 200.000000 51.404209 1.088877 435.550639 0.734592 -31.499374 200.000000 -31.499374 0.399227 159.690681 -0.630553 42.134334 200.000000 42.134334 0.223897 89.558606 -0.776146 -35.709594 200.000000 -35.709594
 32.800000 0.664226 -0.747532 -0.753514 -0.657432 2.415135 -2.288202 -0.747532 0.664226 -0.657432 -0.753514 0.476415 190.565979 -0.678509 51.404209 200.000000 51.404209 0.495140 198.055921 0.734592 -31.499374 200.000000 -31.499374 0.072249 28.899599 -0.630553 42.134334 200.000000 42.134334 0.051223 20.489106 -0.776146 -35.709594 200.000000 -35.709594
 33.000000 0.732019 -0.681285 -0.732481 -0.680787 2.320312 -2.319633 -0.681285 0.732019 -0.680787 -0.732481 0.000770 0.308051 -0.678509 51.404209 200.000000 51.404209 0.000662 0.264813 0.734592 -31.499374 200.000000 -31.499374 0.252353 100.941383 -0.630553 42.134334 200.000000 42.134334 0.190667 76.266871 -0.776146 -35.709594 200.000000 -35.709594
 33.200000 0.661715 -0.749756 -0.811597 -0.584218 2.418489 -2.194713 -0.749756 0.661715 -0.584218 -0.811597 0.507601 203.040578 -0.678509 51.404209 200.000000 51.404209 0.531103 212.441244 0.734592 -31.499374 200.000000 -31.499374 0.214687 85.874648 -0.630553 42.134334 200.000000 42.134334 0.125671 50.268212 -0.776146 -35.709594 200.000000 -35.709594
 33.400000 0.647806 -0.761805 -0.750195 -0.661216 2.436891 -2.293235 -0.761805 0.647806 -0.661216 -0.750195 0.693815 277.525995 -0.678509 51.404209 200.000000 51.404209 0.753168 301.267284 0.734592 -31.499374 200.000000 -31.499374 0.094026 37.610275 -0.630553 42.134334 200.000000 42.134334 0.067346 26.938449 -0.776146 -35.709594 200.000000 -35.709594
 33.600000 0.717864 -0.696183 -0.791912 -0.610635 2.340863 -2.227658 -0.696183 0.717864 -0.610635 -0.791912 0.031236 12.494275 -0.678509 51.404209 200.000000 51.404209 0.027981 11.192218 0.734592 -31.499374 200.000000 -31.499374 0.039672 15.868922 -0.630553 42.134334 200.000000 42.134334 0.024856 9.942543 -0.776146 -35.709594 200.000000 -35.709594
 33.800000 0.763443 -0.645875 -0.731111 -0.682259 2.272965 -2.321644 -0.645875 0.763443 -0.682259 -0.731111 0.106503 42.601084 -0.678509 51.404209 200.000000 51.404209 0.083242 33.296955 0.734592 -31.499374 200.000000 -31.499374 0.267349 106.939756 -0.630553 42.134334 200.000000 42.134334 0.202819 81.127636 -0.776146 -35.709594 200.000000 -35.709594
 34.000000 0.798035 -0.602611 -0.747833 -0.663887 2.217565 -2.296800 -0.602611 0.798035 -0.663887 -0.747833 0.576062 230.424887 -0.678509 51.404209 200.000000 51.404209 0.402509 161.003781 0.734592 -31.499374 200.000000 -31.499374 0.111114 44.445793 -0.630553 42.134334 200.000000 42.134334 0.080163 32.065317 -0.776146 -35.709594 200.000000 -35.709594
 34.200000 0.792120 -0.610366 -0.854654 -0.519199 2.227319 -2.116710 -0.610366 0.792120 -0.519199 -0.854654 0.464352 185.740883 -0.678509 51.404209 200.000000 51.404209 0.330945 132.377934 0.734592 -31.499374 200.000000 -31.499374 1.239969 495.987601 -0.630553 42.134334 200.000000 42.134334 0.616336 246.534298 -0.776146 -35.709594 200.000000 -35.709594
 34.400000 0.776949 -0.629564 -0.775089 -0.631853 2.251788 -2.254737 -0.629564 0.776949 -0.631853 -0.775089 0.239569 95.827595 -0.678509 51.404209 200.000000 51.404209 0.179413 71.765369 0.734592 -31.499374 200.000000 -31.499374 0.000169 0.067591 -0.630553 42.134334 200.000000 42.134334 0.000112 0.044764 -0.776146 -35.709594 200.000000 -35.709594
 34.600000 0.744903 -0.667173 -0.751139 -0.660144 2.301203 -2.291806 -0.667173 0.744903 -0.660144 -0.751139 0.012852 5.140763 -0.678509 51.404209 200.000000 51.404209 0.010632 4.252906 0.734592 -31.499374 200.000000 -31.499374 0.087562 35.024871 -0.630553 42.134334 200.000000 42.134334 0.062535 25.014046 -0.776146 -35.709594 200.000000 -35.709594
 34.800000 0.749585 -0.661908 -0.752112 -0.659035 2.294157 -2.290331 -0.661908 0.749585 -0.659035 -0.752112 0.027561 11.024468 -0.678509 51.404209 200.000000 51.404209 0.022481 8.992208 0.734592 -31.499374 200.000000 -31.499374 0.081124 32.449754 -0.630553 42.134334 200.000000 42.134334 0.057764 23.105714 -0.776146 -35.709594 200.000000 -35.709594
 35.000000 0.714586 -0.699547 -0.764038 -0.645172 2.345560 -2.272044 -0.699547 0.714586 -0.645172 -0.764038 0.044259 17.703465 -0.678509 51.404209 200.000000 51.404209 0.040021 16.008432 0.734592 -31.499374 200.000000 -31.499374 0.021371 8.548453 -0.630553 42.134334 200.000000 42.134334 0.014662 5.864835 -0.776146 -35.709594 200.000000 -35.709594
 35.200000 0.756928 -0.653498 -0.743015 -0.669274 2.282993 -2.304028 -0.653498 0.756928 -0.669274 -0.743015 0.062556 25.022537 -0.678509 51.404209 200.000000 51.404209 0.049892 19.956605 0.734592 -31.499374 200.000000 -31.499374 0.149938 59.975156 -0.630553 42.134334 200.000000 42.134334 0.109768 43.907082 -0.776146 -35.709594 200.000000 -35.709594
 35.400000 0.792204 -0.610256 -0.780860 -0.624706 2.227180 -2.245551 -0.610256 0.792204 -0.624706 -0.780860 0.465854 186.341640 -0.678509 51.404209 200.000000 51.404209 0.331922 132.768649 0.734592 -31.499374 200.000000 -31.499374 0.003419 1.367495 -0.630553 42.134334 200.000000 42.134334 0.002222 0.888814 -0.776146 -35.709594 200.000000 -35.709594
 35.600000 0.715825 -0.698280 -0.777982 -0.628287 2.343788 -2.250145 -0.698280 0.715825 -0.628287 -0.777982 0.039088 15.635223 -0.678509 51.404209 200.000000 51.404209 0.035220 14.088145 0.734592 -31.499374 200.000000 -31.499374 0.000514 0.205415 -0.630553 42.134334 200.000000 42.134334 0.000337 0.134772 -0.776146 -35.709594 200.000000 -35.709594
 35.800000 0.745674 -0.666311 -0.747199 -0.664600 2.300047 -2.297755 -0.666311 0.745674 -0.664600 -0.747199 0.014880 5.952186 -0.678509 51.404209 200.000000 51.404209 0.012282 4.912760 0.734592 -31.499374 200.000000 -31.499374 0.115924 46.369494 -0.630553 42.134334 200.000000 42.134334 0.083795 33.517960 -0.776146 -35.709594 200.000000 -35.709594
 36.000000 0.740540 -0.672012 -0.755978 -0.654597 2.307719 -2.284446 -0.672012 0.740540 -0.654597 -0.755978 0.004222 1.688610 -0.678509 51.404209 200.000000 51.404209 0.003538 1.415372 0.734592 -31.499374 200.000000 -31.499374 0.057813 23.125312 -0.630553 42.134334 200.000000 42.134334 0.040677 16.270727 -0.776146 -35.709594 200.000000 -35.709594
 36.200000 0.656685 -0.754165 -0.724041 -0.689757 2.425179 -2.331949 -0.754165 0.656685 -0.689757 -0.724041 0.572382 228.952847 -0.678509 51.404209 200.000000 51.404209 0.606952 242.780895 0.734592 -31.499374 200.000000 -31.499374 0.350512 140.204765 -0.630553 42.134334 200.000000 42.134334 0.271496 108.598295 -0.776146 -35.709594 200.000000 -35.709594
 36.400000 0.700951 -0.713209 -0.761803 -0.647809 2.364862 -2.275501 -0.713209 0.700951 -0.647809 -0.761803 0.120408 48.163171 -0.678509 51.404209 200.000000 51.404209 0.113169 45.267409 0.734592 -31.499374 200.000000 -31.499374 0.029778 11.911062 -0.630553 42.134334 200.000000 42.134334 0.020574 8.229507 -0.776146 -35.709594 200.000000 -35.709594
