#! FIELDS time sin_phi cos_phi sin_psi cos_psi phi psi cos_phi sin_phi cos_psi sin_psi restraint_phi_cos.bias restraint_phi_cos.force2 restraint_phi_cos.cos_phi_cntr restraint_phi_cos.cos_phi_work restraint_phi_cos.cos_phi_kappa restraint_phi_cos.work restraint_phi_sin.bias restraint_phi_sin.force2 restraint_phi_sin.sin_phi_cntr restraint_phi_sin.sin_phi_work restraint_phi_sin.sin_phi_kappa restraint_phi_sin.work restraint_psi_cos.bias restraint_psi_cos.force2 restraint_psi_cos.cos_psi_cntr restraint_psi_cos.cos_psi_work restraint_psi_cos.cos_psi_kappa restraint_psi_cos.work restraint_psi_sin.bias restraint_psi_sin.force2 restraint_psi_sin.sin_psi_cntr restraint_psi_sin.sin_psi_work restraint_psi_sin.sin_psi_kappa restraint_psi_sin.work
#! SET min_phi -pi
#! SET max_phi pi
#! SET min_psi -pi
#! SET max_psi pi
 0.000000 -0.999983 -0.005782 0.966116 0.258110 -1.576579 1.309731 -0.005782 -0.999983 0.258110 0.966116 0.000000 0.000000 1.000000 0.000000 0.000000 0.000000 0.000000 0.000000 0.000000 0.000000 0.000000 0.000000 0.000000 0.000000 1.000000 0.000000 0.000000 0.000000 0.000000 0.000000 0.000000 0.000000 0.000000 0.000000
 0.200000 -0.992318 0.123711 0.651177 0.758926 -1.446768 0.709134 0.123711 -0.992318 0.758926 0.651177 0.000000 0.000000 1.000000 0.000000 0.000000 0.000000 0.000000 0.000000 0.000000 0.000000 0.000000 0.000000 0.000000 0.000000 1.000000 0.000000 0.000000 0.000000 0.000000 0.000000 0.000000 0.000000 0.000000 0.000000
 0.400000 -0.961266 0.275622 0.530288 0.847817 -1.291559 0.558941 0.275622 -0.961266 0.847817 0.530288 0.000000 0.000000 1.000000 0.000000 0.000000 0.000000 0.000000 0.000000 0.000000 0.000000 0.000000 0.000000 0.000000 0.000000 1.000000 0.000000 0.000000 0.000000 0.000000 0.000000 0.000000 0.000000 0.000000 0.000000
 0.600000 -0.964668 0.263470 0.974191 0.225724 -1.304179 1.343111 0.263470 -0.964668 0.225724 0.974191 0.000000 0.000000 1.000000 0.000000 0.000000 0.000000 0.000000 0.000000 0.000000 0.000000 0.000000 0.000000 0.000000 0.000000 1.000000 0.000000 0.000000 0.000000 0.000000 0.000000 0.000000 0.000000 0.000000 0.000000
 0.800000 -0.999801 0.019934 0.982355 0.187025 -1.550861 1.382663 0.019934 -0.999801 0.187025 0.982355 0.000000 0.000000 1.000000 0.000000 0.000000 0.000000 0.000000 0.000000 0.000000 0.000000 0.000000 0.000000 0.000000 0.000000 1.000000 0.000000 0.000000 0.000000 0.000000 0.000000 0.000000 0.000000 0.000000 0.000000
 1.000000 -0.999595 0.028448 0.659832 0.751413 -1.542345 0.720595 0.028448 -0.999595 0.751413 0.659832 0.000000 0.000000 1.000000 0.000000 0.000000 0.000000 0.000000 0.000000 0.000000 0.000000 0.000000 0.000000 0.000000 0.000000 1.000000 0.000000 0.000000 0.000000 0.000000 0.000000 0.000000 0.000000 0.000000 0.000000
 1.200000 -0.523337 0.852126 -0.267996 0.963420 -0.550763 -0.271313 0.852126 -0.523337 0.963420 -0.267996 0.218668 8.746724 1.000000 4.924676 20.000000 4.924676 2.738818 109.552721 0.000000 7.202907 20.000000 7.202907 0.013381 0.535240 1.000000 0.201922 20.000000 0.201922 0.718220 28.728808 0.000000 1.668522 20.000000 1.668522
 1.400000 0.151769 0.988416 0.008803 0.999961 0.152358 0.008803 0.988416 0.151769 0.999961 0.008803 0.002684 0.214702 1.000000 4.977587 40.000000 4.977587 0.460675 36.854037 0.000000 8.361116 40.000000 8.361116 0.000000 0.000002 1.000000 0.226016 40.000000 0.226016 0.001550 0.123992 0.000000 2.416413 40.000000 2.416413
 1.600000 0.303346 0.952881 -0.214685 0.976683 0.308202 -0.216370 0.952881 0.303346 0.976683 -0.214685 0.066607 7.992877 1.000000 4.988918 60.000000 4.988918 2.760560 331.267251 0.000000 8.907892 60.000000 8.907892 0.016310 1.957213 1.000000 0.229927 60.000000 0.229927 1.382694 165.923319 0.000000 2.705398 60.000000 2.705398
 1.800000 -0.090985 0.995852 0.066053 0.997816 -0.091111 0.066101 0.995852 -0.090985 0.997816 0.066053 0.000688 0.110102 1.000000 4.992377 80.000000 4.992377 0.331127 52.980383 0.000000 9.205546 80.000000 9.205546 0.000191 0.030524 1.000000 0.230389 80.000000 0.230389 0.174520 27.923144 0.000000 2.779924 80.000000 2.779924
 2.000000 -0.266080 0.963951 0.072661 0.997357 -0.269324 0.072725 0.963951 -0.266080 0.997357 0.072661 0.064976 12.995266 1.000000 4.993496 100.000000 4.993496 3.539918 707.983673 0.000000 9.347121 100.000000 9.347121 0.000349 0.069869 1.000000 0.231416 100.000000 0.231416 0.263978 52.795693 0.000000 2.907307 100.000000 2.907307
 2.200000 -0.080140 0.996784 -0.154553 0.987984 -0.080226 -0.155175 0.996784 -0.080140 0.987984 -0.154553 0.000621 0.148970 1.000000 4.994917 120.000000 4.994917 0.385345 92.482909 0.000000 9.475784 120.000000 9.475784 0.008662 2.078966 1.000000 0.231836 120.000000 0.231836 1.433200 343.967953 0.000000 2.993694 120.000000 2.993694
 2.400000 0.044667 0.999002 -0.093595 0.995610 0.044682 -0.093732 0.999002 0.044667 0.995610 -0.093595 0.000070 0.019524 1.000000 4.998059 140.000000 4.998059 0.139660 39.104719 0.000000 9.672366 140.000000 9.672366 0.001349 0.377668 1.000000 0.232655 140.000000 0.232655 0.613198 171.695451 0.000000 3.117438 140.000000 3.117438
 2.600000 -0.113503 0.993538 0.000918 1.000000 -0.113748 0.000918 0.993538 -0.113503 1.000000 0.000918 0.003341 1.069103 1.000000 4.998217 160.000000 4.998217 1.030634 329.802753 0.000000 9.722387 160.000000 9.722387 0.000000 0.000000 1.000000 0.232813 160.000000 0.232813 0.000067 0.021563 0.000000 3.169724 160.000000 3.169724
 2.800000 -0.009796 0.999952 -0.037832 0.999284 -0.009797 -0.037841 0.999952 -0.009796 0.999284 -0.037832 0.000000 0.000075 1.000000 4.998378 180.000000 4.998378 0.008637 3.109428 0.000000 9.775342 180.000000 9.775342 0.000046 0.016606 1.000000 0.232985 180.000000 0.232985 0.128816 46.373937 0.000000 3.222536 180.000000 3.222536
 3.000000 0.072890 0.997340 -0.073600 0.997288 0.072954 -0.073666 0.997340 0.072890 0.997288 -0.073600 0.000708 0.283021 1.000000 4.998579 200.000000 4.998579 0.531289 212.515740 0.000000 9.831728 200.000000 9.831728 0.000736 0.294226 1.000000 0.233078 200.000000 0.233078 0.541691 216.676285 0.000000 3.259799 200.000000 3.259799
 3.200000 -0.099618 0.995026 0.003912 0.999992 -0.099784 0.003912 0.995026 -0.099618 0.999992 0.003912 0.303929 121.571714 0.939896 5.307081 200.000000 5.307081 0.091535 36.613858 -0.069364 9.827610 200.000000 9.827610 0.501243 200.497119 0.929194 0.711136 200.000000 0.711136 0.244196 97.678293 -0.045504 3.311028 200.000000 3.311028
 3.400000 -0.124391 0.992233 -0.008960 0.999960 -0.124714 -0.008960 0.992233 -0.124391 0.999960 -0.008960 1.264308 505.723196 0.879792 6.195640 200.000000 6.195640 0.020554 8.221717 -0.138728 8.928546 200.000000 8.928546 2.004268 801.707152 0.858388 2.140434 200.000000 2.140434 0.673203 269.281290 -0.091009 3.139807 200.000000 3.139807
 3.600000 -0.203591 0.979056 -0.102810 0.994701 -0.205024 -0.102992 0.979056 -0.203591 0.994701 -0.102810 2.539825 1015.930040 0.819688 7.776787 200.000000 7.776787 0.002026 0.810201 -0.208091 8.740756 200.000000 8.740756 4.289847 1715.938993 0.787582 4.430641 200.000000 4.430641 0.113589 45.435745 -0.136513 2.723738 200.000000 2.723738
 3.800000 -0.413703 0.910412 -0.301433 0.953487 -0.426518 -0.306195 0.910412 -0.413703 0.953487 -0.301433 2.274917 909.966785 0.759584 9.536299 200.000000 9.536299 1.856342 742.536665 -0.277455 7.341672 200.000000 7.341672 5.603253 2241.301065 0.716775 7.572808 200.000000 7.572808 1.426014 570.405430 -0.182017 2.259318 200.000000 2.259318
 4.000000 -0.497100 0.867693 -0.341894 0.939738 -0.520254 -0.348932 0.867693 -0.497100 0.939738 -0.341894 2.829573 1131.829264 0.699480 11.595993 200.000000 11.595993 2.258453 903.381085 -0.346819 5.679107 200.000000 5.679107 8.630036 3452.014493 0.645969 11.531608 200.000000 11.531608 1.308105 523.241861 -0.227522 1.671585 200.000000 1.671585
 4.200000 -0.622055 0.782973 -0.358494 0.933532 -0.671365 -0.366655 0.782973 -0.622055 0.933532 -0.358494 2.062033 824.813204 0.639376 13.787159 200.000000 13.787159 4.238346 1695.338466 -0.416183 3.751173 200.000000 3.751173 12.842820 5137.128006 0.575163 16.107772 200.000000 16.107772 0.730483 292.193036 -0.273026 0.701392 200.000000 0.701392
 4.400000 -0.645507 0.763755 -0.468143 0.883653 -0.701687 -0.487188 0.763755 -0.645507 0.883653 -0.468143 3.403403 1361.361280 0.579271 15.660818 200.000000 15.660818 2.558723 1023.489088 -0.485547 1.092111 200.000000 1.092111 14.386539 5754.615610 0.504357 20.879397 200.000000 20.879397 2.238385 895.353807 -0.318530 -0.967649 200.000000 -0.967649
 4.600000 -0.765847 0.643023 -0.670726 0.741705 -0.872358 -0.735187 0.643023 -0.765847 0.741705 -0.670726 1.534014 613.605770 0.519167 17.684092 200.000000 17.684092 4.449428 1779.771381 -0.554910 -1.313673 200.000000 -1.313673 9.495920 3798.367903 0.433551 25.811017 200.000000 25.811017 9.405945 3762.377860 -0.364035 -3.049079 200.000000 -3.049079
 4.800000 -0.825301 0.564693 -0.696018 0.718025 -0.970735 -0.769836 0.564693 -0.825301 0.718025 -0.696018 1.115770 446.307846 0.459063 19.195551 200.000000 19.195551 4.041170 1616.468086 -0.624274 -4.052036 200.000000 -4.052036 12.622388 5048.955125 0.362745 30.904890 200.000000 30.904890 8.206995 3282.798181 -0.409539 -5.426401 200.000000 -5.426401
 5.000000 -0.845574 0.533858 -0.808635 0.588310 -1.007640 -0.941828 0.533858 -0.845574 0.588310 -0.808635 1.819760 727.903928 0.398959 20.688877 200.000000 20.688877 2.308464 923.385741 -0.693638 -6.445766 200.000000 -6.445766 8.783635 3513.454105 0.291938 35.475464 200.000000 35.475464 12.502705 5001.081876 -0.455044 -8.369748 200.000000 -8.369748
 5.200000 -0.907132 0.420845 -0.907320 0.420440 -1.136419 -1.136866 0.420845 -0.907132 0.420440 -0.907320 0.672239 268.895697 0.338855 21.652344 200.000000 21.652344 2.077362 830.944983 -0.763002 -8.700361 200.000000 -8.700361 3.972351 1588.940259 0.221132 39.802137 200.000000 39.802137 16.546389 6618.555636 -0.500548 -11.520072 200.000000 -11.520072
 5.400000 -0.932430 0.361351 -0.866725 0.498787 -1.201080 -1.048598 0.361351 -0.932430 0.498787 -0.866725 0.682276 272.910239 0.278751 22.011941 200.000000 22.011941 1.001285 400.513981 -0.832366 -10.669362 200.000000 -10.669362 12.142481 4856.992342 0.150326 42.370219 200.000000 42.370219 10.283085 4113.234088 -0.546052 -15.183928 200.000000 -15.183928
 5.600000 -0.981428 0.191830 -0.979571 0.201097 -1.377770 -1.368319 0.191830 -0.981428 0.201097 -0.979571 0.071914 28.765513 0.218647 22.349692 200.000000 22.349692 0.635188 254.075324 -0.901729 -11.924378 200.000000 -11.924378 1.478090 591.236151 0.079520 44.239226 200.000000 44.239226 15.055549 6022.219737 -0.591557 -18.791347 200.000000 -18.791347
 5.800000 -0.983400 0.181451 -0.997059 0.076637 -1.388334 -1.494084 0.181451 -0.983400 0.076637 -0.997059 0.052478 20.991390 0.158543 22.311781 200.000000 22.311781 0.015146 6.058243 -0.971093 -12.558584 200.000000 -12.558584 0.461361 184.544216 0.008714 45.042716 200.000000 45.042716 12.959864 5183.945413 -0.637061 -22.236356 200.000000 -22.236356
 6.000000 -0.978359 0.206917 -0.992191 -0.124726 -1.362374 -1.695848 0.206917 -0.978359 -0.124726 -0.992191 0.417343 166.937308 0.142315 22.332447 200.000000 22.332447 0.013140 5.255951 -0.989821 -12.584145 200.000000 -12.584145 0.392301 156.920475 -0.062092 45.123903 200.000000 45.123903 9.586821 3834.728227 -0.682565 -25.257684 200.000000 -25.257684
 6.200000 -0.982077 0.188479 -0.977328 -0.211729 -1.381183 -1.784140 0.188479 -0.982077 -0.211729 -0.977328 0.213110 85.244141 0.142315 22.332447 200.000000 22.332447 0.005997 2.398885 -0.989821 -12.584145 200.000000 -12.584145 0.621427 248.570937 -0.132898 45.213946 200.000000 45.213946 6.212993 2485.197122 -0.728070 -27.877375 200.000000 -27.877375
 6.400000 -0.979775 0.200104 -0.980059 -0.198704 -1.369332 -1.770832 0.200104 -0.979775 -0.198704 -0.980059 0.333957 133.582911 0.142315 22.332447 200.000000 22.332447 0.010094 4.037491 -0.989821 -12.584145 200.000000 -12.584145 0.002500 1.000067 -0.203705 44.542169 200.000000 44.542169 4.263625 1705.450069 -0.773574 -29.914214 200.000000 -29.914214
 6.600000 -0.996785 0.080127 -0.932220 -0.361891 -1.490583 -1.941092 0.080127 -0.996785 -0.361891 -0.932220 0.386732 154.692917 0.142315 22.332447 200.000000 22.332447 0.004849 1.939456 -0.989821 -12.584145 200.000000 -12.584145 0.763528 305.411011 -0.274511 43.847023 200.000000 43.847023 1.280115 512.045820 -0.819078 -31.372517 200.000000 -31.372517
 6.800000 -0.997352 0.072719 -0.925538 -0.378655 -1.498013 -1.959138 0.072719 -0.997352 -0.378655 -0.925538 0.484359 193.743756 0.142315 22.332447 200.000000 22.332447 0.005672 2.268659 -0.989821 -12.584145 200.000000 -12.584145 0.111140 44.455833 -0.345317 43.413810 200.000000 43.413810 0.371556 148.622433 -0.864583 -32.262078 200.000000 -32.262078
 7.000000 -0.997100 0.076097 -0.904825 -0.425783 -1.494625 -2.010623 0.076097 -0.997100 -0.425783 -0.904825 0.438475 175.390001 0.142315 22.332447 200.000000 22.332447 0.005298 2.119323 -0.989821 -12.584145 200.000000 -12.584145 0.010749 4.299577 -0.415415 43.012122 200.000000 43.012122 0.002310 0.924120 -0.909632 -32.480534 200.000000 -32.480534
 7.200000 -0.992958 0.118469 -0.872620 -0.488400 -1.452049 -2.081052 0.118469 -0.992958 -0.488400 -0.872620 0.056864 22.745679 0.142315 22.332447 200.000000 22.332447 0.000984 0.393469 -0.989821 -12.584145 200.000000 -12.584145 0.532682 213.072787 -0.415415 43.012122 200.000000 43.012122 0.136990 54.796022 -0.909632 -32.480534 200.000000 -32.480534
 7.400000 -0.995132 0.098547 -0.886667 -0.462409 -1.472089 -2.051507 0.098547 -0.995132 -0.462409 -0.886667 0.191560 76.623888 0.142315 22.332447 200.000000 22.332447 0.002821 1.128237 -0.989821 -12.584145 200.000000 -12.584145 0.220846 88.338419 -0.415415 43.012122 200.000000 43.012122 0.052741 21.096371 -0.909632 -32.480534 200.000000 -32.480534
 7.600000 -0.995472 0.095053 -0.914087 -0.405518 -1.475599 -1.988341 0.095053 -0.995472 -0.405518 -0.914087 0.223366 89.346468 0.142315 22.332447 200.000000 22.332447 0.003193 1.277240 -0.989821 -12.584145 200.000000 -12.584145 0.009796 3.918299 -0.415415 43.012122 200.000000 43.012122 0.001985 0.793957 -0.909632 -32.480534 200.000000 -32.480534
 7.800000 -0.985458 0.169920 -0.877392 -0.479775 -1.400048 -2.071195 0.169920 -0.985458 -0.479775 -0.877392 0.076202 30.480781 0.142315 22.332447 200.000000 22.332447 0.001904 0.761606 -0.989821 -12.584145 200.000000 -12.584145 0.414221 165.688498 -0.415415 43.012122 200.000000 43.012122 0.103945 41.577877 -0.909632 -32.480534 200.000000 -32.480534
 8.000000 -0.997557 0.069852 -0.921942 -0.387328 -1.500887 -1.968528 0.069852 -0.997557 -0.387328 -0.921942 0.525082 210.032635 0.142315 22.332447 200.000000 22.332447 0.005984 2.393767 -0.989821 -12.584145 200.000000 -12.584145 0.078886 31.554528 -0.415415 43.012122 200.000000 43.012122 0.015153 6.061306 -0.909632 -32.480534 200.000000 -32.480534
 8.200000 -0.994808 0.101774 -0.933201 -0.359355 -1.468846 -1.938373 0.101774 -0.994808 -0.359355 -0.933201 0.164354 65.741591 0.142315 22.332447 200.000000 22.332447 0.002486 0.994439 -0.989821 -12.584145 200.000000 -12.584145 0.314276 125.710565 -0.415415 43.012122 200.000000 43.012122 0.055550 22.220049 -0.909632 -32.480534 200.000000 -32.480534
 8.400000 -0.994936 0.100515 -0.911096 -0.412194 -1.470111 -1.995657 0.100515 -0.994936 -0.412194 -0.911096 0.174722 69.888818 0.142315 22.332447 200.000000 22.332447 0.002615 1.046158 -0.989821 -12.584145 200.000000 -12.584145 0.001038 0.415015 -0.415415 43.012122 200.000000 43.012122 0.000214 0.085748 -0.909632 -32.480534 200.000000 -32.480534
 8.600000 -0.987188 0.159561 -0.916131 -0.400879 -1.410550 -1.983272 0.159561 -0.987188 -0.400879 -0.916131 0.029744 11.897475 0.142315 22.332447 200.000000 22.332447 0.000693 0.277392 -0.989821 -12.584145 200.000000 -12.584145 0.021130 8.452073 -0.415415 43.012122 200.000000 43.012122 0.004224 1.689536 -0.909632 -32.480534 200.000000 -32.480534
 8.800000 -0.985538 0.169453 -0.928961 -0.370179 -1.400521 -1.949998 0.169453 -0.985538 -0.370179 -0.928961 0.073650 29.460114 0.142315 22.332447 200.000000 22.332447 0.001835 0.733848 -0.989821 -12.584145 200.000000 -12.584145 0.204633 81.853151 -0.415415 43.012122 200.000000 43.012122 0.037359 14.943776 -0.909632 -32.480534 200.000000 -32.480534
 9.000000 -0.997328 0.073051 -0.919359 -0.393420 -1.497681 -1.975145 0.073051 -0.997328 -0.393420 -0.919359 0.479754 191.901459 0.142315 22.332447 200.000000 22.332447 0.005635 2.254079 -0.989821 -12.584145 200.000000 -12.584145 0.048377 19.350645 -0.415415 43.012122 200.000000 43.012122 0.009461 3.784362 -0.909632 -32.480534 200.000000 -32.480534
 9.200000 -0.993360 0.115049 -0.896412 -0.443222 -1.455492 -2.029987 0.115049 -0.993360 -0.443222 -0.896412 0.074340 29.736045 0.142315 22.332447 200.000000 22.332447 0.001252 0.500789 -0.989821 -12.584145 200.000000 -12.584145 0.077325 30.930162 -0.415415 43.012122 200.000000 43.012122 0.017478 6.991098 -0.909632 -32.480534 200.000000 -32.480534
 9.400000 -0.990900 0.134597 -0.898488 -0.438999 -1.435789 -2.025281 0.134597 -0.990900 -0.438999 -0.898488 0.005956 2.382407 0.142315 22.332447 200.000000 22.332447 0.000116 0.046564 -0.989821 -12.584145 200.000000 -12.584145 0.055620 22.248183 -0.415415 43.012122 200.000000 43.012122 0.012420 4.967947 -0.909632 -32.480534 200.000000 -32.480534
 9.600000 -0.995518 0.094576 -0.905341 -0.424685 -1.476078 -2.009411 0.094576 -0.995518 -0.424685 -0.905341 0.227895 91.157983 0.142315 22.332447 200.000000 22.332447 0.003245 1.297848 -0.989821 -12.584145 200.000000 -12.584145 0.008594 3.437527 -0.415415 43.012122 200.000000 43.012122 0.001841 0.736492 -0.909632 -32.480534 200.000000 -32.480534
 9.800000 -0.989295 0.145931 -0.884033 -0.467425 -1.424342 -2.057172 0.145931 -0.989295 -0.467425 -0.884033 0.001308 0.523159 0.142315 22.332447 200.000000 22.332447 0.000028 0.011097 -0.989821 -12.584145 200.000000 -12.584145 0.270499 108.199753 -0.415415 43.012122 200.000000 43.012122 0.065531 26.212426 -0.909632 -32.480534 200.000000 -32.480534
 10.000000 -0.997310 0.073305 -0.901858 -0.432032 -1.497426 -2.017542 0.073305 -0.997310 -0.432032 -0.901858 0.476238 190.495150 0.142315 22.332447 200.000000 22.332447 0.005607 2.242889 -0.989821 -12.584145 200.000000 -12.584145 0.027614 11.045577 -0.415415 43.012122 200.000000 43.012122 0.006043 2.417364 -0.909632 -32.480534 200.000000 -32.480534
 10.200000 -0.997040 0.076882 -0.917048 -0.398777 -1.493838 -1.980979 0.076882 -0.997040 -0.398777 -0.917048 0.428142 171.256894 0.142315 22.332447 200.000000 22.332447 0.005211 2.084407 -0.989821 -12.584145 200.000000 -12.584145 0.027684 11.073475 -0.415415 43.012122 200.000000 43.012122 0.005500 2.199947 -0.909632 -32.480534 200.000000 -32.480534
 10.400000 -0.998315 0.058025 -0.906000 -0.423277 -1.512739 -2.007855 0.058025 -0.998315 -0.423277 -0.906000 0.710475 284.190191 0.142315 22.332447 200.000000 22.332447 0.007214 2.885705 -0.989821 -12.584145 200.000000 -12.584145 0.006181 2.472249 -0.415415 43.012122 200.000000 43.012122 0.001319 0.527522 -0.909632 -32.480534 200.000000 -32.480534
 10.600000 -0.988106 0.153772 -0.890636 -0.454717 -1.416412 -2.042851 0.153772 -0.988106 -0.454717 -0.890636 0.013127 5.250651 0.142315 22.332447 200.000000 22.332447 0.000294 0.117660 -0.989821 -12.584145 200.000000 -12.584145 0.154468 61.787130 -0.415415 43.012122 200.000000 43.012122 0.036086 14.434260 -0.909632 -32.480534 200.000000 -32.480534
 10.800000 -0.995492 0.094850 -0.895638 -0.444783 -1.475803 -2.031728 0.094850 -0.995492 -0.444783 -0.895638 0.225287 90.114803 0.142315 22.332447 200.000000 22.332447 0.003215 1.285998 -0.989821 -12.584145 200.000000 -12.584145 0.086249 34.499511 -0.415415 43.012122 200.000000 43.012122 0.019582 7.832953 -0.909632 -32.480534 200.000000 -32.480534
 11.000000 -0.989684 0.143269 -0.903981 -0.427572 -1.427033 -2.012602 0.143269 -0.989684 -0.427572 -0.903981 0.000091 0.036415 0.142315 22.332447 200.000000 22.332447 0.000002 0.000758 -0.989821 -12.584145 200.000000 -12.584145 0.014780 5.911955 -0.415415 43.012122 200.000000 43.012122 0.003193 1.277273 -0.909632 -32.480534 200.000000 -32.480534
 11.200000 -0.973014 0.230746 -0.931546 -0.363624 -1.337952 -1.942951 0.230746 -0.973014 -0.363624 -0.931546 0.782011 312.804328 0.142315 22.332447 200.000000 22.332447 0.028249 11.299645 -0.989821 -12.584145 200.000000 -12.584145 0.268233 107.293179 -0.415415 43.012122 200.000000 43.012122 0.048022 19.208737 -0.909632 -32.480534 200.000000 -32.480534
 11.400000 -0.993747 0.111659 -0.936576 -0.350465 -1.458904 -1.928863 0.111659 -0.993747 -0.350465 -0.936576 0.093981 37.592289 0.142315 22.332447 200.000000 22.332447 0.001541 0.616284 -0.989821 -12.584145 200.000000 -12.584145 0.421855 168.742045 -0.415415 43.012122 200.000000 43.012122 0.072598 29.039099 -0.909632 -32.480534 200.000000 -32.480534
 11.600000 -0.999291 0.037638 -0.882485 -0.470341 -1.533150 -2.060474 0.037638 -0.999291 -0.470341 -0.882485 1.095730 438.292139 0.142315 22.332447 200.000000 22.332447 0.008968 3.587243 -0.989821 -12.584145 200.000000 -12.584145 0.301690 120.675975 -0.415415 43.012122 200.000000 43.012122 0.073698 29.479277 -0.909632 -32.480534 200.000000 -32.480534
 11.800000 -0.986873 0.161501 -0.923481 -0.383643 -1.408585 -1.964535 0.161501 -0.986873 -0.383643 -0.923481 0.036811 14.724281 0.142315 22.332447 200.000000 22.332447 0.000870 0.347837 -0.989821 -12.584145 200.000000 -12.584145 0.100943 40.377310 -0.415415 43.012122 200.000000 43.012122 0.019180 7.672129 -0.909632 -32.480534 200.000000 -32.480534
 12.000000 -0.997406 0.071987 -0.904402 -0.426682 -1.498747 -2.011617 0.071987 -0.997406 -0.426682 -0.904402 0.494598 197.839277 0.142315 22.332447 200.000000 22.332447 0.005752 2.300753 -0.989821 -12.584145 200.000000 -12.584145 0.012694 5.077727 -0.415415 43.012122 200.000000 43.012122 0.002736 1.094215 -0.909632 -32.480534 200.000000 -32.480534
 12.200000 -0.987389 0.158312 -0.931537 -0.363647 -1.411816 -1.942976 0.158312 -0.987389 -0.363647 -0.931537 0.025590 10.235847 0.142315 22.332447 200.000000 22.332447 0.000592 0.236631 -0.989821 -12.584145 200.000000 -12.584145 0.267995 107.197935 -0.415415 43.012122 200.000000 43.012122 0.047983 19.193006 -0.909632 -32.480534 200.000000 -32.480534
 12.400000 -0.990208 0.139602 -0.927592 -0.373594 -1.430736 -1.953677 0.139602 -0.990208 -0.373594 -0.927592 0.000736 0.294284 0.142315 22.332447 200.000000 22.332447 0.000015 0.005966 -0.989821 -12.584145 200.000000 -12.584145 0.174898 69.959265 -0.415415 43.012122 200.000000 43.012122 0.032257 12.902832 -0.909632 -32.480534 200.000000 -32.480534
 12.600000 -0.999969 0.007893 -0.893470 -0.449123 -1.562904 -2.036580 0.007893 -0.999969 -0.449123 -0.893470 1.806936 722.774548 0.142315 22.332447 200.000000 22.332447 0.010297 4.118799 -0.989821 -12.584145 200.000000 -12.584145 0.113622 45.448834 -0.415415 43.012122 200.000000 43.012122 0.026121 10.448411 -0.909632 -32.480534 200.000000 -32.480534
 12.800000 -0.998633 0.052278 -0.928725 -0.370769 -1.518495 -1.950633 0.052278 -0.998633 -0.370769 -0.928725 0.810668 324.267363 0.142315 22.332447 200.000000 22.332447 0.007764 3.105450 -0.989821 -12.584145 200.000000 -12.584145 0.199330 79.731989 -0.415415 43.012122 200.000000 43.012122 0.036455 14.582123 -0.909632 -32.480534 200.000000 -32.480534
 13.000000 -0.977530 0.210797 -0.923463 -0.383687 -1.358406 -1.964582 0.210797 -0.977530 -0.383687 -0.923463 0.468976 187.590218 0.142315 22.332447 200.000000 22.332447 0.015108 6.043242 -0.989821 -12.584145 200.000000 -12.584145 0.100668 40.267399 -0.415415 43.012122 200.000000 43.012122 0.019131 7.652223 -0.909632 -32.480534 200.000000 -32.480534
 13.200000 -0.986293 0.165001 -0.882438 -0.470428 -1.405037 -2.060572 0.165001 -0.986293 -0.470428 -0.882438 0.051466 20.586519 0.142315 22.332447 200.000000 22.332447 0.001245 0.497884 -0.989821 -12.584145 200.000000 -12.584145 0.302641 121.056213 -0.415415 43.012122 200.000000 43.012122 0.073949 29.579459 -0.909632 -32.480534 200.000000 -32.480534
 13.400000 -0.997286 0.073620 -0.890293 -0.455389 -1.497109 -2.043605 0.073620 -0.997286 -0.455389 -0.890293 0.471896 188.758252 0.142315 22.332447 200.000000 22.332447 0.005572 2.228996 -0.989821 -12.584145 200.000000 -12.584145 0.159789 63.915625 -0.415415 43.012122 200.000000 43.012122 0.037401 14.960249 -0.909632 -32.480534 200.000000 -32.480534
 13.600000 -0.986519 0.163648 -0.919171 -0.393858 -1.406409 -1.975622 0.163648 -0.986519 -0.393858 -0.919171 0.045509 18.203729 0.142315 22.332447 200.000000 22.332447 0.001091 0.436288 -0.989821 -12.584145 200.000000 -12.584145 0.046469 18.587598 -0.415415 43.012122 200.000000 43.012122 0.009100 3.639819 -0.909632 -32.480534 200.000000 -32.480534
 13.800000 -0.991374 0.131062 -0.921956 -0.387295 -1.439356 -1.968493 0.131062 -0.991374 -0.387295 -0.921956 0.012662 5.064712 0.142315 22.332447 200.000000 22.332447 0.000241 0.096433 -0.989821 -12.584145 200.000000 -12.584145 0.079071 31.628412 -0.415415 43.012122 200.000000 43.012122 0.015187 6.074909 -0.909632 -32.480534 200.000000 -32.480534
 14.000000 -0.994249 0.107090 -0.901899 -0.431946 -1.463501 -2.017446 0.107090 -0.994249 -0.431946 -0.901899 0.124082 49.632856 0.142315 22.332447 200.000000 22.332447 0.001961 0.784265 -0.989821 -12.584145 200.000000 -12.584145 0.027328 10.931169 -0.415415 43.012122 200.000000 43.012122 0.005979 2.391729 -0.909632 -32.480534 200.000000 -32.480534
 14.200000 -0.985732 0.168325 -0.916017 -0.401138 -1.401667 -1.983556 0.168325 -0.985732 -0.401138 -0.916017 0.067650 27.060190 0.142315 22.332447 200.000000 22.332447 0.001673 0.669062 -0.989821 -12.584145 200.000000 -12.584145 0.020382 8.152834 -0.415415 43.012122 200.000000 43.012122 0.004077 1.630959 -0.909632 -32.480534 200.000000 -32.480534
 14.400000 -0.982810 0.184620 -0.882328 -0.470636 -1.385111 -2.060807 0.184620 -0.982810 -0.470636 -0.882328 0.178971 71.588389 0.142315 22.332447 200.000000 22.332447 0.004916 1.966403 -0.989821 -12.584145 200.000000 -12.584145 0.304932 121.972991 -0.415415 43.012122 200.000000 43.012122 0.074553 29.821151 -0.909632 -32.480534 200.000000 -32.480534
 14.600000 -0.991923 0.126839 -0.889268 -0.457387 -1.443615 -2.045851 0.126839 -0.991923 -0.457387 -0.889268 0.023951 9.580452 0.142315 22.332447 200.000000 22.332447 0.000442 0.176722 -0.989821 -12.584145 200.000000 -12.584145 0.176165 70.466050 -0.415415 43.012122 200.000000 43.012122 0.041470 16.588134 -0.909632 -32.480534 200.000000 -32.480534
 14.800000 -0.999990 0.004472 -0.912220 -0.409701 -1.566325 -1.992923 0.004472 -0.999990 -0.409701 -0.912220 1.900072 760.028603 0.142315 22.332447 200.000000 22.332447 0.010340 4.135984 -0.989821 -12.584145 200.000000 -12.584145 0.003265 1.305810 -0.415415 43.012122 200.000000 43.012122 0.000670 0.267845 -0.909632 -32.480534 200.000000 -32.480534
 15.000000 -0.996725 0.080861 -0.925131 -0.379649 -1.489847 -1.960213 0.080861 -0.996725 -0.379649 -0.925131 0.377657 151.062993 0.142315 22.332447 200.000000 22.332447 0.004766 1.906579 -0.989821 -12.584145 200.000000 -12.584145 0.127924 51.169437 -0.415415 43.012122 200.000000 43.012122 0.024021 9.608477 -0.909632 -32.480534 200.000000 -32.480534
 15.200000 -0.991052 0.133477 -0.868308 -0.496026 -1.436920 -2.089812 0.133477 -0.991052 -0.496026 -0.868308 0.007811 3.124400 0.142315 22.332447 200.000000 22.332447 0.000151 0.060564 -0.989821 -12.584145 200.000000 -12.584145 0.649813 259.925008 -0.415415 43.012122 200.000000 43.012122 0.170770 68.307929 -0.909632 -32.480534 200.000000 -32.480534
 15.400000 -0.988795 0.149281 -0.871545 -0.490316 -1.420956 -2.083249 0.149281 -0.988795 -0.490316 -0.871545 0.004852 1.940922 0.142315 22.332447 200.000000 22.332447 0.000105 0.042155 -0.989821 -12.584145 200.000000 -12.584145 0.561020 224.408174 -0.415415 43.012122 200.000000 43.012122 0.145065 58.026117 -0.909632 -32.480534 200.000000 -32.480534
 15.600000 -0.981139 0.193301 -0.911657 -0.410952 -1.376271 -1.994294 0.193301 -0.981139 -0.410952 -0.911657 0.259960 103.984022 0.142315 22.332447 200.000000 22.332447 0.007538 3.015059 -0.989821 -12.584145 200.000000 -12.584145 0.001992 0.796849 -0.415415 43.012122 200.000000 43.012122 0.000410 0.164045 -0.909632 -32.480534 200.000000 -32.480534
 15.800000 -0.979128 0.203246 -0.884532 -0.466479 -1.366124 -2.056103 0.203246 -0.979128 -0.466479 -0.884532 0.371263 148.505345 0.142315 22.332447 200.000000 22.332447 0.011436 4.574280 -0.989821 -12.584145 200.000000 -12.584145 0.260755 104.302103 -0.415415 43.012122 200.000000 43.012122 0.063000 25.200068 -0.909632 -32.480534 200.000000 -32.480534
 16.000000 -0.998905 0.046795 -0.855110 -0.518446 -1.523984 -2.115829 0.046795 -0.998905 -0.518446 -0.855110 0.912401 364.960317 0.142315 22.332447 200.000000 22.332447 0.008250 3.300082 -0.989821 -12.584145 200.000000 -12.584145 1.061541 424.616559 -0.415415 43.012122 200.000000 43.012122 0.297262 118.904686 -0.909632 -32.480534 200.000000 -32.480534
 16.200000 -0.988691 0.149969 -0.904744 -0.425956 -1.420259 -2.010814 0.149969 -0.988691 -0.425956 -0.904744 0.005859 2.343420 0.142315 22.332447 200.000000 22.332447 0.000128 0.051143 -0.989821 -12.584145 200.000000 -12.584145 0.011111 4.444350 -0.415415 43.012122 200.000000 43.012122 0.002389 0.955715 -0.909632 -32.480534 200.000000 -32.480534
 16.400000 -0.982403 0.186775 -0.906595 -0.422001 -1.382918 -2.006448 0.186775 -0.982403 -0.422001 -0.906595 0.197669 79.067712 0.142315 22.332447 200.000000 22.332447 0.005504 2.201482 -0.989821 -12.584145 200.000000 -12.584145 0.004338 1.735225 -0.415415 43.012122 200.000000 43.012122 0.000922 0.368891 -0.909632 -32.480534 200.000000 -32.480534
 16.600000 -0.984893 0.173165 -0.880667 -0.473735 -1.396754 -2.064324 0.173165 -0.984893 -0.473735 -0.880667 0.095172 38.068794 0.142315 22.332447 200.000000 22.332447 0.002429 0.971635 -0.989821 -12.584145 200.000000 -12.584145 0.340124 136.049589 -0.415415 43.012122 200.000000 43.012122 0.083895 33.558007 -0.909632 -32.480534 200.000000 -32.480534
 16.800000 -0.993770 0.111449 -0.910975 -0.412462 -1.459116 -1.995951 0.111449 -0.993770 -0.412462 -0.910975 0.095272 38.108973 0.142315 22.332447 200.000000 22.332447 0.001559 0.623707 -0.989821 -12.584145 200.000000 -12.584145 0.000872 0.348791 -0.415415 43.012122 200.000000 43.012122 0.000180 0.072122 -0.909632 -32.480534 200.000000 -32.480534
 17.000000 -0.998028 0.062763 -0.929721 -0.368265 -1.507992 -1.947939 0.062763 -0.998028 -0.368265 -0.929721 0.632851 253.140295 0.142315 22.332447 200.000000 22.332447 0.006736 2.694209 -0.989821 -12.584145 200.000000 -12.584145 0.222311 88.924553 -0.415415 43.012122 200.000000 43.012122 0.040356 16.142443 -0.909632 -32.480534 200.000000 -32.480534
 17.200000 -0.995077 0.099101 -0.897543 -0.440926 -1.471532 -2.027427 0.099101 -0.995077 -0.440926 -0.897543 0.186741 74.696387 0.142315 22.332447 200.000000 22.332447 0.002762 1.104983 -0.989821 -12.584145 200.000000 -12.584145 0.065081 26.032581 -0.415415 43.012122 200.000000 43.012122 0.014613 5.845345 -0.909632 -32.480534 200.000000 -32.480534
 17.400000 -0.985481 0.169785 -0.889620 -0.456701 -1.400185 -2.045080 0.169785 -0.985481 -0.456701 -0.889620 0.075459 30.183632 0.142315 22.332447 200.000000 22.332447 0.001884 0.753512 -0.989821 -12.584145 200.000000 -12.584145 0.170455 68.181861 -0.415415 43.012122 200.000000 43.012122 0.040047 16.018929 -0.909632 -32.480534 200.000000 -32.480534
 17.600000 -0.994102 0.108451 -0.901392 -0.433005 -1.462131 -2.018620 0.108451 -0.994102 -0.433005 -0.901392 0.114673 45.869271 0.142315 22.332447 200.000000 22.332447 0.001832 0.732842 -0.989821 -12.584145 200.000000 -12.584145 0.030940 12.375901 -0.415415 43.012122 200.000000 43.012122 0.006790 2.716127 -0.909632 -32.480534 200.000000 -32.480534
 17.800000 -0.996109 0.088127 -0.929931 -0.367735 -1.482555 -1.947368 0.088127 -0.996109 -0.367735 -0.929931 0.293632 117.452876 0.142315 22.332447 200.000000 22.332447 0.003954 1.581460 -0.989821 -12.584145 200.000000 -12.584145 0.227339 90.935465 -0.415415 43.012122 200.000000 43.012122 0.041203 16.481397 -0.909632 -32.480534 200.000000 -32.480534
 18.000000 -0.994668 0.103124 -0.868149 -0.496303 -1.467488 -2.090132 0.103124 -0.994668 -0.496303 -0.868149 0.153589 61.435441 0.142315 22.332447 200.000000 22.332447 0.002349 0.939744 -0.989821 -12.584145 200.000000 -12.584145 0.654293 261.717241 -0.415415 43.012122 200.000000 43.012122 0.172083 68.833079 -0.909632 -32.480534 200.000000 -32.480534
 18.200000 -0.998995 0.044825 -0.888403 -0.459064 -1.525956 -2.047738 0.044825 -0.998995 -0.459064 -0.888403 0.950417 380.166877 0.142315 22.332447 200.000000 22.332447 0.008415 3.366044 -0.989821 -12.584145 200.000000 -12.584145 0.190522 76.208959 -0.415415 43.012122 200.000000 43.012122 0.045066 18.026371 -0.909632 -32.480534 200.000000 -32.480534
 18.400000 -0.977641 0.210279 -0.922385 -0.386272 -1.358936 -1.967382 0.210279 -0.977641 -0.386272 -0.922385 0.461916 184.766501 0.142315 22.332447 200.000000 22.332447 0.014835 5.934174 -0.989821 -12.584145 200.000000 -12.584145 0.084933 33.973320 -0.415415 43.012122 200.000000 43.012122 0.016264 6.505615 -0.909632 -32.480534 200.000000 -32.480534
 18.600000 -0.993227 0.116190 -0.893679 -0.448708 -1.454343 -2.036115 0.116190 -0.993227 -0.448708 -0.893679 0.068249 27.299551 0.142315 22.332447 200.000000 22.332447 0.001160 0.463903 -0.989821 -12.584145 200.000000 -12.584145 0.110840 44.335829 -0.415415 43.012122 200.000000 43.012122 0.025451 10.180392 -0.909632 -32.480534 200.000000 -32.480534
 18.800000 -0.997957 0.063897 -0.912800 -0.408406 -1.506856 -1.991503 0.063897 -0.997957 -0.408406 -0.912800 0.614941 245.976567 0.142315 22.332447 200.000000 22.332447 0.006618 2.647181 -0.989821 -12.584145 200.000000 -12.584145 0.004913 1.965019 -0.415415 43.012122 200.000000 43.012122 0.001004 0.401541 -0.909632 -32.480534 200.000000 -32.480534
 19.000000 -0.991900 0.127020 -0.948521 -0.316713 -1.443432 -1.893058 0.127020 -0.991900 -0.316713 -0.948521 0.023393 9.357299 0.142315 22.332447 200.000000 22.332447 0.000432 0.172842 -0.989821 -12.584145 200.000000 -12.584145 0.974208 389.683198 -0.415415 43.012122 200.000000 43.012122 0.151239 60.495441 -0.909632 -32.480534 200.000000 -32.480534
 19.200000 -0.996727 0.080846 -0.934711 -0.355408 -1.489862 -1.934147 0.080846 -0.996727 -0.355408 -0.934711 0.377842 151.136612 0.142315 22.332447 200.000000 22.332447 0.004768 1.907250 -0.989821 -12.584145 200.000000 -12.584145 0.360078 144.031268 -0.415415 43.012122 200.000000 43.012122 0.062896 25.158415 -0.909632 -32.480534 200.000000 -32.480534
 19.400000 -0.999907 -0.013651 -0.917802 -0.397038 -1.584447 -1.979084 -0.013651 -0.999907 -0.397038 -0.917802 2.432525 973.010132 0.142315 22.332447 200.000000 22.332447 0.010171 4.068598 -0.989821 -12.584145 200.000000 -12.584145 0.033770 13.508023 -0.415415 43.012122 200.000000 43.012122 0.006675 2.669963 -0.909632 -32.480534 200.000000 -32.480534
 19.600000 -0.983154 0.182779 -0.911924 -0.410358 -1.386984 -1.993643 0.182779 -0.983154 -0.410358 -0.911924 0.163738 65.495246 0.142315 22.332447 200.000000 22.332447 0.004446 1.778218 -0.989821 -12.584145 200.000000 -12.584145 0.002557 1.022796 -0.415415 43.012122 200.000000 43.012122 0.000525 0.210197 -0.909632 -32.480534 200.000000 -32.480534
 19.800000 -0.979269 0.202562 -0.904539 -0.426390 -1.366823 -2.011295 0.202562 -0.979269 -0.426390 -0.904539 0.362969 145.187598 0.142315 22.332447 200.000000 22.332447 0.011134 4.453745 -0.989821 -12.584145 200.000000 -12.584145 0.012046 4.818217 -0.415415 43.012122 200.000000 43.012122 0.002594 1.037416 -0.909632 -32.480534 200.000000 -32.480534
 20.000000 -0.999998 0.002198 -0.867028 -0.498259 -1.568598 -2.092386 0.002198 -0.999998 -0.498259 -0.867028 1.963270 785.307930 0.142315 22.332447 200.000000 22.332447 0.010355 4.142155 -0.989821 -12.584145 200.000000 -12.584145 0.686314 274.525752 -0.415415 43.012122 200.000000 43.012122 0.181509 72.603407 -0.909632 -32.480534 200.000000 -32.480534
 20.200000 -0.976657 0.214803 -0.847216 -0.531249 -1.354307 -2.130870 0.214803 -0.976657 -0.531249 -0.847216 0.525449 210.179694 0.142315 22.332447 200.000000 22.332447 0.017329 6.931617 -0.989821 -12.584145 200.000000 -12.584145 1.341744 536.697653 -0.415415 43.012122 200.000000 43.012122 0.389577 155.830625 -0.909632 -32.480534 200.000000 -32.480534
 20.400000 -0.982620 0.185628 -0.904995 -0.425422 -1.384085 -2.010224 0.185628 -0.982620 -0.425422 -0.904995 0.187604 75.041562 0.142315 22.332447 200.000000 22.332447 0.005186 2.074389 -0.989821 -12.584145 200.000000 -12.584145 0.010013 4.005305 -0.415415 43.012122 200.000000 43.012122 0.002150 0.859971 -0.909632 -32.480534 200.000000 -32.480534
 20.600000 -0.999649 0.026499 -0.882435 -0.470434 -1.544295 -2.060579 0.026499 -0.999649 -0.470434 -0.882435 1.341339 536.535502 0.142315 22.332447 200.000000 22.332447 0.009658 3.863117 -0.989821 -12.584145 200.000000 -12.584145 0.302708 121.083238 -0.415415 43.012122 200.000000 43.012122 0.073966 29.586581 -0.909632 -32.480534 200.000000 -32.480534
 20.800000 -0.992332 0.123597 -0.851182 -0.524871 -1.446882 -2.123360 0.123597 -0.992332 -0.524871 -0.851182 0.035036 14.014275 0.142315 22.332447 200.000000 22.332447 0.000631 0.252215 -0.989821 -12.584145 200.000000 -12.584145 1.198055 479.222068 -0.415415 43.012122 200.000000 43.012122 0.341641 136.656269 -0.909632 -32.480534 200.000000 -32.480534
 21.000000 -0.991012 0.133771 -0.937929 -0.346826 -1.436623 -1.924982 0.133771 -0.991012 -0.346826 -0.937929 0.007299 2.919683 0.142315 22.332447 200.000000 22.332447 0.000142 0.056719 -0.989821 -12.584145 200.000000 -12.584145 0.470442 188.176684 -0.415415 43.012122 200.000000 43.012122 0.080074 32.029708 -0.909632 -32.480534 200.000000 -32.480534
 21.200000 -0.998941 0.046011 -0.926298 -0.376791 -1.524769 -1.957126 0.046011 -0.998941 -0.376791 -0.926298 0.927443 370.977119 0.142315 22.332447 200.000000 22.332447 0.008317 3.326605 -0.989821 -12.584145 200.000000 -12.584145 0.149180 59.672045 -0.415415 43.012122 200.000000 43.012122 0.027776 11.110537 -0.909632 -32.480534 200.000000 -32.480534
 21.400000 -0.997703 0.067737 -0.918487 -0.395451 -1.503008 -1.977355 0.067737 -0.997703 -0.395451 -0.918487 0.556191 222.476511 0.142315 22.332447 200.000000 22.332447 0.006212 2.484909 -0.989821 -12.584145 200.000000 -12.584145 0.039858 15.943153 -0.415415 43.012122 200.000000 43.012122 0.007842 3.136627 -0.909632 -32.480534 200.000000 -32.480534
 21.600000 -0.973113 0.230330 -0.943721 -0.330742 -1.338380 -1.907886 0.230330 -0.973113 -0.330742 -0.943721 0.774663 309.865221 0.142315 22.332447 200.000000 22.332447 0.027918 11.167376 -0.989821 -12.584145 200.000000 -12.584145 0.716959 286.783418 -0.415415 43.012122 200.000000 43.012122 0.116208 46.483367 -0.909632 -32.480534 200.000000 -32.480534
 21.800000 -0.990513 0.137419 -0.916954 -0.398994 -1.432941 -1.981216 0.137419 -0.990513 -0.398994 -0.916954 0.002397 0.958779 0.142315 22.332447 200.000000 22.332447 0.000048 0.019131 -0.989821 -12.584145 200.000000 -12.584145 0.026965 10.785937 -0.415415 43.012122 200.000000 43.012122 0.005360 2.144189 -0.909632 -32.480534 200.000000 -32.480534
 22.000000 -0.994990 0.099973 -0.884619 -0.466314 -1.470656 -2.055916 0.099973 -0.994990 -0.466314 -0.884619 0.179282 71.712865 0.142315 22.332447 200.000000 22.332447 0.002672 1.068617 -0.989821 -12.584145 200.000000 -12.584145 0.259070 103.628063 -0.415415 43.012122 200.000000 43.012122 0.062564 25.025402 -0.909632 -32.480534 200.000000 -32.480534
 22.200000 -0.993355 0.115094 -0.908337 -0.418239 -1.455446 -2.002303 0.115094 -0.993355 -0.418239 -0.908337 0.074096 29.638397 0.142315 22.332447 200.000000 22.332447 0.001248 0.499321 -0.989821 -12.584145 200.000000 -12.584145 0.000798 0.319089 -0.415415 43.012122 200.000000 43.012122 0.000168 0.067098 -0.909632 -32.480534 200.000000 -32.480534
 22.400000 -0.974848 0.222872 -0.919188 -0.393820 -1.346037 -1.975580 0.222872 -0.974848 -0.393820 -0.919188 0.648948 259.579199 0.142315 22.332447 200.000000 22.332447 0.022421 8.968538 -0.989821 -12.584145 200.000000 -12.584145 0.046634 18.653461 -0.415415 43.012122 200.000000 43.012122 0.009131 3.652307 -0.909632 -32.480534 200.000000 -32.480534
 22.600000 -0.998192 0.060105 -0.898408 -0.439162 -1.510655 -2.025462 0.060105 -0.998192 -0.439162 -0.898408 0.675842 270.336895 0.142315 22.332447 200.000000 22.332447 0.007007 2.802681 -0.989821 -12.584145 200.000000 -12.584145 0.056391 22.556258 -0.415415 43.012122 200.000000 43.012122 0.012598 5.039102 -0.909632 -32.480534 200.000000 -32.480534
 22.800000 -0.996012 0.089218 -0.913393 -0.407079 -1.481460 -1.990050 0.089218 -0.996012 -0.407079 -0.913393 0.281931 112.772590 0.142315 22.332447 200.000000 22.332447 0.003832 1.532998 -0.989821 -12.584145 200.000000 -12.584145 0.006949 2.779465 -0.415415 43.012122 200.000000 43.012122 0.001414 0.565772 -0.909632 -32.480534 200.000000 -32.480534
 23.000000 -0.997914 0.064556 -0.946181 -0.323638 -1.506195 -1.900368 0.064556 -0.997914 -0.323638 -0.946181 0.604642 241.856935 0.142315 22.332447 200.000000 22.332447 0.006549 2.619632 -0.989821 -12.584145 200.000000 -12.584145 0.842298 336.919183 -0.415415 43.012122 200.000000 43.012122 0.133582 53.432907 -0.909632 -32.480534 200.000000 -32.480534
 23.200000 -0.999920 0.012672 -0.896859 -0.442317 -1.558124 -2.028977 0.012672 -0.999920 -0.442317 -0.896859 1.680723 672.289386 0.142315 22.332447 200.000000 22.332447 0.010197 4.078997 -0.989821 -12.584145 200.000000 -12.584145 0.072374 28.949750 -0.415415 43.012122 200.000000 43.012122 0.016316 6.526453 -0.909632 -32.480534 200.000000 -32.480534
 23.400000 -0.996252 0.086503 -0.854968 -0.518681 -1.484185 -2.116104 0.086503 -0.996252 -0.518681 -0.854968 0.311491 124.596511 0.142315 22.332447 200.000000 22.332447 0.004135 1.653853 -0.989821 -12.584145 200.000000 -12.584145 1.066392 426.556652 -0.415415 43.012122 200.000000 43.012122 0.298819 119.527433 -0.909632 -32.480534 200.000000 -32.480534
 23.600000 -0.985502 0.169665 -0.930079 -0.367360 -1.400307 -1.946965 0.169665 -0.985502 -0.367360 -0.930079 0.074803 29.921255 0.142315 22.332447 200.000000 22.332447 0.001866 0.746374 -0.989821 -12.584145 200.000000 -12.584145 0.230928 92.371329 -0.415415 43.012122 200.000000 43.012122 0.041807 16.722915 -0.909632 -32.480534 200.000000 -32.480534
 23.800000 -0.994979 0.100080 -0.924235 -0.381824 -1.470548 -1.962565 0.100080 -0.994979 -0.381824 -0.924235 0.178377 71.350956 0.142315 22.332447 200.000000 22.332447 0.002660 1.064175 -0.989821 -12.584145 200.000000 -12.584145 0.112835 45.134057 -0.415415 43.012122 200.000000 43.012122 0.021325 8.529938 -0.909632 -32.480534 200.000000 -32.480534
 24.000000 -0.999065 0.043241 -0.868433 -0.495806 -1.527542 -2.089559 0.043241 -0.999065 -0.495806 -0.868433 0.981566 392.626322 0.142315 22.332447 200.000000 22.332447 0.008544 3.417496 -0.989821 -12.584145 200.000000 -12.584145 0.646275 258.510100 -0.415415 43.012122 200.000000 43.012122 0.169734 67.893762 -0.909632 -32.480534 200.000000 -32.480534
 24.200000 -0.996368 0.085150 -0.890009 -0.455943 -1.485544 -2.044228 0.085150 -0.996368 -0.455943 -0.890009 0.326787 130.714757 0.142315 22.332447 200.000000 22.332447 0.004286 1.714392 -0.989821 -12.584145 200.000000 -12.584145 0.164256 65.702251 -0.415415 43.012122 200.000000 43.012122 0.038507 15.402895 -0.909632 -32.480534 200.000000 -32.480534
 24.400000 -0.992449 0.122661 -0.906284 -0.422670 -1.447826 -2.007186 0.122661 -0.992449 -0.422670 -0.906284 0.038627 15.450817 0.142315 22.332447 200.000000 22.332447 0.000690 0.276082 -0.989821 -12.584145 200.000000 -12.584145 0.005263 2.105369 -0.415415 43.012122 200.000000 43.012122 0.001121 0.448449 -0.909632 -32.480534 200.000000 -32.480534
 24.600000 -0.994631 0.103484 -0.891500 -0.453021 -1.467127 -2.040948 0.103484 -0.994631 -0.453021 -0.891500 0.150783 60.313325 0.142315 22.332447 200.000000 22.332447 0.002313 0.925319 -0.989821 -12.584145 200.000000 -12.584145 0.141422 56.568998 -0.415415 43.012122 200.000000 43.012122 0.032878 13.151139 -0.909632 -32.480534 200.000000 -32.480534
 24.800000 -0.997670 0.068229 -0.932557 -0.361023 -1.502514 -1.940161 0.068229 -0.997670 -0.361023 -0.932557 0.548870 219.548141 0.142315 22.332447 200.000000 22.332447 0.006159 2.463796 -0.989821 -12.584145 200.000000 -12.584145 0.295853 118.341372 -0.415415 43.012122 200.000000 43.012122 0.052556 21.022354 -0.909632 -32.480534 200.000000 -32.480534
 25.000000 -0.973448 0.228907 -0.901966 -0.431807 -1.339841 -2.017291 0.228907 -0.973448 -0.431807 -0.901966 0.749823 299.929171 0.142315 22.332447 200.000000 22.332447 0.026808 10.723244 -0.989821 -12.584145 200.000000 -12.584145 0.026870 10.747804 -0.415415 43.012122 200.000000 43.012122 0.005877 2.350663 -0.909632 -32.480534 200.000000 -32.480534
 25.200000 -0.992517 0.122109 -0.889638 -0.456666 -1.448382 -2.045041 0.122109 -0.992517 -0.456666 -0.889638 0.040829 16.331501 0.142315 22.332447 200.000000 22.332447 0.000726 0.290583 -0.989821 -12.584145 200.000000 -12.584145 0.170168 68.067384 -0.415415 43.012122 200.000000 43.012122 0.039976 15.990445 -0.909632 -32.480534 200.000000 -32.480534
 25.400000 -0.988007 0.154408 -0.869201 -0.494459 -1.415769 -2.088009 0.154408 -0.988007 -0.494459 -0.869201 0.014623 5.849330 0.142315 22.332447 200.000000 22.332447 0.000329 0.131653 -0.989821 -12.584145 200.000000 -12.584145 0.624797 249.918705 -0.415415 43.012122 200.000000 43.012122 0.163467 65.386950 -0.909632 -32.480534 200.000000 -32.480534
 25.600000 -0.983409 0.181402 -0.937134 -0.348971 -1.388384 -1.927269 0.181402 -0.983409 -0.348971 -0.937134 0.152784 61.113662 0.142315 22.332447 200.000000 22.332447 0.004112 1.644805 -0.989821 -12.584145 200.000000 -12.584145 0.441484 176.593662 -0.415415 43.012122 200.000000 43.012122 0.075634 30.253576 -0.909632 -32.480534 200.000000 -32.480534
 25.800000 -0.990791 0.135403 -0.880037 -0.474906 -1.434976 -2.065653 0.135403 -0.990791 -0.474906 -0.880037 0.004777 1.910789 0.142315 22.332447 200.000000 22.332447 0.000094 0.037568 -0.989821 -12.584145 200.000000 -12.584145 0.353915 141.566166 -0.415415 43.012122 200.000000 43.012122 0.087589 35.035416 -0.909632 -32.480534 200.000000 -32.480534
 26.000000 -0.999182 0.040446 -0.877468 -0.479635 -1.530340 -2.071035 0.040446 -0.999182 -0.479635 -0.877468 1.037733 415.093241 0.142315 22.332447 200.000000 22.332447 0.008762 3.504607 -0.989821 -12.584145 200.000000 -12.584145 0.412417 164.966659 -0.415415 43.012122 200.000000 43.012122 0.103451 41.380205 -0.909632 -32.480534 200.000000 -32.480534
 26.200000 -0.994350 0.106155 -0.939132 -0.343556 -1.464441 -1.921497 0.106155 -0.994350 -0.343556 -0.939132 0.130752 52.300908 0.142315 22.332447 200.000000 22.332447 0.002050 0.820161 -0.989821 -12.584145 200.000000 -12.584145 0.516375 206.550059 -0.415415 43.012122 200.000000 43.012122 0.087027 34.810668 -0.909632 -32.480534 200.000000 -32.480534
 26.400000 -0.988983 0.148031 -0.900311 -0.435246 -1.422219 -2.021108 0.148031 -0.988983 -0.435246 -0.900311 0.003268 1.307163 0.142315 22.332447 200.000000 22.332447 0.000070 0.028142 -0.989821 -12.584145 200.000000 -12.584145 0.039328 15.731251 -0.415415 43.012122 200.000000 43.012122 0.008687 3.474935 -0.909632 -32.480534 200.000000 -32.480534
 26.600000 -0.997711 0.067626 -0.873683 -0.486497 -1.503118 -2.078872 0.067626 -0.997711 -0.486497 -0.873683 0.557837 223.134749 0.142315 22.332447 200.000000 22.332447 0.006224 2.489627 -0.989821 -12.584145 200.000000 -12.584145 0.505258 202.103171 -0.415415 43.012122 200.000000 43.012122 0.129236 51.694592 -0.909632 -32.480534 200.000000 -32.480534
 26.800000 -0.992553 0.121816 -0.902111 -0.431503 -1.448677 -2.016955 0.121816 -0.992553 -0.431503 -0.902111 0.042020 16.808081 0.142315 22.332447 200.000000 22.332447 0.000746 0.298391 -0.989821 -12.584145 200.000000 -12.584145 0.025883 10.353387 -0.415415 43.012122 200.000000 43.012122 0.005656 2.262415 -0.909632 -32.480534 200.000000 -32.480534
 27.000000 -0.994476 0.104964 -0.893341 -0.449379 -1.465639 -2.036867 0.104964 -0.994476 -0.449379 -0.893341 0.139510 55.803873 0.142315 22.332447 200.000000 22.332447 0.002167 0.866611 -0.989821 -12.584145 200.000000 -12.584145 0.115356 46.142590 -0.415415 43.012122 200.000000 43.012122 0.026539 10.615709 -0.909632 -32.480534 200.000000 -32.480534
 27.200000 -0.988462 0.151471 -0.878745 -0.477292 -1.418741 -2.068367 0.151471 -0.988462 -0.477292 -0.878745 0.008383 3.353061 0.142315 22.332447 200.000000 22.332447 0.000185 0.073948 -0.989821 -12.584145 200.000000 -12.584145 0.382875 153.149991 -0.415415 43.012122 200.000000 43.012122 0.095402 38.160734 -0.909632 -32.480534 200.000000 -32.480534
 27.400000 -0.991740 0.128264 -0.878529 -0.477689 -1.442178 -2.068818 0.128264 -0.991740 -0.477689 -0.878529 0.019742 7.896955 0.142315 22.332447 200.000000 22.332447 0.000368 0.147242 -0.989821 -12.584145 200.000000 -12.584145 0.387800 155.119825 -0.415415 43.012122 200.000000 43.012122 0.096738 38.695246 -0.909632 -32.480534 200.000000 -32.480534
 27.600000 -0.993322 0.115378 -0.906743 -0.421684 -1.455161 -2.006098 0.115378 -0.993322 -0.421684 -0.906743 0.072560 29.024156 0.142315 22.332447 200.000000 22.332447 0.001225 0.490067 -0.989821 -12.584145 200.000000 -12.584145 0.003930 1.571921 -0.415415 43.012122 200.000000 43.012122 0.000835 0.333867 -0.909632 -32.480534 200.000000 -32.480534
 27.800000 -0.993601 0.112947 -0.933800 -0.357795 -1.457608 -1.936702 0.112947 -0.993601 -0.357795 -0.933800 0.086247 34.498948 0.142315 22.332447 200.000000 22.332447 0.001429 0.571409 -0.989821 -12.584145 200.000000 -12.584145 0.332010 132.803841 -0.415415 43.012122 200.000000 43.012122 0.058411 23.364200 -0.909632 -32.480534 200.000000 -32.480534
 28.000000 -0.994891 0.100958 -0.921860 -0.387522 -1.469666 -1.968739 0.100958 -0.994891 -0.387522 -0.921860 0.171038 68.415017 0.142315 22.332447 200.000000 22.332447 0.002570 1.027884 -0.989821 -12.584145 200.000000 -12.584145 0.077800 31.119823 -0.415415 43.012122 200.000000 43.012122 0.014953 5.981228 -0.909632 -32.480534 200.000000 -32.480534
 28.200000 -0.986010 0.166685 -0.948917 -0.315525 -1.403330 -1.891806 0.166685 -0.986010 -0.315525 -0.948917 0.059388 23.755316 0.142315 22.332447 200.000000 22.332447 0.001453 0.581000 -0.989821 -12.584145 200.000000 -12.584145 0.997802 399.120853 -0.415415 43.012122 200.000000 43.012122 0.154333 61.733329 -0.909632 -32.480534 200.000000 -32.480534
 28.400000 -0.980579 0.196124 -0.927085 -0.374852 -1.373392 -1.955033 0.196124 -0.980579 -0.374852 -0.927085 0.289546 115.818394 0.142315 22.332447 200.000000 22.332447 0.008542 3.416880 -0.989821 -12.584145 200.000000 -12.584145 0.164536 65.814563 -0.415415 43.012122 200.000000 43.012122 0.030460 12.183871 -0.909632 -32.480534 200.000000 -32.480534
 28.600000 -0.999594 0.028480 -0.863585 -0.504203 -1.542312 -2.099255 0.028480 -0.999594 -0.504203 -0.863585 1.295835 518.334071 0.142315 22.332447 200.000000 22.332447 0.009551 3.820397 -0.989821 -12.584145 200.000000 -12.584145 0.788323 315.329292 -0.415415 43.012122 200.000000 43.012122 0.212029 84.811528 -0.909632 -32.480534 200.000000 -32.480534
 28.800000 -0.998235 0.059383 -0.920999 -0.389566 -1.511379 -1.970957 0.059383 -0.998235 -0.389566 -0.920999 0.687774 275.109470 0.142315 22.332447 200.000000 22.332447 0.007079 2.831713 -0.989821 -12.584145 200.000000 -12.584145 0.066818 26.727091 -0.415415 43.012122 200.000000 43.012122 0.012920 5.167987 -0.909632 -32.480534 200.000000 -32.480534
 29.000000 -0.985412 0.170189 -0.943085 -0.332551 -1.399775 -1.909804 0.170189 -0.985412 -0.332551 -0.943085 0.077694 31.077657 0.142315 22.332447 200.000000 22.332447 0.001945 0.777895 -0.989821 -12.584145 200.000000 -12.584145 0.686643 274.657328 -0.415415 43.012122 200.000000 43.012122 0.111912 44.764807 -0.909632 -32.480534 200.000000 -32.480534
 29.200000 -0.990327 0.138753 -0.837446 -0.546521 -1.431594 -2.149000 0.138753 -0.990327 -0.546521 -0.837446 0.001269 0.507407 0.142315 22.332447 200.000000 22.332447 0.000026 0.010223 -0.989821 -12.584145 200.000000 -12.584145 1.718866 687.546479 -0.415415 43.012122 200.000000 43.012122 0.521086 208.434493 -0.909632 -32.480534 200.000000 -32.480534
 29.400000 -0.993321 0.115387 -0.831931 -0.554879 -1.455152 -2.159014 0.115387 -0.993321 -0.554879 -0.831931 0.072511 29.004336 0.142315 22.332447 200.000000 22.332447 0.001224 0.489768 -0.989821 -12.584145 200.000000 -12.584145 1.945019 778.007605 -0.415415 43.012122 200.000000 43.012122 0.603743 241.497188 -0.909632 -32.480534 200.000000 -32.480534
 29.600000 -0.998375 0.056978 -0.908080 -0.418798 -1.513787 -2.002917 0.056978 -0.998375 -0.418798 -0.908080 0.728232 291.292846 0.142315 22.332447 200.000000 22.332447 0.007317 2.926819 -0.989821 -12.584145 200.000000 -12.584145 0.001144 0.457715 -0.415415 43.012122 200.000000 43.012122 0.000241 0.096405 -0.909632 -32.480534 200.000000 -32.480534
 29.800000 -0.999875 0.015830 -0.875871 -0.482545 -1.554965 -2.074354 0.015830 -0.999875 -0.482545 -0.875871 1.599834 639.933490 0.142315 22.332447 200.000000 22.332447 0.010107 4.042714 -0.989821 -12.584145 200.000000 -12.584145 0.450641 180.256537 -0.415415 43.012122 200.000000 43.012122 0.113979 45.591467 -0.909632 -32.480534 200.000000 -32.480534
 30.000000 -0.992140 0.125135 -0.916439 -0.400175 -1.445332 -1.982504 0.125135 -0.992140 -0.400175 -0.916439 0.029514 11.805614 0.142315 22.332447 200.000000 22.332447 0.000537 0.214973 -0.989821 -12.584145 200.000000 -12.584145 0.023225 9.290178 -0.415415 43.012122 200.000000 43.012122 0.004633 1.853245 -0.909632 -32.480534 200.000000 -32.480534
 30.200000 -0.992146 0.125087 -0.934613 -0.355667 -1.445381 -1.934424 0.125087 -0.992146 -0.355667 -0.934613 0.029680 11.871915 0.142315 22.332447 200.000000 22.332447 0.000540 0.216101 -0.989821 -12.584145 200.000000 -12.584145 0.356979 142.791468 -0.415415 43.012122 200.000000 43.012122 0.062403 24.961272 -0.909632 -32.480534 200.000000 -32.480534
 30.400000 -0.995447 0.095320 -0.867623 -0.497222 -1.475332 -2.091190 0.095320 -0.995447 -0.497222 -0.867623 0.220854 88.341696 0.142315 22.332447 200.000000 22.332447 0.003164 1.265746 -0.989821 -12.584145 200.000000 -12.584145 0.669238 267.695176 -0.415415 43.012122 200.000000 43.012122 0.176472 70.588997 -0.909632 -32.480534 200.000000 -32.480534
 30.600000 -0.995425 0.095549 -0.871541 -0.490323 -1.475101 -2.083257 0.095549 -0.995425 -0.490323 -0.871541 0.218701 87.480475 0.142315 22.332447 200.000000 22.332447 0.003140 1.255858 -0.989821 -12.584145 200.000000 -12.584145 0.561123 224.449188 -0.415415 43.012122 200.000000 43.012122 0.145095 58.037850 -0.909632 -32.480534 200.000000 -32.480534
 30.800000 -0.985833 0.167730 -0.912771 -0.408472 -1.402270 -1.991576 0.167730 -0.985833 -0.408472 -0.912771 0.064591 25.836375 0.142315 22.332447 200.000000 22.332447 0.001591 0.636293 -0.989821 -12.584145 200.000000 -12.584145 0.004821 1.928266 -0.415415 43.012122 200.000000 43.012122 0.000985 0.394106 -0.909632 -32.480534 200.000000 -32.480534
 31.000000 -0.975279 0.220975 -0.914877 -0.403733 -1.347982 -1.986389 0.220975 -0.975279 -0.403733 -0.914877 0.618746 247.498565 0.142315 22.332447 200.000000 22.332447 0.021147 8.458827 -0.989821 -12.584145 200.000000 -12.584145 0.013648 5.459130 -0.415415 43.012122 200.000000 43.012122 0.002751 1.100413 -0.909632 -32.480534 200.000000 -32.480534
 31.200000 -0.995747 0.092125 -0.876297 -0.481771 -1.478540 -2.073471 0.092125 -0.995747 -0.481771 -0.876297 0.251902 100.760648 0.142315 22.332447 200.000000 22.332447 0.003512 1.404701 -0.989821 -12.584145 200.000000 -12.584145 0.440310 176.123946 -0.415415 43.012122 200.000000 43.012122 0.111121 44.448261 -0.909632 -32.480534 200.000000 -32.480534
 31.400000 -0.992282 0.124004 -0.910087 -0.414418 -1.446473 -1.998099 0.124004 -0.992282 -0.414418 -0.910087 0.033530 13.411925 0.142315 22.332447 200.000000 22.332447 0.000605 0.242126 -0.989821 -12.584145 200.000000 -12.584145 0.000099 0.039772 -0.415415 43.012122 200.000000 43.012122 0.000021 0.008271 -0.909632 -32.480534 200.000000 -32.480534
 31.600000 -0.993411 0.114605 -0.906277 -0.422685 -1.455939 -2.007202 0.114605 -0.993411 -0.422685 -0.906277 0.076785 30.714016 0.142315 22.332447 200.000000 22.332447 0.001289 0.515447 -0.989821 -12.584145 200.000000 -12.584145 0.005285 2.114083 -0.415415 43.012122 200.000000 43.012122 0.001126 0.450325 -0.909632 -32.480534 200.000000 -32.480534
 31.800000 -0.996454 0.084144 -0.860990 -0.508622 -1.486553 -2.104380 0.084144 -0.996454 -0.508622 -0.860990 0.338389 135.355590 0.142315 22.332447 200.000000 22.332447 0.004399 1.759440 -0.989821 -12.584145 200.000000 -12.584145 0.868758 347.503114 -0.415415 43.012122 200.000000 43.012122 0.236606 94.642454 -0.909632 -32.480534 200.000000 -32.480534
 32.000000 -0.989854 0.142089 -0.889866 -0.456222 -1.428224 -2.044542 0.142089 -0.989854 -0.456222 -0.889866 0.000005 0.002033 0.142315 22.332447 200.000000 22.332447 0.000000 0.000042 -0.989821 -12.584145 200.000000 -12.584145 0.166523 66.609261 -0.415415 43.012122 200.000000 43.012122 0.039070 15.628005 -0.909632 -32.480534 200.000000 -32.480534
 32.200000 -0.993162 0.116742 -0.919216 -0.393753 -1.453787 -1.975508 0.116742 -0.993162 -0.393753 -0.919216 0.065396 26.158318 0.142315 22.332447 200.000000 22.332447 0.001116 0.446439 -0.989821 -12.584145 200.000000 -12.584145 0.046923 18.769181 -0.415415 43.012122 200.000000 43.012122 0.009186 3.674242 -0.909632 -32.480534 200.000000 -32.480534
 32.400000 -0.995114 0.098729 -0.916432 -0.400190 -1.471906 -1.982521 0.098729 -0.995114 -0.400190 -0.916432 0.189970 75.987932 0.142315 22.332447 200.000000 22.332447 0.002801 1.120585 -0.989821 -12.584145 200.000000 -12.584145 0.023180 9.272020 -0.415415 43.012122 200.000000 43.012122 0.004624 1.849703 -0.909632 -32.480534 200.000000 -32.480534
 32.600000 -0.992736 0.120315 -0.895780 -0.444497 -1.450190 -2.031409 0.120315 -0.992736 -0.444497 -0.895780 0.048401 19.360510 0.142315 22.332447 200.000000 22.332447 0.000849 0.339744 -0.989821 -12.584145 200.000000 -12.584145 0.084578 33.831238 -0.415415 43.012122 200.000000 43.012122 0.019187 7.674914 -0.909632 -32.480534 200.000000 -32.480534
 32.800000 -0.982715 0.185123 -0.901724 -0.432311 -1.384600 -2.017851 0.185123 -0.982715 -0.432311 -0.901724 0.183251 73.300422 0.142315 22.332447 200.000000 22.332447 0.005050 2.019822 -0.989821 -12.584145 200.000000 -12.584145 0.028548 11.419348 -0.415415 43.012122 200.000000 43.012122 0.006253 2.501179 -0.909632 -32.480534 200.000000 -32.480534
 33.000000 -0.984290 0.176560 -0.925894 -0.377783 -1.393306 -1.958197 0.176560 -0.984290 -0.377783 -0.925894 0.117270 46.908124 0.142315 22.332447 200.000000 22.332447 0.003060 1.223895 -0.989821 -12.584145 200.000000 -12.584145 0.141615 56.645852 -0.415415 43.012122 200.000000 43.012122 0.026445 10.578171 -0.909632 -32.480534 200.000000 -32.480534
 33.200000 -0.992563 0.121731 -0.844841 -0.535017 -1.448763 -2.135324 0.121731 -0.992563 -0.535017 -0.844841 0.042370 16.947868 0.142315 22.332447 200.000000 22.332447 0.000752 0.300675 -0.989821 -12.584145 200.000000 -12.584145 1.430467 572.186695 -0.415415 43.012122 200.000000 43.012122 0.419785 167.913847 -0.909632 -32.480534 200.000000 -32.480534
 33.400000 -0.992993 0.118175 -0.929595 -0.368581 -1.452344 -1.948279 0.118175 -0.992993 -0.368581 -0.929595 0.058273 23.309099 0.142315 22.332447 200.000000 22.332447 0.001006 0.402294 -0.989821 -12.584145 200.000000 -12.584145 0.219338 87.735388 -0.415415 43.012122 200.000000 43.012122 0.039854 15.941607 -0.909632 -32.480534 200.000000 -32.480534
 33.600000 -0.990904 0.134574 -0.953811 -0.300406 -1.435813 -1.875915 0.134574 -0.990904 -0.300406 -0.953811 0.005992 2.396775 0.142315 22.332447 200.000000 22.332447 0.000117 0.046837 -0.989821 -12.584145 200.000000 -12.584145 1.322709 529.083642 -0.415415 43.012122 200.000000 43.012122 0.195182 78.072968 -0.909632 -32.480534 200.000000 -32.480534
 33.800000 -0.998022 0.062861 -0.891802 -0.452425 -1.507894 -2.040279 0.062861 -0.998022 -0.452425 -0.891802 0.631291 252.516359 0.142315 22.332447 200.000000 22.332447 0.006725 2.690157 -0.989821 -12.584145 200.000000 -12.584145 0.136975 54.789992 -0.415415 43.012122 200.000000 43.012122 0.031790 12.715804 -0.909632 -32.480534 200.000000 -32.480534
 34.000000 -0.998631 0.052305 -0.906950 -0.421239 -1.518468 -2.005607 0.052305 -0.998631 -0.421239 -0.906950 0.810183 324.073266 0.142315 22.332447 200.000000 22.332447 0.007761 3.104455 -0.989821 -12.584145 200.000000 -12.584145 0.003392 1.356769 -0.415415 43.012122 200.000000 43.012122 0.000719 0.287798 -0.909632 -32.480534 200.000000 -32.480534
 34.200000 -0.996951 0.078031 -0.907320 -0.420441 -1.492685 -2.004728 0.078031 -0.996951 -0.420441 -0.907320 0.413235 165.294046 0.142315 22.332447 200.000000 22.332447 0.005083 2.033165 -0.989821 -12.584145 200.000000 -12.584145 0.002526 1.010478 -0.415415 43.012122 200.000000 43.012122 0.000535 0.213847 -0.909632 -32.480534 200.000000 -32.480534
 34.400000 -0.998521 0.054359 -0.862162 -0.506633 -1.516411 -2.102071 0.054359 -0.998521 -0.506633 -0.862162 0.773630 309.452113 0.142315 22.332447 200.000000 22.332447 0.007569 3.027626 -0.989821 -12.584145 200.000000 -12.584145 0.832071 332.828466 -0.415415 43.012122 200.000000 43.012122 0.225341 90.136587 -0.909632 -32.480534 200.000000 -32.480534
 34.600000 -0.990316 0.138833 -0.864006 -0.503482 -1.431513 -2.098420 0.138833 -0.990316 -0.503482 -0.864006 0.001212 0.484809 0.142315 22.332447 200.000000 22.332447 0.000024 0.009774 -0.989821 -12.584145 200.000000 -12.584145 0.775578 310.231005 -0.415415 43.012122 200.000000 43.012122 0.208175 83.270068 -0.909632 -32.480534 200.000000 -32.480534
 34.800000 -0.976780 0.214246 -0.892361 -0.451323 -1.354877 -2.039043 0.214246 -0.976780 -0.451323 -0.892361 0.517403 206.961254 0.142315 22.332447 200.000000 22.332447 0.017008 6.803348 -0.989821 -12.584145 200.000000 -12.584145 0.128936 51.574389 -0.415415 43.012122 200.000000 43.012122 0.029829 11.931728 -0.909632 -32.480534 200.000000 -32.480534
 35.000000 -0.991319 0.131476 -0.919676 -0.392678 -1.438939 -1.974338 0.131476 -0.991319 -0.392678 -0.919676 0.011749 4.699477 0.142315 22.332447 200.000000 22.332447 0.000224 0.089754 -0.989821 -12.584145 200.000000 -12.584145 0.051697 20.678823 -0.415415 43.012122 200.000000 43.012122 0.010088 4.035291 -0.909632 -32.480534 200.000000 -32.480534
 35.200000 -0.999551 0.029958 -0.876652 -0.481124 -1.540834 -2.072733 0.029958 -0.999551 -0.481124 -0.876652 1.262402 504.960848 0.142315 22.332447 200.000000 22.332447 0.009467 3.786691 -0.989821 -12.584145 200.000000 -12.584145 0.431771 172.708254 -0.415415 43.012122 200.000000 43.012122 0.108765 43.506138 -0.909632 -32.480534 200.000000 -32.480534
 35.400000 -0.988939 0.148324 -0.950024 -0.312178 -1.421923 -1.888281 0.148324 -0.988939 -0.312178 -0.950024 0.003611 1.444373 0.142315 22.332447 200.000000 22.332447 0.000078 0.031160 -0.989821 -12.584145 200.000000 -12.584145 1.065792 426.316953 -0.415415 43.012122 200.000000 43.012122 0.163149 65.259585 -0.909632 -32.480534 200.000000 -32.480534
 35.600000 -0.986169 0.165741 -0.947063 -0.321048 -1.404287 -1.897632 0.165741 -0.986169 -0.321048 -0.947063 0.054877 21.950894 0.142315 22.332447 200.000000 22.332447 0.001334 0.533507 -0.989821 -12.584145 200.000000 -12.584145 0.890512 356.204688 -0.415415 43.012122 200.000000 43.012122 0.140107 56.042891 -0.909632 -32.480534 200.000000 -32.480534
 35.800000 -0.987651 0.156667 -0.886123 -0.463451 -1.413481 -2.052682 0.156667 -0.987651 -0.463451 -0.886123 0.020599 8.239433 0.142315 22.332447 200.000000 22.332447 0.000471 0.188350 -0.989821 -12.584145 200.000000 -12.584145 0.230746 92.298417 -0.415415 43.012122 200.000000 43.012122 0.055270 22.107809 -0.909632 -32.480534 200.000000 -32.480534
 36.000000 -0.980497 0.196536 -0.934397 -0.356233 -1.372972 -1.935029 0.196536 -0.980497 -0.356233 -0.934397 0.293998 117.599022 0.142315 22.332447 200.000000 22.332447 0.008695 3.478157 -0.989821 -12.584145 200.000000 -12.584145 0.350253 140.101350 -0.415415 43.012122 200.000000 43.012122 0.061332 24.532679 -0.909632 -32.480534 200.000000 -32.480534
 36.200000 -0.988424 0.151716 -0.954281 -0.298910 -1.418492 -1.874347 0.151716 -0.988424 -0.298910 -0.954281 0.008838 3.535194 0.142315 22.332447 200.000000 22.332447 0.000195 0.078098 -0.989821 -12.584145 200.000000 -12.584145 1.357342 542.936750 -0.415415 43.012122 200.000000 43.012122 0.199356 79.742443 -0.909632 -32.480534 200.000000 -32.480534
 36.400000 -0.997487 0.070850 -0.878610 -0.477540 -1.499887 -2.068649 0.070850 -0.997487 -0.477540 -0.878610 0.510717 204.286890 0.142315 22.332447 200.000000 22.332447 0.005876 2.350404 -0.989821 -12.584145 200.000000 -12.584145 0.385953 154.381033 -0.415415 43.012122 200.000000 43.012122 0.096237 38.494673 -0.909632 -32.480534 200.000000 -32.480534
 36.600000 -0.983042 0.183379 -0.896713 -0.442613 -1.386374 -2.029307 0.183379 -0.983042 -0.442613 -0.896713 0.168627 67.450636 0.142315 22.332447 200.000000 22.332447 0.004596 1.838277 -0.989821 -12.584145 200.000000 -12.584145 0.073975 29.590132 -0.415415 43.012122 200.000000 43.012122 0.016691 6.676504 -0.909632 -32.480534 200.000000 -32.480534
 36.800000 -0.995588 0.093828 -0.948244 -0.317543 -1.476830 -1.893933 0.093828 -0.995588 -0.317543 -0.948244 0.235095 94.037845 0.142315 22.332447 200.000000 22.332447 0.003326 1.330310 -0.989821 -12.584145 200.000000 -12.584145 0.957895 383.158092 -0.415415 43.012122 200.000000 43.012122 0.149088 59.635197 -0.909632 -32.480534 200.000000 -32.480534
 37.000000 -0.997993 0.063329 -0.864377 -0.502845 -1.507425 -2.097683 0.063329 -0.997993 -0.502845 -0.864377 0.623874 249.549472 0.142315 22.332447 200.000000 22.332447 0.006677 2.670774 -0.989821 -12.584145 200.000000 -12.584145 0.764394 305.757586 -0.415415 43.012122 200.000000 43.012122 0.204803 81.921275 -0.909632 -32.480534 200.000000 -32.480534
 37.200000 -0.999607 0.028027 -0.866276 -0.499566 -1.542766 -2.093894 0.028027 -0.999607 -0.499566 -0.866276 1.306168 522.467250 0.142315 22.332447 200.000000 22.332447 0.009576 3.830413 -0.989821 -12.584145 200.000000 -12.584145 0.708144 283.257476 -0.415415 43.012122 200.000000 43.012122 0.187977 75.190861 -0.909632 -32.480534 200.000000 -32.480534
 37.400000 -0.984512 0.175318 -0.904444 -0.426592 -1.394568 -2.011518 0.175318 -0.984512 -0.426592 -0.904444 0.108921 43.568368 0.142315 22.332447 200.000000 22.332447 0.002819 1.127668 -0.989821 -12.584145 200.000000 -12.584145 0.012493 4.997398 -0.415415 43.012122 200.000000 43.012122 0.002692 1.076626 -0.909632 -32.480534 200.000000 -32.480534
 37.600000 -0.989534 0.144302 -0.883152 -0.469088 -1.425989 -2.059054 0.144302 -0.989534 -0.469088 -0.883152 0.000395 0.157923 0.142315 22.332447 200.000000 22.332447 0.000008 0.003311 -0.989821 -12.584145 200.000000 -12.584145 0.288075 115.229941 -0.415415 43.012122 200.000000 43.012122 0.070121 28.048384 -0.909632 -32.480534 200.000000 -32.480534
