#! FIELDS time sin_phi cos_phi sin_psi cos_psi phi psi cos_phi sin_phi cos_psi sin_psi restraint_phi_cos.bias restraint_phi_cos.force2 restraint_phi_cos.cos_phi_cntr restraint_phi_cos.cos_phi_work restraint_phi_cos.cos_phi_kappa restraint_phi_cos.work restraint_phi_sin.bias restraint_phi_sin.force2 restraint_phi_sin.sin_phi_cntr restraint_phi_sin.sin_phi_work restraint_phi_sin.sin_phi_kappa restraint_phi_sin.work restraint_psi_cos.bias restraint_psi_cos.force2 restraint_psi_cos.cos_psi_cntr restraint_psi_cos.cos_psi_work restraint_psi_cos.cos_psi_kappa restraint_psi_cos.work restraint_psi_sin.bias restraint_psi_sin.force2 restraint_psi_sin.sin_psi_cntr restraint_psi_sin.sin_psi_work restraint_psi_sin.sin_psi_kappa restraint_psi_sin.work
#! SET min_phi -pi
#! SET max_phi pi
#! SET min_psi -pi
#! SET max_psi pi
 0.000000 -0.999983 -0.005782 0.966116 0.258110 -1.576579 1.309731 -0.005782 -0.999983 0.258110 0.966116 0.000000 0.000000 1.000000 0.000000 0.000000 0.000000 0.000000 0.000000 0.000000 0.000000 0.000000 0.000000 0.000000 0.000000 1.000000 0.000000 0.000000 0.000000 0.000000 0.000000 0.000000 0.000000 0.000000 0.000000
 0.200000 -0.992318 0.123711 0.651177 0.758926 -1.446768 0.709134 0.123711 -0.992318 0.758926 0.651177 0.000000 0.000000 1.000000 0.000000 0.000000 0.000000 0.000000 0.000000 0.000000 0.000000 0.000000 0.000000 0.000000 0.000000 1.000000 0.000000 0.000000 0.000000 0.000000 0.000000 0.000000 0.000000 0.000000 0.000000
 0.400000 -0.961266 0.275622 0.530288 0.847817 -1.291559 0.558941 0.275622 -0.961266 0.847817 0.530288 0.000000 0.000000 1.000000 0.000000 0.000000 0.000000 0.000000 0.000000 0.000000 0.000000 0.000000 0.000000 0.000000 0.000000 1.000000 0.000000 0.000000 0.000000 0.000000 0.000000 0.000000 0.000000 0.000000 0.000000
 0.600000 -0.964668 0.263470 0.974191 0.225724 -1.304179 1.343111 0.263470 -0.964668 0.225724 0.974191 0.000000 0.000000 1.000000 0.000000 0.000000 0.000000 0.000000 0.000000 0.000000 0.000000 0.000000 0.000000 0.000000 0.000000 1.000000 0.000000 0.000000 0.000000 0.000000 0.000000 0.000000 0.000000 0.000000 0.000000
 0.800000 -0.999801 0.019934 0.982355 0.187025 -1.550861 1.382663 0.019934 -0.999801 0.187025 0.982355 0.000000 0.000000 1.000000 0.000000 0.000000 0.000000 0.000000 0.000000 0.000000 0.000000 0.000000 0.000000 0.000000 0.000000 1.000000 0.000000 0.000000 0.000000 0.000000 0.000000 0.000000 0.000000 0.000000 0.000000
 1.000000 -0.999595 0.028448 0.659832 0.751413 -1.542345 0.720595 0.028448 -0.999595 0.751413 0.659832 0.000000 0.000000 1.000000 0.000000 0.000000 0.000000 0.000000 0.000000 0.000000 0.000000 0.000000 0.000000 0.000000 0.000000 1.000000 0.000000 0.000000 0.000000 0.000000 0.000000 0.000000 0.000000 0.000000 0.000000
 1.200000 -0.523337 0.852126 -0.267996 0.963420 -0.550763 -0.271313 0.852126 -0.523337 0.963420 -0.267996 0.218668 8.746724 1.000000 4.924676 20.000000 4.924676 2.738818 109.552721 0.000000 7.202907 20.000000 7.202907 0.013381 0.535240 1.000000 0.201922 20.000000 0.201922 0.718220 28.728808 0.000000 1.668522 20.000000 1.668522
 1.400000 0.151769 0.988416 0.008803 0.999961 0.152358 0.008803 0.988416 0.151769 0.999961 0.008803 0.002684 0.214702 1.000000 4.977587 40.000000 4.977587 0.460675 36.854037 0.000000 8.361116 40.000000 8.361116 0.000000 0.000002 1.000000 0.226016 40.000000 0.226016 0.001550 0.123992 0.000000 2.416413 40.000000 2.416413
 1.600000 0.303346 0.952881 -0.214685 0.976683 0.308202 -0.216370 0.952881 0.303346 0.976683 -0.214685 0.066607 7.992877 1.000000 4.988918 60.000000 4.988918 2.760560 331.267251 0.000000 8.907892 60.000000 8.907892 0.016310 1.957213 1.000000 0.229927 60.000000 0.229927 1.382694 165.923319 0.000000 2.705398 60.000000 2.705398
 1.800000 -0.090985 0.995852 0.066053 0.997816 -0.091111 0.066101 0.995852 -0.090985 0.997816 0.066053 0.000688 0.110102 1.000000 4.992377 80.000000 4.992377 0.331127 52.980383 0.000000 9.205546 80.000000 9.205546 0.000191 0.030524 1.000000 0.230389 80.000000 0.230389 0.174520 27.923144 0.000000 2.779924 80.000000 2.779924
 2.000000 -0.266080 0.963951 0.072661 0.997357 -0.269324 0.072725 0.963951 -0.266080 0.997357 0.072661 0.064976 12.995266 1.000000 4.993496 100.000000 4.993496 3.539918 707.983673 0.000000 9.347121 100.000000 9.347121 0.000349 0.069869 1.000000 0.231416 100.000000 0.231416 0.263978 52.795693 0.000000 2.907307 100.000000 2.907307
 2.200000 -0.080140 0.996784 -0.154553 0.987984 -0.080226 -0.155175 0.996784 -0.080140 0.987984 -0.154553 0.000621 0.148970 1.000000 4.994917 120.000000 4.994917 0.385345 92.482909 0.000000 9.475784 120.000000 9.475784 0.008662 2.078966 1.000000 0.231836 120.000000 0.231836 1.433200 343.967953 0.000000 2.993694 120.000000 2.993694
 2.400000 0.044667 0.999002 -0.093595 0.995610 0.044682 -0.093732 0.999002 0.044667 0.995610 -0.093595 0.000070 0.019524 1.000000 4.998059 140.000000 4.998059 0.139660 39.104719 0.000000 9.672366 140.000000 9.672366 0.001349 0.377668 1.000000 0.232655 140.000000 0.232655 0.613198 171.695451 0.000000 3.117438 140.000000 3.117438
 2.600000 -0.113503 0.993538 0.000918 1.000000 -0.113748 0.000918 0.993538 -0.113503 1.000000 0.000918 0.003341 1.069103 1.000000 4.998217 160.000000 4.998217 1.030634 329.802753 0.000000 9.722387 160.000000 9.722387 0.000000 0.000000 1.000000 0.232813 160.000000 0.232813 0.000067 0.021563 0.000000 3.169724 160.000000 3.169724
 2.800000 -0.009796 0.999952 -0.037832 0.999284 -0.009797 -0.037841 0.999952 -0.009796 0.999284 -0.037832 0.000000 0.000075 1.000000 4.998378 180.000000 4.998378 0.008637 3.109428 0.000000 9.775342 180.000000 9.775342 0.000046 0.016606 1.000000 0.232985 180.000000 0.232985 0.128816 46.373937 0.000000 3.222536 180.000000 3.222536
 3.000000 0.072890 0.997340 -0.073600 0.997288 0.072954 -0.073666 0.997340 0.072890 0.997288 -0.073600 0.000708 0.283021 1.000000 4.998579 200.000000 4.998579 0.531289 212.515740 0.000000 9.831728 200.000000 9.831728 0.000736 0.294226 1.000000 0.233078 200.000000 0.233078 0.541691 216.676285 0.000000 3.259799 200.000000 3.259799
 3.200000 -0.008006 0.999968 0.049902 0.998754 -0.008006 0.049923 0.999968 -0.008006 0.998754 0.049902 0.522121 208.848398 0.927710 5.489903 200.000000 5.489903 0.117769 47.107554 0.026311 9.811321 200.000000 9.811321 0.447828 179.131396 0.931834 0.678459 200.000000 0.678459 0.169767 67.906692 0.008699 3.249828 200.000000 3.249828
 3.400000 0.101656 0.994820 0.099978 0.994990 0.101832 0.100145 0.994820 0.101656 0.994990 0.099978 1.943225 777.289856 0.855420 7.031646 200.000000 7.031646 0.240425 96.170039 0.052623 9.978006 200.000000 9.978006 1.724532 689.812720 0.863668 2.042791 200.000000 2.042791 0.681930 272.772045 0.017399 3.264433 200.000000 3.264433
 3.600000 0.229245 0.973369 0.096809 0.995303 0.231302 0.096961 0.973369 0.229245 0.995303 0.096809 3.619078 1447.631026 0.783130 9.490418 200.000000 9.490418 2.259332 903.732718 0.078934 9.595614 200.000000 9.595614 3.992027 1596.810972 0.795502 4.348564 200.000000 4.348564 0.500008 200.003149 0.026098 3.294632 200.000000 3.294632
 3.800000 0.273070 0.961994 0.083083 0.996543 0.276583 0.083179 0.961994 0.273070 0.996543 0.083083 6.307844 2523.137764 0.710840 12.863225 200.000000 12.863225 2.816491 1126.596205 0.105246 9.125608 200.000000 9.125608 7.247192 2898.876992 0.727337 7.547137 200.000000 7.547137 0.233155 93.261849 0.034797 3.282767 200.000000 3.282767
 4.000000 0.297615 0.954686 0.077876 0.996963 0.302194 0.077955 0.954686 0.297615 0.996963 0.077876 9.994191 3997.676248 0.638550 17.305310 200.000000 17.305310 2.757528 1103.011130 0.131557 8.819269 200.000000 8.819269 11.410371 4564.148511 0.659171 11.682585 200.000000 11.682585 0.118196 47.278313 0.043496 3.228540 200.000000 3.228540
 4.200000 0.485480 0.874248 0.194129 0.980976 0.506912 0.195370 0.874248 0.485480 0.980976 0.194129 9.485640 3794.256064 0.566260 22.179360 200.000000 22.179360 10.732940 4293.175886 0.157868 7.825311 200.000000 7.825311 15.207749 6083.099657 0.591005 16.696807 200.000000 16.696807 2.014522 805.808676 0.052196 3.196396 200.000000 3.196396
 4.400000 0.517738 0.855540 0.157389 0.987537 0.544204 0.158046 0.855540 0.517738 0.987537 0.157389 13.073245 5229.298193 0.493970 27.832970 200.000000 27.832970 11.126074 4450.429618 0.184180 6.723116 200.000000 6.723116 21.594402 8637.760803 0.522839 22.654113 200.000000 22.654113 0.931112 372.444886 0.060895 3.167084 200.000000 3.167084
 4.600000 0.631351 0.775497 0.064029 0.997948 0.683294 0.064073 0.775497 0.631351 0.997948 0.064029 12.518640 5007.455962 0.421680 34.054565 200.000000 34.054565 17.712317 7084.926774 0.210491 5.442429 200.000000 5.442429 29.514775 11805.909910 0.454673 29.500177 200.000000 29.500177 0.003097 1.238935 0.069594 3.089315 200.000000 3.089315
 4.800000 0.633922 0.773397 0.079027 0.996872 0.686614 0.079109 0.773397 0.633922 0.996872 0.079027 17.978181 7191.272506 0.349390 39.846113 200.000000 39.846113 15.770382 6308.152883 0.236803 3.405466 200.000000 3.405466 37.254583 14901.833083 0.386507 37.167413 200.000000 37.167413 0.000054 0.021519 0.078293 2.915680 200.000000 2.915680
 5.000000 0.680287 0.732945 0.284801 0.958587 0.748155 0.288799 0.732945 0.680287 0.958587 0.284801 20.779492 8311.796605 0.277100 46.484971 200.000000 46.484971 17.403368 6961.347360 0.263114 1.463981 200.000000 1.463981 40.991419 16396.567461 0.318341 45.718669 200.000000 45.718669 3.912807 1565.122669 0.086993 2.764189 200.000000 2.764189
 5.200000 0.754618 0.656164 0.304895 0.952386 0.855072 0.309828 0.656164 0.754618 0.952386 0.304895 20.372039 8148.815441 0.204810 52.188667 200.000000 52.188667 21.640435 8656.174168 0.289425 -1.108546 200.000000 -1.108546 49.309955 19723.982073 0.250175 55.103595 200.000000 55.103595 4.376600 1750.640061 0.095692 2.542408 200.000000 2.542408
 5.400000 0.873281 0.487218 0.338126 0.941101 1.061896 0.344925 0.487218 0.873281 0.941101 0.338126 12.581024 5032.409475 0.132520 57.617417 200.000000 57.617417 31.085509 12434.203440 0.315737 -3.901092 200.000000 -3.901092 57.621942 23048.776894 0.182010 64.516700 200.000000 64.516700 5.463208 2185.283364 0.104391 1.995545 200.000000 1.995545
 5.600000 0.963262 0.268562 0.554887 0.831925 1.298896 0.588228 0.268562 0.963262 0.831925 0.554887 4.340218 1736.087024 0.060230 62.389899 200.000000 62.389899 38.590700 15436.280124 0.342048 -6.906972 200.000000 -6.906972 51.564141 20625.656267 0.113844 75.082575 200.000000 75.082575 19.518451 7807.380388 0.113091 1.572167 200.000000 1.572167
 5.800000 0.937650 0.347580 0.766060 0.642769 1.215807 0.872689 0.347580 0.937650 0.642769 0.766060 12.934101 5173.640251 -0.012060 65.012286 200.000000 65.012286 32.409176 12963.670370 0.368360 -10.166374 200.000000 -10.166374 35.651768 14260.707362 0.045678 82.618527 200.000000 82.618527 41.508435 16603.373814 0.121790 0.451491 200.000000 0.451491
 6.000000 0.995856 -0.090946 0.970788 0.239938 1.661868 1.328495 -0.090946 0.995856 0.239938 0.970788 0.004350 1.740169 -0.084350 67.467034 200.000000 67.467034 36.142316 14456.926284 0.394671 -13.360227 200.000000 -13.360227 6.886728 2754.691101 -0.022488 89.150465 200.000000 89.150465 70.610276 28244.110394 0.130489 -0.834752 200.000000 -0.834752
 6.200000 0.933429 -0.358761 0.360769 -0.932655 1.937737 2.772501 -0.358761 0.933429 -0.932655 0.360769 4.085314 1634.125755 -0.156640 65.568084 200.000000 65.568084 26.260174 10504.069511 0.420982 -16.289486 200.000000 -16.289486 70.896642 28358.656782 -0.090654 84.132030 200.000000 84.132030 4.909778 1963.911398 0.139188 -1.993741 200.000000 -1.993741
 6.400000 0.919894 -0.392168 0.865766 -0.500450 1.973783 2.094914 -0.392168 0.919894 -0.500450 0.865766 2.664659 1065.863434 -0.228930 63.721616 200.000000 63.721616 22.335066 8934.026292 0.447294 -18.974899 200.000000 -18.974899 11.671093 4668.437026 -0.158820 75.590826 200.000000 75.590826 51.534887 20613.954882 0.147888 -2.783135 200.000000 -2.783135
 6.600000 0.854137 -0.520048 0.304659 -0.952462 2.117703 2.832013 -0.520048 0.854137 -0.952462 0.304659 4.788568 1915.427376 -0.301220 60.944666 200.000000 60.944666 14.480452 5792.180636 0.473605 -21.210018 200.000000 -21.210018 52.631527 21052.610748 -0.226986 67.446651 200.000000 67.446651 2.192527 877.010897 0.156587 -3.454729 200.000000 -3.454729
 6.800000 0.774491 -0.632585 0.500544 -0.865711 2.255683 2.617365 -0.632585 0.774491 -0.865711 0.500544 6.711991 2684.796397 -0.373510 56.244525 200.000000 56.244525 7.539107 3015.642615 0.499917 -22.565479 200.000000 -22.565479 32.553806 13021.522480 -0.295152 59.776908 200.000000 59.776908 11.239795 4495.917841 0.165286 -4.113835 200.000000 -4.113835
 7.000000 0.714884 -0.699243 0.387319 -0.921946 2.345134 2.743870 -0.699243 0.714884 -0.921946 0.387319 6.423337 2569.334929 -0.445800 53.536411 200.000000 53.536411 3.559114 1423.645662 0.526228 -24.065130 200.000000 -24.065130 31.206542 12482.616962 -0.363317 51.588661 200.000000 51.588661 4.551139 1820.455481 0.173985 -4.438921 200.000000 -4.438921
 7.200000 0.651060 -0.759027 0.257243 -0.966347 2.432613 2.881424 -0.759027 0.651060 -0.966347 0.257243 5.805052 2322.020909 -0.518090 50.168599 200.000000 50.168599 0.970623 388.249121 0.552539 -24.879400 200.000000 -24.879400 28.607880 11443.151805 -0.431483 44.976356 200.000000 44.976356 0.555900 222.360005 0.182685 -4.938124 200.000000 -4.938124
 7.400000 0.674512 -0.738264 0.474482 -0.880265 2.401290 2.647217 -0.738264 0.674512 -0.880265 0.474482 2.186983 874.793360 -0.590380 47.190945 200.000000 47.190945 0.915096 366.038395 0.578851 -25.317483 200.000000 -25.317483 14.486849 5794.739570 -0.499649 38.594840 200.000000 38.594840 8.014459 3205.783799 0.191384 -5.194469 200.000000 -5.194469
 7.600000 0.598139 -0.801392 0.363289 -0.931676 2.500416 2.769797 -0.801392 0.598139 -0.931676 0.363289 1.924393 769.757055 -0.662670 45.274764 200.000000 45.274764 0.004932 1.972968 0.605162 -25.613696 200.000000 -25.613696 13.239510 5295.803809 -0.567815 33.024983 200.000000 33.024983 2.663619 1065.447740 0.200083 -5.416457 200.000000 -5.416457
 7.800000 0.579788 -0.814767 0.359038 -0.933323 2.523124 2.774355 -0.814767 0.579788 -0.933323 0.359038 0.636927 254.770812 -0.734960 43.709558 200.000000 43.709558 0.267142 106.856959 0.631474 -25.448739 200.000000 -25.448739 8.841221 3536.488361 -0.635981 28.442515 200.000000 28.442515 2.257681 903.072218 0.208783 -5.652140 200.000000 -5.652140
 8.000000 0.531381 -0.847133 0.358913 -0.933371 2.581362 2.774489 -0.847133 0.531381 -0.933371 0.358913 0.657531 263.012211 -0.766044 43.653957 200.000000 43.653957 1.241134 496.453761 0.642788 -25.472333 200.000000 -25.472333 5.254369 2101.747521 -0.704147 24.521355 200.000000 24.521355 2.000289 800.115412 0.217482 -5.759636 200.000000 -5.759636
 8.200000 0.677889 -0.735164 0.292692 -0.956207 2.396706 2.844551 -0.735164 0.677889 -0.956207 0.292692 0.095358 38.143013 -0.766044 43.653957 200.000000 43.653957 0.123210 49.283822 0.642788 -25.472333 200.000000 -25.472333 3.381701 1352.680346 -0.772313 21.543489 200.000000 21.543489 0.442375 176.949987 0.226181 -5.854992 200.000000 -5.854992
 8.400000 0.616247 -0.787553 0.304906 -0.952383 2.477625 2.831753 -0.787553 0.616247 -0.952383 0.304906 0.046263 18.505151 -0.766044 43.653957 200.000000 43.653957 0.070442 28.176996 0.642788 -25.472333 200.000000 -25.472333 1.252252 500.900732 -0.840479 19.503107 200.000000 19.503107 0.490353 196.141389 0.234880 -5.957018 200.000000 -5.957018
 8.600000 0.557577 -0.830125 0.289458 -0.957191 2.550129 2.847932 -0.830125 0.557577 -0.957191 0.289458 0.410637 164.254638 -0.766044 43.653957 200.000000 43.653957 0.726089 290.435453 0.642788 -25.472333 200.000000 -25.472333 0.235675 94.269917 -0.908644 18.256967 200.000000 18.256967 0.210482 84.192715 0.243580 -5.980494 200.000000 -5.980494
 8.800000 0.523561 -0.851988 0.182843 -0.983142 2.590567 2.957716 -0.851988 0.523561 -0.983142 0.182843 0.738628 295.451023 -0.766044 43.653957 200.000000 43.653957 1.421487 568.594647 0.642788 -25.472333 200.000000 -25.472333 0.023084 9.233695 -0.967949 17.908374 200.000000 17.908374 0.466563 186.625047 0.251148 -5.985211 200.000000 -5.985211
 9.000000 0.568762 -0.822502 0.174116 -0.984725 2.536592 2.966585 -0.822502 0.568762 -0.984725 0.174116 0.318744 127.497588 -0.766044 43.653957 200.000000 43.653957 0.547973 219.189132 0.642788 -25.472333 200.000000 -25.472333 0.028145 11.257946 -0.967949 17.908374 200.000000 17.908374 0.593391 237.356520 0.251148 -5.985211 200.000000 -5.985211
 9.200000 0.596376 -0.802705 0.195559 -0.980692 2.502613 2.944766 -0.802705 0.596376 -0.980692 0.195559 0.134399 53.759720 -0.766044 43.653957 200.000000 43.653957 0.215400 86.160178 0.642788 -25.472333 200.000000 -25.472333 0.016239 6.495674 -0.967949 17.908374 200.000000 17.908374 0.309017 123.606977 0.251148 -5.985211 200.000000 -5.985211
 9.400000 0.551962 -0.833869 0.303753 -0.952751 2.556877 2.832964 -0.833869 0.551962 -0.952751 0.303753 0.460019 184.007715 -0.766044 43.653957 200.000000 43.653957 0.824926 329.970558 0.642788 -25.472333 200.000000 -25.472333 0.023097 9.238952 -0.967949 17.908374 200.000000 17.908374 0.276727 110.690643 0.251148 -5.985211 200.000000 -5.985211
 9.600000 0.599791 -0.800157 0.263091 -0.964771 2.498353 2.875368 -0.800157 0.599791 -0.964771 0.263091 0.116366 46.546396 -0.766044 43.653957 200.000000 43.653957 0.184873 73.949235 0.642788 -25.472333 200.000000 -25.472333 0.001010 0.403900 -0.967949 17.908374 200.000000 17.908374 0.014263 5.705344 0.251148 -5.985211 200.000000 -5.985211
 9.800000 0.543175 -0.839620 0.275199 -0.961387 2.567379 2.862796 -0.839620 0.543175 -0.961387 0.275199 0.541329 216.531691 -0.766044 43.653957 200.000000 43.653957 0.992268 396.907049 0.642788 -25.472333 200.000000 -25.472333 0.004305 1.722027 -0.967949 17.908374 200.000000 17.908374 0.057843 23.137272 0.251148 -5.985211 200.000000 -5.985211
 10.000000 0.556817 -0.830635 0.326247 -0.945285 2.551044 2.809262 -0.830635 0.556817 -0.945285 0.326247 0.417197 166.878728 -0.766044 43.653957 200.000000 43.653957 0.739095 295.638056 0.642788 -25.472333 200.000000 -25.472333 0.051366 20.546401 -0.967949 17.908374 200.000000 17.908374 0.563983 225.593167 0.251148 -5.985211 200.000000 -5.985211
 10.200000 0.609411 -0.792854 0.266251 -0.963904 2.486275 2.872091 -0.792854 0.609411 -0.963904 0.266251 0.071876 28.750494 -0.766044 43.653957 200.000000 43.653957 0.111397 44.558890 0.642788 -25.472333 200.000000 -25.472333 0.001636 0.654472 -0.967949 17.908374 200.000000 17.908374 0.022810 9.124051 0.251148 -5.985211 200.000000 -5.985211
 10.400000 0.622399 -0.782700 0.206743 -0.978395 2.469789 2.933348 -0.782700 0.622399 -0.978395 0.206743 0.027742 11.096822 -0.766044 43.653957 200.000000 43.653957 0.041571 16.628360 0.642788 -25.472333 200.000000 -25.472333 0.010913 4.365307 -0.967949 17.908374 200.000000 17.908374 0.197183 78.873383 0.251148 -5.985211 200.000000 -5.985211
 10.600000 0.562150 -0.827035 0.187155 -0.982330 2.544609 2.953328 -0.827035 0.562150 -0.982330 0.187155 0.371988 148.795093 -0.766044 43.653957 200.000000 43.653957 0.650241 260.096453 0.642788 -25.472333 200.000000 -25.472333 0.020683 8.273394 -0.967949 17.908374 200.000000 17.908374 0.409514 163.805704 0.251148 -5.985211 200.000000 -5.985211
 10.800000 0.629419 -0.777066 0.264108 -0.964493 2.460787 2.874313 -0.777066 0.629419 -0.964493 0.264108 0.012147 4.858867 -0.766044 43.653957 200.000000 43.653957 0.017871 7.148476 0.642788 -25.472333 200.000000 -25.472333 0.001194 0.477669 -0.967949 17.908374 200.000000 17.908374 0.016797 6.718821 0.251148 -5.985211 200.000000 -5.985211
 11.000000 0.615620 -0.788043 0.250400 -0.968143 2.478420 2.888499 -0.788043 0.615620 -0.968143 0.250400 0.048394 19.357428 -0.766044 43.653957 200.000000 43.653957 0.073807 29.522675 0.642788 -25.472333 200.000000 -25.472333 0.000004 0.001502 -0.967949 17.908374 200.000000 17.908374 0.000056 0.022387 0.251148 -5.985211 200.000000 -5.985211
 11.200000 0.554787 -0.831992 0.269049 -0.963127 2.553486 2.869187 -0.831992 0.554787 -0.963127 0.269049 0.434913 173.965342 -0.766044 43.653957 200.000000 43.653957 0.774410 309.764139 0.642788 -25.472333 200.000000 -25.472333 0.002325 0.930128 -0.967949 17.908374 200.000000 17.908374 0.032044 12.817576 0.251148 -5.985211 200.000000 -5.985211
 11.400000 0.619044 -0.785356 0.306877 -0.951749 2.474067 2.829682 -0.785356 0.619044 -0.951749 0.306877 0.037293 14.917345 -0.766044 43.653957 200.000000 43.653957 0.056374 22.549462 0.642788 -25.472333 200.000000 -25.472333 0.026243 10.497107 -0.967949 17.908374 200.000000 17.908374 0.310576 124.230312 0.251148 -5.985211 200.000000 -5.985211
 11.600000 0.599230 -0.800577 0.182561 -0.983194 2.499054 2.958002 -0.800577 0.599230 -0.983194 0.182561 0.119251 47.700232 -0.766044 43.653957 200.000000 43.653957 0.189729 75.891541 0.642788 -25.472333 200.000000 -25.472333 0.023243 9.297321 -0.967949 17.908374 200.000000 17.908374 0.470412 188.164828 0.251148 -5.985211 200.000000 -5.985211
 11.800000 0.646773 -0.762682 0.242784 -0.970080 2.438246 2.896358 -0.762682 0.646773 -0.970080 0.242784 0.001131 0.452203 -0.766044 43.653957 200.000000 43.653957 0.001589 0.635491 0.642788 -25.472333 200.000000 -25.472333 0.000454 0.181782 -0.967949 17.908374 200.000000 17.908374 0.006996 2.798582 0.251148 -5.985211 200.000000 -5.985211
 12.000000 0.474107 -0.880467 0.288291 -0.957543 2.647643 2.849151 -0.880467 0.474107 -0.957543 0.288291 1.309259 523.703654 -0.766044 43.653957 200.000000 43.653957 2.845319 1138.127671 0.642788 -25.472333 200.000000 -25.472333 0.010828 4.331176 -0.967949 17.908374 200.000000 17.908374 0.137957 55.182971 0.251148 -5.985211 200.000000 -5.985211
 12.200000 0.640392 -0.768048 0.327651 -0.944799 2.446584 2.807777 -0.768048 0.640392 -0.944799 0.327651 0.000401 0.160551 -0.766044 43.653957 200.000000 43.653957 0.000574 0.229478 0.642788 -25.472333 200.000000 -25.472333 0.053591 21.436544 -0.967949 17.908374 200.000000 17.908374 0.585268 234.107248 0.251148 -5.985211 200.000000 -5.985211
 12.400000 0.566968 -0.823740 0.172612 -0.984990 2.538772 2.968112 -0.823740 0.566968 -0.984990 0.172612 0.332874 133.149588 -0.766044 43.653957 200.000000 43.653957 0.574858 229.943267 0.642788 -25.472333 200.000000 -25.472333 0.029040 11.616053 -0.967949 17.908374 200.000000 17.908374 0.616787 246.714975 0.251148 -5.985211 200.000000 -5.985211
 12.600000 0.622462 -0.782650 0.255500 -0.966809 2.469709 2.883228 -0.782650 0.622462 -0.966809 0.255500 0.027576 11.030231 -0.766044 43.653957 200.000000 43.653957 0.041315 16.525863 0.642788 -25.472333 200.000000 -25.472333 0.000130 0.051951 -0.967949 17.908374 200.000000 17.908374 0.001894 0.757589 0.251148 -5.985211 200.000000 -5.985211
 12.800000 0.519145 -0.854686 0.219700 -0.975567 2.595742 2.920085 -0.854686 0.519145 -0.975567 0.219700 0.785734 314.293574 -0.766044 43.653957 200.000000 43.653957 1.528745 611.498104 0.642788 -25.472333 200.000000 -25.472333 0.005804 2.321783 -0.967949 17.908374 200.000000 17.908374 0.098895 39.558140 0.251148 -5.985211 200.000000 -5.985211
 13.000000 0.598347 -0.801237 0.226558 -0.973998 2.500157 2.913050 -0.801237 0.598347 -0.973998 0.226558 0.123854 49.541785 -0.766044 43.653957 200.000000 43.653957 0.197501 79.000235 0.642788 -25.472333 200.000000 -25.472333 0.003659 1.463597 -0.967949 17.908374 200.000000 17.908374 0.060466 24.186575 0.251148 -5.985211 200.000000 -5.985211
 13.200000 0.629104 -0.777321 0.132480 -0.991186 2.461192 3.008723 -0.777321 0.629104 -0.991186 0.132480 0.012716 5.086446 -0.766044 43.653957 200.000000 43.653957 0.018724 7.489481 0.642788 -25.472333 200.000000 -25.472333 0.053996 21.598399 -0.967949 17.908374 200.000000 17.908374 1.408220 563.288033 0.251148 -5.985211 200.000000 -5.985211
 13.400000 0.631326 -0.775518 0.204923 -0.978778 2.458331 2.935208 -0.775518 0.631326 -0.978778 0.204923 0.008974 3.589749 -0.766044 43.653957 200.000000 43.653957 0.013137 5.254968 0.642788 -25.472333 200.000000 -25.472333 0.011728 4.691087 -0.967949 17.908374 200.000000 17.908374 0.213678 85.471080 0.251148 -5.985211 200.000000 -5.985211
 13.600000 0.563842 -0.825882 0.244125 -0.969744 2.542562 2.894975 -0.825882 0.563842 -0.969744 0.244125 0.358059 143.223522 -0.766044 43.653957 200.000000 43.653957 0.623236 249.294332 0.642788 -25.472333 200.000000 -25.472333 0.000322 0.128877 -0.967949 17.908374 200.000000 17.908374 0.004932 1.972678 0.251148 -5.985211 200.000000 -5.985211
 13.800000 0.596503 -0.802611 0.289112 -0.957295 2.502456 2.848293 -0.802611 0.596503 -0.957295 0.289112 0.133711 53.484209 -0.766044 43.653957 200.000000 43.653957 0.214227 85.690832 0.642788 -25.472333 200.000000 -25.472333 0.011350 4.539887 -0.967949 17.908374 200.000000 17.908374 0.144129 57.651483 0.251148 -5.985211 200.000000 -5.985211
 14.000000 0.580985 -0.813914 0.268859 -0.963180 2.521654 2.869385 -0.813914 0.580985 -0.963180 0.268859 0.229152 91.660766 -0.766044 43.653957 200.000000 43.653957 0.381956 152.782456 0.642788 -25.472333 200.000000 -25.472333 0.002274 0.909754 -0.967949 17.908374 200.000000 17.908374 0.031367 12.546675 0.251148 -5.985211 200.000000 -5.985211
 14.200000 0.660087 -0.751189 0.278995 -0.960292 2.420658 2.858845 -0.751189 0.660087 -0.960292 0.278995 0.022069 8.827467 -0.766044 43.653957 200.000000 43.653957 0.029928 11.971138 0.642788 -25.472333 200.000000 -25.472333 0.005862 2.344709 -0.967949 17.908374 200.000000 17.908374 0.077547 31.018818 0.251148 -5.985211 200.000000 -5.985211
 14.400000 0.720165 -0.693803 0.277042 -0.960858 2.337552 2.860879 -0.693803 0.720165 -0.960858 0.277042 0.521887 208.754830 -0.766044 43.653957 200.000000 43.653957 0.598728 239.491275 0.642788 -25.472333 200.000000 -25.472333 0.005028 2.011205 -0.967949 17.908374 200.000000 17.908374 0.067049 26.819686 0.251148 -5.985211 200.000000 -5.985211
 14.600000 0.542198 -0.840251 0.333856 -0.942624 2.568542 2.801202 -0.840251 0.542198 -0.942624 0.333856 0.550658 220.263252 -0.766044 43.653957 200.000000 43.653957 1.011828 404.731185 0.642788 -25.472333 200.000000 -25.472333 0.064133 25.653086 -0.967949 17.908374 200.000000 17.908374 0.684053 273.621333 0.251148 -5.985211 200.000000 -5.985211
 14.800000 0.541597 -0.840638 0.330964 -0.943643 2.569257 2.804268 -0.840638 0.541597 -0.943643 0.330964 0.556422 222.568732 -0.766044 43.653957 200.000000 43.653957 1.023950 409.579920 0.642788 -25.472333 200.000000 -25.472333 0.059075 23.629998 -0.967949 17.908374 200.000000 17.908374 0.637061 254.824339 0.251148 -5.985211 200.000000 -5.985211
 15.000000 0.548533 -0.836129 0.240481 -0.970654 2.560984 2.898731 -0.836129 0.548533 -0.970654 0.240481 0.491180 196.471935 -0.766044 43.653957 200.000000 43.653957 0.888386 355.354502 0.642788 -25.472333 200.000000 -25.472333 0.000732 0.292715 -0.967949 17.908374 200.000000 17.908374 0.011379 4.551432 0.251148 -5.985211 200.000000 -5.985211
 15.200000 0.607014 -0.794691 0.190767 -0.981635 2.489295 2.949649 -0.794691 0.607014 -0.981635 0.190767 0.082064 32.825454 -0.766044 43.653957 200.000000 43.653957 0.127976 51.190260 0.642788 -25.472333 200.000000 -25.472333 0.018732 7.492876 -0.967949 17.908374 200.000000 17.908374 0.364581 145.832419 0.251148 -5.985211 200.000000 -5.985211
 15.400000 0.562875 -0.826542 0.176320 -0.984333 2.543732 2.964346 -0.826542 0.562875 -0.984333 0.176320 0.365993 146.397360 -0.766044 43.653957 200.000000 43.653957 0.638598 255.439104 0.642788 -25.472333 200.000000 -25.472333 0.026844 10.737703 -0.967949 17.908374 200.000000 17.908374 0.559924 223.969746 0.251148 -5.985211 200.000000 -5.985211
 15.600000 0.490600 -0.871385 0.193588 -0.981083 2.628815 2.946775 -0.871385 0.490600 -0.981083 0.193588 1.109667 443.866748 -0.766044 43.653957 200.000000 43.653957 2.316122 926.448626 0.642788 -25.472333 200.000000 -25.472333 0.017251 6.900382 -0.967949 17.908374 200.000000 17.908374 0.331320 132.527845 0.251148 -5.985211 200.000000 -5.985211
 15.800000 0.484781 -0.874635 0.217551 -0.976049 2.635480 2.922288 -0.874635 0.484781 -0.976049 0.217551 1.179199 471.679797 -0.766044 43.653957 200.000000 43.653957 2.496599 998.639545 0.642788 -25.472333 200.000000 -25.472333 0.006561 2.624515 -0.967949 17.908374 200.000000 17.908374 0.112873 45.149378 0.251148 -5.985211 200.000000 -5.985211
 16.000000 0.596979 -0.802257 0.232827 -0.972518 2.501862 2.906610 -0.802257 0.596979 -0.972518 0.232827 0.131133 52.453378 -0.766044 43.653957 200.000000 43.653957 0.209842 83.936817 0.642788 -25.472333 200.000000 -25.472333 0.002088 0.835242 -0.967949 17.908374 200.000000 17.908374 0.033568 13.427020 0.251148 -5.985211 200.000000 -5.985211
 16.200000 0.578116 -0.815955 0.146790 -0.989168 2.525175 2.994270 -0.815955 0.578116 -0.989168 0.146790 0.249104 99.641589 -0.766044 43.653957 200.000000 43.653957 0.418245 167.297935 0.642788 -25.472333 200.000000 -25.472333 0.045024 18.009766 -0.967949 17.908374 200.000000 17.908374 1.089056 435.622468 0.251148 -5.985211 200.000000 -5.985211
 16.400000 0.608350 -0.793669 0.268134 -0.963382 2.487613 2.870137 -0.793669 0.608350 -0.963382 0.268134 0.076313 30.525077 -0.766044 43.653957 200.000000 43.653957 0.118598 47.439122 0.642788 -25.472333 200.000000 -25.472333 0.002086 0.834301 -0.967949 17.908374 200.000000 17.908374 0.028852 11.540635 0.251148 -5.985211 200.000000 -5.985211
 16.600000 0.618264 -0.785970 0.336430 -0.941708 2.475060 2.798469 -0.785970 0.618264 -0.941708 0.336430 0.039704 15.881726 -0.766044 43.653957 200.000000 43.653957 0.060140 24.056011 0.642788 -25.472333 200.000000 -25.472333 0.068855 27.541963 -0.967949 17.908374 200.000000 17.908374 0.727302 290.920752 0.251148 -5.985211 200.000000 -5.985211
 16.800000 0.602940 -0.797787 0.250565 -0.968100 2.494412 2.888329 -0.797787 0.602940 -0.968100 0.250565 0.100758 40.303051 -0.766044 43.653957 200.000000 43.653957 0.158786 63.514333 0.642788 -25.472333 200.000000 -25.472333 0.000002 0.000913 -0.967949 17.908374 200.000000 17.908374 0.000034 0.013590 0.251148 -5.985211 200.000000 -5.985211
 17.000000 0.679333 -0.733830 0.250486 -0.968120 2.394740 2.888410 -0.733830 0.679333 -0.968120 0.250486 0.103775 41.509899 -0.766044 43.653957 200.000000 43.653957 0.133555 53.421945 0.642788 -25.472333 200.000000 -25.472333 0.000003 0.001177 -0.967949 17.908374 200.000000 17.908374 0.000044 0.017530 0.251148 -5.985211 200.000000 -5.985211
 17.200000 0.590967 -0.806696 0.230627 -0.973042 2.509336 2.908870 -0.806696 0.590967 -0.973042 0.230627 0.165254 66.101410 -0.766044 43.653957 200.000000 43.653957 0.268539 107.415575 0.642788 -25.472333 200.000000 -25.472333 0.002594 1.037725 -0.967949 17.908374 200.000000 17.908374 0.042109 16.843794 0.251148 -5.985211 200.000000 -5.985211
 17.400000 0.581753 -0.813365 0.270256 -0.962789 2.520710 2.867934 -0.813365 0.581753 -0.962789 0.270256 0.223926 89.570522 -0.766044 43.653957 200.000000 43.653957 0.372519 149.007502 0.642788 -25.472333 200.000000 -25.472333 0.002663 1.065057 -0.967949 17.908374 200.000000 17.908374 0.036510 14.603977 0.251148 -5.985211 200.000000 -5.985211
 17.600000 0.543915 -0.839140 0.224071 -0.974573 2.566497 2.915603 -0.839140 0.543915 -0.974573 0.224071 0.534303 213.721208 -0.766044 43.653957 200.000000 43.653957 0.977584 391.033665 0.642788 -25.472333 200.000000 -25.472333 0.004388 1.755208 -0.967949 17.908374 200.000000 17.908374 0.073318 29.327397 0.251148 -5.985211 200.000000 -5.985211
 17.800000 0.603037 -0.797713 0.242236 -0.970217 2.494290 2.896923 -0.797713 0.603037 -0.970217 0.242236 0.100292 40.116973 -0.766044 43.653957 200.000000 43.653957 0.158013 63.205307 0.642788 -25.472333 200.000000 -25.472333 0.000515 0.205880 -0.967949 17.908374 200.000000 17.908374 0.007943 3.177071 0.251148 -5.985211 200.000000 -5.985211
 18.000000 0.555943 -0.831220 0.234129 -0.972205 2.552096 2.905270 -0.831220 0.555943 -0.972205 0.234129 0.424790 169.916166 -0.766044 43.653957 200.000000 43.653957 0.754198 301.679183 0.642788 -25.472333 200.000000 -25.472333 0.001812 0.724812 -0.967949 17.908374 200.000000 17.908374 0.028964 11.585598 0.251148 -5.985211 200.000000 -5.985211
 18.200000 0.580382 -0.814344 0.192185 -0.981359 2.522395 2.948204 -0.814344 0.580382 -0.981359 0.192185 0.233288 93.315240 -0.766044 43.653957 200.000000 43.653957 0.389446 155.778345 0.642788 -25.472333 200.000000 -25.472333 0.017983 7.193120 -0.967949 17.908374 200.000000 17.908374 0.347662 139.064965 0.251148 -5.985211 200.000000 -5.985211
 18.400000 0.545425 -0.838159 0.218151 -0.975915 2.564696 2.921673 -0.838159 0.545425 -0.975915 0.218151 0.520057 208.022725 -0.766044 43.653957 200.000000 43.653957 0.947941 379.176422 0.642788 -25.472333 200.000000 -25.472333 0.006346 2.538509 -0.967949 17.908374 200.000000 17.908374 0.108881 43.552326 0.251148 -5.985211 200.000000 -5.985211
 18.600000 0.596746 -0.802430 0.251764 -0.967789 2.502153 2.887090 -0.802430 0.596746 -0.967789 0.251764 0.132393 52.957121 -0.766044 43.653957 200.000000 43.653957 0.211984 84.793558 0.642788 -25.472333 200.000000 -25.472333 0.000003 0.001024 -0.967949 17.908374 200.000000 17.908374 0.000038 0.015170 0.251148 -5.985211 200.000000 -5.985211
 18.800000 0.688002 -0.725709 0.285511 -0.958375 2.382861 2.852053 -0.725709 0.688002 -0.958375 0.285511 0.162694 65.077453 -0.766044 43.653957 200.000000 43.653957 0.204431 81.772292 0.642788 -25.472333 200.000000 -25.472333 0.009165 3.665967 -0.967949 17.908374 200.000000 17.908374 0.118084 47.233483 0.251148 -5.985211 200.000000 -5.985211
 19.000000 0.585289 -0.810825 0.244993 -0.969525 2.516357 2.894080 -0.810825 0.585289 -0.969525 0.244993 0.200530 80.212007 -0.766044 43.653957 200.000000 43.653957 0.330613 132.245289 0.642788 -25.472333 200.000000 -25.472333 0.000248 0.099378 -0.967949 17.908374 200.000000 17.908374 0.003789 1.515479 0.251148 -5.985211 200.000000 -5.985211
 19.200000 0.658261 -0.752789 0.266388 -0.963866 2.423086 2.871949 -0.752789 0.658261 -0.963866 0.266388 0.017569 7.027783 -0.766044 43.653957 200.000000 43.653957 0.023944 9.577489 0.642788 -25.472333 200.000000 -25.472333 0.001667 0.666780 -0.967949 17.908374 200.000000 17.908374 0.023226 9.290355 0.251148 -5.985211 200.000000 -5.985211
 19.400000 0.570747 -0.821126 0.297082 -0.954852 2.534178 2.839958 -0.821126 0.570747 -0.954852 0.297082 0.303400 121.359958 -0.766044 43.653957 200.000000 43.653957 0.518989 207.595792 0.642788 -25.472333 200.000000 -25.472333 0.017152 6.860909 -0.967949 17.908374 200.000000 17.908374 0.210991 84.396598 0.251148 -5.985211 200.000000 -5.985211
 19.600000 0.629332 -0.777136 0.245871 -0.969303 2.460899 2.893175 -0.777136 0.629332 -0.969303 0.245871 0.012303 4.921249 -0.766044 43.653957 200.000000 43.653957 0.018105 7.241906 0.642788 -25.472333 200.000000 -25.472333 0.000183 0.073329 -0.967949 17.908374 200.000000 17.908374 0.002785 1.114039 0.251148 -5.985211 200.000000 -5.985211
 19.800000 0.549293 -0.835630 0.215712 -0.976457 2.560075 2.924172 -0.835630 0.549293 -0.976457 0.215712 0.484212 193.684921 -0.766044 43.653957 200.000000 43.653957 0.874124 349.649519 0.642788 -25.472333 200.000000 -25.472333 0.007239 2.895714 -0.967949 17.908374 200.000000 17.908374 0.125573 50.229265 0.251148 -5.985211 200.000000 -5.985211
 20.000000 0.596995 -0.802245 0.327952 -0.944695 2.501843 2.807458 -0.802245 0.596995 -0.944695 0.327952 0.131050 52.419895 -0.766044 43.653957 200.000000 43.653957 0.209700 83.879898 0.642788 -25.472333 200.000000 -25.472333 0.054076 21.630266 -0.967949 17.908374 200.000000 17.908374 0.589879 235.951790 0.251148 -5.985211 200.000000 -5.985211
 20.200000 0.541785 -0.840517 0.337996 -0.941148 2.569034 2.796806 -0.840517 0.541785 -0.941148 0.337996 0.554620 221.848004 -0.766044 43.653957 200.000000 43.653957 1.020157 408.062926 0.642788 -25.472333 200.000000 -25.472333 0.071830 28.731918 -0.967949 17.908374 200.000000 17.908374 0.754254 301.701661 0.251148 -5.985211 200.000000 -5.985211
 20.400000 0.645211 -0.764004 0.201522 -0.979484 2.440293 2.938681 -0.764004 0.645211 -0.979484 0.201522 0.000416 0.166492 -0.766044 43.653957 200.000000 43.653957 0.000587 0.234949 0.642788 -25.472333 200.000000 -25.472333 0.013306 5.322446 -0.967949 17.908374 200.000000 17.908374 0.246270 98.508132 0.251148 -5.985211 200.000000 -5.985211
 20.600000 0.707744 -0.706469 0.219390 -0.975637 2.355292 2.920404 -0.706469 0.707744 -0.975637 0.219390 0.354929 141.971478 -0.766044 43.653957 200.000000 43.653957 0.421939 168.775572 0.642788 -25.472333 200.000000 -25.472333 0.005911 2.364566 -0.967949 17.908374 200.000000 17.908374 0.100858 40.343161 0.251148 -5.985211 200.000000 -5.985211
 20.800000 0.555816 -0.831306 0.298019 -0.954560 2.552249 2.838976 -0.831306 0.555816 -0.954560 0.298019 0.425902 170.360646 -0.766044 43.653957 200.000000 43.653957 0.756412 302.564909 0.642788 -25.472333 200.000000 -25.472333 0.017926 7.170405 -0.967949 17.908374 200.000000 17.908374 0.219690 87.876186 0.251148 -5.985211 200.000000 -5.985211
 21.000000 0.560809 -0.827945 0.252741 -0.967534 2.546230 2.886081 -0.827945 0.560809 -0.967534 0.252741 0.383169 153.267569 -0.766044 43.653957 200.000000 43.653957 0.672046 268.818499 0.642788 -25.472333 200.000000 -25.472333 0.000017 0.006878 -0.967949 17.908374 200.000000 17.908374 0.000254 0.101483 0.251148 -5.985211 200.000000 -5.985211
 21.200000 0.550472 -0.834854 0.098572 -0.995130 2.558663 3.042861 -0.834854 0.550472 -0.995130 0.098572 0.473473 189.389050 -0.766044 43.653957 200.000000 43.653957 0.852222 340.888710 0.642788 -25.472333 200.000000 -25.472333 0.073882 29.552839 -0.967949 17.908374 200.000000 17.908374 2.327956 931.182337 0.251148 -5.985211 200.000000 -5.985211
 21.400000 0.681290 -0.732014 0.197573 -0.980288 2.392070 2.942711 -0.732014 0.681290 -0.980288 0.197573 0.115808 46.323189 -0.766044 43.653957 200.000000 43.653957 0.148241 59.296517 0.642788 -25.472333 200.000000 -25.472333 0.015226 6.090565 -0.967949 17.908374 200.000000 17.908374 0.287031 114.812436 0.251148 -5.985211 200.000000 -5.985211
 21.600000 0.650159 -0.759798 0.282917 -0.959144 2.433799 2.854759 -0.759798 0.650159 -0.959144 0.282917 0.003901 1.560561 -0.766044 43.653957 200.000000 43.653957 0.005433 2.173398 0.642788 -25.472333 200.000000 -25.472333 0.007751 3.100591 -0.967949 17.908374 200.000000 17.908374 0.100926 40.370307 0.251148 -5.985211 200.000000 -5.985211
 21.800000 0.600694 -0.799479 0.177536 -0.984114 2.497223 2.963111 -0.799479 0.600694 -0.984114 0.177536 0.111786 44.714379 -0.766044 43.653957 200.000000 43.653957 0.177185 70.874069 0.642788 -25.472333 200.000000 -25.472333 0.026133 10.453128 -0.967949 17.908374 200.000000 17.908374 0.541876 216.750417 0.251148 -5.985211 200.000000 -5.985211
 22.000000 0.610505 -0.792012 0.172156 -0.985070 2.484894 2.968575 -0.792012 0.610505 -0.985070 0.172156 0.067433 26.973093 -0.766044 43.653957 200.000000 43.653957 0.104215 41.686187 0.642788 -25.472333 200.000000 -25.472333 0.029313 11.725105 -0.967949 17.908374 200.000000 17.908374 0.623971 249.588386 0.251148 -5.985211 200.000000 -5.985211
 22.200000 0.632157 -0.774840 0.302551 -0.953133 2.457259 2.834224 -0.774840 0.632157 -0.953133 0.302551 0.007736 3.094587 -0.766044 43.653957 200.000000 43.653957 0.011301 4.520226 0.642788 -25.472333 200.000000 -25.472333 0.021950 8.780140 -0.967949 17.908374 200.000000 17.908374 0.264232 105.692692 0.251148 -5.985211 200.000000 -5.985211
 22.400000 0.666753 -0.745279 0.331816 -0.943344 2.411749 2.803365 -0.745279 0.666753 -0.943344 0.331816 0.043121 17.248482 -0.766044 43.653957 200.000000 43.653957 0.057434 22.973528 0.642788 -25.472333 200.000000 -25.472333 0.060539 24.215503 -0.967949 17.908374 200.000000 17.908374 0.650735 260.294060 0.251148 -5.985211 200.000000 -5.985211
 22.600000 0.636696 -0.771115 0.291619 -0.956535 2.451387 2.845674 -0.771115 0.636696 -0.956535 0.291619 0.002571 1.028483 -0.766044 43.653957 200.000000 43.653957 0.003711 1.484451 0.642788 -25.472333 200.000000 -25.472333 0.013028 5.211251 -0.967949 17.908374 200.000000 17.908374 0.163789 65.515461 0.251148 -5.985211 200.000000 -5.985211
 22.800000 0.620870 -0.783914 0.276438 -0.961032 2.471741 2.861507 -0.783914 0.620870 -0.961032 0.276438 0.031931 12.772234 -0.766044 43.653957 200.000000 43.653957 0.048038 19.215333 0.642788 -25.472333 200.000000 -25.472333 0.004785 1.913814 -0.967949 17.908374 200.000000 17.908374 0.063960 25.583990 0.251148 -5.985211 200.000000 -5.985211
 23.000000 0.610225 -0.792228 0.319960 -0.947431 2.485249 2.815905 -0.792228 0.610225 -0.947431 0.319960 0.068560 27.424177 -0.766044 43.653957 200.000000 43.653957 0.106035 42.414083 0.642788 -25.472333 200.000000 -25.472333 0.042098 16.839150 -0.967949 17.908374 200.000000 17.908374 0.473514 189.405633 0.251148 -5.985211 200.000000 -5.985211
 23.200000 0.661815 -0.749667 0.304429 -0.952535 2.418355 2.832254 -0.749667 0.661815 -0.952535 0.304429 0.026822 10.728602 -0.766044 43.653957 200.000000 43.653957 0.036204 14.481708 0.642788 -25.472333 200.000000 -25.472333 0.023758 9.503131 -0.967949 17.908374 200.000000 17.908374 0.283883 113.553361 0.251148 -5.985211 200.000000 -5.985211
 23.400000 0.663973 -0.747756 0.267226 -0.963634 2.415472 2.871079 -0.747756 0.663973 -0.963634 0.267226 0.033446 13.378515 -0.766044 43.653957 200.000000 43.653957 0.044884 17.953654 0.642788 -25.472333 200.000000 -25.472333 0.001862 0.744706 -0.967949 17.908374 200.000000 17.908374 0.025850 10.340101 0.251148 -5.985211 200.000000 -5.985211
 23.600000 0.533048 -0.846085 0.293532 -0.955949 2.579394 2.843673 -0.846085 0.533048 -0.955949 0.293532 0.640653 256.261377 -0.766044 43.653957 200.000000 43.653957 1.204288 481.715059 0.642788 -25.472333 200.000000 -25.472333 0.014399 5.759448 -0.967949 17.908374 200.000000 17.908374 0.179640 71.855872 0.251148 -5.985211 200.000000 -5.985211
