#! FIELDS time sin_phi cos_phi sin_psi cos_psi phi psi cos_phi sin_phi cos_psi sin_psi restraint_phi_cos.bias restraint_phi_cos.force2 restraint_phi_cos.cos_phi_cntr restraint_phi_cos.cos_phi_work restraint_phi_cos.cos_phi_kappa restraint_phi_cos.work restraint_phi_sin.bias restraint_phi_sin.force2 restraint_phi_sin.sin_phi_cntr restraint_phi_sin.sin_phi_work restraint_phi_sin.sin_phi_kappa restraint_phi_sin.work restraint_psi_cos.bias restraint_psi_cos.force2 restraint_psi_cos.cos_psi_cntr restraint_psi_cos.cos_psi_work restraint_psi_cos.cos_psi_kappa restraint_psi_cos.work restraint_psi_sin.bias restraint_psi_sin.force2 restraint_psi_sin.sin_psi_cntr restraint_psi_sin.sin_psi_work restraint_psi_sin.sin_psi_kappa restraint_psi_sin.work
#! SET min_phi -pi
#! SET max_phi pi
#! SET min_psi -pi
#! SET max_psi pi
 0.000000 -0.999983 -0.005782 0.966116 0.258110 -1.576579 1.309731 -0.005782 -0.999983 0.258110 0.966116 0.000000 0.000000 -0.009747 0.000000 0.000000 0.000000 0.000000 0.000000 -0.999953 0.000000 0.000000 0.000000 0.000000 0.000000 0.256142 0.000000 0.000000 0.000000 0.000000 0.000000 0.966639 0.000000 0.000000 0.000000
 0.200000 -0.999140 -0.041465 0.905017 0.425375 -1.612273 1.131421 -0.041465 -0.999140 0.425375 0.905017 0.020122 1.609727 -0.009747 0.662366 40.000000 0.662366 0.000013 0.001056 -0.999953 0.011529 40.000000 0.011529 0.572791 45.823258 0.256142 0.576361 40.000000 0.576361 0.075945 6.075570 0.966639 0.088549 40.000000 0.088549
 0.400000 -0.998868 -0.047565 0.956080 0.293105 -1.618379 1.273324 -0.047565 -0.998868 0.293105 0.956080 0.057208 9.153290 -0.009747 0.801257 80.000000 0.801257 0.000047 0.007525 -0.999953 0.011985 80.000000 0.011985 0.054649 8.743777 0.256142 0.735565 80.000000 0.735565 0.004459 0.713515 0.966639 0.099440 80.000000 0.099440
 0.600000 -0.997967 0.063731 0.981907 0.189363 -1.507022 1.380283 0.063731 -0.997967 0.189363 0.981907 0.323936 77.744754 -0.009747 0.886968 120.000000 0.886968 0.000237 0.056761 -0.999953 0.012279 120.000000 0.012279 0.267568 64.216434 0.256142 0.965554 120.000000 0.965554 0.013987 3.356842 0.966639 0.123244 120.000000 0.123244
 0.800000 -0.993237 0.116106 0.966930 0.255042 -1.454428 1.312905 0.116106 -0.993237 0.255042 0.966930 1.267110 405.475174 -0.009747 0.947160 160.000000 0.947160 0.003608 1.154570 -0.999953 0.012346 160.000000 0.012346 0.000097 0.031013 0.256142 1.077492 160.000000 1.077492 0.000007 0.002168 0.966639 0.133965 160.000000 0.133965
 1.000000 -0.995766 0.091921 0.976040 0.217589 -1.478745 1.351452 0.091921 -0.995766 0.217589 0.976040 1.033630 413.451895 -0.009747 1.048433 200.000000 1.048433 0.001752 0.700972 -0.999953 0.012636 200.000000 0.012636 0.148634 59.453599 0.256142 1.117662 200.000000 1.117662 0.008839 3.535417 0.966639 0.136762 200.000000 0.136762
 1.200000 -0.998339 0.057616 0.982473 0.186407 -1.513149 1.383292 0.057616 -0.998339 0.186407 0.982473 0.544521 261.370219 -0.009747 1.108176 240.000000 1.108176 0.000312 0.149986 -0.999953 0.012787 240.000000 0.012787 0.583555 280.106540 0.256142 1.161201 240.000000 1.161201 0.030084 14.440233 0.966639 0.140227 240.000000 0.140227
 1.400000 -0.997552 0.069926 0.946014 0.324125 -1.500813 1.240709 0.069926 -0.997552 0.324125 0.946014 0.888678 497.659653 -0.009747 1.170239 280.000000 1.170239 0.000807 0.451703 -0.999953 0.012956 280.000000 0.012956 0.647034 362.339286 0.256142 1.205116 280.000000 1.205116 0.059554 33.350295 0.966639 0.144050 280.000000 0.144050
 1.600000 -0.999690 0.024895 0.961321 0.275432 -1.545899 1.291757 0.024895 -0.999690 0.275432 0.961321 0.192008 122.885252 -0.009747 1.219964 320.000000 1.219964 0.000011 0.007053 -0.999953 0.013014 320.000000 0.013014 0.059534 38.101702 0.256142 1.269732 320.000000 1.269732 0.004526 2.896520 0.966639 0.148948 320.000000 0.148948
 1.800000 -0.999539 -0.030368 0.959785 0.280736 -1.601169 1.286235 -0.030368 -0.999539 0.280736 0.959785 0.076545 55.112573 -0.009747 1.248325 360.000000 1.248325 0.000031 0.022183 -0.999953 0.013049 360.000000 0.013049 0.108875 78.389934 0.256142 1.295117 360.000000 1.295117 0.008456 6.088479 0.966639 0.150759 360.000000 0.150759
 2.000000 -0.999242 -0.038932 0.964151 0.265353 -1.609738 1.302226 -0.038932 -0.999242 0.265353 0.964151 0.170358 136.286607 -0.009747 1.286725 400.000000 1.286725 0.000101 0.080801 -0.999953 0.013076 400.000000 0.013076 0.016967 13.573231 0.256142 1.318601 400.000000 1.318601 0.001238 0.990179 0.966639 0.152522 400.000000 0.152522
 2.200000 -0.999044 -0.043705 0.988897 0.148604 -1.614515 1.421640 -0.043705 -0.999044 0.148604 0.988897 0.498391 398.712809 -0.093624 1.623498 400.000000 1.623498 0.418389 334.711376 -0.953307 0.408121 400.000000 0.408121 0.013389 10.711462 0.156786 1.591676 400.000000 1.591676 0.031148 24.918448 0.976417 0.135377 400.000000 0.135377
 2.400000 -0.989238 -0.146318 0.997745 0.067122 -1.717642 1.503624 -0.146318 -0.989238 0.067122 0.997745 0.194478 155.582515 -0.177502 1.637725 400.000000 1.637725 1.363780 1091.024399 -0.906661 1.525232 400.000000 1.525232 0.018786 15.029180 0.057430 1.756853 400.000000 1.756853 0.026678 21.342638 0.986195 0.088759 400.000000 0.088759
 2.600000 -0.969356 -0.245660 0.995810 -0.091446 -1.818997 1.662370 -0.245660 -0.969356 -0.091446 0.995810 0.049416 39.532596 -0.261379 1.176952 400.000000 1.176952 2.391085 1912.867832 -0.860015 3.152074 400.000000 3.152074 0.490448 392.358554 -0.041926 1.609599 400.000000 1.609599 0.000005 0.004266 0.995973 0.057856 400.000000 0.057856
 2.800000 -0.908522 -0.417836 0.994481 -0.104921 -2.001859 1.675911 -0.417836 -0.908522 -0.104921 0.994481 1.053557 842.845792 -0.345257 0.389976 400.000000 0.389976 1.810822 1448.657930 -0.813369 5.148852 400.000000 5.148852 0.354993 283.994443 -0.062791 1.486588 400.000000 1.486588 0.002515 2.012033 0.998027 0.057498 400.000000 0.057498
 3.000000 -0.867562 -0.497328 0.999950 -0.009987 -2.091313 1.580783 -0.497328 -0.867562 -0.009987 0.999950 0.930091 744.072809 -0.429134 -1.234631 400.000000 -1.234631 2.033695 1626.956166 -0.766724 7.173244 400.000000 7.173244 0.557647 446.117562 -0.062791 1.486588 400.000000 1.486588 0.000740 0.591916 0.998027 0.057498 400.000000 0.057498
 3.200000 -0.811324 -0.584596 0.999920 -0.012628 -2.195179 1.583425 -0.584596 -0.811324 -0.012628 0.999920 1.024875 819.900257 -0.513012 -3.359726 400.000000 -3.359726 1.665186 1332.148506 -0.720078 9.027500 400.000000 9.027500 0.503259 402.606841 -0.062791 1.486588 400.000000 1.486588 0.000717 0.573677 0.998027 0.057498 400.000000 0.057498
 3.400000 -0.786515 -0.617571 0.992357 -0.123396 -2.236447 1.694508 -0.617571 -0.786515 -0.123396 0.992357 0.085549 68.438886 -0.596889 -5.267594 400.000000 -5.267594 2.557558 2046.046067 -0.673432 10.746077 400.000000 10.746077 0.734611 587.688997 -0.062791 1.486588 400.000000 1.486588 0.006428 5.142466 0.998027 0.057498 400.000000 0.057498
 3.600000 -0.686022 -0.727581 0.992840 -0.119450 -2.385585 1.690532 -0.727581 -0.686022 -0.119450 0.992840 0.438313 350.650599 -0.680767 -7.401723 400.000000 -7.401723 0.701775 561.420284 -0.626786 11.872161 400.000000 11.872161 0.642049 513.639599 -0.062791 1.486588 400.000000 1.486588 0.005380 4.303897 0.998027 0.057498 400.000000 0.057498
 3.800000 -0.602306 -0.798266 0.999091 0.042618 -2.495207 1.528166 -0.798266 -0.602306 0.042618 0.999091 0.226079 180.863547 -0.764644 -8.719651 400.000000 -8.719651 0.098259 78.607527 -0.580140 12.660944 400.000000 12.660944 2.222187 1777.749726 -0.062791 1.486588 400.000000 1.486588 0.000227 0.181379 0.998027 0.057498 400.000000 0.057498
 4.000000 -0.517286 -0.855812 0.997607 -0.069136 -2.597916 1.639988 -0.855812 -0.517286 -0.069136 0.997607 0.026379 21.103027 -0.844328 -9.037598 400.000000 -9.037598 0.068750 55.000206 -0.535827 13.034585 400.000000 13.034585 0.008053 6.442390 -0.062791 1.486588 400.000000 1.486588 0.000035 0.028155 0.998027 0.057498 400.000000 0.057498
 4.200000 -0.554404 -0.832247 0.994959 -0.100282 -2.553946 1.671247 -0.832247 -0.554404 -0.100282 0.994959 0.029188 23.350009 -0.844328 -9.037598 400.000000 -9.037598 0.069025 55.219958 -0.535827 13.034585 400.000000 13.034585 0.281127 224.901410 -0.062791 1.486588 400.000000 1.486588 0.001882 1.505730 0.998027 0.057498 400.000000 0.057498
 4.400000 -0.525601 -0.850731 0.995544 -0.094300 -2.588171 1.665236 -0.850731 -0.525601 -0.094300 0.995544 0.008200 6.559900 -0.844328 -9.037598 400.000000 -9.037598 0.020912 16.729602 -0.535827 13.034585 400.000000 13.034585 0.198564 158.850963 -0.062791 1.486588 400.000000 1.486588 0.001233 0.986334 0.998027 0.057498 400.000000 0.057498
 4.600000 -0.557953 -0.829873 0.996329 -0.085608 -2.549676 1.656509 -0.829873 -0.557953 -0.085608 0.996329 0.041791 33.432450 -0.844328 -9.037598 400.000000 -9.037598 0.097911 78.329189 -0.535827 13.034585 400.000000 13.034585 0.104127 83.301575 -0.062791 1.486588 400.000000 1.486588 0.000577 0.461219 0.998027 0.057498 400.000000 0.057498
 4.800000 -0.583716 -0.811958 0.987939 -0.154845 -2.518294 1.726266 -0.811958 -0.583716 -0.154845 0.987939 0.209567 167.653443 -0.844328 -9.037598 400.000000 -9.037598 0.458682 366.945246 -0.535827 13.034585 400.000000 13.034585 1.694789 1355.830969 -0.062791 1.486588 400.000000 1.486588 0.020353 16.282454 0.998027 0.057498 400.000000 0.057498
 5.000000 -0.563909 -0.825837 0.999990 0.004446 -2.542481 1.566351 -0.825837 -0.563909 0.004446 0.999990 0.068385 54.707851 -0.844328 -9.037598 400.000000 -9.037598 0.157725 126.180221 -0.535827 13.034585 400.000000 13.034585 0.904137 723.309322 -0.062791 1.486588 400.000000 1.486588 0.000771 0.616784 0.998027 0.057498 400.000000 0.057498
 5.200000 -0.545472 -0.838129 0.992866 -0.119239 -2.564640 1.690320 -0.838129 -0.545472 -0.119239 0.992866 0.007685 6.148389 -0.844328 -9.037598 400.000000 -9.037598 0.018607 14.885301 -0.535827 13.034585 400.000000 13.034585 0.637295 509.836336 -0.062791 1.486588 400.000000 1.486588 0.005328 4.262073 0.998027 0.057498 400.000000 0.057498
 5.400000 -0.536072 -0.844172 0.998415 -0.056280 -2.575815 1.627106 -0.844172 -0.536072 -0.056280 0.998415 0.000005 0.003884 -0.844328 -9.037598 400.000000 -9.037598 0.000012 0.009638 -0.535827 13.034585 400.000000 13.034585 0.008477 6.781943 -0.062791 1.486588 400.000000 1.486588 0.000030 0.024124 0.998027 0.057498 400.000000 0.057498
 5.600000 -0.556721 -0.830699 0.994021 -0.109188 -2.551159 1.680202 -0.830699 -0.556721 -0.109188 0.994021 0.037148 29.718049 -0.844328 -9.037598 400.000000 -9.037598 0.087316 69.852662 -0.535827 13.034585 400.000000 13.034585 0.430545 344.436380 -0.062791 1.486588 400.000000 1.486588 0.003209 2.567190 0.998027 0.057498 400.000000 0.057498
 5.800000 -0.544805 -0.838563 0.999815 -0.019258 -2.565436 1.590055 -0.838563 -0.544805 -0.019258 0.999815 0.006648 5.318040 -0.844328 -9.037598 400.000000 -9.037598 0.016122 12.897567 -0.535827 13.034585 400.000000 13.034585 0.379020 303.216194 -0.062791 1.486588 400.000000 1.486588 0.000639 0.511410 0.998027 0.057498 400.000000 0.057498
 6.000000 -0.543851 -0.839182 0.998053 -0.062373 -2.566574 1.633210 -0.839182 -0.543851 -0.062373 0.998053 0.005296 4.236856 -0.844328 -9.037598 400.000000 -9.037598 0.012876 10.301182 -0.535827 13.034585 400.000000 13.034585 0.000035 0.027920 -0.062791 1.486588 400.000000 1.486588 0.000000 0.000110 0.998027 0.057498 400.000000 0.057498
 6.200000 -0.562524 -0.826781 0.999992 0.003993 -2.544157 1.566803 -0.826781 -0.562524 0.003993 0.999992 0.061579 49.262904 -0.844328 -9.037598 400.000000 -9.037598 0.142547 114.037454 -0.535827 13.034585 400.000000 13.034585 0.892005 713.604371 -0.062791 1.486588 400.000000 1.486588 0.000772 0.617985 0.998027 0.057498 400.000000 0.057498
 6.400000 -0.571195 -0.820814 0.996388 -0.084913 -2.533632 1.655812 -0.820814 -0.571195 -0.084913 0.996388 0.110577 88.461480 -0.844328 -9.037598 400.000000 -9.037598 0.250181 200.144952 -0.535827 13.034585 400.000000 13.034585 0.097880 78.303823 -0.062791 1.486588 400.000000 1.486588 0.000537 0.429470 0.998027 0.057498 400.000000 0.057498
 6.600000 -0.608443 -0.793598 0.999604 -0.028145 -2.487495 1.598945 -0.793598 -0.608443 -0.028145 0.999604 0.514714 411.770898 -0.844328 -9.037598 400.000000 -9.037598 1.054623 843.698103 -0.535827 13.034585 400.000000 13.034585 0.240065 192.052100 -0.062791 1.486588 400.000000 1.486588 0.000497 0.397973 0.998027 0.057498 400.000000 0.057498
 6.800000 -0.611546 -0.791209 0.996071 -0.088560 -2.483580 1.659473 -0.791209 -0.611546 -0.088560 0.996071 0.564325 451.459809 -0.844328 -9.037598 400.000000 -9.037598 1.146676 917.340932 -0.535827 13.034585 400.000000 13.034585 0.132815 106.251628 -0.062791 1.486588 400.000000 1.486588 0.000765 0.612084 0.998027 0.057498 400.000000 0.057498
 7.000000 -0.551419 -0.834228 0.999711 -0.024041 -2.557528 1.594839 -0.834228 -0.551419 -0.024041 0.999711 0.020401 16.320880 -0.844328 -9.037598 400.000000 -9.037598 0.048626 38.900884 -0.535827 13.034585 400.000000 13.034585 0.300308 240.246770 -0.062791 1.486588 400.000000 1.486588 0.000567 0.453872 0.998027 0.057498 400.000000 0.057498
 7.200000 -0.517246 -0.855837 0.995556 -0.094169 -2.597962 1.665105 -0.855837 -0.517246 -0.094169 0.995556 0.026489 21.191574 -0.844328 -9.037598 400.000000 -9.037598 0.069046 55.236725 -0.535827 13.034585 400.000000 13.034585 0.196919 157.535465 -0.062791 1.486588 400.000000 1.486588 0.001221 0.976526 0.998027 0.057498 400.000000 0.057498
 7.400000 -0.499590 -0.866262 0.995963 -0.089765 -2.618467 1.660682 -0.866262 -0.499590 -0.089765 0.995963 0.096219 76.975449 -0.844328 -9.037598 400.000000 -9.037598 0.262617 210.093852 -0.535827 13.034585 400.000000 13.034585 0.145524 116.419595 -0.062791 1.486588 400.000000 1.486588 0.000852 0.681453 0.998027 0.057498 400.000000 0.057498
 7.600000 -0.592479 -0.805586 0.997981 -0.063513 -2.507460 1.634352 -0.805586 -0.592479 -0.063513 0.997981 0.300186 240.148859 -0.844328 -9.037598 400.000000 -9.037598 0.641889 513.510948 -0.535827 13.034585 400.000000 13.034585 0.000104 0.083506 -0.062791 1.486588 400.000000 1.486588 0.000000 0.000334 0.998027 0.057498 400.000000 0.057498
 7.800000 -0.594166 -0.804343 0.999657 -0.026173 -2.505365 1.596972 -0.804343 -0.594166 -0.026173 0.999657 0.319762 255.809564 -0.844328 -9.037598 400.000000 -9.037598 0.680681 544.544862 -0.535827 13.034585 400.000000 13.034585 0.268168 214.534382 -0.062791 1.486588 400.000000 1.486588 0.000532 0.425469 0.998027 0.057498 400.000000 0.057498
 8.000000 -0.552262 -0.833670 0.993131 -0.117008 -2.556517 1.688073 -0.833670 -0.552262 -0.117008 0.993131 0.022717 18.173480 -0.844328 -9.037598 400.000000 -9.037598 0.054026 43.220730 -0.535827 13.034585 400.000000 13.034585 0.587898 470.318728 -0.062791 1.486588 400.000000 1.486588 0.004794 3.834875 0.998027 0.057498 400.000000 0.057498
 8.200000 -0.559125 -0.829083 0.998283 -0.058573 -2.548263 1.629403 -0.829083 -0.559125 -0.058573 0.998283 0.046479 37.183302 -0.844328 -9.037598 400.000000 -9.037598 0.108561 86.848714 -0.535827 13.034585 400.000000 13.034585 0.003558 2.846287 -0.062791 1.486588 400.000000 1.486588 0.000013 0.010520 0.998027 0.057498 400.000000 0.057498
 8.400000 -0.597754 -0.801679 0.999687 -0.025036 -2.500896 1.595835 -0.801679 -0.597754 -0.025036 0.999687 0.363780 291.024205 -0.844328 -9.037598 400.000000 -9.037598 0.767004 613.602906 -0.535827 13.034585 400.000000 13.034585 0.285080 228.064186 -0.062791 1.486588 400.000000 1.486588 0.000551 0.440801 0.998027 0.057498 400.000000 0.057498
 8.600000 -0.528422 -0.848982 0.997225 -0.074444 -2.584852 1.645309 -0.848982 -0.528422 -0.074444 0.997225 0.004332 3.465661 -0.844328 -9.037598 400.000000 -9.037598 0.010967 8.773498 -0.535827 13.034585 400.000000 13.034585 0.027159 21.726989 -0.062791 1.486588 400.000000 1.486588 0.000128 0.102785 0.998027 0.057498 400.000000 0.057498
 8.800000 -0.583262 -0.812284 0.996627 -0.082063 -2.518854 1.652952 -0.812284 -0.583262 -0.082063 0.996627 0.205359 164.287593 -0.844328 -9.037598 400.000000 -9.037598 0.450016 360.012465 -0.535827 13.034585 400.000000 13.034585 0.074287 59.429758 -0.062791 1.486588 400.000000 1.486588 0.000392 0.313421 0.998027 0.057498 400.000000 0.057498
 9.000000 -0.523114 -0.852262 0.997628 -0.068841 -2.591091 1.639692 -0.852262 -0.523114 -0.068841 0.997628 0.012591 10.073082 -0.844328 -9.037598 400.000000 -9.037598 0.032321 25.856673 -0.535827 13.034585 400.000000 13.034585 0.007322 5.857656 -0.062791 1.486588 400.000000 1.486588 0.000032 0.025484 0.998027 0.057498 400.000000 0.057498
 9.200000 -0.556977 -0.830528 0.999951 0.009875 -2.550851 1.560921 -0.830528 -0.556977 0.009875 0.999951 0.038088 30.470403 -0.844328 -9.037598 400.000000 -9.037598 0.089466 71.572913 -0.535827 13.034585 400.000000 13.034585 1.056069 844.855160 -0.062791 1.486588 400.000000 1.486588 0.000741 0.592597 0.998027 0.057498 400.000000 0.057498
 9.400000 -0.549867 -0.835252 0.998279 -0.058651 -2.559387 1.629481 -0.835252 -0.549867 -0.058651 0.998279 0.016475 13.179815 -0.844328 -9.037598 400.000000 -9.037598 0.039428 31.542459 -0.535827 13.034585 400.000000 13.034585 0.003427 2.741202 -0.062791 1.486588 400.000000 1.486588 0.000013 0.010144 0.998027 0.057498 400.000000 0.057498
 9.600000 -0.570885 -0.821030 0.996758 -0.080457 -2.534009 1.651341 -0.821030 -0.570885 -0.080457 0.996758 0.108558 86.846331 -0.844328 -9.037598 400.000000 -9.037598 0.245815 196.651684 -0.535827 13.034585 400.000000 13.034585 0.062423 49.938159 -0.062791 1.486588 400.000000 1.486588 0.000322 0.257523 0.998027 0.057498 400.000000 0.057498
 9.800000 -0.553932 -0.832562 0.999895 -0.014499 -2.554513 1.585296 -0.832562 -0.553932 -0.014499 0.999895 0.027689 22.151148 -0.844328 -9.037598 400.000000 -9.037598 0.065562 52.449836 -0.535827 13.034585 400.000000 13.034585 0.466410 373.128068 -0.062791 1.486588 400.000000 1.486588 0.000698 0.558399 0.998027 0.057498 400.000000 0.057498
 10.000000 -0.538185 -0.842827 0.999787 -0.020628 -2.573311 1.591426 -0.842827 -0.538185 -0.020628 0.999787 0.000451 0.360503 -0.844328 -9.037598 400.000000 -9.037598 0.001112 0.889613 -0.535827 13.034585 400.000000 13.034585 0.355536 284.428515 -0.062791 1.486588 400.000000 1.486588 0.000620 0.495893 0.998027 0.057498 400.000000 0.057498
 10.200000 -0.541294 -0.840834 0.995641 -0.093266 -2.569618 1.664198 -0.840834 -0.541294 -0.093266 0.995641 0.002442 1.953718 -0.844328 -9.037598 400.000000 -9.037598 0.005978 4.782073 -0.535827 13.034585 400.000000 13.034585 0.185754 148.602946 -0.062791 1.486588 400.000000 1.486588 0.001138 0.910514 0.998027 0.057498 400.000000 0.057498
 10.400000 -0.569255 -0.822161 0.997426 -0.071701 -2.535994 1.642559 -0.822161 -0.569255 -0.071701 0.997426 0.098273 78.618301 -0.844328 -9.037598 400.000000 -9.037598 0.223486 178.788653 -0.535827 13.034585 400.000000 13.034585 0.015881 12.704420 -0.062791 1.486588 400.000000 1.486588 0.000072 0.057712 0.998027 0.057498 400.000000 0.057498
 10.600000 -0.516287 -0.856416 0.993318 -0.115405 -2.599083 1.686459 -0.856416 -0.516287 -0.115405 0.993318 0.029223 23.378185 -0.844328 -9.037598 400.000000 -9.037598 0.076361 61.089014 -0.535827 13.034585 400.000000 13.034585 0.553666 442.932495 -0.062791 1.486588 400.000000 1.486588 0.004434 3.546827 0.998027 0.057498 400.000000 0.057498
 10.800000 -0.509590 -0.860418 0.999356 -0.035871 -2.606885 1.606675 -0.860418 -0.509590 -0.035871 0.999356 0.051775 41.420016 -0.844328 -9.037598 400.000000 -9.037598 0.137677 110.141407 -0.535827 13.034585 400.000000 13.034585 0.144937 115.949845 -0.062791 1.486588 400.000000 1.486588 0.000354 0.282904 0.998027 0.057498 400.000000 0.057498
 11.000000 -0.553732 -0.832695 0.996320 -0.085716 -2.554753 1.656618 -0.832695 -0.553732 -0.085716 0.996320 0.027066 21.652530 -0.844328 -9.037598 400.000000 -9.037598 0.064120 51.296191 -0.535827 13.034585 400.000000 13.034585 0.105117 84.093907 -0.062791 1.486588 400.000000 1.486588 0.000583 0.466289 0.998027 0.057498 400.000000 0.057498
 11.200000 -0.573184 -0.819426 0.998853 -0.047883 -2.531206 1.618698 -0.819426 -0.573184 -0.047883 0.998853 0.124017 99.213328 -0.844328 -9.037598 400.000000 -9.037598 0.279117 223.293782 -0.535827 13.034585 400.000000 13.034585 0.044447 35.557388 -0.062791 1.486588 400.000000 1.486588 0.000137 0.109223 0.998027 0.057498 400.000000 0.057498
 11.400000 -0.466323 -0.884615 0.997320 -0.073168 -2.656463 1.644030 -0.884615 -0.466323 -0.073168 0.997320 0.324605 259.683859 -0.844328 -9.037598 400.000000 -9.037598 0.966165 772.931701 -0.535827 13.034585 400.000000 13.034585 0.021540 17.231712 -0.062791 1.486588 400.000000 1.486588 0.000100 0.080003 0.998027 0.057498 400.000000 0.057498
 11.600000 -0.491247 -0.871020 0.993198 -0.116439 -2.628072 1.687500 -0.871020 -0.491247 -0.116439 0.993198 0.142497 113.997805 -0.844328 -9.037598 400.000000 -9.037598 0.397473 317.978603 -0.535827 13.034585 400.000000 13.034585 0.575638 460.510538 -0.062791 1.486588 400.000000 1.486588 0.004664 3.730951 0.998027 0.057498 400.000000 0.057498
 11.800000 -0.541986 -0.840388 0.996545 -0.083059 -2.568794 1.653951 -0.840388 -0.541986 -0.083059 0.996545 0.003105 2.484076 -0.844328 -9.037598 400.000000 -9.037598 0.007587 6.069202 -0.535827 13.034585 400.000000 13.034585 0.082163 65.730051 -0.062791 1.486588 400.000000 1.486588 0.000439 0.351459 0.998027 0.057498 400.000000 0.057498
 12.000000 -0.603379 -0.797455 0.996564 -0.082832 -2.493861 1.653723 -0.797455 -0.603379 -0.082832 0.996564 0.439418 351.534304 -0.844328 -9.037598 400.000000 -9.037598 0.912651 730.121184 -0.535827 13.034585 400.000000 13.034585 0.080331 64.264537 -0.062791 1.486588 400.000000 1.486588 0.000428 0.342547 0.998027 0.057498 400.000000 0.057498
 12.200000 -0.549697 -0.835364 0.999707 -0.024190 -2.559592 1.594989 -0.835364 -0.549697 -0.024190 0.999707 0.016069 12.855334 -0.844328 -9.037598 400.000000 -9.037598 0.038475 30.779700 -0.535827 13.034585 400.000000 13.034585 0.297996 238.396944 -0.062791 1.486588 400.000000 1.486588 0.000565 0.451931 0.998027 0.057498 400.000000 0.057498
 12.400000 -0.511820 -0.859093 0.998976 -0.045233 -2.604291 1.616044 -0.859093 -0.511820 -0.045233 0.998976 0.043600 34.879670 -0.844328 -9.037598 400.000000 -9.037598 0.115265 92.211766 -0.535827 13.034585 400.000000 13.034585 0.061656 49.324649 -0.062791 1.486588 400.000000 1.486588 0.000180 0.144325 0.998027 0.057498 400.000000 0.057498
 12.600000 -0.554642 -0.832089 0.996964 -0.077865 -2.553660 1.648740 -0.832089 -0.554642 -0.077865 0.996964 0.029958 23.966178 -0.844328 -9.037598 400.000000 -9.037598 0.070802 56.641724 -0.535827 13.034585 400.000000 13.034585 0.045446 36.356743 -0.062791 1.486588 400.000000 1.486588 0.000226 0.180724 0.998027 0.057498 400.000000 0.057498
 12.800000 -0.562661 -0.826688 0.996642 -0.081884 -2.543991 1.652772 -0.826688 -0.562661 -0.081884 0.996642 0.062237 49.789400 -0.844328 -9.037598 400.000000 -9.037598 0.144018 115.214494 -0.535827 13.034585 400.000000 13.034585 0.072911 58.328808 -0.062791 1.486588 400.000000 1.486588 0.000384 0.306849 0.998027 0.057498 400.000000 0.057498
 13.000000 -0.506190 -0.862422 0.997962 -0.063814 -2.610831 1.634654 -0.862422 -0.506190 -0.063814 0.997962 0.065478 52.382509 -0.844328 -9.037598 400.000000 -9.037598 0.175665 140.532381 -0.535827 13.034585 400.000000 13.034585 0.000210 0.167752 -0.062791 1.486588 400.000000 1.486588 0.000001 0.000675 0.998027 0.057498 400.000000 0.057498
 13.200000 -0.474568 -0.880219 0.996025 -0.089069 -2.647119 1.659984 -0.880219 -0.474568 -0.089069 0.996025 0.257630 206.104332 -0.844328 -9.037598 400.000000 -9.037598 0.750524 600.419376 -0.535827 13.034585 400.000000 13.034585 0.138115 110.492015 -0.062791 1.486588 400.000000 1.486588 0.000801 0.640831 0.998027 0.057498 400.000000 0.057498
 13.400000 -0.529192 -0.848502 0.991441 -0.130553 -2.583945 1.701723 -0.848502 -0.529192 -0.130553 0.991441 0.003485 2.787928 -0.844328 -9.037598 400.000000 -9.037598 0.008804 7.043586 -0.535827 13.034585 400.000000 13.034585 0.918360 734.688149 -0.062791 1.486588 400.000000 1.486588 0.008674 6.938889 0.998027 0.057498 400.000000 0.057498
 13.600000 -0.482539 -0.875875 0.994742 -0.102414 -2.638042 1.673390 -0.875875 -0.482539 -0.102414 0.994742 0.199039 159.231464 -0.844328 -9.037598 400.000000 -9.037598 0.567925 454.339767 -0.535827 13.034585 400.000000 13.034585 0.314006 251.204797 -0.062791 1.486588 400.000000 1.486588 0.002158 1.726469 0.998027 0.057498 400.000000 0.057498
 13.800000 -0.529583 -0.848258 0.998696 -0.051053 -2.583484 1.621871 -0.848258 -0.529583 -0.051053 0.998696 0.003089 2.471371 -0.844328 -9.037598 400.000000 -9.037598 0.007797 6.237434 -0.535827 13.034585 400.000000 13.034585 0.027555 22.043920 -0.062791 1.486588 400.000000 1.486588 0.000090 0.071659 0.998027 0.057498 400.000000 0.057498
 14.000000 -0.546603 -0.837392 0.997331 -0.073013 -2.563290 1.643874 -0.837392 -0.546603 -0.073013 0.997331 0.009622 7.697458 -0.844328 -9.037598 400.000000 -9.037598 0.023226 18.580402 -0.535827 13.034585 400.000000 13.034585 0.020898 16.718222 -0.062791 1.486588 400.000000 1.486588 0.000097 0.077440 0.998027 0.057498 400.000000 0.057498
 14.200000 -0.515900 -0.856649 0.996342 -0.085450 -2.599535 1.656351 -0.856649 -0.515900 -0.085450 0.996342 0.030360 24.288385 -0.844328 -9.037598 400.000000 -9.037598 0.079414 63.531538 -0.535827 13.034585 400.000000 13.034585 0.102689 82.151563 -0.062791 1.486588 400.000000 1.486588 0.000567 0.453877 0.998027 0.057498 400.000000 0.057498
 14.400000 -0.547655 -0.836705 0.999783 -0.020851 -2.562034 1.591649 -0.836705 -0.547655 -0.020851 0.999783 0.011623 9.298616 -0.844328 -9.037598 400.000000 -9.037598 0.027979 22.383480 -0.535827 13.034585 400.000000 13.034585 0.351784 281.427397 -0.062791 1.486588 400.000000 1.486588 0.000617 0.493290 0.998027 0.057498 400.000000 0.057498
 14.600000 -0.595420 -0.803415 0.999287 0.037753 -2.503804 1.533035 -0.803415 -0.595420 0.037753 0.999287 0.334780 267.823630 -0.844328 -9.037598 400.000000 -9.037598 0.710269 568.215288 -0.535827 13.034585 400.000000 13.034585 2.021791 1617.433112 -0.062791 1.486588 400.000000 1.486588 0.000318 0.254170 0.998027 0.057498 400.000000 0.057498
 14.800000 -0.523642 -0.851938 0.995770 -0.091877 -2.590472 1.662803 -0.851938 -0.523642 -0.091877 0.995770 0.011584 9.267074 -0.844328 -9.037598 400.000000 -9.037598 0.029694 23.754962 -0.535827 13.034585 400.000000 13.034585 0.169203 135.362175 -0.062791 1.486588 400.000000 1.486588 0.001018 0.814578 0.998027 0.057498 400.000000 0.057498
 15.000000 -0.541720 -0.840559 0.999991 0.004128 -2.569111 1.566668 -0.840559 -0.541720 0.004128 0.999991 0.002841 2.272688 -0.844328 -9.037598 400.000000 -9.037598 0.006946 5.556602 -0.535827 13.034585 400.000000 13.034585 0.895628 716.502519 -0.062791 1.486588 400.000000 1.486588 0.000772 0.617639 0.998027 0.057498 400.000000 0.057498
 15.200000 -0.540563 -0.841303 0.998882 -0.047280 -2.570486 1.618094 -0.841303 -0.540563 -0.047280 0.998882 0.001830 1.463736 -0.844328 -9.037598 400.000000 -9.037598 0.004487 3.589621 -0.535827 13.034585 400.000000 13.034585 0.048113 38.490580 -0.062791 1.486588 400.000000 1.486588 0.000146 0.116945 0.998027 0.057498 400.000000 0.057498
 15.400000 -0.531860 -0.846833 0.991136 -0.132848 -2.580798 1.704038 -0.846833 -0.531860 -0.132848 0.991136 0.001255 1.003664 -0.844328 -9.037598 400.000000 -9.037598 0.003148 2.518086 -0.535827 13.034585 400.000000 13.034585 0.981615 785.292290 -0.062791 1.486588 400.000000 1.486588 0.009495 7.596265 0.998027 0.057498 400.000000 0.057498
 15.600000 -0.533179 -0.846002 0.997597 -0.069281 -2.579239 1.640133 -0.846002 -0.533179 -0.069281 0.997597 0.000561 0.448654 -0.844328 -9.037598 400.000000 -9.037598 0.001402 1.121746 -0.535827 13.034585 400.000000 13.034585 0.008425 6.740046 -0.062791 1.486588 400.000000 1.486588 0.000037 0.029520 0.998027 0.057498 400.000000 0.057498
 15.800000 -0.524951 -0.851132 0.994343 -0.106219 -2.588935 1.677216 -0.851132 -0.524951 -0.106219 0.994343 0.009260 7.407959 -0.844328 -9.037598 400.000000 -9.037598 0.023656 18.924515 -0.535827 13.034585 400.000000 13.034585 0.377198 301.758490 -0.062791 1.486588 400.000000 1.486588 0.002714 2.171399 0.998027 0.057498 400.000000 0.057498
 16.000000 -0.511598 -0.859225 0.998075 -0.062022 -2.604549 1.632859 -0.859225 -0.511598 -0.062022 0.998075 0.044383 35.506245 -0.844328 -9.037598 400.000000 -9.037598 0.117403 93.922541 -0.535827 13.034585 400.000000 13.034585 0.000118 0.094388 -0.062791 1.486588 400.000000 1.486588 0.000000 0.000369 0.998027 0.057498 400.000000 0.057498
 16.200000 -0.547077 -0.837082 0.998492 -0.054902 -2.562724 1.625726 -0.837082 -0.547077 -0.054902 0.998492 0.010500 8.400325 -0.844328 -9.037598 400.000000 -9.037598 0.025315 20.251787 -0.535827 13.034585 400.000000 13.034585 0.012445 9.955716 -0.062791 1.486588 400.000000 1.486588 0.000043 0.034596 0.998027 0.057498 400.000000 0.057498
 16.400000 -0.547134 -0.837045 0.992860 -0.119285 -2.562657 1.690367 -0.837045 -0.547134 -0.119285 0.992860 0.010607 8.485768 -0.844328 -9.037598 400.000000 -9.037598 0.025568 20.454759 -0.535827 13.034585 400.000000 13.034585 0.638336 510.668598 -0.062791 1.486588 400.000000 1.486588 0.005339 4.271214 0.998027 0.057498 400.000000 0.057498
 16.600000 -0.572812 -0.819687 0.997088 -0.076258 -2.531660 1.647129 -0.819687 -0.572812 -0.076258 0.997088 0.121440 97.151606 -0.844328 -9.037598 400.000000 -9.037598 0.273586 218.868761 -0.535827 13.034585 400.000000 13.034585 0.036276 29.020841 -0.062791 1.486588 400.000000 1.486588 0.000176 0.140964 0.998027 0.057498 400.000000 0.057498
 16.800000 -0.578335 -0.815799 0.995276 -0.097085 -2.524907 1.668034 -0.815799 -0.578335 -0.097085 0.995276 0.162774 130.219572 -0.844328 -9.037598 400.000000 -9.037598 0.361387 289.109714 -0.535827 13.034585 400.000000 13.034585 0.235216 188.173082 -0.062791 1.486588 400.000000 1.486588 0.001513 1.210522 0.998027 0.057498 400.000000 0.057498
 17.000000 -0.520422 -0.853909 0.999697 -0.024615 -2.594247 1.595414 -0.853909 -0.520422 -0.024615 0.999697 0.018360 14.687709 -0.844328 -9.037598 400.000000 -9.037598 0.047460 37.968024 -0.535827 13.034585 400.000000 13.034585 0.291469 233.175097 -0.062791 1.486588 400.000000 1.486588 0.000558 0.446367 0.998027 0.057498 400.000000 0.057498
 17.200000 -0.549270 -0.835645 0.996925 -0.078367 -2.560103 1.649244 -0.835645 -0.549270 -0.078367 0.996925 0.015078 12.062179 -0.844328 -9.037598 400.000000 -9.037598 0.036141 28.913049 -0.535827 13.034585 400.000000 13.034585 0.048524 38.819550 -0.062791 1.486588 400.000000 1.486588 0.000243 0.194354 0.998027 0.057498 400.000000 0.057498
 17.400000 -0.561339 -0.827586 0.993945 -0.109876 -2.545590 1.680895 -0.827586 -0.561339 -0.109876 0.993945 0.056058 44.846377 -0.844328 -9.037598 400.000000 -9.037598 0.130173 104.138382 -0.535827 13.034585 400.000000 13.034585 0.443413 354.730006 -0.062791 1.486588 400.000000 1.486588 0.003332 2.665317 0.998027 0.057498 400.000000 0.057498
 17.600000 -0.490383 -0.871507 0.994523 -0.104514 -2.629064 1.675501 -0.871507 -0.490383 -0.104514 0.994523 0.147741 118.193144 -0.844328 -9.037598 400.000000 -9.037598 0.413030 330.423644 -0.535827 13.034585 400.000000 13.034585 0.348165 278.532337 -0.062791 1.486588 400.000000 1.486588 0.002455 1.963682 0.998027 0.057498 400.000000 0.057498
 17.800000 -0.576816 -0.816874 0.999157 -0.041041 -2.526767 1.611849 -0.816874 -0.576816 -0.041041 0.999157 0.150746 120.596445 -0.844328 -9.037598 400.000000 -9.037598 0.336030 268.823625 -0.535827 13.034585 400.000000 13.034585 0.094607 75.685987 -0.062791 1.486588 400.000000 1.486588 0.000256 0.204568 0.998027 0.057498 400.000000 0.057498
 18.000000 -0.552615 -0.833437 0.990564 -0.137052 -2.556094 1.708281 -0.833437 -0.552615 -0.137052 0.990564 0.023723 18.978555 -0.844328 -9.037598 400.000000 -9.037598 0.056367 45.093615 -0.535827 13.034585 400.000000 13.034585 1.102951 882.360675 -0.062791 1.486588 400.000000 1.486588 0.011139 8.911089 0.998027 0.057498 400.000000 0.057498
 18.200000 -0.526057 -0.850449 0.997041 -0.076868 -2.587635 1.647740 -0.850449 -0.526057 -0.076868 0.997041 0.007494 5.994895 -0.844328 -9.037598 400.000000 -9.037598 0.019088 15.270467 -0.535827 13.034585 400.000000 13.034585 0.039635 31.707703 -0.062791 1.486588 400.000000 1.486588 0.000194 0.155376 0.998027 0.057498 400.000000 0.057498
 18.400000 -0.550778 -0.834652 0.998934 -0.046169 -2.558297 1.616982 -0.834652 -0.550778 -0.046169 0.998934 0.018724 14.979577 -0.844328 -9.037598 400.000000 -9.037598 0.044705 35.764132 -0.535827 13.034585 400.000000 13.034585 0.055254 44.203163 -0.062791 1.486588 400.000000 1.486588 0.000164 0.131597 0.998027 0.057498 400.000000 0.057498
 18.600000 -0.484340 -0.874880 0.997332 -0.072994 -2.635985 1.643855 -0.874880 -0.484340 -0.072994 0.997332 0.186687 149.349559 -0.844328 -9.037598 400.000000 -9.037598 0.530187 424.149334 -0.535827 13.034585 400.000000 13.034585 0.020821 16.656788 -0.062791 1.486588 400.000000 1.486588 0.000096 0.077134 0.998027 0.057498 400.000000 0.057498
 18.800000 -0.483188 -0.875517 0.996000 -0.089358 -2.637301 1.660273 -0.875517 -0.483188 -0.089358 0.996000 0.194548 155.638730 -0.844328 -9.037598 400.000000 -9.037598 0.554173 443.338375 -0.535827 13.034585 400.000000 13.034585 0.141164 112.931044 -0.062791 1.486588 400.000000 1.486588 0.000822 0.657485 0.998027 0.057498 400.000000 0.057498
 19.000000 -0.615776 -0.787921 0.999964 -0.008513 -2.478222 1.579310 -0.787921 -0.615776 -0.008513 0.999964 0.636339 509.070832 -0.844328 -9.037598 400.000000 -9.037598 1.278368 1022.694609 -0.535827 13.034585 400.000000 13.034585 0.589203 471.362103 -0.062791 1.486588 400.000000 1.486588 0.000750 0.600335 0.998027 0.057498 400.000000 0.057498
 19.200000 -0.615375 -0.788235 0.995768 -0.091900 -2.478731 1.662826 -0.788235 -0.615375 -0.091900 0.995768 0.629291 503.432820 -0.844328 -9.037598 400.000000 -9.037598 1.265577 1012.461327 -0.535827 13.034585 400.000000 13.034585 0.169472 135.577329 -0.062791 1.486588 400.000000 1.486588 0.001020 0.816118 0.998027 0.057498 400.000000 0.057498
 19.400000 -0.526193 -0.850365 0.997507 -0.070565 -2.587475 1.641420 -0.850365 -0.526193 -0.070565 0.997507 0.007289 5.831526 -0.844328 -9.037598 400.000000 -9.037598 0.018561 14.849057 -0.535827 13.034585 400.000000 13.034585 0.012089 9.670903 -0.062791 1.486588 400.000000 1.486588 0.000054 0.043189 0.998027 0.057498 400.000000 0.057498
 19.600000 -0.540714 -0.841206 0.999717 -0.023787 -2.570307 1.594586 -0.841206 -0.540714 -0.023787 0.999717 0.001949 1.559152 -0.844328 -9.037598 400.000000 -9.037598 0.004778 3.822102 -0.535827 13.034585 400.000000 13.034585 0.304253 243.402156 -0.062791 1.486588 400.000000 1.486588 0.000571 0.457148 0.998027 0.057498 400.000000 0.057498
 19.800000 -0.598405 -0.801194 0.999322 -0.036815 -2.500084 1.607619 -0.801194 -0.598405 -0.036815 0.999322 0.372108 297.686329 -0.844328 -9.037598 400.000000 -9.037598 0.783200 626.560145 -0.535827 13.034585 400.000000 13.034585 0.134950 107.959619 -0.062791 1.486588 400.000000 1.486588 0.000336 0.268483 0.998027 0.057498 400.000000 0.057498
 20.000000 -0.565185 -0.824964 0.991592 -0.129404 -2.540935 1.700565 -0.824964 -0.565185 -0.129404 0.991592 0.074990 59.991717 -0.844328 -9.037598 400.000000 -9.037598 0.172378 137.902549 -0.535827 13.034585 400.000000 13.034585 0.887482 709.985650 -0.062791 1.486588 400.000000 1.486588 0.008281 6.625120 0.998027 0.057498 400.000000 0.057498
