#! FIELDS time sin_phi cos_phi sin_psi cos_psi phi psi cos_phi sin_phi cos_psi sin_psi restraint_phi_cos.bias restraint_phi_cos.force2 restraint_phi_cos.cos_phi_cntr restraint_phi_cos.cos_phi_work restraint_phi_cos.cos_phi_kappa restraint_phi_cos.work restraint_phi_sin.bias restraint_phi_sin.force2 restraint_phi_sin.sin_phi_cntr restraint_phi_sin.sin_phi_work restraint_phi_sin.sin_phi_kappa restraint_phi_sin.work restraint_psi_cos.bias restraint_psi_cos.force2 restraint_psi_cos.cos_psi_cntr restraint_psi_cos.cos_psi_work restraint_psi_cos.cos_psi_kappa restraint_psi_cos.work restraint_psi_sin.bias restraint_psi_sin.force2 restraint_psi_sin.sin_psi_cntr restraint_psi_sin.sin_psi_work restraint_psi_sin.sin_psi_kappa restraint_psi_sin.work
#! SET min_phi -pi
#! SET max_phi pi
#! SET min_psi -pi
#! SET max_psi pi
 0.000000 -0.999983 -0.005782 0.966116 0.258110 -1.576579 1.309731 -0.005782 -0.999983 0.258110 0.966116 0.000000 0.000000 -0.009747 0.000000 0.000000 0.000000 0.000000 0.000000 -0.999953 0.000000 0.000000 0.000000 0.000000 0.000000 0.256142 0.000000 0.000000 0.000000 0.000000 0.000000 0.966639 0.000000 0.000000 0.000000
 0.200000 -0.999140 -0.041466 0.905015 0.425380 -1.612274 1.131414 -0.041466 -0.999140 0.425380 0.905015 0.020122 1.609797 -0.009747 0.662364 40.000000 0.662364 0.000013 0.001056 -0.999953 0.011529 40.000000 0.011529 0.572829 45.826299 0.256142 0.576361 40.000000 0.576361 0.075951 6.076091 0.966639 0.088549 40.000000 0.088549
 0.400000 -0.998868 -0.047564 0.956079 0.293110 -1.618378 1.273318 -0.047564 -0.998868 0.293110 0.956079 0.057207 9.153063 -0.009747 0.801254 80.000000 0.801254 0.000047 0.007525 -0.999953 0.011985 80.000000 0.011985 0.054664 8.746238 0.256142 0.735572 80.000000 0.735572 0.004461 0.713730 0.966639 0.099440 80.000000 0.099440
 0.600000 -0.997966 0.063742 0.981905 0.189375 -1.507011 1.380271 0.063742 -0.997966 0.189375 0.981905 0.324034 77.768185 -0.009747 0.886964 120.000000 0.886964 0.000237 0.056802 -0.999953 0.012279 120.000000 0.012279 0.267476 64.194292 0.256142 0.965563 120.000000 0.965563 0.013983 3.355865 0.966639 0.123245 120.000000 0.123245
 0.800000 -0.993236 0.116117 0.966929 0.255047 -1.454417 1.312900 0.116117 -0.993236 0.255047 0.966929 1.267325 405.543876 -0.009747 0.947160 160.000000 0.947160 0.003609 1.154998 -0.999953 0.012346 160.000000 0.012346 0.000096 0.030706 0.256142 1.077497 160.000000 1.077497 0.000007 0.002146 0.966639 0.133966 160.000000 0.133966
 1.000000 -0.995769 0.091890 0.976051 0.217543 -1.478776 1.351500 0.091890 -0.995769 0.217543 0.976051 1.033004 413.201607 -0.009747 1.048424 200.000000 1.048424 0.001750 0.700021 -0.999953 0.012636 200.000000 0.012636 0.148992 59.596688 0.256142 1.117661 200.000000 1.117661 0.008858 3.543195 0.966639 0.136763 200.000000 0.136763
 1.200000 -0.998340 0.057594 0.982478 0.186381 -1.513171 1.383320 0.057594 -0.998340 0.186381 0.982478 0.544165 261.199174 -0.009747 1.108163 240.000000 1.108163 0.000312 0.149750 -0.999953 0.012786 240.000000 0.012786 0.584006 280.322927 0.256142 1.161196 240.000000 1.161196 0.030103 14.449554 0.966639 0.140227 240.000000 0.140227
 1.400000 -0.997550 0.069958 0.946013 0.324129 -1.500781 1.240706 0.069958 -0.997550 0.324129 0.946013 0.889400 498.064101 -0.009747 1.170197 280.000000 1.170197 0.000808 0.452557 -0.999953 0.012956 280.000000 0.012956 0.647099 362.375664 0.256142 1.205108 280.000000 1.205108 0.059561 33.354077 0.966639 0.144050 280.000000 0.144050
 1.600000 -0.999690 0.024897 0.961323 0.275424 -1.545897 1.291766 0.024897 -0.999690 0.275424 0.961323 0.192027 122.897264 -0.009747 1.219907 320.000000 1.219907 0.000011 0.007055 -0.999953 0.013013 320.000000 0.013013 0.059484 38.069514 0.256142 1.269700 320.000000 1.269700 0.004522 2.893977 0.966639 0.148946 320.000000 0.148946
 1.800000 -0.999539 -0.030350 0.959796 0.280697 -1.601151 1.286276 -0.030350 -0.999539 0.280697 0.959796 0.076412 55.016281 -0.009747 1.248255 360.000000 1.248255 0.000031 0.022124 -0.999953 0.013048 360.000000 0.013048 0.108525 78.138244 0.256142 1.295075 360.000000 1.295075 0.008428 6.067965 0.966639 0.150757 360.000000 0.150757
 2.000000 -0.999243 -0.038912 0.964147 0.265368 -1.609718 1.302211 -0.038912 -0.999243 0.265368 0.964147 0.170125 136.100196 -0.009747 1.286647 400.000000 1.286647 0.000101 0.080624 -0.999953 0.013076 400.000000 0.013076 0.017022 13.617410 0.256142 1.318556 400.000000 1.318556 0.001242 0.993463 0.966639 0.152519 400.000000 0.152519
 2.200000 -0.990491 0.137577 0.949191 0.314702 -1.432782 1.250654 0.137577 -0.990491 0.314702 0.949191 0.466690 373.352195 0.089271 1.037119 400.000000 1.037119 0.001308 1.046503 -0.987934 0.031191 400.000000 0.031191 0.000157 0.125681 0.315588 1.029652 400.000000 1.029652 0.604455 483.564252 0.894215 0.801736 400.000000 0.801736
 2.400000 -0.974538 0.224224 0.894769 0.446529 -1.344649 1.107914 0.224224 -0.974538 0.446529 0.894769 0.258268 206.614071 0.188289 0.781099 400.000000 0.781099 0.000379 0.303431 -0.975915 0.063612 400.000000 0.063612 1.022305 817.843710 0.375034 0.267093 400.000000 0.267093 1.065146 852.117045 0.821792 2.723688 400.000000 2.723688
 2.600000 -0.951802 0.306715 0.877389 0.479780 -1.259057 1.070393 0.306715 -0.951802 0.479780 0.877389 0.673371 538.697038 0.248690 0.754858 400.000000 0.754858 0.056324 45.059537 -0.968583 0.071931 400.000000 0.071931 0.410412 328.329531 0.434480 -0.916716 400.000000 -0.916716 3.277888 2622.310436 0.749368 5.726390 400.000000 5.726390
 2.800000 -0.956671 0.291170 0.771298 0.636475 -1.275347 0.880877 0.291170 -0.956671 0.636475 0.771298 0.360909 288.726961 0.248690 0.754858 400.000000 0.754858 0.028378 22.702455 -0.968583 0.071931 400.000000 0.071931 4.064038 3251.230570 0.493926 -2.743996 400.000000 -2.743996 1.780518 1424.414294 0.676944 9.398157 400.000000 9.398157
 3.000000 -0.968013 0.250900 0.736586 0.676344 -1.317187 0.828009 0.250900 -0.968013 0.676344 0.736586 0.000977 0.781460 0.248690 0.754858 400.000000 0.754858 0.000065 0.052006 -0.968583 0.071931 400.000000 0.071931 3.024417 2419.533895 0.553372 -5.306633 400.000000 -5.306633 3.488287 2790.629867 0.604520 13.270336 400.000000 13.270336
 3.200000 -0.972973 0.230918 0.667635 0.744489 -1.337775 0.731027 0.230918 -0.972973 0.744489 0.667635 0.063165 50.531807 0.248690 0.754858 400.000000 0.754858 0.003854 3.083460 -0.968583 0.071931 400.000000 0.071931 3.467470 2773.976373 0.612818 -8.339303 400.000000 -8.339303 3.674127 2939.301450 0.532096 17.156365 400.000000 17.156365
 3.400000 -0.971736 0.236070 0.574977 0.818170 -1.332477 0.612576 0.236070 -0.971736 0.818170 0.574977 0.031854 25.483315 0.248690 0.754858 400.000000 0.754858 0.001988 1.590605 -0.968583 0.071931 400.000000 0.071931 4.257737 3406.189603 0.672263 -11.917162 400.000000 -11.917162 2.658998 2127.198049 0.459673 20.378413 400.000000 20.378413
 3.600000 -0.974865 0.222797 0.479789 0.877384 -1.346114 0.500414 0.222797 -0.974865 0.877384 0.479789 0.134092 107.273684 0.248690 0.754858 400.000000 0.754858 0.007892 6.313728 -0.968583 0.071931 400.000000 0.071931 4.244227 3395.381447 0.731709 -15.538418 400.000000 -15.538418 1.712723 1370.178562 0.387249 23.073087 400.000000 23.073087
 3.800000 -0.973308 0.229501 0.395462 0.918482 -1.339232 0.406571 0.229501 -0.973308 0.918482 0.395462 0.073645 58.915755 0.248690 0.754858 400.000000 0.754858 0.004466 3.572593 -0.968583 0.071931 400.000000 0.071931 3.242433 2593.946790 0.791155 -18.851513 400.000000 -18.851513 1.300473 1040.378518 0.314825 25.339100 400.000000 25.339100
 4.000000 -0.969311 0.245837 0.258115 0.966114 -1.322414 0.261071 0.245837 -0.969311 0.966114 0.258115 0.001628 1.302610 0.248690 0.754858 400.000000 0.754858 0.000106 0.084827 -0.968583 0.071931 400.000000 0.071931 2.668661 2134.928534 0.850601 -21.753360 400.000000 -21.753360 0.049383 39.506317 0.242401 26.781433 400.000000 26.781433
 4.200000 -0.977794 0.209566 0.145067 0.989422 -1.359665 0.145581 0.209566 -0.977794 0.989422 0.145067 0.306132 244.905421 0.248690 0.754858 400.000000 0.754858 0.016970 13.575655 -0.968583 0.071931 400.000000 0.071931 1.260076 1008.060527 0.910047 -23.896067 400.000000 -23.896067 0.124105 99.283637 0.169978 27.629235 400.000000 27.629235
 4.400000 -0.963578 0.267429 0.127831 0.991796 -1.300072 0.128182 0.267429 -0.963578 0.991796 0.127831 0.070231 56.185189 0.248690 0.754858 400.000000 0.754858 0.005011 4.008990 -0.968583 0.071931 400.000000 0.071931 0.099487 79.589253 0.969493 -25.046598 400.000000 -25.046598 0.183345 146.675754 0.097554 28.039654 400.000000 28.039654
 4.600000 -0.941676 0.336522 0.112595 0.993641 -1.227575 0.112834 0.336522 -0.941676 0.993641 0.112595 1.542892 1234.313674 0.248690 0.754858 400.000000 0.754858 0.144803 115.842316 -0.968583 0.071931 400.000000 0.071931 0.003847 3.077520 0.998027 -25.164903 400.000000 -25.164903 0.496089 396.870955 0.062791 28.384135 400.000000 28.384135
 4.800000 -0.963987 0.265951 0.065389 0.997860 -1.301606 0.065436 0.265951 -0.963987 0.997860 0.065389 0.059586 47.669101 0.248690 0.754858 400.000000 0.754858 0.004226 3.380450 -0.968583 0.071931 400.000000 0.071931 0.000006 0.004455 0.998027 -25.164903 400.000000 -25.164903 0.001350 1.080219 0.062791 28.384135 400.000000 28.384135
 5.000000 -0.943038 0.332685 0.106536 0.994309 -1.231647 0.106739 0.332685 -0.943038 0.994309 0.106536 1.411036 1128.828496 0.248690 0.754858 400.000000 0.754858 0.130511 104.408733 -0.968583 0.071931 400.000000 0.071931 0.002765 2.211649 0.998027 -25.164903 400.000000 -25.164903 0.382737 306.189500 0.062791 28.384135 400.000000 28.384135
 5.200000 -0.968576 0.248719 0.114855 0.993382 -1.319439 0.115109 0.248719 -0.968576 0.993382 0.114855 0.000000 0.000133 0.248690 0.754858 400.000000 0.754858 0.000000 0.000009 -0.968583 0.071931 400.000000 0.071931 0.004314 3.451302 0.998027 -25.164903 400.000000 -25.164903 0.542135 433.707694 0.062791 28.384135 400.000000 28.384135
 5.400000 -0.957134 0.289645 0.070279 0.997527 -1.276940 0.070337 0.289645 -0.957134 0.997527 0.070279 0.335466 268.372422 0.248690 0.754858 400.000000 0.754858 0.026216 20.972877 -0.968583 0.071931 400.000000 0.071931 0.000050 0.039894 0.998027 -25.164903 400.000000 -25.164903 0.011215 8.971695 0.062791 28.384135 400.000000 28.384135
 5.600000 -0.972534 0.232761 0.048537 0.998821 -1.335880 0.048556 0.232761 -0.972534 0.998821 0.048537 0.050743 40.594684 0.248690 0.754858 400.000000 0.754858 0.003122 2.497298 -0.968583 0.071931 400.000000 0.071931 0.000126 0.101041 0.998027 -25.164903 400.000000 -25.164903 0.040635 32.507817 0.062791 28.384135 400.000000 28.384135
 5.800000 -0.952616 0.304176 0.135510 0.990776 -1.261723 0.135928 0.304176 -0.952616 0.990776 0.135510 0.615749 492.599312 0.248690 0.754858 400.000000 0.754858 0.050992 40.793339 -0.968583 0.071931 400.000000 0.071931 0.010515 8.411805 0.998027 -25.164903 400.000000 -25.164903 1.057631 846.104470 0.062791 28.384135 400.000000 28.384135
 6.000000 -0.952399 0.304853 0.042503 0.999096 -1.261012 0.042516 0.304853 -0.952399 0.999096 0.042503 0.630855 504.683781 0.248690 0.754858 400.000000 0.754858 0.052382 41.905856 -0.968583 0.071931 400.000000 0.071931 0.000229 0.183050 0.998027 -25.164903 400.000000 -25.164903 0.082316 65.852892 0.062791 28.384135 400.000000 28.384135
 6.200000 -0.968802 0.247836 0.117060 0.993125 -1.320351 0.117329 0.247836 -0.968802 0.993125 0.117060 0.000146 0.116697 0.248690 0.754858 400.000000 0.754858 0.000010 0.007665 -0.968583 0.071931 400.000000 0.071931 0.004806 3.844615 0.998027 -25.164903 400.000000 -25.164903 0.589042 471.233905 0.062791 28.384135 400.000000 28.384135
 6.400000 -0.969311 0.245837 0.075426 0.997151 -1.322414 0.075497 0.245837 -0.969311 0.997151 0.075426 0.001628 1.302650 0.248690 0.754858 400.000000 0.754858 0.000106 0.084829 -0.968583 0.071931 400.000000 0.071931 0.000153 0.122585 0.998027 -25.164903 400.000000 -25.164903 0.031930 25.543618 0.062791 28.384135 400.000000 28.384135
 6.600000 -0.965788 0.259331 0.064787 0.997899 -1.308466 0.064832 0.259331 -0.965788 0.997899 0.064787 0.022648 18.118768 0.248690 0.754858 400.000000 0.754858 0.001562 1.249720 -0.968583 0.071931 400.000000 0.071931 0.000003 0.002604 0.998027 -25.164903 400.000000 -25.164903 0.000797 0.637436 0.062791 28.384135 400.000000 28.384135
 6.800000 -0.974269 0.225388 0.048162 0.998840 -1.343455 0.048180 0.225388 -0.974269 0.998840 0.048162 0.108597 86.877974 0.248690 0.754858 400.000000 0.754858 0.006466 5.172841 -0.968583 0.071931 400.000000 0.071931 0.000132 0.105708 0.998027 -25.164903 400.000000 -25.164903 0.042800 34.239806 0.062791 28.384135 400.000000 28.384135
 7.000000 -0.965305 0.261126 0.070587 0.997506 -1.306608 0.070646 0.261126 -0.965305 0.997506 0.070587 0.030931 24.744728 0.248690 0.754858 400.000000 0.754858 0.002150 1.719676 -0.968583 0.071931 400.000000 0.071931 0.000054 0.043452 0.998027 -25.164903 400.000000 -25.164903 0.012158 9.726637 0.062791 28.384135 400.000000 28.384135
 7.200000 -0.948550 0.316629 0.102900 0.994692 -1.248623 0.103082 0.316629 -0.948550 0.994692 0.102900 0.923136 738.508875 0.248690 0.754858 400.000000 0.754858 0.080269 64.215204 -0.968583 0.071931 400.000000 0.071931 0.002224 1.779540 0.998027 -25.164903 400.000000 -25.164903 0.321748 257.398651 0.062791 28.384135 400.000000 28.384135
 7.400000 -0.954351 0.298688 0.112935 0.993602 -1.267479 0.113176 0.298688 -0.954351 0.993602 0.112935 0.499952 399.961833 0.248690 0.754858 400.000000 0.754858 0.040511 32.408836 -0.968583 0.071931 400.000000 0.071931 0.003915 3.131980 0.998027 -25.164903 400.000000 -25.164903 0.502894 402.314982 0.062791 28.384135 400.000000 28.384135
 7.600000 -0.954491 0.298240 0.076821 0.997045 -1.267948 0.076897 0.298240 -0.954491 0.997045 0.076821 0.491047 392.837729 0.248690 0.754858 400.000000 0.754858 0.039719 31.774949 -0.968583 0.071931 400.000000 0.071931 0.000193 0.154245 0.998027 -25.164903 400.000000 -25.164903 0.039373 31.498063 0.062791 28.384135 400.000000 28.384135
 7.800000 -0.967483 0.252934 0.071032 0.997474 -1.315084 0.071092 0.252934 -0.967483 0.997474 0.071032 0.003603 2.882335 0.248690 0.754858 400.000000 0.754858 0.000242 0.193491 -0.968583 0.071931 400.000000 0.071931 0.000061 0.048880 0.998027 -25.164903 400.000000 -25.164903 0.013586 10.868584 0.062791 28.384135 400.000000 28.384135
 8.000000 -0.964057 0.265695 0.110807 0.993842 -1.301871 0.111035 0.265695 -0.964057 0.993842 0.110807 0.057836 46.268783 0.248690 0.754858 400.000000 0.754858 0.004097 3.277651 -0.968583 0.071931 400.000000 0.071931 0.003502 2.801934 0.998027 -25.164903 400.000000 -25.164903 0.461110 368.887671 0.062791 28.384135 400.000000 28.384135
 8.200000 -0.956361 0.292189 0.049771 0.998761 -1.274282 0.049791 0.292189 -0.956361 0.998761 0.049771 0.378430 302.743689 0.248690 0.754858 400.000000 0.754858 0.029878 23.902238 -0.968583 0.071931 400.000000 0.071931 0.000108 0.086185 0.998027 -25.164903 400.000000 -25.164903 0.033902 27.121634 0.062791 28.384135 400.000000 28.384135
 8.400000 -0.968522 0.248928 0.127809 0.991799 -1.319223 0.128159 0.248928 -0.968522 0.991799 0.127809 0.000011 0.009078 0.248690 0.754858 400.000000 0.754858 0.000001 0.000599 -0.968583 0.071931 400.000000 0.071931 0.007757 6.205819 0.998027 -25.164903 400.000000 -25.164903 0.845469 676.375036 0.062791 28.384135 400.000000 28.384135
 8.600000 -0.929608 0.368549 0.089379 0.995998 -1.193348 0.089498 0.368549 -0.929608 0.995998 0.089379 2.873257 2298.605921 0.248690 0.754858 400.000000 0.754858 0.303810 243.047729 -0.968583 0.071931 400.000000 0.071931 0.000823 0.658695 0.998027 -25.164903 400.000000 -25.164903 0.141385 113.107795 0.062791 28.384135 400.000000 28.384135
 8.800000 -0.979269 0.202564 0.097842 0.995202 -1.366821 0.097999 0.202564 -0.979269 0.995202 0.097842 0.425528 340.422115 0.248690 0.754858 400.000000 0.754858 0.022838 18.270347 -0.968583 0.071931 400.000000 0.071931 0.001596 1.276681 0.998027 -25.164903 400.000000 -25.164903 0.245720 196.575863 0.062791 28.384135 400.000000 28.384135
 9.000000 -0.978047 0.208385 0.078531 0.996912 -1.360873 0.078612 0.208385 -0.978047 0.996912 0.078531 0.324896 259.916768 0.248690 0.754858 400.000000 0.754858 0.017912 14.329871 -0.968583 0.071931 400.000000 0.071931 0.000249 0.198924 0.998027 -25.164903 400.000000 -25.164903 0.049550 39.639860 0.062791 28.384135 400.000000 28.384135
 9.200000 -0.984099 0.177619 -0.001205 0.999999 -1.392230 -0.001205 0.177619 -0.984099 0.999999 -0.001205 1.010208 808.166158 0.248690 0.754858 400.000000 0.754858 0.048150 38.520033 -0.968583 0.071931 400.000000 0.071931 0.000778 0.622550 0.998027 -25.164903 400.000000 -25.164903 0.819078 655.262534 0.062791 28.384135 400.000000 28.384135
 9.400000 -0.979193 0.202930 0.080176 0.996781 -1.366447 0.080262 0.202930 -0.979193 0.996781 0.080176 0.418795 335.035695 0.248690 0.754858 400.000000 0.754858 0.022515 18.011872 -0.968583 0.071931 400.000000 0.071931 0.000311 0.248408 0.998027 -25.164903 400.000000 -25.164903 0.060452 48.361305 0.062791 28.384135 400.000000 28.384135
 9.600000 -0.989554 0.144160 0.025260 0.999681 -1.426132 0.025263 0.144160 -0.989554 0.999681 0.025260 2.185289 1748.230923 0.248690 0.754858 400.000000 0.754858 0.087958 70.366550 -0.968583 0.071931 400.000000 0.071931 0.000547 0.437809 0.998027 -25.164903 400.000000 -25.164903 0.281702 225.361938 0.062791 28.384135 400.000000 28.384135
 9.800000 -0.966942 0.254997 -0.013246 0.999912 -1.312952 -0.013246 0.254997 -0.966942 0.999912 -0.013246 0.007956 6.364796 0.248690 0.754858 400.000000 0.754858 0.000539 0.431031 -0.968583 0.071931 400.000000 0.071931 0.000711 0.568842 0.998027 -25.164903 400.000000 -25.164903 1.156307 925.045412 0.062791 28.384135 400.000000 28.384135
 10.000000 -0.986084 0.166249 0.096194 0.995363 -1.403772 0.096343 0.166249 -0.986084 0.995363 0.096194 1.359303 1087.442775 0.248690 0.754858 400.000000 0.754858 0.061255 49.003704 -0.968583 0.071931 400.000000 0.071931 0.001420 1.135620 0.998027 -25.164903 400.000000 -25.164903 0.223160 178.528190 0.062791 28.384135 400.000000 28.384135
 10.200000 -0.960114 0.279610 0.036964 0.999317 -1.287408 0.036973 0.279610 -0.960114 0.999317 0.036964 0.191215 152.972311 0.248690 0.754858 400.000000 0.754858 0.014347 11.477482 -0.968583 0.071931 400.000000 0.071931 0.000333 0.266196 0.998027 -25.164903 400.000000 -25.164903 0.133398 106.718240 0.062791 28.384135 400.000000 28.384135
 10.400000 -0.960610 0.277900 0.072667 0.997356 -1.289189 0.072731 0.277900 -0.960610 0.997356 0.072667 0.170641 136.512929 0.248690 0.754858 400.000000 0.754858 0.012714 10.171070 -0.968583 0.071931 400.000000 0.071931 0.000090 0.071930 0.998027 -25.164903 400.000000 -25.164903 0.019510 15.608230 0.062791 28.384135 400.000000 28.384135
 10.600000 -0.968150 0.250370 0.061602 0.998101 -1.317734 0.061641 0.250370 -0.968150 0.998101 0.061602 0.000564 0.451468 0.248690 0.754858 400.000000 0.754858 0.000037 0.029977 -0.968583 0.071931 400.000000 0.071931 0.000001 0.000878 0.998027 -25.164903 400.000000 -25.164903 0.000283 0.226030 0.062791 28.384135 400.000000 28.384135
 10.800000 -0.955293 0.295660 0.077917 0.996960 -1.270650 0.077996 0.295660 -0.955293 0.996960 0.077917 0.441246 352.996472 0.248690 0.754858 400.000000 0.754858 0.035325 28.260053 -0.968583 0.071931 400.000000 0.071931 0.000228 0.182122 0.998027 -25.164903 400.000000 -25.164903 0.045763 36.610590 0.062791 28.384135 400.000000 28.384135
 11.000000 -0.964164 0.265308 0.094846 0.995492 -1.302273 0.094989 0.265308 -0.964164 0.995492 0.094846 0.055230 44.184397 0.248690 0.754858 400.000000 0.754858 0.003906 3.124936 -0.968583 0.071931 400.000000 0.071931 0.001285 1.028033 0.998027 -25.164903 400.000000 -25.164903 0.205514 164.411548 0.062791 28.384135 400.000000 28.384135
 11.200000 -0.962521 0.271208 0.102123 0.994772 -1.296148 0.102301 0.271208 -0.962521 0.994772 0.102123 0.101415 81.131949 0.248690 0.754858 400.000000 0.754858 0.007351 5.880538 -0.968583 0.071931 400.000000 0.071931 0.002119 1.695163 0.998027 -25.164903 400.000000 -25.164903 0.309411 247.528510 0.062791 28.384135 400.000000 28.384135
 11.400000 -0.965100 0.261881 0.033569 0.999436 -1.305826 0.033576 0.261881 -0.965100 0.999436 0.033569 0.034801 27.840741 0.248690 0.754858 400.000000 0.754858 0.002426 1.940985 -0.968583 0.071931 400.000000 0.071931 0.000397 0.317942 0.998027 -25.164903 400.000000 -25.164903 0.170774 136.619056 0.062791 28.384135 400.000000 28.384135
 11.600000 -0.968856 0.247625 0.115754 0.993278 -1.320568 0.116014 0.247625 -0.968856 0.993278 0.115754 0.000227 0.181365 0.248690 0.754858 400.000000 0.754858 0.000015 0.011902 -0.968583 0.071931 400.000000 0.071931 0.004510 3.608266 0.998027 -25.164903 400.000000 -25.164903 0.561034 448.827149 0.062791 28.384135 400.000000 28.384135
 11.800000 -0.969793 0.243928 0.055390 0.998465 -1.324383 0.055418 0.243928 -0.969793 0.998465 0.055390 0.004536 3.628671 0.248690 0.754858 400.000000 0.754858 0.000293 0.234364 -0.968583 0.071931 400.000000 0.071931 0.000038 0.030707 0.998027 -25.164903 400.000000 -25.164903 0.010954 8.763467 0.062791 28.384135 400.000000 28.384135
 12.000000 -0.969984 0.243170 0.062529 0.998043 -1.325164 0.062570 0.243170 -0.969984 0.998043 0.062529 0.006094 4.875098 0.248690 0.754858 400.000000 0.754858 0.000392 0.313837 -0.968583 0.071931 400.000000 0.071931 0.000000 0.000043 0.998027 -25.164903 400.000000 -25.164903 0.000014 0.010957 0.062791 28.384135 400.000000 28.384135
 12.200000 -0.975242 0.221138 0.115589 0.993297 -1.347815 0.115848 0.221138 -0.975242 0.993297 0.115589 0.151817 121.453748 0.248690 0.754858 400.000000 0.754858 0.008869 7.095363 -0.968583 0.071931 400.000000 0.071931 0.004474 3.579061 0.998027 -25.164903 400.000000 -25.164903 0.557536 446.028824 0.062791 28.384135 400.000000 28.384135
 12.400000 -0.961823 0.273672 -0.019923 0.999802 -1.293588 -0.019925 0.273672 -0.961823 0.999802 -0.019923 0.124817 99.853985 0.248690 0.754858 400.000000 0.754858 0.009139 7.311564 -0.968583 0.071931 400.000000 0.071931 0.000630 0.503977 0.998027 -25.164903 400.000000 -25.164903 1.368314 1094.650941 0.062791 28.384135 400.000000 28.384135
 12.600000 -0.971023 0.238985 0.079030 0.996872 -1.329476 0.079113 0.238985 -0.971023 0.996872 0.079030 0.018838 15.070367 0.248690 0.754858 400.000000 0.754858 0.001191 0.952702 -0.968583 0.071931 400.000000 0.071931 0.000267 0.213265 0.998027 -25.164903 400.000000 -25.164903 0.052746 42.197000 0.062791 28.384135 400.000000 28.384135
 12.800000 -0.966970 0.254892 0.028639 0.999590 -1.313061 0.028643 0.254892 -0.966970 0.999590 0.028639 0.007693 6.154075 0.248690 0.754858 400.000000 0.754858 0.000521 0.416574 -0.968583 0.071931 400.000000 0.071931 0.000489 0.390925 0.998027 -25.164903 400.000000 -25.164903 0.233269 186.615109 0.062791 28.384135 400.000000 28.384135
 13.000000 -0.958729 0.284320 0.037562 0.999294 -1.282499 0.037570 0.284320 -0.958729 0.999294 0.037562 0.253902 203.121681 0.248690 0.754858 400.000000 0.754858 0.019419 15.535407 -0.968583 0.071931 400.000000 0.071931 0.000321 0.257084 0.998027 -25.164903 400.000000 -25.164903 0.127300 101.839734 0.062791 28.384135 400.000000 28.384135
 13.200000 -0.974627 0.223833 0.088528 0.996074 -1.345051 0.088644 0.223833 -0.974627 0.996074 0.088528 0.123570 98.856256 0.248690 0.754858 400.000000 0.754858 0.007307 5.845351 -0.968583 0.071931 400.000000 0.071931 0.000763 0.610308 0.998027 -25.164903 400.000000 -25.164903 0.132485 105.988236 0.062791 28.384135 400.000000 28.384135
 13.400000 -0.972173 0.234265 0.048059 0.998844 -1.334334 0.048078 0.234265 -0.972173 0.998844 0.048059 0.041614 33.291586 0.248690 0.754858 400.000000 0.754858 0.002577 2.061608 -0.968583 0.071931 400.000000 0.071931 0.000134 0.106997 0.998027 -25.164903 400.000000 -25.164903 0.043402 34.721901 0.062791 28.384135 400.000000 28.384135
 13.600000 -0.973139 0.230217 0.056946 0.998377 -1.338495 0.056977 0.230217 -0.973139 0.998377 0.056946 0.068246 54.597125 0.248690 0.754858 400.000000 0.754858 0.004152 3.321226 -0.968583 0.071931 400.000000 0.071931 0.000025 0.019659 0.998027 -25.164903 400.000000 -25.164903 0.006832 5.465214 0.062791 28.384135 400.000000 28.384135
 13.800000 -0.965126 0.261787 0.104875 0.994485 -1.305923 0.105068 0.261787 -0.965126 0.994485 0.104875 0.034306 27.444847 0.248690 0.754858 400.000000 0.754858 0.002391 1.912628 -0.968583 0.071931 400.000000 0.071931 0.002508 2.006516 0.998027 -25.164903 400.000000 -25.164903 0.354216 283.372976 0.062791 28.384135 400.000000 28.384135
 14.000000 -0.960859 0.277038 0.101347 0.994851 -1.290086 0.101521 0.277038 -0.960859 0.994851 0.101347 0.160724 128.579002 0.248690 0.754858 400.000000 0.754858 0.011933 9.546159 -0.968583 0.071931 400.000000 0.071931 0.002017 1.613509 0.998027 -25.164903 400.000000 -25.164903 0.297322 237.857330 0.062791 28.384135 400.000000 28.384135
 14.200000 -0.962585 0.270982 0.108875 0.994055 -1.296384 0.109092 0.270982 -0.962585 0.994055 0.108875 0.099385 79.507675 0.248690 0.754858 400.000000 0.754858 0.007197 5.757407 -0.968583 0.071931 400.000000 0.071931 0.003154 2.523423 0.998027 -25.164903 400.000000 -25.164903 0.424763 339.810217 0.062791 28.384135 400.000000 28.384135
 14.400000 -0.945072 0.326861 0.067763 0.997701 -1.237816 0.067815 0.326861 -0.945072 0.997701 0.067763 1.222139 977.711383 0.248690 0.754858 400.000000 0.754858 0.110550 88.440316 -0.968583 0.071931 400.000000 0.071931 0.000021 0.016929 0.998027 -25.164903 400.000000 -25.164903 0.004945 3.956037 0.062791 28.384135 400.000000 28.384135
 14.600000 -0.972630 0.232358 0.055907 0.998436 -1.336295 0.055936 0.232358 -0.972630 0.998436 0.055907 0.053348 42.678527 0.248690 0.754858 400.000000 0.754858 0.003276 2.620830 -0.968583 0.071931 400.000000 0.071931 0.000033 0.026800 0.998027 -25.164903 400.000000 -25.164903 0.009477 7.581723 0.062791 28.384135 400.000000 28.384135
 14.800000 -0.963726 0.266893 0.129627 0.991563 -1.300628 0.129993 0.266893 -0.963726 0.991563 0.129627 0.066272 53.017894 0.248690 0.754858 400.000000 0.754858 0.004718 3.774562 -0.968583 0.071931 400.000000 0.071931 0.008356 6.685090 0.998027 -25.164903 400.000000 -25.164903 0.893420 714.735891 0.062791 28.384135 400.000000 28.384135
 15.000000 -0.959020 0.283340 0.030378 0.999538 -1.283522 0.030383 0.283340 -0.959020 0.999538 0.030378 0.240121 192.096782 0.248690 0.754858 400.000000 0.754858 0.018292 14.633778 -0.968583 0.071931 400.000000 0.071931 0.000457 0.365660 0.998027 -25.164903 400.000000 -25.164903 0.210111 168.088914 0.062791 28.384135 400.000000 28.384135
 15.200000 -0.970059 0.242868 0.067606 0.997712 -1.325475 0.067657 0.242868 -0.970059 0.997712 0.067606 0.006779 5.423383 0.248690 0.754858 400.000000 0.754858 0.000436 0.348677 -0.968583 0.071931 400.000000 0.071931 0.000020 0.015836 0.998027 -25.164903 400.000000 -25.164903 0.004637 3.709606 0.062791 28.384135 400.000000 28.384135
 15.400000 -0.970263 0.242054 0.064803 0.997898 -1.326314 0.064849 0.242054 -0.970263 0.997898 0.064803 0.008808 7.046104 0.248690 0.754858 400.000000 0.754858 0.000564 0.451411 -0.968583 0.071931 400.000000 0.071931 0.000003 0.002649 0.998027 -25.164903 400.000000 -25.164903 0.000810 0.648248 0.062791 28.384135 400.000000 28.384135
 15.600000 -0.967184 0.254079 0.100637 0.994923 -1.313901 0.100807 0.254079 -0.967184 0.994923 0.100637 0.005808 4.646466 0.248690 0.754858 400.000000 0.754858 0.000392 0.313439 -0.968583 0.071931 400.000000 0.071931 0.001926 1.541074 0.998027 -25.164903 400.000000 -25.164903 0.286469 229.174852 0.062791 28.384135 400.000000 28.384135
 15.800000 -0.973429 0.228989 0.082682 0.996576 -1.339758 0.082777 0.228989 -0.973429 0.996576 0.082682 0.077629 62.102811 0.248690 0.754858 400.000000 0.754858 0.004697 3.757324 -0.968583 0.071931 400.000000 0.071931 0.000421 0.336761 0.998027 -25.164903 400.000000 -25.164903 0.079137 63.309692 0.062791 28.384135 400.000000 28.384135
 16.000000 -0.961474 0.274894 0.090589 0.995888 -1.292317 0.090713 0.274894 -0.961474 0.995888 0.090589 0.137334 109.867595 0.248690 0.754858 400.000000 0.754858 0.010107 8.085412 -0.968583 0.071931 400.000000 0.071931 0.000914 0.731592 0.998027 -25.164903 400.000000 -25.164903 0.154547 123.637383 0.062791 28.384135 400.000000 28.384135
 16.200000 -0.949412 0.314033 0.114738 0.993396 -1.251358 0.114991 0.314033 -0.949412 0.993396 0.114738 0.853948 683.158258 0.248690 0.754858 400.000000 0.754858 0.073506 58.805189 -0.968583 0.071931 400.000000 0.071931 0.004289 3.431227 0.998027 -25.164903 400.000000 -25.164903 0.539700 431.759647 0.062791 28.384135 400.000000 28.384135
 16.400000 -0.958224 0.286018 0.123259 0.992375 -1.280727 0.123573 0.286018 -0.958224 0.992375 0.123259 0.278681 222.944720 0.248690 0.754858 400.000000 0.754858 0.021462 17.169362 -0.968583 0.071931 400.000000 0.071931 0.006389 5.111535 0.998027 -25.164903 400.000000 -25.164903 0.731284 585.027291 0.062791 28.384135 400.000000 28.384135
 16.600000 -0.967450 0.253063 0.054219 0.998529 -1.314952 0.054246 0.253063 -0.967450 0.998529 0.054219 0.003824 3.059588 0.248690 0.754858 400.000000 0.754858 0.000257 0.205502 -0.968583 0.071931 400.000000 0.071931 0.000050 0.040375 0.998027 -25.164903 400.000000 -25.164903 0.014694 11.755157 0.062791 28.384135 400.000000 28.384135
 16.800000 -0.976479 0.215612 0.059377 0.998236 -1.353478 0.059412 0.215612 -0.976479 0.998236 0.059377 0.218827 175.061791 0.248690 0.754858 400.000000 0.754858 0.012469 9.975290 -0.968583 0.071931 400.000000 0.071931 0.000009 0.006981 0.998027 -25.164903 400.000000 -25.164903 0.002330 1.863890 0.062791 28.384135 400.000000 28.384135
 17.000000 -0.968840 0.247688 0.072458 0.997371 -1.320504 0.072522 0.247688 -0.968840 0.997371 0.072458 0.000201 0.160726 0.248690 0.754858 400.000000 0.754858 0.000013 0.010550 -0.968583 0.071931 400.000000 0.071931 0.000086 0.068699 0.998027 -25.164903 400.000000 -25.164903 0.018692 14.953489 0.062791 28.384135 400.000000 28.384135
 17.200000 -0.969891 0.243540 0.057587 0.998341 -1.324782 0.057619 0.243540 -0.969891 0.998341 0.057587 0.005304 4.243183 0.248690 0.754858 400.000000 0.754858 0.000342 0.273595 -0.968583 0.071931 400.000000 0.071931 0.000020 0.015753 0.998027 -25.164903 400.000000 -25.164903 0.005416 4.332622 0.062791 28.384135 400.000000 28.384135
 17.400000 -0.973457 0.228871 0.035187 0.999381 -1.339878 0.035195 0.228871 -0.973457 0.999381 0.035187 0.078555 62.843975 0.248690 0.754858 400.000000 0.754858 0.004750 3.800192 -0.968583 0.071931 400.000000 0.071931 0.000367 0.293333 0.998027 -25.164903 400.000000 -25.164903 0.152388 121.910008 0.062791 28.384135 400.000000 28.384135
 17.600000 -0.968357 0.249569 0.078699 0.996898 -1.318561 0.078781 0.249569 -0.968357 0.996898 0.078699 0.000155 0.123750 0.248690 0.754858 400.000000 0.754858 0.000010 0.008189 -0.968583 0.071931 400.000000 0.071931 0.000255 0.203696 0.998027 -25.164903 400.000000 -25.164903 0.050617 40.493512 0.062791 28.384135 400.000000 28.384135
 17.800000 -0.969128 0.246557 0.037114 0.999311 -1.321670 0.037123 0.246557 -0.969128 0.999311 0.037114 0.000910 0.727785 0.248690 0.754858 400.000000 0.754858 0.000059 0.047541 -0.968583 0.071931 400.000000 0.071931 0.000330 0.263906 0.998027 -25.164903 400.000000 -25.164903 0.131853 105.482085 0.062791 28.384135 400.000000 28.384135
 18.000000 -0.969804 0.243884 0.024984 0.999688 -1.324427 0.024987 0.243884 -0.969804 0.999688 0.024984 0.004619 3.695069 0.248690 0.754858 400.000000 0.754858 0.000298 0.238608 -0.968583 0.071931 400.000000 0.071931 0.000552 0.441491 0.998027 -25.164903 400.000000 -25.164903 0.285865 228.691957 0.062791 28.384135 400.000000 28.384135
 18.200000 -0.964238 0.265039 0.042418 0.999100 -1.302552 0.042431 0.265039 -0.964238 0.999100 0.042418 0.053460 42.768161 0.248690 0.754858 400.000000 0.754858 0.003777 3.021383 -0.968583 0.071931 400.000000 0.071931 0.000230 0.184290 0.998027 -25.164903 400.000000 -25.164903 0.083008 66.406631 0.062791 28.384135 400.000000 28.384135
 18.400000 -0.965548 0.260227 0.128977 0.991648 -1.307539 0.129337 0.260227 -0.965548 0.991648 0.128977 0.026619 21.295481 0.248690 0.754858 400.000000 0.754858 0.001843 1.474378 -0.968583 0.071931 400.000000 0.071931 0.008139 6.510991 0.998027 -25.164903 400.000000 -25.164903 0.876134 700.906915 0.062791 28.384135 400.000000 28.384135
 18.600000 -0.957678 0.287843 0.120451 0.992719 -1.278822 0.120744 0.287843 -0.957678 0.992719 0.120451 0.306599 245.278849 0.248690 0.754858 400.000000 0.754858 0.023787 19.029318 -0.968583 0.071931 400.000000 0.071931 0.005634 4.507077 0.998027 -25.164903 400.000000 -25.164903 0.664949 531.959204 0.062791 28.384135 400.000000 28.384135
 18.800000 -0.960477 0.278359 0.146019 0.989282 -1.288711 0.146543 0.278359 -0.960477 0.989282 0.146019 0.176049 140.838927 0.248690 0.754858 400.000000 0.754858 0.013141 10.513142 -0.968583 0.071931 400.000000 0.071931 0.015295 12.235849 0.998027 -25.164903 400.000000 -25.164903 1.385396 1108.317143 0.062791 28.384135 400.000000 28.384135
 19.000000 -0.945195 0.326507 0.122786 0.992433 -1.238190 0.123096 0.326507 -0.945195 0.992433 0.122786 1.211113 968.890277 0.248690 0.754858 400.000000 0.754858 0.109405 87.523608 -0.968583 0.071931 400.000000 0.071931 0.006257 5.005964 0.998027 -25.164903 400.000000 -25.164903 0.719881 575.904710 0.062791 28.384135 400.000000 28.384135
 19.200000 -0.971399 0.237454 0.135832 0.990732 -1.331052 0.136253 0.237454 -0.971399 0.990732 0.135832 0.025247 20.197765 0.248690 0.754858 400.000000 0.754858 0.001585 1.268348 -0.968583 0.071931 400.000000 0.071931 0.010643 8.514268 0.998027 -25.164903 400.000000 -25.164903 1.067003 853.602632 0.062791 28.384135 400.000000 28.384135
 19.400000 -0.972527 0.232790 0.029058 0.999578 -1.335851 0.029062 0.232790 -0.972527 0.999578 0.029058 0.050561 40.448735 0.248690 0.754858 400.000000 0.754858 0.003111 2.488634 -0.968583 0.071931 400.000000 0.071931 0.000481 0.384893 0.998027 -25.164903 400.000000 -25.164903 0.227574 182.059407 0.062791 28.384135 400.000000 28.384135
 19.600000 -0.975304 0.220865 0.068878 0.997625 -1.348095 0.068932 0.220865 -0.975304 0.997625 0.068878 0.154849 123.879017 0.248690 0.754858 400.000000 0.754858 0.009035 7.228156 -0.968583 0.071931 400.000000 0.071931 0.000032 0.025806 0.998027 -25.164903 400.000000 -25.164903 0.007410 5.928358 0.062791 28.384135 400.000000 28.384135
 19.800000 -0.947636 0.319353 0.103273 0.994653 -1.245750 0.103458 0.319353 -0.947636 0.994653 0.103273 0.998657 798.925781 0.248690 0.754858 400.000000 0.754858 0.087758 70.206696 -0.968583 0.071931 400.000000 0.071931 0.002276 1.821082 0.998027 -25.164903 400.000000 -25.164903 0.327767 262.213887 0.062791 28.384135 400.000000 28.384135
 20.000000 -0.953801 0.300440 0.065199 0.997872 -1.265643 0.065246 0.300440 -0.953801 0.997872 0.065199 0.535608 428.486673 0.248690 0.754858 400.000000 0.754858 0.043704 34.962840 -0.968583 0.071931 400.000000 0.071931 0.000005 0.003818 0.998027 -25.164903 400.000000 -25.164903 0.001160 0.928366 0.062791 28.384135 400.000000 28.384135
