#! FIELDS time sin_phi cos_phi sin_psi cos_psi phi psi cos_phi sin_phi cos_psi sin_psi restraint_phi_cos.bias restraint_phi_cos.force2 restraint_phi_cos.cos_phi_cntr restraint_phi_cos.cos_phi_work restraint_phi_cos.cos_phi_kappa restraint_phi_cos.work restraint_phi_sin.bias restraint_phi_sin.force2 restraint_phi_sin.sin_phi_cntr restraint_phi_sin.sin_phi_work restraint_phi_sin.sin_phi_kappa restraint_phi_sin.work restraint_psi_cos.bias restraint_psi_cos.force2 restraint_psi_cos.cos_psi_cntr restraint_psi_cos.cos_psi_work restraint_psi_cos.cos_psi_kappa restraint_psi_cos.work restraint_psi_sin.bias restraint_psi_sin.force2 restraint_psi_sin.sin_psi_cntr restraint_psi_sin.sin_psi_work restraint_psi_sin.sin_psi_kappa restraint_psi_sin.work
#! SET min_phi -pi
#! SET max_phi pi
#! SET min_psi -pi
#! SET max_psi pi
 0.000000 -0.999983 -0.005782 0.966116 0.258110 -1.576579 1.309731 -0.005782 -0.999983 0.258110 0.966116 0.000000 0.000000 -0.009747 0.000000 0.000000 0.000000 0.000000 0.000000 -0.999953 0.000000 0.000000 0.000000 0.000000 0.000000 0.256142 0.000000 0.000000 0.000000 0.000000 0.000000 0.966639 0.000000 0.000000 0.000000
 0.200000 -0.999140 -0.041465 0.905017 0.425375 -1.612273 1.131421 -0.041465 -0.999140 0.425375 0.905017 0.020122 1.609727 -0.009747 0.662366 40.000000 0.662366 0.000013 0.001056 -0.999953 0.011529 40.000000 0.011529 0.572791 45.823258 0.256142 0.576361 40.000000 0.576361 0.075945 6.075570 0.966639 0.088549 40.000000 0.088549
 0.400000 -0.998868 -0.047565 0.956080 0.293105 -1.618379 1.273324 -0.047565 -0.998868 0.293105 0.956080 0.057208 9.153290 -0.009747 0.801257 80.000000 0.801257 0.000047 0.007525 -0.999953 0.011985 80.000000 0.011985 0.054649 8.743777 0.256142 0.735565 80.000000 0.735565 0.004459 0.713515 0.966639 0.099440 80.000000 0.099440
 0.600000 -0.997967 0.063731 0.981907 0.189363 -1.507022 1.380283 0.063731 -0.997967 0.189363 0.981907 0.323936 77.744754 -0.009747 0.886968 120.000000 0.886968 0.000237 0.056761 -0.999953 0.012279 120.000000 0.012279 0.267568 64.216434 0.256142 0.965554 120.000000 0.965554 0.013987 3.356842 0.966639 0.123244 120.000000 0.123244
 0.800000 -0.993237 0.116106 0.966930 0.255042 -1.454428 1.312905 0.116106 -0.993237 0.255042 0.966930 1.267110 405.475174 -0.009747 0.947160 160.000000 0.947160 0.003608 1.154570 -0.999953 0.012346 160.000000 0.012346 0.000097 0.031013 0.256142 1.077492 160.000000 1.077492 0.000007 0.002168 0.966639 0.133965 160.000000 0.133965
 1.000000 -0.995766 0.091921 0.976040 0.217589 -1.478745 1.351452 0.091921 -0.995766 0.217589 0.976040 1.033630 413.451895 -0.009747 1.048433 200.000000 1.048433 0.001752 0.700972 -0.999953 0.012636 200.000000 0.012636 0.148634 59.453599 0.256142 1.117662 200.000000 1.117662 0.008839 3.535417 0.966639 0.136762 200.000000 0.136762
 1.200000 -0.998339 0.057616 0.982473 0.186407 -1.513149 1.383292 0.057616 -0.998339 0.186407 0.982473 0.544521 261.370219 -0.009747 1.108176 240.000000 1.108176 0.000312 0.149986 -0.999953 0.012787 240.000000 0.012787 0.583555 280.106540 0.256142 1.161201 240.000000 1.161201 0.030084 14.440233 0.966639 0.140227 240.000000 0.140227
 1.400000 -0.997552 0.069926 0.946014 0.324125 -1.500813 1.240709 0.069926 -0.997552 0.324125 0.946014 0.888678 497.659653 -0.009747 1.170239 280.000000 1.170239 0.000807 0.451703 -0.999953 0.012956 280.000000 0.012956 0.647034 362.339286 0.256142 1.205116 280.000000 1.205116 0.059554 33.350295 0.966639 0.144050 280.000000 0.144050
 1.600000 -0.999690 0.024895 0.961321 0.275432 -1.545899 1.291757 0.024895 -0.999690 0.275432 0.961321 0.192008 122.885252 -0.009747 1.219964 320.000000 1.219964 0.000011 0.007053 -0.999953 0.013014 320.000000 0.013014 0.059534 38.101702 0.256142 1.269732 320.000000 1.269732 0.004526 2.896520 0.966639 0.148948 320.000000 0.148948
 1.800000 -0.999539 -0.030368 0.959785 0.280736 -1.601169 1.286235 -0.030368 -0.999539 0.280736 0.959785 0.076545 55.112573 -0.009747 1.248325 360.000000 1.248325 0.000031 0.022183 -0.999953 0.013049 360.000000 0.013049 0.108875 78.389934 0.256142 1.295117 360.000000 1.295117 0.008456 6.088479 0.966639 0.150759 360.000000 0.150759
 2.000000 -0.999242 -0.038932 0.964151 0.265353 -1.609738 1.302226 -0.038932 -0.999242 0.265353 0.964151 0.170358 136.286607 -0.009747 1.286725 400.000000 1.286725 0.000101 0.080801 -0.999953 0.013076 400.000000 0.013076 0.016967 13.573231 0.256142 1.318601 400.000000 1.318601 0.001238 0.990179 0.966639 0.152522 400.000000 0.152522
 2.200000 -0.999603 0.028185 0.962061 0.272834 -1.542608 1.294459 0.028185 -0.999603 0.272834 0.962061 0.660302 528.241734 -0.029274 1.358910 400.000000 1.358910 0.295554 236.443231 -0.961161 0.298952 400.000000 0.298952 0.004270 3.416372 0.268213 1.247288 400.000000 1.247288 1.082862 866.289529 0.888479 1.153614 400.000000 1.153614
 2.400000 -0.999704 -0.024312 0.938834 0.344369 -1.595111 1.219230 -0.024312 -0.999704 0.344369 0.938834 0.119951 95.960914 -0.048802 1.437075 400.000000 1.437075 1.196140 956.912279 -0.922369 1.187760 400.000000 1.187760 0.821361 657.088884 0.280284 1.065787 400.000000 1.065787 3.303242 2642.593764 0.810319 4.266105 400.000000 4.266105
 2.600000 -0.999744 -0.022622 0.939601 0.342272 -1.593420 1.221462 -0.022622 -0.999744 0.342272 0.939601 0.417840 334.271798 -0.068330 1.455564 400.000000 1.455564 2.698918 2159.134137 -0.883578 2.656163 400.000000 2.656163 0.498335 398.668140 0.292355 0.772502 400.000000 0.772502 8.606422 6885.137915 0.732159 9.444075 400.000000 9.444075
 2.800000 -0.990225 -0.139480 0.918571 0.395256 -1.710732 1.164450 -0.139480 -0.990225 0.395256 0.918571 0.532969 426.374896 -0.087857 1.496419 400.000000 1.496419 4.230478 3384.382034 -0.844786 4.709390 400.000000 4.709390 1.650004 1320.003585 0.304426 0.287629 400.000000 0.287629 13.999663 11199.730531 0.653999 16.413319 400.000000 16.413319
 3.000000 -0.999204 -0.039888 0.840372 0.542011 -1.610695 0.997969 -0.039888 -0.999204 0.542011 0.840372 0.911166 728.932509 -0.107385 1.542513 400.000000 1.542513 7.465970 5972.776099 -0.805995 7.340973 400.000000 7.340973 10.171247 8136.997922 0.316497 -0.408485 400.000000 -0.408485 13.995499 11196.399016 0.575839 24.983246 400.000000 24.983246
 3.200000 -0.991232 -0.132133 0.831861 0.554984 -1.703317 0.982453 -0.132133 -0.991232 0.554984 0.831861 0.005450 4.360019 -0.126913 1.404516 400.000000 1.404516 10.037773 8030.218768 -0.767203 10.494997 400.000000 10.494997 10.252802 8202.241686 0.328568 -1.315929 400.000000 -1.315929 22.335528 17868.422648 0.497679 35.033632 400.000000 35.033632
 3.400000 -0.987454 -0.157909 0.771849 0.635805 -1.729369 0.881745 -0.157909 -0.987454 0.635805 0.771849 0.026303 21.042176 -0.146441 1.209232 400.000000 1.209232 13.420552 10736.441800 -0.728412 14.179563 400.000000 14.179563 17.424628 13939.702199 0.340639 -2.524120 400.000000 -2.524120 24.827315 19861.852283 0.419519 45.987353 400.000000 45.987353
 3.600000 -0.973492 -0.228723 0.724888 0.688866 -1.801562 0.810872 -0.228723 -0.973492 0.688866 0.724888 0.787617 630.093818 -0.165968 0.958720 400.000000 0.958720 16.116601 12893.280529 -0.689620 18.406780 400.000000 18.406780 22.600214 18080.171127 0.352710 -4.063797 400.000000 -4.063797 29.418917 23535.133617 0.341359 57.393444 400.000000 57.393444
 3.800000 -0.951613 -0.307298 0.635857 0.771807 -1.883148 0.689118 -0.307298 -0.951613 0.771807 0.635857 2.967123 2373.698315 -0.185496 0.499615 400.000000 0.499615 18.094297 14475.437833 -0.650829 23.076441 400.000000 23.076441 33.133988 26507.190379 0.364781 -6.013382 400.000000 -6.013382 27.774782 22219.825900 0.263199 68.116732 400.000000 68.116732
 4.000000 -0.955727 -0.294255 0.496494 0.868040 -1.869472 0.519555 -0.294255 -0.955727 0.868040 0.496494 1.592439 1273.951361 -0.205024 -0.257579 400.000000 -0.257579 23.624539 18899.631458 -0.612037 28.098199 400.000000 28.098199 48.253173 38602.538674 0.376852 -8.371601 400.000000 -8.371601 19.400788 15520.630651 0.185039 76.931223 400.000000 76.931223
 4.200000 -0.951331 -0.308170 0.234733 0.972060 -1.884065 0.236944 -0.308170 -0.951331 0.972060 0.234733 1.398407 1118.725895 -0.224552 -1.046731 400.000000 -1.046731 28.589763 22871.810226 -0.573246 33.603031 400.000000 33.603031 68.009721 54407.776882 0.388923 -10.983046 400.000000 -10.983046 3.269310 2615.447608 0.106879 84.011911 400.000000 84.011911
 4.400000 -0.861721 -0.507382 0.061004 0.998138 -2.102941 0.061042 -0.507382 -0.861721 0.998138 0.061004 13.865680 11092.543699 -0.244079 -2.186625 400.000000 -2.186625 21.420746 17136.596868 -0.534454 39.345427 400.000000 39.345427 71.316064 57052.851044 0.400994 -13.811453 400.000000 -13.811453 0.208465 166.771928 0.028719 87.641288 400.000000 87.641288
 4.600000 -0.894299 -0.447470 -0.000557 1.000000 -2.034731 -0.000557 -0.447470 -0.894299 1.000000 -0.000557 6.761104 5408.883244 -0.263607 -3.612211 400.000000 -3.612211 31.782212 25425.769276 -0.495662 45.294313 400.000000 45.294313 68.898499 55118.799404 0.413065 -16.669005 400.000000 -16.669005 0.477924 382.339268 -0.049441 87.597055 400.000000 87.597055
 4.800000 -0.877005 -0.480481 -0.197114 0.980381 -2.071999 -0.198413 -0.480481 -0.877005 0.980381 -0.197114 7.789061 6231.248996 -0.283135 -5.350893 400.000000 -5.350893 35.302590 28242.072240 -0.456871 51.344766 400.000000 51.344766 61.659317 49327.453668 0.425136 -19.368732 400.000000 -19.368732 0.966413 773.130283 -0.127601 84.332448 400.000000 84.332448
 5.000000 -0.779380 -0.626551 -0.349658 0.936877 -2.247916 -0.357206 -0.626551 -0.779380 0.936877 -0.349658 20.980750 16784.599697 -0.302663 -7.252013 400.000000 -7.252013 26.107672 20886.137539 -0.418079 57.612270 400.000000 57.612270 49.934110 39947.287895 0.437207 -21.820276 400.000000 -21.820276 4.141283 3313.026335 -0.205761 78.953761 400.000000 78.953761
 5.200000 -0.801469 -0.598036 -0.499487 0.866321 -2.211845 -0.523007 -0.598036 -0.801469 0.866321 -0.499487 15.218207 12174.565827 -0.322190 -9.605632 400.000000 -9.605632 35.647371 28517.896740 -0.379288 63.642757 400.000000 63.642757 34.785031 27828.024508 0.449278 -23.927493 400.000000 -23.927493 9.293774 7435.019266 -0.283921 71.878517 400.000000 71.878517
 5.400000 -0.613204 -0.789924 -0.685899 0.727696 -2.481482 -0.755839 -0.789924 -0.613204 0.727696 -0.685899 40.177750 32142.200212 -0.341718 -12.352713 400.000000 -12.352713 14.873940 11899.151925 -0.340496 69.327380 400.000000 69.327380 14.188194 11350.555153 0.461349 -25.671793 400.000000 -25.671793 20.971701 16777.361137 -0.362081 64.080007 400.000000 64.080007
 5.600000 -0.562026 -0.827120 -0.659050 0.752099 -2.544760 -0.719555 -0.827120 -0.562026 0.752099 -0.659050 43.407707 34726.165307 -0.361246 -15.372129 400.000000 -15.372129 13.553390 10842.711635 -0.301705 74.745609 400.000000 74.745609 15.532438 12425.950175 0.473420 -27.101049 400.000000 -27.101049 9.575485 7660.387746 -0.440241 56.504090 400.000000 56.504090
 5.800000 -0.621882 -0.783111 -0.659072 0.752080 -2.470450 -0.719584 -0.783111 -0.621882 0.752080 -0.659072 32.375130 25900.103712 -0.380774 -18.729355 400.000000 -18.729355 25.771646 20617.316976 -0.262913 79.618455 400.000000 79.618455 14.213968 11371.174718 0.485491 -28.204271 400.000000 -28.204271 3.957662 3166.129599 -0.518401 49.472655 400.000000 49.472655
 6.000000 -0.434085 -0.900872 -0.739421 0.673243 -2.692571 -0.832210 -0.900872 -0.434085 0.673243 -0.739421 50.114215 40091.371775 -0.400301 -22.275342 400.000000 -22.275342 8.816886 7053.508579 -0.224122 84.079059 400.000000 84.079059 6.172807 4938.245443 0.497562 -29.057986 400.000000 -29.057986 4.081804 3265.443420 -0.596561 43.698189 400.000000 43.698189
 6.200000 -0.430461 -0.902609 -0.775853 0.630914 -2.696589 -0.888065 -0.902609 -0.430461 0.630914 -0.775853 46.615280 37292.224003 -0.419829 -26.036508 400.000000 -26.036508 12.017870 9614.296206 -0.185330 87.796954 400.000000 87.796954 2.941840 2353.471991 0.509633 -29.641221 400.000000 -29.641221 2.045528 1636.422620 -0.674721 39.177871 400.000000 39.177871
 6.400000 -0.236139 -0.971719 -0.812571 0.582863 -2.903202 -0.948549 -0.971719 -0.236139 0.582863 -0.812571 56.681935 45345.547706 -0.439357 -29.905058 400.000000 -29.905058 1.605660 1284.528007 -0.146539 91.047804 400.000000 91.047804 0.748081 598.464464 0.521704 -30.007455 400.000000 -30.007455 0.712579 570.063354 -0.752881 36.315678 400.000000 36.315678
 6.600000 -0.138290 -0.990392 -0.791084 0.611708 -3.002858 -0.912579 -0.990392 -0.138290 0.611708 -0.791084 56.499986 45199.989000 -0.458885 -33.875059 400.000000 -33.875059 0.186572 149.257244 -0.107747 93.412098 400.000000 93.412098 1.214718 971.774438 0.533775 -30.148318 400.000000 -30.148318 0.319313 255.450754 -0.831041 35.133502 400.000000 35.133502
 6.800000 -0.150820 -0.988561 -0.812645 0.582759 -2.990195 -0.948676 -0.988561 -0.150820 0.582759 -0.812645 52.050379 41640.303368 -0.478412 -37.806812 400.000000 -37.806812 1.340363 1072.290264 -0.068956 95.598615 400.000000 95.598615 0.440530 352.424232 0.535827 -30.168692 400.000000 -30.168692 0.200763 160.610436 -0.844328 35.189025 400.000000 35.189025
 7.000000 -0.045559 -0.998962 -0.819359 0.573280 -3.096018 -0.960293 -0.998962 -0.045559 0.573280 -0.819359 50.204526 40163.620593 -0.497940 -41.729012 400.000000 -41.729012 0.047401 37.920855 -0.030164 96.769634 400.000000 96.769634 0.280552 224.441379 0.535827 -30.168692 400.000000 -30.168692 0.124686 99.748511 -0.844328 35.189025 400.000000 35.189025
 7.200000 -0.026080 -0.999660 -0.843201 0.537598 -3.115510 -1.003210 -0.999660 -0.026080 0.537598 -0.843201 46.501835 37201.467827 -0.517468 -45.541886 400.000000 -45.541886 0.240923 192.738291 0.008628 97.598636 400.000000 97.598636 0.000627 0.501949 0.535827 -30.168692 400.000000 -30.168692 0.000254 0.203095 -0.844328 35.189025 400.000000 35.189025
 7.400000 0.125049 -0.992151 -0.848353 0.529431 3.016215 -1.012866 -0.992151 0.125049 0.529431 -0.848353 41.433207 33146.565285 -0.536996 -49.219172 400.000000 -49.219172 1.205296 964.236645 0.047419 97.843965 400.000000 97.843965 0.008181 6.544538 0.535827 -30.168692 400.000000 -30.168692 0.003240 2.592021 -0.844328 35.189025 400.000000 35.189025
 7.600000 0.119549 -0.992828 -0.844046 0.536271 3.021757 -1.004783 -0.992828 0.119549 0.536271 -0.844046 38.072411 30457.928734 -0.556523 -52.710796 400.000000 -52.710796 0.222290 177.832187 0.086211 97.868741 400.000000 97.868741 0.000040 0.031630 0.535827 -30.168692 400.000000 -30.168692 0.000016 0.012754 -0.844328 35.189025 400.000000 35.189025
 7.800000 0.136551 -0.990633 -0.883462 0.468503 3.004614 -1.083200 -0.990633 0.136551 0.468503 -0.883462 34.375645 27500.515971 -0.576051 -55.997224 400.000000 -55.997224 0.026676 21.340612 0.125002 97.233610 400.000000 97.233610 0.906486 725.188902 0.535827 -30.168692 400.000000 -30.168692 0.306290 245.031852 -0.844328 35.189025 400.000000 35.189025
 8.000000 0.172955 -0.984930 -0.845928 0.533297 2.967764 -1.008303 -0.984930 0.172955 0.533297 -0.845928 30.318835 24255.068284 -0.595579 -59.094920 400.000000 -59.094920 0.016785 13.428385 0.163794 96.671172 400.000000 96.671172 0.001280 1.024043 0.535827 -30.168692 400.000000 -30.168692 0.000512 0.409703 -0.844328 35.189025 400.000000 35.189025
 8.200000 0.201339 -0.979522 -0.837268 0.546793 2.938868 -0.992268 -0.979522 0.201339 0.546793 -0.837268 26.559668 21247.734048 -0.615107 -61.878983 400.000000 -61.878983 0.000311 0.248424 0.202585 95.348131 400.000000 95.348131 0.024050 19.239642 0.535827 -30.168692 400.000000 -30.168692 0.009968 7.974532 -0.844328 35.189025 400.000000 35.189025
 8.400000 0.347218 -0.937784 -0.883199 0.468998 2.786990 -1.082641 -0.937784 0.347218 0.468998 -0.883199 18.379999 14703.999193 -0.634634 -64.485534 400.000000 -64.485534 2.240479 1792.383512 0.241377 94.487914 400.000000 94.487914 0.893231 714.584513 0.535827 -30.168692 400.000000 -30.168692 0.302200 241.759733 -0.844328 35.189025 400.000000 35.189025
 8.600000 0.325077 -0.945688 -0.875544 0.483138 2.810499 -1.066561 -0.945688 0.325077 0.483138 -0.875544 16.997428 13597.942024 -0.654162 -66.774698 400.000000 -66.774698 0.403358 322.686708 0.280168 93.202354 400.000000 93.202354 0.555225 444.180305 0.535827 -30.168692 400.000000 -30.168692 0.194893 155.914010 -0.844328 35.189025 400.000000 35.189025
 8.800000 0.341215 -0.939985 -0.875834 0.482613 2.793384 -1.067160 -0.939985 0.341215 0.482613 -0.875834 14.182679 11346.142984 -0.673690 -68.807793 400.000000 -68.807793 0.099054 79.243482 0.318960 91.977728 400.000000 91.977728 0.566337 453.069877 0.535827 -30.168692 400.000000 -30.168692 0.198522 158.817231 -0.844328 35.189025 400.000000 35.189025
 9.000000 0.471876 -0.881665 -0.841435 0.540359 2.650176 -0.999933 -0.881665 0.471876 0.540359 -0.841435 7.102505 5682.004204 -0.693217 -70.618495 400.000000 -70.618495 2.604864 2083.891252 0.357751 91.021391 400.000000 91.021391 0.004108 3.286246 0.535827 -30.168692 400.000000 -30.168692 0.001674 1.339311 -0.844328 35.189025 400.000000 35.189025
 9.200000 0.474334 -0.880345 -0.854985 0.518653 2.647385 -1.025521 -0.880345 0.474334 0.518653 -0.854985 5.617932 4494.345674 -0.712745 -72.094149 400.000000 -72.094149 1.210291 968.233002 0.396543 89.878299 400.000000 89.878299 0.058985 47.188179 0.535827 -30.168692 400.000000 -30.168692 0.022713 18.170360 -0.844328 35.189025 400.000000 35.189025
 9.400000 0.499877 -0.866097 -0.837238 0.546838 2.618136 -0.992213 -0.866097 0.499877 0.546838 -0.837238 3.581753 2865.402277 -0.732273 -73.345440 400.000000 -73.345440 0.833138 666.510602 0.435334 89.097040 400.000000 89.097040 0.024251 19.400414 0.535827 -30.168692 400.000000 -30.168692 0.010053 8.042134 -0.844328 35.189025 400.000000 35.189025
 9.600000 0.580178 -0.814490 -0.849430 0.527702 2.522646 -1.014904 -0.814490 0.580178 0.527702 -0.849430 0.785989 628.791525 -0.751801 -74.270840 400.000000 -74.270840 2.249386 1799.509155 0.474126 88.286732 400.000000 88.286732 0.013204 10.562906 0.535827 -30.168692 400.000000 -30.168692 0.005206 4.164655 -0.844328 35.189025 400.000000 35.189025
 9.800000 0.558027 -0.829823 -0.855989 0.516994 2.549586 -1.027461 -0.829823 0.558027 0.516994 -0.855989 0.684313 547.450064 -0.771328 -75.001204 400.000000 -75.001204 0.406978 325.582152 0.512918 87.950360 400.000000 87.950360 0.070934 56.747485 0.535827 -30.168692 400.000000 -30.168692 0.027196 21.756841 -0.844328 35.189025 400.000000 35.189025
 10.000000 0.505008 -0.863115 -0.828911 0.559381 2.612201 -0.977158 -0.863115 0.505008 0.559381 -0.828911 1.044253 835.402374 -0.790856 -75.382461 400.000000 -75.382461 0.436194 348.955364 0.551709 87.587405 400.000000 87.587405 0.110956 88.764646 0.535827 -30.168692 400.000000 -30.168692 0.047536 38.029167 -0.844328 35.189025 400.000000 35.189025
 10.200000 0.572516 -0.819893 -0.844215 0.536005 2.532021 -1.005099 -0.819893 0.572516 0.536005 -0.844215 0.023659 18.926989 -0.809017 -75.589472 400.000000 -75.589472 0.046628 37.302166 0.587785 87.748381 400.000000 87.748381 0.000006 0.005065 0.535827 -30.168692 400.000000 -30.168692 0.000003 0.002041 -0.844328 35.189025 400.000000 35.189025
 10.400000 0.579711 -0.814822 -0.825583 0.564281 2.523219 -0.971234 -0.814822 0.579711 0.564281 -0.825583 0.006740 5.392286 -0.809017 -75.589472 400.000000 -75.589472 0.013039 10.431534 0.587785 87.748381 400.000000 87.748381 0.161933 129.546325 0.535827 -30.168692 400.000000 -30.168692 0.070278 56.222420 -0.844328 35.189025 400.000000 35.189025
 10.600000 0.497431 -0.867503 -0.862713 0.505694 2.620957 -1.040610 -0.867503 0.497431 0.505694 -0.862713 0.684131 547.305072 -0.809017 -75.589472 400.000000 -75.589472 1.632767 1306.213976 0.587785 87.748381 400.000000 87.748381 0.181596 145.276752 0.535827 -30.168692 400.000000 -30.168692 0.067601 54.080948 -0.844328 35.189025 400.000000 35.189025
 10.800000 0.566802 -0.823854 -0.834894 0.550411 2.538974 -0.987940 -0.823854 0.566802 0.550411 -0.834894 0.044030 35.223668 -0.809017 -75.589472 400.000000 -75.589472 0.088063 70.450710 0.587785 87.748381 400.000000 87.748381 0.042539 34.031545 0.535827 -30.168692 400.000000 -30.168692 0.017800 14.240174 -0.844328 35.189025 400.000000 35.189025
 11.000000 0.614746 -0.788725 -0.839791 0.542910 2.479529 -0.996898 -0.788725 0.614746 0.542910 -0.839791 0.082350 65.879864 -0.809017 -75.589472 400.000000 -75.589472 0.145373 116.298386 0.587785 87.748381 400.000000 87.748381 0.010034 8.027482 0.535827 -30.168692 400.000000 -30.168692 0.004117 3.293555 -0.844328 35.189025 400.000000 35.189025
 11.200000 0.569650 -0.821887 -0.848561 0.529097 2.535512 -1.013261 -0.821887 0.569650 0.529097 -0.848561 0.033129 26.503011 -0.809017 -75.589472 400.000000 -75.589472 0.065776 52.620940 0.587785 87.748381 400.000000 87.748381 0.009059 7.246917 0.535827 -30.168692 400.000000 -30.168692 0.003585 2.867695 -0.844328 35.189025 400.000000 35.189025
 11.400000 0.532720 -0.846292 -0.837965 0.545724 2.579781 -0.993544 -0.846292 0.532720 0.545724 -0.837965 0.277878 222.302376 -0.809017 -75.589472 400.000000 -75.589472 0.606435 485.147895 0.587785 87.748381 400.000000 87.748381 0.019589 15.671374 0.535827 -30.168692 400.000000 -30.168692 0.008097 6.477347 -0.844328 35.189025 400.000000 35.189025
 11.600000 0.540687 -0.841224 -0.849954 0.526857 2.570339 -1.015897 -0.841224 0.540687 0.526857 -0.849954 0.207458 165.966276 -0.809017 -75.589472 400.000000 -75.589472 0.443653 354.922022 0.587785 87.748381 400.000000 87.748381 0.016090 12.872072 0.535827 -30.168692 400.000000 -30.168692 0.006330 5.063906 -0.844328 35.189025 400.000000 35.189025
 11.800000 0.579544 -0.814941 -0.808458 0.588554 2.523424 -0.941528 -0.814941 0.579544 0.588554 -0.808458 0.007019 5.615246 -0.809017 -75.589472 400.000000 -75.589472 0.013584 10.867556 0.587785 87.748381 400.000000 87.748381 0.556022 444.817735 0.535827 -30.168692 400.000000 -30.168692 0.257327 205.861556 -0.844328 35.189025 400.000000 35.189025
 12.000000 0.605761 -0.795647 -0.856023 0.516937 2.490870 -1.027527 -0.795647 0.605761 0.516937 -0.856023 0.035754 28.602998 -0.809017 -75.589472 400.000000 -75.589472 0.064627 51.701234 0.587785 87.748381 400.000000 87.748381 0.071364 57.091000 0.535827 -30.168692 400.000000 -30.168692 0.027357 21.885292 -0.844328 35.189025 400.000000 35.189025
 12.200000 0.537341 -0.843365 -0.830478 0.557051 2.574312 -0.979965 -0.843365 0.537341 0.557051 -0.830478 0.235960 188.768090 -0.809017 -75.589472 400.000000 -75.589472 0.508929 407.143272 0.587785 87.748381 400.000000 87.748381 0.090096 72.077107 0.535827 -30.168692 400.000000 -30.168692 0.038364 30.691056 -0.844328 35.189025 400.000000 35.189025
 12.400000 0.612426 -0.790528 -0.850529 0.525928 2.482467 -1.016991 -0.790528 0.612426 0.525928 -0.850529 0.068369 54.695170 -0.809017 -75.589472 400.000000 -75.589472 0.121433 97.146355 0.587785 87.748381 400.000000 87.748381 0.019597 15.677930 0.535827 -30.168692 400.000000 -30.168692 0.007691 6.152775 -0.844328 35.189025 400.000000 35.189025
 12.600000 0.547558 -0.836767 -0.814612 0.580006 2.562149 -0.952060 -0.836767 0.547558 0.580006 -0.814612 0.154017 123.213883 -0.809017 -75.589472 400.000000 -75.589472 0.323639 258.911191 0.587785 87.748381 400.000000 87.748381 0.390357 312.285813 0.535827 -30.168692 400.000000 -30.168692 0.176603 141.282661 -0.844328 35.189025 400.000000 35.189025
 12.800000 0.536836 -0.843686 -0.872292 0.488986 2.574910 -1.059869 -0.843686 0.536836 0.488986 -0.872292 0.240393 192.314250 -0.809017 -75.589472 400.000000 -75.589472 0.519157 415.325290 0.587785 87.748381 400.000000 87.748381 0.438808 351.046170 0.535827 -30.168692 400.000000 -30.168692 0.156392 125.113872 -0.844328 35.189025 400.000000 35.189025
 13.000000 0.584617 -0.811309 -0.842914 0.538048 2.517184 -1.002676 -0.811309 0.584617 0.538048 -0.842914 0.001051 0.840667 -0.809017 -75.589472 400.000000 -75.589472 0.002007 1.605741 0.587785 87.748381 400.000000 87.748381 0.000987 0.789678 0.535827 -30.168692 400.000000 -30.168692 0.000400 0.319892 -0.844328 35.189025 400.000000 35.189025
 13.200000 0.533198 -0.845990 -0.839754 0.542967 2.579216 -0.996831 -0.845990 0.533198 0.542967 -0.839754 0.273406 218.724757 -0.809017 -75.589472 400.000000 -75.589472 0.595949 476.759551 0.587785 87.748381 400.000000 87.748381 0.010195 8.156346 0.535827 -30.168692 400.000000 -30.168692 0.004184 3.346923 -0.844328 35.189025 400.000000 35.189025
 13.400000 0.549772 -0.835315 -0.840078 0.542466 2.559501 -0.997427 -0.835315 0.549772 0.542466 -0.840078 0.138313 110.650026 -0.809017 -75.589472 400.000000 -75.589472 0.288997 231.197730 0.587785 87.748381 400.000000 87.748381 0.008814 7.051596 0.535827 -30.168692 400.000000 -30.168692 0.003612 2.889794 -0.844328 35.189025 400.000000 35.189025
 13.600000 0.542527 -0.840038 -0.835752 0.549106 2.568150 -0.989502 -0.840038 0.542527 0.549106 -0.835752 0.192464 153.971037 -0.809017 -75.589472 400.000000 -75.589472 0.409659 327.727177 0.587785 87.748381 400.000000 87.748381 0.035270 28.215751 0.535827 -30.168692 400.000000 -30.168692 0.014708 11.766235 -0.844328 35.189025 400.000000 35.189025
 13.800000 0.566691 -0.823930 -0.848800 0.528714 2.539108 -1.013712 -0.823930 0.566691 0.528714 -0.848800 0.044481 35.584799 -0.809017 -75.589472 400.000000 -75.589472 0.088992 71.193220 0.587785 87.748381 400.000000 87.748381 0.010120 8.095677 0.535827 -30.168692 400.000000 -30.168692 0.004000 3.200352 -0.844328 35.189025 400.000000 35.189025
 14.000000 0.645943 -0.763386 -0.860195 0.509966 2.439335 -1.035651 -0.763386 0.645943 0.509966 -0.860195 0.416443 333.154028 -0.809017 -75.589472 400.000000 -75.589472 0.676462 541.169970 0.587785 87.748381 400.000000 87.748381 0.133755 107.004188 0.535827 -30.168692 400.000000 -30.168692 0.050350 40.279744 -0.844328 35.189025 400.000000 35.189025
 14.200000 0.565456 -0.824779 -0.854942 0.518724 2.540607 -1.025439 -0.824779 0.565456 0.518724 -0.854942 0.049687 39.749292 -0.809017 -75.589472 400.000000 -75.589472 0.099723 79.778324 0.587785 87.748381 400.000000 87.748381 0.058503 46.802671 0.535827 -30.168692 400.000000 -30.168692 0.022532 18.025224 -0.844328 35.189025 400.000000 35.189025
 14.400000 0.519024 -0.854760 -0.843202 0.537598 2.595884 -1.003211 -0.854760 0.519024 0.537598 -0.843202 0.418479 334.783405 -0.809017 -75.589472 400.000000 -75.589472 0.945624 756.499246 0.587785 87.748381 400.000000 87.748381 0.000627 0.501732 0.535827 -30.168692 400.000000 -30.168692 0.000254 0.203007 -0.844328 35.189025 400.000000 35.189025
 14.600000 0.581938 -0.813233 -0.820562 0.571557 2.520483 -0.962394 -0.813233 0.581938 0.571557 -0.820562 0.003555 2.844027 -0.809017 -75.589472 400.000000 -75.589472 0.006838 5.470196 0.587785 87.748381 400.000000 87.748381 0.255334 204.266946 0.535827 -30.168692 400.000000 -30.168692 0.112962 90.369841 -0.844328 35.189025 400.000000 35.189025
 14.800000 0.528880 -0.848697 -0.833108 0.553111 2.584313 -0.984703 -0.848697 0.528880 0.553111 -0.833108 0.314897 251.917310 -0.809017 -75.589472 400.000000 -75.589472 0.693971 555.176730 0.587785 87.748381 400.000000 87.748381 0.059747 47.797715 0.535827 -30.168692 400.000000 -30.168692 0.025179 20.142870 -0.844328 35.189025 400.000000 35.189025
 15.000000 0.599253 -0.800560 -0.852385 0.522915 2.499025 -1.020529 -0.800560 0.599253 0.522915 -0.852385 0.014305 11.443906 -0.809017 -75.589472 400.000000 -75.589472 0.026301 21.041094 0.587785 87.748381 400.000000 87.748381 0.033343 26.674624 0.535827 -30.168692 400.000000 -30.168692 0.012983 10.386320 -0.844328 35.189025 400.000000 35.189025
 15.200000 0.565300 -0.824885 -0.818451 0.574577 2.540795 -0.958709 -0.824885 0.565300 0.574577 -0.818451 0.050360 40.287812 -0.809017 -75.589472 400.000000 -75.589472 0.101114 80.891463 0.587785 87.748381 400.000000 87.748381 0.300312 240.249221 0.535827 -30.168692 400.000000 -30.168692 0.133926 107.140773 -0.844328 35.189025 400.000000 35.189025
 15.400000 0.604000 -0.796984 -0.860266 0.509845 2.493082 -1.035791 -0.796984 0.604000 0.509845 -0.860266 0.028958 23.166136 -0.809017 -75.589472 400.000000 -75.589472 0.052585 42.067741 0.587785 87.748381 400.000000 87.748381 0.135007 108.005310 0.535827 -30.168692 400.000000 -30.168692 0.050805 40.643802 -0.844328 35.189025 400.000000 35.189025
 15.600000 0.550205 -0.835029 -0.827561 0.561376 2.558982 -0.974749 -0.835029 0.550205 0.561376 -0.827561 0.135329 108.262985 -0.809017 -75.589472 400.000000 -75.589472 0.282449 225.959577 0.587785 87.748381 400.000000 87.748381 0.130551 104.441070 0.535827 -30.168692 400.000000 -30.168692 0.056226 44.981117 -0.844328 35.189025 400.000000 35.189025
 15.800000 0.599715 -0.800214 -0.808423 0.588602 2.498448 -0.941467 -0.800214 0.599715 0.588602 -0.808423 0.015499 12.399486 -0.809017 -75.589472 400.000000 -75.589472 0.028463 22.770524 0.587785 87.748381 400.000000 87.748381 0.557054 445.643413 0.535827 -30.168692 400.000000 -30.168692 0.257838 206.270513 -0.844328 35.189025 400.000000 35.189025
 16.000000 0.560366 -0.828245 -0.827300 0.561760 2.546765 -0.974285 -0.828245 0.560366 0.561760 -0.827300 0.073943 59.154451 -0.809017 -75.589472 400.000000 -75.589472 0.150361 120.288867 0.587785 87.748381 400.000000 87.748381 0.134502 107.601993 0.535827 -30.168692 400.000000 -30.168692 0.057987 46.389350 -0.844328 35.189025 400.000000 35.189025
 16.200000 0.597876 -0.801589 -0.851541 0.524288 2.500744 -1.018918 -0.801589 0.597876 0.524288 -0.851541 0.011035 8.828366 -0.809017 -75.589472 400.000000 -75.589472 0.020363 16.290629 0.587785 87.748381 400.000000 87.748381 0.026631 21.304693 0.535827 -30.168692 400.000000 -30.168692 0.010407 8.325225 -0.844328 35.189025 400.000000 35.189025
 16.400000 0.603894 -0.797064 -0.873724 0.486422 2.493215 -1.062806 -0.797064 0.603894 0.486422 -0.873724 0.028573 22.858516 -0.809017 -75.589472 400.000000 -75.589472 0.051901 41.520643 0.587785 87.748381 400.000000 87.748381 0.488162 390.529477 0.535827 -30.168692 400.000000 -30.168692 0.172824 138.259423 -0.844328 35.189025 400.000000 35.189025
 16.600000 0.565661 -0.824638 -0.829739 0.558152 2.540357 -0.978639 -0.824638 0.565661 0.558152 -0.829739 0.048800 39.040334 -0.809017 -75.589472 400.000000 -75.589472 0.097892 78.313910 0.587785 87.748381 400.000000 87.748381 0.099683 79.746293 0.535827 -30.168692 400.000000 -30.168692 0.042569 34.055151 -0.844328 35.189025 400.000000 35.189025
 16.800000 0.628663 -0.777678 -0.856129 0.516762 2.461760 -1.027732 -0.777678 0.628663 0.516762 -0.856129 0.196429 157.142904 -0.809017 -75.589472 400.000000 -75.589472 0.334198 267.358684 0.587785 87.748381 400.000000 87.748381 0.072692 58.153433 0.535827 -30.168692 400.000000 -30.168692 0.027853 22.282389 -0.844328 35.189025 400.000000 35.189025
 17.000000 0.544284 -0.838901 -0.848917 0.528526 2.566057 -1.013933 -0.838901 0.544284 0.528526 -0.848917 0.178611 142.888963 -0.809017 -75.589472 400.000000 -75.589472 0.378472 302.777727 0.587785 87.748381 400.000000 87.748381 0.010660 8.528074 0.535827 -30.168692 400.000000 -30.168692 0.004212 3.369633 -0.844328 35.189025 400.000000 35.189025
 17.200000 0.621244 -0.783617 -0.861946 0.507000 2.471264 -1.039095 -0.783617 0.621244 0.507000 -0.861946 0.129029 103.223152 -0.809017 -75.589472 400.000000 -75.589472 0.223896 179.116553 0.587785 87.748381 400.000000 87.748381 0.166193 132.954233 0.535827 -30.168692 400.000000 -30.168692 0.062078 49.662593 -0.844328 35.189025 400.000000 35.189025
 17.400000 0.546683 -0.837340 -0.844132 0.536135 2.563195 -1.004945 -0.837340 0.546683 0.536135 -0.844132 0.160437 128.349564 -0.809017 -75.589472 400.000000 -75.589472 0.337884 270.307378 0.587785 87.748381 400.000000 87.748381 0.000019 0.015165 0.535827 -30.168692 400.000000 -30.168692 0.000008 0.006112 -0.844328 35.189025 400.000000 35.189025
 17.600000 0.602609 -0.798036 -0.851914 0.523681 2.494826 -1.019630 -0.798036 0.602609 0.523681 -0.851914 0.024115 19.292182 -0.809017 -75.589472 400.000000 -75.589472 0.043951 35.160897 0.587785 87.748381 400.000000 87.748381 0.029502 23.601591 0.535827 -30.168692 400.000000 -30.168692 0.011510 9.208190 -0.844328 35.189025 400.000000 35.189025
 17.800000 0.537071 -0.843537 -0.861521 0.507722 2.574632 -1.038258 -0.843537 0.537071 0.507722 -0.861521 0.238328 190.662327 -0.809017 -75.589472 400.000000 -75.589472 0.514390 411.511828 0.587785 87.748381 400.000000 87.748381 0.157975 126.380080 0.535827 -30.168692 400.000000 -30.168692 0.059120 47.295859 -0.844328 35.189025 400.000000 35.189025
 18.000000 0.513312 -0.858202 -0.795879 0.605456 2.602553 -0.920458 -0.858202 0.513312 0.605456 -0.795879 0.483835 387.067685 -0.809017 -75.589472 400.000000 -75.589472 1.109254 887.403056 0.587785 87.748381 400.000000 87.748381 0.969633 775.706471 0.535827 -30.168692 400.000000 -30.168692 0.469458 375.566011 -0.844328 35.189025 400.000000 35.189025
 18.200000 0.630508 -0.776182 -0.846337 0.532648 2.459385 -1.009070 -0.776182 0.630508 0.532648 -0.846337 0.215621 172.496894 -0.809017 -75.589472 400.000000 -75.589472 0.365052 292.041923 0.587785 87.748381 400.000000 87.748381 0.002021 1.616967 0.535827 -30.168692 400.000000 -30.168692 0.000807 0.645825 -0.844328 35.189025 400.000000 35.189025
 18.400000 0.540847 -0.841121 -0.858008 0.513637 2.570149 -1.031378 -0.841121 0.540847 0.513637 -0.858008 0.206131 164.905112 -0.809017 -75.589472 400.000000 -75.589472 0.440635 352.508399 0.587785 87.748381 400.000000 87.748381 0.098478 78.782347 0.535827 -30.168692 400.000000 -30.168692 0.037427 29.941492 -0.844328 35.189025 400.000000 35.189025
 18.600000 0.599378 -0.800466 -0.871269 0.490806 2.498869 -1.057781 -0.800466 0.599378 0.490806 -0.871269 0.014623 11.698778 -0.809017 -75.589472 400.000000 -75.589472 0.026878 21.502673 0.587785 87.748381 400.000000 87.748381 0.405366 324.292592 0.535827 -30.168692 400.000000 -30.168692 0.145160 116.128115 -0.844328 35.189025 400.000000 35.189025
 18.800000 0.598202 -0.801345 -0.835532 0.549442 2.500337 -0.989100 -0.801345 0.598202 0.549442 -0.835532 0.011772 9.417409 -0.809017 -75.589472 400.000000 -75.589472 0.021703 17.362735 0.587785 87.748381 400.000000 87.748381 0.037073 29.658556 0.535827 -30.168692 400.000000 -30.168692 0.015473 12.378791 -0.844328 35.189025 400.000000 35.189025
 19.000000 0.589711 -0.807614 -0.833953 0.551835 2.510892 -0.986233 -0.807614 0.589711 0.551835 -0.833953 0.000393 0.314729 -0.809017 -75.589472 400.000000 -75.589472 0.000742 0.593252 0.587785 87.748381 400.000000 87.748381 0.051255 41.004161 0.535827 -30.168692 400.000000 -30.168692 0.021528 17.222122 -0.844328 35.189025 400.000000 35.189025
 19.200000 0.592834 -0.805324 -0.830132 0.557567 2.507019 -0.979344 -0.805324 0.592834 0.557567 -0.830132 0.002727 2.181603 -0.809017 -75.589472 400.000000 -75.589472 0.005099 4.078933 0.587785 87.748381 400.000000 87.748381 0.094527 75.621225 0.535827 -30.168692 400.000000 -30.168692 0.040305 32.243883 -0.844328 35.189025 400.000000 35.189025
 19.400000 0.626282 -0.779596 -0.829380 0.558686 2.464818 -0.977996 -0.779596 0.626282 0.558686 -0.829380 0.173114 138.491034 -0.809017 -75.589472 400.000000 -75.589472 0.296403 237.122350 0.587785 87.748381 400.000000 87.748381 0.104505 83.604160 0.535827 -30.168692 400.000000 -30.168692 0.044691 35.752810 -0.844328 35.189025 400.000000 35.189025
 19.600000 0.550471 -0.834855 -0.829342 0.558742 2.558665 -0.977929 -0.834855 0.550471 0.558742 -0.829342 0.133516 106.813148 -0.809017 -75.589472 400.000000 -75.589472 0.278478 222.782350 0.587785 87.748381 400.000000 87.748381 0.105019 84.014867 0.535827 -30.168692 400.000000 -30.168692 0.044917 35.933750 -0.844328 35.189025 400.000000 35.189025
 19.800000 0.563091 -0.826395 -0.840613 0.541636 2.543471 -0.998414 -0.826395 0.563091 0.541636 -0.840613 0.060396 48.317089 -0.809017 -75.589472 400.000000 -75.589472 0.121957 97.565741 0.587785 87.748381 400.000000 87.748381 0.006749 5.399547 0.535827 -30.168692 400.000000 -30.168692 0.002760 2.207967 -0.844328 35.189025 400.000000 35.189025
 20.000000 0.470606 -0.882344 -0.847469 0.530845 2.651616 -1.011199 -0.882344 0.470606 0.530845 -0.847469 1.075361 860.288403 -0.809017 -75.589472 400.000000 -75.589472 2.746214 2196.971215 0.587785 87.748381 400.000000 87.748381 0.004964 3.971022 0.535827 -30.168692 400.000000 -30.168692 0.001973 1.578583 -0.844328 35.189025 400.000000 35.189025
