#! FIELDS time sin_phi cos_phi sin_psi cos_psi phi psi cos_phi sin_phi cos_psi sin_psi restraint_phi_cos.bias restraint_phi_cos.force2 restraint_phi_cos.cos_phi_cntr restraint_phi_cos.cos_phi_work restraint_phi_cos.cos_phi_kappa restraint_phi_cos.work restraint_phi_sin.bias restraint_phi_sin.force2 restraint_phi_sin.sin_phi_cntr restraint_phi_sin.sin_phi_work restraint_phi_sin.sin_phi_kappa restraint_phi_sin.work restraint_psi_cos.bias restraint_psi_cos.force2 restraint_psi_cos.cos_psi_cntr restraint_psi_cos.cos_psi_work restraint_psi_cos.cos_psi_kappa restraint_psi_cos.work restraint_psi_sin.bias restraint_psi_sin.force2 restraint_psi_sin.sin_psi_cntr restraint_psi_sin.sin_psi_work restraint_psi_sin.sin_psi_kappa restraint_psi_sin.work
#! SET min_phi -pi
#! SET max_phi pi
#! SET min_psi -pi
#! SET max_psi pi
 0.000000 -0.999983 -0.005782 0.966116 0.258110 -1.576579 1.309731 -0.005782 -0.999983 0.258110 0.966116 0.000000 0.000000 -0.009747 0.000000 0.000000 0.000000 0.000000 0.000000 -0.999953 0.000000 0.000000 0.000000 0.000000 0.000000 0.256142 0.000000 0.000000 0.000000 0.000000 0.000000 0.966639 0.000000 0.000000 0.000000
 0.200000 -0.999140 -0.041468 0.905017 0.425376 -1.612276 1.131419 -0.041468 -0.999140 0.425376 0.905017 0.020124 1.609954 -0.009747 0.662364 40.000000 0.662364 0.000013 0.001057 -0.999953 0.011529 40.000000 0.011529 0.572802 45.824196 0.256142 0.576362 40.000000 0.576362 0.075947 6.075730 0.966639 0.088549 40.000000 0.088549
 0.400000 -0.998868 -0.047563 0.956080 0.293105 -1.618378 1.273324 -0.047563 -0.998868 0.293105 0.956080 0.057204 9.152712 -0.009747 0.801253 80.000000 0.801253 0.000047 0.007524 -0.999953 0.011985 80.000000 0.011985 0.054648 8.743688 0.256142 0.735574 80.000000 0.735574 0.004459 0.713507 0.966639 0.099441 80.000000 0.099441
 0.600000 -0.997967 0.063729 0.981907 0.189363 -1.507024 1.380283 0.063729 -0.997967 0.189363 0.981907 0.323920 77.740879 -0.009747 0.886965 120.000000 0.886965 0.000236 0.056755 -0.999953 0.012279 120.000000 0.012279 0.267572 64.217256 0.256142 0.965572 120.000000 0.965572 0.013987 3.356878 0.966639 0.123246 120.000000 0.123246
 0.800000 -0.993235 0.116122 0.966929 0.255047 -1.454412 1.312900 0.116122 -0.993235 0.255047 0.966929 1.267426 405.576279 -0.009747 0.947162 160.000000 0.947162 0.003610 1.155200 -0.999953 0.012347 160.000000 0.012347 0.000096 0.030699 0.256142 1.077507 160.000000 1.077507 0.000007 0.002146 0.966639 0.133967 160.000000 0.133967
 1.000000 -0.995765 0.091936 0.976042 0.217582 -1.478730 1.351460 0.091936 -0.995765 0.217582 0.976042 1.033939 413.575406 -0.009747 1.048428 200.000000 1.048428 0.001754 0.701442 -0.999953 0.012636 200.000000 0.012636 0.148692 59.476698 0.256142 1.117670 200.000000 1.117670 0.008842 3.536673 0.966639 0.136764 200.000000 0.136764
 1.200000 -0.998340 0.057595 0.982471 0.186416 -1.513169 1.383284 0.057595 -0.998340 0.186416 0.982471 0.544186 261.209476 -0.009747 1.108168 240.000000 1.108168 0.000312 0.149764 -0.999953 0.012787 240.000000 0.012787 0.583418 280.040651 0.256142 1.161205 240.000000 1.161205 0.030078 14.437395 0.966639 0.140228 240.000000 0.140228
 1.400000 -0.997551 0.069938 0.946021 0.324105 -1.500802 1.240731 0.069938 -0.997551 0.324105 0.946021 0.888940 497.806259 -0.009747 1.170234 280.000000 1.170234 0.000807 0.452012 -0.999953 0.012956 280.000000 0.012956 0.646647 362.122484 0.256142 1.205123 280.000000 1.205123 0.059514 33.327761 0.966639 0.144051 280.000000 0.144051
 1.600000 -0.999689 0.024924 0.961320 0.275435 -1.545870 1.291754 0.024924 -0.999689 0.275435 0.961320 0.192326 123.088428 -0.009747 1.219963 320.000000 1.219963 0.000011 0.007091 -0.999953 0.013014 320.000000 0.013014 0.059553 38.113830 0.256142 1.269743 320.000000 1.269743 0.004527 2.897478 0.966639 0.148949 320.000000 0.148949
 1.800000 -0.999538 -0.030378 0.959790 0.280718 -1.601179 1.286254 -0.030378 -0.999538 0.280718 0.959790 0.076620 55.166241 -0.009747 1.248322 360.000000 1.248322 0.000031 0.022216 -0.999953 0.013049 360.000000 0.013049 0.108717 78.276407 0.256142 1.295136 360.000000 1.295136 0.008443 6.079226 0.966639 0.150762 360.000000 0.150762
 2.000000 -0.999242 -0.038933 0.964149 0.265361 -1.609739 1.302218 -0.038933 -0.999242 0.265361 0.964149 0.170373 136.298331 -0.009747 1.286719 400.000000 1.286719 0.000101 0.080812 -0.999953 0.013076 400.000000 0.013076 0.016998 13.598636 0.256142 1.318619 400.000000 1.318619 0.001240 0.992067 0.966639 0.152524 400.000000 0.152524
 2.200000 -0.995626 0.093424 0.941844 0.336051 -1.477236 1.228075 0.093424 -0.995626 0.336051 0.941844 0.735279 588.222922 0.032791 1.141623 400.000000 1.141623 0.892640 714.111887 -0.928819 0.993046 400.000000 0.993046 0.009282 7.425754 0.342864 1.077099 400.000000 1.077099 0.108727 86.981725 0.918528 0.293639 400.000000 0.293639
 2.400000 -0.992036 0.125956 0.884349 0.466826 -1.444505 1.085099 0.125956 -0.992036 0.466826 0.884349 0.512639 410.110849 0.075328 0.853808 400.000000 0.853808 3.609977 2887.981563 -0.857686 3.944894 400.000000 3.944894 0.277363 221.890566 0.429586 0.631478 400.000000 0.631478 0.038827 31.061450 0.870416 0.690295 400.000000 0.690295
 2.600000 -0.986512 0.163689 0.877337 0.479874 -1.406368 1.070285 0.163689 -0.986512 0.479874 0.877337 0.419951 335.960669 0.117866 0.429705 400.000000 0.429705 7.996751 6397.400897 -0.786553 8.781425 400.000000 8.781425 0.265469 212.375404 0.516307 0.240111 400.000000 0.240111 0.605713 484.570254 0.822305 1.211658 400.000000 1.211658
 2.800000 -0.978777 0.204928 0.766292 0.642492 -1.364406 0.873050 0.204928 -0.978777 0.642492 0.766292 0.396502 317.201877 0.160403 -0.315646 400.000000 -0.315646 13.871444 11097.155418 -0.715419 15.364648 400.000000 15.364648 0.311471 249.176476 0.603029 -0.153885 400.000000 -0.153885 0.012485 9.988297 0.774193 1.622980 400.000000 1.622980
 3.000000 -0.937085 0.349102 0.705074 0.709134 -1.214184 0.782527 0.349102 -0.937085 0.709134 0.705074 4.272634 3418.107307 0.202940 -1.632965 400.000000 -1.632965 17.146218 13716.974294 -0.644286 23.466468 400.000000 23.466468 0.120902 96.721259 0.684547 -0.358668 400.000000 -0.358668 0.114192 91.353379 0.728969 1.744460 400.000000 1.744460
 3.200000 -0.924936 0.380122 0.722231 0.691652 -1.180868 0.807023 0.380122 -0.924936 0.691652 0.722231 3.625835 2900.667616 0.245478 -3.410717 400.000000 -3.410717 24.750315 19800.251706 -0.573153 32.976296 400.000000 32.976296 0.010096 8.076450 0.684547 -0.358668 400.000000 -0.358668 0.009079 7.263211 0.728969 1.744460 400.000000 1.744460
 3.400000 -0.879631 0.475657 0.731787 0.681533 -1.075086 0.820941 0.475657 -0.879631 0.681533 0.731787 7.041901 5633.520521 0.288015 -5.981038 400.000000 -5.981038 28.518060 22814.448295 -0.502020 43.489339 400.000000 43.489339 0.001817 1.453427 0.684547 -0.358668 400.000000 -0.358668 0.001589 1.271131 0.728969 1.744460 400.000000 1.744460
 3.600000 -0.848478 0.529231 0.739287 0.673391 -1.013102 0.832010 0.529231 -0.848478 0.673391 0.739287 7.894672 6315.737937 0.330552 -9.578303 400.000000 -9.578303 34.876491 27901.192901 -0.430886 54.445848 400.000000 54.445848 0.024892 19.913758 0.684547 -0.358668 400.000000 -0.358668 0.021292 17.033739 0.728969 1.744460 400.000000 1.744460
 3.800000 -0.700165 0.713981 0.696365 0.717688 -0.775629 0.770320 0.713981 -0.700165 0.717688 0.696365 23.241354 18593.083431 0.373090 -14.158879 400.000000 -14.158879 23.176095 18540.876275 -0.359753 65.437913 400.000000 65.437913 0.219658 175.726240 0.684547 -0.358668 400.000000 -0.358668 0.212596 170.076686 0.728969 1.744460 400.000000 1.744460
 4.000000 -0.629001 0.777405 0.698194 0.715909 -0.680267 0.772872 0.777405 -0.629001 0.715909 0.698194 26.176616 20941.292968 0.415627 -19.842245 400.000000 -19.842245 23.171840 18537.471960 -0.288620 75.628145 400.000000 75.628145 0.196711 157.368435 0.684547 -0.358668 400.000000 -0.358668 0.189417 151.533841 0.728969 1.744460 400.000000 1.744460
 4.200000 -0.475966 0.879464 0.739399 0.673268 -0.496062 0.832177 0.879464 -0.475966 0.673268 0.739399 35.498643 28398.914581 0.458164 -26.738793 400.000000 -26.738793 13.362299 10689.839421 -0.217486 83.619756 400.000000 83.619756 0.025445 20.355861 0.684547 -0.358668 400.000000 -0.358668 0.021758 17.406085 0.728969 1.744460 400.000000 1.744460
 4.400000 -0.316812 0.948488 0.705592 0.708618 -0.322366 0.783259 0.948488 -0.316812 0.708618 0.705592 40.102575 32082.059933 0.500702 -34.128653 400.000000 -34.128653 5.811226 4648.980834 -0.146353 89.802521 400.000000 89.802521 0.115882 92.705543 0.684547 -0.358668 400.000000 -0.358668 0.109291 87.432503 0.728969 1.744460 400.000000 1.744460
 4.600000 -0.265054 0.964234 0.716052 0.698047 -0.268260 0.798130 0.964234 -0.265054 0.698047 0.716052 35.447251 28357.800524 0.543239 -41.733346 400.000000 -41.733346 7.207412 5765.929847 -0.075220 93.290346 400.000000 93.290346 0.036449 29.159444 0.684547 -0.358668 400.000000 -0.358668 0.033368 26.694424 0.728969 1.744460 400.000000 1.744460
 4.800000 0.057434 0.998349 0.670657 0.741768 0.057466 0.735094 0.998349 0.057434 0.741768 0.670657 34.043262 27234.609507 0.585777 -49.067633 400.000000 -49.067633 0.756956 605.565115 -0.004087 94.045745 400.000000 94.045745 0.654846 523.877047 0.684547 -0.358668 400.000000 -0.358668 0.680059 544.047525 0.728969 1.744460 400.000000 1.744460
 5.000000 0.119838 0.992793 0.767073 0.641559 0.120127 0.874267 0.992793 0.119838 0.641559 0.767073 26.569072 21255.257329 0.628314 -55.689146 400.000000 -55.689146 0.557387 445.909973 0.067047 93.053145 400.000000 93.053145 0.369591 295.672514 0.684547 -0.358668 400.000000 -0.358668 0.290396 232.316505 0.728969 1.744460 400.000000 1.744460
 5.200000 0.289541 0.957166 0.757299 0.653069 0.293747 0.859167 0.957166 0.289541 0.653069 0.757299 16.395198 13116.158675 0.670851 -61.340816 400.000000 -61.340816 4.582010 3665.608083 0.138180 90.866968 400.000000 90.866968 0.198180 158.543926 0.684547 -0.358668 400.000000 -0.358668 0.160520 128.415774 0.728969 1.744460 400.000000 1.744460
 5.400000 0.232094 0.972693 0.731969 0.681338 0.234230 0.821207 0.972693 0.232094 0.681338 0.731969 13.447793 10758.234576 0.713389 -65.907880 400.000000 -65.907880 0.103793 83.034039 0.209313 88.079799 400.000000 88.079799 0.002060 1.647813 0.684547 -0.358668 400.000000 -0.358668 0.001800 1.440366 0.728969 1.744460 400.000000 1.744460
 5.600000 0.258195 0.966093 0.727465 0.686145 0.261153 0.814620 0.966093 0.258195 0.686145 0.727465 8.834026 7067.221022 0.755926 -69.446573 400.000000 -69.446573 0.099027 79.221812 0.280446 85.631463 400.000000 85.631463 0.000511 0.408511 0.684547 -0.358668 400.000000 -0.358668 0.000452 0.361828 0.728969 1.744460 400.000000 1.744460
 5.800000 0.410738 0.911754 0.735665 0.677346 0.423263 0.826648 0.911754 0.410738 0.677346 0.735665 2.566935 2053.548329 0.798463 -71.832383 400.000000 -71.832383 0.699932 559.945910 0.351580 83.395998 400.000000 83.395998 0.010372 8.297403 0.684547 -0.358668 400.000000 -0.358668 0.008968 7.174146 0.728969 1.744460 400.000000 1.744460
 6.000000 0.528938 0.848660 0.723782 0.690029 0.557349 0.809267 0.848660 0.528938 0.690029 0.723782 0.011734 9.387230 0.841001 -73.149182 400.000000 -73.149182 2.256758 1805.406522 0.422713 81.876957 400.000000 81.876957 0.006011 4.808569 0.684547 -0.358668 400.000000 -0.358668 0.005381 4.304986 0.728969 1.744460 400.000000 1.744460
 6.200000 0.514670 0.857388 0.735416 0.677616 0.540623 0.826281 0.857388 0.514670 0.677616 0.735416 0.071580 57.264128 0.876307 -73.429304 400.000000 -73.429304 0.216696 173.356490 0.481754 81.315677 400.000000 81.315677 0.009609 7.687477 0.684547 -0.358668 400.000000 -0.358668 0.008315 6.651679 0.728969 1.744460 400.000000 1.744460
 6.400000 0.557694 0.830047 0.724546 0.689227 0.591605 0.810375 0.830047 0.557694 0.689227 0.724546 0.427994 342.395554 0.876307 -73.429304 400.000000 -73.429304 1.153377 922.701346 0.481754 81.315677 400.000000 81.315677 0.004380 3.504073 0.684547 -0.358668 400.000000 -0.358668 0.003913 3.130150 0.728969 1.744460 400.000000 1.744460
 6.600000 0.480662 0.876906 0.751980 0.659186 0.501409 0.851061 0.876906 0.480662 0.659186 0.751980 0.000072 0.057476 0.876307 -73.429304 400.000000 -73.429304 0.000238 0.190735 0.481754 81.315677 400.000000 81.315677 0.128642 102.913624 0.684547 -0.358668 400.000000 -0.358668 0.105908 84.726331 0.728969 1.744460 400.000000 1.744460
 6.800000 0.536749 0.843742 0.720808 0.693135 0.566579 0.804967 0.843742 0.536749 0.693135 0.720808 0.212092 169.673610 0.876307 -73.429304 400.000000 -73.429304 0.604897 483.917605 0.481754 81.315677 400.000000 81.315677 0.014751 11.800997 0.684547 -0.358668 400.000000 -0.358668 0.013321 10.656510 0.728969 1.744460 400.000000 1.744460
 7.000000 0.502765 0.864423 0.721028 0.692906 0.526794 0.805285 0.864423 0.502765 0.692906 0.721028 0.028243 22.594344 0.876307 -73.429304 400.000000 -73.429304 0.088293 70.634177 0.481754 81.315677 400.000000 81.315677 0.013974 11.179041 0.684547 -0.358668 400.000000 -0.358668 0.012611 10.088442 0.728969 1.744460 400.000000 1.744460
 7.200000 0.503584 0.863947 0.730357 0.683066 0.527742 0.818844 0.863947 0.503584 0.683066 0.730357 0.030555 24.443707 0.876307 -73.429304 400.000000 -73.429304 0.095309 76.246900 0.481754 81.315677 400.000000 81.315677 0.000439 0.351076 0.684547 -0.358668 400.000000 -0.358668 0.000385 0.308335 0.728969 1.744460 400.000000 1.744460
 7.400000 0.497243 0.867611 0.722549 0.691319 0.520418 0.807483 0.867611 0.497243 0.691319 0.722549 0.015122 12.097731 0.876307 -73.429304 400.000000 -73.429304 0.047985 38.387817 0.481754 81.315677 400.000000 81.315677 0.009172 7.337887 0.684547 -0.358668 400.000000 -0.358668 0.008241 6.592933 0.728969 1.744460 400.000000 1.744460
 7.600000 0.479467 0.877560 0.715690 0.698418 0.500047 0.797611 0.877560 0.479467 0.698418 0.715690 0.000314 0.251396 0.876307 -73.429304 400.000000 -73.429304 0.001046 0.836963 0.481754 81.315677 400.000000 81.315677 0.038482 30.785669 0.684547 -0.358668 400.000000 -0.358668 0.035266 28.212456 0.728969 1.744460 400.000000 1.744460
 7.800000 0.511034 0.859560 0.715858 0.698246 0.536387 0.797852 0.859560 0.511034 0.698246 0.715858 0.056087 44.869813 0.876307 -73.429304 400.000000 -73.429304 0.171469 137.174817 0.481754 81.315677 400.000000 81.315677 0.037530 30.024106 0.684547 -0.358668 400.000000 -0.358668 0.034377 27.501266 0.728969 1.744460 400.000000 1.744460
 8.000000 0.486661 0.873591 0.748348 0.663306 0.508263 0.845568 0.873591 0.486661 0.663306 0.748348 0.001475 1.179833 0.876307 -73.429304 400.000000 -73.429304 0.004815 3.852330 0.481754 81.315677 400.000000 81.315677 0.090236 72.188745 0.684547 -0.358668 400.000000 -0.358668 0.075113 60.090721 0.728969 1.744460 400.000000 1.744460
 8.200000 0.485176 0.874416 0.710055 0.704146 0.506565 0.789577 0.874416 0.485176 0.704146 0.710055 0.000715 0.571765 0.876307 -73.429304 400.000000 -73.429304 0.002343 1.874401 0.481754 81.315677 400.000000 81.315677 0.076822 61.457207 0.684547 -0.358668 400.000000 -0.358668 0.071542 57.233343 0.728969 1.744460 400.000000 1.744460
 8.400000 0.497797 0.867294 0.755152 0.655550 0.521057 0.855886 0.867294 0.497797 0.655550 0.755152 0.016247 12.997576 0.876307 -73.429304 400.000000 -73.429304 0.051477 41.181535 0.481754 81.315677 400.000000 81.315677 0.168170 134.535841 0.684547 -0.358668 400.000000 -0.358668 0.137114 109.691237 0.728969 1.744460 400.000000 1.744460
 8.600000 0.573045 0.819524 0.746462 0.665428 0.610216 0.842729 0.819524 0.573045 0.665428 0.746462 0.644853 515.882503 0.876307 -73.429304 400.000000 -73.429304 1.666813 1333.450330 0.481754 81.315677 400.000000 81.315677 0.073106 58.484667 0.684547 -0.358668 400.000000 -0.358668 0.061202 48.961675 0.728969 1.744460 400.000000 1.744460
 8.800000 0.483151 0.875537 0.740305 0.672271 0.504250 0.833525 0.875537 0.483151 0.672271 0.740305 0.000118 0.094711 0.876307 -73.429304 400.000000 -73.429304 0.000390 0.312193 0.481754 81.315677 400.000000 81.315677 0.030142 24.113542 0.684547 -0.358668 400.000000 -0.358668 0.025704 20.563569 0.728969 1.744460 400.000000 1.744460
 9.000000 0.486143 0.873879 0.727495 0.686113 0.507671 0.814664 0.873879 0.486143 0.686113 0.727495 0.001179 0.942851 0.876307 -73.429304 400.000000 -73.429304 0.003854 3.082856 0.481754 81.315677 400.000000 81.315677 0.000490 0.392144 0.684547 -0.358668 400.000000 -0.358668 0.000434 0.347301 0.728969 1.744460 400.000000 1.744460
 9.200000 0.485254 0.874373 0.716988 0.697086 0.506654 0.799472 0.874373 0.485254 0.697086 0.716988 0.000748 0.598098 0.876307 -73.429304 400.000000 -73.429304 0.002450 1.960316 0.481754 81.315677 400.000000 81.315677 0.031442 25.153882 0.684547 -0.358668 400.000000 -0.358668 0.028707 22.965698 0.728969 1.744460 400.000000 1.744460
 9.400000 0.506659 0.862147 0.706771 0.707443 0.531305 0.784923 0.862147 0.506659 0.707443 0.706771 0.040101 32.080408 0.876307 -73.429304 400.000000 -73.429304 0.124051 99.240690 0.481754 81.315677 400.000000 81.315677 0.104840 83.872208 0.684547 -0.358668 400.000000 -0.358668 0.098548 78.838582 0.728969 1.744460 400.000000 1.744460
 9.600000 0.486645 0.873600 0.733689 0.679485 0.508245 0.823736 0.873600 0.486645 0.679485 0.733689 0.001465 1.172178 0.876307 -73.429304 400.000000 -73.429304 0.004784 3.827500 0.481754 81.315677 400.000000 81.315677 0.005125 4.099946 0.684547 -0.358668 400.000000 -0.358668 0.004457 3.565675 0.728969 1.744460 400.000000 1.744460
 9.800000 0.488434 0.872601 0.736927 0.675972 0.510295 0.828513 0.872601 0.488434 0.675972 0.736927 0.002747 2.197548 0.876307 -73.429304 400.000000 -73.429304 0.008926 7.141019 0.481754 81.315677 400.000000 81.315677 0.014705 11.764254 0.684547 -0.358668 400.000000 -0.358668 0.012667 10.133695 0.728969 1.744460 400.000000 1.744460
 10.000000 0.479203 0.877704 0.715363 0.698753 0.499747 0.797143 0.877704 0.479203 0.698753 0.715363 0.000390 0.312382 0.876307 -73.429304 400.000000 -73.429304 0.001301 1.040740 0.481754 81.315677 400.000000 81.315677 0.040362 32.289442 0.684547 -0.358668 400.000000 -0.358668 0.037023 29.618263 0.728969 1.744460 400.000000 1.744460
 10.200000 0.517167 0.855885 0.748458 0.663182 0.543538 0.845734 0.855885 0.517167 0.663182 0.748458 0.083413 66.730199 0.876307 -73.429304 400.000000 -73.429304 0.250820 200.655991 0.481754 81.315677 400.000000 81.315677 0.091294 73.035212 0.684547 -0.358668 400.000000 -0.358668 0.075969 60.775075 0.728969 1.744460 400.000000 1.744460
 10.400000 0.515043 0.857164 0.720620 0.693331 0.541058 0.804696 0.857164 0.515043 0.693331 0.720620 0.073286 58.629059 0.876307 -73.429304 400.000000 -73.429304 0.221637 177.309829 0.481754 81.315677 400.000000 81.315677 0.015430 12.344031 0.684547 -0.358668 400.000000 -0.358668 0.013941 11.152931 0.728969 1.744460 400.000000 1.744460
 10.600000 0.505938 0.862570 0.732365 0.680912 0.530469 0.821789 0.862570 0.505938 0.680912 0.732365 0.037739 30.191465 0.876307 -73.429304 400.000000 -73.429304 0.116974 93.579167 0.481754 81.315677 400.000000 81.315677 0.002643 2.114477 0.684547 -0.358668 400.000000 -0.358668 0.002308 1.846126 0.728969 1.744460 400.000000 1.744460
 10.800000 0.481464 0.876466 0.712592 0.701578 0.502324 0.793186 0.876466 0.481464 0.701578 0.712592 0.000005 0.004053 0.876307 -73.429304 400.000000 -73.429304 0.000017 0.013420 0.481754 81.315677 400.000000 81.315677 0.058013 46.410296 0.684547 -0.358668 400.000000 -0.358668 0.053637 42.909499 0.728969 1.744460 400.000000 1.744460
 11.000000 0.512313 0.858799 0.767482 0.641071 0.537876 0.874904 0.858799 0.512313 0.641071 0.767482 0.061306 49.044496 0.876307 -73.429304 400.000000 -73.429304 0.186776 149.420736 0.481754 81.315677 400.000000 81.315677 0.378042 302.433498 0.684547 -0.358668 400.000000 -0.358668 0.296655 237.324030 0.728969 1.744460 400.000000 1.744460
 11.200000 0.478227 0.878236 0.734717 0.678373 0.498635 0.825250 0.878236 0.478227 0.678373 0.734717 0.000745 0.595748 0.876307 -73.429304 400.000000 -73.429304 0.002488 1.990058 0.481754 81.315677 400.000000 81.315677 0.007623 6.098432 0.684547 -0.358668 400.000000 -0.358668 0.006610 5.287658 0.728969 1.744460 400.000000 1.744460
 11.400000 0.512084 0.858935 0.746888 0.664949 0.537610 0.843370 0.858935 0.512084 0.664949 0.746888 0.060354 48.283404 0.876307 -73.429304 400.000000 -73.429304 0.183991 147.192807 0.481754 81.315677 400.000000 81.315677 0.076814 61.451353 0.684547 -0.358668 400.000000 -0.358668 0.064224 51.379086 0.728969 1.744460 400.000000 1.744460
 11.600000 0.516082 0.856539 0.740189 0.672398 0.542271 0.833352 0.856539 0.516082 0.672398 0.740189 0.078152 62.521340 0.876307 -73.429304 400.000000 -73.429304 0.235689 188.551451 0.481754 81.315677 400.000000 81.315677 0.029518 23.614517 0.684547 -0.358668 400.000000 -0.358668 0.025181 20.144981 0.728969 1.744460 400.000000 1.744460
 11.800000 0.486368 0.873754 0.738236 0.674543 0.507928 0.830451 0.873754 0.486368 0.674543 0.738236 0.001303 1.042576 0.876307 -73.429304 400.000000 -73.429304 0.004259 3.406859 0.481754 81.315677 400.000000 81.315677 0.020018 16.014536 0.684547 -0.358668 400.000000 -0.358668 0.017177 13.741345 0.728969 1.744460 400.000000 1.744460
 12.000000 0.464465 0.885592 0.725817 0.687888 0.483030 0.812222 0.885592 0.464465 0.687888 0.725817 0.017242 13.793854 0.876307 -73.429304 400.000000 -73.429304 0.059783 47.826071 0.481754 81.315677 400.000000 81.315677 0.002232 1.785497 0.684547 -0.358668 400.000000 -0.358668 0.001986 1.589075 0.728969 1.744460 400.000000 1.744460
 12.200000 0.461211 0.887290 0.688955 0.724804 0.479360 0.760047 0.887290 0.461211 0.724804 0.688955 0.024128 19.302313 0.876307 -73.429304 400.000000 -73.429304 0.084397 67.517570 0.481754 81.315677 400.000000 81.315677 0.324121 259.296911 0.684547 -0.358668 400.000000 -0.358668 0.320214 256.170906 0.728969 1.744460 400.000000 1.744460
 12.400000 0.522308 0.852757 0.730445 0.682972 0.549556 0.818973 0.852757 0.522308 0.682972 0.730445 0.110920 88.736127 0.876307 -73.429304 400.000000 -73.429304 0.328936 263.148710 0.481754 81.315677 400.000000 81.315677 0.000496 0.397057 0.684547 -0.358668 400.000000 -0.358668 0.000436 0.348629 0.728969 1.744460 400.000000 1.744460
 12.600000 0.503940 0.863739 0.744831 0.667253 0.528154 0.840281 0.863739 0.503940 0.667253 0.744831 0.031591 25.272878 0.876307 -73.429304 400.000000 -73.429304 0.098447 78.757489 0.481754 81.315677 400.000000 81.315677 0.059815 47.852123 0.684547 -0.358668 400.000000 -0.358668 0.050322 40.257754 0.728969 1.744460 400.000000 1.744460
 12.800000 0.544636 0.838672 0.736412 0.676533 0.575955 0.827752 0.838672 0.544636 0.676533 0.736412 0.283268 226.614258 0.876307 -73.429304 400.000000 -73.429304 0.790843 632.674240 0.481754 81.315677 400.000000 81.315677 0.012846 10.276544 0.684547 -0.358668 400.000000 -0.358668 0.011082 8.865703 0.728969 1.744460 400.000000 1.744460
 13.000000 0.523327 0.852132 0.725387 0.688342 0.550751 0.811596 0.852132 0.523327 0.688342 0.725387 0.116885 93.508008 0.876307 -73.429304 400.000000 -73.429304 0.345672 276.537862 0.481754 81.315677 400.000000 81.315677 0.002880 2.303642 0.684547 -0.358668 400.000000 -0.358668 0.002566 2.052790 0.728969 1.744460 400.000000 1.744460
 13.200000 0.466131 0.884716 0.693463 0.720492 0.484913 0.766284 0.884716 0.466131 0.720492 0.693463 0.014142 11.313530 0.876307 -73.429304 400.000000 -73.429304 0.048812 39.049598 0.481754 81.315677 400.000000 81.315677 0.258413 206.730334 0.684547 -0.358668 400.000000 -0.358668 0.252132 201.705892 0.728969 1.744460 400.000000 1.744460
 13.400000 0.532399 0.846494 0.732257 0.681029 0.561432 0.821630 0.846494 0.532399 0.681029 0.732257 0.177765 142.211989 0.876307 -73.429304 400.000000 -73.429304 0.512991 410.392412 0.481754 81.315677 400.000000 81.315677 0.002476 1.980632 0.684547 -0.358668 400.000000 -0.358668 0.002162 1.729821 0.728969 1.744460 400.000000 1.744460
 13.600000 0.431686 0.902024 0.750737 0.660601 0.446361 0.849177 0.902024 0.431686 0.660601 0.750737 0.132277 105.821737 0.876307 -73.429304 400.000000 -73.429304 0.501361 401.088816 0.481754 81.315677 400.000000 81.315677 0.114684 91.747229 0.684547 -0.358668 400.000000 -0.358668 0.094775 75.819742 0.728969 1.744460 400.000000 1.744460
 13.800000 0.554231 0.832363 0.700609 0.713546 0.587439 0.776250 0.832363 0.554231 0.713546 0.700609 0.386210 308.968004 0.876307 -73.429304 400.000000 -73.429304 1.050590 840.471780 0.481754 81.315677 400.000000 81.315677 0.168185 134.548040 0.684547 -0.358668 400.000000 -0.358668 0.160859 128.686866 0.728969 1.744460 400.000000 1.744460
 14.000000 0.444679 0.895690 0.731947 0.681361 0.460816 0.821176 0.895690 0.444679 0.681361 0.731947 0.075143 60.114746 0.876307 -73.429304 400.000000 -73.429304 0.274909 219.927397 0.481754 81.315677 400.000000 81.315677 0.002030 1.623959 0.684547 -0.358668 400.000000 -0.358668 0.001775 1.419605 0.728969 1.744460 400.000000 1.744460
 14.200000 0.522313 0.852754 0.678861 0.734267 0.549561 0.746211 0.852754 0.522313 0.734267 0.678861 0.110945 88.756100 0.876307 -73.429304 400.000000 -73.429304 0.329006 263.204866 0.481754 81.315677 400.000000 81.315677 0.494407 395.525508 0.684547 -0.358668 400.000000 -0.358668 0.502152 401.721420 0.728969 1.744460 400.000000 1.744460
 14.400000 0.470186 0.882567 0.734002 0.679147 0.489502 0.824196 0.882567 0.470186 0.679147 0.734002 0.007839 6.271072 0.876307 -73.429304 400.000000 -73.429304 0.026761 21.408788 0.481754 81.315677 400.000000 81.315677 0.005832 4.665716 0.684547 -0.358668 400.000000 -0.358668 0.005067 4.053973 0.728969 1.744460 400.000000 1.744460
 14.600000 0.511135 0.859500 0.661089 0.750308 0.536505 0.722269 0.859500 0.511135 0.750308 0.661089 0.056492 45.193463 0.876307 -73.429304 400.000000 -73.429304 0.172658 138.126460 0.481754 81.315677 400.000000 81.315677 0.864897 691.917561 0.684547 -0.358668 400.000000 -0.358668 0.921542 737.233553 0.728969 1.744460 400.000000 1.744460
 14.800000 0.456841 0.889548 0.698086 0.716014 0.474441 0.772720 0.889548 0.456841 0.716014 0.698086 0.035068 28.054437 0.876307 -73.429304 400.000000 -73.429304 0.124127 99.301384 0.481754 81.315677 400.000000 81.315677 0.198037 158.429250 0.684547 -0.358668 400.000000 -0.358668 0.190752 152.601459 0.728969 1.744460 400.000000 1.744460
 15.000000 0.486229 0.873832 0.691863 0.722029 0.507769 0.764066 0.873832 0.486229 0.722029 0.691863 0.001225 0.980110 0.876307 -73.429304 400.000000 -73.429304 0.004005 3.203943 0.481754 81.315677 400.000000 81.315677 0.280972 224.777812 0.684547 -0.358668 400.000000 -0.358668 0.275362 220.289747 0.728969 1.744460 400.000000 1.744460
 15.200000 0.474142 0.880448 0.723345 0.690487 0.493990 0.808634 0.880448 0.474142 0.690487 0.723345 0.003430 2.744248 0.876307 -73.429304 400.000000 -73.429304 0.011586 9.268814 0.481754 81.315677 400.000000 81.315677 0.007056 5.644959 0.684547 -0.358668 400.000000 -0.358668 0.006325 5.060191 0.728969 1.744460 400.000000 1.744460
 15.400000 0.472178 0.881503 0.671960 0.740588 0.491760 0.736852 0.881503 0.472178 0.740588 0.671960 0.005401 4.320578 0.876307 -73.429304 400.000000 -73.429304 0.018338 14.670705 0.481754 81.315677 400.000000 81.315677 0.628110 502.487776 0.684547 -0.358668 400.000000 -0.358668 0.650003 520.002650 0.728969 1.744460 400.000000 1.744460
 15.600000 0.461589 0.887094 0.713786 0.700363 0.479785 0.794890 0.887094 0.461589 0.700363 0.713786 0.023273 18.618529 0.876307 -73.429304 400.000000 -73.429304 0.081324 65.059172 0.481754 81.315677 400.000000 81.315677 0.050031 40.024929 0.684547 -0.358668 400.000000 -0.358668 0.046100 36.879820 0.728969 1.744460 400.000000 1.744460
 15.800000 0.487247 0.873264 0.702917 0.711272 0.508935 0.779490 0.873264 0.487247 0.711272 0.702917 0.001851 1.481167 0.876307 -73.429304 400.000000 -73.429304 0.006036 4.828574 0.481754 81.315677 400.000000 81.315677 0.142847 114.277595 0.684547 -0.358668 400.000000 -0.358668 0.135742 108.593324 0.728969 1.744460 400.000000 1.744460
 16.000000 0.450298 0.892879 0.668093 0.744078 0.467099 0.731643 0.892879 0.450298 0.744078 0.668093 0.054925 43.940103 0.876307 -73.429304 400.000000 -73.429304 0.197896 158.317171 0.481754 81.315677 400.000000 81.315677 0.708785 567.028102 0.684547 -0.358668 400.000000 -0.358668 0.741174 592.939173 0.728969 1.744460 400.000000 1.744460
 16.200000 0.473319 0.880891 0.737131 0.675750 0.493055 0.828814 0.880891 0.473319 0.675750 0.737131 0.004204 3.362800 0.876307 -73.429304 400.000000 -73.429304 0.014229 11.383339 0.481754 81.315677 400.000000 81.315677 0.015477 12.381633 0.684547 -0.358668 400.000000 -0.358668 0.013324 10.659058 0.728969 1.744460 400.000000 1.744460
 16.400000 0.502674 0.864476 0.691029 0.722827 0.526689 0.762912 0.864476 0.502674 0.722827 0.691029 0.027993 22.394416 0.876307 -73.429304 400.000000 -73.429304 0.087533 70.026293 0.481754 81.315677 400.000000 81.315677 0.293071 234.456535 0.684547 -0.358668 400.000000 -0.358668 0.287883 230.306526 0.728969 1.744460 400.000000 1.744460
 16.600000 0.491261 0.871013 0.743137 0.669139 0.513536 0.837747 0.871013 0.491261 0.669139 0.743137 0.005605 4.484213 0.876307 -73.429304 400.000000 -73.429304 0.018076 14.460806 0.481754 81.315677 400.000000 81.315677 0.047483 37.986055 0.684547 -0.358668 400.000000 -0.358668 0.040151 32.120472 0.728969 1.744460 400.000000 1.744460
 16.800000 0.539241 0.842152 0.696890 0.717178 0.569535 0.771052 0.842152 0.539241 0.717178 0.696890 0.233312 186.649792 0.876307 -73.429304 400.000000 -73.429304 0.660950 528.760374 0.481754 81.315677 400.000000 81.315677 0.212954 170.363231 0.684547 -0.358668 400.000000 -0.358668 0.205806 164.644990 0.728969 1.744460 400.000000 1.744460
 17.000000 0.480846 0.876805 0.750963 0.660345 0.501619 0.849519 0.876805 0.480846 0.660345 0.750963 0.000050 0.039763 0.876307 -73.429304 400.000000 -73.429304 0.000165 0.131887 0.481754 81.315677 400.000000 81.315677 0.117151 93.720815 0.684547 -0.358668 400.000000 -0.358668 0.096747 77.397636 0.728969 1.744460 400.000000 1.744460
 17.200000 0.527304 0.849677 0.721708 0.692197 0.555424 0.806267 0.849677 0.527304 0.692197 0.721708 0.141829 113.463373 0.876307 -73.429304 400.000000 -73.429304 0.414961 331.968808 0.481754 81.315677 400.000000 81.315677 0.011705 9.363964 0.684547 -0.358668 400.000000 -0.358668 0.010542 8.433831 0.728969 1.744460 400.000000 1.744460
 17.400000 0.473525 0.880780 0.769948 0.638106 0.493289 0.878760 0.880780 0.473525 0.638106 0.769948 0.004002 3.201869 0.876307 -73.429304 400.000000 -73.429304 0.013541 10.832518 0.481754 81.315677 400.000000 81.315677 0.431347 345.077971 0.684547 -0.358668 400.000000 -0.358668 0.335865 268.691771 0.728969 1.744460 400.000000 1.744460
 17.600000 0.562706 0.826657 0.759588 0.650404 0.597655 0.862680 0.826657 0.562706 0.650404 0.759588 0.493014 394.411208 0.876307 -73.429304 400.000000 -73.429304 1.310651 1048.520451 0.481754 81.315677 400.000000 81.315677 0.233144 186.515178 0.684547 -0.358668 400.000000 -0.358668 0.187510 150.008007 0.728969 1.744460 400.000000 1.744460
 17.800000 0.508794 0.860888 0.762679 0.646777 0.533783 0.867445 0.860888 0.508794 0.646777 0.762679 0.047545 38.036279 0.876307 -73.429304 400.000000 -73.429304 0.146236 116.988821 0.481754 81.315677 400.000000 81.315677 0.285316 228.252517 0.684547 -0.358668 400.000000 -0.358668 0.227280 181.823756 0.728969 1.744460 400.000000 1.744460
 18.000000 0.530513 0.847677 0.723403 0.690426 0.559206 0.808719 0.847677 0.530513 0.690426 0.723403 0.163936 131.148434 0.876307 -73.429304 400.000000 -73.429304 0.475499 380.398835 0.481754 81.315677 400.000000 81.315677 0.006911 5.529084 0.684547 -0.358668 400.000000 -0.358668 0.006194 4.955478 0.728969 1.744460 400.000000 1.744460
 18.200000 0.488266 0.872695 0.707632 0.706581 0.510102 0.786142 0.872695 0.488266 0.706581 0.707632 0.002609 2.087292 0.876307 -73.429304 400.000000 -73.429304 0.008482 6.785820 0.481754 81.315677 400.000000 81.315677 0.097096 77.676790 0.684547 -0.358668 400.000000 -0.358668 0.091046 72.837153 0.728969 1.744460 400.000000 1.744460
 18.400000 0.463128 0.886291 0.698067 0.716032 0.481521 0.772695 0.886291 0.463128 0.716032 0.698067 0.019939 15.950881 0.876307 -73.429304 400.000000 -73.429304 0.069382 55.505523 0.481754 81.315677 400.000000 81.315677 0.198261 158.608754 0.684547 -0.358668 400.000000 -0.358668 0.190978 152.782162 0.728969 1.744460 400.000000 1.744460
 18.600000 0.467647 0.883915 0.734862 0.678216 0.486627 0.825464 0.883915 0.467647 0.678216 0.734862 0.011578 9.262302 0.876307 -73.429304 400.000000 -73.429304 0.039798 31.838636 0.481754 81.315677 400.000000 81.315677 0.008016 6.412531 0.684547 -0.358668 400.000000 -0.358668 0.006947 5.557617 0.728969 1.744460 400.000000 1.744460
 18.800000 0.524152 0.851625 0.747524 0.664235 0.551719 0.844326 0.851625 0.524152 0.664235 0.747524 0.121841 97.472623 0.876307 -73.429304 400.000000 -73.429304 0.359527 287.621224 0.481754 81.315677 400.000000 81.315677 0.082516 66.013072 0.684547 -0.358668 400.000000 -0.358668 0.068859 55.087248 0.728969 1.744460 400.000000 1.744460
 19.000000 0.490872 0.871232 0.751703 0.659502 0.513090 0.850641 0.871232 0.490872 0.659502 0.751703 0.005151 4.120553 0.876307 -73.429304 400.000000 -73.429304 0.016628 13.302029 0.481754 81.315677 400.000000 81.315677 0.125456 100.365172 0.684547 -0.358668 400.000000 -0.358668 0.103373 82.698062 0.728969 1.744460 400.000000 1.744460
 19.200000 0.514373 0.857566 0.728943 0.684574 0.540277 0.816777 0.857566 0.514373 0.684574 0.728943 0.070240 56.192356 0.876307 -73.429304 400.000000 -73.429304 0.212810 170.248092 0.481754 81.315677 400.000000 81.315677 0.000000 0.000118 0.684547 -0.358668 400.000000 -0.358668 0.000000 0.000104 0.728969 1.744460 400.000000 1.744460
 19.400000 0.475217 0.879869 0.703318 0.710875 0.495211 0.780055 0.879869 0.475217 0.710875 0.703318 0.002537 2.029905 0.876307 -73.429304 400.000000 -73.429304 0.008545 6.836189 0.481754 81.315677 400.000000 81.315677 0.138633 110.906363 0.684547 -0.358668 400.000000 -0.358668 0.131588 105.270751 0.728969 1.744460 400.000000 1.744460
 19.600000 0.469466 0.882951 0.713434 0.700723 0.488685 0.794386 0.882951 0.469466 0.700723 0.713434 0.008829 7.063021 0.876307 -73.429304 400.000000 -73.429304 0.030199 24.159503 0.481754 81.315677 400.000000 81.315677 0.052329 41.863553 0.684547 -0.358668 400.000000 -0.358668 0.048266 38.612851 0.728969 1.744460 400.000000 1.744460
 19.800000 0.452628 0.891699 0.745877 0.666083 0.469710 0.841851 0.891699 0.452628 0.666083 0.745877 0.047388 37.910204 0.876307 -73.429304 400.000000 -73.429304 0.169662 135.729782 0.481754 81.315677 400.000000 81.315677 0.068182 54.545249 0.684547 -0.358668 400.000000 -0.358668 0.057180 45.744277 0.728969 1.744460 400.000000 1.744460
 20.000000 0.522393 0.852705 0.708299 0.705913 0.549655 0.787085 0.852705 0.522393 0.705913 0.708299 0.111411 89.128841 0.876307 -73.429304 400.000000 -73.429304 0.330316 264.252664 0.481754 81.315677 400.000000 81.315677 0.091301 73.040446 0.684547 -0.358668 400.000000 -0.358668 0.085451 68.360544 0.728969 1.744460 400.000000 1.744460
