#! FIELDS time sin_phi cos_phi sin_psi cos_psi phi psi cos_phi sin_phi cos_psi sin_psi restraint_phi_cos.bias restraint_phi_cos.force2 restraint_phi_cos.cos_phi_cntr restraint_phi_cos.cos_phi_work restraint_phi_cos.cos_phi_kappa restraint_phi_cos.work restraint_phi_sin.bias restraint_phi_sin.force2 restraint_phi_sin.sin_phi_cntr restraint_phi_sin.sin_phi_work restraint_phi_sin.sin_phi_kappa restraint_phi_sin.work restraint_psi_cos.bias restraint_psi_cos.force2 restraint_psi_cos.cos_psi_cntr restraint_psi_cos.cos_psi_work restraint_psi_cos.cos_psi_kappa restraint_psi_cos.work restraint_psi_sin.bias restraint_psi_sin.force2 restraint_psi_sin.sin_psi_cntr restraint_psi_sin.sin_psi_work restraint_psi_sin.sin_psi_kappa restraint_psi_sin.work
#! SET min_phi -pi
#! SET max_phi pi
#! SET min_psi -pi
#! SET max_psi pi
 0.000000 -0.999983 -0.005782 0.966116 0.258110 -1.576579 1.309731 -0.005782 -0.999983 0.258110 0.966116 0.000000 0.000000 -0.009747 0.000000 0.000000 0.000000 0.000000 0.000000 -0.999953 0.000000 0.000000 0.000000 0.000000 0.000000 0.256142 0.000000 0.000000 0.000000 0.000000 0.000000 0.966639 0.000000 0.000000 0.000000
 0.200000 -0.999140 -0.041465 0.905017 0.425375 -1.612273 1.131421 -0.041465 -0.999140 0.425375 0.905017 0.020122 1.609727 -0.009747 0.662366 40.000000 0.662366 0.000013 0.001056 -0.999953 0.011529 40.000000 0.011529 0.572791 45.823258 0.256142 0.576361 40.000000 0.576361 0.075945 6.075570 0.966639 0.088549 40.000000 0.088549
 0.400000 -0.998868 -0.047565 0.956080 0.293105 -1.618379 1.273324 -0.047565 -0.998868 0.293105 0.956080 0.057208 9.153290 -0.009747 0.801257 80.000000 0.801257 0.000047 0.007525 -0.999953 0.011985 80.000000 0.011985 0.054649 8.743777 0.256142 0.735565 80.000000 0.735565 0.004459 0.713515 0.966639 0.099440 80.000000 0.099440
 0.600000 -0.997967 0.063731 0.981907 0.189363 -1.507022 1.380283 0.063731 -0.997967 0.189363 0.981907 0.323936 77.744754 -0.009747 0.886968 120.000000 0.886968 0.000237 0.056761 -0.999953 0.012279 120.000000 0.012279 0.267568 64.216434 0.256142 0.965554 120.000000 0.965554 0.013987 3.356842 0.966639 0.123244 120.000000 0.123244
 0.800000 -0.993237 0.116106 0.966930 0.255042 -1.454428 1.312905 0.116106 -0.993237 0.255042 0.966930 1.267110 405.475174 -0.009747 0.947160 160.000000 0.947160 0.003608 1.154570 -0.999953 0.012346 160.000000 0.012346 0.000097 0.031013 0.256142 1.077492 160.000000 1.077492 0.000007 0.002168 0.966639 0.133965 160.000000 0.133965
 1.000000 -0.995766 0.091921 0.976040 0.217589 -1.478745 1.351452 0.091921 -0.995766 0.217589 0.976040 1.033630 413.451895 -0.009747 1.048433 200.000000 1.048433 0.001752 0.700972 -0.999953 0.012636 200.000000 0.012636 0.148634 59.453599 0.256142 1.117662 200.000000 1.117662 0.008839 3.535417 0.966639 0.136762 200.000000 0.136762
 1.200000 -0.998339 0.057616 0.982473 0.186407 -1.513149 1.383292 0.057616 -0.998339 0.186407 0.982473 0.544521 261.370219 -0.009747 1.108176 240.000000 1.108176 0.000312 0.149986 -0.999953 0.012787 240.000000 0.012787 0.583555 280.106540 0.256142 1.161201 240.000000 1.161201 0.030084 14.440233 0.966639 0.140227 240.000000 0.140227
 1.400000 -0.997552 0.069926 0.946014 0.324125 -1.500813 1.240709 0.069926 -0.997552 0.324125 0.946014 0.888678 497.659653 -0.009747 1.170239 280.000000 1.170239 0.000807 0.451703 -0.999953 0.012956 280.000000 0.012956 0.647034 362.339286 0.256142 1.205116 280.000000 1.205116 0.059554 33.350295 0.966639 0.144050 280.000000 0.144050
 1.600000 -0.999690 0.024895 0.961321 0.275432 -1.545899 1.291757 0.024895 -0.999690 0.275432 0.961321 0.192008 122.885252 -0.009747 1.219964 320.000000 1.219964 0.000011 0.007053 -0.999953 0.013014 320.000000 0.013014 0.059534 38.101702 0.256142 1.269732 320.000000 1.269732 0.004526 2.896520 0.966639 0.148948 320.000000 0.148948
 1.800000 -0.999539 -0.030368 0.959785 0.280736 -1.601169 1.286235 -0.030368 -0.999539 0.280736 0.959785 0.076545 55.112573 -0.009747 1.248325 360.000000 1.248325 0.000031 0.022183 -0.999953 0.013049 360.000000 0.013049 0.108875 78.389934 0.256142 1.295117 360.000000 1.295117 0.008456 6.088479 0.966639 0.150759 360.000000 0.150759
 2.000000 -0.999242 -0.038932 0.964151 0.265353 -1.609738 1.302226 -0.038932 -0.999242 0.265353 0.964151 0.170358 136.286607 -0.009747 1.286725 400.000000 1.286725 0.000101 0.080801 -0.999953 0.013076 400.000000 0.013076 0.016967 13.573231 0.256142 1.318601 400.000000 1.318601 0.001238 0.990179 0.966639 0.152522 400.000000 0.152522
 2.200000 -0.990766 0.135582 0.944516 0.328465 -1.434796 1.236118 0.135582 -0.990766 0.328465 0.944516 0.418951 335.161005 0.089813 1.040194 400.000000 1.040194 0.000014 0.011190 -0.991031 0.020981 400.000000 0.020981 0.014879 11.902895 0.337090 1.044890 400.000000 1.044890 0.222392 177.913837 0.911170 0.408227 400.000000 0.408227
 2.400000 -0.976619 0.214979 0.886094 0.463505 -1.354126 1.088849 0.214979 -0.976619 0.463505 0.886094 0.152328 121.862141 0.187381 0.831945 400.000000 0.831945 0.006427 5.141291 -0.982287 0.028793 400.000000 0.028793 0.413449 330.759565 0.418038 0.440413 400.000000 0.440413 0.184750 147.799826 0.855701 1.136987 400.000000 1.136987
 2.600000 -0.969624 0.244602 0.860030 0.510243 -1.323687 1.035329 0.244602 -0.969624 0.510243 0.860030 0.654841 523.873065 0.187381 0.831945 400.000000 0.831945 0.032074 25.659020 -0.982287 0.028793 400.000000 0.028793 0.025342 20.273219 0.498986 -0.281611 400.000000 -0.281611 0.715175 572.139862 0.800232 2.185872 400.000000 2.185872
 2.800000 -0.974789 0.223130 0.767737 0.640765 -1.345772 0.875302 0.223130 -0.974789 0.640765 0.767737 0.255591 204.473042 0.187381 0.831945 400.000000 0.831945 0.011246 8.996438 -0.982287 0.028793 400.000000 0.028793 0.740071 592.056742 0.579934 -1.220685 400.000000 -1.220685 0.105566 84.452448 0.744763 3.274392 400.000000 3.274392
 3.000000 -0.984113 0.177542 0.736443 0.676500 -1.392308 0.827797 0.177542 -0.984113 0.676500 0.736443 0.019361 15.489118 0.187381 0.831945 400.000000 0.831945 0.000667 0.533441 -0.982287 0.028793 400.000000 0.028793 0.048784 39.027126 0.660882 -2.259070 400.000000 -2.259070 0.444603 355.682049 0.689294 4.153296 400.000000 4.153296
 3.200000 -0.984287 0.176575 0.679281 0.733878 -1.393290 0.746783 0.176575 -0.984287 0.733878 0.679281 0.023354 18.683586 0.187381 0.831945 400.000000 0.831945 0.000800 0.639939 -0.982287 0.028793 400.000000 0.028793 0.012647 10.117565 0.741830 -2.885608 400.000000 -2.885608 0.413259 330.607596 0.633825 4.829454 400.000000 4.829454
 3.400000 -0.986391 0.164415 0.585706 0.810524 -1.405632 0.625751 0.164415 -0.986391 0.810524 0.585706 0.105493 84.394316 0.187381 0.831945 400.000000 0.831945 0.003369 2.694917 -0.982287 0.028793 400.000000 0.028793 0.000454 0.363240 0.809017 -3.177705 400.000000 -3.177705 0.000865 0.691860 0.587785 4.929238 400.000000 4.929238
 3.600000 -0.968915 0.247394 0.568469 0.822705 -1.320807 0.604643 0.247394 -0.968915 0.822705 0.568469 0.720305 576.243898 0.187381 0.831945 400.000000 0.831945 0.035764 28.610903 -0.982287 0.028793 400.000000 0.028793 0.037471 29.977142 0.809017 -3.177705 400.000000 -3.177705 0.074625 59.700225 0.587785 4.929238 400.000000 4.929238
 3.800000 -0.977674 0.210129 0.599780 0.800165 -1.359089 0.643226 0.210129 -0.977674 0.800165 0.599780 0.103494 82.795076 0.187381 0.831945 400.000000 0.831945 0.004257 3.405705 -0.982287 0.028793 400.000000 0.028793 0.015672 12.537213 0.809017 -3.177705 400.000000 -3.177705 0.028774 23.019529 0.587785 4.929238 400.000000 4.929238
 4.000000 -0.973207 0.229929 0.620753 0.784006 -1.338791 0.669702 0.229929 -0.973207 0.784006 0.620753 0.362067 289.653491 0.187381 0.831945 400.000000 0.831945 0.016489 13.191205 -0.982287 0.028793 400.000000 0.028793 0.125105 100.084252 0.809017 -3.177705 400.000000 -3.177705 0.217370 173.895976 0.587785 4.929238 400.000000 4.929238
 4.200000 -0.986018 0.166639 0.607280 0.794488 -1.403377 0.652633 0.166639 -0.986018 0.794488 0.607280 0.086053 68.842219 0.187381 0.831945 400.000000 0.831945 0.002784 2.227025 -0.982287 0.028793 400.000000 0.028793 0.042219 33.775290 0.809017 -3.177705 400.000000 -3.177705 0.076009 60.807394 0.587785 4.929238 400.000000 4.929238
 4.400000 -0.979804 0.199963 0.636822 0.771011 -1.369477 0.690370 0.199963 -0.979804 0.771011 0.636822 0.031657 25.325915 0.187381 0.831945 400.000000 0.831945 0.001234 0.987007 -0.982287 0.028793 400.000000 0.028793 0.288898 231.118573 0.809017 -3.177705 400.000000 -3.177705 0.480928 384.742553 0.587785 4.929238 400.000000 4.929238
 4.600000 -0.981287 0.192553 0.610606 0.791935 -1.377034 0.656825 0.192553 -0.981287 0.791935 0.610606 0.005348 4.278781 0.187381 0.831945 400.000000 0.831945 0.000200 0.160192 -0.982287 0.028793 400.000000 0.028793 0.058360 46.687894 0.809017 -3.177705 400.000000 -3.177705 0.104154 83.322803 0.587785 4.929238 400.000000 4.929238
 4.800000 -0.970319 0.241827 0.590701 0.806890 -1.326548 0.631928 0.241827 -0.970319 0.806890 0.590701 0.592863 474.290023 0.187381 0.831945 400.000000 0.831945 0.028646 22.916608 -0.982287 0.028793 400.000000 0.028793 0.000905 0.723628 0.809017 -3.177705 400.000000 -3.177705 0.001701 1.360502 0.587785 4.929238 400.000000 4.929238
 5.000000 -0.976245 0.216669 0.587811 0.808998 -1.352395 0.628350 0.216669 -0.976245 0.808998 0.587811 0.171557 137.245336 0.187381 0.831945 400.000000 0.831945 0.007302 5.841274 -0.982287 0.028793 400.000000 0.028793 0.000000 0.000056 0.809017 -3.177705 400.000000 -3.177705 0.000000 0.000107 0.587785 4.929238 400.000000 4.929238
 5.200000 -0.978042 0.208406 0.568687 0.822554 -1.360851 0.604909 0.208406 -0.978042 0.822554 0.568687 0.088409 70.726814 0.187381 0.831945 400.000000 0.831945 0.003604 2.883035 -0.982287 0.028793 400.000000 0.028793 0.036649 29.319549 0.809017 -3.177705 400.000000 -3.177705 0.072947 58.357757 0.587785 4.929238 400.000000 4.929238
 5.400000 -0.981307 0.192450 0.565298 0.824887 -1.377138 0.600794 0.192450 -0.981307 0.824887 0.565298 0.005139 4.111373 0.187381 0.831945 400.000000 0.831945 0.000192 0.153839 -0.982287 0.028793 400.000000 0.028793 0.050370 40.296116 0.809017 -3.177705 400.000000 -3.177705 0.101136 80.908634 0.587785 4.929238 400.000000 4.929238
 5.600000 -0.989743 0.142857 0.561213 0.827672 -1.427449 0.595850 0.142857 -0.989743 0.827672 0.561213 0.396481 317.184694 0.187381 0.831945 400.000000 0.831945 0.011119 8.894881 -0.982287 0.028793 400.000000 0.028793 0.069598 55.678684 0.809017 -3.177705 400.000000 -3.177705 0.141219 112.975023 0.587785 4.929238 400.000000 4.929238
 5.800000 -0.989229 0.146378 0.574115 0.818775 -1.423890 0.611522 0.146378 -0.989229 0.818775 0.574115 0.336246 268.997077 0.187381 0.831945 400.000000 0.831945 0.009637 7.709302 -0.982287 0.028793 400.000000 0.028793 0.019043 15.234779 0.809017 -3.177705 400.000000 -3.177705 0.037377 29.901745 0.587785 4.929238 400.000000 4.929238
 6.000000 -0.977704 0.209986 0.564562 0.825391 -1.359236 0.599903 0.209986 -0.977704 0.825391 0.564562 0.102191 81.753039 0.187381 0.831945 400.000000 0.831945 0.004200 3.360307 -0.982287 0.028793 400.000000 0.028793 0.053619 42.894960 0.809017 -3.177705 400.000000 -3.177705 0.107862 86.289932 0.587785 4.929238 400.000000 4.929238
 6.200000 -0.981697 0.190449 0.615972 0.787768 -1.379177 0.663619 0.190449 -0.981697 0.787768 0.615972 0.001882 1.505469 0.187381 0.831945 400.000000 0.831945 0.000070 0.055717 -0.982287 0.028793 400.000000 0.028793 0.090301 72.240827 0.809017 -3.177705 400.000000 -3.177705 0.158894 127.115416 0.587785 4.929238 400.000000 4.929238
 6.400000 -0.980538 0.196332 0.571202 0.820809 -1.373181 0.607970 0.196332 -0.980538 0.820809 0.571202 0.016023 12.818018 0.187381 0.831945 400.000000 0.831945 0.000612 0.489859 -0.982287 0.028793 400.000000 0.028793 0.027812 22.249689 0.809017 -3.177705 400.000000 -3.177705 0.055000 43.999644 0.587785 4.929238 400.000000 4.929238
 6.600000 -0.982758 0.184895 0.615476 0.788155 -1.384832 0.662990 0.184895 -0.982758 0.788155 0.615476 0.001237 0.989411 0.187381 0.831945 400.000000 0.831945 0.000044 0.035511 -0.982287 0.028793 400.000000 0.028793 0.087041 69.632824 0.809017 -3.177705 400.000000 -3.177705 0.153358 122.686720 0.587785 4.929238 400.000000 4.929238
 6.800000 -0.990398 0.138244 0.578858 0.815428 -1.432108 0.617327 0.138244 -0.990398 0.815428 0.578858 0.482889 386.311338 0.187381 0.831945 400.000000 0.831945 0.013157 10.525892 -0.982287 0.028793 400.000000 0.028793 0.008221 6.576986 0.809017 -3.177705 400.000000 -3.177705 0.015939 12.751494 0.587785 4.929238 400.000000 4.929238
 7.000000 -0.982715 0.185127 0.487191 0.873295 -1.384595 0.508871 0.185127 -0.982715 0.873295 0.487191 0.001016 0.812899 0.187381 0.831945 400.000000 0.831945 0.000037 0.029213 -0.982287 0.028793 400.000000 0.028793 0.826341 661.072411 0.809017 -3.177705 400.000000 -3.177705 2.023832 1619.065257 0.587785 4.929238 400.000000 4.929238
 7.200000 -0.986297 0.164980 0.578268 0.815847 -1.405059 0.616604 0.164980 -0.986297 0.815847 0.578268 0.100364 80.291472 0.187381 0.831945 400.000000 0.831945 0.003215 2.572395 -0.982287 0.028793 400.000000 0.028793 0.009330 7.463648 0.809017 -3.177705 400.000000 -3.177705 0.018116 14.492670 0.587785 4.929238 400.000000 4.929238
 7.400000 -0.986955 0.160999 0.565551 0.824714 -1.409094 0.601101 0.160999 -0.986955 0.824714 0.565551 0.139209 111.367266 0.187381 0.831945 400.000000 0.831945 0.004357 3.485505 -0.982287 0.028793 400.000000 0.028793 0.049277 39.421361 0.809017 -3.177705 400.000000 -3.177705 0.098876 79.100808 0.587785 4.929238 400.000000 4.929238
 7.600000 -0.974257 0.225441 0.583233 0.812305 -1.343401 0.622704 0.225441 -0.974257 0.812305 0.583233 0.289705 231.763883 0.187381 0.831945 400.000000 0.831945 0.012897 10.317925 -0.982287 0.028793 400.000000 0.028793 0.002162 1.729380 0.809017 -3.177705 400.000000 -3.177705 0.004144 3.315134 0.587785 4.929238 400.000000 4.929238
 7.800000 -0.973382 0.229189 0.602047 0.798460 -1.339552 0.646063 0.229189 -0.973382 0.798460 0.602047 0.349578 279.662694 0.187381 0.831945 400.000000 0.831945 0.015861 12.688802 -0.982287 0.028793 400.000000 0.028793 0.022288 17.830341 0.809017 -3.177705 400.000000 -3.177705 0.040681 32.544516 0.587785 4.929238 400.000000 4.929238
 8.000000 -0.965523 0.260318 0.619404 0.785073 -1.307445 0.667983 0.260318 -0.965523 0.785073 0.619404 1.063941 851.152460 0.187381 0.831945 400.000000 0.831945 0.056208 44.966195 -0.982287 0.028793 400.000000 0.028793 0.114667 91.733748 0.809017 -3.177705 400.000000 -3.177705 0.199947 159.957272 0.587785 4.929238 400.000000 4.929238
 8.200000 -0.973534 0.228542 0.589987 0.807413 -1.340216 0.631043 0.228542 -0.973534 0.807413 0.589987 0.338843 271.074113 0.187381 0.831945 400.000000 0.831945 0.015324 12.259042 -0.982287 0.028793 400.000000 0.028793 0.000515 0.411816 0.809017 -3.177705 400.000000 -3.177705 0.000970 0.775701 0.587785 4.929238 400.000000 4.929238
 8.400000 -0.977052 0.213000 0.643023 0.765846 -1.356152 0.698440 0.213000 -0.977052 0.765846 0.643023 0.131262 105.009313 0.187381 0.831945 400.000000 0.831945 0.005481 4.384859 -0.982287 0.028793 400.000000 0.028793 0.372739 298.191009 0.809017 -3.177705 400.000000 -3.177705 0.610252 488.201641 0.587785 4.929238 400.000000 4.929238
 8.600000 -0.982210 0.187784 0.611441 0.791290 -1.381891 0.657880 0.187784 -0.982210 0.791290 0.611441 0.000032 0.025903 0.187381 0.831945 400.000000 0.831945 0.000001 0.000945 -0.982287 0.028793 400.000000 0.028793 0.062848 50.278729 0.809017 -3.177705 400.000000 -3.177705 0.111918 89.534167 0.587785 4.929238 400.000000 4.929238
 8.800000 -0.965705 0.259640 0.585683 0.810541 -1.308147 0.625722 0.259640 -0.965705 0.810541 0.585683 1.044268 835.414283 0.187381 0.831945 400.000000 0.831945 0.054991 43.993043 -0.982287 0.028793 400.000000 0.028793 0.000464 0.371392 0.809017 -3.177705 400.000000 -3.177705 0.000884 0.707430 0.587785 4.929238 400.000000 4.929238
 9.000000 -0.990775 0.135517 0.641942 0.766753 -1.434861 0.697028 0.135517 -0.990775 0.766753 0.641942 0.537975 430.379987 0.187381 0.831945 400.000000 0.831945 0.014408 11.526644 -0.982287 0.028793 400.000000 0.028793 0.357243 285.794628 0.809017 -3.177705 400.000000 -3.177705 0.586587 469.269605 0.587785 4.929238 400.000000 4.929238
 9.200000 -0.989240 0.146302 0.572908 0.819620 -1.423968 0.610049 0.146302 -0.989240 0.819620 0.572908 0.337506 270.005058 0.187381 0.831945 400.000000 0.831945 0.009668 7.734542 -0.982287 0.028793 400.000000 0.028793 0.022485 17.987841 0.809017 -3.177705 400.000000 -3.177705 0.044269 35.415475 0.587785 4.929238 400.000000 4.929238
 9.400000 -0.976617 0.214986 0.554345 0.832287 -1.354119 0.587576 0.214986 -0.976617 0.832287 0.554345 0.152401 121.920826 0.187381 0.831945 400.000000 0.831945 0.006430 5.143944 -0.982287 0.028793 400.000000 0.028793 0.108296 86.636604 0.809017 -3.177705 400.000000 -3.177705 0.223644 178.915393 0.587785 4.929238 400.000000 4.929238
 9.600000 -0.983939 0.178504 0.561253 0.827644 -1.391330 0.595899 0.178504 -0.983939 0.827644 0.561253 0.015760 12.608105 0.187381 0.831945 400.000000 0.831945 0.000546 0.436590 -0.982287 0.028793 400.000000 0.028793 0.069396 55.516618 0.809017 -3.177705 400.000000 -3.177705 0.140793 112.634587 0.587785 4.929238 400.000000 4.929238
 9.800000 -0.984981 0.172664 0.597862 0.801599 -1.397263 0.640831 0.172664 -0.984981 0.801599 0.597862 0.043320 34.656193 0.187381 0.831945 400.000000 0.831945 0.001451 1.160828 -0.982287 0.028793 400.000000 0.028793 0.011005 8.803782 0.809017 -3.177705 400.000000 -3.177705 0.020307 16.245855 0.587785 4.929238 400.000000 4.929238
 10.000000 -0.990258 0.139247 0.605437 0.795893 -1.431095 0.650315 0.139247 -0.990258 0.795893 0.605437 0.463382 370.705574 0.187381 0.831945 400.000000 0.831945 0.012706 10.164430 -0.982287 0.028793 400.000000 0.028793 0.034448 27.558393 0.809017 -3.177705 400.000000 -3.177705 0.062319 49.855410 0.587785 4.929238 400.000000 4.929238
 10.200000 -0.974588 0.224007 0.599283 0.800537 -1.344872 0.642605 0.224007 -0.974588 0.800537 0.599283 0.268290 214.632111 0.187381 0.831945 400.000000 0.831945 0.011857 9.485775 -0.982287 0.028793 400.000000 0.028793 0.014381 11.504649 0.809017 -3.177705 400.000000 -3.177705 0.026439 21.151122 0.587785 4.929238 400.000000 4.929238
 10.400000 -0.988773 0.149426 0.580531 0.814238 -1.420809 0.619381 0.149426 -0.988773 0.814238 0.580531 0.288121 230.496790 0.187381 0.831945 400.000000 0.831945 0.008413 6.730203 -0.982287 0.028793 400.000000 0.028793 0.005451 4.361153 0.809017 -3.177705 400.000000 -3.177705 0.010524 8.418865 0.587785 4.929238 400.000000 4.929238
 10.600000 -0.990063 0.140627 0.620361 0.784316 -1.429701 0.669203 0.140627 -0.990063 0.784316 0.620361 0.437189 349.751185 0.187381 0.831945 400.000000 0.831945 0.012091 9.673009 -0.982287 0.028793 400.000000 0.028793 0.122023 97.618552 0.809017 -3.177705 400.000000 -3.177705 0.212235 169.787905 0.587785 4.929238 400.000000 4.929238
 10.800000 -0.983667 0.180000 0.594189 0.804326 -1.389810 0.636257 0.180000 -0.983667 0.804326 0.594189 0.010897 8.717750 0.187381 0.831945 400.000000 0.831945 0.000381 0.304433 -0.982287 0.028793 400.000000 0.028793 0.004402 3.521458 0.809017 -3.177705 400.000000 -3.177705 0.008201 6.560845 0.587785 4.929238 400.000000 4.929238
 11.000000 -0.980940 0.194309 0.566128 0.824317 -1.375244 0.601802 0.194309 -0.980940 0.824317 0.566128 0.009598 7.678479 0.187381 0.831945 400.000000 0.831945 0.000363 0.290239 -0.982287 0.028793 400.000000 0.028793 0.046818 37.454453 0.809017 -3.177705 400.000000 -3.177705 0.093803 75.042410 0.587785 4.929238 400.000000 4.929238
 11.200000 -0.986809 0.161887 0.595008 0.803720 -1.408194 0.637276 0.161887 -0.986809 0.803720 0.595008 0.129994 103.995128 0.187381 0.831945 400.000000 0.831945 0.004090 3.271876 -0.982287 0.028793 400.000000 0.028793 0.005612 4.489759 0.809017 -3.177705 400.000000 -3.177705 0.010434 8.347036 0.587785 4.929238 400.000000 4.929238
 11.400000 -0.978184 0.207739 0.615878 0.787841 -1.361533 0.663500 0.207739 -0.978184 0.787841 0.615878 0.082886 66.308921 0.187381 0.831945 400.000000 0.831945 0.003367 2.693453 -0.982287 0.028793 400.000000 0.028793 0.089680 71.744268 0.809017 -3.177705 400.000000 -3.177705 0.157841 126.272864 0.587785 4.929238 400.000000 4.929238
 11.600000 -0.981466 0.191636 0.565042 0.825062 -1.377967 0.600484 0.191636 -0.981466 0.825062 0.565042 0.003621 2.896511 0.187381 0.831945 400.000000 0.831945 0.000135 0.107900 -0.982287 0.028793 400.000000 0.028793 0.051488 41.190505 0.809017 -3.177705 400.000000 -3.177705 0.103449 82.758861 0.587785 4.929238 400.000000 4.929238
 11.800000 -0.983227 0.182385 0.585239 0.810861 -1.387385 0.625175 0.182385 -0.983227 0.810861 0.585239 0.004993 3.994383 0.187381 0.831945 400.000000 0.831945 0.000177 0.141368 -0.982287 0.028793 400.000000 0.028793 0.000680 0.543799 0.809017 -3.177705 400.000000 -3.177705 0.001296 1.037023 0.587785 4.929238 400.000000 4.929238
 12.000000 -0.978548 0.206018 0.605726 0.795673 -1.363292 0.650678 0.206018 -0.978548 0.795673 0.605726 0.069467 55.573301 0.187381 0.831945 400.000000 0.831945 0.002796 2.236926 -0.982287 0.028793 400.000000 0.028793 0.035611 28.488929 0.809017 -3.177705 400.000000 -3.177705 0.064375 51.499787 0.587785 4.929238 400.000000 4.929238
 12.200000 -0.973374 0.229222 0.583011 0.812464 -1.339518 0.622430 0.229222 -0.973374 0.812464 0.583011 0.350126 280.100424 0.187381 0.831945 400.000000 0.831945 0.015888 12.710759 -0.982287 0.028793 400.000000 0.028793 0.002377 1.901292 0.809017 -3.177705 400.000000 -3.177705 0.004558 3.646783 0.587785 4.929238 400.000000 4.929238
 12.400000 -0.984037 0.177965 0.598187 0.801356 -1.391879 0.641237 0.177965 -0.984037 0.801356 0.598187 0.017735 14.188065 0.187381 0.831945 400.000000 0.831945 0.000612 0.489803 -0.982287 0.028793 400.000000 0.028793 0.011737 9.389353 0.809017 -3.177705 400.000000 -3.177705 0.021640 17.311702 0.587785 4.929238 400.000000 4.929238
 12.600000 -0.981288 0.192545 0.605203 0.796071 -1.377041 0.650021 0.192545 -0.981288 0.796071 0.605203 0.005333 4.266304 0.187381 0.831945 400.000000 0.831945 0.000200 0.159719 -0.982287 0.028793 400.000000 0.028793 0.033520 26.815901 0.809017 -3.177705 400.000000 -3.177705 0.060677 48.541986 0.587785 4.929238 400.000000 4.929238
 12.800000 -0.971934 0.235255 0.578720 0.815526 -1.333315 0.617159 0.235255 -0.971934 0.815526 0.578720 0.458386 366.708674 0.187381 0.831945 400.000000 0.831945 0.021440 17.151747 -0.982287 0.028793 400.000000 0.028793 0.008473 6.778714 0.809017 -3.177705 400.000000 -3.177705 0.016434 13.147283 0.587785 4.929238 400.000000 4.929238
 13.000000 -0.979687 0.200535 0.595709 0.803201 -1.368892 0.638148 0.200535 -0.979687 0.803201 0.595709 0.034604 27.683484 0.187381 0.831945 400.000000 0.831945 0.001353 1.082208 -0.982287 0.028793 400.000000 0.028793 0.006766 5.412750 0.809017 -3.177705 400.000000 -3.177705 0.012556 10.044617 0.587785 4.929238 400.000000 4.929238
 13.200000 -0.989313 0.145807 0.619800 0.784760 -1.424468 0.668488 0.145807 -0.989313 0.784760 0.619800 0.345688 276.550598 0.187381 0.831945 400.000000 0.831945 0.009872 7.897976 -0.982287 0.028793 400.000000 0.028793 0.117681 94.144485 0.809017 -3.177705 400.000000 -3.177705 0.204986 163.988927 0.587785 4.929238 400.000000 4.929238
 13.400000 -0.978487 0.206310 0.570035 0.821621 -1.362994 0.606548 0.206310 -0.978487 0.821621 0.570035 0.071661 57.328779 0.187381 0.831945 400.000000 0.831945 0.002889 2.311159 -0.982287 0.028793 400.000000 0.028793 0.031770 25.415769 0.809017 -3.177705 400.000000 -3.177705 0.063015 50.412233 0.587785 4.929238 400.000000 4.929238
 13.600000 -0.980062 0.198693 0.618127 0.786078 -1.370772 0.666358 0.198693 -0.980062 0.786078 0.618127 0.025590 20.472361 0.187381 0.831945 400.000000 0.831945 0.000991 0.792423 -0.982287 0.028793 400.000000 0.028793 0.105240 84.191720 0.809017 -3.177705 400.000000 -3.177705 0.184128 147.302738 0.587785 4.929238 400.000000 4.929238
 13.800000 -0.982450 0.186525 0.583843 0.811867 -1.383172 0.623454 0.186525 -0.982450 0.811867 0.583843 0.000147 0.117238 0.187381 0.831945 400.000000 0.831945 0.000005 0.004246 -0.982287 0.028793 400.000000 0.028793 0.001624 1.299520 0.809017 -3.177705 400.000000 -3.177705 0.003109 2.487182 0.587785 4.929238 400.000000 4.929238
 14.000000 -0.978419 0.206633 0.583762 0.811925 -1.362664 0.623354 0.206633 -0.978419 0.811925 0.583762 0.074124 59.299581 0.187381 0.831945 400.000000 0.831945 0.002993 2.394696 -0.982287 0.028793 400.000000 0.028793 0.001691 1.353144 0.809017 -3.177705 400.000000 -3.177705 0.003238 2.590357 0.587785 4.929238 400.000000 4.929238
 14.200000 -0.972744 0.231882 0.617589 0.786501 -1.336785 0.665673 0.231882 -0.972744 0.786501 0.617589 0.396059 316.847039 0.187381 0.831945 400.000000 0.831945 0.018215 14.571880 -0.982287 0.028793 400.000000 0.028793 0.101393 81.114723 0.809017 -3.177705 400.000000 -3.177705 0.177652 142.121367 0.587785 4.929238 400.000000 4.929238
 14.400000 -0.976066 0.217477 0.623092 0.782149 -1.351568 0.672689 0.217477 -0.976066 0.782149 0.623092 0.181146 144.917009 0.187381 0.831945 400.000000 0.831945 0.007742 6.193597 -0.982287 0.028793 400.000000 0.028793 0.144379 115.503058 0.809017 -3.177705 400.000000 -3.177705 0.249307 199.445613 0.587785 4.929238 400.000000 4.929238
 14.600000 -0.977962 0.208784 0.616632 0.787251 -1.360465 0.664458 0.208784 -0.977962 0.787251 0.616632 0.091618 73.294111 0.187381 0.831945 400.000000 0.831945 0.003742 2.993644 -0.982287 0.028793 400.000000 0.028793 0.094750 75.799830 0.809017 -3.177705 400.000000 -3.177705 0.166432 133.145269 0.587785 4.929238 400.000000 4.929238
 14.800000 -0.970877 0.239577 0.605092 0.796156 -1.328867 0.649881 0.239577 -0.970877 0.796156 0.605092 0.544871 435.897052 0.187381 0.831945 400.000000 0.831945 0.026037 20.829388 -0.982287 0.028793 400.000000 0.028793 0.033082 26.465957 0.809017 -3.177705 400.000000 -3.177705 0.059903 47.922536 0.587785 4.929238 400.000000 4.929238
 15.000000 -0.986687 0.162632 0.627015 0.779007 -1.407439 0.677715 0.162632 -0.986687 0.779007 0.627015 0.122510 98.007795 0.187381 0.831945 400.000000 0.831945 0.003871 3.097054 -0.982287 0.028793 400.000000 0.028793 0.180116 144.093109 0.809017 -3.177705 400.000000 -3.177705 0.307792 246.233903 0.587785 4.929238 400.000000 4.929238
 15.200000 -0.969612 0.244649 0.578636 0.815586 -1.323638 0.617055 0.244649 -0.969612 0.815586 0.578636 0.655926 524.741111 0.187381 0.831945 400.000000 0.831945 0.032134 25.707491 -0.982287 0.028793 400.000000 0.028793 0.008630 6.904314 0.809017 -3.177705 400.000000 -3.177705 0.016742 13.393815 0.587785 4.929238 400.000000 4.929238
 15.400000 -0.973620 0.228177 0.610972 0.791652 -1.340592 0.657287 0.228177 -0.973620 0.791652 0.610972 0.332856 266.284824 0.187381 0.831945 400.000000 0.831945 0.015025 12.020258 -0.982287 0.028793 400.000000 0.028793 0.060305 48.244145 0.809017 -3.177705 400.000000 -3.177705 0.107522 86.017283 0.587785 4.929238 400.000000 4.929238
 15.600000 -0.973643 0.228078 0.597985 0.801507 -1.340693 0.640985 0.228078 -0.973643 0.801507 0.597985 0.331240 264.992075 0.187381 0.831945 400.000000 0.831945 0.014945 11.955911 -0.982287 0.028793 400.000000 0.028793 0.011280 9.023841 0.809017 -3.177705 400.000000 -3.177705 0.020808 16.646562 0.587785 4.929238 400.000000 4.929238
 15.800000 -0.990503 0.137490 0.601858 0.798603 -1.432870 0.645825 0.137490 -0.990503 0.798603 0.601858 0.497837 398.269970 0.187381 0.831945 400.000000 0.831945 0.013500 10.800334 -0.982287 0.028793 400.000000 0.028793 0.021688 17.350651 0.809017 -3.177705 400.000000 -3.177705 0.039606 31.684704 0.587785 4.929238 400.000000 4.929238
 16.000000 -0.981128 0.193361 0.574310 0.818638 -1.376210 0.611761 0.193361 -0.981128 0.818638 0.574310 0.007150 5.720282 0.187381 0.831945 400.000000 0.831945 0.000269 0.215107 -0.982287 0.028793 400.000000 0.028793 0.018512 14.809366 0.809017 -3.177705 400.000000 -3.177705 0.036315 29.052090 0.587785 4.929238 400.000000 4.929238
 16.200000 -0.980500 0.196519 0.618996 0.785394 -1.372989 0.667464 0.196519 -0.980500 0.785394 0.618996 0.016701 13.360882 0.187381 0.831945 400.000000 0.831945 0.000639 0.511124 -0.982287 0.028793 400.000000 0.028793 0.111609 89.287093 0.809017 -3.177705 400.000000 -3.177705 0.194824 155.859061 0.587785 4.929238 400.000000 4.929238
 16.400000 -0.988115 0.153719 0.605156 0.796107 -1.416466 0.649962 0.153719 -0.988115 0.796107 0.605156 0.226635 181.308330 0.187381 0.831945 400.000000 0.831945 0.006792 5.433396 -0.982287 0.028793 400.000000 0.028793 0.033335 26.667712 0.809017 -3.177705 400.000000 -3.177705 0.060350 48.279703 0.587785 4.929238 400.000000 4.929238
 16.600000 -0.971974 0.235090 0.594696 0.803951 -1.333485 0.636887 0.235090 -0.971974 0.803951 0.594696 0.455229 364.183511 0.187381 0.831945 400.000000 0.831945 0.021275 17.019637 -0.982287 0.028793 400.000000 0.028793 0.005133 4.106417 0.809017 -3.177705 400.000000 -3.177705 0.009551 7.640578 0.587785 4.929238 400.000000 4.929238
 16.800000 -0.980879 0.194618 0.602692 0.797974 -1.374929 0.646871 0.194618 -0.980879 0.797974 0.602692 0.010473 8.378485 0.187381 0.831945 400.000000 0.831945 0.000397 0.317231 -0.982287 0.028793 400.000000 0.028793 0.024391 19.512570 0.809017 -3.177705 400.000000 -3.177705 0.044444 35.554851 0.587785 4.929238 400.000000 4.929238
 17.000000 -0.977026 0.213121 0.623215 0.782050 -1.356028 0.672847 0.213121 -0.977026 0.782050 0.623215 0.132508 106.006184 0.187381 0.831945 400.000000 0.831945 0.005537 4.429288 -0.982287 0.028793 400.000000 0.028793 0.145440 116.351843 0.809017 -3.177705 400.000000 -3.177705 0.251057 200.845343 0.587785 4.929238 400.000000 4.929238
 17.200000 -0.987437 0.158013 0.595211 0.803570 -1.412118 0.637528 0.158013 -0.987437 0.803570 0.595211 0.172495 137.995866 0.187381 0.831945 400.000000 0.831945 0.005304 4.243133 -0.982287 0.028793 400.000000 0.028793 0.005935 4.747929 0.809017 -3.177705 400.000000 -3.177705 0.011028 8.822337 0.587785 4.929238 400.000000 4.929238
 17.400000 -0.975407 0.220411 0.594194 0.804322 -1.348561 0.636263 0.220411 -0.975407 0.804322 0.594194 0.218186 174.548623 0.187381 0.831945 400.000000 0.831945 0.009467 7.573623 -0.982287 0.028793 400.000000 0.028793 0.004409 3.527328 0.809017 -3.177705 400.000000 -3.177705 0.008215 6.571691 0.587785 4.929238 400.000000 4.929238
 17.600000 -0.984318 0.176403 0.598994 0.800753 -1.393465 0.642244 0.176403 -0.984318 0.800753 0.598994 0.024104 19.283367 0.187381 0.831945 400.000000 0.831945 0.000825 0.659837 -0.982287 0.028793 400.000000 0.028793 0.013657 10.925964 0.809017 -3.177705 400.000000 -3.177705 0.025128 20.102385 0.587785 4.929238 400.000000 4.929238
 17.800000 -0.987242 0.159230 0.586491 0.809956 -1.410886 0.626719 0.159230 -0.987242 0.809956 0.586491 0.158504 126.803537 0.187381 0.831945 400.000000 0.831945 0.004909 3.927272 -0.982287 0.028793 400.000000 0.028793 0.000176 0.141106 0.809017 -3.177705 400.000000 -3.177705 0.000335 0.268215 0.587785 4.929238 400.000000 4.929238
 18.000000 -0.978334 0.207035 0.568465 0.822708 -1.362253 0.604638 0.207035 -0.978334 0.822708 0.568465 0.077255 61.803859 0.187381 0.831945 400.000000 0.831945 0.003126 2.501143 -0.982287 0.028793 400.000000 0.028793 0.037487 29.989936 0.809017 -3.177705 400.000000 -3.177705 0.074658 59.726355 0.587785 4.929238 400.000000 4.929238
 18.200000 -0.989754 0.142780 0.622448 0.782661 -1.427527 0.671867 0.142780 -0.989754 0.782661 0.622448 0.397859 318.287267 0.187381 0.831945 400.000000 0.831945 0.011152 8.921521 -0.982287 0.028793 400.000000 0.028793 0.138927 111.141925 0.809017 -3.177705 400.000000 -3.177705 0.240303 192.242795 0.587785 4.929238 400.000000 4.929238
 18.400000 -0.974870 0.222776 0.587782 0.809019 -1.346136 0.628315 0.222776 -0.974870 0.809019 0.587782 0.250550 200.440128 0.187381 0.831945 400.000000 0.831945 0.011004 8.803052 -0.982287 0.028793 400.000000 0.028793 0.000000 0.000001 0.809017 -3.177705 400.000000 -3.177705 0.000000 0.000001 0.587785 4.929238 400.000000 4.929238
 18.600000 -0.982189 0.187895 0.615348 0.788255 -1.381778 0.662828 0.187895 -0.982189 0.788255 0.615348 0.000053 0.042262 0.187381 0.831945 400.000000 0.831945 0.000002 0.001542 -0.982287 0.028793 400.000000 0.028793 0.086210 68.967660 0.809017 -3.177705 400.000000 -3.177705 0.151945 121.555804 0.587785 4.929238 400.000000 4.929238
 18.800000 -0.972544 0.232718 0.629083 0.777338 -1.335925 0.680373 0.232718 -0.972544 0.777338 0.629083 0.411083 328.866688 0.187381 0.831945 400.000000 0.831945 0.018985 15.188162 -0.982287 0.028793 400.000000 0.028793 0.200710 160.568097 0.809017 -3.177705 400.000000 -3.177705 0.341101 272.880788 0.587785 4.929238 400.000000 4.929238
 19.000000 -0.986424 0.164217 0.577996 0.816040 -1.405832 0.616270 0.164217 -0.986424 0.816040 0.577996 0.107317 85.853516 0.187381 0.831945 400.000000 0.831945 0.003423 2.738341 -0.982287 0.028793 400.000000 0.028793 0.009864 7.891296 0.809017 -3.177705 400.000000 -3.177705 0.019167 15.333863 0.587785 4.929238 400.000000 4.929238
 19.200000 -0.968616 0.248563 0.599566 0.800325 -1.319600 0.642959 0.248563 -0.968616 0.800325 0.599566 0.748631 598.905095 0.187381 0.831945 400.000000 0.831945 0.037382 29.905287 -0.982287 0.028793 400.000000 0.028793 0.015110 12.087759 0.809017 -3.177705 400.000000 -3.177705 0.027758 22.206696 0.587785 4.929238 400.000000 4.929238
 19.400000 -0.985480 0.169790 0.598799 0.800899 -1.400179 0.642001 0.169790 -0.985480 0.800899 0.598799 0.061888 49.510664 0.187381 0.831945 400.000000 0.831945 0.002039 1.631193 -0.982287 0.028793 400.000000 0.028793 0.013180 10.543852 0.809017 -3.177705 400.000000 -3.177705 0.024262 19.409238 0.587785 4.929238 400.000000 4.929238
 19.600000 -0.971979 0.235066 0.553954 0.832547 -1.333510 0.587106 0.235066 -0.971979 0.832547 0.553954 0.454769 363.815546 0.187381 0.831945 400.000000 0.831945 0.021250 17.000399 -0.982287 0.028793 400.000000 0.028793 0.110734 88.587034 0.809017 -3.177705 400.000000 -3.177705 0.228908 183.126794 0.587785 4.929238 400.000000 4.929238
 19.800000 -0.987351 0.158552 0.555254 0.831681 -1.411572 0.588668 0.158552 -0.987351 0.831681 0.555254 0.166222 132.977558 0.187381 0.831945 400.000000 0.831945 0.005127 4.101958 -0.982287 0.028793 400.000000 0.028793 0.102730 82.183940 0.809017 -3.177705 400.000000 -3.177705 0.211657 169.325313 0.587785 4.929238 400.000000 4.929238
 20.000000 -0.970326 0.241799 0.671773 0.740757 -1.326577 0.736599 0.241799 -0.970326 0.740757 0.671773 0.592247 473.797813 0.187381 0.831945 400.000000 0.831945 0.028612 22.889646 -0.982287 0.028793 400.000000 0.028793 0.931877 745.501522 0.809017 -3.177705 400.000000 -3.177705 1.410779 1128.623563 0.587785 4.929238 400.000000 4.929238
