#! FIELDS time sin_phi cos_phi sin_psi cos_psi phi psi cos_phi sin_phi cos_psi sin_psi restraint_phi_cos.bias restraint_phi_cos.force2 restraint_phi_cos.cos_phi_cntr restraint_phi_cos.cos_phi_work restraint_phi_cos.cos_phi_kappa restraint_phi_cos.work restraint_phi_sin.bias restraint_phi_sin.force2 restraint_phi_sin.sin_phi_cntr restraint_phi_sin.sin_phi_work restraint_phi_sin.sin_phi_kappa restraint_phi_sin.work restraint_psi_cos.bias restraint_psi_cos.force2 restraint_psi_cos.cos_psi_cntr restraint_psi_cos.cos_psi_work restraint_psi_cos.cos_psi_kappa restraint_psi_cos.work restraint_psi_sin.bias restraint_psi_sin.force2 restraint_psi_sin.sin_psi_cntr restraint_psi_sin.sin_psi_work restraint_psi_sin.sin_psi_kappa restraint_psi_sin.work
#! SET min_phi -pi
#! SET max_phi pi
#! SET min_psi -pi
#! SET max_psi pi
 0.000000 -0.999983 -0.005782 0.966116 0.258110 -1.576579 1.309731 -0.005782 -0.999983 0.258110 0.966116 0.000000 0.000000 -0.009747 0.000000 0.000000 0.000000 0.000000 0.000000 -0.999953 0.000000 0.000000 0.000000 0.000000 0.000000 0.256142 0.000000 0.000000 0.000000 0.000000 0.000000 0.966639 0.000000 0.000000 0.000000
 0.200000 -0.999140 -0.041468 0.905017 0.425376 -1.612276 1.131419 -0.041468 -0.999140 0.425376 0.905017 0.020124 1.609954 -0.009747 0.662364 40.000000 0.662364 0.000013 0.001057 -0.999953 0.011529 40.000000 0.011529 0.572802 45.824196 0.256142 0.576362 40.000000 0.576362 0.075947 6.075730 0.966639 0.088549 40.000000 0.088549
 0.400000 -0.998868 -0.047563 0.956080 0.293105 -1.618378 1.273324 -0.047563 -0.998868 0.293105 0.956080 0.057204 9.152712 -0.009747 0.801253 80.000000 0.801253 0.000047 0.007524 -0.999953 0.011985 80.000000 0.011985 0.054648 8.743688 0.256142 0.735574 80.000000 0.735574 0.004459 0.713507 0.966639 0.099441 80.000000 0.099441
 0.600000 -0.997967 0.063729 0.981907 0.189363 -1.507024 1.380283 0.063729 -0.997967 0.189363 0.981907 0.323920 77.740879 -0.009747 0.886965 120.000000 0.886965 0.000236 0.056755 -0.999953 0.012279 120.000000 0.012279 0.267572 64.217256 0.256142 0.965572 120.000000 0.965572 0.013987 3.356878 0.966639 0.123246 120.000000 0.123246
 0.800000 -0.993235 0.116122 0.966929 0.255047 -1.454412 1.312900 0.116122 -0.993235 0.255047 0.966929 1.267426 405.576279 -0.009747 0.947162 160.000000 0.947162 0.003610 1.155200 -0.999953 0.012347 160.000000 0.012347 0.000096 0.030699 0.256142 1.077507 160.000000 1.077507 0.000007 0.002146 0.966639 0.133967 160.000000 0.133967
 1.000000 -0.995765 0.091936 0.976042 0.217582 -1.478730 1.351460 0.091936 -0.995765 0.217582 0.976042 1.033939 413.575406 -0.009747 1.048428 200.000000 1.048428 0.001754 0.701442 -0.999953 0.012636 200.000000 0.012636 0.148692 59.476698 0.256142 1.117670 200.000000 1.117670 0.008842 3.536673 0.966639 0.136764 200.000000 0.136764
 1.200000 -0.998340 0.057595 0.982471 0.186416 -1.513169 1.383284 0.057595 -0.998340 0.186416 0.982471 0.544186 261.209476 -0.009747 1.108168 240.000000 1.108168 0.000312 0.149764 -0.999953 0.012787 240.000000 0.012787 0.583418 280.040651 0.256142 1.161205 240.000000 1.161205 0.030078 14.437395 0.966639 0.140228 240.000000 0.140228
 1.400000 -0.997551 0.069938 0.946021 0.324105 -1.500802 1.240731 0.069938 -0.997551 0.324105 0.946021 0.888940 497.806259 -0.009747 1.170234 280.000000 1.170234 0.000807 0.452012 -0.999953 0.012956 280.000000 0.012956 0.646647 362.122484 0.256142 1.205123 280.000000 1.205123 0.059514 33.327761 0.966639 0.144051 280.000000 0.144051
 1.600000 -0.999689 0.024924 0.961320 0.275435 -1.545870 1.291754 0.024924 -0.999689 0.275435 0.961320 0.192326 123.088428 -0.009747 1.219963 320.000000 1.219963 0.000011 0.007091 -0.999953 0.013014 320.000000 0.013014 0.059553 38.113830 0.256142 1.269743 320.000000 1.269743 0.004527 2.897478 0.966639 0.148949 320.000000 0.148949
 1.800000 -0.999538 -0.030378 0.959790 0.280718 -1.601179 1.286254 -0.030378 -0.999538 0.280718 0.959790 0.076620 55.166241 -0.009747 1.248322 360.000000 1.248322 0.000031 0.022216 -0.999953 0.013049 360.000000 0.013049 0.108717 78.276407 0.256142 1.295136 360.000000 1.295136 0.008443 6.079226 0.966639 0.150762 360.000000 0.150762
 2.000000 -0.999242 -0.038933 0.964149 0.265361 -1.609739 1.302218 -0.038933 -0.999242 0.265361 0.964149 0.170373 136.298331 -0.009747 1.286719 400.000000 1.286719 0.000101 0.080812 -0.999953 0.013076 400.000000 0.013076 0.016998 13.598636 0.256142 1.318619 400.000000 1.318619 0.001240 0.992067 0.966639 0.152524 400.000000 0.152524
 2.200000 -0.994683 0.102982 0.948059 0.318094 -1.467631 1.247078 0.102982 -0.994683 0.318094 0.948059 0.768801 615.040686 0.040982 1.115846 400.000000 1.115846 0.815162 652.129497 -0.930841 0.933994 400.000000 0.933994 0.001256 1.004883 0.315588 1.030258 400.000000 1.030258 0.579830 463.864129 0.894215 0.801161 400.000000 0.801161
 2.400000 -0.991165 0.132631 0.899785 0.436334 -1.437773 1.119276 0.132631 -0.991165 0.436334 0.899785 0.334888 267.910729 0.091711 0.769086 400.000000 0.769086 3.350722 2680.577770 -0.861730 3.690351 400.000000 3.690351 0.751528 601.222438 0.375034 0.274933 400.000000 0.274933 1.216593 973.274770 0.821792 2.726678 400.000000 2.726678
 2.600000 -0.983057 0.183303 0.892899 0.450256 -1.386451 1.103744 0.183303 -0.983057 0.450256 0.892899 0.333956 267.164689 0.142440 0.228390 400.000000 0.228390 7.253337 5802.669795 -0.792618 8.166301 400.000000 8.166301 0.049779 39.822992 0.434480 -0.932267 400.000000 -0.932267 4.120262 3296.209569 0.749368 5.715033 400.000000 5.715033
 2.800000 -0.963794 0.266648 0.766812 0.641872 -1.300883 0.873860 0.266648 -0.963794 0.641872 0.766812 1.079840 863.872068 0.193169 -0.706979 400.000000 -0.706979 11.547572 9238.057703 -0.723507 14.192569 400.000000 14.192569 4.377587 3502.069218 0.493926 -2.778942 400.000000 -2.778942 1.615258 1292.206108 0.676944 9.364423 400.000000 9.364423
 3.000000 -0.935226 0.354051 0.781281 0.624180 -1.208897 0.896715 0.354051 -0.935226 0.624180 0.781281 2.426768 1941.414044 0.243897 -2.342616 400.000000 -2.342616 15.773152 12618.521269 -0.654396 21.487124 400.000000 21.487124 1.002763 802.210459 0.553372 -5.346331 400.000000 -5.346331 6.248842 4999.073876 0.604520 13.216115 400.000000 13.216115
 3.200000 -0.932643 0.360800 0.712605 0.701566 -1.201671 0.793204 0.360800 -0.932643 0.701566 0.712605 0.875794 700.635389 0.294626 -4.540582 400.000000 -4.540582 24.131655 19305.324065 -0.585284 29.902347 400.000000 29.902347 1.575241 1260.192990 0.612818 -8.429881 400.000000 -8.429881 6.516659 5213.327455 0.532096 17.011055 400.000000 17.011055
 3.400000 -0.834759 0.550615 0.568669 0.822566 -0.987695 0.604887 0.550615 -0.834759 0.822566 0.568669 8.426379 6741.103189 0.345355 -7.652161 400.000000 -7.652161 20.299427 16239.541639 -0.516173 38.989776 400.000000 38.989776 4.518184 3614.547337 0.672263 -12.014701 400.000000 -12.014701 2.376055 1900.843855 0.459673 20.200364 400.000000 20.200364
 3.600000 -0.791736 0.610864 0.467465 0.884011 -0.913645 0.486421 0.610864 -0.791736 0.884011 0.467465 9.226084 7380.866806 0.396084 -11.925147 400.000000 -11.925147 23.760082 19008.065818 -0.447061 48.114743 400.000000 48.114743 4.639193 3711.354264 0.731709 -15.657356 400.000000 -15.657356 1.286928 1029.542467 0.387249 22.842019 400.000000 22.842019
 3.800000 -0.661399 0.750034 0.394482 0.918904 -0.722683 0.405504 0.750034 -0.661399 0.918904 0.394482 18.388667 14710.933794 0.446812 -17.177738 400.000000 -17.177738 16.068678 12854.942156 -0.377950 56.908966 400.000000 56.908966 3.263944 2611.154986 0.791155 -19.089812 400.000000 -19.089812 1.269032 1015.225685 0.314825 24.819024 400.000000 24.819024
 4.000000 -0.624129 0.781322 0.245684 0.969350 -0.674016 0.248225 0.781322 -0.624129 0.969350 0.245684 16.106252 12885.001242 0.497541 -23.260139 400.000000 -23.260139 19.881554 15905.243324 -0.308839 64.916939 400.000000 64.916939 2.820270 2256.215723 0.850601 -22.040586 400.000000 -22.040586 0.002154 1.723539 0.242401 26.125222 400.000000 26.125222
 4.200000 -0.495671 0.868510 0.166939 0.985967 -0.518607 0.167724 0.868510 -0.495671 0.985967 0.166939 20.510763 16408.610488 0.548270 -30.266140 400.000000 -30.266140 13.101448 10481.158179 -0.239727 70.968976 400.000000 70.968976 1.152780 922.223823 0.910047 -24.254186 400.000000 -24.254186 0.001847 1.477229 0.169978 26.688366 400.000000 26.688366
 4.400000 -0.272472 0.962164 0.097428 0.995243 -0.275962 0.097583 0.962164 -0.272472 0.995243 0.097428 26.377731 21102.184442 0.598999 -37.385079 400.000000 -37.385079 2.074950 1659.959658 -0.170616 75.696473 400.000000 75.696473 0.132611 106.088660 0.969493 -25.455212 400.000000 -25.455212 0.000003 0.002528 0.097554 26.670864 400.000000 26.670864
 4.600000 -0.104263 0.994550 0.043778 0.999041 -0.104453 0.043792 0.994550 -0.104263 0.999041 0.043778 23.780470 19024.375861 0.649728 -44.420620 400.000000 -44.420620 0.001522 1.217245 -0.101505 78.298951 400.000000 78.298951 0.000206 0.164698 0.998027 -25.600072 400.000000 -25.600072 0.072298 57.838759 0.062791 26.645969 400.000000 26.645969
 4.800000 -0.098319 0.995155 0.000976 1.000000 -0.098478 0.000976 0.995155 -0.098319 1.000000 0.000976 17.369456 13895.564645 0.700456 -50.885134 400.000000 -50.885134 0.869233 695.386574 -0.032393 79.285708 400.000000 79.285708 0.000778 0.622708 0.998027 -25.600072 400.000000 -25.600072 0.764217 611.373237 0.062791 26.645969 400.000000 26.645969
 5.000000 0.011287 0.999936 0.016412 0.999865 0.011288 0.016413 0.999936 0.011287 0.999865 0.016412 12.375428 9900.342291 0.751185 -56.416910 400.000000 -56.416910 0.129344 103.475391 0.036718 79.305886 400.000000 79.305886 0.000676 0.540860 0.998027 -25.600072 400.000000 -25.600072 0.430187 344.149668 0.062791 26.645969 400.000000 26.645969
 5.200000 0.083598 0.996500 0.058114 0.998310 0.083695 0.058147 0.996500 0.083598 0.998310 0.058114 7.572716 6058.172885 0.801914 -60.814180 400.000000 -60.814180 0.098850 79.079938 0.105830 78.320747 400.000000 78.320747 0.000016 0.012834 0.998027 -25.600072 400.000000 -25.600072 0.004374 3.498948 0.062791 26.645969 400.000000 26.645969
 5.400000 0.231793 0.972765 0.148891 0.988854 0.233920 0.149446 0.972765 0.231793 0.988854 0.148891 2.885883 2308.706135 0.852643 -63.937993 400.000000 -63.937993 0.646427 517.141709 0.174941 76.979955 400.000000 76.979955 0.016829 13.463158 0.998027 -25.600072 400.000000 -25.600072 1.482642 1186.113986 0.062791 26.645969 400.000000 26.645969
 5.600000 0.283935 0.958844 0.104033 0.994574 0.287895 0.104221 0.958844 0.283935 0.994574 0.104033 0.615432 492.345466 0.903371 -65.753686 400.000000 -65.753686 0.318121 254.497185 0.244052 75.864721 400.000000 75.864721 0.002384 1.907545 0.998027 -25.600072 400.000000 -25.600072 0.340183 272.146281 0.062791 26.645969 400.000000 26.645969
 5.800000 0.284120 0.958789 -0.019854 0.999803 0.288088 -0.019855 0.958789 0.284120 0.999803 -0.019854 0.011957 9.565949 0.951057 -66.148527 400.000000 -66.148527 0.123972 99.177790 0.309017 74.828069 400.000000 74.828069 0.000631 0.504762 0.998027 -25.600072 400.000000 -25.600072 1.366017 1092.813772 0.062791 26.645969 400.000000 26.645969
 6.000000 0.318911 0.947785 0.027650 0.999618 0.324580 0.027653 0.947785 0.318911 0.999618 0.027650 0.002141 1.712681 0.951057 -66.148527 400.000000 -66.148527 0.019577 15.661544 0.309017 74.828069 400.000000 74.828069 0.000506 0.404977 0.998027 -25.600072 400.000000 -25.600072 0.246975 197.580173 0.062791 26.645969 400.000000 26.645969
 6.200000 0.313468 0.949599 0.140536 0.990076 0.318843 0.141003 0.949599 0.313468 0.990076 0.140536 0.000425 0.340010 0.951057 -66.148527 400.000000 -66.148527 0.003962 3.169865 0.309017 74.828069 400.000000 74.828069 0.012644 10.115427 0.998027 -25.600072 400.000000 -25.600072 1.208879 967.102902 0.062791 26.645969 400.000000 26.645969
 6.400000 0.313563 0.949568 -0.003880 0.999992 0.318943 -0.003880 0.949568 0.313563 0.999992 -0.003880 0.000443 0.354730 0.951057 -66.148527 400.000000 -66.148527 0.004132 3.305982 0.309017 74.828069 400.000000 74.828069 0.000773 0.618265 0.998027 -25.600072 400.000000 -25.600072 0.888980 711.184304 0.062791 26.645969 400.000000 26.645969
 6.600000 0.349540 0.936921 0.005290 0.999986 0.357080 0.005290 0.936921 0.349540 0.999986 0.005290 0.039961 31.968626 0.951057 -66.148527 400.000000 -66.148527 0.328428 262.742646 0.309017 74.828069 400.000000 74.828069 0.000768 0.614204 0.998027 -25.600072 400.000000 -25.600072 0.661260 529.008300 0.062791 26.645969 400.000000 26.645969
 6.800000 0.284629 0.958638 0.080899 0.996722 0.288619 0.080987 0.958638 0.284629 0.996722 0.080899 0.011495 9.196234 0.951057 -66.148527 400.000000 -66.148527 0.118958 95.166287 0.309017 74.828069 400.000000 74.828069 0.000340 0.272239 0.998027 -25.600072 400.000000 -25.600072 0.065583 52.466003 0.062791 26.645969 400.000000 26.645969
 7.000000 0.317060 0.948406 0.099585 0.995029 0.322628 0.099750 0.948406 0.317060 0.995029 0.099585 0.001405 1.124385 0.951057 -66.148527 400.000000 -66.148527 0.012937 10.349550 0.309017 74.828069 400.000000 74.828069 0.001797 1.437755 0.998027 -25.600072 400.000000 -25.600072 0.270765 216.612385 0.062791 26.645969 400.000000 26.645969
 7.200000 0.387957 0.921678 0.004874 0.999988 0.398414 0.004874 0.921678 0.387957 0.999988 0.004874 0.172625 138.099793 0.951057 -66.148527 400.000000 -66.148527 1.246299 997.039405 0.309017 74.828069 400.000000 74.828069 0.000769 0.615530 0.998027 -25.600072 400.000000 -25.600072 0.670863 536.690320 0.062791 26.645969 400.000000 26.645969
 7.400000 0.387213 0.921990 0.028060 0.999606 0.397607 0.028064 0.921990 0.387213 0.999606 0.028060 0.168968 135.174537 0.951057 -66.148527 400.000000 -66.148527 1.222917 978.333605 0.309017 74.828069 400.000000 74.828069 0.000499 0.399171 0.998027 -25.600072 400.000000 -25.600072 0.241236 192.988616 0.062791 26.645969 400.000000 26.645969
 7.600000 0.210565 0.977580 0.148008 0.988986 0.212153 0.148554 0.977580 0.210565 0.988986 0.148008 0.140697 112.557310 0.951057 -66.148527 400.000000 -66.148527 1.938543 1550.834776 0.309017 74.828069 400.000000 74.828069 0.016346 13.077124 0.998027 -25.600072 400.000000 -25.600072 1.452406 1161.925182 0.062791 26.645969 400.000000 26.645969
 7.800000 0.274408 0.961613 0.177169 0.984180 0.277974 0.178109 0.961613 0.274408 0.984180 0.177169 0.022290 17.831614 0.951057 -66.148527 400.000000 -66.148527 0.239558 191.646461 0.309017 74.828069 400.000000 74.828069 0.038344 30.675216 0.998027 -25.600072 400.000000 -25.600072 2.616492 2093.193515 0.062791 26.645969 400.000000 26.645969
 8.000000 0.409702 0.912219 0.038270 0.999267 0.422127 0.038280 0.912219 0.409702 0.999267 0.038270 0.301664 241.330817 0.951057 -66.148527 400.000000 -66.148527 2.027491 1621.993045 0.309017 74.828069 400.000000 74.828069 0.000308 0.246294 0.998027 -25.600072 400.000000 -25.600072 0.120249 96.199592 0.062791 26.645969 400.000000 26.645969
 8.200000 0.402343 0.915489 -0.029396 0.999568 0.414075 -0.029400 0.915489 0.402343 0.999568 -0.029396 0.253013 202.410181 0.951057 -66.148527 400.000000 -66.148527 1.741967 1393.573704 0.309017 74.828069 400.000000 74.828069 0.000475 0.380005 0.998027 -25.600072 400.000000 -25.600072 1.699674 1359.739333 0.062791 26.645969 400.000000 26.645969
 8.400000 0.337632 0.941278 0.033166 0.999450 0.344400 0.033172 0.941278 0.337632 0.999450 0.033166 0.019123 15.298360 0.951057 -66.148527 400.000000 -66.148527 0.163762 131.009791 0.309017 74.828069 400.000000 74.828069 0.000405 0.324052 0.998027 -25.600072 400.000000 -25.600072 0.175526 140.420985 0.062791 26.645969 400.000000 26.645969
 8.600000 0.253519 0.967330 0.084308 0.996440 0.256317 0.084408 0.967330 0.253519 0.996440 0.084308 0.052967 42.373909 0.951057 -66.148527 400.000000 -66.148527 0.615999 492.798980 0.309017 74.828069 400.000000 74.828069 0.000504 0.402964 0.998027 -25.600072 400.000000 -25.600072 0.092600 74.080311 0.062791 26.645969 400.000000 26.645969
 8.800000 0.352782 0.935706 0.044788 0.998997 0.360542 0.044803 0.935706 0.352782 0.998997 0.044788 0.047130 37.703782 0.951057 -66.148527 400.000000 -66.148527 0.383069 306.455531 0.309017 74.828069 400.000000 74.828069 0.000188 0.150475 0.998027 -25.600072 400.000000 -25.600072 0.064817 51.853320 0.062791 26.645969 400.000000 26.645969
 9.000000 0.328657 0.944449 -0.017225 0.999852 0.334881 -0.017226 0.944449 0.328657 0.999852 -0.017225 0.008731 6.984600 0.951057 -66.148527 400.000000 -66.148527 0.077144 61.715562 0.309017 74.828069 400.000000 74.828069 0.000666 0.532848 0.998027 -25.600072 400.000000 -25.600072 1.280495 1024.396193 0.062791 26.645969 400.000000 26.645969
 9.200000 0.224175 0.974549 0.074345 0.997233 0.226096 0.074414 0.974549 0.224175 0.997233 0.074345 0.110379 88.303018 0.951057 -66.148527 400.000000 -66.148527 1.439638 1151.710030 0.309017 74.828069 400.000000 74.828069 0.000126 0.100907 0.998027 -25.600072 400.000000 -25.600072 0.026701 21.360898 0.062791 26.645969 400.000000 26.645969
 9.400000 0.264881 0.964281 0.134121 0.990965 0.268081 0.134527 0.964281 0.264881 0.990965 0.134121 0.034978 27.982160 0.951057 -66.148527 400.000000 -66.148527 0.389594 311.675173 0.309017 74.828069 400.000000 74.828069 0.009974 7.979033 0.998027 -25.600072 400.000000 -25.600072 1.017614 814.090995 0.062791 26.645969 400.000000 26.645969
 9.600000 0.419004 0.907985 0.033220 0.999448 0.432348 0.033226 0.907985 0.419004 0.999448 0.033220 0.371038 296.830192 0.951057 -66.148527 400.000000 -66.148527 2.419407 1935.525297 0.309017 74.828069 400.000000 74.828069 0.000404 0.323230 0.998027 -25.600072 400.000000 -25.600072 0.174883 139.906216 0.062791 26.645969 400.000000 26.645969
 9.800000 0.370658 0.928769 0.038953 0.999241 0.379718 0.038963 0.928769 0.370658 0.999241 0.038953 0.099344 79.475369 0.951057 -66.148527 400.000000 -66.148527 0.759932 607.945571 0.309017 74.828069 400.000000 74.828069 0.000295 0.235934 0.998027 -25.600072 400.000000 -25.600072 0.113648 90.918489 0.062791 26.645969 400.000000 26.645969
 10.000000 0.273208 0.961955 0.031355 0.999508 0.276726 0.031360 0.961955 0.273208 0.999508 0.031355 0.023756 19.004599 0.951057 -66.148527 400.000000 -66.148527 0.256462 205.169481 0.309017 74.828069 400.000000 74.828069 0.000439 0.351213 0.998027 -25.600072 400.000000 -25.600072 0.197638 158.110217 0.062791 26.645969 400.000000 26.645969
 10.200000 0.385923 0.922531 0.123571 0.992336 0.396208 0.123888 0.922531 0.385923 0.992336 0.123571 0.162742 130.193568 0.951057 -66.148527 400.000000 -66.148527 1.182913 946.330013 0.309017 74.828069 400.000000 74.828069 0.006478 5.182096 0.998027 -25.600072 400.000000 -25.600072 0.738865 591.091962 0.062791 26.645969 400.000000 26.645969
 10.400000 0.310921 0.950436 0.087943 0.996126 0.316162 0.088056 0.950436 0.310921 0.996126 0.087943 0.000077 0.061683 0.951057 -66.148527 400.000000 -66.148527 0.000725 0.580309 0.309017 74.828069 400.000000 74.828069 0.000723 0.578323 0.998027 -25.600072 400.000000 -25.600072 0.126526 101.220694 0.062791 26.645969 400.000000 26.645969
 10.600000 0.309587 0.950871 -0.002663 0.999996 0.314759 -0.002663 0.950871 0.309587 0.999996 -0.002663 0.000007 0.005501 0.951057 -66.148527 400.000000 -66.148527 0.000065 0.052001 0.309017 74.828069 400.000000 74.828069 0.000776 0.620771 0.998027 -25.600072 400.000000 -25.600072 0.856838 685.470737 0.062791 26.645969 400.000000 26.645969
 10.800000 0.324066 0.946035 0.079466 0.996838 0.330024 0.079550 0.946035 0.324066 0.996838 0.079466 0.005044 4.035138 0.951057 -66.148527 400.000000 -66.148527 0.045292 36.233808 0.309017 74.828069 400.000000 74.828069 0.000283 0.226259 0.998027 -25.600072 400.000000 -25.600072 0.055616 44.492435 0.062791 26.645969 400.000000 26.645969
 11.000000 0.311053 0.950393 0.030989 0.999520 0.316301 0.030994 0.950393 0.311053 0.999520 0.030989 0.000088 0.070543 0.951057 -66.148527 400.000000 -66.148527 0.000829 0.663350 0.309017 74.828069 400.000000 74.828069 0.000446 0.356642 0.998027 -25.600072 400.000000 -25.600072 0.202263 161.810760 0.062791 26.645969 400.000000 26.645969
 11.200000 0.352178 0.935933 0.049532 0.998773 0.359898 0.049552 0.935933 0.352178 0.998773 0.049532 0.045745 36.595741 0.951057 -66.148527 400.000000 -66.148527 0.372580 298.064274 0.309017 74.828069 400.000000 74.828069 0.000111 0.088999 0.998027 -25.600072 400.000000 -25.600072 0.035158 28.126790 0.062791 26.645969 400.000000 26.645969
 11.400000 0.393338 0.919394 0.112324 0.993672 0.404259 0.112562 0.919394 0.393338 0.993672 0.112324 0.200504 160.403225 0.951057 -66.148527 400.000000 -66.148527 1.422008 1137.606562 0.309017 74.828069 400.000000 74.828069 0.003793 3.034697 0.998027 -25.600072 400.000000 -25.600072 0.490714 392.570892 0.062791 26.645969 400.000000 26.645969
 11.600000 0.380691 0.924702 0.058458 0.998290 0.390544 0.058491 0.924702 0.380691 0.998290 0.058458 0.138910 111.128265 0.951057 -66.148527 400.000000 -66.148527 1.027443 821.954001 0.309017 74.828069 400.000000 74.828069 0.000014 0.011079 0.998027 -25.600072 400.000000 -25.600072 0.003754 3.003232 0.062791 26.645969 400.000000 26.645969
 11.800000 0.393690 0.919243 0.062141 0.998067 0.404643 0.062181 0.919243 0.393690 0.998067 0.062141 0.202418 161.934356 0.951057 -66.148527 400.000000 -66.148527 1.433912 1147.129717 0.309017 74.828069 400.000000 74.828069 0.000000 0.000264 0.998027 -25.600072 400.000000 -25.600072 0.000084 0.067454 0.062791 26.645969 400.000000 26.645969
 12.000000 0.291352 0.956616 0.079702 0.996819 0.295640 0.079787 0.956616 0.291352 0.996819 0.079702 0.006181 4.945020 0.951057 -66.148527 400.000000 -66.148527 0.062409 49.927398 0.309017 74.828069 400.000000 74.828069 0.000292 0.233476 0.998027 -25.600072 400.000000 -25.600072 0.057199 45.759071 0.062791 26.645969 400.000000 26.645969
 12.200000 0.324728 0.945807 0.114822 0.993386 0.330724 0.115076 0.945807 0.324728 0.993386 0.114822 0.005511 4.408539 0.951057 -66.148527 400.000000 -66.148527 0.049368 39.494603 0.309017 74.828069 400.000000 74.828069 0.004307 3.445681 0.998027 -25.600072 400.000000 -25.600072 0.541453 433.162579 0.062791 26.645969 400.000000 26.645969
 12.400000 0.321384 0.946949 0.141537 0.989933 0.327191 0.142013 0.946949 0.321384 0.989933 0.141537 0.003374 2.699472 0.951057 -66.148527 400.000000 -66.148527 0.030588 24.470345 0.309017 74.828069 400.000000 74.828069 0.013102 10.481257 0.998027 -25.600072 400.000000 -25.600072 1.240186 992.149014 0.062791 26.645969 400.000000 26.645969
 12.600000 0.306329 0.951926 0.004172 0.999991 0.311334 0.004172 0.951926 0.306329 0.999991 0.004172 0.000151 0.120913 0.951057 -66.148527 400.000000 -66.148527 0.001445 1.156389 0.309017 74.828069 400.000000 74.828069 0.000772 0.617524 0.998027 -25.600072 400.000000 -25.600072 0.687220 549.776399 0.062791 26.645969 400.000000 26.645969
 12.800000 0.335907 0.941895 0.013226 0.999913 0.342568 0.013227 0.941895 0.335907 0.999913 0.013226 0.016786 13.428480 0.951057 -66.148527 400.000000 -66.148527 0.144610 115.688295 0.309017 74.828069 400.000000 74.828069 0.000711 0.568998 0.998027 -25.600072 400.000000 -25.600072 0.491321 393.056727 0.062791 26.645969 400.000000 26.645969
 13.000000 0.302760 0.953067 0.073326 0.997308 0.307588 0.073392 0.953067 0.302760 0.997308 0.073326 0.000808 0.646562 0.951057 -66.148527 400.000000 -66.148527 0.007829 6.263453 0.309017 74.828069 400.000000 74.828069 0.000103 0.082646 0.998027 -25.600072 400.000000 -25.600072 0.022199 17.759573 0.062791 26.645969 400.000000 26.645969
 13.200000 0.400786 0.916172 0.081200 0.996698 0.412374 0.081290 0.916172 0.400786 0.996698 0.081200 0.243388 194.710064 0.951057 -66.148527 400.000000 -66.148527 1.684295 1347.435971 0.309017 74.828069 400.000000 74.828069 0.000353 0.282573 0.998027 -25.600072 400.000000 -25.600072 0.067785 54.228194 0.062791 26.645969 400.000000 26.645969
 13.400000 0.332360 0.943153 -0.053724 0.998556 0.338805 -0.053749 0.943153 0.332360 0.998556 -0.053724 0.012494 9.995550 0.951057 -66.148527 400.000000 -66.148527 0.108980 87.183780 0.309017 74.828069 400.000000 74.828069 0.000056 0.044794 0.998027 -25.600072 400.000000 -25.600072 2.715108 2172.086488 0.062791 26.645969 400.000000 26.645969
 13.600000 0.269095 0.963114 0.051852 0.998655 0.272454 0.051875 0.963114 0.269095 0.998655 0.051852 0.029074 23.259566 0.951057 -66.148527 400.000000 -66.148527 0.318749 254.998871 0.309017 74.828069 400.000000 74.828069 0.000079 0.063115 0.998027 -25.600072 400.000000 -25.600072 0.023932 19.145284 0.062791 26.645969 400.000000 26.645969
 13.800000 0.388745 0.921345 0.105438 0.994426 0.399269 0.105634 0.921345 0.388745 0.994426 0.105438 0.176551 141.240926 0.951057 -66.148527 400.000000 -66.148527 1.271317 1017.053543 0.309017 74.828069 400.000000 74.828069 0.002593 2.074528 0.998027 -25.600072 400.000000 -25.600072 0.363754 291.003485 0.062791 26.645969 400.000000 26.645969
 14.000000 0.386854 0.922141 0.052905 0.998600 0.397217 0.052930 0.922141 0.386854 0.998600 0.052905 0.167219 133.775518 0.951057 -66.148527 400.000000 -66.148527 1.211705 969.364220 0.309017 74.828069 400.000000 74.828069 0.000066 0.052498 0.998027 -25.600072 400.000000 -25.600072 0.019544 15.635078 0.062791 26.645969 400.000000 26.645969
 14.200000 0.240013 0.970770 0.078756 0.996894 0.242379 0.078837 0.970770 0.240013 0.996894 0.078756 0.077723 62.178088 0.951057 -66.148527 400.000000 -66.148527 0.952323 761.858313 0.309017 74.828069 400.000000 74.828069 0.000257 0.205313 0.998027 -25.600072 400.000000 -25.600072 0.050978 40.782185 0.062791 26.645969 400.000000 26.645969
 14.400000 0.245572 0.969378 0.065318 0.997865 0.248110 0.065364 0.969378 0.245572 0.997865 0.065318 0.067138 53.710240 0.951057 -66.148527 400.000000 -66.148527 0.805051 644.041183 0.309017 74.828069 400.000000 74.828069 0.000005 0.004211 0.998027 -25.600072 400.000000 -25.600072 0.001278 1.022066 0.062791 26.645969 400.000000 26.645969
 14.600000 0.400210 0.916424 0.059180 0.998247 0.411746 0.059215 0.916424 0.400210 0.998247 0.059180 0.239889 191.910834 0.951057 -66.148527 400.000000 -66.148527 1.663226 1330.580539 0.309017 74.828069 400.000000 74.828069 0.000010 0.007787 0.998027 -25.600072 400.000000 -25.600072 0.002607 2.085847 0.062791 26.645969 400.000000 26.645969
 14.800000 0.360340 0.932821 0.090202 0.995924 0.368633 0.090324 0.932821 0.360340 0.995924 0.090202 0.066508 53.206183 0.951057 -66.148527 400.000000 -66.148527 0.526819 421.455007 0.309017 74.828069 400.000000 74.828069 0.000885 0.707758 0.998027 -25.600072 400.000000 -25.600072 0.150274 120.219535 0.062791 26.645969 400.000000 26.645969
 15.000000 0.253964 0.967214 0.052558 0.998618 0.256776 0.052582 0.967214 0.253964 0.998618 0.052558 0.052211 41.769028 0.951057 -66.148527 400.000000 -66.148527 0.606174 484.938870 0.309017 74.828069 400.000000 74.828069 0.000070 0.055917 0.998027 -25.600072 400.000000 -25.600072 0.020943 16.754176 0.062791 26.645969 400.000000 26.645969
 15.200000 0.364659 0.931141 0.030467 0.999536 0.373267 0.030471 0.931141 0.364659 0.999536 0.030467 0.079326 63.460491 0.951057 -66.148527 400.000000 -66.148527 0.619215 495.371712 0.309017 74.828069 400.000000 74.828069 0.000455 0.364362 0.998027 -25.600072 400.000000 -25.600072 0.208968 167.174462 0.062791 26.645969 400.000000 26.645969
 15.400000 0.418708 0.908121 0.067474 0.997721 0.432022 0.067526 0.908121 0.418708 0.997721 0.067474 0.368695 294.955791 0.951057 -66.148527 400.000000 -66.148527 2.406433 1925.146231 0.309017 74.828069 400.000000 74.828069 0.000019 0.014954 0.998027 -25.600072 400.000000 -25.600072 0.004388 3.510077 0.062791 26.645969 400.000000 26.645969
 15.600000 0.301223 0.953554 0.048698 0.998814 0.305975 0.048717 0.953554 0.301223 0.998814 0.048698 0.001247 0.997851 0.951057 -66.148527 400.000000 -66.148527 0.012150 9.720244 0.309017 74.828069 400.000000 74.828069 0.000124 0.099055 0.998027 -25.600072 400.000000 -25.600072 0.039720 31.776171 0.062791 26.645969 400.000000 26.645969
 15.800000 0.318407 0.947954 0.022023 0.999757 0.324049 0.022024 0.947954 0.318407 0.999757 0.022023 0.001925 1.539988 0.951057 -66.148527 400.000000 -66.148527 0.017634 14.107497 0.309017 74.828069 400.000000 74.828069 0.000599 0.479277 0.998027 -25.600072 400.000000 -25.600072 0.332405 265.924380 0.062791 26.645969 400.000000 26.645969
 16.000000 0.346302 0.938123 0.083324 0.996522 0.353627 0.083421 0.938123 0.346302 0.996522 0.083324 0.033456 26.764424 0.951057 -66.148527 400.000000 -66.148527 0.278041 222.432503 0.309017 74.828069 400.000000 74.828069 0.000453 0.362043 0.998027 -25.600072 400.000000 -25.600072 0.084328 67.462157 0.062791 26.645969 400.000000 26.645969
 16.200000 0.382628 0.923903 0.057485 0.998346 0.392639 0.057517 0.923903 0.382628 0.998346 0.057485 0.147466 117.973173 0.951057 -66.148527 400.000000 -66.148527 1.083705 866.963673 0.309017 74.828069 400.000000 74.828069 0.000020 0.016348 0.998027 -25.600072 400.000000 -25.600072 0.005630 4.503957 0.062791 26.645969 400.000000 26.645969
 16.400000 0.328733 0.944423 0.077752 0.996973 0.334961 0.077831 0.944423 0.328733 0.996973 0.077752 0.008801 7.040539 0.951057 -66.148527 400.000000 -66.148527 0.077742 62.193304 0.309017 74.828069 400.000000 74.828069 0.000222 0.177756 0.998027 -25.600072 400.000000 -25.600072 0.044772 35.817244 0.062791 26.645969 400.000000 26.645969
 16.600000 0.327335 0.944908 0.141846 0.989889 0.333482 0.142326 0.944908 0.327335 0.989889 0.141846 0.007560 6.047972 0.951057 -66.148527 400.000000 -66.148527 0.067110 53.687789 0.309017 74.828069 400.000000 74.828069 0.013245 10.596255 0.998027 -25.600072 400.000000 -25.600072 1.249950 999.959702 0.062791 26.645969 400.000000 26.645969
 16.800000 0.342573 0.939491 0.069120 0.997608 0.349654 0.069175 0.939491 0.342573 0.997608 0.069120 0.026751 21.400776 0.951057 -66.148527 400.000000 -66.148527 0.225199 180.159120 0.309017 74.828069 400.000000 74.828069 0.000035 0.028009 0.998027 -25.600072 400.000000 -25.600072 0.008013 6.410663 0.062791 26.645969 400.000000 26.645969
 17.000000 0.383405 0.923580 0.080568 0.996749 0.393480 0.080656 0.923580 0.383405 0.996749 0.080568 0.150989 120.791472 0.951057 -66.148527 400.000000 -66.148527 1.106722 885.377588 0.309017 74.828069 400.000000 74.828069 0.000326 0.261181 0.998027 -25.600072 400.000000 -25.600072 0.063211 50.568534 0.062791 26.645969 400.000000 26.645969
 17.200000 0.338757 0.940874 0.091833 0.995774 0.345596 0.091963 0.940874 0.338757 0.995774 0.091833 0.020737 16.589812 0.951057 -66.148527 400.000000 -66.148527 0.176895 141.515706 0.309017 74.828069 400.000000 74.828069 0.001015 0.811664 0.998027 -25.600072 400.000000 -25.600072 0.168694 134.954879 0.062791 26.645969 400.000000 26.645969
 17.400000 0.325011 0.945710 0.046963 0.998897 0.331024 0.046980 0.945710 0.325011 0.998897 0.046963 0.005717 4.573503 0.951057 -66.148527 400.000000 -66.148527 0.051165 40.931649 0.309017 74.828069 400.000000 74.828069 0.000151 0.121082 0.998027 -25.600072 400.000000 -25.600072 0.050105 40.083728 0.062791 26.645969 400.000000 26.645969
 17.600000 0.344198 0.938897 0.039821 0.999207 0.351384 0.039832 0.938897 0.344198 0.999207 0.039821 0.029570 23.656200 0.951057 -66.148527 400.000000 -66.148527 0.247540 198.031856 0.309017 74.828069 400.000000 74.828069 0.000279 0.222816 0.998027 -25.600072 400.000000 -25.600072 0.105516 84.412627 0.062791 26.645969 400.000000 26.645969
 17.800000 0.256324 0.966591 0.067889 0.997693 0.259217 0.067941 0.966591 0.256324 0.997693 0.067889 0.048263 38.610478 0.951057 -66.148527 400.000000 -66.148527 0.555305 444.243724 0.309017 74.828069 400.000000 74.828069 0.000022 0.017834 0.998027 -25.600072 400.000000 -25.600072 0.005199 4.159506 0.062791 26.645969 400.000000 26.645969
 18.000000 0.351017 0.936369 0.025866 0.999665 0.358657 0.025869 0.936369 0.351017 0.999665 0.025866 0.043143 34.514783 0.951057 -66.148527 400.000000 -66.148527 0.352795 282.236160 0.309017 74.828069 400.000000 74.828069 0.000537 0.429645 0.998027 -25.600072 400.000000 -25.600072 0.272680 218.143856 0.062791 26.645969 400.000000 26.645969
 18.200000 0.321808 0.946805 0.024001 0.999712 0.327639 0.024003 0.946805 0.321808 0.999712 0.024001 0.003615 2.892356 0.951057 -66.148527 400.000000 -66.148527 0.032724 26.179551 0.309017 74.828069 400.000000 74.828069 0.000568 0.454389 0.998027 -25.600072 400.000000 -25.600072 0.300927 240.741970 0.062791 26.645969 400.000000 26.645969
 18.400000 0.281262 0.959631 0.061561 0.998103 0.285108 0.061600 0.959631 0.281262 0.998103 0.061561 0.014705 11.763915 0.951057 -66.148527 400.000000 -66.148527 0.154073 123.258633 0.309017 74.828069 400.000000 74.828069 0.000001 0.000939 0.998027 -25.600072 400.000000 -25.600072 0.000302 0.241900 0.062791 26.645969 400.000000 26.645969
 18.600000 0.294052 0.955789 0.083776 0.996485 0.298464 0.083875 0.955789 0.294052 0.996485 0.083776 0.004480 3.584026 0.951057 -66.148527 400.000000 -66.148527 0.044790 35.831765 0.309017 74.828069 400.000000 74.828069 0.000476 0.380517 0.998027 -25.600072 400.000000 -25.600072 0.088082 70.465226 0.062791 26.645969 400.000000 26.645969
 18.800000 0.368203 0.929745 0.045434 0.998967 0.377075 0.045450 0.929745 0.368203 0.998967 0.045434 0.090832 72.665885 0.951057 -66.148527 400.000000 -66.148527 0.700595 560.476275 0.309017 74.828069 400.000000 74.828069 0.000177 0.141557 0.998027 -25.600072 400.000000 -25.600072 0.060248 48.198076 0.062791 26.645969 400.000000 26.645969
 19.000000 0.263305 0.964713 0.058059 0.998313 0.266447 0.058091 0.964713 0.263305 0.998313 0.058059 0.037298 29.838302 0.951057 -66.148527 400.000000 -66.148527 0.417917 334.333214 0.309017 74.828069 400.000000 74.828069 0.000016 0.013128 0.998027 -25.600072 400.000000 -25.600072 0.004478 3.582347 0.062791 26.645969 400.000000 26.645969
 19.200000 0.316373 0.948635 0.042544 0.999095 0.321903 0.042557 0.948635 0.316373 0.999095 0.042544 0.001173 0.938256 0.951057 -66.148527 400.000000 -66.148527 0.010822 8.657364 0.309017 74.828069 400.000000 74.828069 0.000228 0.182452 0.998027 -25.600072 400.000000 -25.600072 0.081983 65.586385 0.062791 26.645969 400.000000 26.645969
 19.400000 0.354155 0.935187 0.066644 0.997777 0.362010 0.066693 0.935187 0.354155 0.997777 0.066644 0.050369 40.295437 0.951057 -66.148527 400.000000 -66.148527 0.407483 325.986284 0.309017 74.828069 400.000000 74.828069 0.000012 0.009993 0.998027 -25.600072 400.000000 -25.600072 0.002970 2.375865 0.062791 26.645969 400.000000 26.645969
 19.600000 0.386834 0.922149 0.120911 0.992663 0.397196 0.121207 0.922149 0.386834 0.992663 0.120911 0.167125 133.699643 0.951057 -66.148527 400.000000 -66.148527 1.211097 968.877343 0.309017 74.828069 400.000000 74.828069 0.005753 4.602449 0.998027 -25.600072 400.000000 -25.600072 0.675589 540.471248 0.062791 26.645969 400.000000 26.645969
 19.800000 0.311397 0.950280 0.070604 0.997504 0.316663 0.070662 0.950280 0.311397 0.997504 0.070604 0.000121 0.096498 0.951057 -66.148527 400.000000 -66.148527 0.001133 0.906303 0.309017 74.828069 400.000000 74.828069 0.000055 0.043642 0.998027 -25.600072 400.000000 -25.600072 0.012209 9.766832 0.062791 26.645969 400.000000 26.645969
 20.000000 0.313812 0.949485 -0.032168 0.999482 0.319205 -0.032174 0.949485 0.313812 0.999482 -0.032168 0.000494 0.395071 0.951057 -66.148527 400.000000 -66.148527 0.004598 3.678684 0.309017 74.828069 400.000000 74.828069 0.000424 0.339073 0.998027 -25.600072 400.000000 -25.600072 1.803423 1442.738028 0.062791 26.645969 400.000000 26.645969
