#! FIELDS time sin_phi cos_phi sin_psi cos_psi phi psi cos_phi sin_phi cos_psi sin_psi restraint_phi_cos.bias restraint_phi_cos.force2 restraint_phi_cos.cos_phi_cntr restraint_phi_cos.cos_phi_work restraint_phi_cos.cos_phi_kappa restraint_phi_cos.work restraint_phi_sin.bias restraint_phi_sin.force2 restraint_phi_sin.sin_phi_cntr restraint_phi_sin.sin_phi_work restraint_phi_sin.sin_phi_kappa restraint_phi_sin.work restraint_psi_cos.bias restraint_psi_cos.force2 restraint_psi_cos.cos_psi_cntr restraint_psi_cos.cos_psi_work restraint_psi_cos.cos_psi_kappa restraint_psi_cos.work restraint_psi_sin.bias restraint_psi_sin.force2 restraint_psi_sin.sin_psi_cntr restraint_psi_sin.sin_psi_work restraint_psi_sin.sin_psi_kappa restraint_psi_sin.work
#! SET min_phi -pi
#! SET max_phi pi
#! SET min_psi -pi
#! SET max_psi pi
 0.000000 -0.999983 -0.005782 0.966116 0.258110 -1.576579 1.309731 -0.005782 -0.999983 0.258110 0.966116 0.000000 0.000000 -0.009747 0.000000 0.000000 0.000000 0.000000 0.000000 -0.999953 0.000000 0.000000 0.000000 0.000000 0.000000 0.256142 0.000000 0.000000 0.000000 0.000000 0.000000 0.966639 0.000000 0.000000 0.000000
 0.200000 -0.999140 -0.041468 0.905016 0.425378 -1.612276 1.131417 -0.041468 -0.999140 0.425378 0.905016 0.020125 1.610007 -0.009747 0.662365 40.000000 0.662365 0.000013 0.001057 -0.999953 0.011529 40.000000 0.011529 0.572811 45.824918 0.256142 0.576359 40.000000 0.576359 0.075948 6.075854 0.966639 0.088549 40.000000 0.088549
 0.400000 -0.998869 -0.047557 0.956079 0.293110 -1.618372 1.273318 -0.047557 -0.998869 0.293110 0.956079 0.057187 9.149871 -0.009747 0.801254 80.000000 0.801254 0.000047 0.007520 -0.999953 0.011985 80.000000 0.011985 0.054665 8.746352 0.256142 0.735564 80.000000 0.735564 0.004461 0.713740 0.966639 0.099440 80.000000 0.099440
 0.600000 -0.997966 0.063743 0.981908 0.189359 -1.507010 1.380287 0.063743 -0.997966 0.189359 0.981908 0.324044 77.770514 -0.009747 0.886968 120.000000 0.886968 0.000237 0.056806 -0.999953 0.012279 120.000000 0.012279 0.267603 64.224810 0.256142 0.965548 120.000000 0.965548 0.013988 3.357211 0.966639 0.123243 120.000000 0.123243
 0.800000 -0.993237 0.116108 0.966928 0.255049 -1.454426 1.312898 0.116108 -0.993237 0.255049 0.966928 1.267149 405.487836 -0.009747 0.947160 160.000000 0.947160 0.003608 1.154649 -0.999953 0.012347 160.000000 0.012347 0.000096 0.030581 0.256142 1.077482 160.000000 1.077482 0.000007 0.002138 0.966639 0.133964 160.000000 0.133964
 1.000000 -0.995765 0.091933 0.976039 0.217595 -1.478733 1.351446 0.091933 -0.995765 0.217595 0.976039 1.033871 413.548490 -0.009747 1.048423 200.000000 1.048423 0.001753 0.701340 -0.999953 0.012636 200.000000 0.012636 0.148588 59.435119 0.256142 1.117645 200.000000 1.117645 0.008836 3.534413 0.966639 0.136761 200.000000 0.136761
 1.200000 -0.998339 0.057608 0.982474 0.186400 -1.513156 1.383299 0.057608 -0.998339 0.186400 0.982474 0.544401 261.312519 -0.009747 1.108160 240.000000 1.108160 0.000312 0.149907 -0.999953 0.012787 240.000000 0.012787 0.583675 280.163941 0.256142 1.161176 240.000000 1.161176 0.030089 14.442706 0.966639 0.140224 240.000000 0.140224
 1.400000 -0.997551 0.069937 0.946012 0.324131 -1.500802 1.240703 0.069937 -0.997551 0.324131 0.946012 0.888929 497.800391 -0.009747 1.170209 280.000000 1.170209 0.000807 0.452000 -0.999953 0.012956 280.000000 0.012956 0.647151 362.404483 0.256142 1.205089 280.000000 1.205089 0.059566 33.357073 0.966639 0.144048 280.000000 0.144048
 1.600000 -0.999690 0.024880 0.961320 0.275434 -1.545914 1.291756 0.024880 -0.999690 0.275434 0.961320 0.191841 122.778183 -0.009747 1.219934 320.000000 1.219934 0.000011 0.007032 -0.999953 0.013013 320.000000 0.013013 0.059544 38.108063 0.256142 1.269705 320.000000 1.269705 0.004527 2.897022 0.966639 0.148945 320.000000 0.148945
 1.800000 -0.999539 -0.030363 0.959789 0.280722 -1.601164 1.286250 -0.030363 -0.999539 0.280722 0.959789 0.076508 55.085546 -0.009747 1.248291 360.000000 1.248291 0.000031 0.022166 -0.999953 0.013049 360.000000 0.013049 0.108749 78.299263 0.256142 1.295091 360.000000 1.295091 0.008446 6.081089 0.966639 0.150757 360.000000 0.150757
 2.000000 -0.999243 -0.038912 0.964143 0.265382 -1.609718 1.302196 -0.038912 -0.999243 0.265382 0.964143 0.170126 136.101083 -0.009747 1.286688 400.000000 1.286688 0.000101 0.080625 -0.999953 0.013076 400.000000 0.013076 0.017076 13.660612 0.256142 1.318574 400.000000 1.318574 0.001246 0.996675 0.966639 0.152519 400.000000 0.152519
 2.200000 -0.998836 -0.048241 0.969090 0.246708 -1.619056 1.321515 -0.048241 -0.998836 0.246708 0.969090 0.605860 484.687733 -0.103280 1.684333 400.000000 1.684333 0.177357 141.885505 -0.969057 0.174218 400.000000 0.174218 0.000389 0.311261 0.245313 1.378262 400.000000 1.378262 0.956700 765.359644 0.899927 0.952296 400.000000 0.952296
 2.400000 -0.985503 -0.169658 0.957866 0.287215 -1.741279 1.279478 -0.169658 -0.985503 0.287215 0.957866 0.147490 117.992006 -0.196814 1.935529 400.000000 1.935529 0.448251 358.601154 -0.938161 0.607765 400.000000 0.607765 0.556127 444.901900 0.234483 1.510077 400.000000 1.510077 3.107572 2486.057327 0.833215 3.495193 400.000000 3.495193
 2.600000 -0.970943 -0.239309 0.971270 0.237980 -1.812451 1.330511 -0.239309 -0.970943 0.237980 0.971270 0.520983 416.786392 -0.290348 1.858519 400.000000 1.858519 0.810977 648.781623 -0.907265 1.161181 400.000000 1.161181 0.041049 32.839345 0.223653 1.699340 400.000000 1.699340 8.385885 6708.708010 0.766503 7.803077 400.000000 7.803077
 2.800000 -0.905189 -0.425010 0.978748 0.205065 -2.009769 1.364267 -0.425010 -0.905189 0.205065 0.978748 0.338311 270.648946 -0.383882 1.821065 400.000000 1.821065 0.166106 132.884959 -0.876370 1.754176 400.000000 1.754176 0.012041 9.632884 0.212824 2.012509 400.000000 2.012509 15.563404 12450.723255 0.699791 13.755144 400.000000 13.755144
 3.000000 -0.872425 -0.488749 0.937143 0.348946 -2.081451 1.214350 -0.488749 -0.872425 0.348946 0.937143 0.025688 20.550604 -0.477415 1.583837 400.000000 1.583837 0.145268 116.214782 -0.845474 2.216887 400.000000 2.216887 4.318990 3455.191670 0.201994 2.411044 400.000000 2.411044 18.490884 14792.707323 0.633080 21.404524 400.000000 21.404524
 3.200000 -0.822464 -0.568817 0.928878 0.370387 -2.175863 1.191371 -0.568817 -0.822464 0.370387 0.928878 0.000909 0.727394 -0.570949 1.313637 400.000000 1.313637 0.012437 9.949988 -0.814578 2.407968 400.000000 2.407968 6.424102 5139.281893 0.191165 2.900509 400.000000 2.900509 26.282720 21026.175677 0.566368 30.748799 400.000000 30.748799
 3.400000 -0.848164 -0.529733 0.929012 0.370050 -2.129082 1.191733 -0.529733 -0.848164 0.370050 0.929012 0.674005 539.203908 -0.587785 1.287614 400.000000 1.287614 0.306501 245.201166 -0.809017 2.408463 400.000000 2.408463 7.198380 5758.704167 0.180335 3.493987 400.000000 3.493987 36.869327 29495.461441 0.499656 41.757279 400.000000 41.757279
 3.600000 -0.806107 -0.591769 0.902613 0.430454 -2.204048 1.125801 -0.591769 -0.806107 0.430454 0.902613 0.003174 2.539441 -0.587785 1.287614 400.000000 1.287614 0.001693 1.354447 -0.809017 2.408463 400.000000 2.408463 13.618845 10895.075976 0.169505 4.266337 400.000000 4.266337 44.117749 35294.199266 0.432944 54.248783 400.000000 54.248783
 3.800000 -0.805031 -0.593232 0.915007 0.403438 -2.205865 1.155525 -0.593232 -0.805031 0.403438 0.915007 0.005934 4.747543 -0.587785 1.287614 400.000000 1.287614 0.003177 2.541843 -0.809017 2.408463 400.000000 2.408463 11.981749 9585.398918 0.158676 5.172932 400.000000 5.172932 60.230803 48184.642515 0.366232 68.317045 400.000000 68.317045
 4.000000 -0.805570 -0.592501 0.948220 0.317615 -2.204956 1.247583 -0.592501 -0.805570 0.317615 0.948220 0.004447 3.557395 -0.587785 1.287614 400.000000 1.287614 0.002376 1.901006 -0.809017 2.408463 400.000000 2.408463 5.764338 4611.470302 0.147846 6.334506 400.000000 6.334506 84.162245 67329.796200 0.299520 83.608693 400.000000 83.608693
 4.200000 -0.799358 -0.600854 0.899669 0.436572 -2.215366 1.119011 -0.600854 -0.799358 0.436572 0.899669 0.034161 27.328730 -0.587785 1.287614 400.000000 1.287614 0.018658 14.926056 -0.809017 2.408463 400.000000 2.408463 17.946753 14357.402526 0.137016 7.821235 400.000000 7.821235 88.940757 71152.605664 0.232808 99.772230 400.000000 99.772230
 4.400000 -0.785043 -0.619442 0.770077 0.637951 -2.238828 0.878961 -0.619442 -0.785043 0.637951 0.770077 0.200425 160.339757 -0.587785 1.287614 400.000000 1.287614 0.114953 91.962294 -0.809017 2.408463 400.000000 2.408463 52.380628 41904.502591 0.126187 9.685646 400.000000 9.685646 72.958482 58366.785911 0.166096 116.332084 400.000000 116.332084
 4.600000 -0.835912 -0.548863 0.703362 0.710832 -2.151800 0.780116 -0.548863 -0.835912 0.710832 0.703362 0.302985 242.387736 -0.587785 1.287614 400.000000 1.287614 0.144670 115.736035 -0.809017 2.408463 400.000000 2.408463 70.918098 56734.478369 0.115357 11.954936 400.000000 11.954936 72.957775 58366.219899 0.099384 132.970680 400.000000 132.970680
 4.800000 -0.817434 -0.576022 0.487153 0.873317 -2.184650 0.508827 -0.576022 -0.817434 0.873317 0.487153 0.027676 22.140982 -0.587785 1.287614 400.000000 1.287614 0.014171 11.336437 -0.809017 2.408463 400.000000 2.408463 118.207370 94565.895893 0.104527 15.128741 400.000000 15.128741 41.310544 33048.435219 0.032672 145.512778 400.000000 145.512778
 5.000000 -0.751603 -0.659615 -0.315426 0.948950 -2.291103 -0.320905 -0.659615 -0.751603 0.948950 -0.315426 1.031910 825.527853 -0.587785 1.287614 400.000000 1.287614 0.659263 527.410765 -0.809017 2.408463 400.000000 2.408463 146.291389 117033.110966 0.093698 18.902176 400.000000 18.902176 15.835605 12668.483741 -0.034040 144.900946 400.000000 144.900946
 5.200000 -0.781846 -0.623471 -0.671865 0.740673 -2.243971 -0.736724 -0.623471 -0.781846 0.740673 -0.671865 0.254700 203.760209 -0.587785 1.287614 400.000000 1.287614 0.147651 118.120720 -0.809017 2.408463 400.000000 2.408463 86.541524 69233.219138 0.082868 22.279795 400.000000 22.279795 65.234206 52187.364497 -0.100752 134.208176 400.000000 134.208176
 5.400000 -0.825423 -0.564515 -0.940060 0.341010 -2.170642 -1.222805 -0.564515 -0.825423 0.341010 -0.940060 0.108297 86.637639 -0.587785 1.287614 400.000000 1.287614 0.053828 43.062628 -0.809017 2.408463 400.000000 2.408463 14.469139 11575.311107 0.072038 23.988008 400.000000 23.988008 119.380984 95504.786964 -0.167463 114.429458 400.000000 114.429458
 5.600000 -0.819716 -0.572770 -0.982627 0.185594 -2.180678 -1.384120 -0.572770 -0.819716 0.185594 -0.982627 0.045089 36.071519 -0.587785 1.287614 400.000000 1.287614 0.022893 18.314566 -0.809017 2.408463 400.000000 2.408463 3.094320 2475.455908 0.061209 25.343822 400.000000 25.343822 112.035846 89628.676766 -0.234175 95.164097 400.000000 95.164097
 5.800000 -0.781745 -0.623598 -0.963803 0.266616 -2.244133 -1.300917 -0.623598 -0.781745 0.266616 -0.963803 0.256508 205.206163 -0.587785 1.287614 400.000000 1.287614 0.148749 118.998856 -0.809017 2.408463 400.000000 2.408463 9.351628 7481.302511 0.050379 25.992711 400.000000 25.992711 87.891449 70313.159036 -0.300887 76.221229 400.000000 76.221229
 6.000000 -0.808275 -0.588806 -0.999165 0.040853 -2.200377 -1.529932 -0.588806 -0.808275 0.040853 -0.999165 0.000208 0.166560 -0.587785 1.287614 400.000000 1.287614 0.000110 0.088155 -0.809017 2.408463 400.000000 2.408463 0.000340 0.271632 0.039550 26.464780 400.000000 26.464780 79.775128 63820.102319 -0.367599 58.808089 400.000000 58.808089
 6.200000 -0.823221 -0.567721 -0.996629 0.082036 -2.174531 -1.488668 -0.567721 -0.823221 0.082036 -0.996629 0.080514 64.410905 -0.587785 1.287614 400.000000 1.287614 0.040350 32.280272 -0.809017 2.408463 400.000000 2.408463 0.568517 454.813304 0.028720 26.706004 400.000000 26.706004 63.240375 50592.300176 -0.434311 42.984173 400.000000 42.984173
 6.400000 -0.793550 -0.608505 -0.990427 0.138038 -2.224972 -1.432316 -0.608505 -0.793550 0.138038 -0.990427 0.085863 68.690520 -0.587785 1.287614 400.000000 1.287614 0.047846 38.276986 -0.809017 2.408463 400.000000 2.408463 2.887104 2309.683344 0.017890 26.772226 400.000000 26.772226 47.903239 38322.590862 -0.501023 28.836812 400.000000 28.836812
 6.600000 -0.808863 -0.587997 -0.999998 0.001755 -2.199376 -1.569041 -0.587997 -0.808863 0.001755 -0.999998 0.000009 0.007166 -0.587785 1.287614 400.000000 1.287614 0.000005 0.003785 -0.809017 2.408463 400.000000 2.408463 0.005629 4.503527 0.007061 26.924821 400.000000 26.924821 37.370357 29896.285646 -0.567735 16.473022 400.000000 16.473022
 6.800000 -0.850903 -0.525323 -0.996692 0.081273 -2.123891 -1.489434 -0.525323 -0.850903 0.081273 -0.996692 0.780307 624.245927 -0.587785 1.287614 400.000000 1.287614 0.350886 280.708929 -0.809017 2.408463 400.000000 2.408463 1.446415 1157.131915 -0.003769 26.875138 400.000000 26.875138 26.244302 20995.441722 -0.634447 5.858964 400.000000 5.858964
 7.000000 -0.767485 -0.641067 -0.998934 -0.046161 -2.266684 -1.616973 -0.641067 -0.767485 -0.046161 -0.998934 0.567782 454.225908 -0.587785 1.287614 400.000000 1.287614 0.344978 275.982713 -0.809017 2.408463 400.000000 2.408463 0.199232 159.385574 -0.014599 26.898358 400.000000 26.898358 17.734027 14187.221445 -0.701159 -2.982902 400.000000 -2.982902
 7.200000 -0.768333 -0.640051 -0.997054 -0.076707 -2.265361 -1.647579 -0.640051 -0.768333 -0.076707 -0.997054 0.546337 437.069804 -0.587785 1.287614 400.000000 1.287614 0.331044 264.835159 -0.809017 2.408463 400.000000 2.408463 0.525909 420.727344 -0.025428 26.884786 400.000000 26.884786 10.504971 8403.976782 -0.767871 -10.038630 400.000000 -10.038630
 7.400000 -0.816415 -0.577465 -0.997928 0.064339 -2.186417 -1.506412 -0.577465 -0.816415 0.064339 -0.997928 0.021300 17.039927 -0.587785 1.287614 400.000000 1.287614 0.010947 8.757270 -0.809017 2.408463 400.000000 2.408463 2.023965 1619.172339 -0.036258 26.812725 400.000000 26.812725 5.336352 4269.081727 -0.834583 -15.293902 400.000000 -15.293902
 7.600000 -0.831111 -0.556107 -0.999136 -0.041561 -2.160490 -1.612370 -0.556107 -0.831111 -0.041561 -0.999136 0.200706 160.565071 -0.587785 1.287614 400.000000 1.287614 0.097628 78.102626 -0.809017 2.408463 400.000000 2.408463 0.006108 4.886187 -0.047088 26.832758 400.000000 26.832758 1.914592 1531.673351 -0.901294 -18.770709 400.000000 -18.770709
 7.800000 -0.794840 -0.606819 -0.996716 -0.080981 -2.222849 -1.651866 -0.606819 -0.794840 -0.080981 -0.996716 0.072459 57.967078 -0.587785 1.287614 400.000000 1.287614 0.040198 32.158703 -0.809017 2.408463 400.000000 2.408463 0.106383 85.106746 -0.057917 26.855091 400.000000 26.855091 0.164845 131.875979 -0.968006 -20.456831 400.000000 -20.456831
 8.000000 -0.773373 -0.633951 -0.999235 -0.039099 -2.257448 -1.609906 -0.633951 -0.773373 -0.039099 -0.999235 0.426253 341.002057 -0.587785 1.287614 400.000000 1.287614 0.254094 203.275285 -0.809017 2.408463 400.000000 2.408463 0.112254 89.803201 -0.062791 26.816697 400.000000 26.816697 0.000292 0.233714 -0.998027 -20.617464 400.000000 -20.617464
 8.200000 -0.792235 -0.610215 -0.999463 -0.032764 -2.227129 -1.603566 -0.610215 -0.792235 -0.032764 -0.999463 0.100623 80.498455 -0.587785 1.287614 400.000000 1.287614 0.056324 45.059056 -0.809017 2.408463 400.000000 2.408463 0.180323 144.258265 -0.062791 26.816697 400.000000 26.816697 0.000413 0.330119 -0.998027 -20.617464 400.000000 -20.617464
 8.400000 -0.784341 -0.620330 -0.995391 -0.095899 -2.239959 -1.666843 -0.620330 -0.784341 -0.095899 -0.995391 0.211829 169.462979 -0.587785 1.287614 400.000000 1.287614 0.121780 97.423692 -0.809017 2.408463 400.000000 2.408463 0.219240 175.391859 -0.062791 26.816697 400.000000 26.816697 0.001389 1.111505 -0.998027 -20.617464 400.000000 -20.617464
 8.600000 -0.788564 -0.614953 -0.994237 -0.107207 -2.233123 -1.678209 -0.614953 -0.788564 -0.107207 -0.994237 0.147620 118.096093 -0.587785 1.287614 400.000000 1.287614 0.083669 66.934871 -0.809017 2.408463 400.000000 2.408463 0.394556 315.645004 -0.062791 26.816697 400.000000 26.816697 0.002873 2.298201 -0.998027 -20.617464 400.000000 -20.617464
 8.800000 -0.775609 -0.631214 -0.999813 -0.019322 -2.253913 -1.590120 -0.631214 -0.775609 -0.019322 -0.999813 0.377206 301.765095 -0.587785 1.287614 400.000000 1.287614 0.223220 178.575618 -0.809017 2.408463 400.000000 2.408463 0.377903 302.322071 -0.062791 26.816697 400.000000 26.816697 0.000638 0.510701 -0.998027 -20.617464 400.000000 -20.617464
 9.000000 -0.834003 -0.551760 -0.999166 -0.040828 -2.155269 -1.611635 -0.551760 -0.834003 -0.040828 -0.999166 0.259568 207.654078 -0.587785 1.287614 400.000000 1.287614 0.124861 99.888998 -0.809017 2.408463 400.000000 2.408463 0.096475 77.179835 -0.062791 26.816697 400.000000 26.816697 0.000260 0.207747 -0.998027 -20.617464 400.000000 -20.617464
 9.200000 -0.768329 -0.640055 -0.998204 -0.059901 -2.265366 -1.630733 -0.640055 -0.768329 -0.059901 -0.998204 0.546428 437.142757 -0.587785 1.287614 400.000000 1.287614 0.331103 264.882466 -0.809017 2.408463 400.000000 2.408463 0.001670 1.336031 -0.062791 26.816697 400.000000 26.816697 0.000006 0.005047 -0.998027 -20.617464 400.000000 -20.617464
 9.400000 -0.820758 -0.571276 -0.995738 -0.092225 -2.178855 -1.663152 -0.571276 -0.820758 -0.092225 -0.995738 0.054514 43.611229 -0.587785 1.287614 400.000000 1.287614 0.027572 22.057449 -0.809017 2.408463 400.000000 2.408463 0.173272 138.617761 -0.062791 26.816697 400.000000 26.816697 0.001047 0.837951 -0.998027 -20.617464 400.000000 -20.617464
 9.600000 -0.809905 -0.586561 -0.998780 -0.049388 -2.197602 -1.620204 -0.586561 -0.809905 -0.049388 -0.998780 0.000300 0.239878 -0.587785 1.287614 400.000000 1.287614 0.000158 0.126220 -0.809017 2.408463 400.000000 2.408463 0.035927 28.741809 -0.062791 26.816697 400.000000 26.816697 0.000113 0.090711 -0.998027 -20.617464 400.000000 -20.617464
 9.800000 -0.799456 -0.600724 -0.987738 -0.156123 -2.215203 -1.727560 -0.600724 -0.799456 -0.156123 -0.987738 0.033484 26.787471 -0.587785 1.287614 400.000000 1.287614 0.018282 14.625459 -0.809017 2.408463 400.000000 2.408463 1.742173 1393.738477 -0.062791 26.816697 400.000000 26.816697 0.021173 16.938275 -0.998027 -20.617464 400.000000 -20.617464
 10.000000 -0.804025 -0.594596 -0.998020 -0.062902 -2.207560 -1.633740 -0.594596 -0.804025 -0.062902 -0.998020 0.009277 7.421991 -0.587785 1.287614 400.000000 1.287614 0.004985 3.987902 -0.809017 2.408463 400.000000 2.408463 0.000002 0.001977 -0.062791 26.816697 400.000000 26.816697 0.000000 0.000008 -0.998027 -20.617464 400.000000 -20.617464
 10.200000 -0.813693 -0.581295 -0.996974 -0.077736 -2.191115 -1.648611 -0.581295 -0.813693 -0.077736 -0.996974 0.008426 6.740673 -0.587785 1.287614 400.000000 1.287614 0.004373 3.498723 -0.809017 2.408463 400.000000 2.408463 0.044674 35.738858 -0.062791 26.816697 400.000000 26.816697 0.000222 0.177326 -0.998027 -20.617464 400.000000 -20.617464
 10.400000 -0.821920 -0.569603 -0.999342 -0.036260 -2.176819 -1.607064 -0.569603 -0.821920 -0.036260 -0.999342 0.066119 52.894982 -0.587785 1.287614 400.000000 1.287614 0.033297 26.637796 -0.809017 2.408463 400.000000 2.408463 0.140777 112.621212 -0.062791 26.816697 400.000000 26.816697 0.000346 0.276959 -0.998027 -20.617464 400.000000 -20.617464
 10.600000 -0.813510 -0.581551 -0.998244 -0.059230 -2.191430 -1.630061 -0.581551 -0.813510 -0.059230 -0.998244 0.007774 6.219296 -0.587785 1.287614 400.000000 1.287614 0.004038 3.230248 -0.809017 2.408463 400.000000 2.408463 0.002535 2.028267 -0.062791 26.816697 400.000000 26.816697 0.000009 0.007578 -0.998027 -20.617464 400.000000 -20.617464
 10.800000 -0.806795 -0.590832 -0.994984 -0.100034 -2.202886 -1.670998 -0.590832 -0.806795 -0.100034 -0.994984 0.001856 1.485082 -0.587785 1.287614 400.000000 1.287614 0.000988 0.790159 -0.809017 2.408463 400.000000 2.408463 0.277411 221.928731 -0.062791 26.816697 400.000000 26.816697 0.001852 1.481263 -0.998027 -20.617464 400.000000 -20.617464
 11.000000 -0.789260 -0.614059 -0.998728 -0.050414 -2.231989 -1.621232 -0.614059 -0.789260 -0.050414 -0.998728 0.138060 110.448339 -0.587785 1.287614 400.000000 1.287614 0.078066 62.452703 -0.809017 2.408463 400.000000 2.408463 0.030635 24.507998 -0.062791 26.816697 400.000000 26.816697 0.000098 0.078775 -0.998027 -20.617464 400.000000 -20.617464
 11.200000 -0.823563 -0.567225 -0.998662 -0.051716 -2.173928 -1.622535 -0.567225 -0.823563 -0.051716 -0.998662 0.084547 67.637259 -0.587785 1.287614 400.000000 1.287614 0.042317 33.853889 -0.809017 2.408463 400.000000 2.408463 0.024529 19.623299 -0.062791 26.816697 400.000000 26.816697 0.000081 0.064537 -0.998027 -20.617464 400.000000 -20.617464
 11.400000 -0.773425 -0.633888 -0.989526 -0.144356 -2.257366 -1.715659 -0.633888 -0.773425 -0.144356 -0.989526 0.425085 340.067658 -0.587785 1.287614 400.000000 1.287614 0.253355 202.683985 -0.809017 2.408463 400.000000 2.408463 1.330592 1064.473865 -0.062791 26.816697 400.000000 26.816697 0.014453 11.562558 -0.998027 -20.617464 400.000000 -20.617464
 11.600000 -0.823256 -0.567671 -0.999488 -0.032005 -2.174470 -1.602807 -0.567671 -0.823256 -0.032005 -0.999488 0.080919 64.735012 -0.587785 1.287614 400.000000 1.287614 0.040548 32.438489 -0.809017 2.408463 400.000000 2.408463 0.189544 151.634948 -0.062791 26.816697 400.000000 26.816697 0.000427 0.341507 -0.998027 -20.617464 400.000000 -20.617464
 11.800000 -0.828404 -0.560131 -0.997600 -0.069244 -2.165340 -1.640096 -0.560131 -0.828404 -0.069244 -0.997600 0.152955 122.363857 -0.587785 1.287614 400.000000 1.287614 0.075173 60.138488 -0.809017 2.408463 400.000000 2.408463 0.008330 6.663831 -0.062791 26.816697 400.000000 26.816697 0.000036 0.029170 -0.998027 -20.617464 400.000000 -20.617464
 12.000000 -0.809242 -0.587475 -0.998273 -0.058750 -2.198732 -1.629580 -0.587475 -0.809242 -0.058750 -0.998273 0.000019 0.015358 -0.587785 1.287614 400.000000 1.287614 0.000010 0.008101 -0.809017 2.408463 400.000000 2.408463 0.003266 2.612707 -0.062791 26.816697 400.000000 26.816697 0.000012 0.009685 -0.998027 -20.617464 400.000000 -20.617464
 12.200000 -0.791961 -0.610571 -0.999712 -0.023979 -2.227578 -1.594778 -0.610571 -0.791961 -0.023979 -0.999712 0.103842 83.073684 -0.587785 1.287614 400.000000 1.287614 0.058180 46.544124 -0.809017 2.408463 400.000000 2.408463 0.301259 241.007471 -0.062791 26.816697 400.000000 26.816697 0.000568 0.454666 -0.998027 -20.617464 400.000000 -20.617464
 12.400000 -0.828682 -0.559719 -0.997545 -0.070035 -2.164843 -1.640888 -0.559719 -0.828682 -0.070035 -0.997545 0.157542 126.033964 -0.587785 1.287614 400.000000 1.287614 0.077346 61.876798 -0.809017 2.408463 400.000000 2.408463 0.010496 8.396471 -0.062791 26.816697 400.000000 26.816697 0.000046 0.037198 -0.998027 -20.617464 400.000000 -20.617464
 12.600000 -0.779891 -0.625915 -0.994010 -0.109288 -2.247100 -1.680303 -0.625915 -0.779891 -0.109288 -0.994010 0.290772 232.617253 -0.587785 1.287614 400.000000 1.287614 0.169659 135.727189 -0.809017 2.408463 400.000000 2.408463 0.432401 345.920780 -0.062791 26.816697 400.000000 26.816697 0.003227 2.581277 -0.998027 -20.617464 400.000000 -20.617464
 12.800000 -0.813090 -0.582138 -0.993915 -0.110151 -2.192152 -1.681171 -0.582138 -0.813090 -0.110151 -0.993915 0.006378 5.102005 -0.587785 1.287614 400.000000 1.287614 0.003317 2.653976 -0.809017 2.408463 400.000000 2.408463 0.448601 358.881128 -0.062791 26.816697 400.000000 26.816697 0.003381 2.705176 -0.998027 -20.617464 400.000000 -20.617464
 13.000000 -0.820414 -0.571770 -0.995810 -0.091442 -2.179458 -1.662367 -0.571770 -0.820414 -0.091442 -0.995810 0.051300 41.039934 -0.587785 1.287614 400.000000 1.287614 0.025979 20.783431 -0.809017 2.408463 400.000000 2.408463 0.164185 131.347918 -0.062791 26.816697 400.000000 26.816697 0.000982 0.785955 -0.998027 -20.617464 400.000000 -20.617464
 13.200000 -0.793171 -0.608999 -0.996595 -0.082454 -2.225594 -1.653344 -0.608999 -0.793171 -0.082454 -0.996595 0.090001 72.000911 -0.587785 1.287614 400.000000 1.287614 0.050217 40.173745 -0.809017 2.408463 400.000000 2.408463 0.077330 61.863855 -0.062791 26.816697 400.000000 26.816697 0.000410 0.328031 -0.998027 -20.617464 400.000000 -20.617464
 13.400000 -0.801503 -0.597991 -0.995601 -0.093693 -2.211788 -1.664627 -0.597991 -0.801503 -0.093693 -0.995601 0.020831 16.664598 -0.587785 1.287614 400.000000 1.287614 0.011292 9.033749 -0.809017 2.408463 400.000000 2.408463 0.190993 152.794224 -0.062791 26.816697 400.000000 26.816697 0.001177 0.941361 -0.998027 -20.617464 400.000000 -20.617464
 13.600000 -0.845364 -0.534191 -0.996877 -0.078966 -2.134347 -1.649845 -0.534191 -0.845364 -0.078966 -0.996877 0.574469 459.575556 -0.587785 1.287614 400.000000 1.287614 0.264219 211.374820 -0.809017 2.408463 400.000000 2.408463 0.052329 41.863025 -0.062791 26.816697 400.000000 26.816697 0.000264 0.211384 -0.998027 -20.617464 400.000000 -20.617464
 13.800000 -0.787024 -0.616922 -0.998390 -0.056718 -2.235622 -1.627544 -0.616922 -0.787024 -0.056718 -0.998390 0.169791 135.833002 -0.587785 1.287614 400.000000 1.287614 0.096736 77.389176 -0.809017 2.408463 400.000000 2.408463 0.007376 5.900918 -0.062791 26.816697 400.000000 26.816697 0.000026 0.021145 -0.998027 -20.617464 400.000000 -20.617464
 14.000000 -0.766386 -0.642381 -0.998580 -0.053281 -2.268397 -1.624103 -0.642381 -0.766386 -0.053281 -0.998580 0.596128 476.902694 -0.587785 1.287614 400.000000 1.287614 0.363483 290.786199 -0.809017 2.408463 400.000000 2.408463 0.018085 14.468037 -0.062791 26.816697 400.000000 26.816697 0.000061 0.048897 -0.998027 -20.617464 400.000000 -20.617464
 14.200000 -0.814577 -0.580056 -0.995490 -0.094865 -2.189593 -1.665804 -0.580056 -0.814577 -0.094865 -0.995490 0.011949 9.559584 -0.587785 1.287614 400.000000 1.287614 0.006182 4.945970 -0.809017 2.408463 400.000000 2.408463 0.205755 164.603903 -0.062791 26.816697 400.000000 26.816697 0.001287 1.029482 -0.998027 -20.617464 400.000000 -20.617464
 14.400000 -0.769257 -0.638940 -0.997028 -0.077034 -2.263916 -1.647906 -0.638940 -0.769257 -0.077034 -0.997028 0.523362 418.689714 -0.587785 1.287614 400.000000 1.287614 0.316179 252.942825 -0.809017 2.408463 400.000000 2.408463 0.040574 32.459020 -0.062791 26.816697 400.000000 26.816697 0.000199 0.159438 -0.998027 -20.617464 400.000000 -20.617464
 14.600000 -0.792183 -0.610284 -0.997589 -0.069401 -2.227216 -1.640253 -0.610284 -0.792183 -0.069401 -0.997589 0.101241 80.992834 -0.587785 1.287614 400.000000 1.287614 0.056680 45.343990 -0.809017 2.408463 400.000000 2.408463 0.008740 6.992398 -0.062791 26.816697 400.000000 26.816697 0.000038 0.030682 -0.998027 -20.617464 400.000000 -20.617464
 14.800000 -0.778036 -0.628219 -0.999345 -0.036197 -2.250059 -1.607001 -0.628219 -0.778036 -0.036197 -0.999345 0.326985 261.588064 -0.587785 1.287614 400.000000 1.287614 0.191962 153.569682 -0.809017 2.408463 400.000000 2.408463 0.141443 113.154384 -0.062791 26.816697 400.000000 26.816697 0.000347 0.277917 -0.998027 -20.617464 400.000000 -20.617464
 15.000000 -0.816305 -0.577621 -0.999944 -0.010620 -2.186607 -1.581416 -0.577621 -0.816305 -0.010620 -0.999944 0.020663 16.530444 -0.587785 1.287614 400.000000 1.287614 0.010624 8.498850 -0.809017 2.408463 400.000000 2.408463 0.544363 435.490044 -0.062791 26.816697 400.000000 26.816697 0.000735 0.587910 -0.998027 -20.617464 400.000000 -20.617464
 15.200000 -0.813907 -0.580996 -0.999317 -0.036960 -2.190748 -1.607765 -0.580996 -0.813907 -0.036960 -0.999317 0.009219 7.375575 -0.587785 1.287614 400.000000 1.287614 0.004782 3.825304 -0.809017 2.408463 400.000000 2.408463 0.133441 106.752652 -0.062791 26.816697 400.000000 26.816697 0.000333 0.266260 -0.998027 -20.617464 400.000000 -20.617464
 15.400000 -0.821650 -0.569993 -0.995014 -0.099731 -2.177294 -1.670694 -0.569993 -0.821650 -0.099731 -0.995014 0.063313 50.650523 -0.587785 1.287614 400.000000 1.287614 0.031916 25.533147 -0.809017 2.408463 400.000000 2.408463 0.272925 218.339828 -0.062791 26.816697 400.000000 26.816697 0.001815 1.451857 -0.998027 -20.617464 400.000000 -20.617464
 15.600000 -0.821687 -0.569940 -0.993214 -0.116298 -2.177229 -1.687358 -0.569940 -0.821687 -0.116298 -0.993214 0.063694 50.955094 -0.587785 1.287614 400.000000 1.287614 0.032104 25.683145 -0.809017 2.408463 400.000000 2.408463 0.572612 458.089822 -0.062791 26.816697 400.000000 26.816697 0.004632 3.705433 -0.998027 -20.617464 400.000000 -20.617464
 15.800000 -0.825024 -0.565098 -1.000000 0.000507 -2.171348 -1.570289 -0.565098 -0.825024 0.000507 -1.000000 0.102947 82.357320 -0.587785 1.287614 400.000000 1.287614 0.051246 40.996478 -0.809017 2.408463 400.000000 2.408463 0.801312 641.049830 -0.062791 26.816697 400.000000 26.816697 0.000779 0.622927 -0.998027 -20.617464 400.000000 -20.617464
 16.000000 -0.836432 -0.548070 -0.997187 -0.074950 -2.150851 -1.645817 -0.548070 -0.836432 -0.074950 -0.997187 0.315460 252.367834 -0.587785 1.287614 400.000000 1.287614 0.150321 120.257153 -0.809017 2.408463 400.000000 2.408463 0.029572 23.657551 -0.062791 26.816697 400.000000 26.816697 0.000141 0.112750 -0.998027 -20.617464 400.000000 -20.617464
 16.200000 -0.806288 -0.591524 -0.997286 -0.073625 -2.203743 -1.644488 -0.591524 -0.806288 -0.073625 -0.997286 0.002795 2.236018 -0.587785 1.287614 400.000000 1.287614 0.001490 1.191850 -0.809017 2.408463 400.000000 2.408463 0.023479 18.783198 -0.062791 26.816697 400.000000 26.816697 0.000110 0.087797 -0.998027 -20.617464 400.000000 -20.617464
 16.400000 -0.802064 -0.597239 -0.997261 -0.073964 -2.210850 -1.644828 -0.597239 -0.802064 -0.073964 -0.997261 0.017873 14.298289 -0.587785 1.287614 400.000000 1.287614 0.009670 7.735772 -0.809017 2.408463 400.000000 2.408463 0.024971 19.976993 -0.062791 26.816697 400.000000 26.816697 0.000117 0.093844 -0.998027 -20.617464 400.000000 -20.617464
 16.600000 -0.804987 -0.593293 -0.998180 -0.060310 -2.205939 -1.631143 -0.593293 -0.804987 -0.060310 -0.998180 0.006066 4.853104 -0.587785 1.287614 400.000000 1.287614 0.003248 2.598769 -0.809017 2.408463 400.000000 2.408463 0.001231 0.984463 -0.062791 26.816697 400.000000 26.816697 0.000005 0.003744 -0.998027 -20.617464 400.000000 -20.617464
 16.800000 -0.809024 -0.587776 -0.997580 -0.069528 -2.199104 -1.640380 -0.587776 -0.809024 -0.069528 -0.997580 0.000000 0.000013 -0.587785 1.287614 400.000000 1.287614 0.000000 0.000007 -0.809017 2.408463 400.000000 2.408463 0.009078 7.262321 -0.062791 26.816697 400.000000 26.816697 0.000040 0.031927 -0.998027 -20.617464 400.000000 -20.617464
 17.000000 -0.803103 -0.595841 -0.998695 -0.051074 -2.209108 -1.621893 -0.595841 -0.803103 -0.051074 -0.998695 0.012977 10.381950 -0.587785 1.287614 400.000000 1.287614 0.006996 5.596456 -0.809017 2.408463 400.000000 2.408463 0.027453 21.962515 -0.062791 26.816697 400.000000 26.816697 0.000089 0.071421 -0.998027 -20.617464 400.000000 -20.617464
 17.200000 -0.800213 -0.599716 -0.990382 -0.138360 -2.213943 -1.709602 -0.599716 -0.800213 -0.138360 -0.990382 0.028470 22.776134 -0.587785 1.287614 400.000000 1.287614 0.015503 12.402589 -0.809017 2.408463 400.000000 2.408463 1.142163 913.730368 -0.062791 26.816697 400.000000 26.816697 0.011689 9.350849 -0.998027 -20.617464 400.000000 -20.617464
 17.400000 -0.831305 -0.555816 -0.999991 0.004185 -2.160141 -1.566612 -0.555816 -0.831305 0.004185 -0.999991 0.204403 163.522110 -0.587785 1.287614 400.000000 1.287614 0.099352 79.481797 -0.809017 2.408463 400.000000 2.408463 0.897132 717.705624 -0.062791 26.816697 400.000000 26.816697 0.000772 0.617492 -0.998027 -20.617464 400.000000 -20.617464
 17.600000 -0.804405 -0.594081 -0.998708 -0.050824 -2.206919 -1.621642 -0.594081 -0.804405 -0.050824 -0.998708 0.007927 6.341402 -0.587785 1.287614 400.000000 1.287614 0.004253 3.402716 -0.809017 2.408463 400.000000 2.408463 0.028641 22.912571 -0.062791 26.816697 400.000000 26.816697 0.000093 0.074182 -0.998027 -20.617464 400.000000 -20.617464
 17.800000 -0.750202 -0.661209 -0.985264 -0.171040 -2.293225 -1.742681 -0.661209 -0.750202 -0.171040 -0.985264 1.078201 862.561068 -0.587785 1.287614 400.000000 1.287614 0.691841 553.472845 -0.809017 2.408463 400.000000 2.408463 2.343580 1874.863868 -0.062791 26.816697 400.000000 26.816697 0.032577 26.061442 -0.998027 -20.617464 400.000000 -20.617464
 18.000000 -0.822362 -0.568965 -0.999878 0.015642 -2.176043 -1.555154 -0.568965 -0.822362 0.015642 -0.999878 0.070842 56.673780 -0.587785 1.287614 400.000000 1.287614 0.035617 28.493876 -0.809017 2.408463 400.000000 2.408463 1.230318 984.254616 -0.062791 26.816697 400.000000 26.816697 0.000685 0.548154 -0.998027 -20.617464 400.000000 -20.617464
 18.200000 -0.823704 -0.567019 -0.997403 -0.072018 -2.173679 -1.642877 -0.567019 -0.823704 -0.072018 -0.997403 0.086243 68.994765 -0.587785 1.287614 400.000000 1.287614 0.043144 34.515097 -0.809017 2.408463 400.000000 2.408463 0.017030 13.624349 -0.062791 26.816697 400.000000 26.816697 0.000078 0.062184 -0.998027 -20.617464 400.000000 -20.617464
 18.400000 -0.791601 -0.611038 -0.998923 -0.046392 -2.228168 -1.617205 -0.611038 -0.791601 -0.046392 -0.998923 0.108139 86.510819 -0.587785 1.287614 400.000000 1.287614 0.060662 48.529438 -0.809017 2.408463 400.000000 2.408463 0.053784 43.027077 -0.062791 26.816697 400.000000 26.816697 0.000161 0.128621 -0.998027 -20.617464 400.000000 -20.617464
 18.600000 -0.795074 -0.606513 -0.999999 0.001422 -2.222464 -1.569374 -0.606513 -0.795074 0.001422 -0.999999 0.070146 56.116625 -0.587785 1.287614 400.000000 1.287614 0.038884 31.107089 -0.809017 2.408463 400.000000 2.408463 0.824655 659.723779 -0.062791 26.816697 400.000000 26.816697 0.000778 0.622370 -0.998027 -20.617464 400.000000 -20.617464
 18.800000 -0.789869 -0.613275 -0.996605 -0.082335 -2.230997 -1.653225 -0.613275 -0.789869 -0.082335 -0.996605 0.129947 103.957687 -0.587785 1.287614 400.000000 1.287614 0.073327 58.661226 -0.809017 2.408463 400.000000 2.408463 0.076397 61.117639 -0.062791 26.816697 400.000000 26.816697 0.000404 0.323540 -0.998027 -20.617464 400.000000 -20.617464
 19.000000 -0.803308 -0.595564 -0.999778 -0.021051 -2.208764 -1.591849 -0.595564 -0.803308 -0.021051 -0.999778 0.012101 9.680814 -0.587785 1.287614 400.000000 1.287614 0.006518 5.214737 -0.809017 2.408463 400.000000 2.408463 0.348435 278.748223 -0.062791 26.816697 400.000000 26.816697 0.000614 0.490937 -0.998027 -20.617464 400.000000 -20.617464
 19.200000 -0.833072 -0.553164 -0.999879 -0.015570 -2.156954 -1.586367 -0.553164 -0.833072 -0.015570 -0.999879 0.239723 191.778674 -0.587785 1.287614 400.000000 1.287614 0.115731 92.584784 -0.809017 2.408463 400.000000 2.408463 0.445948 356.758474 -0.062791 26.816697 400.000000 26.816697 0.000686 0.548812 -0.998027 -20.617464 400.000000 -20.617464
 19.400000 -0.826815 -0.562474 -0.993766 -0.111490 -2.168171 -1.682518 -0.562474 -0.826815 -0.111490 -0.993766 0.128137 102.509410 -0.587785 1.287614 400.000000 1.287614 0.063356 50.684747 -0.809017 2.408463 400.000000 2.408463 0.474323 379.458011 -0.062791 26.816697 400.000000 26.816697 0.003631 2.905173 -0.998027 -20.617464 400.000000 -20.617464
 19.600000 -0.792915 -0.609333 -0.999888 -0.014959 -2.226015 -1.585756 -0.609333 -0.792915 -0.014959 -0.999888 0.092860 74.287696 -0.587785 1.287614 400.000000 1.287614 0.051858 41.486133 -0.809017 2.408463 400.000000 2.408463 0.457563 366.050580 -0.062791 26.816697 400.000000 26.816697 0.000693 0.554354 -0.998027 -20.617464 400.000000 -20.617464
 19.800000 -0.778739 -0.627348 -0.998067 -0.062154 -2.248939 -1.632991 -0.627348 -0.778739 -0.062154 -0.998067 0.313043 250.434391 -0.587785 1.287614 400.000000 1.287614 0.183351 146.681147 -0.809017 2.408463 400.000000 2.408463 0.000081 0.064773 -0.062791 26.816697 400.000000 26.816697 0.000000 0.000254 -0.998027 -20.617464 400.000000 -20.617464
 20.000000 -0.785675 -0.618639 -0.999077 -0.042956 -2.237806 -1.613765 -0.618639 -0.785675 -0.042956 -0.999077 0.190393 152.314379 -0.587785 1.287614 400.000000 1.287614 0.108968 87.174086 -0.809017 2.408463 400.000000 2.408463 0.078683 62.946208 -0.062791 26.816697 400.000000 26.816697 0.000221 0.176482 -0.998027 -20.617464 400.000000 -20.617464
