#! FIELDS time sin_phi cos_phi sin_psi cos_psi phi psi cos_phi sin_phi cos_psi sin_psi restraint_phi_cos.bias restraint_phi_cos.force2 restraint_phi_cos.cos_phi_cntr restraint_phi_cos.cos_phi_work restraint_phi_cos.cos_phi_kappa restraint_phi_cos.work restraint_phi_sin.bias restraint_phi_sin.force2 restraint_phi_sin.sin_phi_cntr restraint_phi_sin.sin_phi_work restraint_phi_sin.sin_phi_kappa restraint_phi_sin.work restraint_psi_cos.bias restraint_psi_cos.force2 restraint_psi_cos.cos_psi_cntr restraint_psi_cos.cos_psi_work restraint_psi_cos.cos_psi_kappa restraint_psi_cos.work restraint_psi_sin.bias restraint_psi_sin.force2 restraint_psi_sin.sin_psi_cntr restraint_psi_sin.sin_psi_work restraint_psi_sin.sin_psi_kappa restraint_psi_sin.work
#! SET min_phi -pi
#! SET max_phi pi
#! SET min_psi -pi
#! SET max_psi pi
 0.000000 -0.999983 -0.005782 0.966116 0.258110 -1.576579 1.309731 -0.005782 -0.999983 0.258110 0.966116 0.000000 0.000000 -0.009747 0.000000 0.000000 0.000000 0.000000 0.000000 -0.999953 0.000000 0.000000 0.000000 0.000000 0.000000 0.256142 0.000000 0.000000 0.000000 0.000000 0.000000 0.966639 0.000000 0.000000 0.000000
 0.200000 -0.999140 -0.041466 0.905015 0.425380 -1.612274 1.131414 -0.041466 -0.999140 0.425380 0.905015 0.020122 1.609797 -0.009747 0.662364 40.000000 0.662364 0.000013 0.001056 -0.999953 0.011529 40.000000 0.011529 0.572829 45.826299 0.256142 0.576361 40.000000 0.576361 0.075951 6.076091 0.966639 0.088549 40.000000 0.088549
 0.400000 -0.998868 -0.047564 0.956079 0.293110 -1.618378 1.273318 -0.047564 -0.998868 0.293110 0.956079 0.057207 9.153063 -0.009747 0.801254 80.000000 0.801254 0.000047 0.007525 -0.999953 0.011985 80.000000 0.011985 0.054664 8.746238 0.256142 0.735572 80.000000 0.735572 0.004461 0.713730 0.966639 0.099440 80.000000 0.099440
 0.600000 -0.997966 0.063742 0.981905 0.189375 -1.507011 1.380271 0.063742 -0.997966 0.189375 0.981905 0.324034 77.768185 -0.009747 0.886964 120.000000 0.886964 0.000237 0.056802 -0.999953 0.012279 120.000000 0.012279 0.267476 64.194292 0.256142 0.965563 120.000000 0.965563 0.013983 3.355865 0.966639 0.123245 120.000000 0.123245
 0.800000 -0.993236 0.116117 0.966929 0.255047 -1.454417 1.312900 0.116117 -0.993236 0.255047 0.966929 1.267325 405.543876 -0.009747 0.947160 160.000000 0.947160 0.003609 1.154998 -0.999953 0.012346 160.000000 0.012346 0.000096 0.030706 0.256142 1.077497 160.000000 1.077497 0.000007 0.002146 0.966639 0.133966 160.000000 0.133966
 1.000000 -0.995769 0.091890 0.976051 0.217543 -1.478776 1.351500 0.091890 -0.995769 0.217543 0.976051 1.033004 413.201607 -0.009747 1.048424 200.000000 1.048424 0.001750 0.700021 -0.999953 0.012636 200.000000 0.012636 0.148992 59.596688 0.256142 1.117661 200.000000 1.117661 0.008858 3.543195 0.966639 0.136763 200.000000 0.136763
 1.200000 -0.998340 0.057594 0.982478 0.186381 -1.513171 1.383320 0.057594 -0.998340 0.186381 0.982478 0.544165 261.199174 -0.009747 1.108163 240.000000 1.108163 0.000312 0.149750 -0.999953 0.012786 240.000000 0.012786 0.584006 280.322927 0.256142 1.161196 240.000000 1.161196 0.030103 14.449554 0.966639 0.140227 240.000000 0.140227
 1.400000 -0.997550 0.069958 0.946013 0.324129 -1.500781 1.240706 0.069958 -0.997550 0.324129 0.946013 0.889400 498.064101 -0.009747 1.170197 280.000000 1.170197 0.000808 0.452557 -0.999953 0.012956 280.000000 0.012956 0.647099 362.375664 0.256142 1.205108 280.000000 1.205108 0.059561 33.354077 0.966639 0.144050 280.000000 0.144050
 1.600000 -0.999690 0.024897 0.961323 0.275424 -1.545897 1.291766 0.024897 -0.999690 0.275424 0.961323 0.192027 122.897264 -0.009747 1.219907 320.000000 1.219907 0.000011 0.007055 -0.999953 0.013013 320.000000 0.013013 0.059484 38.069514 0.256142 1.269700 320.000000 1.269700 0.004522 2.893977 0.966639 0.148946 320.000000 0.148946
 1.800000 -0.999539 -0.030350 0.959796 0.280697 -1.601151 1.286276 -0.030350 -0.999539 0.280697 0.959796 0.076412 55.016281 -0.009747 1.248255 360.000000 1.248255 0.000031 0.022124 -0.999953 0.013048 360.000000 0.013048 0.108525 78.138244 0.256142 1.295075 360.000000 1.295075 0.008428 6.067965 0.966639 0.150757 360.000000 0.150757
 2.000000 -0.999243 -0.038912 0.964147 0.265368 -1.609718 1.302211 -0.038912 -0.999243 0.265368 0.964147 0.170125 136.100196 -0.009747 1.286647 400.000000 1.286647 0.000101 0.080624 -0.999953 0.013076 400.000000 0.013076 0.017022 13.617410 0.256142 1.318556 400.000000 1.318556 0.001242 0.993463 0.966639 0.152519 400.000000 0.152519
 2.200000 -0.999023 -0.044195 0.951707 0.307008 -1.615005 1.258749 -0.044195 -0.999023 0.307008 0.951707 0.632832 506.265280 -0.100446 1.665083 400.000000 1.665083 0.251951 201.560491 -0.963530 0.244396 400.000000 0.244396 0.001206 0.965092 0.304552 1.061773 400.000000 1.061773 0.768863 615.090717 0.889704 0.955588 400.000000 0.955588
 2.400000 -0.985129 -0.171818 0.912779 0.408453 -1.743471 1.150037 -0.171818 -0.985129 0.408453 0.912779 0.074707 59.765281 -0.191145 1.927595 400.000000 1.927595 0.673297 538.637605 -0.927107 0.886949 400.000000 0.886949 0.615864 492.691036 0.352962 0.399908 400.000000 0.399908 2.000381 1600.305101 0.812770 3.383011 400.000000 3.383011
 2.600000 -0.972903 -0.231212 0.891681 0.452664 -1.804120 1.101045 -0.231212 -0.972903 0.452664 0.891681 0.512708 410.166214 -0.281844 1.775869 400.000000 1.775869 1.351978 1081.582439 -0.890685 1.758628 400.000000 1.758628 0.526194 420.955106 0.401371 -0.721710 400.000000 -0.721710 4.857596 3886.076604 0.735835 7.216355 400.000000 7.216355
 2.800000 -0.912162 -0.409829 0.866142 0.499799 -1.993063 1.047430 -0.409829 -0.912162 0.499799 0.866142 0.278053 222.442516 -0.372543 1.447965 400.000000 1.447965 0.670487 536.389561 -0.854262 2.746295 400.000000 2.746295 0.500356 400.284554 0.449781 -2.537305 400.000000 -2.537305 8.589786 6871.829169 0.658900 12.006657 400.000000 12.006657
 3.000000 -0.882847 -0.469661 0.773613 0.633658 -2.059703 0.884523 -0.469661 -0.882847 0.633658 0.773613 0.008242 6.593734 -0.463242 0.970399 400.000000 0.970399 0.845185 676.147754 -0.817840 3.692931 400.000000 3.692931 3.670293 2936.234518 0.498191 -5.087984 400.000000 -5.087984 7.345752 5876.601576 0.581966 17.334938 400.000000 17.334938
 3.200000 -0.806456 -0.591293 0.693257 0.720690 -2.203458 0.765999 -0.591293 -0.806456 0.720690 0.693257 0.279048 223.238155 -0.553941 0.070630 400.000000 0.070630 0.125394 100.315251 -0.781417 4.355016 400.000000 4.355016 6.061465 4849.171975 0.546600 -8.324511 400.000000 -8.324511 7.085823 5668.658034 0.505031 22.855116 400.000000 22.855116
 3.400000 -0.747907 -0.663803 0.555409 0.831577 -2.296689 0.588855 -0.663803 -0.747907 0.831577 0.555409 0.073450 58.760342 -0.644640 -0.371651 400.000000 -0.371651 0.001697 1.357303 -0.744995 4.742856 400.000000 4.742856 11.192803 8954.242706 0.595010 -12.232143 400.000000 -12.232143 3.241723 2593.378208 0.428096 27.955861 400.000000 27.955861
 3.600000 -0.711317 -0.702871 0.442841 0.896600 -2.350222 0.458764 -0.702871 -0.711317 0.896600 0.442841 0.067153 53.722588 -0.684547 -0.363031 400.000000 -0.363031 0.062314 49.851039 -0.728969 4.802871 400.000000 4.802871 12.820094 10256.075194 0.643420 -16.589142 400.000000 -16.589142 1.681011 1344.808752 0.351162 32.370501 400.000000 32.370501
 3.800000 -0.710265 -0.703934 0.386737 0.922190 -2.351717 0.397091 -0.703934 -0.710265 0.922190 0.386737 0.075170 60.136137 -0.684547 -0.363031 400.000000 -0.363031 0.069962 55.969653 -0.728969 4.802871 400.000000 4.802871 10.613197 8490.557542 0.691829 -21.142349 400.000000 -21.142349 2.531728 2025.382677 0.274227 35.879156 400.000000 35.879156
 4.000000 -0.773650 -0.633613 0.301814 0.953367 -2.257011 0.306595 -0.633613 -0.773650 0.953367 0.301814 0.518847 415.077330 -0.684547 -0.363031 400.000000 -0.363031 0.399281 319.424533 -0.728969 4.802871 400.000000 4.802871 9.084690 7267.751793 0.740239 -25.644857 400.000000 -25.644857 2.184976 1747.980583 0.197292 38.263850 400.000000 38.263850
 4.200000 -0.730875 -0.682511 0.169318 0.985562 -2.321989 0.170137 -0.682511 -0.730875 0.985562 0.169318 0.000829 0.663320 -0.684547 -0.363031 400.000000 -0.363031 0.000727 0.581680 -0.728969 4.802871 400.000000 4.802871 7.754939 6203.951208 0.788649 -29.748650 400.000000 -29.748650 0.479420 383.536190 0.120357 39.892601 400.000000 39.892601
 4.400000 -0.682734 -0.730667 0.032536 0.999471 -2.390094 0.032541 -0.730667 -0.682734 0.999471 0.032536 0.425405 340.323753 -0.684547 -0.363031 400.000000 -0.363031 0.427523 342.018669 -0.728969 4.802871 400.000000 4.802871 5.275551 4220.440997 0.837058 -33.248148 400.000000 -33.248148 0.023706 18.965167 0.043423 40.672408 400.000000 40.672408
 4.600000 -0.734322 -0.678801 -0.010835 0.999941 -2.316926 -0.010836 -0.678801 -0.734322 0.999941 -0.010835 0.006603 5.282055 -0.684547 -0.363031 400.000000 -0.363031 0.005731 4.585172 -0.728969 4.802871 400.000000 4.802871 2.620830 2096.664069 0.885468 -35.920665 400.000000 -35.920665 0.102846 82.276570 -0.033512 41.075587 400.000000 41.075587
 4.800000 -0.757892 -0.652380 -0.077786 0.996970 -2.281517 -0.077865 -0.652380 -0.757892 0.996970 -0.077786 0.206945 165.556357 -0.684547 -0.363031 400.000000 -0.363031 0.167313 133.850715 -0.728969 4.802871 400.000000 4.802871 0.796132 636.905356 0.933878 -37.595046 400.000000 -37.595046 0.213339 170.671080 -0.110447 40.900344 400.000000 40.900344
 5.000000 -0.727564 -0.686040 -0.207080 0.978324 -2.326829 -0.208589 -0.686040 -0.727564 0.978324 -0.207080 0.000446 0.356715 -0.684547 -0.363031 400.000000 -0.363031 0.000395 0.315860 -0.728969 4.802871 400.000000 4.802871 0.003141 2.513165 0.982287 -38.190238 400.000000 -38.190238 0.077608 62.086216 -0.187381 41.090262 400.000000 41.090262
 5.200000 -0.702635 -0.711550 -0.208795 0.977960 -2.362499 -0.210342 -0.711550 -0.702635 0.977960 -0.208795 0.145835 116.667700 -0.684547 -0.363031 400.000000 -0.363031 0.138690 110.952326 -0.728969 4.802871 400.000000 4.802871 0.003746 2.996681 0.982287 -38.190238 400.000000 -38.190238 0.091706 73.364502 -0.187381 41.090262 400.000000 41.090262
 5.400000 -0.732640 -0.680616 -0.266058 0.963957 -2.319400 -0.269302 -0.680616 -0.732640 0.963957 -0.266058 0.003090 2.472377 -0.684547 -0.363031 400.000000 -0.363031 0.002696 2.156858 -0.728969 4.802871 400.000000 4.802871 0.067200 53.759891 0.982287 -38.190238 400.000000 -38.190238 1.238011 990.408415 -0.187381 41.090262 400.000000 41.090262
 5.600000 -0.681453 -0.731862 -0.212197 0.977227 -2.391847 -0.213823 -0.731862 -0.681453 0.977227 -0.212197 0.447741 358.192939 -0.684547 -0.363031 400.000000 -0.363031 0.451551 361.240716 -0.728969 4.802871 400.000000 4.802871 0.005121 4.097115 0.982287 -38.190238 400.000000 -38.190238 0.123163 98.530624 -0.187381 41.090262 400.000000 41.090262
 5.800000 -0.774999 -0.631963 -0.177259 0.984164 -2.254880 -0.178201 -0.631963 -0.774999 0.984164 -0.177259 0.553017 442.413374 -0.684547 -0.363031 400.000000 -0.363031 0.423750 339.000212 -0.728969 4.802871 400.000000 4.802871 0.000705 0.563642 0.982287 -38.190238 400.000000 -38.190238 0.020490 16.392274 -0.187381 41.090262 400.000000 41.090262
 6.000000 -0.751749 -0.659450 -0.139203 0.990264 -2.290883 -0.139657 -0.659450 -0.751749 0.990264 -0.139203 0.125975 100.779763 -0.684547 -0.363031 400.000000 -0.363031 0.103785 83.028203 -0.728969 4.802871 400.000000 4.802871 0.012725 10.180112 0.982287 -38.190238 400.000000 -38.190238 0.464224 371.379202 -0.187381 41.090262 400.000000 41.090262
 6.200000 -0.750329 -0.661064 -0.107166 0.994241 -2.293033 -0.107372 -0.661064 -0.750329 0.994241 -0.107166 0.110288 88.230296 -0.684547 -0.363031 400.000000 -0.363031 0.091255 73.003865 -0.728969 4.802871 400.000000 4.802871 0.028579 22.863222 0.982287 -38.190238 400.000000 -38.190238 1.286895 1029.515689 -0.187381 41.090262 400.000000 41.090262
 6.400000 -0.743702 -0.668511 -0.173999 0.984746 -2.303001 -0.174889 -0.668511 -0.743702 0.984746 -0.173999 0.051432 41.145680 -0.684547 -0.363031 400.000000 -0.363031 0.043417 34.733265 -0.728969 4.802871 400.000000 4.802871 0.001209 0.967140 0.982287 -38.190238 400.000000 -38.190238 0.035817 28.653907 -0.187381 41.090262 400.000000 41.090262
 6.600000 -0.692069 -0.721831 -0.176558 0.984290 -2.377241 -0.177488 -0.721831 -0.692069 0.984290 -0.176558 0.278018 222.414486 -0.684547 -0.363031 400.000000 -0.363031 0.272311 217.849173 -0.728969 4.802871 400.000000 4.802871 0.000802 0.641955 0.982287 -38.190238 400.000000 -38.190238 0.023430 18.744310 -0.187381 41.090262 400.000000 41.090262
 6.800000 -0.696141 -0.717905 -0.194370 0.980928 -2.371585 -0.195615 -0.717905 -0.696141 0.980928 -0.194370 0.222555 178.043982 -0.684547 -0.363031 400.000000 -0.363031 0.215535 172.427789 -0.728969 4.802871 400.000000 4.802871 0.000369 0.295496 0.982287 -38.190238 400.000000 -38.190238 0.009769 7.814937 -0.187381 41.090262 400.000000 41.090262
 7.000000 -0.755610 -0.655022 -0.184724 0.982790 -2.285008 -0.185792 -0.655022 -0.755610 0.982790 -0.184724 0.174344 139.475555 -0.684547 -0.363031 400.000000 -0.363031 0.141949 113.559178 -0.728969 4.802871 400.000000 4.802871 0.000051 0.040497 0.982287 -38.190238 400.000000 -38.190238 0.001412 1.129396 -0.187381 41.090262 400.000000 41.090262
 7.200000 -0.706006 -0.708206 -0.190940 0.981602 -2.357751 -0.192119 -0.708206 -0.706006 0.981602 -0.190940 0.111951 89.561146 -0.684547 -0.363031 400.000000 -0.363031 0.105461 84.368421 -0.728969 4.802871 400.000000 4.802871 0.000094 0.075183 0.982287 -38.190238 400.000000 -38.190238 0.002532 2.025972 -0.187381 41.090262 400.000000 41.090262
 7.400000 -0.709963 -0.704239 -0.166682 0.986011 -2.352148 -0.167464 -0.704239 -0.709963 0.986011 -0.166682 0.077557 62.045774 -0.684547 -0.363031 400.000000 -0.363031 0.072246 57.796708 -0.728969 4.802871 400.000000 4.802871 0.002773 2.218222 0.982287 -38.190238 400.000000 -38.190238 0.085691 68.552660 -0.187381 41.090262 400.000000 41.090262
 7.600000 -0.736652 -0.676272 -0.205627 0.978631 -2.313487 -0.207104 -0.676272 -0.736652 0.978631 -0.205627 0.013694 10.955266 -0.684547 -0.363031 400.000000 -0.363031 0.011806 9.444546 -0.728969 4.802871 400.000000 4.802871 0.002674 2.139443 0.982287 -38.190238 400.000000 -38.190238 0.066577 53.261949 -0.187381 41.090262 400.000000 41.090262
 7.800000 -0.688113 -0.725604 -0.167440 0.985882 -2.382708 -0.168232 -0.725604 -0.688113 0.985882 -0.167440 0.337129 269.703034 -0.684547 -0.363031 400.000000 -0.363031 0.333839 267.071361 -0.728969 4.802871 400.000000 4.802871 0.002585 2.067884 0.982287 -38.190238 400.000000 -38.190238 0.079532 63.625617 -0.187381 41.090262 400.000000 41.090262
 8.000000 -0.759893 -0.650048 -0.211050 0.977475 -2.278444 -0.212649 -0.650048 -0.759893 0.977475 -0.211050 0.238042 190.433531 -0.684547 -0.363031 400.000000 -0.363031 0.191268 153.014772 -0.728969 4.802871 400.000000 4.802871 0.004631 3.704825 0.982287 -38.190238 400.000000 -38.190238 0.112041 89.632955 -0.187381 41.090262 400.000000 41.090262
 8.200000 -0.727132 -0.686497 -0.147975 0.988991 -2.327457 -0.148520 -0.686497 -0.727132 0.988991 -0.147975 0.000761 0.608433 -0.684547 -0.363031 400.000000 -0.363031 0.000674 0.539427 -0.728969 4.802871 400.000000 4.802871 0.008988 7.190662 0.982287 -38.190238 400.000000 -38.190238 0.310572 248.457334 -0.187381 41.090262 400.000000 41.090262
 8.400000 -0.722167 -0.691718 -0.223658 0.974668 -2.334662 -0.225566 -0.691718 -0.722167 0.974668 -0.223658 0.010285 8.228155 -0.684547 -0.363031 400.000000 -0.363031 0.009251 7.401003 -0.728969 4.802871 400.000000 4.802871 0.011611 9.289145 0.982287 -38.190238 400.000000 -38.190238 0.263197 210.557658 -0.187381 41.090262 400.000000 41.090262
 8.600000 -0.706927 -0.707287 -0.134224 0.990951 -2.356449 -0.134630 -0.707287 -0.706927 0.990951 -0.134224 0.103420 82.735982 -0.684547 -0.363031 400.000000 -0.363031 0.097170 77.736296 -0.728969 4.802871 400.000000 4.802871 0.015012 12.009912 0.982287 -38.190238 400.000000 -38.190238 0.565150 452.120032 -0.187381 41.090262 400.000000 41.090262
 8.800000 -0.758613 -0.651542 -0.188721 0.982031 -2.280412 -0.189860 -0.651542 -0.758613 0.982031 -0.188721 0.217866 174.293156 -0.684547 -0.363031 400.000000 -0.363031 0.175752 140.601485 -0.728969 4.802871 400.000000 4.802871 0.000013 0.010533 0.982287 -38.190238 400.000000 -38.190238 0.000359 0.287309 -0.187381 41.090262 400.000000 41.090262
 9.000000 -0.733006 -0.680223 -0.151012 0.988532 -2.318863 -0.151592 -0.680223 -0.733006 0.988532 -0.151012 0.003740 2.992166 -0.684547 -0.363031 400.000000 -0.363031 0.003259 2.607505 -0.728969 4.802871 400.000000 4.802871 0.007799 6.239410 0.982287 -38.190238 400.000000 -38.190238 0.264548 211.638139 -0.187381 41.090262 400.000000 41.090262
 9.200000 -0.787636 -0.616140 -0.164859 0.986317 -2.234629 -0.165615 -0.616140 -0.787636 0.986317 -0.164859 0.935899 748.719277 -0.684547 -0.363031 400.000000 -0.363031 0.688383 550.706060 -0.728969 4.802871 400.000000 4.802871 0.003248 2.598479 0.982287 -38.190238 400.000000 -38.190238 0.101454 81.163125 -0.187381 41.090262 400.000000 41.090262
 9.400000 -0.725185 -0.688554 -0.222807 0.974863 -2.330289 -0.224693 -0.688554 -0.725185 0.974863 -0.222807 0.003211 2.568520 -0.684547 -0.363031 400.000000 -0.363031 0.002863 2.290167 -0.728969 4.802871 400.000000 4.802871 0.011025 8.819984 0.982287 -38.190238 400.000000 -38.190238 0.250992 200.793653 -0.187381 41.090262 400.000000 41.090262
 9.600000 -0.712635 -0.701535 -0.145665 0.989334 -2.348346 -0.146185 -0.701535 -0.712635 0.989334 -0.145665 0.057719 46.175413 -0.684547 -0.363031 400.000000 -0.363031 0.053359 42.687159 -0.728969 4.802871 400.000000 4.802871 0.009931 7.944919 0.982287 -38.190238 400.000000 -38.190238 0.348046 278.436722 -0.187381 41.090262 400.000000 41.090262
 9.800000 -0.792346 -0.610072 -0.196041 0.980596 -2.226948 -0.197318 -0.610072 -0.792346 0.980596 -0.196041 1.109299 887.438990 -0.684547 -0.363031 400.000000 -0.363031 0.803332 642.665245 -0.728969 4.802871 400.000000 4.802871 0.000572 0.457767 0.982287 -38.190238 400.000000 -38.190238 0.014996 11.997189 -0.187381 41.090262 400.000000 41.090262
 10.000000 -0.750772 -0.660561 -0.086878 0.996219 -2.292362 -0.086988 -0.660561 -0.750772 0.996219 -0.086878 0.115067 92.053334 -0.684547 -0.363031 400.000000 -0.363031 0.095081 76.064582 -0.728969 4.802871 400.000000 4.802871 0.038818 31.054638 0.982287 -38.190238 400.000000 -38.190238 2.020167 1616.133475 -0.187381 41.090262 400.000000 41.090262
 10.200000 -0.743192 -0.669078 -0.149509 0.988760 -2.303764 -0.150071 -0.669078 -0.743192 0.988760 -0.149509 0.047857 38.285733 -0.684547 -0.363031 400.000000 -0.363031 0.040461 32.368572 -0.728969 4.802871 400.000000 4.802871 0.008380 6.704345 0.982287 -38.190238 400.000000 -38.190238 0.286870 229.495847 -0.187381 41.090262 400.000000 41.090262
 10.400000 -0.761771 -0.647847 -0.170528 0.985353 -2.275550 -0.171365 -0.647847 -0.761771 0.985353 -0.170528 0.269387 215.509458 -0.684547 -0.363031 400.000000 -0.363031 0.215198 172.158267 -0.728969 4.802871 400.000000 4.802871 0.001880 1.503692 0.982287 -38.190238 400.000000 -38.190238 0.056809 45.446953 -0.187381 41.090262 400.000000 41.090262
 10.600000 -0.717018 -0.697055 -0.159314 0.987228 -2.342078 -0.159996 -0.697055 -0.717018 0.987228 -0.159314 0.031287 25.029617 -0.684547 -0.363031 400.000000 -0.363031 0.028563 22.850264 -0.728969 4.802871 400.000000 4.802871 0.004882 3.905640 0.982287 -38.190238 400.000000 -38.190238 0.157552 126.041718 -0.187381 41.090262 400.000000 41.090262
 10.800000 -0.738597 -0.674147 -0.220728 0.975335 -2.310606 -0.222560 -0.674147 -0.738597 0.975335 -0.220728 0.021632 17.305541 -0.684547 -0.363031 400.000000 -0.363031 0.018541 14.833155 -0.728969 4.802871 400.000000 4.802871 0.009665 7.732329 0.982287 -38.190238 400.000000 -38.190238 0.222396 177.916443 -0.187381 41.090262 400.000000 41.090262
 11.000000 -0.751611 -0.659607 -0.160060 0.987107 -2.291091 -0.160751 -0.659607 -0.751611 0.987107 -0.160060 0.124406 99.525072 -0.684547 -0.363031 400.000000 -0.363031 0.102536 82.028874 -0.728969 4.802871 400.000000 4.802871 0.004647 3.717352 0.982287 -38.190238 400.000000 -38.190238 0.149296 119.436585 -0.187381 41.090262 400.000000 41.090262
 11.200000 -0.771399 -0.636351 -0.217078 0.976154 -2.260555 -0.218820 -0.636351 -0.771399 0.976154 -0.217078 0.464569 371.654806 -0.684547 -0.363031 400.000000 -0.363031 0.360075 288.059968 -0.728969 4.802871 400.000000 4.802871 0.007523 6.018042 0.982287 -38.190238 400.000000 -38.190238 0.176375 141.100132 -0.187381 41.090262 400.000000 41.090262
 11.400000 -0.750734 -0.660605 -0.183306 0.983056 -2.292420 -0.184348 -0.660605 -0.750734 0.983056 -0.183306 0.114648 91.718464 -0.684547 -0.363031 400.000000 -0.363031 0.094746 75.796733 -0.728969 4.802871 400.000000 4.802871 0.000118 0.094551 0.982287 -38.190238 400.000000 -38.190238 0.003322 2.657828 -0.187381 41.090262 400.000000 41.090262
 11.600000 -0.687001 -0.726656 -0.174601 0.984639 -2.384238 -0.175500 -0.726656 -0.687001 0.984639 -0.174601 0.354635 283.707781 -0.684547 -0.363031 400.000000 -0.363031 0.352251 281.800874 -0.728969 4.802871 400.000000 4.802871 0.001106 0.885151 0.982287 -38.190238 400.000000 -38.190238 0.032669 26.134832 -0.187381 41.090262 400.000000 41.090262
 11.800000 -0.715809 -0.698296 -0.202165 0.979352 -2.343811 -0.203568 -0.698296 -0.715809 0.979352 -0.202165 0.037808 30.246263 -0.684547 -0.363031 400.000000 -0.363031 0.034636 27.708675 -0.728969 4.802871 400.000000 4.802871 0.001724 1.378937 0.982287 -38.190238 400.000000 -38.190238 0.043709 34.967528 -0.187381 41.090262 400.000000 41.090262
 12.000000 -0.708707 -0.705503 -0.166642 0.986017 -2.353928 -0.167423 -0.705503 -0.708707 0.986017 -0.166642 0.087826 70.260615 -0.684547 -0.363031 400.000000 -0.363031 0.082103 65.682621 -0.728969 4.802871 400.000000 4.802871 0.002783 2.226345 0.982287 -38.190238 400.000000 -38.190238 0.086025 68.819846 -0.187381 41.090262 400.000000 41.090262
 12.200000 -0.765578 -0.643343 -0.174192 0.984712 -2.269653 -0.175085 -0.643343 -0.765578 0.984712 -0.174192 0.339557 271.645708 -0.684547 -0.363031 400.000000 -0.363031 0.268051 214.441105 -0.728969 4.802871 400.000000 4.802871 0.001176 0.940487 0.982287 -38.190238 400.000000 -38.190238 0.034792 27.833554 -0.187381 41.090262 400.000000 41.090262
 12.400000 -0.703320 -0.710873 -0.203148 0.979148 -2.361535 -0.204572 -0.710873 -0.703320 0.979148 -0.203148 0.138613 110.890344 -0.684547 -0.363031 400.000000 -0.363031 0.131569 105.254977 -0.728969 4.802871 400.000000 4.802871 0.001971 1.576793 0.982287 -38.190238 400.000000 -38.190238 0.049719 39.775410 -0.187381 41.090262 400.000000 41.090262
 12.600000 -0.734111 -0.679030 -0.184020 0.982922 -2.317236 -0.185075 -0.679030 -0.734111 0.982922 -0.184020 0.006089 4.870948 -0.684547 -0.363031 400.000000 -0.363031 0.005289 4.230938 -0.728969 4.802871 400.000000 4.802871 0.000081 0.064549 0.982287 -38.190238 400.000000 -38.190238 0.002259 1.807254 -0.187381 41.090262 400.000000 41.090262
 12.800000 -0.720299 -0.693664 -0.192134 0.981369 -2.337360 -0.193337 -0.693664 -0.720299 0.981369 -0.192134 0.016623 13.298560 -0.684547 -0.363031 400.000000 -0.363031 0.015033 12.026492 -0.728969 4.802871 400.000000 4.802871 0.000169 0.135016 0.982287 -38.190238 400.000000 -38.190238 0.004518 3.614558 -0.187381 41.090262 400.000000 41.090262
 13.000000 -0.752981 -0.658043 -0.193780 0.981045 -2.289013 -0.195014 -0.658043 -0.752981 0.981045 -0.193780 0.140497 112.397756 -0.684547 -0.363031 400.000000 -0.363031 0.115315 92.252389 -0.728969 4.802871 400.000000 4.802871 0.000309 0.246929 0.982287 -38.190238 400.000000 -38.190238 0.008189 6.551500 -0.187381 41.090262 400.000000 41.090262
 13.200000 -0.725388 -0.688340 -0.199543 0.979889 -2.329995 -0.200891 -0.688340 -0.725388 0.979889 -0.199543 0.002878 2.302311 -0.684547 -0.363031 400.000000 -0.363031 0.002564 2.051598 -0.728969 4.802871 400.000000 4.802871 0.001150 0.920199 0.982287 -38.190238 400.000000 -38.190238 0.029581 23.664966 -0.187381 41.090262 400.000000 41.090262
 13.400000 -0.718017 -0.696026 -0.125793 0.992056 -2.340644 -0.126128 -0.696026 -0.718017 0.992056 -0.125793 0.026353 21.082626 -0.684547 -0.363031 400.000000 -0.363031 0.023990 19.191787 -0.728969 4.802871 400.000000 4.802871 0.019087 15.269970 0.982287 -38.190238 400.000000 -38.190238 0.758613 606.890248 -0.187381 41.090262 400.000000 41.090262
 13.600000 -0.751639 -0.659575 -0.214049 0.976823 -2.291049 -0.215718 -0.659575 -0.751639 0.976823 -0.214049 0.124723 99.778668 -0.684547 -0.363031 400.000000 -0.363031 0.102789 82.230907 -0.728969 4.802871 400.000000 4.802871 0.005972 4.777511 0.982287 -38.190238 400.000000 -38.190238 0.142236 113.788539 -0.187381 41.090262 400.000000 41.090262
 13.800000 -0.738632 -0.674109 -0.122713 0.992442 -2.310554 -0.123023 -0.674109 -0.738632 0.992442 -0.122713 0.021790 17.431693 -0.684547 -0.363031 400.000000 -0.363031 0.018675 14.939749 -0.728969 4.802871 400.000000 4.802871 0.020625 16.499856 0.982287 -38.190238 400.000000 -38.190238 0.836410 669.127711 -0.187381 41.090262 400.000000 41.090262
 14.000000 -0.737058 -0.675829 -0.260392 0.965503 -2.312885 -0.263428 -0.675829 -0.737058 0.965503 -0.260392 0.015201 12.160753 -0.684547 -0.363031 400.000000 -0.363031 0.013089 10.471154 -0.728969 4.802871 400.000000 4.802871 0.056342 45.073800 0.982287 -38.190238 400.000000 -38.190238 1.066111 852.888437 -0.187381 41.090262 400.000000 41.090262
 14.200000 -0.759644 -0.650339 -0.132944 0.991124 -2.278827 -0.133339 -0.650339 -0.759644 0.991124 -0.132944 0.234040 187.231827 -0.684547 -0.363031 400.000000 -0.363031 0.188198 150.558251 -0.728969 4.802871 400.000000 4.802871 0.015616 12.492822 0.982287 -38.190238 400.000000 -38.190238 0.592684 474.146937 -0.187381 41.090262 400.000000 41.090262
 14.400000 -0.733836 -0.679327 -0.163789 0.986495 -2.317642 -0.164531 -0.679327 -0.733836 0.986495 -0.163789 0.005450 4.359611 -0.684547 -0.363031 400.000000 -0.363031 0.004737 3.789867 -0.728969 4.802871 400.000000 4.802871 0.003542 2.833295 0.982287 -38.190238 400.000000 -38.190238 0.111317 89.053508 -0.187381 41.090262 400.000000 41.090262
 14.600000 -0.735728 -0.677277 -0.259823 0.965656 -2.314851 -0.262839 -0.677277 -0.735728 0.965656 -0.259823 0.010572 8.457464 -0.684547 -0.363031 400.000000 -0.363031 0.009139 7.311161 -0.728969 4.802871 400.000000 4.802871 0.055317 44.253972 0.982287 -38.190238 400.000000 -38.190238 1.049551 839.640932 -0.187381 41.090262 400.000000 41.090262
 14.800000 -0.730026 -0.683419 -0.171645 0.985159 -2.323232 -0.172500 -0.683419 -0.730026 0.985159 -0.171645 0.000254 0.203589 -0.684547 -0.363031 400.000000 -0.363031 0.000224 0.178977 -0.728969 4.802871 400.000000 4.802871 0.001649 1.319325 0.982287 -38.190238 400.000000 -38.190238 0.049524 39.619050 -0.187381 41.090262 400.000000 41.090262
 15.000000 -0.739343 -0.673329 -0.198705 0.980059 -2.309499 -0.200036 -0.673329 -0.739343 0.980059 -0.198705 0.025167 20.133969 -0.684547 -0.363031 400.000000 -0.363031 0.021524 17.219227 -0.728969 4.802871 400.000000 4.802871 0.000993 0.794159 0.982287 -38.190238 400.000000 -38.190238 0.025645 20.515874 -0.187381 41.090262 400.000000 41.090262
 15.200000 -0.739502 -0.673154 -0.121981 0.992532 -2.309262 -0.122285 -0.673154 -0.739502 0.992532 -0.121981 0.025960 20.767996 -0.684547 -0.363031 400.000000 -0.363031 0.022191 17.753025 -0.728969 4.802871 400.000000 4.802871 0.020993 16.794324 0.982287 -38.190238 400.000000 -38.190238 0.855448 684.358125 -0.187381 41.090262 400.000000 41.090262
 15.400000 -0.757823 -0.652461 -0.215323 0.976543 -2.281623 -0.217023 -0.652461 -0.757823 0.976543 -0.215323 0.205909 164.726942 -0.684547 -0.363031 400.000000 -0.363031 0.166511 133.208660 -0.728969 4.802871 400.000000 4.802871 0.006600 5.279839 0.982287 -38.190238 400.000000 -38.190238 0.156153 124.922477 -0.187381 41.090262 400.000000 41.090262
 15.600000 -0.723810 -0.689999 -0.128985 0.991647 -2.332284 -0.129345 -0.689999 -0.723810 0.991647 -0.128985 0.005945 4.755828 -0.684547 -0.363031 400.000000 -0.363031 0.005322 4.257413 -0.728969 4.802871 400.000000 4.802871 0.017519 14.015414 0.982287 -38.190238 400.000000 -38.190238 0.682025 545.620349 -0.187381 41.090262 400.000000 41.090262
 15.800000 -0.743861 -0.668334 -0.149480 0.988765 -2.302763 -0.150042 -0.668334 -0.743861 0.988765 -0.149480 0.052572 42.057900 -0.684547 -0.363031 400.000000 -0.363031 0.044358 35.486384 -0.728969 4.802871 400.000000 4.802871 0.008392 6.713403 0.982287 -38.190238 400.000000 -38.190238 0.287308 229.846374 -0.187381 41.090262 400.000000 41.090262
 16.000000 -0.734616 -0.678484 -0.183570 0.983007 -2.316493 -0.184617 -0.678484 -0.734616 0.983007 -0.183570 0.007353 5.882727 -0.684547 -0.363031 400.000000 -0.363031 0.006378 5.102165 -0.728969 4.802871 400.000000 4.802871 0.000104 0.082805 0.982287 -38.190238 400.000000 -38.190238 0.002905 2.324230 -0.187381 41.090262 400.000000 41.090262
 16.200000 -0.711757 -0.702425 -0.205588 0.978639 -2.349596 -0.207064 -0.702425 -0.711757 0.978639 -0.205588 0.063927 51.141857 -0.684547 -0.363031 400.000000 -0.363031 0.059246 47.396855 -0.728969 4.802871 400.000000 4.802871 0.002662 2.129935 0.982287 -38.190238 400.000000 -38.190238 0.066295 53.036140 -0.187381 41.090262 400.000000 41.090262
 16.400000 -0.731512 -0.681828 -0.193582 0.981084 -2.321055 -0.194812 -0.681828 -0.731512 0.981084 -0.193582 0.001478 1.182793 -0.684547 -0.363031 400.000000 -0.363031 0.001294 1.035278 -0.728969 4.802871 400.000000 4.802871 0.000290 0.231621 0.982287 -38.190238 400.000000 -38.190238 0.007690 6.152005 -0.187381 41.090262 400.000000 41.090262
 16.600000 -0.714892 -0.699235 -0.163334 0.986571 -2.345123 -0.164069 -0.699235 -0.714892 0.986571 -0.163334 0.043145 34.515950 -0.684547 -0.363031 400.000000 -0.363031 0.039629 31.703293 -0.728969 4.802871 400.000000 4.802871 0.003670 2.935920 0.982287 -38.190238 400.000000 -38.190238 0.115658 92.526114 -0.187381 41.090262 400.000000 41.090262
 16.800000 -0.729852 -0.683605 -0.195480 0.980708 -2.323487 -0.196747 -0.683605 -0.729852 0.980708 -0.195480 0.000178 0.142002 -0.684547 -0.363031 400.000000 -0.363031 0.000156 0.124899 -0.728969 4.802871 400.000000 4.802871 0.000499 0.399231 0.982287 -38.190238 400.000000 -38.190238 0.013119 10.494920 -0.187381 41.090262 400.000000 41.090262
 17.000000 -0.699181 -0.714944 -0.158828 0.987306 -2.367341 -0.159504 -0.714944 -0.699181 0.987306 -0.158828 0.184798 147.838264 -0.684547 -0.363031 400.000000 -0.363031 0.177456 141.964465 -0.728969 4.802871 400.000000 4.802871 0.005038 4.030381 0.982287 -38.190238 400.000000 -38.190238 0.163054 130.442997 -0.187381 41.090262 400.000000 41.090262
 17.200000 -0.738964 -0.673744 -0.224728 0.974422 -2.310061 -0.226664 -0.673744 -0.738964 0.974422 -0.224728 0.023340 18.671714 -0.684547 -0.363031 400.000000 -0.363031 0.019983 15.986657 -0.728969 4.802871 400.000000 4.802871 0.012374 9.898976 0.982287 -38.190238 400.000000 -38.190238 0.278951 223.161022 -0.187381 41.090262 400.000000 41.090262
 17.400000 -0.729209 -0.684291 -0.191521 0.981488 -2.324427 -0.192712 -0.684291 -0.729209 0.981488 -0.191521 0.000013 0.010490 -0.684547 -0.363031 400.000000 -0.363031 0.000012 0.009244 -0.728969 4.802871 400.000000 4.802871 0.000128 0.102096 0.982287 -38.190238 400.000000 -38.190238 0.003428 2.742448 -0.187381 41.090262 400.000000 41.090262
 17.600000 -0.737488 -0.675360 -0.195342 0.980735 -2.312249 -0.196607 -0.675360 -0.737488 0.980735 -0.195342 0.016881 13.504761 -0.684547 -0.363031 400.000000 -0.363031 0.014517 11.613596 -0.728969 4.802871 400.000000 4.802871 0.000482 0.385475 0.982287 -38.190238 400.000000 -38.190238 0.012676 10.140872 -0.187381 41.090262 400.000000 41.090262
 17.800000 -0.722198 -0.691687 -0.192025 0.981390 -2.334618 -0.193226 -0.691687 -0.722198 0.981390 -0.192025 0.010195 8.155729 -0.684547 -0.363031 400.000000 -0.363031 0.009169 7.335215 -0.728969 4.802871 400.000000 4.802871 0.000161 0.128823 0.982287 -38.190238 400.000000 -38.190238 0.004314 3.450835 -0.187381 41.090262 400.000000 41.090262
 18.000000 -0.741598 -0.670844 -0.207711 0.978190 -2.306143 -0.209235 -0.670844 -0.741598 0.978190 -0.207711 0.037554 30.043350 -0.684547 -0.363031 400.000000 -0.363031 0.031902 25.521611 -0.728969 4.802871 400.000000 4.802871 0.003357 2.685817 0.982287 -38.190238 400.000000 -38.190238 0.082663 66.130514 -0.187381 41.090262 400.000000 41.090262
 18.200000 -0.716532 -0.697554 -0.179246 0.983804 -2.342775 -0.180220 -0.697554 -0.716532 0.983804 -0.179246 0.033837 27.069695 -0.684547 -0.363031 400.000000 -0.363031 0.030934 24.747230 -0.728969 4.802871 400.000000 4.802871 0.000460 0.368201 0.982287 -38.190238 400.000000 -38.190238 0.013236 10.588693 -0.187381 41.090262 400.000000 41.090262
 18.400000 -0.749997 -0.661441 -0.157513 0.987517 -2.293534 -0.158172 -0.661441 -0.749997 0.987517 -0.157513 0.106781 85.425092 -0.684547 -0.363031 400.000000 -0.363031 0.088443 70.754041 -0.728969 4.802871 400.000000 4.802871 0.005470 4.375820 0.982287 -38.190238 400.000000 -38.190238 0.178420 142.735748 -0.187381 41.090262 400.000000 41.090262
 18.600000 -0.762449 -0.647048 -0.107614 0.994193 -2.274503 -0.107823 -0.647048 -0.762449 0.994193 -0.107614 0.281230 224.983840 -0.684547 -0.363031 400.000000 -0.363031 0.224186 179.348408 -0.728969 4.802871 400.000000 4.802871 0.028348 22.678536 0.982287 -38.190238 400.000000 -38.190238 1.272564 1018.050970 -0.187381 41.090262 400.000000 41.090262
 18.800000 -0.687136 -0.726529 -0.197634 0.980276 -2.384053 -0.198944 -0.726529 -0.687136 0.980276 -0.197634 0.352488 281.990356 -0.684547 -0.363031 400.000000 -0.363031 0.349989 279.990935 -0.728969 4.802871 400.000000 4.802871 0.000809 0.647274 0.982287 -38.190238 400.000000 -38.190238 0.021023 16.818220 -0.187381 41.090262 400.000000 41.090262
 19.000000 -0.728870 -0.684652 -0.173395 0.984852 -2.324922 -0.174276 -0.684652 -0.728870 0.984852 -0.173395 0.000002 0.001750 -0.684547 -0.363031 400.000000 -0.363031 0.000002 0.001543 -0.728969 4.802871 400.000000 4.802871 0.001316 1.052765 0.982287 -38.190238 400.000000 -38.190238 0.039123 31.298648 -0.187381 41.090262 400.000000 41.090262
 19.200000 -0.723474 -0.690352 -0.177316 0.984154 -2.332772 -0.178258 -0.690352 -0.723474 0.984154 -0.177316 0.006739 5.391453 -0.684547 -0.363031 400.000000 -0.363031 0.006039 4.831141 -0.728969 4.802871 400.000000 4.802871 0.000697 0.557557 0.982287 -38.190238 400.000000 -38.190238 0.020263 16.210114 -0.187381 41.090262 400.000000 41.090262
 19.400000 -0.755818 -0.654781 -0.177148 0.984184 -2.284690 -0.178087 -0.654781 -0.755818 0.984184 -0.177148 0.177201 141.760495 -0.684547 -0.363031 400.000000 -0.363031 0.144182 115.345606 -0.728969 4.802871 400.000000 4.802871 0.000720 0.575802 0.982287 -38.190238 400.000000 -38.190238 0.020946 16.756545 -0.187381 41.090262 400.000000 41.090262
 19.600000 -0.714928 -0.699198 -0.234924 0.972014 -2.345071 -0.237141 -0.699198 -0.714928 0.972014 -0.234924 0.042928 34.342217 -0.684547 -0.363031 400.000000 -0.363031 0.039426 31.540449 -0.728969 4.802871 400.000000 4.802871 0.021109 16.887516 0.982287 -38.190238 400.000000 -38.190238 0.452069 361.655199 -0.187381 41.090262 400.000000 41.090262
 19.800000 -0.729993 -0.683455 -0.207652 0.978203 -2.323281 -0.209174 -0.683455 -0.729993 0.978203 -0.207652 0.000239 0.190979 -0.684547 -0.363031 400.000000 -0.363031 0.000210 0.167908 -0.728969 4.802871 400.000000 4.802871 0.003337 2.669242 0.982287 -38.190238 400.000000 -38.190238 0.082179 65.743083 -0.187381 41.090262 400.000000 41.090262
 20.000000 -0.754868 -0.655876 -0.165964 0.986132 -2.286139 -0.166736 -0.655876 -0.754868 0.986132 -0.165964 0.164403 131.522628 -0.684547 -0.363031 400.000000 -0.363031 0.134160 107.327758 -0.728969 4.802871 400.000000 4.802871 0.002956 2.364855 0.982287 -38.190238 400.000000 -38.190238 0.091738 73.390575 -0.187381 41.090262 400.000000 41.090262
