#! FIELDS time sin_phi cos_phi sin_psi cos_psi phi psi cos_phi sin_phi cos_psi sin_psi restraint_phi_cos.bias restraint_phi_cos.force2 restraint_phi_cos.cos_phi_cntr restraint_phi_cos.cos_phi_work restraint_phi_cos.cos_phi_kappa restraint_phi_cos.work restraint_phi_sin.bias restraint_phi_sin.force2 restraint_phi_sin.sin_phi_cntr restraint_phi_sin.sin_phi_work restraint_phi_sin.sin_phi_kappa restraint_phi_sin.work restraint_psi_cos.bias restraint_psi_cos.force2 restraint_psi_cos.cos_psi_cntr restraint_psi_cos.cos_psi_work restraint_psi_cos.cos_psi_kappa restraint_psi_cos.work restraint_psi_sin.bias restraint_psi_sin.force2 restraint_psi_sin.sin_psi_cntr restraint_psi_sin.sin_psi_work restraint_psi_sin.sin_psi_kappa restraint_psi_sin.work
#! SET min_phi -pi
#! SET max_phi pi
#! SET min_psi -pi
#! SET max_psi pi
 0.000000 -0.999983 -0.005782 0.966116 0.258110 -1.576579 1.309731 -0.005782 -0.999983 0.258110 0.966116 0.000000 0.000000 -0.009747 0.000000 0.000000 0.000000 0.000000 0.000000 -0.999953 0.000000 0.000000 0.000000 0.000000 0.000000 0.256142 0.000000 0.000000 0.000000 0.000000 0.000000 0.966639 0.000000 0.000000 0.000000
 0.200000 -0.999140 -0.041465 0.905017 0.425375 -1.612273 1.131421 -0.041465 -0.999140 0.425375 0.905017 0.020122 1.609727 -0.009747 0.662366 40.000000 0.662366 0.000013 0.001056 -0.999953 0.011529 40.000000 0.011529 0.572791 45.823258 0.256142 0.576361 40.000000 0.576361 0.075945 6.075570 0.966639 0.088549 40.000000 0.088549
 0.400000 -0.998868 -0.047565 0.956080 0.293105 -1.618379 1.273324 -0.047565 -0.998868 0.293105 0.956080 0.057208 9.153290 -0.009747 0.801257 80.000000 0.801257 0.000047 0.007525 -0.999953 0.011985 80.000000 0.011985 0.054649 8.743777 0.256142 0.735565 80.000000 0.735565 0.004459 0.713515 0.966639 0.099440 80.000000 0.099440
 0.600000 -0.997967 0.063731 0.981907 0.189363 -1.507022 1.380283 0.063731 -0.997967 0.189363 0.981907 0.323936 77.744754 -0.009747 0.886968 120.000000 0.886968 0.000237 0.056761 -0.999953 0.012279 120.000000 0.012279 0.267568 64.216434 0.256142 0.965554 120.000000 0.965554 0.013987 3.356842 0.966639 0.123244 120.000000 0.123244
 0.800000 -0.993237 0.116106 0.966930 0.255042 -1.454428 1.312905 0.116106 -0.993237 0.255042 0.966930 1.267110 405.475174 -0.009747 0.947160 160.000000 0.947160 0.003608 1.154570 -0.999953 0.012346 160.000000 0.012346 0.000097 0.031013 0.256142 1.077492 160.000000 1.077492 0.000007 0.002168 0.966639 0.133965 160.000000 0.133965
 1.000000 -0.995766 0.091921 0.976040 0.217589 -1.478745 1.351452 0.091921 -0.995766 0.217589 0.976040 1.033630 413.451895 -0.009747 1.048433 200.000000 1.048433 0.001752 0.700972 -0.999953 0.012636 200.000000 0.012636 0.148634 59.453599 0.256142 1.117662 200.000000 1.117662 0.008839 3.535417 0.966639 0.136762 200.000000 0.136762
 1.200000 -0.998339 0.057616 0.982473 0.186407 -1.513149 1.383292 0.057616 -0.998339 0.186407 0.982473 0.544521 261.370219 -0.009747 1.108176 240.000000 1.108176 0.000312 0.149986 -0.999953 0.012787 240.000000 0.012787 0.583555 280.106540 0.256142 1.161201 240.000000 1.161201 0.030084 14.440233 0.966639 0.140227 240.000000 0.140227
 1.400000 -0.997552 0.069926 0.946014 0.324125 -1.500813 1.240709 0.069926 -0.997552 0.324125 0.946014 0.888678 497.659653 -0.009747 1.170239 280.000000 1.170239 0.000807 0.451703 -0.999953 0.012956 280.000000 0.012956 0.647034 362.339286 0.256142 1.205116 280.000000 1.205116 0.059554 33.350295 0.966639 0.144050 280.000000 0.144050
 1.600000 -0.999690 0.024895 0.961321 0.275432 -1.545899 1.291757 0.024895 -0.999690 0.275432 0.961321 0.192008 122.885252 -0.009747 1.219964 320.000000 1.219964 0.000011 0.007053 -0.999953 0.013014 320.000000 0.013014 0.059534 38.101702 0.256142 1.269732 320.000000 1.269732 0.004526 2.896520 0.966639 0.148948 320.000000 0.148948
 1.800000 -0.999539 -0.030368 0.959785 0.280736 -1.601169 1.286235 -0.030368 -0.999539 0.280736 0.959785 0.076545 55.112573 -0.009747 1.248325 360.000000 1.248325 0.000031 0.022183 -0.999953 0.013049 360.000000 0.013049 0.108875 78.389934 0.256142 1.295117 360.000000 1.295117 0.008456 6.088479 0.966639 0.150759 360.000000 0.150759
 2.000000 -0.999242 -0.038932 0.964151 0.265353 -1.609738 1.302226 -0.038932 -0.999242 0.265353 0.964151 0.170358 136.286607 -0.009747 1.286725 400.000000 1.286725 0.000101 0.080801 -0.999953 0.013076 400.000000 0.013076 0.016967 13.573231 0.256142 1.318601 400.000000 1.318601 0.001238 0.990179 0.966639 0.152522 400.000000 0.152522
 2.200000 -0.996906 0.078608 0.960085 0.279710 -1.492107 1.287304 0.078608 -0.996906 0.279710 0.960085 0.769969 615.974903 0.016561 1.195557 400.000000 1.195557 0.950082 760.065821 -0.927982 1.021031 400.000000 1.021031 0.007603 6.082147 0.273545 1.215808 400.000000 1.215808 1.057968 846.374132 0.887353 1.159863 400.000000 1.159863
 2.400000 -0.997749 0.067066 0.935089 0.354413 -1.503680 1.208510 0.067066 -0.997749 0.354413 0.935089 0.117103 93.682573 0.042869 1.042039 400.000000 1.042039 4.017837 3214.269353 -0.856012 4.087645 400.000000 4.087645 0.805584 644.467310 0.290947 0.946483 400.000000 0.946483 3.226903 2581.522322 0.808067 4.272791 400.000000 4.272791
 2.600000 -0.990580 0.136936 0.926846 0.375443 -1.433429 1.185922 0.136936 -0.990580 0.375443 0.926846 0.918254 734.603527 0.069177 0.856011 400.000000 0.856011 8.531581 6825.264770 -0.784042 9.176099 400.000000 9.176099 0.900318 720.254434 0.308349 0.507847 400.000000 0.507847 7.845867 6276.693441 0.728782 9.424969 400.000000 9.424969
 2.800000 -0.996025 0.089075 0.886858 0.462042 -1.481603 1.090500 0.089075 -0.996025 0.462042 0.886858 0.008216 6.573172 0.095484 0.521452 400.000000 0.521452 16.125865 12900.692359 -0.712072 16.222322 400.000000 16.222322 3.715049 2972.039005 0.325751 -0.201179 400.000000 -0.201179 11.268163 9014.530722 0.649496 16.337124 400.000000 16.337124
 3.000000 -0.963746 0.266823 0.859021 0.511941 -1.300701 1.033354 0.266823 -0.963746 0.511941 0.859021 4.206781 3365.424900 0.121792 -0.089802 400.000000 -0.089802 20.949066 16759.253182 -0.640102 25.120428 400.000000 25.120428 5.697843 4558.274723 0.343153 -1.246940 400.000000 -1.246940 16.682336 13345.868776 0.570210 24.697697 400.000000 24.697697
 3.200000 -0.985784 0.168018 0.800004 0.599994 -1.401978 0.927302 0.168018 -0.985784 0.599994 0.800004 0.079344 63.475506 0.148100 -0.877490 400.000000 -0.877490 34.886700 27909.360193 -0.568132 35.838280 400.000000 35.838280 11.466196 9172.956837 0.360555 -2.653469 400.000000 -2.653469 19.106105 15284.883709 0.490924 34.216808 400.000000 34.216808
 3.400000 -0.949947 0.312410 0.687343 0.726333 -1.253067 0.757825 0.312410 -0.949947 0.726333 0.687343 3.808948 3047.158506 0.174408 -2.142235 400.000000 -2.142235 41.184311 32947.448869 -0.496161 48.105390 400.000000 48.105390 24.273041 19418.432677 0.377958 -4.538218 400.000000 -4.538218 15.202648 12162.118477 0.411638 44.135198 400.000000 44.135198
 3.600000 -0.924490 0.381206 0.649267 0.760561 -1.179696 0.706620 0.381206 -0.924490 0.760561 0.649267 6.515340 5212.272019 0.200715 -3.945931 400.000000 -3.945931 50.059818 40047.854689 -0.424191 61.706603 400.000000 61.706603 26.674325 21339.460185 0.395360 -6.826093 400.000000 -6.826093 20.086958 16069.566181 0.332353 54.338320 400.000000 54.338320
 3.800000 -0.893563 0.448938 0.470355 0.882477 -1.105220 0.489693 0.448938 -0.893563 0.882477 0.470355 9.849227 7879.381668 0.227023 -6.429626 400.000000 -6.429626 58.610197 46888.157394 -0.352221 76.192496 400.000000 76.192496 44.126466 35301.172616 0.412762 -9.590771 400.000000 -9.590771 9.442875 7554.299609 0.253067 63.915101 400.000000 63.915101
 4.000000 -0.735716 0.677291 0.378293 0.925686 -0.826723 0.387951 0.677291 -0.735716 0.925686 0.378293 35.948372 28758.697210 0.253331 -9.792904 400.000000 -9.792904 41.489594 33191.675223 -0.280251 90.832077 400.000000 90.832077 49.108410 39286.727728 0.430164 -12.840028 400.000000 -12.840028 8.365003 6692.002626 0.173781 71.620762 400.000000 71.620762
 4.200000 -0.574685 0.818375 0.245002 0.969523 -0.612219 0.247521 0.818375 -0.574685 0.969523 0.245002 58.047350 46437.879921 0.279639 -14.164084 400.000000 -14.164084 26.850358 21480.286206 -0.208281 104.755243 400.000000 104.755243 54.487692 43590.153356 0.447566 -16.465929 400.000000 -16.465929 4.530448 3624.358296 0.094495 75.902332 400.000000 75.902332
 4.400000 -0.375348 0.926884 0.030106 0.999547 -0.384772 0.030110 0.926884 -0.375348 0.999547 0.030106 77.112682 61690.145251 0.305946 -19.704320 400.000000 -19.704320 11.427775 9142.219841 -0.136311 116.090176 400.000000 116.090176 57.154785 45723.827747 0.464968 -20.168101 400.000000 -20.168101 0.044380 35.504338 0.015209 77.638553 400.000000 77.638553
 4.600000 -0.218356 0.975869 -0.118485 0.992956 -0.220130 -0.118764 0.975869 -0.218356 0.992956 -0.118485 82.848052 66278.441302 0.332254 -26.193303 400.000000 -26.193303 4.744162 3795.329764 -0.064341 123.124760 400.000000 123.124760 52.139460 41711.567864 0.482371 -23.781260 400.000000 -23.781260 0.592048 473.638355 -0.064077 76.690164 400.000000 76.690164
 4.800000 -0.129422 0.991590 -0.242461 0.970161 -0.129786 -0.244902 0.991590 -0.129422 0.970161 -0.242461 80.144829 64115.863528 0.358562 -32.939029 400.000000 -32.939029 3.756606 3005.284790 0.007630 126.257672 400.000000 126.257672 44.253047 35402.437917 0.499773 -27.149176 400.000000 -27.149176 1.964100 1571.280007 -0.143362 73.338503 400.000000 73.338503
 5.000000 0.380460 0.924797 -0.301269 0.953539 0.390294 -0.306023 0.924797 0.380460 0.953539 -0.301269 58.304364 46643.491214 0.384870 -39.365130 400.000000 -39.365130 18.103411 14482.728778 0.079600 123.030608 400.000000 123.030608 38.082738 30466.190135 0.517175 -30.122760 400.000000 -30.122760 1.236250 988.999819 -0.222648 68.152834 400.000000 68.152834
 5.200000 0.503396 0.864056 -0.447696 0.894186 0.527524 -0.464187 0.864056 0.503396 0.894186 -0.447696 41.019786 32815.828852 0.411177 -45.034908 400.000000 -45.034908 24.756302 19805.041527 0.151570 116.450780 400.000000 116.450780 25.863670 20690.935760 0.534577 -32.688353 400.000000 -32.688353 4.249318 3399.454253 -0.301934 62.433904 400.000000 62.433904
 5.400000 0.459763 0.888042 -0.545713 0.837972 0.477728 -0.577240 0.888042 0.459763 0.837972 -0.545713 40.600244 32480.195304 0.437485 -49.983099 400.000000 -49.983099 11.160245 8928.195921 0.223540 109.208551 400.000000 109.208551 16.358351 13086.680527 0.551979 -34.782131 400.000000 -34.782131 5.411624 4329.298805 -0.381220 56.316577 400.000000 56.316577
 5.600000 0.552491 0.833519 -0.605574 0.795789 0.585350 -0.650487 0.833519 0.552491 0.795789 -0.605574 27.339412 21871.529563 0.463793 -54.019982 400.000000 -54.019982 13.207874 10566.298920 0.295510 100.936274 400.000000 100.936274 10.252082 8201.665407 0.569381 -36.475342 400.000000 -36.475342 4.208955 3367.163608 -0.460506 50.835331 400.000000 50.835331
 5.800000 0.610004 0.792398 -0.695588 0.718441 0.656066 -0.769238 0.792398 0.610004 0.718441 -0.695588 18.276790 14621.431822 0.490101 -57.392206 400.000000 -57.392206 11.763531 9410.825179 0.367480 93.160272 400.000000 93.160272 3.466740 2773.391952 0.586784 -37.719363 400.000000 -37.719363 4.854492 3883.593583 -0.539792 46.001166 400.000000 46.001166
 6.000000 0.637063 0.770811 -0.731926 0.681385 0.690682 -0.821144 0.770811 0.637063 0.681385 -0.731926 12.944183 10355.346194 0.516408 -60.115879 400.000000 -60.115879 7.810167 6248.133603 0.439451 86.166942 400.000000 86.166942 1.191928 953.542098 0.604186 -38.543414 400.000000 -38.543414 2.546948 2037.558099 -0.619077 42.189673 400.000000 42.189673
 6.200000 0.730260 0.683169 -0.758702 0.651438 0.818702 -0.861318 0.683169 0.730260 0.651438 -0.758702 3.945427 3156.341778 0.542716 -62.093617 400.000000 -62.093617 9.578120 7662.495771 0.511421 79.827869 400.000000 79.827869 0.178205 142.564030 0.621588 -39.008832 400.000000 -39.008832 0.728151 582.520945 -0.698363 39.854680 400.000000 39.854680
 6.400000 0.734724 0.678367 -0.787557 0.616242 0.825259 -0.906834 0.678367 0.734724 0.616242 -0.787557 2.391164 1912.931378 0.569024 -63.606756 400.000000 -63.606756 4.580324 3664.258964 0.583391 75.036279 400.000000 75.036279 0.089734 71.787290 0.637424 -39.124851 400.000000 -39.124851 0.058096 46.476929 -0.770513 39.096595 400.000000 39.096595
 6.600000 0.762874 0.646547 -0.764725 0.644357 0.867747 -0.870615 0.646547 0.762874 0.644357 -0.764725 0.524598 419.678324 0.595332 -64.502892 400.000000 -64.502892 2.311826 1849.460503 0.655361 71.439776 400.000000 71.439776 0.009612 7.689827 0.637424 -39.124851 400.000000 -39.124851 0.006700 5.360340 -0.770513 39.096595 400.000000 39.096595
 6.800000 0.776683 0.629892 -0.768660 0.639657 0.889382 -0.876744 0.629892 0.776683 0.639657 -0.768660 0.013622 10.897535 0.621639 -64.912844 400.000000 -64.912844 0.487113 389.690061 0.727331 69.426310 400.000000 69.426310 0.000997 0.797977 0.637424 -39.124851 400.000000 -39.124851 0.000687 0.549354 -0.770513 39.096595 400.000000 39.096595
 7.000000 0.760859 0.648917 -0.723694 0.690121 0.864636 -0.809140 0.648917 0.760859 0.690121 -0.723694 0.026420 21.136058 0.637424 -64.943526 400.000000 -64.943526 0.018642 14.913346 0.770513 69.021870 400.000000 69.021870 0.555400 444.320353 0.637424 -39.124851 400.000000 -39.124851 0.438413 350.730345 -0.770513 39.096595 400.000000 39.096595
 7.200000 0.785403 0.618984 -0.786736 0.617289 0.903347 -0.905504 0.618984 0.785403 0.617289 -0.786736 0.068004 54.403360 0.637424 -64.943526 400.000000 -64.943526 0.044343 35.474372 0.770513 69.021870 400.000000 69.021870 0.081081 64.864921 0.637424 -39.124851 400.000000 -39.124851 0.052637 42.109734 -0.770513 39.096595 400.000000 39.096595
 7.400000 0.791393 0.611307 -0.748404 0.663244 0.913085 -0.845652 0.611307 0.791393 0.663244 -0.748404 0.136417 109.133934 0.637424 -64.943526 400.000000 -64.943526 0.087196 69.756966 0.770513 69.021870 400.000000 69.021870 0.133330 106.664155 0.637424 -39.124851 400.000000 -39.124851 0.097767 78.213752 -0.770513 39.096595 400.000000 39.096595
 7.600000 0.786166 0.618015 -0.745898 0.666060 0.904581 -0.841882 0.618015 0.786166 0.666060 -0.745898 0.075339 60.271349 0.637424 -64.943526 400.000000 -64.943526 0.049002 39.201626 0.770513 69.021870 400.000000 69.021870 0.164010 131.207897 0.637424 -39.124851 400.000000 -39.124851 0.121185 96.947781 -0.770513 39.096595 400.000000 39.096595
 7.800000 0.767111 0.641514 -0.763467 0.645846 0.874326 -0.868665 0.641514 0.767111 0.645846 -0.763467 0.003346 2.676429 0.637424 -64.943526 400.000000 -64.943526 0.002315 1.851629 0.770513 69.021870 400.000000 69.021870 0.014187 11.349868 0.637424 -39.124851 400.000000 -39.124851 0.009929 7.943051 -0.770513 39.096595 400.000000 39.096595
 8.000000 0.756255 0.654277 -0.792734 0.609568 0.857570 -0.915281 0.654277 0.756255 0.609568 -0.792734 0.056806 45.444631 0.637424 -64.943526 400.000000 -64.943526 0.040660 32.528236 0.770513 69.021870 400.000000 69.021870 0.155192 124.153527 0.637424 -39.124851 400.000000 -39.124851 0.098751 79.000729 -0.770513 39.096595 400.000000 39.096595
 8.200000 0.767992 0.640459 -0.776352 0.630299 0.875701 -0.888858 0.640459 0.767992 0.630299 -0.776352 0.001842 1.473832 0.637424 -64.943526 400.000000 -64.943526 0.001271 1.016792 0.770513 69.021870 400.000000 69.021870 0.010153 8.122203 0.637424 -39.124851 400.000000 -39.124851 0.006819 5.455285 -0.770513 39.096595 400.000000 39.096595
 8.400000 0.746130 0.665800 -0.763094 0.646287 0.842231 -0.868088 0.665800 0.746130 0.646287 -0.763094 0.161041 128.832789 0.637424 -64.943526 400.000000 -64.943526 0.118907 95.125657 0.770513 69.021870 400.000000 69.021870 0.015711 12.568447 0.637424 -39.124851 400.000000 -39.124851 0.011008 8.806180 -0.770513 39.096595 400.000000 39.096595
 8.600000 0.786069 0.618139 -0.776902 0.629621 0.904424 -0.889731 0.618139 0.786069 0.629621 -0.776902 0.074386 59.508583 0.637424 -64.943526 400.000000 -64.943526 0.048397 38.717924 0.770513 69.021870 400.000000 69.021870 0.012176 9.740828 0.637424 -39.124851 400.000000 -39.124851 0.008164 6.530801 -0.770513 39.096595 400.000000 39.096595
 8.800000 0.782710 0.622387 -0.752610 0.658467 0.899008 -0.852016 0.622387 0.782710 0.658467 -0.752610 0.045222 36.177776 0.637424 -64.943526 400.000000 -64.943526 0.029751 23.800445 0.770513 69.021870 400.000000 69.021870 0.088561 70.849108 0.637424 -39.124851 400.000000 -39.124851 0.064108 51.286307 -0.770513 39.096595 400.000000 39.096595
 9.000000 0.798748 0.601666 -0.765856 0.643013 0.925211 -0.872371 0.601666 0.798748 0.643013 -0.765856 0.255730 204.583677 0.637424 -64.943526 400.000000 -64.943526 0.159440 127.551649 0.770513 69.021870 400.000000 69.021870 0.006247 4.997238 0.637424 -39.124851 400.000000 -39.124851 0.004339 3.471005 -0.770513 39.096595 400.000000 39.096595
 9.200000 0.813910 0.580991 -0.742102 0.670287 0.950851 -0.836201 0.580991 0.813910 0.670287 -0.742102 0.636946 509.556794 0.637424 -64.943526 400.000000 -64.943526 0.376661 301.328492 0.770513 69.021870 400.000000 69.021870 0.215995 172.795942 0.637424 -39.124851 400.000000 -39.124851 0.161440 129.151694 -0.770513 39.096595 400.000000 39.096595
 9.400000 0.767836 0.640646 -0.757757 0.652536 0.875457 -0.859869 0.640646 0.767836 0.652536 -0.757757 0.002077 1.661380 0.637424 -64.943526 400.000000 -64.943526 0.001433 1.146749 0.770513 69.021870 400.000000 69.021870 0.045677 36.541833 0.637424 -39.124851 400.000000 -39.124851 0.032543 26.034102 -0.770513 39.096595 400.000000 39.096595
 9.600000 0.786905 0.617074 -0.766704 0.642001 0.905778 -0.873691 0.617074 0.786905 0.642001 -0.766704 0.082828 66.262200 0.637424 -64.943526 400.000000 -64.943526 0.053741 42.992702 0.770513 69.021870 400.000000 69.021870 0.004190 3.351988 0.637424 -39.124851 400.000000 -39.124851 0.002902 2.321998 -0.770513 39.096595 400.000000 39.096595
 9.800000 0.784214 0.620490 -0.746789 0.665061 0.901429 -0.843221 0.620490 0.784214 0.665061 -0.746789 0.057353 45.882261 0.637424 -64.943526 400.000000 -64.943526 0.037545 30.035713 0.770513 69.021870 400.000000 69.021870 0.152761 122.208487 0.637424 -39.124851 400.000000 -39.124851 0.112567 90.053910 -0.770513 39.096595 400.000000 39.096595
 10.000000 0.761638 0.648003 -0.765871 0.642994 0.865837 -0.872395 0.648003 0.761638 0.642994 -0.765871 0.022383 17.906774 0.637424 -64.943526 400.000000 -64.943526 0.015755 12.604022 0.770513 69.021870 400.000000 69.021870 0.006205 4.963686 0.637424 -39.124851 400.000000 -39.124851 0.004309 3.447528 -0.770513 39.096595 400.000000 39.096595
 10.200000 0.777599 0.628761 -0.792797 0.609486 0.890838 -0.915384 0.628761 0.777599 0.609486 -0.792797 0.015010 12.007870 0.637424 -64.943526 400.000000 -64.943526 0.010041 8.032588 0.770513 69.021870 400.000000 69.021870 0.156106 124.884475 0.637424 -39.124851 400.000000 -39.124851 0.099311 79.449007 -0.770513 39.096595 400.000000 39.096595
 10.400000 0.756501 0.653993 -0.791360 0.611350 0.857946 -0.913031 0.653993 0.756501 0.611350 -0.791360 0.054904 43.922928 0.637424 -64.943526 400.000000 -64.943526 0.039269 31.415057 0.770513 69.021870 400.000000 69.021870 0.135973 108.778046 0.637424 -39.124851 400.000000 -39.124851 0.086921 69.537164 -0.770513 39.096595 400.000000 39.096595
 10.600000 0.766307 0.642474 -0.745720 0.666260 0.873074 -0.841615 0.642474 0.766307 0.666260 -0.745720 0.005101 4.080555 0.637424 -64.943526 400.000000 -64.943526 0.003538 2.830242 0.770513 69.021870 400.000000 69.021870 0.166299 133.039367 0.637424 -39.124851 400.000000 -39.124851 0.122943 98.354148 -0.770513 39.096595 400.000000 39.096595
 10.800000 0.806165 0.591691 -0.762698 0.646755 0.937642 -0.867474 0.591691 0.806165 0.646755 -0.762698 0.418304 334.643366 0.637424 -64.943526 400.000000 -64.943526 0.254209 203.367246 0.770513 69.021870 400.000000 69.021870 0.017414 13.931329 0.637424 -39.124851 400.000000 -39.124851 0.012217 9.773271 -0.770513 39.096595 400.000000 39.096595
 11.000000 0.768530 0.639813 -0.784033 0.620719 0.876541 -0.901137 0.639813 0.768530 0.620719 -0.784033 0.001142 0.913459 0.637424 -64.943526 400.000000 -64.943526 0.000786 0.629116 0.770513 69.021870 400.000000 69.021870 0.055810 44.647902 0.637424 -39.124851 400.000000 -39.124851 0.036556 29.245157 -0.770513 39.096595 400.000000 39.096595
 11.200000 0.727992 0.685585 -0.773959 0.633236 0.815389 -0.885069 0.685585 0.727992 0.633236 -0.773959 0.463900 371.119966 0.637424 -64.943526 400.000000 -64.943526 0.361604 289.283222 0.770513 69.021870 400.000000 69.021870 0.003508 2.806186 0.637424 -39.124851 400.000000 -39.124851 0.002374 1.899395 -0.770513 39.096595 400.000000 39.096595
 11.400000 0.798696 0.601735 -0.797916 0.602768 0.925125 -0.923830 0.601735 0.798696 0.602768 -0.797916 0.254741 203.793170 0.637424 -64.943526 400.000000 -64.943526 0.158852 127.081411 0.770513 69.021870 400.000000 69.021870 0.240201 192.160773 0.637424 -39.124851 400.000000 -39.124851 0.150184 120.147011 -0.770513 39.096595 400.000000 39.096595
 11.600000 0.753586 0.657349 -0.743307 0.668951 0.853500 -0.838000 0.657349 0.753586 0.668951 -0.743307 0.079403 63.522695 0.637424 -64.943526 400.000000 -64.943526 0.057306 45.844774 0.770513 69.021870 400.000000 69.021870 0.198786 159.028952 0.637424 -39.124851 400.000000 -39.124851 0.148038 118.430395 -0.770513 39.096595 400.000000 39.096595
 11.800000 0.785260 0.619166 -0.803917 0.594742 0.903116 -0.933852 0.619166 0.785260 0.594742 -0.803917 0.066669 53.335228 0.637424 -64.943526 400.000000 -64.943526 0.043493 34.794369 0.770513 69.021870 400.000000 69.021870 0.364353 291.482415 0.637424 -39.124851 400.000000 -39.124851 0.223159 178.527030 -0.770513 39.096595 400.000000 39.096595
 12.000000 0.807409 0.589992 -0.736211 0.676752 0.939747 -0.827454 0.589992 0.807409 0.676752 -0.736211 0.449954 359.963026 0.637424 -64.943526 400.000000 -64.943526 0.272258 217.806326 0.770513 69.021870 400.000000 69.021870 0.309346 247.476445 0.637424 -39.124851 400.000000 -39.124851 0.235334 188.266857 -0.770513 39.096595 400.000000 39.096595
 12.200000 0.831859 0.554987 -0.728271 0.685290 0.982449 -0.815795 0.554987 0.831859 0.685290 -0.728271 1.359159 1087.327312 0.637424 -64.943526 400.000000 -64.943526 0.752655 602.123818 0.770513 69.021870 400.000000 69.021870 0.458223 366.578248 0.637424 -39.124851 400.000000 -39.124851 0.356887 285.509292 -0.770513 39.096595 400.000000 39.096595
 12.400000 0.806105 0.591773 -0.754393 0.656423 0.937540 -0.854729 0.591773 0.806105 0.656423 -0.754393 0.416800 333.439999 0.637424 -64.943526 400.000000 -64.943526 0.253348 202.678613 0.770513 69.021870 400.000000 69.021870 0.072194 57.755407 0.637424 -39.124851 400.000000 -39.124851 0.051974 41.578849 -0.770513 39.096595 400.000000 39.096595
 12.600000 0.777443 0.628954 -0.759856 0.650092 0.890590 -0.863091 0.628954 0.777443 0.650092 -0.759856 0.014349 11.479559 0.637424 -64.943526 400.000000 -64.943526 0.009604 7.683063 0.770513 69.021870 400.000000 69.021870 0.032094 25.675228 0.637424 -39.124851 400.000000 -39.124851 0.022716 18.173016 -0.770513 39.096595 400.000000 39.096595
 12.800000 0.754367 0.656453 -0.771038 0.636789 0.854689 -0.880469 0.656453 0.754367 0.636789 -0.771038 0.072424 57.938963 0.637424 -64.943526 400.000000 -64.943526 0.052143 41.714374 0.770513 69.021870 400.000000 69.021870 0.000081 0.064444 0.637424 -39.124851 400.000000 -39.124851 0.000055 0.044030 -0.770513 39.096595 400.000000 39.096595
 13.000000 0.759773 0.650188 -0.804543 0.593895 0.862964 -0.934905 0.650188 0.759773 0.593895 -0.804543 0.032586 26.068999 0.637424 -64.943526 400.000000 -64.943526 0.023071 18.456499 0.770513 69.021870 400.000000 69.021870 0.378956 303.165186 0.637424 -39.124851 400.000000 -39.124851 0.231600 185.279970 -0.770513 39.096595 400.000000 39.096595
 13.200000 0.785486 0.618880 -0.780966 0.624574 0.903481 -0.896211 0.618880 0.785486 0.624574 -0.780966 0.068778 55.022426 0.637424 -64.943526 400.000000 -64.943526 0.044835 35.868266 0.770513 69.021870 400.000000 69.021870 0.033025 26.420056 0.637424 -39.124851 400.000000 -39.124851 0.021851 17.480715 -0.770513 39.096595 400.000000 39.096595
 13.400000 0.754381 0.656436 -0.756479 0.654018 0.854711 -0.857913 0.656436 0.754381 0.654018 -0.756479 0.072294 57.835463 0.637424 -64.943526 400.000000 -64.943526 0.052047 41.637955 0.770513 69.021870 400.000000 69.021870 0.055072 44.057258 0.637424 -39.124851 400.000000 -39.124851 0.039392 31.513272 -0.770513 39.096595 400.000000 39.096595
 13.600000 0.810213 0.586136 -0.800414 0.599448 0.944515 -0.927986 0.586136 0.810213 0.599448 -0.800414 0.526096 420.876894 0.637424 -64.943526 400.000000 -64.943526 0.315212 252.169305 0.770513 69.021870 400.000000 69.021870 0.288442 230.753825 0.637424 -39.124851 400.000000 -39.124851 0.178812 143.049359 -0.770513 39.096595 400.000000 39.096595
 13.800000 0.793630 0.608401 -0.769789 0.638298 0.916752 -0.878511 0.608401 0.793630 0.638298 -0.769789 0.168465 134.772145 0.637424 -64.943526 400.000000 -64.943526 0.106874 85.499082 0.770513 69.021870 400.000000 69.021870 0.000153 0.122328 0.637424 -39.124851 400.000000 -39.124851 0.000105 0.083913 -0.770513 39.096595 400.000000 39.096595
 14.000000 0.788672 0.614814 -0.753992 0.656884 0.908646 -0.854118 0.614814 0.788672 0.656884 -0.753992 0.102240 81.791841 0.637424 -64.943526 400.000000 -64.943526 0.065948 52.758026 0.770513 69.021870 400.000000 69.021870 0.075739 60.591584 0.637424 -39.124851 400.000000 -39.124851 0.054593 43.674716 -0.770513 39.096595 400.000000 39.096595
 14.200000 0.786842 0.617155 -0.775471 0.631383 0.905675 -0.887461 0.617155 0.786842 0.631383 -0.775471 0.082168 65.734439 0.637424 -64.943526 400.000000 -64.943526 0.053324 42.659287 0.770513 69.021870 400.000000 69.021870 0.007299 5.839207 0.637424 -39.124851 400.000000 -39.124851 0.004916 3.933097 -0.770513 39.096595 400.000000 39.096595
 14.400000 0.754302 0.656527 -0.774348 0.632760 0.854590 -0.885684 0.656527 0.754302 0.632760 -0.774348 0.072989 58.391033 0.637424 -64.943526 400.000000 -64.943526 0.052560 42.048223 0.770513 69.021870 400.000000 69.021870 0.004350 3.480330 0.637424 -39.124851 400.000000 -39.124851 0.002941 2.352745 -0.770513 39.096595 400.000000 39.096595
 14.600000 0.782949 0.622086 -0.765632 0.643278 0.899392 -0.872024 0.622086 0.782949 0.643278 -0.765632 0.047049 37.639340 0.637424 -64.943526 400.000000 -64.943526 0.030928 24.742534 0.770513 69.021870 400.000000 69.021870 0.006855 5.483869 0.637424 -39.124851 400.000000 -39.124851 0.004765 3.811701 -0.770513 39.096595 400.000000 39.096595
 14.800000 0.799569 0.600575 -0.784012 0.620745 0.926577 -0.901103 0.600575 0.799569 0.620745 -0.784012 0.271575 217.260371 0.637424 -64.943526 400.000000 -64.943526 0.168844 135.075370 0.770513 69.021870 400.000000 69.021870 0.055635 44.507760 0.637424 -39.124851 400.000000 -39.124851 0.036444 29.155357 -0.770513 39.096595 400.000000 39.096595
 15.000000 0.780816 0.624761 -0.801341 0.598208 0.895971 -0.929533 0.624761 0.780816 0.598208 -0.801341 0.032072 25.657832 0.637424 -64.943526 400.000000 -64.943526 0.021231 16.984687 0.770513 69.021870 400.000000 69.021870 0.307575 246.060291 0.637424 -39.124851 400.000000 -39.124851 0.190067 152.053209 -0.770513 39.096595 400.000000 39.096595
 15.200000 0.761029 0.648717 -0.741577 0.670868 0.864898 -0.835417 0.648717 0.761029 0.670868 -0.741577 0.025508 20.406769 0.637424 -64.943526 400.000000 -64.943526 0.017989 14.391086 0.770513 69.021870 400.000000 69.021870 0.223703 178.962012 0.637424 -39.124851 400.000000 -39.124851 0.167465 133.972330 -0.770513 39.096595 400.000000 39.096595
 15.400000 0.797527 0.603284 -0.782392 0.622786 0.923184 -0.898497 0.603284 0.797527 0.622786 -0.782392 0.233109 186.487330 0.637424 -64.943526 400.000000 -64.943526 0.145943 116.754675 0.770513 69.021870 400.000000 69.021870 0.042852 34.281562 0.637424 -39.124851 400.000000 -39.124851 0.028221 22.576511 -0.770513 39.096595 400.000000 39.096595
 15.600000 0.759317 0.650721 -0.746402 0.665496 0.862262 -0.842639 0.650721 0.759317 0.665496 -0.746402 0.035364 28.291355 0.637424 -64.943526 400.000000 -64.943526 0.025073 20.058445 0.770513 69.021870 400.000000 69.021870 0.157604 126.083056 0.637424 -39.124851 400.000000 -39.124851 0.116273 93.018544 -0.770513 39.096595 400.000000 39.096595
 15.800000 0.784523 0.620100 -0.790891 0.611957 0.901926 -0.912264 0.620100 0.784523 0.611957 -0.790891 0.060024 48.019515 0.637424 -64.943526 400.000000 -64.943526 0.039254 31.402873 0.770513 69.021870 400.000000 69.021870 0.129717 103.773338 0.637424 -39.124851 400.000000 -39.124851 0.083053 66.442275 -0.770513 39.096595 400.000000 39.096595
 16.000000 0.795612 0.605807 -0.783214 0.621753 0.920016 -0.899818 0.605807 0.795612 0.621753 -0.783214 0.199926 159.940856 0.637424 -64.943526 400.000000 -64.943526 0.125985 100.788355 0.770513 69.021870 400.000000 69.021870 0.049118 39.294100 0.637424 -39.124851 400.000000 -39.124851 0.032260 25.807824 -0.770513 39.096595 400.000000 39.096595
 16.200000 0.741392 0.671072 -0.765199 0.643793 0.835143 -0.871351 0.671072 0.741392 0.643793 -0.765199 0.226434 181.147111 0.637424 -64.943526 400.000000 -64.943526 0.169604 135.683368 0.770513 69.021870 400.000000 69.021870 0.008114 6.491293 0.637424 -39.124851 400.000000 -39.124851 0.005648 4.518113 -0.770513 39.096595 400.000000 39.096595
 16.400000 0.822278 0.569086 -0.775649 0.631164 0.965403 -0.887743 0.569086 0.822278 0.631164 -0.775649 0.934030 747.223785 0.637424 -64.943526 400.000000 -64.943526 0.535925 428.740257 0.770513 69.021870 400.000000 69.021870 0.007837 6.269531 0.637424 -39.124851 400.000000 -39.124851 0.005276 4.220522 -0.770513 39.096595 400.000000 39.096595
 16.600000 0.777765 0.628555 -0.785464 0.618907 0.891102 -0.903446 0.628555 0.777765 0.618907 -0.785464 0.015731 12.585181 0.637424 -64.943526 400.000000 -64.943526 0.010518 8.414232 0.770513 69.021870 400.000000 69.021870 0.068576 54.861034 0.637424 -39.124851 400.000000 -39.124851 0.044707 35.765592 -0.770513 39.096595 400.000000 39.096595
 16.800000 0.772752 0.634708 -0.769595 0.638533 0.883166 -0.878206 0.634708 0.772752 0.638533 -0.769595 0.001476 1.180499 0.637424 -64.943526 400.000000 -64.943526 0.001003 0.802137 0.770513 69.021870 400.000000 69.021870 0.000246 0.196757 0.637424 -39.124851 400.000000 -39.124851 0.000169 0.135051 -0.770513 39.096595 400.000000 39.096595
 17.000000 0.794129 0.607750 -0.782924 0.622117 0.917572 -0.899352 0.607750 0.794129 0.622117 -0.782924 0.176113 140.890023 0.637424 -64.943526 400.000000 -64.943526 0.111537 89.229862 0.770513 69.021870 400.000000 69.021870 0.046858 37.486496 0.637424 -39.124851 400.000000 -39.124851 0.030805 24.644066 -0.770513 39.096595 400.000000 39.096595
 17.200000 0.734841 0.678240 -0.781462 0.623953 0.825432 -0.897005 0.678240 0.734841 0.623953 -0.781462 0.333188 266.550606 0.637424 -64.943526 400.000000 -64.943526 0.254509 203.606885 0.770513 69.021870 400.000000 69.021870 0.036292 29.033341 0.637424 -39.124851 400.000000 -39.124851 0.023973 19.178636 -0.770513 39.096595 400.000000 39.096595
 17.400000 0.763786 0.645470 -0.830322 0.557283 0.869158 -0.979686 0.645470 0.763786 0.557283 -0.830322 0.012947 10.357676 0.637424 -64.943526 400.000000 -64.943526 0.009052 7.241420 0.770513 69.021870 400.000000 69.021870 1.284507 1027.605844 0.637424 -39.124851 400.000000 -39.124851 0.715428 572.342567 -0.770513 39.096595 400.000000 39.096595
 17.600000 0.752429 0.658673 -0.747109 0.664702 0.851742 -0.843701 0.658673 0.752429 0.664702 -0.747109 0.090307 72.245495 0.637424 -64.943526 400.000000 -64.943526 0.065408 52.326189 0.770513 69.021870 400.000000 69.021870 0.148819 119.054835 0.637424 -39.124851 400.000000 -39.124851 0.109556 87.644765 -0.770513 39.096595 400.000000 39.096595
 17.800000 0.781592 0.623790 -0.763888 0.645349 0.897214 -0.869316 0.623790 0.781592 0.645349 -0.763888 0.037176 29.740978 0.637424 -64.943526 400.000000 -64.943526 0.024547 19.637702 0.770513 69.021870 400.000000 69.021870 0.012562 10.049899 0.637424 -39.124851 400.000000 -39.124851 0.008780 7.023991 -0.770513 39.096595 400.000000 39.096595
 18.000000 0.774215 0.632923 -0.720467 0.693490 0.885473 -0.804475 0.632923 0.774215 0.693490 -0.720467 0.004052 3.241346 0.637424 -64.943526 400.000000 -64.943526 0.002740 2.192130 0.770513 69.021870 400.000000 69.021870 0.628673 502.938796 0.637424 -39.124851 400.000000 -39.124851 0.500935 400.748081 -0.770513 39.096595 400.000000 39.096595
 18.200000 0.766796 0.641891 -0.747422 0.664349 0.873834 -0.844174 0.641891 0.766796 0.664349 -0.747422 0.003991 3.193149 0.637424 -64.943526 400.000000 -64.943526 0.002764 2.211323 0.770513 69.021870 400.000000 69.021870 0.144994 115.995019 0.637424 -39.124851 400.000000 -39.124851 0.106638 85.310670 -0.770513 39.096595 400.000000 39.096595
 18.400000 0.790784 0.612095 -0.759470 0.650542 0.912089 -0.862498 0.612095 0.790784 0.650542 -0.759470 0.128309 102.647419 0.637424 -64.943526 400.000000 -64.943526 0.082181 65.744994 0.770513 69.021870 400.000000 69.021870 0.034419 27.535091 0.637424 -39.124851 400.000000 -39.124851 0.024391 19.512923 -0.770513 39.096595 400.000000 39.096595
 18.600000 0.760574 0.649251 -0.765091 0.643923 0.864197 -0.871182 0.649251 0.760574 0.643923 -0.765091 0.027976 22.381133 0.637424 -64.943526 400.000000 -64.943526 0.019757 15.805928 0.770513 69.021870 400.000000 69.021870 0.008446 6.757033 0.637424 -39.124851 400.000000 -39.124851 0.005881 4.704688 -0.770513 39.096595 400.000000 39.096595
 18.800000 0.788334 0.615247 -0.794657 0.607059 0.908097 -0.918442 0.615247 0.788334 0.607059 -0.794657 0.098365 78.691714 0.637424 -64.943526 400.000000 -64.943526 0.063519 50.815429 0.770513 69.021870 400.000000 69.021870 0.184412 147.529225 0.637424 -39.124851 400.000000 -39.124851 0.116585 93.267964 -0.770513 39.096595 400.000000 39.096595
 19.000000 0.754875 0.655869 -0.784753 0.619809 0.855463 -0.902297 0.655869 0.754875 0.619809 -0.784753 0.068042 54.433916 0.637424 -64.943526 400.000000 -64.943526 0.048912 39.129346 0.770513 69.021870 400.000000 69.021870 0.062059 49.646924 0.637424 -39.124851 400.000000 -39.124851 0.040553 32.442505 -0.770513 39.096595 400.000000 39.096595
 19.200000 0.770098 0.637925 -0.787943 0.615748 0.878995 -0.907461 0.637925 0.770098 0.615748 -0.787943 0.000050 0.040197 0.637424 -64.943526 400.000000 -64.943526 0.000034 0.027547 0.770513 69.021870 400.000000 69.021870 0.093969 75.174995 0.637424 -39.124851 400.000000 -39.124851 0.060760 48.607758 -0.770513 39.096595 400.000000 39.096595
 19.400000 0.788545 0.614977 -0.763676 0.645599 0.908440 -0.868989 0.614977 0.788545 0.645599 -0.763676 0.100774 80.619513 0.637424 -64.943526 400.000000 -64.943526 0.065030 52.023810 0.770513 69.021870 400.000000 69.021870 0.013367 10.693487 0.637424 -39.124851 400.000000 -39.124851 0.009348 7.478772 -0.770513 39.096595 400.000000 39.096595
 19.600000 0.748120 0.663563 -0.737879 0.674933 0.845225 -0.829923 0.663563 0.748120 0.674933 -0.737879 0.136650 109.320145 0.637424 -64.943526 400.000000 -64.943526 0.100288 80.230618 0.770513 69.021870 400.000000 69.021870 0.281382 225.105976 0.637424 -39.124851 400.000000 -39.124851 0.212996 170.397099 -0.770513 39.096595 400.000000 39.096595
 19.800000 0.825830 0.563919 -0.786763 0.617256 0.971673 -0.905547 0.563919 0.825830 0.617256 -0.786763 1.080594 864.475443 0.637424 -64.943526 400.000000 -64.943526 0.611990 489.591843 0.770513 69.021870 400.000000 69.021870 0.081353 65.082476 0.637424 -39.124851 400.000000 -39.124851 0.052809 42.247260 -0.770513 39.096595 400.000000 39.096595
 20.000000 0.752317 0.658801 -0.723526 0.690297 0.851572 -0.808896 0.658801 0.752317 0.690297 -0.723526 0.091397 73.117598 0.637424 -64.943526 400.000000 -64.943526 0.066220 52.976077 0.770513 69.021870 400.000000 69.021870 0.559117 447.293325 0.637424 -39.124851 400.000000 -39.124851 0.441563 353.250104 -0.770513 39.096595 400.000000 39.096595
