#! FIELDS time sin_phi cos_phi sin_psi cos_psi phi psi cos_phi sin_phi cos_psi sin_psi restraint_phi_cos.bias restraint_phi_cos.force2 restraint_phi_cos.cos_phi_cntr restraint_phi_cos.cos_phi_work restraint_phi_cos.cos_phi_kappa restraint_phi_cos.work restraint_phi_sin.bias restraint_phi_sin.force2 restraint_phi_sin.sin_phi_cntr restraint_phi_sin.sin_phi_work restraint_phi_sin.sin_phi_kappa restraint_phi_sin.work restraint_psi_cos.bias restraint_psi_cos.force2 restraint_psi_cos.cos_psi_cntr restraint_psi_cos.cos_psi_work restraint_psi_cos.cos_psi_kappa restraint_psi_cos.work restraint_psi_sin.bias restraint_psi_sin.force2 restraint_psi_sin.sin_psi_cntr restraint_psi_sin.sin_psi_work restraint_psi_sin.sin_psi_kappa restraint_psi_sin.work
#! SET min_phi -pi
#! SET max_phi pi
#! SET min_psi -pi
#! SET max_psi pi
 0.000000 -0.999983 -0.005782 0.966116 0.258110 -1.576579 1.309731 -0.005782 -0.999983 0.258110 0.966116 0.000000 0.000000 -0.009747 0.000000 0.000000 0.000000 0.000000 0.000000 -0.999953 0.000000 0.000000 0.000000 0.000000 0.000000 0.256142 0.000000 0.000000 0.000000 0.000000 0.000000 0.966639 0.000000 0.000000 0.000000
 0.200000 -0.999140 -0.041465 0.905017 0.425375 -1.612273 1.131421 -0.041465 -0.999140 0.425375 0.905017 0.020122 1.609727 -0.009747 0.662366 40.000000 0.662366 0.000013 0.001056 -0.999953 0.011529 40.000000 0.011529 0.572791 45.823258 0.256142 0.576361 40.000000 0.576361 0.075945 6.075570 0.966639 0.088549 40.000000 0.088549
 0.400000 -0.998868 -0.047565 0.956080 0.293105 -1.618379 1.273324 -0.047565 -0.998868 0.293105 0.956080 0.057208 9.153290 -0.009747 0.801257 80.000000 0.801257 0.000047 0.007525 -0.999953 0.011985 80.000000 0.011985 0.054649 8.743777 0.256142 0.735565 80.000000 0.735565 0.004459 0.713515 0.966639 0.099440 80.000000 0.099440
 0.600000 -0.997967 0.063731 0.981907 0.189363 -1.507022 1.380283 0.063731 -0.997967 0.189363 0.981907 0.323936 77.744754 -0.009747 0.886968 120.000000 0.886968 0.000237 0.056761 -0.999953 0.012279 120.000000 0.012279 0.267568 64.216434 0.256142 0.965554 120.000000 0.965554 0.013987 3.356842 0.966639 0.123244 120.000000 0.123244
 0.800000 -0.993237 0.116106 0.966930 0.255042 -1.454428 1.312905 0.116106 -0.993237 0.255042 0.966930 1.267110 405.475174 -0.009747 0.947160 160.000000 0.947160 0.003608 1.154570 -0.999953 0.012346 160.000000 0.012346 0.000097 0.031013 0.256142 1.077492 160.000000 1.077492 0.000007 0.002168 0.966639 0.133965 160.000000 0.133965
 1.000000 -0.995766 0.091921 0.976040 0.217589 -1.478745 1.351452 0.091921 -0.995766 0.217589 0.976040 1.033630 413.451895 -0.009747 1.048433 200.000000 1.048433 0.001752 0.700972 -0.999953 0.012636 200.000000 0.012636 0.148634 59.453599 0.256142 1.117662 200.000000 1.117662 0.008839 3.535417 0.966639 0.136762 200.000000 0.136762
 1.200000 -0.998339 0.057616 0.982473 0.186407 -1.513149 1.383292 0.057616 -0.998339 0.186407 0.982473 0.544521 261.370219 -0.009747 1.108176 240.000000 1.108176 0.000312 0.149986 -0.999953 0.012787 240.000000 0.012787 0.583555 280.106540 0.256142 1.161201 240.000000 1.161201 0.030084 14.440233 0.966639 0.140227 240.000000 0.140227
 1.400000 -0.997552 0.069926 0.946014 0.324125 -1.500813 1.240709 0.069926 -0.997552 0.324125 0.946014 0.888678 497.659653 -0.009747 1.170239 280.000000 1.170239 0.000807 0.451703 -0.999953 0.012956 280.000000 0.012956 0.647034 362.339286 0.256142 1.205116 280.000000 1.205116 0.059554 33.350295 0.966639 0.144050 280.000000 0.144050
 1.600000 -0.999690 0.024895 0.961321 0.275432 -1.545899 1.291757 0.024895 -0.999690 0.275432 0.961321 0.192008 122.885252 -0.009747 1.219964 320.000000 1.219964 0.000011 0.007053 -0.999953 0.013014 320.000000 0.013014 0.059534 38.101702 0.256142 1.269732 320.000000 1.269732 0.004526 2.896520 0.966639 0.148948 320.000000 0.148948
 1.800000 -0.999539 -0.030368 0.959785 0.280736 -1.601169 1.286235 -0.030368 -0.999539 0.280736 0.959785 0.076545 55.112573 -0.009747 1.248325 360.000000 1.248325 0.000031 0.022183 -0.999953 0.013049 360.000000 0.013049 0.108875 78.389934 0.256142 1.295117 360.000000 1.295117 0.008456 6.088479 0.966639 0.150759 360.000000 0.150759
 2.000000 -0.999242 -0.038932 0.964151 0.265353 -1.609738 1.302226 -0.038932 -0.999242 0.265353 0.964151 0.170358 136.286607 -0.009747 1.286725 400.000000 1.286725 0.000101 0.080801 -0.999953 0.013076 400.000000 0.013076 0.016967 13.573231 0.256142 1.318601 400.000000 1.318601 0.001238 0.990179 0.966639 0.152522 400.000000 0.152522
 2.200000 -0.999256 0.038556 0.988380 0.152003 -1.532231 1.418202 0.038556 -0.999256 0.152003 0.988380 0.575079 460.063468 -0.015067 1.306006 400.000000 1.306006 0.688439 550.750805 -0.940586 0.696631 400.000000 0.696631 0.006068 4.854444 0.157511 1.642135 400.000000 1.642135 0.119663 95.730633 0.963920 0.163699 400.000000 0.163699
 2.400000 -0.999895 0.014470 0.997192 0.074893 -1.556326 1.495833 0.014470 -0.999895 0.074893 0.997192 0.242989 194.391437 -0.020387 1.320983 400.000000 1.320983 2.816768 2253.414140 -0.881220 2.798319 400.000000 2.798319 0.051292 41.033785 0.058879 1.966425 400.000000 1.966425 0.259076 207.261058 0.961200 0.196435 400.000000 0.196435
 2.600000 -0.999935 0.011396 0.996759 -0.080442 -1.559400 1.651326 0.011396 -0.999935 -0.080442 0.996759 0.275325 220.259938 -0.025707 1.324361 400.000000 1.324361 6.342595 5074.075746 -0.821854 6.299038 400.000000 6.299038 0.331131 264.904977 -0.039753 1.941873 400.000000 1.941873 0.293050 234.440222 0.958481 0.239004 400.000000 0.239004
 2.800000 -0.999620 -0.027563 0.979785 -0.200053 -1.598363 1.772208 -0.027563 -0.999620 -0.200053 0.979785 0.002399 1.919328 -0.031027 1.344690 400.000000 1.344690 11.246378 8997.102671 -0.762487 11.221256 400.000000 11.221256 0.760597 608.477375 -0.138384 2.120338 400.000000 2.120338 0.115430 92.344184 0.955761 0.280930 400.000000 0.280930
 3.000000 -0.995818 0.091360 0.976691 -0.214649 -1.479308 1.787128 0.091360 -0.995818 -0.214649 0.976691 3.261808 2609.446583 -0.036347 1.336036 400.000000 1.336036 17.134277 13707.421743 -0.703121 17.531072 400.000000 17.531072 0.100060 80.047710 -0.237016 1.793253 400.000000 1.793253 0.111861 89.488786 0.953042 0.308294 400.000000 0.308294
 3.200000 -0.999976 -0.006897 0.928059 -0.372433 -1.577693 1.952425 -0.006897 -0.999976 -0.372433 0.928059 0.241782 193.425959 -0.041667 1.305218 400.000000 1.305218 25.378728 20302.982049 -0.643755 25.209091 400.000000 25.209091 0.804308 643.446412 -0.309017 1.856004 400.000000 1.856004 0.105775 84.619957 0.951057 0.315933 400.000000 0.315933
 3.400000 -0.996601 -0.082374 0.944343 -0.328962 -1.653264 1.906000 -0.082374 -0.996601 -0.328962 0.944343 0.250457 200.365241 -0.046987 1.282557 400.000000 1.282557 33.983889 27187.111315 -0.584389 34.303853 400.000000 34.303853 0.079558 63.646703 -0.309017 1.856004 400.000000 1.856004 0.009014 7.210853 0.951057 0.315933 400.000000 0.315933
 3.600000 -0.998940 -0.046036 0.946864 -0.321634 -1.616849 1.898251 -0.046036 -0.998940 -0.321634 0.946864 0.007864 6.291151 -0.052307 1.194516 400.000000 1.194516 44.919548 35935.638412 -0.525022 44.760905 400.000000 44.760905 0.031838 25.470407 -0.309017 1.856004 400.000000 1.856004 0.003515 2.812277 0.951057 0.315933 400.000000 0.315933
 3.800000 -0.999988 0.004820 0.948383 -0.317128 -1.565977 1.893496 0.004820 -0.999988 -0.317128 0.948383 0.779903 623.922378 -0.057627 1.111277 400.000000 1.111277 57.102204 45681.763383 -0.465656 56.611621 400.000000 56.611621 0.013158 10.526795 -0.309017 1.856004 400.000000 1.856004 0.001430 1.143920 0.951057 0.315933 400.000000 0.315933
 4.000000 -0.991570 -0.129571 0.957502 -0.288426 -1.700732 1.863378 -0.129571 -0.991570 -0.288426 0.957502 0.887752 710.201777 -0.062947 0.977532 400.000000 0.977532 68.510630 54808.504150 -0.406290 69.793844 400.000000 69.793844 0.084801 67.840872 -0.309017 1.856004 400.000000 1.856004 0.008310 6.647720 0.951057 0.315933 400.000000 0.315933
 4.200000 -0.991132 -0.132878 0.951025 -0.309113 -1.704068 1.885056 -0.132878 -0.991132 -0.309113 0.951025 0.834924 667.938854 -0.068267 0.776572 400.000000 0.776572 83.001020 66400.816200 -0.346924 84.264763 400.000000 84.264763 0.000002 0.001460 -0.309017 1.856004 400.000000 1.856004 0.000000 0.000154 0.951057 0.315933 400.000000 0.315933
 4.400000 -0.951835 -0.306611 0.965829 -0.259181 -1.882426 1.832970 -0.306611 -0.951835 -0.259181 0.965829 10.860046 8688.036797 -0.073587 0.508890 400.000000 0.508890 88.252991 70602.393088 -0.287557 99.983170 400.000000 99.983170 0.496729 397.383027 -0.309017 1.856004 400.000000 1.856004 0.043644 34.915331 0.951057 0.315933 400.000000 0.315933
 4.600000 -0.950994 -0.309210 0.960509 -0.278250 -1.885158 1.852768 -0.309210 -0.950994 -0.278250 0.960509 10.607910 8486.328073 -0.078907 0.089992 400.000000 0.089992 104.488804 83591.043319 -0.228191 116.640686 400.000000 116.640686 0.189317 151.453997 -0.309017 1.856004 400.000000 1.856004 0.017868 14.294673 0.951057 0.315933 400.000000 0.315933
 4.800000 -0.834353 -0.551231 0.951942 -0.306277 -2.154636 1.882076 -0.551231 -0.834353 -0.306277 0.951942 43.618680 34894.943625 -0.084227 -0.541856 400.000000 -0.541856 88.585451 70868.360888 -0.168825 133.802386 400.000000 133.802386 0.001502 1.201316 -0.309017 1.856004 400.000000 1.856004 0.000157 0.125587 0.951057 0.315933 400.000000 0.315933
 5.000000 -0.799819 -0.600241 0.960331 -0.278862 -2.214599 1.853405 -0.600241 -0.799819 -0.278862 0.960331 52.161750 41729.400394 -0.089547 -1.384887 400.000000 -1.384887 95.319611 76255.688939 -0.109458 151.207564 400.000000 151.207564 0.181869 145.495544 -0.309017 1.856004 400.000000 1.856004 0.017204 13.763452 0.951057 0.315933 400.000000 0.315933
 5.200000 -0.529801 -0.848122 0.942493 -0.334227 -2.583227 1.911581 -0.848122 -0.529801 -0.334227 0.942493 113.478844 90783.075223 -0.094867 -2.817906 400.000000 -2.817906 46.024024 36819.219229 -0.050092 164.260678 400.000000 164.260678 0.127108 101.686000 -0.309017 1.856004 400.000000 1.856004 0.014668 11.734357 0.951057 0.315933 400.000000 0.315933
 5.400000 -0.025465 -0.999676 0.945175 -0.326563 -3.116125 1.903461 -0.999676 -0.025465 -0.326563 0.945175 161.816166 129452.933000 -0.100187 -4.559568 400.000000 -4.559568 0.241356 193.085119 0.009274 172.159189 400.000000 172.159189 0.061572 49.257500 -0.309017 1.856004 400.000000 1.856004 0.006917 5.533880 0.951057 0.315933 400.000000 0.315933
 5.600000 0.417569 -0.908645 0.954569 -0.297990 2.710825 1.873382 -0.908645 0.417569 -0.297990 0.954569 129.006391 103205.113196 -0.105507 -6.441681 400.000000 -6.441681 24.350205 19480.163632 0.068640 172.551248 400.000000 172.551248 0.024321 19.456879 -0.309017 1.856004 400.000000 1.856004 0.002468 1.974171 0.951057 0.315933 400.000000 0.315933
 5.800000 0.554113 -0.832441 0.950540 -0.310602 2.554295 1.886622 -0.832441 0.554113 -0.310602 0.950540 104.145532 83316.425643 -0.110827 -8.115009 400.000000 -8.115009 36.313411 29050.728694 0.128007 164.435808 400.000000 164.435808 0.000502 0.401871 -0.309017 1.856004 400.000000 1.856004 0.000053 0.042668 0.951057 0.315933 400.000000 0.315933
 6.000000 0.865162 -0.501493 0.945655 -0.325172 2.096120 1.901990 -0.501493 0.865162 -0.325172 0.945655 29.698400 23758.719846 -0.116147 -9.278094 400.000000 -9.278094 91.879515 73503.612274 0.187373 150.539744 400.000000 150.539744 0.052200 41.759939 -0.309017 1.856004 400.000000 1.856004 0.005836 4.668695 0.951057 0.315933 400.000000 0.315933
 6.200000 0.892753 -0.450546 0.958042 -0.286629 2.038173 1.861502 -0.450546 0.892753 -0.286629 0.958042 21.658688 17326.950743 -0.121467 -9.948172 400.000000 -9.948172 83.466803 66773.442536 0.246739 134.437797 400.000000 134.437797 0.100246 80.197188 -0.309017 1.856004 400.000000 1.856004 0.009759 7.806902 0.951057 0.315933 400.000000 0.315933
 6.400000 0.911839 -0.410548 0.960278 -0.279045 1.993851 1.853595 -0.410548 0.911839 -0.279045 0.960278 16.104097 12883.277916 -0.126787 -10.438066 400.000000 -10.438066 73.382645 58706.115909 0.306105 118.872413 400.000000 118.872413 0.179668 143.734497 -0.309017 1.856004 400.000000 1.856004 0.017008 13.606088 0.951057 0.315933 400.000000 0.315933
 6.600000 0.952605 -0.304210 0.952091 -0.305816 1.879905 1.881592 -0.304210 0.952605 -0.305816 0.952091 5.923913 4739.130148 -0.132107 -10.890939 400.000000 -10.890939 68.945110 55156.087705 0.365472 104.641659 400.000000 104.641659 0.002049 1.639168 -0.309017 1.856004 400.000000 1.856004 0.000214 0.171078 0.951057 0.315933 400.000000 0.315933
 6.800000 0.959904 -0.280331 0.940830 -0.338879 1.854935 1.916521 -0.280331 0.959904 -0.338879 0.940830 4.084314 3267.451400 -0.137427 -11.135859 400.000000 -11.135859 57.259027 45807.221669 0.424838 91.071784 400.000000 91.071784 0.178343 142.674387 -0.309017 1.856004 400.000000 1.856004 0.020916 16.732693 0.951057 0.315933 400.000000 0.315933
 7.000000 0.977255 -0.212069 0.930778 -0.365584 1.784488 1.945057 -0.212069 0.977255 -0.365584 0.930778 0.961113 768.890280 -0.142747 -11.417292 400.000000 -11.417292 48.619762 38895.809755 0.484204 79.068495 400.000000 79.068495 0.639974 511.979083 -0.309017 1.856004 400.000000 1.856004 0.082242 65.793609 0.951057 0.315933 400.000000 0.315933
 7.200000 0.989070 -0.147445 0.937221 -0.348737 1.718781 1.927020 -0.147445 0.989070 -0.348737 0.937221 0.000077 0.061795 -0.148067 -11.626045 400.000000 -11.626045 39.694002 31755.201922 0.543571 68.276781 400.000000 68.276781 0.315539 252.431189 -0.309017 1.856004 400.000000 1.856004 0.038287 30.629424 0.951057 0.315933 400.000000 0.315933
 7.400000 0.969780 -0.243980 0.957947 -0.286946 1.817264 1.861834 -0.243980 0.969780 -0.286946 0.957947 1.641434 1313.147186 -0.153387 -11.763729 400.000000 -11.763729 26.914829 21531.863479 0.602937 58.748663 400.000000 58.748663 0.097426 77.940640 -0.309017 1.856004 400.000000 1.856004 0.009495 7.596074 0.951057 0.315933 400.000000 0.315933
 7.600000 0.972776 -0.231748 0.960244 -0.279163 1.804671 1.853718 -0.231748 0.972776 -0.279163 0.960244 1.067019 853.615003 -0.158707 -11.894541 400.000000 -11.894541 19.278665 15422.931741 0.662303 50.643296 400.000000 50.643296 0.178257 142.605456 -0.309017 1.856004 400.000000 1.856004 0.016881 13.505112 0.951057 0.315933 400.000000 0.315933
 7.800000 0.993255 -0.115951 0.940716 -0.339194 1.687009 1.916857 -0.115951 0.993255 -0.339194 0.940716 0.462252 369.801643 -0.164027 -11.960241 400.000000 -11.960241 14.751749 11801.399424 0.721669 43.816297 400.000000 43.816297 0.182134 145.707456 -0.309017 1.856004 400.000000 1.856004 0.021384 17.107125 0.951057 0.315933 400.000000 0.315933
 8.000000 0.962859 -0.270004 0.964023 -0.265818 1.844194 1.839849 -0.270004 0.962859 -0.265818 0.964023 2.026401 1621.120590 -0.169347 -12.013379 400.000000 -12.013379 6.611957 5289.565690 0.781036 38.386401 400.000000 38.386401 0.373225 298.579868 -0.309017 1.856004 400.000000 1.856004 0.033627 26.901329 0.951057 0.315933 400.000000 0.315933
 8.200000 0.977752 -0.209765 0.933716 -0.358015 1.782131 1.936938 -0.209765 0.977752 -0.358015 0.933716 0.246376 197.100868 -0.174667 -12.032882 400.000000 -12.032882 3.773007 3018.405237 0.840402 34.332267 400.000000 34.332267 0.480163 384.130725 -0.309017 1.856004 400.000000 1.856004 0.060140 48.112149 0.951057 0.315933 400.000000 0.315933
 8.400000 0.962810 -0.270178 0.949427 -0.313986 1.844374 1.890185 -0.270178 0.962810 -0.313986 0.949427 1.626908 1301.526043 -0.179987 -12.017391 400.000000 -12.017391 0.794864 635.891089 0.899768 31.626855 400.000000 31.626855 0.004939 3.951145 -0.309017 1.856004 400.000000 1.856004 0.000531 0.424595 0.951057 0.315933 400.000000 0.315933
 8.600000 0.996065 -0.088623 0.924268 -0.381744 1.659536 1.962478 -0.088623 0.996065 -0.381744 0.924268 1.869529 1495.622934 -0.185307 -12.008123 400.000000 -12.008123 0.272777 218.221536 0.959134 30.366091 400.000000 30.366091 1.057835 846.267925 -0.309017 1.856004 400.000000 1.856004 0.143523 114.818048 0.951057 0.315933 400.000000 0.315933
 8.800000 0.980334 -0.197346 0.954643 -0.297753 1.769446 1.873134 -0.197346 0.980334 -0.297753 0.954643 0.019858 15.886200 -0.187381 -11.996989 400.000000 -11.996989 0.000763 0.610453 0.982287 30.247871 400.000000 30.247871 0.025376 20.300813 -0.309017 1.856004 400.000000 1.856004 0.002573 2.058034 0.951057 0.315933 400.000000 0.315933
 9.000000 0.984683 -0.174352 0.956425 -0.291980 1.746044 1.867092 -0.174352 0.984683 -0.291980 0.956425 0.033955 27.163604 -0.187381 -11.996989 400.000000 -11.996989 0.001148 0.918687 0.982287 30.247871 400.000000 30.247871 0.058055 46.443661 -0.309017 1.856004 400.000000 1.856004 0.005763 4.610521 0.951057 0.315933 400.000000 0.315933
 9.200000 0.995015 -0.099721 0.954288 -0.298887 1.670684 1.874323 -0.099721 0.995015 -0.298887 0.954288 1.536850 1229.480037 -0.187381 -11.996989 400.000000 -11.996989 0.032401 25.920893 0.982287 30.247871 400.000000 30.247871 0.020521 16.417173 -0.309017 1.856004 400.000000 1.856004 0.002089 1.671175 0.951057 0.315933 400.000000 0.315933
 9.400000 0.973329 -0.229415 0.949496 -0.313779 1.802273 1.889967 -0.229415 0.973329 -0.313779 0.949496 0.353374 282.698829 -0.187381 -11.996989 400.000000 -11.996989 0.016051 12.841199 0.982287 30.247871 400.000000 30.247871 0.004535 3.628294 -0.309017 1.856004 400.000000 1.856004 0.000487 0.389614 0.951057 0.315933 400.000000 0.315933
 9.600000 0.993910 -0.110195 0.915857 -0.401505 1.681216 1.983956 -0.110195 0.993910 -0.401505 0.915857 1.191543 953.234506 -0.187381 -11.996989 400.000000 -11.996989 0.027018 21.614049 0.982287 30.247871 400.000000 30.247871 1.710817 1368.653721 -0.309017 1.856004 400.000000 1.856004 0.247805 198.244311 0.951057 0.315933 400.000000 0.315933
 9.800000 0.995823 -0.091307 0.946830 -0.321733 1.662231 1.898356 -0.091307 0.995823 -0.321733 0.946830 1.846043 1476.834079 -0.187381 -11.996989 400.000000 -11.996989 0.036642 29.313612 0.982287 30.247871 400.000000 30.247871 0.032339 25.871397 -0.309017 1.856004 400.000000 1.856004 0.003572 2.857549 0.951057 0.315933 400.000000 0.315933
 10.000000 0.978390 -0.206767 0.965240 -0.261364 1.779066 1.835231 -0.206767 0.978390 -0.261364 0.965240 0.075161 60.128968 -0.187381 -11.996989 400.000000 -11.996989 0.003037 2.429914 0.982287 30.247871 400.000000 30.247871 0.454163 363.330707 -0.309017 1.856004 400.000000 1.856004 0.040236 32.188925 0.951057 0.315933 400.000000 0.315933
 10.200000 0.993431 -0.114431 0.945462 -0.325733 1.685478 1.902583 -0.114431 0.993431 -0.325733 0.945462 1.064352 851.481808 -0.187381 -11.996989 400.000000 -11.996989 0.024838 19.870048 0.982287 30.247871 400.000000 30.247871 0.055884 44.707097 -0.309017 1.856004 400.000000 1.856004 0.006260 5.008037 0.951057 0.315933 400.000000 0.315933
 10.400000 0.984189 -0.177121 0.940512 -0.339760 1.748857 1.917458 -0.177121 0.984189 -0.339760 0.940512 0.021053 16.842325 -0.187381 -11.996989 400.000000 -11.996989 0.000723 0.578664 0.982287 30.247871 400.000000 30.247871 0.189025 151.220337 -0.309017 1.856004 400.000000 1.856004 0.022237 17.789212 0.951057 0.315933 400.000000 0.315933
 10.600000 0.991914 -0.126911 0.958603 -0.284747 1.698051 1.859539 -0.126911 0.991914 -0.284747 0.958603 0.731326 585.060487 -0.187381 -11.996989 400.000000 -11.996989 0.018535 14.828121 0.982287 30.247871 400.000000 30.247871 0.117802 94.241521 -0.309017 1.856004 400.000000 1.856004 0.011389 9.110852 0.951057 0.315933 400.000000 0.315933
 10.800000 0.985948 -0.167052 0.945431 -0.325821 1.738635 1.902676 -0.167052 0.985948 -0.325821 0.945431 0.082657 66.125242 -0.187381 -11.996989 400.000000 -11.996989 0.002680 2.144283 0.982287 30.247871 400.000000 30.247871 0.056475 45.179995 -0.309017 1.856004 400.000000 1.856004 0.006328 5.062579 0.951057 0.315933 400.000000 0.315933
 11.000000 0.977682 -0.210092 0.950601 -0.310415 1.782466 1.886426 -0.210092 0.977682 -0.310415 0.950601 0.103158 82.526538 -0.187381 -11.996989 400.000000 -11.996989 0.004243 3.394001 0.982287 30.247871 400.000000 30.247871 0.000391 0.312884 -0.309017 1.856004 400.000000 1.856004 0.000041 0.033198 0.951057 0.315933 400.000000 0.315933
 11.200000 0.984874 -0.173271 0.944188 -0.329407 1.744947 1.906471 -0.173271 0.984874 -0.329407 0.944188 0.039818 31.854588 -0.187381 -11.996989 400.000000 -11.996989 0.001338 1.070706 0.982287 30.247871 400.000000 30.247871 0.083147 66.517665 -0.309017 1.856004 400.000000 1.856004 0.009435 7.547867 0.951057 0.315933 400.000000 0.315933
 11.400000 0.995176 -0.098110 0.929787 -0.368098 1.669064 1.947758 -0.098110 0.995176 -0.368098 0.929787 1.593871 1275.096894 -0.187381 -11.996989 400.000000 -11.996989 0.033222 26.577403 0.982287 30.247871 400.000000 30.247871 0.698102 558.481805 -0.309017 1.856004 400.000000 1.856004 0.090477 72.381552 0.951057 0.315933 400.000000 0.315933
 11.600000 0.992275 -0.124060 0.925627 -0.378437 1.695177 1.958903 -0.124060 0.992275 -0.378437 0.925627 0.801908 641.526185 -0.187381 -11.996989 400.000000 -11.996989 0.019950 15.959763 0.982287 30.247871 400.000000 30.247871 0.963817 771.053923 -0.309017 1.856004 400.000000 1.856004 0.129330 103.464033 0.951057 0.315933 400.000000 0.315933
 11.800000 0.988360 -0.152136 0.934531 -0.355882 1.723525 1.934654 -0.152136 0.988360 -0.355882 0.934531 0.248448 198.758395 -0.187381 -11.996989 400.000000 -11.996989 0.007375 5.899721 0.982287 30.247871 400.000000 30.247871 0.439274 351.419306 -0.309017 1.856004 400.000000 1.856004 0.054620 43.696262 0.951057 0.315933 400.000000 0.315933
 12.000000 0.982680 -0.185311 0.953648 -0.300924 1.757185 1.876457 -0.185311 0.982680 -0.300924 0.953648 0.000857 0.685536 -0.187381 -11.996989 400.000000 -11.996989 0.000031 0.024662 0.982287 30.247871 400.000000 30.247871 0.013101 10.480598 -0.309017 1.856004 400.000000 1.856004 0.001343 1.074746 0.951057 0.315933 400.000000 0.315933
 12.200000 0.980553 -0.196254 0.940534 -0.339701 1.768332 1.917395 -0.196254 0.980553 -0.339701 0.940534 0.015743 12.594768 -0.187381 -11.996989 400.000000 -11.996989 0.000601 0.481123 0.982287 30.247871 400.000000 30.247871 0.188298 150.638602 -0.309017 1.856004 400.000000 1.856004 0.022146 17.717145 0.951057 0.315933 400.000000 0.315933
 12.400000 0.989804 -0.142436 0.912816 -0.408370 1.713718 1.991464 -0.142436 0.989804 -0.408370 0.912816 0.404016 323.212520 -0.187381 -11.996989 400.000000 -11.996989 0.011300 9.040265 0.982287 30.247871 400.000000 30.247871 1.974205 1579.363898 -0.309017 1.856004 400.000000 1.856004 0.292460 233.968074 0.951057 0.315933 400.000000 0.315933
 12.600000 0.986779 -0.162071 0.947237 -0.320534 1.733586 1.897090 -0.162071 0.986779 -0.320534 0.947237 0.128119 102.495197 -0.187381 -11.996989 400.000000 -11.996989 0.004035 3.228193 0.982287 30.247871 400.000000 30.247871 0.026528 21.222705 -0.309017 1.856004 400.000000 1.856004 0.002918 2.334188 0.951057 0.315933 400.000000 0.315933
 12.800000 0.981143 -0.193286 0.966930 -0.255043 1.765306 1.828689 -0.193286 0.981143 -0.255043 0.966930 0.006972 5.577737 -0.187381 -11.996989 400.000000 -11.996989 0.000262 0.209661 0.982287 30.247871 400.000000 30.247871 0.582631 466.104794 -0.309017 1.856004 400.000000 1.856004 0.050391 40.312875 0.951057 0.315933 400.000000 0.315933
 13.000000 0.995242 -0.097431 0.941949 -0.335756 1.668382 1.913204 -0.097431 0.995242 -0.335756 0.941949 1.618209 1294.567470 -0.187381 -11.996989 400.000000 -11.996989 0.033567 26.853226 0.982287 30.247871 400.000000 30.247871 0.142991 114.393061 -0.309017 1.856004 400.000000 1.856004 0.016589 13.271167 0.951057 0.315933 400.000000 0.315933
 13.200000 0.975752 -0.218877 0.954539 -0.298087 1.791460 1.873485 -0.218877 0.975752 -0.298087 0.954539 0.198402 158.721231 -0.187381 -11.996989 400.000000 -11.996989 0.008541 6.832783 0.982287 30.247871 400.000000 30.247871 0.023891 19.113130 -0.309017 1.856004 400.000000 1.856004 0.002425 1.939980 0.951057 0.315933 400.000000 0.315933
 13.400000 0.992332 -0.123598 0.936496 -0.350677 1.694712 1.929090 -0.123598 0.992332 -0.350677 0.936496 0.813651 650.920807 -0.187381 -11.996989 400.000000 -11.996989 0.020181 16.144534 0.982287 30.247871 400.000000 30.247871 0.347115 277.692152 -0.309017 1.856004 400.000000 1.856004 0.042399 33.919600 0.951057 0.315933 400.000000 0.315933
 13.600000 0.992512 -0.122147 0.938471 -0.345358 1.693249 1.923416 -0.122147 0.992512 -0.345358 0.938471 0.851111 680.888833 -0.187381 -11.996989 400.000000 -11.996989 0.020909 16.727468 0.982287 30.247871 400.000000 30.247871 0.264132 211.305872 -0.309017 1.856004 400.000000 1.856004 0.031679 25.343020 0.951057 0.315933 400.000000 0.315933
 13.800000 0.974082 -0.226196 0.943294 -0.331959 1.798967 1.909176 -0.226196 0.974082 -0.331959 0.943294 0.301319 241.055252 -0.187381 -11.996989 400.000000 -11.996989 0.013466 10.772807 0.982287 30.247871 400.000000 30.247871 0.105268 84.214288 -0.309017 1.856004 400.000000 1.856004 0.012052 9.641594 0.951057 0.315933 400.000000 0.315933
 14.000000 0.994183 -0.107708 0.954601 -0.297889 1.678713 1.873276 -0.107708 0.994183 -0.297889 0.954601 1.269582 1015.665278 -0.187381 -11.996989 400.000000 -11.996989 0.028300 22.639971 0.982287 30.247871 400.000000 30.247871 0.024768 19.814649 -0.309017 1.856004 400.000000 1.856004 0.002512 2.009736 0.951057 0.315933 400.000000 0.315933
 14.200000 0.991941 -0.126702 0.959693 -0.281051 1.697840 1.855685 -0.126702 0.991941 -0.281051 0.959693 0.736384 589.107100 -0.187381 -11.996989 400.000000 -11.996989 0.018638 14.910449 0.982287 30.247871 400.000000 30.247871 0.156424 125.139321 -0.309017 1.856004 400.000000 1.856004 0.014918 11.934103 0.951057 0.315933 400.000000 0.315933
 14.400000 0.963204 -0.268770 0.942993 -0.332813 1.842913 1.910081 -0.268770 0.963204 -0.332813 0.942993 1.324839 1059.870806 -0.187381 -11.996989 400.000000 -11.996989 0.072832 58.265702 0.982287 30.247871 400.000000 30.247871 0.113250 90.599942 -0.309017 1.856004 400.000000 1.856004 0.013005 10.403641 0.951057 0.315933 400.000000 0.315933
 14.600000 0.983526 -0.180766 0.927483 -0.373864 1.752562 1.953968 -0.180766 0.983526 -0.373864 0.927483 0.008752 7.001414 -0.187381 -11.996989 400.000000 -11.996989 0.000307 0.245553 0.982287 30.247871 400.000000 30.247871 0.841035 672.828091 -0.309017 1.856004 400.000000 1.856004 0.111138 88.910635 0.951057 0.315933 400.000000 0.315933
 14.800000 0.978051 -0.208365 0.933792 -0.357816 1.780699 1.936724 -0.208365 0.978051 -0.357816 0.933792 0.088061 70.448651 -0.187381 -11.996989 400.000000 -11.996989 0.003589 2.871070 0.982287 30.247871 400.000000 30.247871 0.476269 381.015331 -0.309017 1.856004 400.000000 1.856004 0.059612 47.689602 0.951057 0.315933 400.000000 0.315933
 15.000000 0.985011 -0.172490 0.937183 -0.348839 1.744154 1.927129 -0.172490 0.985011 -0.348839 0.937183 0.044349 35.479267 -0.187381 -11.996989 400.000000 -11.996989 0.001484 1.187214 0.982287 30.247871 400.000000 30.247871 0.317163 253.730121 -0.309017 1.856004 400.000000 1.856004 0.038497 30.797828 0.951057 0.315933 400.000000 0.315933
 15.200000 0.999505 -0.031452 0.933113 -0.359585 1.602253 1.938619 -0.031452 0.999505 -0.359585 0.933113 4.862818 3890.254664 -0.187381 -11.996989 400.000000 -11.996989 0.059292 47.433672 0.982287 30.247871 400.000000 30.247871 0.511416 409.132408 -0.309017 1.856004 400.000000 1.856004 0.064397 51.517990 0.951057 0.315933 400.000000 0.315933
 15.400000 0.990444 -0.137919 0.964708 -0.263320 1.709156 1.837259 -0.137919 0.990444 -0.263320 0.964708 0.489310 391.447628 -0.187381 -11.996989 400.000000 -11.996989 0.013305 10.644034 0.982287 30.247871 400.000000 30.247871 0.417639 334.110946 -0.309017 1.856004 400.000000 1.856004 0.037275 29.820178 0.951057 0.315933 400.000000 0.315933
 15.600000 0.986612 -0.163086 0.959955 -0.280155 1.734614 1.854752 -0.163086 0.986612 -0.280155 0.959955 0.118052 94.441791 -0.187381 -11.996989 400.000000 -11.996989 0.003740 2.992350 0.982287 30.247871 400.000000 30.247871 0.166606 133.285144 -0.309017 1.856004 400.000000 1.856004 0.015836 12.668901 0.951057 0.315933 400.000000 0.315933
 15.800000 0.979986 -0.199066 0.931919 -0.362667 1.771201 1.941924 -0.199066 0.979986 -0.362667 0.931919 0.027306 21.844793 -0.187381 -11.996989 400.000000 -11.996989 0.001059 0.847246 0.982287 30.247871 400.000000 30.247871 0.575664 460.531147 -0.309017 1.856004 400.000000 1.856004 0.073250 58.600282 0.951057 0.315933 400.000000 0.315933
 16.000000 0.981009 -0.193963 0.948948 -0.315432 1.765997 1.891708 -0.193963 0.981009 -0.315432 0.948948 0.008665 6.931866 -0.187381 -11.996989 400.000000 -11.996989 0.000327 0.261526 0.982287 30.247871 400.000000 30.247871 0.008230 6.583656 -0.309017 1.856004 400.000000 1.856004 0.000889 0.711134 0.951057 0.315933 400.000000 0.315933
 16.200000 0.984630 -0.174655 0.947736 -0.319055 1.746351 1.895528 -0.174655 0.984630 -0.319055 0.947736 0.032393 25.914595 -0.187381 -11.996989 400.000000 -11.996989 0.001097 0.877962 0.982287 30.247871 400.000000 30.247871 0.020152 16.121540 -0.309017 1.856004 400.000000 1.856004 0.002205 1.763884 0.951057 0.315933 400.000000 0.315933
 16.400000 0.994910 -0.100764 0.958660 -0.284555 1.671732 1.859339 -0.100764 0.994910 -0.284555 0.958660 1.500500 1200.400306 -0.187381 -11.996989 400.000000 -11.996989 0.031868 25.494710 0.982287 30.247871 400.000000 30.247871 0.119675 95.740200 -0.309017 1.856004 400.000000 1.856004 0.011561 9.249194 0.951057 0.315933 400.000000 0.315933
 16.600000 0.985866 -0.167534 0.956990 -0.290120 1.739124 1.865148 -0.167534 0.985866 -0.290120 0.956990 0.078783 63.026164 -0.187381 -11.996989 400.000000 -11.996989 0.002562 2.049522 0.982287 30.247871 400.000000 30.247871 0.071423 57.138390 -0.309017 1.856004 400.000000 1.856004 0.007042 5.633800 0.951057 0.315933 400.000000 0.315933
 16.800000 0.974398 -0.224829 0.949007 -0.315256 1.797564 1.891523 -0.224829 0.974398 -0.315256 0.949007 0.280463 224.370376 -0.187381 -11.996989 400.000000 -11.996989 0.012447 9.957739 0.982287 30.247871 400.000000 30.247871 0.007785 6.227880 -0.309017 1.856004 400.000000 1.856004 0.000840 0.672285 0.951057 0.315933 400.000000 0.315933
 17.000000 0.976894 -0.213723 0.938238 -0.345991 1.786180 1.924091 -0.213723 0.976894 -0.345991 0.938238 0.138772 111.017331 -0.187381 -11.996989 400.000000 -11.996989 0.005817 4.653235 0.982287 30.247871 400.000000 30.247871 0.273410 218.727826 -0.309017 1.856004 400.000000 1.856004 0.032863 26.290413 0.951057 0.315933 400.000000 0.315933
 17.200000 0.984514 -0.175306 0.954581 -0.297952 1.747012 1.873343 -0.175306 0.984514 -0.297952 0.954581 0.029165 23.332031 -0.187381 -11.996989 400.000000 -11.996989 0.000992 0.793405 0.982287 30.247871 400.000000 30.247871 0.024485 19.588017 -0.309017 1.856004 400.000000 1.856004 0.002484 1.987209 0.951057 0.315933 400.000000 0.315933
 17.400000 0.973212 -0.229912 0.947375 -0.320127 1.802783 1.896660 -0.229912 0.973212 -0.320127 0.947375 0.361764 289.411305 -0.187381 -11.996989 400.000000 -11.996989 0.016474 13.178995 0.982287 30.247871 400.000000 30.247871 0.024687 19.749382 -0.309017 1.856004 400.000000 1.856004 0.002711 2.169022 0.951057 0.315933 400.000000 0.315933
 17.600000 0.993272 -0.115802 0.933687 -0.358090 1.686859 1.937018 -0.115802 0.993272 -0.358090 0.933687 1.024706 819.764607 -0.187381 -11.996989 400.000000 -11.996989 0.024134 19.307272 0.982287 30.247871 400.000000 30.247871 0.481634 385.307564 -0.309017 1.856004 400.000000 1.856004 0.060340 48.271874 0.951057 0.315933 400.000000 0.315933
 17.800000 0.988422 -0.151733 0.956694 -0.291095 1.723117 1.866168 -0.151733 0.988422 -0.291095 0.956694 0.254167 203.333897 -0.187381 -11.996989 400.000000 -11.996989 0.007526 6.020823 0.982287 30.247871 400.000000 30.247871 0.064239 51.390922 -0.309017 1.856004 400.000000 1.856004 0.006356 5.085200 0.951057 0.315933 400.000000 0.315933
 18.000000 0.983003 -0.183590 0.946526 -0.322627 1.755434 1.899300 -0.183590 0.983003 -0.322627 0.946526 0.002875 2.299961 -0.187381 -11.996989 400.000000 -11.996989 0.000102 0.081950 0.982287 30.247871 400.000000 30.247871 0.037045 29.636388 -0.309017 1.856004 400.000000 1.856004 0.004105 3.283737 0.951057 0.315933 400.000000 0.315933
 18.200000 0.981777 -0.190039 0.943361 -0.331767 1.761998 1.908972 -0.190039 0.981777 -0.331767 0.943361 0.001413 1.130080 -0.187381 -11.996989 400.000000 -11.996989 0.000052 0.041730 0.982287 30.247871 400.000000 30.247871 0.103513 82.810072 -0.309017 1.856004 400.000000 1.856004 0.011843 9.474470 0.951057 0.315933 400.000000 0.315933
 18.400000 0.970708 -0.240264 0.931882 -0.362762 1.813434 1.942027 -0.240264 0.970708 -0.362762 0.931882 0.559320 447.455923 -0.187381 -11.996989 400.000000 -11.996989 0.026818 21.454378 0.982287 30.247871 400.000000 30.247871 0.577711 462.169191 -0.309017 1.856004 400.000000 1.856004 0.073535 58.827727 0.951057 0.315933 400.000000 0.315933
 18.600000 0.994064 -0.108796 0.941804 -0.336163 1.679808 1.913636 -0.108796 0.994064 -0.336163 0.941804 1.235130 988.104134 -0.187381 -11.996989 400.000000 -11.996989 0.027739 22.191058 0.982287 30.247871 400.000000 30.247871 0.147381 117.904551 -0.309017 1.856004 400.000000 1.856004 0.017122 13.697937 0.951057 0.315933 400.000000 0.315933
 18.800000 0.991838 -0.127501 0.963799 -0.266629 1.698645 1.840690 -0.127501 0.991838 -0.266629 0.963799 0.717133 573.706667 -0.187381 -11.996989 400.000000 -11.996989 0.018245 14.596089 0.982287 30.247871 400.000000 30.247871 0.359349 287.478810 -0.309017 1.856004 400.000000 1.856004 0.032475 25.980331 0.951057 0.315933 400.000000 0.315933
 19.000000 0.980659 -0.195726 0.949921 -0.312490 1.767794 1.888610 -0.195726 0.980659 -0.312490 0.949921 0.013928 11.142260 -0.187381 -11.996989 400.000000 -11.996989 0.000531 0.424422 0.982287 30.247871 400.000000 30.247871 0.002413 1.930334 -0.309017 1.856004 400.000000 1.856004 0.000258 0.206334 0.951057 0.315933 400.000000 0.315933
 19.200000 0.984282 -0.176606 0.935252 -0.353981 1.748334 1.932621 -0.176606 0.984282 -0.353981 0.935252 0.023221 18.576545 -0.187381 -11.996989 400.000000 -11.996989 0.000795 0.636384 0.982287 30.247871 400.000000 30.247871 0.404359 323.487437 -0.309017 1.856004 400.000000 1.856004 0.049954 39.962872 0.951057 0.315933 400.000000 0.315933
 19.400000 0.981657 -0.190657 0.951963 -0.306213 1.762628 1.882009 -0.190657 0.981657 -0.306213 0.951963 0.002146 1.716670 -0.187381 -11.996989 400.000000 -11.996989 0.000080 0.063606 0.982287 30.247871 400.000000 30.247871 0.001573 1.258107 -0.309017 1.856004 400.000000 1.856004 0.000164 0.131494 0.951057 0.315933 400.000000 0.315933
 19.600000 0.983960 -0.178392 0.958243 -0.285956 1.750148 1.860800 -0.178392 0.983960 -0.285956 0.958243 0.016163 12.930165 -0.187381 -11.996989 400.000000 -11.996989 0.000559 0.447457 0.982287 30.247871 400.000000 30.247871 0.106365 85.091805 -0.309017 1.856004 400.000000 1.856004 0.010329 8.262924 0.951057 0.315933 400.000000 0.315933
 19.800000 0.988961 -0.148179 0.958941 -0.283606 1.719523 1.858349 -0.148179 0.988961 -0.283606 0.958941 0.307367 245.893864 -0.187381 -11.996989 400.000000 -11.996989 0.008907 7.125345 0.982287 30.247871 400.000000 30.247871 0.129139 103.311240 -0.309017 1.856004 400.000000 1.856004 0.012432 9.945801 0.951057 0.315933 400.000000 0.315933
 20.000000 0.990100 -0.140361 0.924617 -0.380898 1.711622 1.961563 -0.140361 0.990100 -0.380898 0.924617 0.442186 353.748486 -0.187381 -11.996989 400.000000 -11.996989 0.012209 9.767301 0.982287 30.247871 400.000000 30.247871 1.033368 826.694625 -0.309017 1.856004 400.000000 1.856004 0.139808 111.846238 0.951057 0.315933 400.000000 0.315933
