#! FIELDS time sin_phi cos_phi sin_psi cos_psi phi psi cos_phi sin_phi cos_psi sin_psi restraint_phi_cos.bias restraint_phi_cos.force2 restraint_phi_cos.cos_phi_cntr restraint_phi_cos.cos_phi_work restraint_phi_cos.cos_phi_kappa restraint_phi_cos.work restraint_phi_sin.bias restraint_phi_sin.force2 restraint_phi_sin.sin_phi_cntr restraint_phi_sin.sin_phi_work restraint_phi_sin.sin_phi_kappa restraint_phi_sin.work restraint_psi_cos.bias restraint_psi_cos.force2 restraint_psi_cos.cos_psi_cntr restraint_psi_cos.cos_psi_work restraint_psi_cos.cos_psi_kappa restraint_psi_cos.work restraint_psi_sin.bias restraint_psi_sin.force2 restraint_psi_sin.sin_psi_cntr restraint_psi_sin.sin_psi_work restraint_psi_sin.sin_psi_kappa restraint_psi_sin.work
#! SET min_phi -pi
#! SET max_phi pi
#! SET min_psi -pi
#! SET max_psi pi
 0.000000 -0.999983 -0.005782 0.966116 0.258110 -1.576579 1.309731 -0.005782 -0.999983 0.258110 0.966116 0.000000 0.000000 -0.009747 0.000000 0.000000 0.000000 0.000000 0.000000 -0.999953 0.000000 0.000000 0.000000 0.000000 0.000000 0.256142 0.000000 0.000000 0.000000 0.000000 0.000000 0.966639 0.000000 0.000000 0.000000
 0.200000 -0.999140 -0.041469 0.905016 0.425378 -1.612277 1.131416 -0.041469 -0.999140 0.425378 0.905016 0.020126 1.610060 -0.009747 0.662364 40.000000 0.662364 0.000013 0.001057 -0.999953 0.011529 40.000000 0.011529 0.572817 45.825359 0.256142 0.576361 40.000000 0.576361 0.075949 6.075930 0.966639 0.088549 40.000000 0.088549
 0.400000 -0.998868 -0.047559 0.956080 0.293106 -1.618373 1.273323 -0.047559 -0.998868 0.293106 0.956080 0.057191 9.150629 -0.009747 0.801256 80.000000 0.801256 0.000047 0.007521 -0.999953 0.011985 80.000000 0.011985 0.054651 8.744175 0.256142 0.735568 80.000000 0.735568 0.004460 0.713549 0.966639 0.099440 80.000000 0.099440
 0.600000 -0.997967 0.063740 0.981906 0.189368 -1.507013 1.380278 0.063740 -0.997967 0.189368 0.981906 0.324020 77.764825 -0.009747 0.886967 120.000000 0.886967 0.000237 0.056796 -0.999953 0.012279 120.000000 0.012279 0.267531 64.207435 0.256142 0.965557 120.000000 0.965557 0.013985 3.356445 0.966639 0.123244 120.000000 0.123244
 0.800000 -0.993235 0.116120 0.966932 0.255035 -1.454414 1.312912 0.116120 -0.993235 0.255035 0.966932 1.267389 405.564569 -0.009747 0.947161 160.000000 0.947161 0.003610 1.155127 -0.999953 0.012347 160.000000 0.012347 0.000098 0.031371 0.256142 1.077491 160.000000 1.077491 0.000007 0.002193 0.966639 0.133966 160.000000 0.133966
 1.000000 -0.995765 0.091938 0.976037 0.217604 -1.478729 1.351437 0.091938 -0.995765 0.217604 0.976037 1.033967 413.586926 -0.009747 1.048441 200.000000 1.048441 0.001754 0.701486 -0.999953 0.012636 200.000000 0.012636 0.148519 59.407700 0.256142 1.117649 200.000000 1.117649 0.008832 3.532922 0.966639 0.136762 200.000000 0.136762
 1.200000 -0.998338 0.057626 0.982468 0.186433 -1.513139 1.383266 0.057626 -0.998338 0.186433 0.982468 0.544679 261.445944 -0.009747 1.108178 240.000000 1.108178 0.000313 0.150091 -0.999953 0.012787 240.000000 0.012787 0.583131 279.902897 0.256142 1.161178 240.000000 1.161178 0.030066 14.431459 0.966639 0.140225 240.000000 0.140225
 1.400000 -0.997552 0.069929 0.946017 0.324116 -1.500811 1.240720 0.069929 -0.997552 0.324116 0.946017 0.888738 497.693370 -0.009747 1.170245 280.000000 1.170245 0.000807 0.451774 -0.999953 0.012956 280.000000 0.012956 0.646850 362.235817 0.256142 1.205087 280.000000 1.205087 0.059535 33.339541 0.966639 0.144048 280.000000 0.144048
 1.600000 -0.999690 0.024894 0.961325 0.275416 -1.545899 1.291774 0.024894 -0.999690 0.275416 0.961325 0.191997 122.878354 -0.009747 1.219976 320.000000 1.219976 0.000011 0.007051 -0.999953 0.013014 320.000000 0.013014 0.059435 38.038296 0.256142 1.269709 320.000000 1.269709 0.004518 2.891511 0.966639 0.148946 320.000000 0.148946
 1.800000 -0.999539 -0.030362 0.959786 0.280733 -1.601163 1.286239 -0.030362 -0.999539 0.280733 0.959786 0.076498 55.078278 -0.009747 1.248330 360.000000 1.248330 0.000031 0.022162 -0.999953 0.013049 360.000000 0.013049 0.108845 78.368363 0.256142 1.295096 360.000000 1.295096 0.008454 6.086721 0.966639 0.150758 360.000000 0.150758
 2.000000 -0.999242 -0.038916 0.964149 0.265361 -1.609722 1.302218 -0.038916 -0.999242 0.265361 0.964149 0.170170 136.136072 -0.009747 1.286726 400.000000 1.286726 0.000101 0.080658 -0.999953 0.013076 400.000000 0.013076 0.016996 13.596930 0.256142 1.318577 400.000000 1.318577 0.001240 0.991941 0.966639 0.152520 400.000000 0.152520
 2.200000 -0.999138 0.041520 0.983569 0.180532 -1.529264 1.389269 0.041520 -0.999138 0.180532 0.983569 0.640417 512.333273 -0.015067 1.305866 400.000000 1.305866 0.685654 548.523069 -0.940586 0.696488 400.000000 0.696488 0.000004 0.003243 0.180674 1.701484 400.000000 1.701484 0.829905 663.923936 0.919152 0.704377 400.000000 0.704377
 2.400000 -0.999962 0.008700 0.990085 0.140472 -1.562096 1.429858 0.008700 -0.999962 0.140472 0.990085 0.169205 135.363895 -0.020387 1.322843 400.000000 1.322843 2.819942 2255.953333 -0.881220 2.798225 400.000000 2.798225 0.248732 198.985426 0.105206 2.303060 400.000000 2.303060 2.804617 2243.693895 0.871666 2.427234 400.000000 2.427234
 2.600000 -0.999947 0.010268 0.999996 -0.002669 -1.560528 1.573465 0.010268 -0.999947 -0.002669 0.999996 0.258832 207.065529 -0.025707 1.326246 400.000000 1.326246 6.343465 5074.772390 -0.821854 6.300802 400.000000 6.300802 0.210050 168.039974 0.029738 2.636953 400.000000 2.636953 6.182370 4945.895764 0.824179 5.242107 400.000000 5.242107
 2.800000 -0.998852 -0.047903 0.993578 -0.113148 -1.618718 1.684187 -0.047903 -0.998852 -0.113148 0.993578 0.056964 45.570869 -0.031027 1.347106 400.000000 1.347106 11.173642 8938.913377 -0.762487 11.222783 400.000000 11.222783 0.909054 727.243591 -0.045730 2.914024 400.000000 2.914024 9.407916 7526.333078 0.776692 9.018362 400.000000 9.018362
 3.000000 -0.998687 0.051230 0.986874 -0.161495 -1.519543 1.733002 0.051230 -0.998687 -0.161495 0.986874 1.533944 1227.155418 -0.036347 1.344265 400.000000 1.344265 17.471817 13977.453991 -0.703121 17.535239 400.000000 17.535239 0.324777 259.821829 -0.121198 2.097617 400.000000 2.097617 13.278587 10622.869889 0.729205 13.575194 400.000000 13.575194
 3.200000 -0.998598 -0.052929 0.937253 -0.348650 -1.623750 1.926926 -0.052929 -0.998598 -0.348650 0.937253 0.025367 20.293529 -0.041667 1.311742 400.000000 1.311742 25.182770 20146.216096 -0.643755 25.224341 400.000000 25.224341 4.619832 3695.865418 -0.196666 0.247431 400.000000 0.247431 13.059591 10447.672842 0.681718 18.673767 400.000000 18.673767
 3.400000 -0.997020 -0.077139 0.893522 -0.449019 -1.648012 2.036464 -0.077139 -0.997020 -0.449019 0.893522 0.181836 145.468501 -0.046987 1.285997 400.000000 1.285997 34.052989 27242.390918 -0.584389 34.319700 400.000000 34.319700 6.257700 5006.160206 -0.272134 -2.612090 400.000000 -2.612090 13.446306 10757.044824 0.634232 24.092661 400.000000 24.092661
 3.600000 -0.999273 -0.038135 0.847920 -0.530124 -1.608941 2.129543 -0.038135 -0.999273 -0.530124 0.847920 0.040165 32.131707 -0.052307 1.196986 400.000000 1.196986 44.982658 35986.126766 -0.525022 44.769022 400.000000 44.769022 6.662860 5330.287982 -0.347601 -7.213196 400.000000 -7.213196 13.642521 10914.017187 0.586745 29.308602 400.000000 29.308602
 3.800000 -0.999494 -0.031802 0.763942 -0.645285 -1.602603 2.272192 -0.031802 -0.999494 -0.645285 0.763942 0.133384 106.707528 -0.057627 1.105179 400.000000 1.105179 56.996629 45597.303193 -0.465656 56.615732 400.000000 56.615732 9.875939 7900.751313 -0.423069 -12.620226 400.000000 -12.620226 10.096561 8077.248902 0.539258 34.237321 400.000000 34.237321
 4.000000 -0.996366 -0.085179 0.708284 -0.705928 -1.656079 2.354528 -0.085179 -0.996366 -0.705928 0.708284 0.098858 79.086656 -0.062947 0.942520 400.000000 0.942520 69.637901 55710.320705 -0.406290 69.757198 400.000000 69.757198 8.602140 6881.711975 -0.498537 -18.778933 400.000000 -18.778933 9.375530 7500.423760 0.491771 38.596646 400.000000 38.596646
 4.200000 -0.991973 -0.126454 0.593772 -0.804633 -1.697589 2.505853 -0.126454 -0.991973 -0.804633 0.593772 0.677148 541.718302 -0.068267 0.721422 400.000000 0.721422 83.217639 66574.111446 -0.346924 84.207512 400.000000 84.207512 10.637812 8510.249438 -0.574005 -25.349755 400.000000 -25.349755 4.469320 3575.455832 0.444285 42.125930 400.000000 42.125930
 4.400000 -0.949709 -0.313134 0.473891 -0.880584 -1.889287 2.647889 -0.313134 -0.949709 -0.880584 0.473891 11.476578 9181.262552 -0.073587 0.359992 400.000000 0.359992 87.688992 70151.193446 -0.287557 99.684077 400.000000 99.684077 10.682397 8545.917993 -0.649473 -31.687502 400.000000 -31.687502 1.188653 950.922587 0.396798 44.922192 400.000000 44.922192
 4.600000 -0.911669 -0.410925 0.393575 -0.919292 -1.994265 2.737075 -0.410925 -0.911669 -0.919292 0.393575 22.047270 17637.816304 -0.078907 -0.078059 400.000000 -0.078059 93.428464 74742.771546 -0.228191 116.235816 400.000000 116.235816 7.554459 6043.566984 -0.724941 -37.385940 400.000000 -37.385940 0.391863 313.490272 0.349311 46.926150 400.000000 46.926150
 4.800000 -0.914978 -0.403503 0.360694 -0.932684 -1.986138 2.772581 -0.403503 -0.914978 -0.932684 0.360694 20.387485 16309.988144 -0.084227 -0.788347 400.000000 -0.788347 111.349048 89079.238567 -0.168825 132.927903 400.000000 132.927903 3.499328 2799.462653 -0.800409 -42.125444 400.000000 -42.125444 0.693122 554.497343 0.301824 48.145936 400.000000 48.145936
 5.000000 -0.728116 -0.685453 0.319135 -0.947709 -2.326023 2.816776 -0.685453 -0.728116 -0.947709 0.319135 71.021004 56816.803456 -0.089547 -1.783201 400.000000 -1.783201 76.547554 61238.043218 -0.109458 149.150973 400.000000 149.150973 1.031959 825.567321 -0.875877 -45.392878 400.000000 -45.392878 0.839751 671.801049 0.254338 48.918269 400.000000 48.918269
 5.200000 -0.435984 -0.899954 0.200678 -0.979657 -2.690461 2.939542 -0.899954 -0.435984 -0.979657 0.200678 129.633251 103706.600525 -0.094867 -3.164525 400.000000 -3.164525 29.782553 23826.042309 -0.050092 162.665187 400.000000 162.665187 0.160312 128.249224 -0.951345 -46.986712 400.000000 -46.986712 0.007620 6.095894 0.206851 49.351526 400.000000 49.351526
 5.400000 -0.273938 -0.961747 0.240507 -0.970647 -2.864107 2.898704 -0.961747 -0.273938 -0.970647 0.240507 148.457406 118765.925063 -0.100187 -4.993249 400.000000 -4.993249 16.041827 12833.461921 0.009274 168.559550 400.000000 168.559550 0.027098 21.678014 -0.982287 -47.113846 400.000000 -47.113846 0.564473 451.578730 0.187381 49.371098 400.000000 49.371098
 5.600000 0.388901 -0.921279 0.162638 -0.986686 2.742154 2.978229 -0.921279 0.388901 -0.986686 0.162638 133.097064 106477.651007 -0.105507 -6.850003 400.000000 -6.850003 20.513437 16410.749226 0.068640 168.571842 400.000000 168.571842 0.003870 3.095629 -0.982287 -47.113846 400.000000 -47.113846 0.122449 97.959190 0.187381 49.371098 400.000000 49.371098
 5.800000 0.659955 -0.751305 0.192827 -0.981233 2.420834 2.947551 -0.751305 0.659955 -0.981233 0.192827 82.042532 65634.025399 -0.110827 -8.499255 400.000000 -8.499255 56.593851 45275.081047 0.128007 159.986492 400.000000 159.986492 0.000222 0.177885 -0.982287 -47.113846 400.000000 -47.113846 0.005930 4.744248 0.187381 49.371098 400.000000 49.371098
 6.000000 0.686263 -0.727354 0.177219 -0.984171 2.385255 2.963432 -0.727354 0.686263 -0.984171 0.177219 74.714894 59771.915267 -0.116147 -9.686992 400.000000 -9.686992 49.778179 39822.543102 0.187373 146.319801 400.000000 146.319801 0.000710 0.568003 -0.982287 -47.113846 400.000000 -47.113846 0.020654 16.522887 0.187381 49.371098 400.000000 49.371098
 6.200000 0.939473 -0.342622 0.174528 -0.984652 1.920503 2.966166 -0.342622 0.939473 -0.984652 0.174528 9.781939 7825.551551 -0.121467 -10.347649 400.000000 -10.347649 95.976140 76780.911910 0.246739 130.321660 400.000000 130.321660 0.001119 0.894891 -0.982287 -47.113846 400.000000 -47.113846 0.033042 26.433365 0.187381 49.371098 400.000000 49.371098
 6.400000 0.893638 -0.448788 0.200760 -0.979641 2.036205 2.939459 -0.448788 0.893638 -0.979641 0.200760 20.736998 16589.598769 -0.126787 -10.892596 400.000000 -10.892596 69.038956 55231.164713 0.306105 114.979102 400.000000 114.979102 0.001401 1.120801 -0.982287 -47.113846 400.000000 -47.113846 0.035795 28.636223 0.187381 49.371098 400.000000 49.371098
 6.600000 0.914116 -0.405452 0.175594 -0.984463 1.988270 2.965084 -0.405452 0.914116 -0.984463 0.175594 14.943546 11954.836643 -0.132107 -11.321185 400.000000 -11.321185 60.202190 48161.752246 0.365472 100.616738 400.000000 100.616738 0.000947 0.757208 -0.982287 -47.113846 400.000000 -47.113846 0.027789 22.231022 0.187381 49.371098 400.000000 49.371098
 6.800000 0.968415 -0.249345 0.218202 -0.975904 1.822800 2.921621 -0.249345 0.968415 -0.975904 0.218202 2.505142 2004.113623 -0.137427 -11.553723 400.000000 -11.553723 59.095145 47276.115701 0.424838 87.040025 400.000000 87.040025 0.008150 6.520236 -0.982287 -47.113846 400.000000 -47.113846 0.189986 151.989133 0.187381 49.371098 400.000000 49.371098
 7.000000 0.961404 -0.275139 0.187302 -0.982302 1.849531 2.953178 -0.275139 0.961404 -0.982302 0.187302 3.505567 2804.453228 -0.142747 -11.848189 400.000000 -11.848189 45.543995 36435.196292 0.484204 75.065891 400.000000 75.065891 0.000000 0.000037 -0.982287 -47.113846 400.000000 -47.113846 0.000001 0.001013 0.187381 49.371098 400.000000 49.371098
 7.200000 0.968200 -0.250179 0.169380 -0.985551 1.823661 2.971392 -0.250179 0.968200 -0.985551 0.169380 2.085383 1668.306098 -0.148067 -12.033560 400.000000 -12.033560 36.061982 28849.585572 0.543571 64.203127 400.000000 64.203127 0.002130 1.704209 -0.982287 -47.113846 400.000000 -47.113846 0.064812 51.849785 0.187381 49.371098 400.000000 49.371098
 7.400000 0.979477 -0.201556 0.143361 -0.989670 1.773743 2.997736 -0.201556 0.979477 -0.989670 0.143361 0.464063 371.250288 -0.153387 -12.160160 400.000000 -12.160160 28.356501 22685.200464 0.602937 54.619680 400.000000 54.619680 0.010902 8.721892 -0.982287 -47.113846 400.000000 -47.113846 0.387558 310.046185 0.187381 49.371098 400.000000 49.371098
 7.600000 0.972264 -0.233887 0.187957 -0.982177 1.806870 2.952511 -0.233887 0.972264 -0.982177 0.187957 1.130434 904.347195 -0.158707 -12.289302 400.000000 -12.289302 19.215118 15372.094491 0.662303 46.482791 400.000000 46.482791 0.000002 0.001936 -0.982287 -47.113846 400.000000 -47.113846 0.000066 0.053027 0.187381 49.371098 400.000000 49.371098
 7.800000 0.961188 -0.275896 0.278807 -0.960347 1.850318 2.859042 -0.275896 0.961188 -0.960347 0.278807 2.502944 2002.354965 -0.164027 -12.356290 400.000000 -12.356290 11.473798 9179.038610 0.721669 39.644089 400.000000 39.644089 0.096272 77.017868 -0.982287 -47.113846 400.000000 -47.113846 1.671714 1337.370807 0.187381 49.371098 400.000000 49.371098
 8.000000 0.983771 -0.179428 0.268343 -0.963324 1.751201 2.869920 -0.179428 0.983771 -0.963324 0.268343 0.020325 16.260365 -0.169347 -12.388378 400.000000 -12.388378 8.220344 6576.275382 0.781036 34.151110 400.000000 34.151110 0.071925 57.539797 -0.982287 -47.113846 400.000000 -47.113846 1.310951 1048.760511 0.187381 49.371098 400.000000 49.371098
 8.200000 0.984319 -0.176400 0.164905 -0.986309 1.748124 2.975931 -0.176400 0.984319 -0.986309 0.164905 0.000601 0.480854 -0.174667 -12.394256 400.000000 -12.394256 4.142402 3313.921806 0.840402 30.056901 400.000000 30.056901 0.003236 2.588555 -0.982287 -47.113846 400.000000 -47.113846 0.101039 80.831381 0.187381 49.371098 400.000000 49.371098
 8.400000 0.992949 -0.118543 0.162595 -0.986693 1.689619 2.978273 -0.118543 0.992949 -0.986693 0.162595 0.755066 604.053199 -0.179987 -12.395760 400.000000 -12.395760 1.736533 1389.226148 0.899768 27.367957 400.000000 27.367957 0.003882 3.105642 -0.982287 -47.113846 400.000000 -47.113846 0.122876 98.300949 0.187381 49.371098 400.000000 49.371098
 8.600000 0.988808 -0.149196 0.197693 -0.980264 1.720551 2.942589 -0.149196 0.988808 -0.980264 0.197693 0.260798 208.638251 -0.185307 -12.379049 400.000000 -12.379049 0.176101 140.880551 0.959134 26.081851 400.000000 26.081851 0.000819 0.654989 -0.982287 -47.113846 400.000000 -47.113846 0.021267 17.013224 0.187381 49.371098 400.000000 49.371098
 8.800000 0.993373 -0.114936 0.208926 -0.977931 1.685987 2.931116 -0.114936 0.993373 -0.977931 0.208926 1.049661 839.728765 -0.187381 -12.342790 400.000000 -12.342790 0.024578 19.662601 0.982287 25.910772 400.000000 25.910772 0.003795 3.035781 -0.982287 -47.113846 400.000000 -47.113846 0.092838 74.270194 0.187381 49.371098 400.000000 49.371098
 9.000000 0.992238 -0.124352 0.138347 -0.990384 1.695471 3.002801 -0.124352 0.992238 -0.990384 0.138347 0.794548 635.638474 -0.187381 -12.342790 400.000000 -12.342790 0.019804 15.843463 0.982287 25.910772 400.000000 25.910772 0.013111 10.488873 -0.982287 -47.113846 400.000000 -47.113846 0.480882 384.705501 0.187381 49.371098 400.000000 49.371098
 9.200000 0.984635 -0.174624 0.055592 -0.998454 1.746321 3.085972 -0.174624 0.984635 -0.998454 0.055592 0.032548 26.038128 -0.187381 -12.342790 400.000000 -12.342790 0.001102 0.881995 0.982287 25.910772 400.000000 25.910772 0.052270 41.815927 -0.982287 -47.113846 400.000000 -47.113846 3.473676 2778.940567 0.187381 49.371098 400.000000 49.371098
 9.400000 0.970296 -0.241920 0.143984 -0.989580 1.815141 2.997107 -0.241920 0.970296 -0.989580 0.143984 0.594904 475.923193 -0.187381 -12.342790 400.000000 -12.342790 0.028758 23.006106 0.982287 25.910772 400.000000 25.910772 0.010637 8.509666 -0.982287 -47.113846 400.000000 -47.113846 0.376673 301.338777 0.187381 49.371098 400.000000 49.371098
 9.600000 0.978154 -0.207880 0.237264 -0.971445 1.780204 2.902045 -0.207880 0.978154 -0.971445 0.237264 0.084043 67.234616 -0.187381 -12.342790 400.000000 -12.342790 0.003416 2.733096 0.982287 25.910772 400.000000 25.910772 0.023510 18.807630 -0.982287 -47.113846 400.000000 -47.113846 0.497648 398.118593 0.187381 49.371098 400.000000 49.371098
 9.800000 0.983336 -0.181797 0.177831 -0.984061 1.753610 2.962811 -0.181797 0.983336 -0.984061 0.177831 0.006237 4.989221 -0.187381 -12.342790 400.000000 -12.342790 0.000220 0.175997 0.982287 25.910772 400.000000 25.910772 0.000629 0.503387 -0.982287 -47.113846 400.000000 -47.113846 0.018241 14.592558 0.187381 49.371098 400.000000 49.371098
 10.000000 0.985567 -0.169288 0.160392 -0.987053 1.740904 2.980505 -0.169288 0.985567 -0.987053 0.160392 0.065470 52.376134 -0.187381 -12.342790 400.000000 -12.342790 0.002151 1.720602 0.982287 25.910772 400.000000 25.910772 0.004543 3.634529 -0.982287 -47.113846 400.000000 -47.113846 0.145682 116.545840 0.187381 49.371098 400.000000 49.371098
 10.200000 0.983569 -0.180530 0.213988 -0.976836 1.752322 2.925937 -0.180530 0.983569 -0.976836 0.213988 0.009387 7.509779 -0.187381 -12.342790 400.000000 -12.342790 0.000329 0.263033 0.982287 25.910772 400.000000 25.910772 0.005943 4.754228 -0.982287 -47.113846 400.000000 -47.113846 0.141587 113.269875 0.187381 49.371098 400.000000 49.371098
 10.400000 0.987631 -0.156797 0.188934 -0.981990 1.728243 2.951516 -0.156797 0.987631 -0.981990 0.188934 0.187079 149.663278 -0.187381 -12.342790 400.000000 -12.342790 0.005711 4.568631 0.982287 25.910772 400.000000 25.910772 0.000018 0.014165 -0.982287 -47.113846 400.000000 -47.113846 0.000482 0.385948 0.187381 49.371098 400.000000 49.371098
 10.600000 0.984638 -0.174606 0.183306 -0.983056 1.746302 2.957245 -0.174606 0.984638 -0.983056 0.183306 0.032639 26.111466 -0.187381 -12.342790 400.000000 -12.342790 0.001105 0.884389 0.982287 25.910772 400.000000 25.910772 0.000118 0.094550 -0.982287 -47.113846 400.000000 -47.113846 0.003322 2.657797 0.187381 49.371098 400.000000 49.371098
 10.800000 0.978764 -0.204990 0.240496 -0.970650 1.777250 2.898716 -0.204990 0.978764 -0.970650 0.240496 0.062013 49.610215 -0.187381 -12.342790 400.000000 -12.342790 0.002483 1.986038 0.982287 25.910772 400.000000 25.910772 0.027085 21.667601 -0.982287 -47.113846 400.000000 -47.113846 0.564234 451.386920 0.187381 49.371098 400.000000 49.371098
 11.000000 0.978794 -0.204845 0.205796 -0.978595 1.777101 2.934316 -0.204845 0.978794 -0.978595 0.205796 0.060994 48.795360 -0.187381 -12.342790 400.000000 -12.342790 0.002440 1.951911 0.982287 25.910772 400.000000 25.910772 0.002727 2.181303 -0.982287 -47.113846 400.000000 -47.113846 0.067819 54.255334 0.187381 49.371098 400.000000 49.371098
 11.200000 0.983094 -0.183099 0.155827 -0.987784 1.754935 2.985128 -0.183099 0.983094 -0.987784 0.155827 0.003667 2.933598 -0.187381 -12.342790 400.000000 -12.342790 0.000130 0.104241 0.982287 25.910772 400.000000 25.910772 0.006044 4.834952 -0.982287 -47.113846 400.000000 -47.113846 0.199137 159.309227 0.187381 49.371098 400.000000 49.371098
 11.400000 0.985137 -0.171768 0.092222 -0.995738 1.743420 3.049239 -0.171768 0.985137 -0.995738 0.092222 0.048756 39.004572 -0.187381 -12.342790 400.000000 -12.342790 0.001625 1.299778 0.982287 25.910772 400.000000 25.910772 0.036187 28.949612 -0.982287 -47.113846 400.000000 -47.113846 1.811055 1448.844132 0.187381 49.371098 400.000000 49.371098
 11.600000 0.984949 -0.172844 0.127111 -0.991889 1.744513 3.014137 -0.172844 0.984949 -0.991889 0.127111 0.042266 33.812973 -0.187381 -12.342790 400.000000 -12.342790 0.001417 1.133754 0.982287 25.910772 400.000000 25.910772 0.018437 14.749538 -0.982287 -47.113846 400.000000 -47.113846 0.726509 581.206839 0.187381 49.371098 400.000000 49.371098
 11.800000 0.980979 -0.194115 0.214995 -0.976615 1.766152 2.924906 -0.194115 0.980979 -0.976615 0.214995 0.009069 7.255311 -0.187381 -12.342790 400.000000 -12.342790 0.000342 0.273955 0.982287 25.910772 400.000000 25.910772 0.006434 5.147557 -0.982287 -47.113846 400.000000 -47.113846 0.152501 122.000730 0.187381 49.371098 400.000000 49.371098
 12.000000 0.992390 -0.123134 0.253148 -0.967427 1.694244 2.885659 -0.123134 0.992390 -0.967427 0.253148 0.825545 660.435948 -0.187381 -12.342790 400.000000 -12.342790 0.020413 16.330682 0.982287 25.910772 400.000000 25.910772 0.044163 35.330015 -0.982287 -47.113846 400.000000 -47.113846 0.865059 692.047276 0.187381 49.371098 400.000000 49.371098
 12.200000 0.984853 -0.173391 0.239510 -0.970894 1.745068 2.899732 -0.173391 0.984853 -0.970894 0.239510 0.039146 31.316726 -0.187381 -12.342790 400.000000 -12.342790 0.001317 1.053348 0.982287 25.910772 400.000000 25.910772 0.025962 20.769377 -0.982287 -47.113846 400.000000 -47.113846 0.543480 434.784290 0.187381 49.371098 400.000000 49.371098
 12.400000 0.991478 -0.130271 0.143235 -0.989689 1.701439 2.997863 -0.130271 0.991478 -0.989689 0.143235 0.652308 521.846335 -0.187381 -12.342790 400.000000 -12.342790 0.016895 13.516265 0.982287 25.910772 400.000000 25.910772 0.010956 8.764924 -0.982287 -47.113846 400.000000 -47.113846 0.389773 311.818503 0.187381 49.371098 400.000000 49.371098
 12.600000 0.980814 -0.194944 0.155234 -0.987878 1.766997 2.985729 -0.194944 0.980814 -0.987878 0.155234 0.011439 9.151047 -0.187381 -12.342790 400.000000 -12.342790 0.000434 0.347097 0.982287 25.910772 400.000000 25.910772 0.006251 5.000678 -0.982287 -47.113846 400.000000 -47.113846 0.206696 165.356661 0.187381 49.371098 400.000000 49.371098
 12.800000 0.982787 -0.184742 0.222281 -0.974983 1.756606 2.917440 -0.184742 0.982787 -0.974983 0.222281 0.001393 1.114506 -0.187381 -12.342790 400.000000 -12.342790 0.000050 0.039967 0.982287 25.910772 400.000000 25.910772 0.010671 8.537014 -0.982287 -47.113846 400.000000 -47.113846 0.243594 194.874959 0.187381 49.371098 400.000000 49.371098
 13.000000 0.992018 -0.126093 0.143106 -0.989707 1.697226 2.997994 -0.126093 0.992018 -0.989707 0.143106 0.751253 601.002114 -0.187381 -12.342790 400.000000 -12.342790 0.018939 15.151339 0.982287 25.910772 400.000000 25.910772 0.011012 8.809265 -0.982287 -47.113846 400.000000 -47.113846 0.392059 313.647090 0.187381 49.371098 400.000000 49.371098
 13.200000 0.984548 -0.175118 0.102542 -0.994729 1.746822 3.038870 -0.175118 0.984548 -0.994729 0.102542 0.030079 24.063577 -0.187381 -12.342790 400.000000 -12.342790 0.001022 0.817406 0.982287 25.910772 400.000000 25.910772 0.030958 24.766305 -0.982287 -47.113846 400.000000 -47.113846 1.439547 1151.637226 0.187381 49.371098 400.000000 49.371098
 13.400000 0.968375 -0.249501 0.185268 -0.982688 1.822961 2.955248 -0.249501 0.968375 -0.982688 0.185268 0.771774 617.419416 -0.187381 -12.342790 400.000000 -12.342790 0.038713 30.970308 0.982287 25.910772 400.000000 25.910772 0.000032 0.025708 -0.982287 -47.113846 400.000000 -47.113846 0.000894 0.714800 0.187381 49.371098 400.000000 49.371098
 13.600000 0.984474 -0.175531 0.207998 -0.978129 1.747242 2.932065 -0.175531 0.984474 -0.978129 0.207998 0.028085 22.468067 -0.187381 -12.342790 400.000000 -12.342790 0.000956 0.765009 0.982287 25.910772 400.000000 25.910772 0.003458 2.766262 -0.982287 -47.113846 400.000000 -47.113846 0.085010 68.008304 0.187381 49.371098 400.000000 49.371098
 13.800000 0.986438 -0.164132 0.216014 -0.976390 1.735675 2.923863 -0.164132 0.986438 -0.976390 0.216014 0.108103 86.482615 -0.187381 -12.342790 400.000000 -12.342790 0.003446 2.757038 0.982287 25.910772 400.000000 25.910772 0.006955 5.563862 -0.982287 -47.113846 400.000000 -47.113846 0.163965 131.171890 0.187381 49.371098 400.000000 49.371098
 14.000000 0.993359 -0.115054 0.197415 -0.980320 1.686105 2.942872 -0.115054 0.993359 -0.980320 0.197415 1.046262 837.009518 -0.187381 -12.342790 400.000000 -12.342790 0.024518 19.614423 0.982287 25.910772 400.000000 25.910772 0.000774 0.619187 -0.982287 -47.113846 400.000000 -47.113846 0.020134 16.107468 0.187381 49.371098 400.000000 49.371098
 14.200000 0.991137 -0.132843 0.138856 -0.990313 1.704033 3.002287 -0.132843 0.991137 -0.990313 0.138856 0.594881 475.905177 -0.187381 -12.342790 400.000000 -12.342790 0.015664 12.531083 0.982287 25.910772 400.000000 25.910772 0.012881 10.304994 -0.982287 -47.113846 400.000000 -47.113846 0.470943 376.754761 0.187381 49.371098 400.000000 49.371098
 14.400000 0.992949 -0.118546 0.103532 -0.994626 1.689621 3.037874 -0.118546 0.992949 -0.994626 0.103532 0.947672 758.137858 -0.187381 -12.342790 400.000000 -12.342790 0.022733 18.186348 0.982287 25.910772 400.000000 25.910772 0.030449 24.359497 -0.982287 -47.113846 400.000000 -47.113846 1.406130 1124.903640 0.187381 49.371098 400.000000 49.371098
 14.600000 0.986145 -0.165884 0.189497 -0.981881 1.737451 2.950943 -0.165884 0.986145 -0.981881 0.189497 0.092424 73.939263 -0.187381 -12.342790 400.000000 -12.342790 0.002977 2.381425 0.982287 25.910772 400.000000 25.910772 0.000033 0.026367 -0.982287 -47.113846 400.000000 -47.113846 0.000895 0.716175 0.187381 49.371098 400.000000 49.371098
 14.800000 0.993095 -0.117314 0.225274 -0.974296 1.688381 2.914369 -0.117314 0.993095 -0.974296 0.225274 0.981894 785.515185 -0.187381 -12.342790 400.000000 -12.342790 0.023361 18.688870 0.982287 25.910772 400.000000 25.910772 0.012773 10.218765 -0.982287 -47.113846 400.000000 -47.113846 0.287165 229.731688 0.187381 49.371098 400.000000 49.371098
 15.000000 0.980685 -0.195594 0.226910 -0.973916 1.767659 2.912689 -0.195594 0.980685 -0.973916 0.226910 0.013489 10.791598 -0.187381 -12.342790 400.000000 -12.342790 0.000513 0.410770 0.982287 25.910772 400.000000 25.910772 0.014016 11.213188 -0.982287 -47.113846 400.000000 -47.113846 0.312504 250.002998 0.187381 49.371098 400.000000 49.371098
 15.200000 0.992133 -0.125190 0.180176 -0.983634 1.696316 2.960428 -0.125190 0.992133 -0.983634 0.180176 0.773552 618.841281 -0.187381 -12.342790 400.000000 -12.342790 0.019387 15.509523 0.982287 25.910772 400.000000 25.910772 0.000363 0.290401 -0.982287 -47.113846 400.000000 -47.113846 0.010385 8.307715 0.187381 49.371098 400.000000 49.371098
 15.400000 0.977609 -0.210428 0.128483 -0.991712 1.782809 3.012753 -0.210428 0.977609 -0.991712 0.128483 0.106232 84.985687 -0.187381 -12.342790 400.000000 -12.342790 0.004377 3.501305 0.982287 25.910772 400.000000 25.910772 0.017764 14.211129 -0.982287 -47.113846 400.000000 -47.113846 0.693794 555.034872 0.187381 49.371098 400.000000 49.371098
 15.600000 0.984686 -0.174339 0.236163 -0.971713 1.746031 2.903177 -0.174339 0.984686 -0.971713 0.236163 0.034021 27.216609 -0.187381 -12.342790 400.000000 -12.342790 0.001151 0.920413 0.982287 25.910772 400.000000 25.910772 0.022362 17.889229 -0.982287 -47.113846 400.000000 -47.113846 0.475940 380.752081 0.187381 49.371098 400.000000 49.371098
 15.800000 0.983755 -0.179516 0.227685 -0.973735 1.751291 2.911893 -0.179516 0.983755 -0.973735 0.227685 0.012373 9.898199 -0.187381 -12.342790 400.000000 -12.342790 0.000431 0.344714 0.982287 25.910772 400.000000 25.910772 0.014629 11.703001 -0.982287 -47.113846 400.000000 -47.113846 0.324878 259.902075 0.187381 49.371098 400.000000 49.371098
 16.000000 0.994071 -0.108735 0.151956 -0.988387 1.679746 2.989046 -0.108735 0.994071 -0.988387 0.151956 1.237057 989.645711 -0.187381 -12.342790 400.000000 -12.342790 0.027770 22.216332 0.982287 25.910772 400.000000 25.910772 0.007442 5.953762 -0.982287 -47.113846 400.000000 -47.113846 0.250997 200.797980 0.187381 49.371098 400.000000 49.371098
 16.200000 0.990436 -0.137973 0.120884 -0.992667 1.709211 3.020412 -0.137973 0.990436 -0.992667 0.120884 0.488233 390.586253 -0.187381 -12.342790 400.000000 -12.342790 0.013280 10.624249 0.982287 25.910772 400.000000 25.910772 0.021546 17.236928 -0.982287 -47.113846 400.000000 -47.113846 0.884369 707.495039 0.187381 49.371098 400.000000 49.371098
 16.400000 0.990459 -0.137805 0.186628 -0.982431 1.709041 2.953864 -0.137805 0.990459 -0.982431 0.186628 0.491559 393.247070 -0.187381 -12.342790 400.000000 -12.342790 0.013357 10.685328 0.982287 25.910772 400.000000 25.910772 0.000004 0.003289 -0.982287 -47.113846 400.000000 -47.113846 0.000113 0.090768 0.187381 49.371098 400.000000 49.371098
 16.600000 0.986076 -0.166297 0.224781 -0.974409 1.737869 2.914874 -0.166297 0.986076 -0.974409 0.224781 0.088910 71.127967 -0.187381 -12.342790 400.000000 -12.342790 0.002870 2.296396 0.982287 25.910772 400.000000 25.910772 0.012412 9.929954 -0.982287 -47.113846 400.000000 -47.113846 0.279748 223.798671 0.187381 49.371098 400.000000 49.371098
 16.800000 0.983008 -0.183561 0.173871 -0.984768 1.755404 2.966834 -0.183561 0.983008 -0.984768 0.173871 0.002920 2.335665 -0.187381 -12.342790 400.000000 -12.342790 0.000104 0.083208 0.982287 25.910772 400.000000 25.910772 0.001231 0.985037 -0.982287 -47.113846 400.000000 -47.113846 0.036507 29.205534 0.187381 49.371098 400.000000 49.371098
 17.000000 0.980172 -0.198147 0.183597 -0.983002 1.770263 2.956948 -0.198147 0.980172 -0.983002 0.183597 0.023180 18.544275 -0.187381 -12.342790 400.000000 -12.342790 0.000895 0.715684 0.982287 25.910772 400.000000 25.910772 0.000102 0.081635 -0.982287 -47.113846 400.000000 -47.113846 0.002864 2.291031 0.187381 49.371098 400.000000 49.371098
 17.200000 0.977412 -0.211343 0.188226 -0.982126 1.783745 2.952237 -0.211343 0.977412 -0.982126 0.188226 0.114836 91.868514 -0.187381 -12.342790 400.000000 -12.342790 0.004754 3.803068 0.982287 25.910772 400.000000 25.910772 0.000005 0.004170 -0.982287 -47.113846 400.000000 -47.113846 0.000143 0.114065 0.187381 49.371098 400.000000 49.371098
 17.400000 0.975860 -0.218395 0.171406 -0.985201 1.790966 2.969336 -0.218395 0.975860 -0.985201 0.171406 0.192376 153.900406 -0.187381 -12.342790 400.000000 -12.342790 0.008261 6.608810 0.982287 25.910772 400.000000 25.910772 0.001697 1.357956 -0.982287 -47.113846 400.000000 -47.113846 0.051044 40.835359 0.187381 49.371098 400.000000 49.371098
 17.600000 0.988681 -0.150034 0.163802 -0.986493 1.721399 2.977049 -0.150034 0.988681 -0.986493 0.163802 0.278959 223.167310 -0.187381 -12.342790 400.000000 -12.342790 0.008175 6.540364 0.982287 25.910772 400.000000 25.910772 0.003538 2.830379 -0.982287 -47.113846 400.000000 -47.113846 0.111194 88.955053 0.187381 49.371098 400.000000 49.371098
 17.800000 0.990593 -0.136842 0.212602 -0.977139 1.708069 2.927355 -0.136842 0.990593 -0.977139 0.212602 0.510839 408.671405 -0.187381 -12.342790 400.000000 -12.342790 0.013797 11.037279 0.982287 25.910772 400.000000 25.910772 0.005301 4.241041 -0.982287 -47.113846 400.000000 -47.113846 0.127220 101.776084 0.187381 49.371098 400.000000 49.371098
 18.000000 0.983362 -0.181656 0.246432 -0.969160 1.753467 2.892596 -0.181656 0.983362 -0.969160 0.246432 0.006555 5.244122 -0.187381 -12.342790 400.000000 -12.342790 0.000231 0.184843 0.982287 25.910772 400.000000 25.910772 0.034464 27.571458 -0.982287 -47.113846 400.000000 -47.113846 0.697394 557.914860 0.187381 49.371098 400.000000 49.371098
 18.200000 0.989884 -0.141881 0.220891 -0.975298 1.713158 2.918864 -0.141881 0.989884 -0.975298 0.220891 0.414047 331.237773 -0.187381 -12.342790 400.000000 -12.342790 0.011541 9.232856 0.982287 25.910772 400.000000 25.910772 0.009769 7.815023 -0.982287 -47.113846 400.000000 -47.113846 0.224585 179.668150 0.187381 49.371098 400.000000 49.371098
 18.400000 0.992131 -0.125203 0.152048 -0.988373 1.696329 2.988953 -0.125203 0.992131 -0.988373 0.152048 0.773228 618.582132 -0.187381 -12.342790 400.000000 -12.342790 0.019380 15.504346 0.982287 25.910772 400.000000 25.910772 0.007408 5.926180 -0.982287 -47.113846 400.000000 -47.113846 0.249696 199.756553 0.187381 49.371098 400.000000 49.371098
 18.600000 0.990257 -0.139249 0.210412 -0.977613 1.710499 2.929597 -0.139249 0.990257 -0.977613 0.210412 0.463353 370.682006 -0.187381 -12.342790 400.000000 -12.342790 0.012705 10.163881 0.982287 25.910772 400.000000 25.910772 0.004370 3.495936 -0.982287 -47.113846 400.000000 -47.113846 0.106078 84.862799 0.187381 49.371098 400.000000 49.371098
 18.800000 0.991847 -0.127437 0.252667 -0.967553 1.698581 2.886156 -0.127437 0.991847 -0.967553 0.252667 0.718660 574.928187 -0.187381 -12.342790 400.000000 -12.342790 0.018276 14.621126 0.982287 25.910772 400.000000 25.910772 0.043419 34.734877 -0.982287 -47.113846 400.000000 -47.113846 0.852457 681.965239 0.187381 49.371098 400.000000 49.371098
 19.000000 0.992365 -0.123334 0.184304 -0.982869 1.694445 2.956229 -0.123334 0.992365 -0.982869 0.184304 0.820405 656.324336 -0.187381 -12.342790 400.000000 -12.342790 0.020313 16.250367 0.982287 25.910772 400.000000 25.910772 0.000068 0.054218 -0.982287 -47.113846 400.000000 -47.113846 0.001895 1.515624 0.187381 49.371098 400.000000 49.371098
 19.200000 0.993599 -0.112963 0.141045 -0.990003 1.684001 3.000076 -0.112963 0.993599 -0.990003 0.141045 1.107630 886.104138 -0.187381 -12.342790 400.000000 -12.342790 0.025592 20.473795 0.982287 25.910772 400.000000 25.910772 0.011907 9.525795 -0.982287 -47.113846 400.000000 -47.113846 0.429416 343.532458 0.187381 49.371098 400.000000 49.371098
 19.400000 0.972999 -0.230810 0.165350 -0.986235 1.803706 2.975479 -0.230810 0.972999 -0.986235 0.165350 0.377202 301.761339 -0.187381 -12.342790 400.000000 -12.342790 0.017254 13.803586 0.982287 25.910772 400.000000 25.910772 0.003117 2.493417 -0.982287 -47.113846 400.000000 -47.113846 0.097073 77.658083 0.187381 49.371098 400.000000 49.371098
 19.600000 0.990842 -0.135026 0.185705 -0.982606 1.706236 2.954803 -0.135026 0.990842 -0.982606 0.185705 0.548225 438.579824 -0.187381 -12.342790 400.000000 -12.342790 0.014637 11.709710 0.982287 25.910772 400.000000 25.910772 0.000020 0.016211 -0.982287 -47.113846 400.000000 -47.113846 0.000562 0.449652 0.187381 49.371098 400.000000 49.371098
 19.800000 0.978128 -0.208004 0.118332 -0.992974 1.780330 3.022983 -0.208004 0.978128 -0.992974 0.118332 0.085060 68.047933 -0.187381 -12.342790 400.000000 -12.342790 0.003460 2.767962 0.982287 25.910772 400.000000 25.910772 0.022842 18.273291 -0.982287 -47.113846 400.000000 -47.113846 0.953557 762.845738 0.187381 49.371098 400.000000 49.371098
 20.000000 0.995041 -0.099461 0.177044 -0.984203 1.670422 2.963611 -0.099461 0.995041 -0.984203 0.177044 1.546007 1236.805730 -0.187381 -12.342790 400.000000 -12.342790 0.032534 26.027307 0.982287 25.910772 400.000000 25.910772 0.000734 0.587205 -0.982287 -47.113846 400.000000 -47.113846 0.021373 17.098466 0.187381 49.371098 400.000000 49.371098
