#! FIELDS time sin_phi cos_phi sin_psi cos_psi phi psi cos_phi sin_phi cos_psi sin_psi restraint_phi_cos.bias restraint_phi_cos.force2 restraint_phi_cos.cos_phi_cntr restraint_phi_cos.cos_phi_work restraint_phi_cos.cos_phi_kappa restraint_phi_cos.work restraint_phi_sin.bias restraint_phi_sin.force2 restraint_phi_sin.sin_phi_cntr restraint_phi_sin.sin_phi_work restraint_phi_sin.sin_phi_kappa restraint_phi_sin.work restraint_psi_cos.bias restraint_psi_cos.force2 restraint_psi_cos.cos_psi_cntr restraint_psi_cos.cos_psi_work restraint_psi_cos.cos_psi_kappa restraint_psi_cos.work restraint_psi_sin.bias restraint_psi_sin.force2 restraint_psi_sin.sin_psi_cntr restraint_psi_sin.sin_psi_work restraint_psi_sin.sin_psi_kappa restraint_psi_sin.work
#! SET min_phi -pi
#! SET max_phi pi
#! SET min_psi -pi
#! SET max_psi pi
 0.000000 -0.999983 -0.005782 0.966116 0.258110 -1.576579 1.309731 -0.005782 -0.999983 0.258110 0.966116 0.000000 0.000000 -0.009747 0.000000 0.000000 0.000000 0.000000 0.000000 -0.999953 0.000000 0.000000 0.000000 0.000000 0.000000 0.256142 0.000000 0.000000 0.000000 0.000000 0.000000 0.966639 0.000000 0.000000 0.000000
 0.200000 -0.999140 -0.041466 0.905015 0.425380 -1.612274 1.131414 -0.041466 -0.999140 0.425380 0.905015 0.020122 1.609797 -0.009747 0.662364 40.000000 0.662364 0.000013 0.001056 -0.999953 0.011529 40.000000 0.011529 0.572829 45.826299 0.256142 0.576361 40.000000 0.576361 0.075951 6.076091 0.966639 0.088549 40.000000 0.088549
 0.400000 -0.998868 -0.047564 0.956079 0.293110 -1.618378 1.273318 -0.047564 -0.998868 0.293110 0.956079 0.057207 9.153063 -0.009747 0.801254 80.000000 0.801254 0.000047 0.007525 -0.999953 0.011985 80.000000 0.011985 0.054664 8.746238 0.256142 0.735572 80.000000 0.735572 0.004461 0.713730 0.966639 0.099440 80.000000 0.099440
 0.600000 -0.997966 0.063742 0.981905 0.189375 -1.507011 1.380271 0.063742 -0.997966 0.189375 0.981905 0.324034 77.768185 -0.009747 0.886964 120.000000 0.886964 0.000237 0.056802 -0.999953 0.012279 120.000000 0.012279 0.267476 64.194292 0.256142 0.965563 120.000000 0.965563 0.013983 3.355865 0.966639 0.123245 120.000000 0.123245
 0.800000 -0.993236 0.116117 0.966929 0.255047 -1.454417 1.312900 0.116117 -0.993236 0.255047 0.966929 1.267325 405.543876 -0.009747 0.947160 160.000000 0.947160 0.003609 1.154998 -0.999953 0.012346 160.000000 0.012346 0.000096 0.030706 0.256142 1.077497 160.000000 1.077497 0.000007 0.002146 0.966639 0.133966 160.000000 0.133966
 1.000000 -0.995769 0.091890 0.976051 0.217543 -1.478776 1.351500 0.091890 -0.995769 0.217543 0.976051 1.033004 413.201607 -0.009747 1.048424 200.000000 1.048424 0.001750 0.700021 -0.999953 0.012636 200.000000 0.012636 0.148992 59.596688 0.256142 1.117661 200.000000 1.117661 0.008858 3.543195 0.966639 0.136763 200.000000 0.136763
 1.200000 -0.998340 0.057594 0.982478 0.186381 -1.513171 1.383320 0.057594 -0.998340 0.186381 0.982478 0.544165 261.199174 -0.009747 1.108163 240.000000 1.108163 0.000312 0.149750 -0.999953 0.012786 240.000000 0.012786 0.584006 280.322927 0.256142 1.161196 240.000000 1.161196 0.030103 14.449554 0.966639 0.140227 240.000000 0.140227
 1.400000 -0.997550 0.069958 0.946013 0.324129 -1.500781 1.240706 0.069958 -0.997550 0.324129 0.946013 0.889400 498.064101 -0.009747 1.170197 280.000000 1.170197 0.000808 0.452557 -0.999953 0.012956 280.000000 0.012956 0.647099 362.375664 0.256142 1.205108 280.000000 1.205108 0.059561 33.354077 0.966639 0.144050 280.000000 0.144050
 1.600000 -0.999690 0.024897 0.961323 0.275424 -1.545897 1.291766 0.024897 -0.999690 0.275424 0.961323 0.192027 122.897264 -0.009747 1.219907 320.000000 1.219907 0.000011 0.007055 -0.999953 0.013013 320.000000 0.013013 0.059484 38.069514 0.256142 1.269700 320.000000 1.269700 0.004522 2.893977 0.966639 0.148946 320.000000 0.148946
 1.800000 -0.999539 -0.030350 0.959796 0.280697 -1.601151 1.286276 -0.030350 -0.999539 0.280697 0.959796 0.076412 55.016281 -0.009747 1.248255 360.000000 1.248255 0.000031 0.022124 -0.999953 0.013048 360.000000 0.013048 0.108525 78.138244 0.256142 1.295075 360.000000 1.295075 0.008428 6.067965 0.966639 0.150757 360.000000 0.150757
 2.000000 -0.999243 -0.038912 0.964147 0.265368 -1.609718 1.302211 -0.038912 -0.999243 0.265368 0.964147 0.170125 136.100196 -0.009747 1.286647 400.000000 1.286647 0.000101 0.080624 -0.999953 0.013076 400.000000 0.013076 0.017022 13.617410 0.256142 1.318556 400.000000 1.318556 0.001242 0.993463 0.966639 0.152519 400.000000 0.152519
 2.200000 -0.998059 0.062283 0.963979 0.265980 -1.508473 1.301576 0.062283 -0.998059 0.265980 0.963979 0.739178 591.342160 0.001489 1.247230 400.000000 1.247230 0.894484 715.587283 -0.931182 0.934199 400.000000 0.934199 0.005761 4.608403 0.260613 1.292378 400.000000 1.292378 1.067109 853.687446 0.890934 1.120901 400.000000 1.120901
 2.400000 -0.999406 0.034453 0.945596 0.325342 -1.536337 1.239422 0.034453 -0.999406 0.325342 0.945596 0.094417 75.533266 0.012725 1.191553 400.000000 1.191553 3.753477 3002.781963 -0.862412 3.754198 400.000000 3.754198 0.726239 580.990942 0.265083 1.226572 400.000000 1.226572 3.399143 2719.314527 0.815229 4.146014 400.000000 4.146014
 2.600000 -0.996314 0.085776 0.943412 0.331623 -1.484915 1.232773 0.085776 -0.996314 0.331623 0.943412 0.764201 611.361061 0.023961 1.145988 400.000000 1.145988 8.215222 6572.177388 -0.793642 8.458313 400.000000 8.458313 0.770521 616.417091 0.269553 1.123959 400.000000 1.123959 8.314115 6651.292112 0.739523 9.220332 400.000000 9.220332
 2.800000 -0.999950 -0.009985 0.928913 0.370299 -1.580781 1.191466 -0.009985 -0.999950 0.370299 0.928913 0.408279 326.622990 0.035197 1.055778 400.000000 1.055778 15.133607 12106.885401 -0.724872 15.027548 400.000000 15.027548 1.853769 1483.014848 0.274024 0.957330 400.000000 0.957330 14.055025 11244.020164 0.663818 16.140388 400.000000 16.140388
 3.000000 -0.983128 0.182917 0.892503 0.451041 -1.386844 1.102865 0.182917 -0.983128 0.451041 0.892503 3.725554 2980.443442 0.046433 0.900784 400.000000 0.900784 21.389283 17111.426550 -0.656102 23.436066 400.000000 23.436066 5.954483 4763.586542 0.278494 0.718677 400.000000 0.718677 18.530684 14824.547146 0.588113 24.764761 400.000000 24.764761
 3.200000 -0.997502 0.070641 0.844237 0.535970 -1.500097 1.005140 0.070641 -0.997502 0.535970 0.844237 0.033652 26.921298 0.057669 0.734175 400.000000 0.734175 33.647920 26918.335715 -0.587332 33.685433 400.000000 33.685433 12.802359 10241.887073 0.282964 0.402344 400.000000 0.402344 22.022130 17617.703677 0.512408 34.963372 400.000000 34.963372
 3.400000 -0.990905 0.134560 0.775225 0.631686 -1.435827 0.887071 0.134560 -0.990905 0.631686 0.775225 0.862125 689.699880 0.068905 0.459594 400.000000 0.459594 44.621754 35697.403185 -0.518561 45.736910 400.000000 45.736910 23.701737 18961.389534 0.287435 -0.018846 400.000000 -0.018846 22.919430 18335.543910 0.436703 46.347979 400.000000 46.347979
 3.600000 -0.978623 0.205664 0.795060 0.606530 -1.363654 0.919107 0.205664 -0.978623 0.606530 0.795060 3.151205 2520.964073 0.080141 0.062673 400.000000 0.062673 55.932515 44746.011794 -0.449791 59.537118 400.000000 59.537118 19.797791 15838.233118 0.291905 -0.537647 400.000000 -0.537647 37.682143 30145.714740 0.360997 58.881310 400.000000 58.881310
 3.800000 -0.976685 0.214675 0.642786 0.766046 -1.354437 0.698129 0.214675 -0.976685 0.766046 0.642786 3.040497 2432.397420 0.091377 -0.475236 400.000000 -0.475236 70.963189 56770.550943 -0.381021 75.005857 400.000000 75.005857 44.118051 35294.441015 0.296375 -1.203312 400.000000 -1.203312 25.560357 20448.285297 0.285292 71.604476 400.000000 71.604476
 4.000000 -0.947804 0.318854 0.553140 0.833089 -1.246276 0.586128 0.318854 -0.947804 0.833089 0.553140 9.352063 7481.650116 0.102613 -1.210045 400.000000 -1.210045 80.785456 64628.364607 -0.312251 91.974697 400.000000 91.974697 56.656459 45325.167442 0.300846 -2.037195 400.000000 -2.037195 23.605692 18884.553282 0.209587 83.568480 400.000000 83.568480
 4.200000 -0.934018 0.357225 0.531556 0.847023 -1.205501 0.560437 0.357225 -0.934018 0.847023 0.531556 11.846375 9477.100105 0.113849 -2.245233 400.000000 -2.245233 95.368419 76294.735417 -0.243481 110.187383 400.000000 110.187383 58.689272 46951.417420 0.305316 -3.043957 400.000000 -3.043957 31.628981 25303.184881 0.133882 93.254445 400.000000 93.254445
 4.400000 -0.748760 0.662841 0.131079 0.991372 -0.846190 0.131457 0.662841 -0.748760 0.991372 0.131079 57.836311 46269.049163 0.125085 -3.740145 400.000000 -3.740145 65.906597 52725.277778 -0.174711 128.879786 400.000000 128.879786 92.911742 74329.393639 0.309787 -4.182205 400.000000 -4.182205 1.062943 850.354781 0.058177 99.476884 400.000000 99.476884
 4.600000 -0.770249 0.637743 -0.135196 0.990819 -0.879232 -0.135611 0.637743 -0.770249 0.990819 -0.135196 50.284840 40227.871709 0.136321 -5.921089 400.000000 -5.921089 88.261223 70608.978487 -0.105941 146.629879 400.000000 146.629879 91.547225 73237.780106 0.314257 -5.393887 400.000000 -5.393887 2.769120 2215.296236 -0.017529 102.018606 400.000000 102.018606
 4.800000 -0.281053 0.959692 -0.272693 0.962101 -0.284891 -0.276191 0.959692 -0.281053 0.962101 -0.272693 131.912909 105530.327504 0.147557 -8.953723 400.000000 -8.953723 11.895693 9516.554223 -0.037170 159.734950 400.000000 159.734950 82.785974 66228.779208 0.318727 -6.585137 400.000000 -6.585137 6.441128 5152.902071 -0.093234 98.396613 400.000000 98.396613
 5.000000 0.385416 0.922743 -0.452393 0.891819 0.395659 -0.469447 0.922743 0.385416 0.891819 -0.452393 116.724023 93379.218299 0.158793 -12.660755 400.000000 -12.660755 25.037220 20029.776146 0.031600 159.977197 400.000000 159.977197 64.665992 51732.793570 0.323198 -7.640718 400.000000 -7.640718 16.069224 12855.379174 -0.168939 90.161870 400.000000 90.161870
 5.200000 0.695534 0.718493 -0.643754 0.765233 0.769163 -0.699393 0.718493 0.695534 0.765233 -0.643754 60.162693 48130.154675 0.170028 -15.808537 400.000000 -15.808537 70.844099 56675.279051 0.100370 148.444279 400.000000 148.444279 38.292599 30634.079581 0.327668 -8.561832 400.000000 -8.561832 31.857657 25486.125616 -0.244644 80.247002 400.000000 80.247002
 5.400000 0.697950 0.716146 -0.700605 0.713550 0.772532 -0.776244 0.716146 0.697950 0.713550 -0.700605 57.219672 45775.737946 0.181264 -18.253882 400.000000 -18.253882 55.928110 44742.488071 0.169140 133.233156 400.000000 133.233156 29.094950 23275.959820 0.332138 -9.345074 400.000000 -9.345074 28.918772 23135.017412 -0.320350 69.547076 400.000000 69.547076
 5.600000 0.749133 0.662420 -0.800423 0.599436 0.846752 -0.928000 0.662420 0.749133 0.599436 -0.800423 44.164886 35331.908795 0.192500 -20.270721 400.000000 -20.270721 52.269711 41815.768749 0.237910 117.700606 400.000000 117.700606 13.815635 11052.508008 0.336609 -9.984009 400.000000 -9.984009 32.702701 26162.160780 -0.396055 58.574053 400.000000 58.574053
 5.800000 0.859186 0.511663 -0.785681 0.618632 1.033677 -0.903796 0.511663 0.859186 0.618632 -0.785681 18.963797 15171.037859 0.203736 -21.920821 400.000000 -21.920821 61.052545 48842.035927 0.306680 102.604407 400.000000 102.604407 15.407154 12325.722889 0.341079 -10.480142 400.000000 -10.480142 19.709256 15767.404654 -0.471760 47.903814 400.000000 47.903814
 6.000000 0.856780 0.515682 -0.807275 0.590175 1.028993 -0.939520 0.515682 0.856780 0.590175 -0.807275 18.085300 14468.239833 0.214972 -23.314080 400.000000 -23.314080 46.335625 37068.500319 0.375450 88.549230 400.000000 88.549230 11.968371 9574.696883 0.345549 -10.868756 400.000000 -10.868756 13.500245 10800.196353 -0.547465 38.293765 400.000000 38.293765
 6.200000 0.935015 0.354609 -0.835576 0.549375 1.208301 -0.989180 0.354609 0.935015 0.549375 -0.835576 3.297340 2637.871953 0.226208 -24.469639 400.000000 -24.469639 48.175800 38540.640069 0.444221 75.720640 400.000000 75.720640 7.948503 6358.802779 0.350020 -11.167603 400.000000 -11.167603 9.023228 7218.582099 -0.623170 30.091757 400.000000 30.091757
 6.400000 0.888829 0.458240 -0.900428 0.435004 1.094783 -1.120753 0.458240 0.888829 0.435004 -0.900428 9.750125 7800.100360 0.237444 -25.419613 400.000000 -25.419613 28.250849 22600.678924 0.512991 64.277174 400.000000 64.277174 1.296510 1037.208387 0.354490 -11.390843 400.000000 -11.390843 8.124705 6499.764111 -0.698876 23.519330 400.000000 23.519330
 6.600000 0.893537 0.448989 -0.923264 0.384165 1.105162 -1.176493 0.448989 0.893537 0.384165 -0.923264 8.024765 6419.812299 0.248680 -26.193751 400.000000 -26.193751 19.440889 15552.711211 0.581761 54.342825 400.000000 54.342825 0.127055 101.644224 0.358960 -11.550543 400.000000 -11.550543 4.421365 3537.091895 -0.774581 18.747549 400.000000 18.747549
 6.800000 0.933200 0.359358 -0.919680 0.392670 1.203217 -1.167264 0.359358 0.933200 0.392670 -0.919680 1.977733 1582.186293 0.259916 -26.849273 400.000000 -26.849273 15.980342 12784.273707 0.650531 46.115709 400.000000 46.115709 0.170985 136.787985 0.363431 -11.636081 400.000000 -11.636081 0.963092 770.473611 -0.850286 15.740401 400.000000 15.740401
 7.000000 0.944488 0.328547 -0.913426 0.407005 1.236032 -1.151623 0.328547 0.944488 0.407005 -0.913426 0.658836 527.069057 0.271152 -27.338000 400.000000 -27.338000 10.141796 8113.436967 0.719301 39.467512 400.000000 39.467512 0.305826 244.660675 0.367901 -11.673868 400.000000 -11.673868 0.031578 25.262073 -0.925991 14.727850 400.000000 14.727850
 7.200000 0.930333 0.366717 -0.931161 0.364608 1.195319 -1.197584 0.366717 0.930333 0.364608 -0.931161 1.422282 1137.825209 0.282388 -27.711362 400.000000 -27.711362 4.047654 3238.123323 0.788071 34.560995 400.000000 34.560995 0.002473 1.978528 0.368125 -11.679801 400.000000 -11.679801 0.000383 0.306739 -0.929776 14.769156 400.000000 14.769156
 7.400000 0.928746 0.370718 -0.924799 0.380457 1.191015 -1.180506 0.370718 0.928746 0.380457 -0.924799 1.188696 950.956790 0.293624 -27.995015 400.000000 -27.995015 1.034042 827.233528 0.856841 31.447438 400.000000 31.447438 0.030416 24.332606 0.368125 -11.679801 400.000000 -11.679801 0.004955 3.964400 -0.929776 14.769156 400.000000 14.769156
 7.600000 0.944415 0.328755 -0.948494 0.316795 1.235811 -1.248448 0.328755 0.944415 0.316795 -0.948494 0.114201 91.361167 0.304860 -28.132137 400.000000 -28.132137 0.070714 56.571583 0.925612 30.021973 400.000000 30.021973 0.526944 421.555398 0.368125 -11.679801 400.000000 -11.679801 0.070069 56.055409 -0.929776 14.769156 400.000000 14.769156
 7.800000 0.941610 0.336705 -0.913034 0.407883 1.227381 -1.150663 0.336705 0.941610 0.407883 -0.913034 0.153329 122.663340 0.309017 -28.173428 400.000000 -28.173428 0.017847 14.277699 0.951057 29.978546 400.000000 29.978546 0.316141 252.912456 0.368125 -11.679801 400.000000 -11.679801 0.056060 44.847697 -0.929776 14.769156 400.000000 14.769156
 8.000000 0.960364 0.278749 -0.939648 0.342143 1.288306 -1.221600 0.278749 0.960364 0.342143 -0.939648 0.183236 146.588478 0.309017 -28.173428 400.000000 -28.173428 0.017326 13.861032 0.951057 29.978546 400.000000 29.978546 0.135012 108.009782 0.368125 -11.679801 400.000000 -11.679801 0.019490 15.591601 -0.929776 14.769156 400.000000 14.769156
 8.200000 0.947664 0.319270 -0.933455 0.358695 1.245838 -1.203926 0.319270 0.947664 0.358695 -0.933455 0.021024 16.819015 0.309017 -28.173428 400.000000 -28.173428 0.002302 1.841596 0.951057 29.978546 400.000000 29.978546 0.017782 14.225626 0.368125 -11.679801 400.000000 -11.679801 0.002706 2.164669 -0.929776 14.769156 400.000000 14.769156
 8.400000 0.930309 0.366777 -0.907477 0.420101 1.195255 -1.137240 0.366777 0.930309 0.420101 -0.907477 0.667232 533.785895 0.309017 -28.173428 400.000000 -28.173428 0.086091 68.872956 0.951057 29.978546 400.000000 29.978546 0.540306 432.244597 0.368125 -11.679801 400.000000 -11.679801 0.099449 79.559489 -0.929776 14.769156 400.000000 14.769156
 8.600000 0.963177 0.268869 -0.961958 0.273199 1.298577 -1.294079 0.268869 0.963177 0.273199 -0.961958 0.322366 257.892839 0.309017 -28.173428 400.000000 -28.173428 0.029380 23.503608 0.951057 29.978546 400.000000 29.978546 1.802168 1441.734374 0.368125 -11.679801 400.000000 -11.679801 0.207124 165.698908 -0.929776 14.769156 400.000000 14.769156
 8.800000 0.948721 0.316114 -0.936802 0.349861 1.249165 -1.213374 0.316114 0.948721 0.349861 -0.936802 0.010074 8.059217 0.309017 -28.173428 400.000000 -28.173428 0.001091 0.872629 0.951057 29.978546 400.000000 29.978546 0.066713 53.370152 0.368125 -11.679801 400.000000 -11.679801 0.009871 7.896548 -0.929776 14.769156 400.000000 14.769156
 9.000000 0.946109 0.323848 -0.922663 0.385608 1.241002 -1.174929 0.323848 0.946109 0.385608 -0.922663 0.043992 35.193795 0.309017 -28.173428 400.000000 -28.173428 0.004895 3.916317 0.951057 29.978546 400.000000 29.978546 0.061137 48.909460 0.368125 -11.679801 400.000000 -11.679801 0.010122 8.097296 -0.929776 14.769156 400.000000 14.769156
 9.200000 0.950164 0.311752 -0.921975 0.387250 1.253760 -1.173150 0.311752 0.950164 0.387250 -0.921975 0.001496 1.196724 0.309017 -28.173428 400.000000 -28.173428 0.000159 0.127582 0.951057 29.978546 400.000000 29.978546 0.073155 58.524123 0.368125 -11.679801 400.000000 -11.679801 0.012173 9.738545 -0.929776 14.769156 400.000000 14.769156
 9.400000 0.937352 0.348384 -0.951253 0.308412 1.214950 -1.257273 0.348384 0.937352 0.308412 -0.951253 0.309950 247.959760 0.309017 -28.173428 400.000000 -28.173428 0.037563 30.050370 0.951057 29.978546 400.000000 29.978546 0.713112 570.489548 0.368125 -11.679801 400.000000 -11.679801 0.092246 73.797122 -0.929776 14.769156 400.000000 14.769156
 9.600000 0.948991 0.315302 -0.948973 0.315356 1.250021 -1.249965 0.315302 0.948991 0.315356 -0.948973 0.007900 6.320322 0.309017 -28.173428 400.000000 -28.173428 0.000853 0.682375 0.951057 29.978546 400.000000 29.978546 0.556907 445.525727 0.368125 -11.679801 400.000000 -11.679801 0.073705 58.964001 -0.929776 14.769156 400.000000 14.769156
 9.800000 0.941711 0.336423 -0.933649 0.358189 1.227681 -1.204469 0.336423 0.941711 0.358189 -0.933649 0.150216 120.172536 0.309017 -28.173428 400.000000 -28.173428 0.017468 13.974045 0.951057 29.978546 400.000000 29.978546 0.019745 15.795967 0.368125 -11.679801 400.000000 -11.679801 0.003000 2.399771 -0.929776 14.769156 400.000000 14.769156
 10.000000 0.956366 0.292170 -0.920554 0.390615 1.274301 -1.169497 0.292170 0.956366 0.390615 -0.920554 0.056763 45.410695 0.309017 -28.173428 400.000000 -28.173428 0.005639 4.511111 0.951057 29.978546 400.000000 29.978546 0.101161 80.929043 0.368125 -11.679801 400.000000 -11.679801 0.017010 13.607889 -0.929776 14.769156 400.000000 14.769156
 10.200000 0.955870 0.293789 -0.920978 0.389616 1.272608 -1.170582 0.293789 0.955870 0.389616 -0.920978 0.046378 37.102415 0.309017 -28.173428 400.000000 -28.173428 0.004634 3.707570 0.951057 29.978546 400.000000 29.978546 0.092373 73.898535 0.368125 -11.679801 400.000000 -11.679801 0.015484 12.387368 -0.929776 14.769156 400.000000 14.769156
 10.400000 0.937953 0.346761 -0.949153 0.314817 1.216680 -1.250533 0.346761 0.937953 0.314817 -0.949153 0.284929 227.943577 0.309017 -28.173428 400.000000 -28.173428 0.034339 27.470923 0.951057 29.978546 400.000000 29.978546 0.568346 454.677129 0.368125 -11.679801 400.000000 -11.679801 0.075086 60.068808 -0.929776 14.769156 400.000000 14.769156
 10.600000 0.935451 0.353457 -0.951868 0.306510 1.209532 -1.259272 0.353457 0.935451 0.306510 -0.951868 0.394986 315.988426 0.309017 -28.173428 400.000000 -28.173428 0.048708 38.966563 0.951057 29.978546 400.000000 29.978546 0.759283 607.426055 0.368125 -11.679801 400.000000 -11.679801 0.097603 78.082731 -0.929776 14.769156 400.000000 14.769156
 10.800000 0.952498 0.304546 -0.930315 0.366761 1.261334 -1.195271 0.304546 0.952498 0.366761 -0.930315 0.003997 3.197875 0.309017 -28.173428 400.000000 -28.173428 0.000415 0.332238 0.951057 29.978546 400.000000 29.978546 0.000372 0.297427 0.368125 -11.679801 400.000000 -11.679801 0.000058 0.046425 -0.929776 14.769156 400.000000 14.769156
 11.000000 0.946672 0.322199 -0.933305 0.359084 1.242744 -1.203510 0.322199 0.946672 0.359084 -0.933305 0.034755 27.804174 0.309017 -28.173428 400.000000 -28.173428 0.003845 3.076086 0.951057 29.978546 400.000000 29.978546 0.016347 13.077570 0.368125 -11.679801 400.000000 -11.679801 0.002491 1.992420 -0.929776 14.769156 400.000000 14.769156
 11.200000 0.933401 0.358835 -0.930818 0.365483 1.203776 -1.196645 0.358835 0.933401 0.365483 -0.930818 0.496373 397.098748 0.309017 -28.173428 400.000000 -28.173428 0.062344 49.875443 0.951057 29.978546 400.000000 29.978546 0.001395 1.116310 0.368125 -11.679801 400.000000 -11.679801 0.000217 0.173544 -0.929776 14.769156 400.000000 14.769156
 11.400000 0.960642 0.277791 -0.930024 0.367498 1.289303 -1.194479 0.277791 0.960642 0.367498 -0.930024 0.195018 156.014582 0.309017 -28.173428 400.000000 -28.173428 0.018375 14.700019 0.951057 29.978546 400.000000 29.978546 0.000079 0.062816 0.368125 -11.679801 400.000000 -11.679801 0.000012 0.009828 -0.929776 14.769156 400.000000 14.769156
 11.600000 0.941490 0.337040 -0.938413 0.345515 1.227026 -1.218009 0.337040 0.941490 0.345515 -0.938413 0.157053 125.642327 0.309017 -28.173428 400.000000 -28.173428 0.018302 14.641437 0.951057 29.978546 400.000000 29.978546 0.102239 81.791339 0.368125 -11.679801 400.000000 -11.679801 0.014919 11.935018 -0.929776 14.769156 400.000000 14.769156
 11.800000 0.925445 0.378881 -0.948138 0.317860 1.182209 -1.247325 0.378881 0.925445 0.317860 -0.948138 0.976196 780.957068 0.309017 -28.173428 400.000000 -28.173428 0.131186 104.948745 0.951057 29.978546 400.000000 29.978546 0.505300 404.240267 0.368125 -11.679801 400.000000 -11.679801 0.067426 53.940766 -0.929776 14.769156 400.000000 14.769156
 12.000000 0.926254 0.376900 -0.922439 0.386142 1.184349 -1.174351 0.376900 0.926254 0.386142 -0.922439 0.921627 737.301258 0.309017 -28.173428 400.000000 -28.173428 0.123034 98.427447 0.951057 29.978546 400.000000 29.978546 0.064924 51.939483 0.368125 -11.679801 400.000000 -11.679801 0.010766 8.613187 -0.929776 14.769156 400.000000 14.769156
 12.200000 0.945289 0.326234 -0.915354 0.402650 1.238480 -1.156386 0.326234 0.945289 0.402650 -0.915354 0.059284 47.427048 0.309017 -28.173428 400.000000 -28.173428 0.006653 5.322082 0.951057 29.978546 400.000000 29.978546 0.238405 190.723610 0.368125 -11.679801 400.000000 -11.679801 0.041602 33.281687 -0.929776 14.769156 400.000000 14.769156
 12.400000 0.952755 0.303741 -0.903704 0.428157 1.262180 -1.128344 0.303741 0.952755 0.428157 -0.903704 0.005568 4.454207 0.309017 -28.173428 400.000000 -28.173428 0.000577 0.461424 0.951057 29.978546 400.000000 29.978546 0.720785 576.627637 0.368125 -11.679801 400.000000 -11.679801 0.135952 108.761781 -0.929776 14.769156 400.000000 14.769156
 12.600000 0.952109 0.305758 -0.922222 0.386660 1.260061 -1.173789 0.305758 0.952109 0.386660 -0.922222 0.002124 1.698867 0.309017 -28.173428 400.000000 -28.173428 0.000222 0.177272 0.951057 29.978546 400.000000 29.978546 0.068716 54.973006 0.368125 -11.679801 400.000000 -11.679801 0.011414 9.130925 -0.929776 14.769156 400.000000 14.769156
 12.800000 0.945746 0.324907 -0.925269 0.379312 1.239883 -1.181744 0.324907 0.945746 0.379312 -0.925269 0.050500 40.399701 0.309017 -28.173428 400.000000 -28.173428 0.005641 4.512410 0.951057 29.978546 400.000000 29.978546 0.025031 20.024901 0.368125 -11.679801 400.000000 -11.679801 0.004064 3.250946 -0.929776 14.769156 400.000000 14.769156
 13.000000 0.925395 0.379004 -0.931880 0.362768 1.182077 -1.199560 0.379004 0.925395 0.362768 -0.931880 0.979628 783.702200 0.309017 -28.173428 400.000000 -28.173428 0.131701 105.360858 0.951057 29.978546 400.000000 29.978546 0.005739 4.591161 0.368125 -11.679801 400.000000 -11.679801 0.000885 0.707670 -0.929776 14.769156 400.000000 14.769156
 13.200000 0.951911 0.306375 -0.918185 0.396151 1.259414 -1.163475 0.306375 0.951911 0.396151 -0.918185 0.001396 1.116684 0.309017 -28.173428 400.000000 -28.173428 0.000146 0.116781 0.951057 29.978546 400.000000 29.978546 0.157102 125.681421 0.368125 -11.679801 400.000000 -11.679801 0.026872 21.497386 -0.929776 14.769156 400.000000 14.769156
 13.400000 0.963770 0.266735 -0.923020 0.384751 1.300793 -1.175858 0.266735 0.963770 0.384751 -0.923020 0.357552 286.041712 0.309017 -28.173428 400.000000 -28.173428 0.032326 25.860777 0.951057 29.978546 400.000000 29.978546 0.055290 44.231874 0.368125 -11.679801 400.000000 -11.679801 0.009129 7.303424 -0.929776 14.769156 400.000000 14.769156
 13.600000 0.938210 0.346065 -0.903963 0.427610 1.217422 -1.128949 0.346065 0.938210 0.427610 -0.903963 0.274516 219.612931 0.309017 -28.173428 400.000000 -28.173428 0.033004 26.403595 0.951057 29.978546 400.000000 29.978546 0.707715 566.171647 0.368125 -11.679801 400.000000 -11.679801 0.133266 106.612892 -0.929776 14.769156 400.000000 14.769156
 13.800000 0.956002 0.293360 -0.936640 0.350292 1.273056 -1.212913 0.293360 0.956002 0.350292 -0.936640 0.049026 39.221117 0.309017 -28.173428 400.000000 -28.173428 0.004891 3.913174 0.951057 29.978546 400.000000 29.978546 0.063597 50.877371 0.368125 -11.679801 400.000000 -11.679801 0.009423 7.538077 -0.929776 14.769156 400.000000 14.769156
 14.000000 0.948452 0.316922 -0.923506 0.383585 1.248314 -1.177121 0.316922 0.948452 0.383585 -0.923506 0.012499 9.998893 0.309017 -28.173428 400.000000 -28.173428 0.001357 1.085760 0.951057 29.978546 400.000000 29.978546 0.047804 38.243273 0.368125 -11.679801 400.000000 -11.679801 0.007865 6.291757 -0.929776 14.769156 400.000000 14.769156
 14.200000 0.938008 0.346614 -0.902270 0.431172 1.216837 -1.125005 0.346614 0.938008 0.431172 -0.902270 0.282709 226.167470 0.309017 -28.173428 400.000000 -28.173428 0.034054 27.243056 0.951057 29.978546 400.000000 29.978546 0.794999 635.999170 0.368125 -11.679801 400.000000 -11.679801 0.151325 121.059734 -0.929776 14.769156 400.000000 14.769156
 14.400000 0.959699 0.281032 -0.922080 0.387000 1.285927 -1.173421 0.281032 0.959699 0.387000 -0.922080 0.156636 125.309088 0.309017 -28.173428 400.000000 -28.173428 0.014937 11.949456 0.951057 29.978546 400.000000 29.978546 0.071256 57.004580 0.368125 -11.679801 400.000000 -11.679801 0.011848 9.478340 -0.929776 14.769156 400.000000 14.769156
 14.600000 0.931704 0.363218 -0.903267 0.429078 1.199076 -1.127324 0.363218 0.931704 0.429078 -0.903267 0.587559 470.046939 0.309017 -28.173428 400.000000 -28.173428 0.074904 59.923037 0.951057 29.978546 400.000000 29.978546 0.743071 594.456514 0.368125 -11.679801 400.000000 -11.679801 0.140547 112.437721 -0.929776 14.769156 400.000000 14.769156
 14.800000 0.947609 0.319434 -0.931452 0.363865 1.245665 -1.198382 0.319434 0.947609 0.363865 -0.931452 0.021701 17.360849 0.309017 -28.173428 400.000000 -28.173428 0.002378 1.902026 0.951057 29.978546 400.000000 29.978546 0.003629 2.903064 0.368125 -11.679801 400.000000 -11.679801 0.000561 0.449022 -0.929776 14.769156 400.000000 14.769156
 15.000000 0.940580 0.339571 -0.911669 0.410926 1.224335 -1.147327 0.339571 0.940580 0.410926 -0.911669 0.186711 149.368979 0.309017 -28.173428 400.000000 -28.173428 0.021950 17.559934 0.951057 29.978546 400.000000 29.978546 0.366390 293.111722 0.368125 -11.679801 400.000000 -11.679801 0.065578 52.462216 -0.929776 14.769156 400.000000 14.769156
 15.200000 0.962303 0.271979 -0.927502 0.373818 1.295348 -1.187674 0.271979 0.962303 0.373818 -0.927502 0.274366 219.492532 0.309017 -28.173428 400.000000 -28.173428 0.025298 20.238226 0.951057 29.978546 400.000000 29.978546 0.006483 5.186225 0.368125 -11.679801 400.000000 -11.679801 0.001035 0.827633 -0.929776 14.769156 400.000000 14.769156
 15.400000 0.935340 0.353750 -0.923070 0.384632 1.209219 -1.175987 0.353750 0.935340 0.384632 -0.923070 0.400215 320.171692 0.309017 -28.173428 400.000000 -28.173428 0.049403 39.522028 0.951057 29.978546 400.000000 29.978546 0.054501 43.600612 0.368125 -11.679801 400.000000 -11.679801 0.008996 7.196530 -0.929776 14.769156 400.000000 14.769156
 15.600000 0.938050 0.346500 -0.923590 0.383381 1.216959 -1.177342 0.346500 0.938050 0.383381 -0.923590 0.281001 224.800499 0.309017 -28.173428 400.000000 -28.173428 0.033835 27.067793 0.951057 29.978546 400.000000 29.978546 0.046554 37.243392 0.368125 -11.679801 400.000000 -11.679801 0.007654 6.123383 -0.929776 14.769156 400.000000 14.769156
 15.800000 0.968406 0.249378 -0.920921 0.389749 1.318758 -1.170437 0.249378 0.968406 0.389749 -0.920921 0.711360 569.087646 0.309017 -28.173428 400.000000 -28.173428 0.060202 48.161831 0.951057 29.978546 400.000000 29.978546 0.093524 74.819460 0.368125 -11.679801 400.000000 -11.679801 0.015684 12.546925 -0.929776 14.769156 400.000000 14.769156
 16.000000 0.941822 0.336112 -0.917211 0.398403 1.228011 -1.161021 0.336112 0.941822 0.398403 -0.917211 0.146827 117.461481 0.309017 -28.173428 400.000000 -28.173428 0.017055 13.644039 0.951057 29.978546 400.000000 29.978546 0.183355 146.683635 0.368125 -11.679801 400.000000 -11.679801 0.031581 25.264417 -0.929776 14.769156 400.000000 14.769156
 16.200000 0.942107 0.335311 -0.935333 0.353770 1.228861 -1.209198 0.335311 0.942107 0.353770 -0.935333 0.138276 110.621148 0.309017 -28.173428 400.000000 -28.173428 0.016017 12.813740 0.951057 29.978546 400.000000 29.978546 0.041212 32.969205 0.368125 -11.679801 400.000000 -11.679801 0.006174 4.939095 -0.929776 14.769156 400.000000 14.769156
 16.400000 0.924935 0.380124 -0.917840 0.396950 1.180865 -1.162605 0.380124 0.924935 0.396950 -0.917840 1.011254 809.003438 0.309017 -28.173428 400.000000 -28.173428 0.136463 109.170479 0.951057 29.978546 400.000000 29.978546 0.166182 132.945550 0.368125 -11.679801 400.000000 -11.679801 0.028495 22.795946 -0.929776 14.769156 400.000000 14.769156
 16.600000 0.944817 0.327598 -0.943404 0.331645 1.237037 -1.232749 0.327598 0.944817 0.331645 -0.943404 0.069048 55.238238 0.309017 -28.173428 400.000000 -28.173428 0.007785 6.228366 0.951057 29.978546 400.000000 29.978546 0.266145 212.915659 0.368125 -11.679801 400.000000 -11.679801 0.037142 29.713854 -0.929776 14.769156 400.000000 14.769156
 16.800000 0.934918 0.354864 -0.929088 0.369858 1.208028 -1.191940 0.354864 0.934918 0.369858 -0.929088 0.420388 336.310103 0.309017 -28.173428 400.000000 -28.173428 0.052091 41.672410 0.951057 29.978546 400.000000 29.978546 0.000601 0.481042 0.368125 -11.679801 400.000000 -11.679801 0.000095 0.075819 -0.929776 14.769156 400.000000 14.769156
 17.000000 0.962653 0.270737 -0.908354 0.418201 1.296638 -1.139332 0.270737 0.962653 0.418201 -0.908354 0.293071 234.456761 0.309017 -28.173428 400.000000 -28.173428 0.026897 21.517813 0.951057 29.978546 400.000000 29.978546 0.501532 401.225693 0.368125 -11.679801 400.000000 -11.679801 0.091781 73.424454 -0.929776 14.769156 400.000000 14.769156
 17.200000 0.959631 0.281264 -0.906608 0.421974 1.285686 -1.135174 0.281264 0.959631 0.421974 -0.906608 0.154049 123.239184 0.309017 -28.173428 400.000000 -28.173428 0.014703 11.762154 0.951057 29.978546 400.000000 29.978546 0.579963 463.970471 0.368125 -11.679801 400.000000 -11.679801 0.107358 85.886780 -0.929776 14.769156 400.000000 14.769156
 17.400000 0.943796 0.330528 -0.921743 0.387801 1.233934 -1.172552 0.330528 0.943796 0.387801 -0.921743 0.092542 74.033327 0.309017 -28.173428 400.000000 -28.173428 0.010542 8.433698 0.951057 29.978546 400.000000 29.978546 0.077432 61.945960 0.368125 -11.679801 400.000000 -11.679801 0.012907 10.325579 -0.929776 14.769156 400.000000 14.769156
 17.600000 0.948479 0.316839 -0.946064 0.323981 1.248401 -1.240862 0.316839 0.948479 0.323981 -0.946064 0.012237 9.789725 0.309017 -28.173428 400.000000 -28.173428 0.001328 1.062734 0.951057 29.978546 400.000000 29.978546 0.389735 311.788059 0.368125 -11.679801 400.000000 -11.679801 0.053054 42.443596 -0.929776 14.769156 400.000000 14.769156
 17.800000 0.890910 0.454181 -0.952378 0.304921 1.099344 -1.260941 0.454181 0.890910 0.304921 -0.952378 4.214505 3371.603768 0.309017 -28.173428 400.000000 -28.173428 0.723532 578.825251 0.951057 29.978546 400.000000 29.978546 0.798937 639.149372 0.368125 -11.679801 400.000000 -11.679801 0.102162 81.729902 -0.929776 14.769156 400.000000 14.769156
 18.000000 0.955953 0.293518 -0.952599 0.304230 1.272891 -1.261666 0.293518 0.955953 0.304230 -0.952599 0.048042 38.433669 0.309017 -28.173428 400.000000 -28.173428 0.004796 3.836815 0.951057 29.978546 400.000000 29.978546 0.816502 653.201749 0.368125 -11.679801 400.000000 -11.679801 0.104170 83.335825 -0.929776 14.769156 400.000000 14.769156
 18.200000 0.945790 0.324778 -0.907587 0.419863 1.240019 -1.137501 0.324778 0.945790 0.419863 -0.907587 0.049681 39.744798 0.309017 -28.173428 400.000000 -28.173428 0.005547 4.437243 0.951057 29.978546 400.000000 29.978546 0.535382 428.305940 0.368125 -11.679801 400.000000 -11.679801 0.098472 78.777645 -0.929776 14.769156 400.000000 14.769156
 18.400000 0.928484 0.371373 -0.924284 0.381706 1.190309 -1.179155 0.371373 0.928484 0.381706 -0.924284 0.777657 622.125865 0.309017 -28.173428 400.000000 -28.173428 0.101906 81.525036 0.951057 29.978546 400.000000 29.978546 0.036891 29.512573 0.368125 -11.679801 400.000000 -11.679801 0.006034 4.827092 -0.929776 14.769156 400.000000 14.769156
 18.600000 0.959741 0.280887 -0.942683 0.333690 1.286078 -1.230581 0.280887 0.959741 0.333690 -0.942683 0.158263 126.610612 0.309017 -28.173428 400.000000 -28.173428 0.015084 12.067101 0.951057 29.978546 400.000000 29.978546 0.237152 189.721394 0.368125 -11.679801 400.000000 -11.679801 0.033315 26.652370 -0.929776 14.769156 400.000000 14.769156
 18.800000 0.950224 0.311569 -0.897847 0.440308 1.253952 -1.114854 0.311569 0.950224 0.440308 -0.897847 0.001303 1.042083 0.309017 -28.173428 400.000000 -28.173428 0.000139 0.111023 0.951057 29.978546 400.000000 29.978546 1.042095 833.675647 0.368125 -11.679801 400.000000 -11.679801 0.203902 163.121627 -0.929776 14.769156 400.000000 14.769156
 19.000000 0.957823 0.287358 -0.917768 0.397116 1.279329 -1.162424 0.287358 0.957823 0.397116 -0.917768 0.093824 75.059490 0.309017 -28.173428 400.000000 -28.173428 0.009158 7.326338 0.951057 29.978546 400.000000 29.978546 0.168105 134.484216 0.368125 -11.679801 400.000000 -11.679801 0.028840 23.071603 -0.929776 14.769156 400.000000 14.769156
 19.200000 0.959774 0.280775 -0.904018 0.427495 1.286195 -1.129076 0.280775 0.959774 0.427495 -0.904018 0.159520 127.615827 0.309017 -28.173428 400.000000 -28.173428 0.015197 12.157897 0.951057 29.978546 400.000000 29.978546 0.704975 563.979615 0.368125 -11.679801 400.000000 -11.679801 0.132704 106.163044 -0.929776 14.769156 400.000000 14.769156
 19.400000 0.965460 0.260551 -0.931221 0.364455 1.307204 -1.197748 0.260551 0.965460 0.364455 -0.931221 0.469798 375.838296 0.309017 -28.173428 400.000000 -28.173428 0.041493 33.194520 0.951057 29.978546 400.000000 29.978546 0.002693 2.154018 0.368125 -11.679801 400.000000 -11.679801 0.000417 0.333786 -0.929776 14.769156 400.000000 14.769156
 19.600000 0.938526 0.345208 -0.925269 0.379310 1.218336 -1.181745 0.345208 0.938526 0.379310 -0.925269 0.261960 209.567687 0.309017 -28.173428 400.000000 -28.173428 0.031402 25.121580 0.951057 29.978546 400.000000 29.978546 0.025025 20.019858 0.368125 -11.679801 400.000000 -11.679801 0.004063 3.250113 -0.929776 14.769156 400.000000 14.769156
 19.800000 0.962508 0.271252 -0.937238 0.348690 1.296102 -1.214624 0.271252 0.962508 0.348690 -0.937238 0.285232 228.185840 0.309017 -28.173428 400.000000 -28.173428 0.026228 20.982719 0.951057 29.978546 400.000000 29.978546 0.075543 60.434781 0.368125 -11.679801 400.000000 -11.679801 0.011136 8.908500 -0.929776 14.769156 400.000000 14.769156
 20.000000 0.957004 0.290076 -0.930650 0.365912 1.276490 -1.196184 0.290076 0.957004 0.365912 -0.930650 0.071750 57.400002 0.309017 -28.173428 400.000000 -28.173428 0.007073 5.658701 0.951057 29.978546 400.000000 29.978546 0.000979 0.783451 0.368125 -11.679801 400.000000 -11.679801 0.000152 0.121961 -0.929776 14.769156 400.000000 14.769156
