#! FIELDS time sin_phi cos_phi sin_psi cos_psi phi psi cos_phi sin_phi cos_psi sin_psi restraint_phi_cos.bias restraint_phi_cos.force2 restraint_phi_cos.cos_phi_cntr restraint_phi_cos.cos_phi_work restraint_phi_cos.cos_phi_kappa restraint_phi_cos.work restraint_phi_sin.bias restraint_phi_sin.force2 restraint_phi_sin.sin_phi_cntr restraint_phi_sin.sin_phi_work restraint_phi_sin.sin_phi_kappa restraint_phi_sin.work restraint_psi_cos.bias restraint_psi_cos.force2 restraint_psi_cos.cos_psi_cntr restraint_psi_cos.cos_psi_work restraint_psi_cos.cos_psi_kappa restraint_psi_cos.work restraint_psi_sin.bias restraint_psi_sin.force2 restraint_psi_sin.sin_psi_cntr restraint_psi_sin.sin_psi_work restraint_psi_sin.sin_psi_kappa restraint_psi_sin.work
#! SET min_phi -pi
#! SET max_phi pi
#! SET min_psi -pi
#! SET max_psi pi
 0.000000 -0.999983 -0.005782 0.966116 0.258110 -1.576579 1.309731 -0.005782 -0.999983 0.258110 0.966116 0.000000 0.000000 -0.009747 0.000000 0.000000 0.000000 0.000000 0.000000 -0.999953 0.000000 0.000000 0.000000 0.000000 0.000000 0.256142 0.000000 0.000000 0.000000 0.000000 0.000000 0.966639 0.000000 0.000000 0.000000
 0.200000 -0.999140 -0.041465 0.905017 0.425375 -1.612273 1.131421 -0.041465 -0.999140 0.425375 0.905017 0.020122 1.609727 -0.009747 0.662366 40.000000 0.662366 0.000013 0.001056 -0.999953 0.011529 40.000000 0.011529 0.572791 45.823258 0.256142 0.576361 40.000000 0.576361 0.075945 6.075570 0.966639 0.088549 40.000000 0.088549
 0.400000 -0.998868 -0.047565 0.956080 0.293105 -1.618379 1.273324 -0.047565 -0.998868 0.293105 0.956080 0.057208 9.153290 -0.009747 0.801257 80.000000 0.801257 0.000047 0.007525 -0.999953 0.011985 80.000000 0.011985 0.054649 8.743777 0.256142 0.735565 80.000000 0.735565 0.004459 0.713515 0.966639 0.099440 80.000000 0.099440
 0.600000 -0.997967 0.063731 0.981907 0.189363 -1.507022 1.380283 0.063731 -0.997967 0.189363 0.981907 0.323936 77.744754 -0.009747 0.886968 120.000000 0.886968 0.000237 0.056761 -0.999953 0.012279 120.000000 0.012279 0.267568 64.216434 0.256142 0.965554 120.000000 0.965554 0.013987 3.356842 0.966639 0.123244 120.000000 0.123244
 0.800000 -0.993237 0.116106 0.966930 0.255042 -1.454428 1.312905 0.116106 -0.993237 0.255042 0.966930 1.267110 405.475174 -0.009747 0.947160 160.000000 0.947160 0.003608 1.154570 -0.999953 0.012346 160.000000 0.012346 0.000097 0.031013 0.256142 1.077492 160.000000 1.077492 0.000007 0.002168 0.966639 0.133965 160.000000 0.133965
 1.000000 -0.995766 0.091921 0.976040 0.217589 -1.478745 1.351452 0.091921 -0.995766 0.217589 0.976040 1.033630 413.451895 -0.009747 1.048433 200.000000 1.048433 0.001752 0.700972 -0.999953 0.012636 200.000000 0.012636 0.148634 59.453599 0.256142 1.117662 200.000000 1.117662 0.008839 3.535417 0.966639 0.136762 200.000000 0.136762
 1.200000 -0.998339 0.057616 0.982473 0.186407 -1.513149 1.383292 0.057616 -0.998339 0.186407 0.982473 0.544521 261.370219 -0.009747 1.108176 240.000000 1.108176 0.000312 0.149986 -0.999953 0.012787 240.000000 0.012787 0.583555 280.106540 0.256142 1.161201 240.000000 1.161201 0.030084 14.440233 0.966639 0.140227 240.000000 0.140227
 1.400000 -0.997552 0.069926 0.946014 0.324125 -1.500813 1.240709 0.069926 -0.997552 0.324125 0.946014 0.888678 497.659653 -0.009747 1.170239 280.000000 1.170239 0.000807 0.451703 -0.999953 0.012956 280.000000 0.012956 0.647034 362.339286 0.256142 1.205116 280.000000 1.205116 0.059554 33.350295 0.966639 0.144050 280.000000 0.144050
 1.600000 -0.999690 0.024895 0.961321 0.275432 -1.545899 1.291757 0.024895 -0.999690 0.275432 0.961321 0.192008 122.885252 -0.009747 1.219964 320.000000 1.219964 0.000011 0.007053 -0.999953 0.013014 320.000000 0.013014 0.059534 38.101702 0.256142 1.269732 320.000000 1.269732 0.004526 2.896520 0.966639 0.148948 320.000000 0.148948
 1.800000 -0.999539 -0.030368 0.959785 0.280736 -1.601169 1.286235 -0.030368 -0.999539 0.280736 0.959785 0.076545 55.112573 -0.009747 1.248325 360.000000 1.248325 0.000031 0.022183 -0.999953 0.013049 360.000000 0.013049 0.108875 78.389934 0.256142 1.295117 360.000000 1.295117 0.008456 6.088479 0.966639 0.150759 360.000000 0.150759
 2.000000 -0.999242 -0.038932 0.964151 0.265353 -1.609738 1.302226 -0.038932 -0.999242 0.265353 0.964151 0.170358 136.286607 -0.009747 1.286725 400.000000 1.286725 0.000101 0.080801 -0.999953 0.013076 400.000000 0.013076 0.016967 13.573231 0.256142 1.318601 400.000000 1.318601 0.001238 0.990179 0.966639 0.152522 400.000000 0.152522
 2.200000 -0.999744 0.022637 0.941349 0.337434 -1.548158 1.226607 0.022637 -0.999744 0.337434 0.941349 0.579611 463.688433 -0.031197 1.367391 400.000000 1.367391 0.153736 122.988924 -0.972019 0.158322 400.000000 0.158322 0.041587 33.269478 0.351854 1.170701 400.000000 1.170701 0.007729 6.183586 0.935133 0.134315 400.000000 0.134315
 2.400000 -0.999997 -0.002627 0.920309 0.391191 -1.573423 1.168871 -0.002627 -0.999997 0.391191 0.920309 0.500419 400.335083 -0.052647 1.466378 400.000000 1.466378 0.625224 500.179224 -0.944085 0.616639 400.000000 0.616639 0.106415 85.131881 0.368125 1.271016 400.000000 1.271016 0.017925 14.340139 0.929776 0.147075 400.000000 0.147075
 2.600000 -0.998556 -0.053714 0.956114 0.292995 -1.624537 1.273438 -0.053714 -0.998556 0.292995 0.956114 0.083098 66.478473 -0.074098 1.501901 400.000000 1.501901 1.358128 1086.502442 -0.916151 1.369488 400.000000 1.369488 1.128884 903.106948 0.368125 1.271016 400.000000 1.271016 0.138732 110.985582 0.929776 0.147075 400.000000 0.147075
 2.800000 -0.998779 -0.049397 0.927008 0.375042 -1.620213 1.186354 -0.049397 -0.998779 0.375042 0.927008 0.425999 340.799471 -0.095548 1.567854 400.000000 1.567854 2.444795 1955.835754 -0.888217 2.419115 400.000000 2.419115 0.009570 7.656205 0.368125 1.271016 400.000000 1.271016 0.001533 1.226487 0.929776 0.147075 400.000000 0.147075
 3.000000 -0.992902 -0.118933 0.934014 0.357236 -1.690011 1.205490 -0.118933 -0.992902 0.357236 0.934014 0.000748 0.598485 -0.116999 1.635705 400.000000 1.635705 3.517557 2814.045880 -0.860283 3.761632 400.000000 3.761632 0.023714 18.971013 0.368125 1.271016 400.000000 1.271016 0.003592 2.873450 0.929776 0.147075 400.000000 0.147075
 3.200000 -0.994790 -0.101948 0.913466 0.406915 -1.672922 1.151722 -0.101948 -0.994790 0.406915 0.913466 0.266468 213.174379 -0.138449 1.537031 400.000000 1.537031 5.277365 4221.891654 -0.832349 5.363781 400.000000 5.363781 0.300934 240.747525 0.368125 1.271016 400.000000 1.271016 0.053205 42.564168 0.929776 0.147075 400.000000 0.147075
 3.400000 -0.991771 -0.128026 0.938689 0.344766 -1.699175 1.218807 -0.128026 -0.991771 0.344766 0.938689 0.203184 162.547521 -0.159900 1.432149 400.000000 1.432149 7.020387 5616.309429 -0.804416 7.231884 400.000000 7.231884 0.109125 87.299976 0.368125 1.271016 400.000000 1.271016 0.015885 12.708367 0.929776 0.147075 400.000000 0.147075
 3.600000 -0.984402 -0.175934 0.914178 0.405313 -1.747650 1.153475 -0.175934 -0.984402 0.405313 0.914178 0.005868 4.694738 -0.181350 1.274157 400.000000 1.274157 8.646163 6916.930590 -0.776482 9.366082 400.000000 9.366082 0.276595 221.276205 0.368125 1.271016 400.000000 1.271016 0.048663 38.930032 0.929776 0.147075 400.000000 0.147075
 3.800000 -0.969063 -0.246814 0.932649 0.360785 -1.820188 1.201687 -0.246814 -0.969063 0.360785 0.932649 0.387437 309.949816 -0.202801 0.992395 400.000000 0.992395 9.725354 7780.283440 -0.748548 11.727247 400.000000 11.727247 0.010775 8.619990 0.368125 1.271016 400.000000 1.271016 0.001650 1.320370 0.929776 0.147075 400.000000 0.147075
 4.000000 -0.949871 -0.312642 0.923460 0.383695 -1.888770 1.177002 -0.312642 -0.949871 0.383695 0.923460 1.562582 1250.065814 -0.224251 0.491648 400.000000 0.491648 10.511742 8409.393421 -0.720614 14.264206 400.000000 14.264206 0.048490 38.791736 0.368125 1.271016 400.000000 1.271016 0.007980 6.384182 0.929776 0.147075 400.000000 0.147075
 4.200000 -0.960429 -0.278525 0.915081 0.403269 -1.853054 1.155710 -0.278525 -0.960429 0.403269 0.915081 0.215466 172.372890 -0.245702 0.069978 400.000000 0.069978 14.337882 11470.305643 -0.692680 17.074453 400.000000 17.074453 0.247030 197.623610 0.368125 1.271016 400.000000 1.271016 0.043189 34.551369 0.929776 0.147075 400.000000 0.147075
 4.400000 -0.931525 -0.363676 0.936767 0.349953 -1.943008 1.213275 -0.363676 -0.931525 0.349953 0.936767 1.863376 1490.700846 -0.267152 -0.645730 400.000000 -0.645730 14.234195 11387.356223 -0.664746 19.990997 400.000000 19.990997 0.066037 52.829992 0.368125 1.271016 400.000000 1.271016 0.009774 7.818935 0.929776 0.147075 400.000000 0.147075
 4.600000 -0.945074 -0.326855 0.948467 0.316876 -1.903771 1.248362 -0.326855 -0.945074 0.316876 0.948467 0.292651 234.120926 -0.288603 -1.531823 400.000000 -1.531823 19.005058 15204.046562 -0.636813 23.037375 400.000000 23.037375 0.525279 420.223365 0.368125 1.271016 400.000000 1.271016 0.069866 55.893142 0.929776 0.147075 400.000000 0.147075
 4.800000 -0.895193 -0.445679 0.930047 0.367441 -2.032729 1.194540 -0.445679 -0.895193 0.367441 0.930047 3.678888 2943.110015 -0.310053 -2.556475 400.000000 -2.556475 16.395121 13116.097181 -0.608879 26.216871 400.000000 26.216871 0.000093 0.074714 0.368125 1.271016 400.000000 1.271016 0.000015 0.011687 0.929776 0.147075 400.000000 0.147075
 5.000000 -0.881143 -0.472849 0.921668 0.387980 -2.063318 1.172357 -0.472849 -0.881143 0.387980 0.921668 3.995712 3196.569341 -0.331504 -3.741166 400.000000 -3.741166 18.023806 14419.045027 -0.580945 29.484174 400.000000 29.484174 0.078849 63.078838 0.368125 1.271016 400.000000 1.271016 0.013150 10.520254 0.929776 0.147075 400.000000 0.147075
 5.200000 -0.801115 -0.598510 0.928739 0.370734 -2.212436 1.190997 -0.598510 -0.801115 0.370734 0.928739 12.059536 9647.628710 -0.352954 -5.221358 400.000000 -5.221358 12.311128 9848.902185 -0.553011 32.717937 400.000000 32.717937 0.001362 1.089217 0.368125 1.271016 400.000000 1.271016 0.000215 0.172149 0.929776 0.147075 400.000000 0.147075
 5.400000 -0.800389 -0.599481 0.946887 0.321566 -2.213649 1.243413 -0.599481 -0.800389 0.321566 0.946887 10.131870 8105.495930 -0.374405 -6.756823 400.000000 -6.756823 15.159297 12127.437680 -0.525077 36.052685 400.000000 36.052685 0.433537 346.829685 0.368125 1.271016 400.000000 1.271016 0.058555 46.843802 0.929776 0.147075 400.000000 0.147075
 5.600000 -0.800119 -0.599842 0.939529 0.342469 -2.214100 1.221252 -0.599842 -0.800119 0.342469 0.939529 8.322108 6657.686636 -0.395855 -8.493243 400.000000 -8.493243 18.358782 14687.025671 -0.497143 39.368352 400.000000 39.368352 0.131639 105.311080 0.368125 1.271016 400.000000 1.271016 0.019022 15.217956 0.929776 0.147075 400.000000 0.147075
 5.800000 -0.808694 -0.588230 0.932965 0.359967 -2.199665 1.202564 -0.588230 -0.808694 0.359967 0.932965 5.843022 4674.417741 -0.417306 -10.538498 400.000000 -10.538498 23.049881 18439.904653 -0.469210 42.487241 400.000000 42.487241 0.013310 10.648250 0.368125 1.271016 400.000000 1.271016 0.002034 1.626839 0.929776 0.147075 400.000000 0.147075
 6.000000 -0.687684 -0.726010 0.942144 0.335208 -2.383298 1.228970 -0.726010 -0.687684 0.335208 0.942144 16.502958 13202.366050 -0.438756 -12.684201 400.000000 -12.684201 12.143405 9714.723733 -0.441276 45.586914 400.000000 45.586914 0.216694 173.355506 0.368125 1.271016 400.000000 1.271016 0.030591 24.472864 0.929776 0.147075 400.000000 0.147075
 6.200000 -0.681438 -0.731876 0.942426 0.334415 -2.391868 1.229812 -0.731876 -0.681438 0.334415 0.942426 14.760871 11808.696920 -0.460207 -14.963288 400.000000 -14.963288 14.375047 11500.037868 -0.413342 48.596047 400.000000 48.596047 0.227265 181.812261 0.368125 1.271016 400.000000 1.271016 0.032001 25.601139 0.929776 0.147075 400.000000 0.147075
 6.400000 -0.662882 -0.748724 0.941415 0.337252 -2.416931 1.226800 -0.748724 -0.662882 0.337252 0.941415 14.264886 11411.908672 -0.481657 -17.383165 400.000000 -17.383165 15.398395 12318.715650 -0.385408 51.466226 400.000000 51.466226 0.190628 152.502798 0.368125 1.271016 400.000000 1.271016 0.027089 21.671203 0.929776 0.147075 400.000000 0.147075
 6.600000 -0.565553 -0.824712 0.913280 0.407333 -2.540489 1.151265 -0.824712 -0.565553 0.407333 0.913280 20.685882 16548.705619 -0.503108 -19.958949 400.000000 -19.958949 8.659332 6927.465310 -0.357474 54.109642 400.000000 54.109642 0.307458 245.966643 0.368125 1.271016 400.000000 1.271016 0.054428 43.542658 0.929776 0.147075 400.000000 0.147075
 6.800000 -0.562970 -0.826477 0.933131 0.359536 -2.543618 1.203026 -0.826477 -0.562970 0.359536 0.933131 18.231039 14584.831598 -0.524558 -22.600092 400.000000 -22.600092 10.897868 8718.294714 -0.329540 56.626563 400.000000 56.626563 0.014752 11.801846 0.368125 1.271016 400.000000 1.271016 0.002251 1.800632 0.929776 0.147075 400.000000 0.147075
 7.000000 -0.533282 -0.845938 0.933247 0.359236 -2.579117 1.203347 -0.845938 -0.533282 0.359236 0.933247 17.991489 14393.190822 -0.546009 -25.329755 400.000000 -25.329755 10.734671 8587.737071 -0.301607 58.914712 400.000000 58.914712 0.015801 12.640827 0.368125 1.271016 400.000000 1.271016 0.002409 1.926808 0.929776 0.147075 400.000000 0.147075
 7.200000 -0.493212 -0.869909 0.924858 0.380314 -2.625814 1.180661 -0.869909 -0.493212 0.380314 0.924858 18.295172 14636.137271 -0.567459 -28.105301 400.000000 -28.105301 9.639534 7711.627273 -0.273673 60.984921 400.000000 60.984921 0.029715 23.771877 0.368125 1.271016 400.000000 1.271016 0.004839 3.871319 0.929776 0.147075 400.000000 0.147075
 7.400000 -0.410236 -0.911979 0.932971 0.359952 -2.718879 1.202580 -0.911979 -0.410236 0.359952 0.932971 20.874793 16699.834395 -0.588910 -30.872868 400.000000 -30.872868 5.411885 4329.507814 -0.245739 62.906393 400.000000 62.906393 0.013358 10.686436 0.368125 1.271016 400.000000 1.271016 0.002041 1.632598 0.929776 0.147075 400.000000 0.147075
 7.600000 -0.327998 -0.944679 0.933790 0.357823 -2.807410 1.204861 -0.944679 -0.327998 0.357823 0.933790 22.353773 17883.018571 -0.610360 -33.651483 400.000000 -33.651483 2.428472 1942.777410 -0.217805 64.567846 400.000000 64.567846 0.021225 16.980312 0.368125 1.271016 400.000000 1.271016 0.003221 2.576714 0.929776 0.147075 400.000000 0.147075
 7.800000 -0.350351 -0.936618 0.944530 0.328426 -2.783646 1.236159 -0.936618 -0.350351 0.328426 0.944530 18.581556 14865.245162 -0.631811 -36.377480 400.000000 -36.377480 5.150770 4120.616321 -0.189871 66.109783 400.000000 66.109783 0.315190 252.151714 0.368125 1.271016 400.000000 1.271016 0.043531 34.824638 0.929776 0.147075 400.000000 0.147075
 8.000000 -0.293345 -0.956007 0.927208 0.374546 -2.843869 1.186889 -0.956007 -0.293345 0.374546 0.927208 18.330982 14664.785823 -0.653261 -39.067025 400.000000 -39.067025 3.453585 2762.867613 -0.161937 67.393177 400.000000 67.393177 0.008248 6.598217 0.368125 1.271016 400.000000 1.271016 0.001319 1.055365 0.929776 0.147075 400.000000 0.147075
 8.200000 -0.198061 -0.980190 0.948181 0.317732 -2.942213 1.247460 -0.980190 -0.198061 0.317732 0.948181 18.663372 14930.697412 -0.674712 -41.680724 400.000000 -41.680724 0.820680 656.543926 -0.134004 68.466795 400.000000 68.466795 0.507890 406.311975 0.368125 1.271016 400.000000 1.271016 0.067743 54.194389 0.929776 0.147075 400.000000 0.147075
 8.400000 -0.117882 -0.993028 0.936070 0.351815 -3.023436 1.211287 -0.993028 -0.117882 0.351815 0.936070 17.625837 14100.669379 -0.696162 -44.170689 400.000000 -44.170689 0.027906 22.324439 -0.106070 69.515748 400.000000 69.515748 0.053202 42.561251 0.368125 1.271016 400.000000 1.271016 0.007921 6.336575 0.929776 0.147075 400.000000 0.147075
 8.600000 -0.131811 -0.991275 0.958763 0.284207 -3.009397 1.282618 -0.991275 -0.131811 0.284207 0.958763 14.978225 11982.580353 -0.717612 -46.558747 400.000000 -46.558747 0.576192 460.953215 -0.078136 70.338302 400.000000 70.338302 1.408447 1126.757809 0.368125 1.271016 400.000000 1.271016 0.168045 134.435674 0.929776 0.147075 400.000000 0.147075
 8.800000 -0.128019 -0.991772 0.954107 0.299465 -3.013221 1.266664 -0.991772 -0.128019 0.299465 0.954107 12.772339 10217.871012 -0.739063 -48.811291 400.000000 -48.811291 1.211098 968.878396 -0.050202 71.025350 400.000000 71.025350 0.942820 754.256054 0.368125 1.271016 400.000000 1.271016 0.118397 94.717454 0.929776 0.147075 400.000000 0.147075
 9.000000 -0.002715 -0.999996 0.927791 0.373099 -3.138877 1.188449 -0.999996 -0.002715 0.373099 0.927791 11.470407 9176.325567 -0.760513 -50.913341 400.000000 -50.913341 0.076463 61.170570 -0.022268 71.623025 400.000000 71.623025 0.004949 3.959552 0.368125 1.271016 400.000000 1.271016 0.000788 0.630457 0.929776 0.147075 400.000000 0.147075
 9.200000 -0.014004 -0.999902 0.948127 0.317891 -3.127588 1.247292 -0.999902 -0.014004 0.317891 0.948127 9.499393 7599.514754 -0.781964 -52.856905 400.000000 -52.856905 0.077379 61.902912 0.005666 72.133716 400.000000 72.133716 0.504687 403.749853 0.368125 1.271016 400.000000 1.271016 0.067351 53.880704 0.929776 0.147075 400.000000 0.147075
 9.400000 -0.001432 -0.999999 0.937325 0.348456 -3.140161 1.214873 -0.999999 -0.001432 0.348456 0.937325 7.729096 6183.277126 -0.803414 -54.622703 400.000000 -54.622703 0.245439 196.351375 0.033599 72.564421 400.000000 72.564421 0.077370 61.895849 0.368125 1.271016 400.000000 1.271016 0.011396 9.117080 0.929776 0.147075 400.000000 0.147075
 9.600000 0.055682 -0.998449 0.938950 0.344052 3.085882 1.219567 -0.998449 0.055682 0.344052 0.938950 6.026256 4821.004493 -0.824865 -56.206762 400.000000 -56.206762 0.006847 5.477758 0.061533 72.940786 400.000000 72.940786 0.115895 92.715789 0.368125 1.271016 400.000000 1.271016 0.016832 13.465972 0.929776 0.147075 400.000000 0.147075
 9.800000 0.104207 -0.994556 0.912728 0.408567 3.037196 1.149913 -0.994556 0.104207 0.408567 0.912728 4.395033 3516.026679 -0.846315 -57.600320 400.000000 -57.600320 0.043453 34.762459 0.089467 73.271187 400.000000 73.271187 0.327120 261.695806 0.368125 1.271016 400.000000 1.271016 0.058128 46.502551 0.929776 0.147075 400.000000 0.147075
 10.000000 0.049544 -0.998772 0.917815 0.397008 3.092028 1.162541 -0.998772 0.049544 0.397008 0.917815 3.432517 2746.013494 -0.867766 -58.800361 400.000000 -58.800361 0.920906 736.724520 0.117401 73.590891 400.000000 73.590891 0.166856 133.484762 0.368125 1.271016 400.000000 1.271016 0.028616 22.892524 0.929776 0.147075 400.000000 0.147075
 10.200000 0.180660 -0.983546 0.944228 0.329293 2.959935 1.235242 -0.983546 0.180660 0.329293 0.944228 1.779603 1423.682320 -0.889216 -59.788008 400.000000 -59.788008 0.249572 199.657293 0.145335 73.894822 400.000000 73.894822 0.301582 241.265307 0.368125 1.271016 400.000000 1.271016 0.041769 33.414820 0.929776 0.147075 400.000000 0.147075
 10.400000 0.191755 -0.981443 0.926522 0.376240 2.948643 1.185062 -0.981443 0.191755 0.376240 0.926522 1.001848 801.478260 -0.910667 -60.562291 400.000000 -60.562291 0.068350 54.679701 0.173269 74.174088 400.000000 74.174088 0.013171 10.536752 0.368125 1.271016 400.000000 1.271016 0.002118 1.694267 0.929776 0.147075 400.000000 0.147075
 10.600000 0.228331 -0.973583 0.949407 0.314049 2.911229 1.251341 -0.973583 0.228331 0.314049 0.949407 0.343888 275.110755 -0.932117 -61.124630 400.000000 -61.124630 0.147196 117.756522 0.201202 74.507533 400.000000 74.507533 0.584832 467.865690 0.368125 1.271016 400.000000 1.271016 0.077070 61.655631 0.929776 0.147075 400.000000 0.147075
 10.800000 0.222785 -0.974868 0.930998 0.365026 2.916923 1.197136 -0.974868 0.222785 0.365026 0.930998 0.090737 72.589271 -0.953568 -61.467449 400.000000 -61.467449 0.008068 6.454520 0.229136 74.872557 400.000000 74.872557 0.001921 1.536626 0.368125 1.271016 400.000000 1.271016 0.000298 0.238543 0.929776 0.147075 400.000000 0.147075
 11.000000 0.251305 -0.967908 0.939118 0.343594 2.887564 1.220056 -0.967908 0.251305 0.343594 0.939118 0.000091 0.072960 -0.968583 -61.578888 400.000000 -61.578888 0.001368 1.094414 0.248690 75.179040 400.000000 75.179040 0.120354 96.283573 0.368125 1.271016 400.000000 1.271016 0.017455 13.963632 0.929776 0.147075 400.000000 0.147075
 11.200000 0.198636 -0.980073 0.942546 0.334077 2.941627 1.230170 -0.980073 0.198636 0.334077 0.942546 0.026405 21.124153 -0.968583 -61.578888 400.000000 -61.578888 0.501086 400.869166 0.248690 75.179040 400.000000 75.179040 0.231844 185.474820 0.368125 1.271016 400.000000 1.271016 0.032611 26.088415 0.929776 0.147075 400.000000 0.147075
 11.400000 0.162040 -0.986784 0.923418 0.383796 2.978835 1.176893 -0.986784 0.162040 0.383796 0.923418 0.066255 53.004065 -0.968583 -61.578888 400.000000 -61.578888 1.501629 1201.302920 0.248690 75.179040 400.000000 75.179040 0.049120 39.295831 0.368125 1.271016 400.000000 1.271016 0.008086 6.469171 0.929776 0.147075 400.000000 0.147075
 11.600000 0.183312 -0.983055 0.949285 0.314417 2.957238 1.250954 -0.983055 0.183312 0.314417 0.949285 0.041885 33.508230 -0.968583 -61.578888 400.000000 -61.578888 0.854847 683.877229 0.248690 75.179040 400.000000 75.179040 0.576897 461.517352 0.368125 1.271016 400.000000 1.271016 0.076116 60.892597 0.929776 0.147075 400.000000 0.147075
 11.800000 0.210831 -0.977522 0.917628 0.397440 2.929167 1.162071 -0.977522 0.210831 0.397440 0.917628 0.015982 12.785850 -0.968583 -61.578888 400.000000 -61.578888 0.286656 229.325088 0.248690 75.179040 400.000000 75.179040 0.171878 137.502028 0.368125 1.271016 400.000000 1.271016 0.029516 23.612855 0.929776 0.147075 400.000000 0.147075
 12.000000 0.232095 -0.972693 0.943297 0.331949 2.907362 1.232427 -0.972693 0.232095 0.331949 0.943297 0.003378 2.702730 -0.968583 -61.578888 400.000000 -61.578888 0.055079 44.063193 0.248690 75.179040 400.000000 75.179040 0.261731 209.385156 0.368125 1.271016 400.000000 1.271016 0.036562 29.249854 0.929776 0.147075 400.000000 0.147075
 12.200000 0.257712 -0.966222 0.934680 0.355489 2.880939 1.207359 -0.966222 0.257712 0.355489 0.934680 0.001115 0.892264 -0.968583 -61.578888 400.000000 -61.578888 0.016281 13.024956 0.248690 75.179040 400.000000 75.179040 0.031931 25.544879 0.368125 1.271016 400.000000 1.271016 0.004810 3.847801 0.929776 0.147075 400.000000 0.147075
 12.400000 0.216645 -0.976250 0.930391 0.366569 2.923216 1.195478 -0.976250 0.216645 0.366569 0.930391 0.011757 9.405781 -0.968583 -61.578888 400.000000 -61.578888 0.205370 164.296318 0.248690 75.179040 400.000000 75.179040 0.000484 0.387163 0.368125 1.271016 400.000000 1.271016 0.000075 0.060395 0.929776 0.147075 400.000000 0.147075
 12.600000 0.246061 -0.969254 0.932116 0.362160 2.892978 1.200213 -0.969254 0.246061 0.362160 0.932116 0.000090 0.072077 -0.968583 -61.578888 400.000000 -61.578888 0.001382 1.105748 0.248690 75.179040 400.000000 75.179040 0.007116 5.692849 0.368125 1.271016 400.000000 1.271016 0.001095 0.875799 0.929776 0.147075 400.000000 0.147075
 12.800000 0.183409 -0.983037 0.946624 0.322341 2.957140 1.242595 -0.983037 0.183409 0.322341 0.946624 0.041781 33.425128 -0.968583 -61.578888 400.000000 -61.578888 0.852331 681.864694 0.248690 75.179040 400.000000 75.179040 0.419222 335.377697 0.368125 1.271016 400.000000 1.271016 0.056765 45.411691 0.929776 0.147075 400.000000 0.147075
 13.000000 0.245265 -0.969456 0.937275 0.348592 2.893800 1.214728 -0.969456 0.245265 0.348592 0.937275 0.000152 0.121932 -0.968583 -61.578888 400.000000 -61.578888 0.002346 1.877026 0.248690 75.179040 400.000000 75.179040 0.076305 61.044101 0.368125 1.271016 400.000000 1.271016 0.011244 8.995515 0.929776 0.147075 400.000000 0.147075
 13.200000 0.267087 -0.963672 0.936802 0.349859 2.871224 1.213376 -0.963672 0.267087 0.349859 0.936802 0.004823 3.858471 -0.968583 -61.578888 400.000000 -61.578888 0.067691 54.152759 0.248690 75.179040 400.000000 75.179040 0.066726 53.380448 0.368125 1.271016 400.000000 1.271016 0.009873 7.898027 0.929776 0.147075 400.000000 0.147075
 13.400000 0.200166 -0.979762 0.945303 0.326194 2.940065 1.238522 -0.979762 0.200166 0.326194 0.945303 0.024993 19.994453 -0.968583 -61.578888 400.000000 -61.578888 0.470909 376.727212 0.248690 75.179040 400.000000 75.179040 0.351636 281.308561 0.368125 1.271016 400.000000 1.271016 0.048214 38.571016 0.929776 0.147075 400.000000 0.147075
 13.600000 0.182745 -0.983160 0.941779 0.336233 2.957815 1.227882 -0.983160 0.182745 0.336233 0.941779 0.042499 33.999365 -0.968583 -61.578888 400.000000 -61.578888 0.869754 695.803225 0.248690 75.179040 400.000000 75.179040 0.203417 162.733833 0.368125 1.271016 400.000000 1.271016 0.028812 23.049342 0.929776 0.147075 400.000000 0.147075
 13.800000 0.174093 -0.984729 0.928464 0.371422 2.966608 1.190256 -0.984729 0.174093 0.371422 0.928464 0.052139 41.710979 -0.968583 -61.578888 400.000000 -61.578888 1.112932 890.345252 0.248690 75.179040 400.000000 75.179040 0.002175 1.739899 0.368125 1.271016 400.000000 1.271016 0.000344 0.275582 0.929776 0.147075 400.000000 0.147075
 14.000000 0.189320 -0.981916 0.947118 0.320887 2.951123 1.244131 -0.981916 0.189320 0.320887 0.947118 0.035550 28.440259 -0.968583 -61.578888 400.000000 -61.578888 0.704965 563.972285 0.248690 75.179040 400.000000 75.179040 0.446282 357.025587 0.368125 1.271016 400.000000 1.271016 0.060143 48.114117 0.929776 0.147075 400.000000 0.147075
 14.200000 0.159698 -0.987166 0.917229 0.398359 2.981208 1.161069 -0.987166 0.159698 0.398359 0.917229 0.069064 55.251243 -0.968583 -61.578888 400.000000 -61.578888 1.583920 1267.135734 0.248690 75.179040 400.000000 75.179040 0.182829 146.262865 0.368125 1.271016 400.000000 1.271016 0.031486 25.188574 0.929776 0.147075 400.000000 0.147075
 14.400000 0.192879 -0.981223 0.916965 0.398968 2.947498 1.160405 -0.981223 0.192879 0.398968 0.916965 0.031951 25.560862 -0.968583 -61.578888 400.000000 -61.578888 0.622977 498.381333 0.248690 75.179040 400.000000 75.179040 0.190268 152.214732 0.368125 1.271016 400.000000 1.271016 0.032828 26.262774 0.929776 0.147075 400.000000 0.147075
 14.600000 0.163867 -0.986482 0.915709 0.401842 2.976983 1.157269 -0.986482 0.163867 0.401842 0.915709 0.064077 51.261302 -0.968583 -61.578888 400.000000 -61.578888 1.438978 1151.182626 0.248690 75.179040 400.000000 75.179040 0.227373 181.898765 0.368125 1.271016 400.000000 1.271016 0.039579 31.663011 0.929776 0.147075 400.000000 0.147075
 14.800000 0.168185 -0.985755 0.914848 0.403799 2.972604 1.155131 -0.985755 0.168185 0.403799 0.914848 0.058977 47.181835 -0.968583 -61.578888 400.000000 -61.578888 1.296202 1036.961440 0.248690 75.179040 400.000000 75.179040 0.254534 203.626915 0.368125 1.271016 400.000000 1.271016 0.044574 35.658904 0.929776 0.147075 400.000000 0.147075
 15.000000 0.207179 -0.978303 0.941457 0.337134 2.932902 1.226925 -0.978303 0.207179 0.337134 0.941457 0.018895 15.115984 -0.968583 -61.578888 400.000000 -61.578888 0.344625 275.700129 0.248690 75.179040 400.000000 75.179040 0.192080 153.663739 0.368125 1.271016 400.000000 1.271016 0.027285 21.827936 0.929776 0.147075 400.000000 0.147075
 15.200000 0.260062 -0.965592 0.925193 0.379497 2.878506 1.181544 -0.965592 0.260062 0.379497 0.925193 0.001790 1.431619 -0.968583 -61.578888 400.000000 -61.578888 0.025865 20.692214 0.248690 75.179040 400.000000 75.179040 0.025865 20.691933 0.368125 1.271016 400.000000 1.271016 0.004201 3.361172 0.929776 0.147075 400.000000 0.147075
 15.400000 0.213216 -0.977005 0.953897 0.300134 2.926728 1.265963 -0.977005 0.213216 0.300134 0.953897 0.014186 11.348838 -0.968583 -61.578888 400.000000 -61.578888 0.251685 201.347862 0.248690 75.179040 400.000000 75.179040 0.924530 739.623885 0.368125 1.271016 400.000000 1.271016 0.116359 93.087080 0.929776 0.147075 400.000000 0.147075
 15.600000 0.190409 -0.981705 0.907984 0.419006 2.950014 1.138446 -0.981705 0.190409 0.419006 0.907984 0.034436 27.548985 -0.968583 -61.578888 400.000000 -61.578888 0.679344 543.474800 0.248690 75.179040 400.000000 75.179040 0.517782 414.225636 0.368125 1.271016 400.000000 1.271016 0.094987 75.989362 0.929776 0.147075 400.000000 0.147075
 15.800000 0.112804 -0.993617 0.940790 0.338989 3.028548 1.224955 -0.993617 0.112804 0.338989 0.940790 0.125341 100.272927 -0.968583 -61.578888 400.000000 -61.578888 3.692992 2954.393809 0.248690 75.179040 400.000000 75.179040 0.169779 135.823534 0.368125 1.271016 400.000000 1.271016 0.024261 19.409149 0.929776 0.147075 400.000000 0.147075
 16.000000 0.193743 -0.981052 0.938791 0.344487 2.946616 1.219104 -0.981052 0.193743 0.344487 0.938791 0.031096 24.876526 -0.968583 -61.578888 400.000000 -61.578888 0.603825 483.060026 0.248690 75.179040 400.000000 75.179040 0.111748 89.398101 0.368125 1.271016 400.000000 1.271016 0.016253 13.002183 0.929776 0.147075 400.000000 0.147075
 16.200000 0.229641 -0.973276 0.906863 0.421425 2.909884 1.135781 -0.973276 0.229641 0.421425 0.906863 0.004404 3.522918 -0.968583 -61.578888 400.000000 -61.578888 0.072576 58.060635 0.248690 75.179040 400.000000 75.179040 0.568182 454.545548 0.368125 1.271016 400.000000 1.271016 0.105002 84.001664 0.929776 0.147075 400.000000 0.147075
 16.400000 0.223257 -0.974760 0.934363 0.356322 2.916438 1.206467 -0.974760 0.223257 0.356322 0.934363 0.007630 6.103728 -0.968583 -61.578888 400.000000 -61.578888 0.129365 103.492181 0.248690 75.179040 400.000000 75.179040 0.027858 22.286327 0.368125 1.271016 400.000000 1.271016 0.004207 3.365851 0.929776 0.147075 400.000000 0.147075
 16.600000 0.196562 -0.980491 0.923889 0.382661 2.943743 1.178122 -0.980491 0.196562 0.382661 0.923889 0.028361 22.689194 -0.968583 -61.578888 400.000000 -61.578888 0.543469 434.775454 0.248690 75.179040 400.000000 75.179040 0.042259 33.807254 0.368125 1.271016 400.000000 1.271016 0.006932 5.545982 0.929776 0.147075 400.000000 0.147075
 16.800000 0.171591 -0.985168 0.920745 0.390164 2.969148 1.169987 -0.985168 0.171591 0.390164 0.920745 0.055013 44.010552 -0.968583 -61.578888 400.000000 -61.578888 1.188848 951.078014 0.248690 75.179040 400.000000 75.179040 0.097146 77.716660 0.368125 1.271016 400.000000 1.271016 0.016312 13.049517 0.929776 0.147075 400.000000 0.147075
 17.000000 0.176156 -0.984362 0.891685 0.452657 2.964512 1.101054 -0.984362 0.176156 0.452657 0.891685 0.049796 39.836587 -0.968583 -61.578888 400.000000 -61.578888 1.052226 841.780728 0.248690 75.179040 400.000000 75.179040 1.429142 1143.313491 0.368125 1.271016 400.000000 1.271016 0.290195 232.156291 0.929776 0.147075 400.000000 0.147075
 17.200000 0.181356 -0.983417 0.941573 0.336809 2.959227 1.227270 -0.983417 0.181356 0.336809 0.941573 0.044011 35.209032 -0.968583 -61.578888 400.000000 -61.578888 0.906763 725.410500 0.248690 75.179040 400.000000 75.179040 0.196128 156.902037 0.368125 1.271016 400.000000 1.271016 0.027831 22.264643 0.929776 0.147075 400.000000 0.147075
 17.400000 0.221971 -0.975053 0.938060 0.346473 2.917757 1.216988 -0.975053 0.221971 0.346473 0.938060 0.008372 6.697805 -0.968583 -61.578888 400.000000 -61.578888 0.142776 114.220934 0.248690 75.179040 400.000000 75.179040 0.093761 75.008585 0.368125 1.271016 400.000000 1.271016 0.013724 10.978826 0.929776 0.147075 400.000000 0.147075
 17.600000 0.248795 -0.968556 0.915282 0.402813 2.890157 1.156208 -0.968556 0.248795 0.402813 0.915282 0.000000 0.000116 -0.968583 -61.578888 400.000000 -61.578888 0.000002 0.001761 0.248690 75.179040 400.000000 75.179040 0.240654 192.523091 0.368125 1.271016 400.000000 1.271016 0.042016 33.612472 0.929776 0.147075 400.000000 0.147075
 17.800000 0.142725 -0.989762 0.935637 0.352965 2.998379 1.210058 -0.989762 0.142725 0.352965 0.935637 0.089712 71.769826 -0.968583 -61.578888 400.000000 -61.578888 2.245725 1796.580177 0.248690 75.179040 400.000000 75.179040 0.045962 36.769756 0.368125 1.271016 400.000000 1.271016 0.006868 5.494386 0.929776 0.147075 400.000000 0.147075
 18.000000 0.107441 -0.994212 0.929901 0.367809 3.033944 1.194145 -0.994212 0.107441 0.367809 0.929901 0.131362 105.089892 -0.968583 -61.578888 400.000000 -61.578888 3.990270 3192.216063 0.248690 75.179040 400.000000 75.179040 0.000020 0.015930 0.368125 1.271016 400.000000 1.271016 0.000003 0.002495 0.929776 0.147075 400.000000 0.147075
 18.200000 0.139504 -0.990222 0.917926 0.396752 3.001633 1.162820 -0.990222 0.139504 0.396752 0.917926 0.093644 74.915328 -0.968583 -61.578888 400.000000 -61.578888 2.384331 1907.465098 0.248690 75.179040 400.000000 75.179040 0.163909 131.127075 0.368125 1.271016 400.000000 1.271016 0.028088 22.470430 0.929776 0.147075 400.000000 0.147075
 18.400000 0.184269 -0.982876 0.916494 0.400049 2.956265 1.159226 -0.982876 0.184269 0.400049 0.916494 0.040856 32.684886 -0.968583 -61.578888 400.000000 -61.578888 0.830008 664.006550 0.248690 75.179040 400.000000 75.179040 0.203829 163.063273 0.368125 1.271016 400.000000 1.271016 0.035285 28.228240 0.929776 0.147075 400.000000 0.147075
 18.600000 0.201915 -0.979403 0.901025 0.433768 2.938280 1.122126 -0.979403 0.201915 0.433768 0.901025 0.023414 18.731392 -0.968583 -61.578888 400.000000 -61.578888 0.437583 350.066506 0.248690 75.179040 400.000000 75.179040 0.861800 689.439684 0.368125 1.271016 400.000000 1.271016 0.165332 132.265226 0.929776 0.147075 400.000000 0.147075
 18.800000 0.133280 -0.991078 0.937139 0.348957 3.007915 1.214338 -0.991078 0.133280 0.348957 0.937139 0.101207 80.965542 -0.968583 -61.578888 400.000000 -61.578888 2.663872 2131.097348 0.248690 75.179040 400.000000 75.179040 0.073477 58.781218 0.368125 1.271016 400.000000 1.271016 0.010840 8.672153 0.929776 0.147075 400.000000 0.147075
 19.000000 0.221438 -0.975174 0.927672 0.373397 2.918304 1.188129 -0.975174 0.221438 0.373397 0.927672 0.008689 6.951278 -0.968583 -61.578888 400.000000 -61.578888 0.148534 118.827539 0.248690 75.179040 400.000000 75.179040 0.005559 4.447058 0.368125 1.271016 400.000000 1.271016 0.000886 0.708739 0.929776 0.147075 400.000000 0.147075
 19.200000 0.190461 -0.981695 0.924706 0.380681 2.949961 1.180263 -0.981695 0.190461 0.380681 0.924706 0.034383 27.506033 -0.968583 -61.578888 400.000000 -61.578888 0.678114 542.491414 0.248690 75.179040 400.000000 75.179040 0.031534 25.227428 0.368125 1.271016 400.000000 1.271016 0.005141 4.113067 0.929776 0.147075 400.000000 0.147075
 19.400000 0.251958 -0.967738 0.927130 0.374739 2.886889 1.186681 -0.967738 0.251958 0.374739 0.927130 0.000143 0.114265 -0.968583 -61.578888 400.000000 -61.578888 0.002137 1.709239 0.248690 75.179040 400.000000 75.179040 0.008751 7.000541 0.368125 1.271016 400.000000 1.271016 0.001400 1.120391 0.929776 0.147075 400.000000 0.147075
 19.600000 0.138409 -0.990375 0.941977 0.335677 3.002738 1.228472 -0.990375 0.138409 0.335677 0.941977 0.094979 75.982893 -0.968583 -61.578888 400.000000 -61.578888 2.432390 1945.911796 0.248690 75.179040 400.000000 75.179040 0.210566 168.452853 0.368125 1.271016 400.000000 1.271016 0.029771 23.816708 0.929776 0.147075 400.000000 0.147075
 19.800000 0.131400 -0.991329 0.930551 0.366163 3.009812 1.195914 -0.991329 0.131400 0.366163 0.930551 0.103479 82.782918 -0.968583 -61.578888 400.000000 -61.578888 2.751387 2201.109682 0.248690 75.179040 400.000000 75.179040 0.000770 0.615626 0.368125 1.271016 400.000000 1.271016 0.000120 0.095911 0.929776 0.147075 400.000000 0.147075
 20.000000 0.218203 -0.975903 0.933934 0.357445 2.921620 1.205265 -0.975903 0.218203 0.357445 0.933934 0.010717 8.573832 -0.968583 -61.578888 400.000000 -61.578888 0.185892 148.713597 0.248690 75.179040 400.000000 75.179040 0.022809 18.247561 0.368125 1.271016 400.000000 1.271016 0.003457 2.765708 0.929776 0.147075 400.000000 0.147075
